NCE,NSV,NCAS,A_SVD,AP_SVD,APP_SVD,APS_SVD,TVE_SV,VN_SV,DENL,TIPL,ZONA,CODL,ION,EMIL
1,1,2,1370,1118,1054,64,1111,7,MUNICIPIUL ALBA IULIA,,7,,387,724
1,2,2,1120,936,781,155,931,5,MUNICIPIUL ALBA IULIA,,7,,266,665
1,3,2,1355,1054,1019,35,1047,7,MUNICIPIUL ALBA IULIA,,7,,356,691
1,4,2,1426,1192,1096,96,1190,2,MUNICIPIUL ALBA IULIA,,7,,338,852
1,5,2,1205,1023,856,167,1019,4,MUNICIPIUL ALBA IULIA,,7,,312,707
1,6,2,1219,1022,951,71,1021,1,MUNICIPIUL ALBA IULIA,,7,,265,756
1,7,2,1307,1076,997,79,1072,4,MUNICIPIUL ALBA IULIA,,7,,319,753
1,8,2,1347,1044,923,121,1042,2,MUNICIPIUL ALBA IULIA,,7,,304,738
1,9,2,1454,1162,939,223,1157,5,MUNICIPIUL ALBA IULIA,,7,,294,863
1,10,2,1224,871,794,77,870,1,MUNICIPIUL ALBA IULIA,,7,,259,611
1,11,2,1202,837,677,160,833,4,MUNICIPIUL ALBA IULIA,,7,,189,644
1,12,2,1096,775,712,63,771,4,MUNICIPIUL ALBA IULIA,,7,,157,614
1,13,2,1187,860,813,47,856,4,MUNICIPIUL ALBA IULIA,,7,,216,640
1,14,2,1214,918,724,194,915,3,MUNICIPIUL ALBA IULIA,,7,,180,735
1,15,2,1238,1018,809,209,1016,2,MUNICIPIUL ALBA IULIA,,7,,244,772
1,16,2,1395,1200,1090,110,1197,3,MUNICIPIUL ALBA IULIA,,7,,270,927
1,17,2,1128,849,821,28,847,2,MUNICIPIUL ALBA IULIA,,7,,318,529
1,18,2,1157,911,860,51,907,4,MUNICIPIUL ALBA IULIA,,7,,303,604
1,19,2,1421,946,882,64,943,3,MUNICIPIUL ALBA IULIA,,7,,216,727
1,20,2,1323,1017,958,59,1015,2,MUNICIPIUL ALBA IULIA,,7,,266,749
1,21,2,1390,1007,983,24,1003,4,MUNICIPIUL ALBA IULIA,,7,,278,725
1,22,2,1129,1074,1012,62,1070,4,MUNICIPIUL ALBA IULIA,,7,,213,857
1,23,2,1320,1018,980,38,1012,6,MUNICIPIUL ALBA IULIA,,7,,208,804
1,24,2,1227,896,843,53,894,2,MUNICIPIUL ALBA IULIA,,7,,223,671
1,25,2,1427,1038,953,85,1031,7,MUNICIPIUL ALBA IULIA,,7,,267,764
1,26,2,1321,955,899,56,954,1,MUNICIPIUL ALBA IULIA,,7,,236,718
1,27,2,1318,1025,957,68,1024,1,MUNICIPIUL ALBA IULIA,,7,,231,793
1,28,2,1193,938,889,49,933,5,MUNICIPIUL ALBA IULIA,,7,,210,723
1,29,2,1475,1162,1132,30,1158,4,MUNICIPIUL ALBA IULIA,,7,,280,878
1,30,2,1552,1096,1053,43,1086,10,MUNICIPIUL ALBA IULIA,,7,,311,775
1,31,2,1585,1308,1231,77,1308,0,MUNICIPIUL ALBA IULIA,,7,,274,1034
1,32,2,1702,1393,1235,158,1385,8,MUNICIPIUL ALBA IULIA,,7,,271,1114
1,33,2,1485,995,886,109,991,4,MUNICIPIUL ALBA IULIA,,7,,142,849
1,34,2,1406,1095,1032,63,1088,7,MUNICIPIUL ALBA IULIA,,7,,239,849
1,35,2,1493,1153,1103,50,1147,6,MUNICIPIUL ALBA IULIA,,7,,153,994
1,36,2,1619,1212,1119,93,1207,5,MUNICIPIUL ALBA IULIA,,7,,189,1018
1,37,2,1437,1062,1009,53,1056,6,MUNICIPIUL ALBA IULIA,,7,,162,894
1,38,2,1502,1234,1127,107,1229,5,MUNICIPIUL ALBA IULIA,,7,,343,886
1,39,2,1218,1024,931,93,1013,11,MUNICIPIUL ALBA IULIA,,7,,361,652
1,40,2,612,423,367,56,417,6,MUNICIPIUL ALBA IULIA,,7,,107,310
1,41,2,853,797,710,87,790,7,MUNICIPIUL ALBA IULIA,,7,,256,534
1,42,2,569,508,443,65,503,5,MUNICIPIUL ALBA IULIA,,7,,131,372
1,43,2,513,497,465,32,489,8,MUNICIPIUL ALBA IULIA,,7,,194,295
1,44,2,0,248,0,248,247,1,MUNICIPIUL ALBA IULIA,,7,,118,129
1,45,2,0,668,0,668,665,3,MUNICIPIUL ALBA IULIA,,7,,194,471
1,46,2,0,210,0,210,210,0,MUNICIPIUL ALBA IULIA,,7,,32,178
1,47,2,1953,1609,1399,210,1602,7,MUNICIPIUL AIUD,,7,,574,1028
1,48,2,1557,1283,1136,147,1274,9,MUNICIPIUL AIUD,,7,,538,736
1,49,2,1905,1460,1223,237,1454,6,MUNICIPIUL AIUD,,7,,534,920
1,50,2,1668,1323,1190,133,1321,2,MUNICIPIUL AIUD,,7,,570,751
1,51,2,1502,1111,972,139,1105,6,MUNICIPIUL AIUD,,7,,340,765
1,52,2,977,812,685,127,809,3,MUNICIPIUL AIUD,,7,,277,532
1,53,2,1527,1492,1056,436,1485,7,MUNICIPIUL AIUD,,7,,502,983
1,54,2,1829,1426,1307,119,1422,4,MUNICIPIUL AIUD,,7,,498,924
1,55,2,1663,1368,1227,141,1358,10,MUNICIPIUL AIUD,,7,,531,827
1,56,2,1620,1313,1163,150,1300,13,MUNICIPIUL AIUD,,7,,456,844
1,57,2,1695,1392,1234,158,1379,13,MUNICIPIUL AIUD,,7,,473,906
1,58,2,451,399,313,86,394,5,MUNICIPIUL AIUD,,7,,202,192
1,59,2,534,460,400,60,455,5,MUNICIPIUL AIUD,,7,,156,299
1,60,2,1011,875,774,101,867,8,MUNICIPIUL AIUD,,7,,303,564
1,61,2,567,507,424,83,504,3,MUNICIPIUL AIUD,,7,,206,298
1,62,2,404,390,298,92,386,4,MUNICIPIUL AIUD,,7,,183,203
1,63,2,378,353,277,76,350,3,MUNICIPIUL AIUD,,7,,161,189
1,64,2,378,386,363,23,386,0,MUNICIPIUL AIUD,,7,,80,306
1,65,2,1289,1075,942,133,1070,5,MUNICIPIUL BLAJ,,7,,281,789
1,66,2,1494,1183,1060,123,1177,6,MUNICIPIUL BLAJ,,7,,434,743
1,67,2,1637,1282,1165,117,1279,3,MUNICIPIUL BLAJ,,7,,439,840
1,68,2,1407,1167,936,231,1162,5,MUNICIPIUL BLAJ,,7,,324,838
1,69,2,1529,1196,1077,119,1192,4,MUNICIPIUL BLAJ,,7,,378,814
1,70,2,1665,1349,1259,90,1343,6,MUNICIPIUL BLAJ,,7,,452,891
1,71,2,1515,1342,1066,276,1336,6,MUNICIPIUL BLAJ,,7,,463,873
1,72,2,1883,1385,1283,102,1381,4,MUNICIPIUL BLAJ,,7,,479,902
1,73,2,1834,1460,1311,149,1438,22,MUNICIPIUL BLAJ,,7,,400,1038
1,74,2,1420,1126,975,151,1118,8,MUNICIPIUL BLAJ,,7,,319,799
1,75,2,705,527,484,43,527,0,MUNICIPIUL BLAJ,,7,,222,305
1,76,2,476,425,383,42,425,0,MUNICIPIUL BLAJ,,7,,8,417
1,77,2,2351,1846,1645,201,1824,22,ORAS ABRUD,,7,,1053,771
1,78,2,2200,1789,1442,347,1780,9,ORAS ABRUD,,7,,826,954
1,79,2,80,80,68,12,80,0,ORAS ABRUD,,7,,34,46
1,80,2,1285,961,758,203,951,10,ORAS CAMPENI,,7,,503,448
1,81,2,1726,1254,1165,89,1245,9,ORAS CAMPENI,,7,,643,602
1,82,2,1416,1165,962,203,1152,13,ORAS CAMPENI,,7,,583,569
1,83,2,672,477,413,64,470,7,ORAS CAMPENI,,7,,204,266
1,84,2,568,384,321,63,383,1,ORAS CAMPENI,,7,,169,214
1,85,2,690,304,267,37,301,3,ORAS CAMPENI,,7,,167,134
1,86,2,297,282,165,117,278,4,ORAS CAMPENI,,7,,167,111
1,87,2,187,146,136,10,145,1,ORAS CAMPENI,,7,,71,74
1,88,2,2096,1416,1335,81,1411,5,ORAS CUGIR,,7,,591,820
1,89,2,1578,1169,1038,131,1162,7,ORAS CUGIR,,7,,503,659
1,90,2,1668,1196,1118,78,1190,6,ORAS CUGIR,,7,,495,695
1,91,2,1378,1097,936,161,1090,7,ORAS CUGIR,,7,,416,674
1,92,2,1305,1005,980,25,1000,5,ORAS CUGIR,,7,,429,571
1,93,2,1163,924,756,168,918,6,ORAS CUGIR,,7,,370,548
1,94,2,1559,1088,1060,28,1086,2,ORAS CUGIR,,7,,516,570
1,95,2,1512,1247,1077,170,1245,2,ORAS CUGIR,,7,,546,699
1,96,2,1323,1143,892,251,1133,10,ORAS CUGIR,,7,,546,587
1,97,2,1800,1165,1023,142,1153,12,ORAS CUGIR,,7,,453,700
1,98,2,1518,1022,934,88,1017,5,ORAS CUGIR,,7,,494,523
1,99,2,1318,916,853,63,913,3,ORAS CUGIR,,7,,426,487
1,100,2,1200,1003,885,118,992,11,ORAS CUGIR,,7,,410,582
1,101,2,1281,908,814,94,906,2,ORAS CUGIR,,7,,381,525
1,102,2,1324,1055,840,215,1051,4,ORAS CUGIR,,7,,406,645
1,103,2,929,775,627,148,768,7,ORAS CUGIR,,7,,341,427
1,104,2,976,742,622,120,728,14,ORAS CUGIR,,7,,391,337
1,105,2,101,117,100,17,117,0,ORAS CUGIR,,7,,62,55
1,106,2,2044,1430,1404,26,1422,8,ORAS OCNA MURES,,7,,451,971
1,107,2,2135,1690,1618,72,1684,6,ORAS OCNA MURES,,7,,471,1213
1,108,2,734,566,541,25,563,3,ORAS OCNA MURES,,7,,196,367
1,109,2,1158,926,895,31,922,4,ORAS OCNA MURES,,7,,375,547
1,110,2,1186,996,934,62,990,6,ORAS OCNA MURES,,7,,279,711
1,111,2,1485,1242,1118,124,1237,5,ORAS OCNA MURES,,7,,370,867
1,112,2,1093,844,793,51,837,7,ORAS OCNA MURES,,7,,380,457
1,113,2,1079,836,796,40,822,14,ORAS OCNA MURES,,7,,318,504
1,114,2,770,574,530,44,565,9,ORAS OCNA MURES,,7,,265,300
1,115,2,1202,1012,892,120,1007,5,ORAS OCNA MURES,,7,,466,541
1,116,2,964,702,660,42,699,3,ORAS SEBES,,7,,242,457
1,117,2,1384,1034,913,121,1024,10,ORAS SEBES,,7,,319,705
1,118,2,1964,1334,1263,71,1331,3,ORAS SEBES,,7,,359,972
1,119,2,934,767,656,111,760,7,ORAS SEBES,,7,,225,535
1,120,2,1988,1484,1437,47,1478,6,ORAS SEBES,,7,,435,1043
1,121,2,1480,1128,1014,114,1122,6,ORAS SEBES,,7,,344,778
1,122,2,1871,1376,1245,131,1368,8,ORAS SEBES,,7,,371,997
1,123,2,1262,1191,956,235,1186,5,ORAS SEBES,,7,,370,816
1,124,2,1536,1159,1114,45,1103,11,ORAS SEBES,,7,,318,785
1,125,2,1721,1241,1109,132,1236,5,ORAS SEBES,,7,,287,949
1,126,2,1887,1339,1163,176,1335,4,ORAS SEBES,,7,,299,1036
1,127,2,946,798,666,132,795,3,ORAS SEBES,,7,,205,590
1,128,2,1173,892,798,94,889,3,ORAS SEBES,,7,,238,651
1,129,2,1341,1033,828,205,1026,7,ORAS SEBES,,7,,271,755
1,130,2,1512,1387,1022,365,1374,13,ORAS SEBES,,7,,369,1005
1,131,2,666,540,433,107,539,1,ORAS SEBES,,7,,222,317
1,132,2,205,189,0,189,189,0,ORAS SEBES,,7,,60,129
1,133,2,1379,1051,952,99,1043,8,ORAS TEIUS,,7,,344,699
1,134,2,1343,1049,998,51,1044,5,ORAS TEIUS,,7,,357,687
1,135,2,1344,919,827,92,911,8,ORAS TEIUS,,7,,293,618
1,136,2,827,982,624,358,970,12,ORAS TEIUS,,7,,316,654
1,137,2,205,160,141,19,159,1,ORAS TEIUS,,7,,76,83
1,138,2,241,196,168,28,194,2,ORAS TEIUS,,7,,50,144
1,139,2,225,183,156,27,181,2,ORAS TEIUS,,7,,82,99
1,140,2,1375,1068,917,151,1060,8,ORAS ZLATNA,,7,,536,524
1,141,2,2217,1852,1582,270,1840,12,ORAS ZLATNA,,7,,681,1159
1,142,2,1245,889,825,64,882,7,ORAS ZLATNA,,7,,421,461
1,143,2,871,443,398,45,440,3,ORAS ZLATNA,,7,,227,213
1,144,2,492,382,338,44,380,2,ORAS ZLATNA,,7,,229,151
1,145,2,487,289,261,28,286,3,ORAS ZLATNA,,7,,125,161
1,146,2,398,326,292,34,326,0,ORAS ZLATNA,,7,,179,147
1,147,2,1291,810,710,100,804,6,ALBAC,,7,,417,387
1,148,2,444,284,242,42,281,3,ALBAC,,7,,172,109
1,149,2,179,130,98,32,127,3,ALBAC,,7,,69,58
1,150,2,388,248,219,29,247,1,ALMASU MARE,,7,,129,118
1,151,2,413,328,235,93,324,4,ALMASU MARE,,7,,156,168
1,152,2,180,135,111,24,133,2,ALMASU MARE,,7,,74,59
1,153,2,350,225,206,19,222,3,ALMASU MARE,,7,,104,118
1,154,2,205,164,146,18,164,0,ALMASU MARE,,7,,82,82
1,155,2,1233,938,886,52,925,13,ARIESENI,,7,,698,227
1,156,2,88,85,73,12,84,1,ARIESENI,,7,,77,7
1,157,2,212,154,129,25,154,0,ARIESENI,,7,,91,63
1,158,2,1004,688,565,123,682,6,AVRAM IANCU,,7,,239,443
1,159,2,797,598,498,100,586,12,AVRAM IANCU,,7,,284,302
1,160,2,1147,846,723,123,843,3,BAIA DE ARIES,,7,,422,421
1,161,2,1435,1173,981,192,1171,2,BAIA DE ARIES,,7,,456,715
1,162,2,248,184,151,33,184,0,BAIA DE ARIES,,7,,92,92
1,163,2,315,253,219,34,252,1,BAIA DE ARIES,,7,,92,160
1,164,2,372,276,241,35,275,1,BAIA DE ARIES,,7,,154,121
1,165,2,443,426,306,120,419,7,BERGHIN,,7,,167,252
1,166,2,578,402,373,29,395,7,BERGHIN,,7,,155,240
1,167,2,383,308,271,37,308,0,BERGHIN,,7,,128,180
1,168,2,316,249,202,47,249,0,BERGHIN,,7,,83,166
1,169,2,2070,1573,1360,213,1565,8,BISTRA,,7,,994,571
1,170,2,1014,622,573,49,616,6,BISTRA,,7,,377,239
1,171,2,657,392,361,31,391,1,BISTRA,,7,,270,121
1,172,2,515,425,361,64,420,5,BLANDIANA,,7,,123,297
1,173,2,401,276,253,23,273,3,BLANDIANA,,7,,144,129
1,174,2,52,43,29,14,43,0,BLANDIANA,,7,,9,34
1,175,2,489,366,291,75,366,0,BUCIUM,,7,,235,131
1,176,2,482,343,295,48,339,4,BUCIUM,,7,,187,152
1,177,2,299,227,192,35,224,3,BUCIUM,,7,,94,130
1,178,2,367,240,214,26,232,8,BUCIUM,,7,,132,100
1,179,2,765,540,460,80,530,10,CENADE,,7,,126,404
1,180,2,836,618,541,77,614,4,CERGAU,,7,,327,287
1,181,2,323,265,215,50,262,3,CERGAU,,7,,107,155
1,182,2,334,246,197,49,242,4,CERGAU,,7,,111,131
1,183,2,364,194,165,29,190,4,CERU-BACAINTI,,7,,81,109
1,184,2,1808,1401,1309,92,1385,16,CETATEA DE BALTA,,7,,597,788
1,185,2,234,185,166,19,183,2,CETATEA DE BALTA,,7,,58,125
1,186,2,597,419,364,55,407,12,CETATEA DE BALTA,,7,,275,132
1,187,2,514,501,417,84,496,5,CIUGUD,,7,,209,287
1,188,2,538,477,383,94,475,2,CIUGUD,,7,,186,289
1,189,2,420,375,318,57,371,4,CIUGUD,,7,,119,252
1,190,2,350,309,251,58,306,3,CIUGUD,,7,,123,183
1,191,2,1209,768,740,28,761,7,CIURULEASA,,7,,414,347
1,192,2,823,576,470,106,573,3,CALNIC,,7,,208,365
1,193,2,1033,843,773,70,835,8,CALNIC,,7,,243,592
1,194,2,423,326,295,31,321,5,CALNIC,,7,,62,259
1,195,2,926,720,607,113,711,9,CRICAU,,7,,263,448
1,196,2,265,236,207,29,233,3,CRICAU,,7,,84,149
1,197,2,358,279,232,47,279,0,CRICAU,,7,,98,181
1,198,2,1543,1247,1102,145,1239,8,CRACIUNELU DE JOS,,7,,518,721
1,199,2,1715,1268,1180,88,1244,24,CRACIUNELU DE JOS,,7,,393,851
1,200,2,2383,1592,1525,67,1572,20,DAIA ROMANA,,7,,730,842
1,201,2,574,395,359,36,388,7,DOSTAT,,7,,190,198
1,202,2,268,240,194,46,239,1,DOSTAT,,7,,104,135
1,203,2,595,404,375,29,400,4,FARAU,,7,,154,246
1,204,2,312,238,205,33,235,3,FARAU,,7,,84,151
1,205,2,206,144,121,23,139,5,FARAU,,7,,18,121
1,206,2,355,246,217,29,243,3,FARAU,,7,,119,124
1,207,2,416,284,253,31,276,8,FARAU,,7,,136,140
1,208,2,1448,1124,959,165,1119,5,GALDA DE JOS,,7,,385,734
1,209,2,386,309,254,55,308,1,GALDA DE JOS,,7,,110,198
1,210,2,494,312,284,28,305,7,GALDA DE JOS,,7,,118,187
1,211,2,568,368,303,65,363,5,GALDA DE JOS,,7,,115,248
1,212,2,644,521,459,62,518,3,GALDA DE JOS,,7,,100,418
1,213,2,1036,814,684,130,806,8,GARBOVA,,7,,257,549
1,214,2,294,235,196,39,233,2,GARBOVA,,7,,99,134
1,215,2,175,187,134,53,186,1,GARBOVA,,7,,67,119
1,216,2,1003,704,561,143,690,14,GARDA DE SUS,,7,,418,272
1,217,2,161,104,82,22,102,2,GARDA DE SUS,,7,,60,42
1,218,2,452,331,225,106,329,2,GARDA DE SUS,,7,,269,60
1,219,2,346,282,265,17,278,4,HOPARTA,,7,,129,149
1,220,2,159,166,134,32,162,4,HOPARTA,,7,,94,68
1,221,2,273,218,182,36,215,3,HOPARTA,,7,,86,129
1,222,2,298,283,252,31,282,1,HOPARTA,,7,,118,164
1,223,2,172,177,138,39,177,0,HOPARTA,,7,,80,97
1,224,2,1059,761,723,38,754,7,HOREA,,7,,535,219
1,225,2,366,359,336,23,357,2,HOREA,,7,,303,54
1,226,2,377,304,285,19,301,3,HOREA,,7,,251,50
1,227,2,894,648,559,89,641,7,IGHIU,,7,,206,435
1,228,2,848,694,581,113,692,2,IGHIU,,7,,286,406
1,229,2,826,558,545,13,546,12,IGHIU,,7,,99,447
1,230,2,1344,1069,879,190,1061,8,IGHIU,,7,,249,812
1,231,2,979,593,576,17,586,7,IGHIU,,7,,205,381
1,232,2,478,252,207,45,250,2,INTREGALDE,,7,,80,170
1,233,2,155,105,69,36,104,1,INTREGALDE,,7,,18,86
1,234,2,196,175,132,43,171,4,INTREGALDE,,7,,42,129
1,235,2,829,705,528,177,698,7,JIDVEI,,7,,260,438
1,236,2,719,608,490,118,597,11,JIDVEI,,7,,328,269
1,237,2,707,552,494,58,547,5,JIDVEI,,7,,250,297
1,238,2,807,674,568,106,668,6,JIDVEI,,7,,395,273
1,239,2,774,538,499,39,522,16,JIDVEI,,7,,203,319
1,240,2,642,539,511,28,535,4,LIVEZILE,,7,,251,284
1,241,2,284,224,205,19,216,8,LIVEZILE,,7,,118,98
1,242,2,403,370,332,38,364,6,LIVEZILE,,7,,174,190
1,243,2,214,193,167,26,192,1,LIVEZILE,,7,,82,110
1,244,2,894,812,797,15,805,7,LOPADEA NOUA,,7,,26,779
1,245,2,200,156,144,12,156,0,LOPADEA NOUA,,7,,98,58
1,246,2,463,366,326,40,360,6,LOPADEA NOUA,,7,,155,205
1,247,2,502,366,335,31,362,4,LOPADEA NOUA,,7,,35,327
1,248,2,637,490,447,43,487,3,LOPADEA NOUA,,7,,242,245
1,249,2,1595,1240,1156,84,1229,11,LUNCA MURESULUI,,7,,279,950
1,250,2,449,428,357,71,425,3,LUNCA MURESULUI,,7,,194,231
1,251,2,825,768,718,50,762,6,LUPSA,,7,,311,451
1,252,2,200,154,86,68,150,4,LUPSA,,7,,79,71
1,253,2,1325,673,638,35,671,2,LUPSA,,7,,347,324
1,254,2,721,553,498,55,549,4,LUPSA,,7,,150,399
1,255,2,616,384,355,29,381,3,METES,,7,,169,212
1,256,2,582,463,384,79,457,6,METES,,7,,196,261
1,257,2,226,180,135,45,179,1,METES,,7,,61,118
1,258,2,378,301,273,28,300,1,METES,,7,,116,184
1,259,2,279,192,163,29,189,3,METES,,7,,99,90
1,260,2,530,435,378,57,432,3,METES,,7,,142,290
1,261,2,1847,1428,1244,184,1421,7,MIHALT,,7,,504,917
1,262,2,497,443,382,61,439,4,MIHALT,,7,,159,280
1,263,2,482,414,344,70,414,0,MIHALT,,7,,195,219
1,264,2,722,629,571,58,622,7,MIRASLAU,,7,,248,374
1,265,2,218,181,163,18,179,2,MIRASLAU,,7,,93,86
1,266,2,508,480,396,84,476,4,MIRASLAU,,7,,96,380
1,267,2,372,323,268,55,321,2,MIRASLAU,,7,,168,153
1,268,2,115,93,80,13,93,0,MIRASLAU,,7,,52,41
1,269,2,793,463,411,52,459,4,MOGOS,,7,,249,210
1,270,2,444,291,245,46,284,7,MOGOS,,7,,123,161
1,271,2,1068,818,709,109,812,6,NOSLAC,,7,,326,486
1,272,2,283,192,171,21,191,1,NOSLAC,,7,,76,115
1,273,2,453,344,255,89,341,3,NOSLAC,,7,,135,206
1,274,2,659,292,238,54,289,3,OCOLIS,,7,,130,159
1,275,2,81,69,35,34,67,2,OCOLIS,,7,,33,34
1,276,2,83,118,57,61,117,1,OCOLIS,,7,,68,49
1,277,2,627,408,368,40,404,4,OHABA,,7,,134,270
1,278,2,81,72,56,16,72,0,OHABA,,7,,22,50
1,279,2,284,241,213,28,241,0,OHABA,,7,,73,168
1,280,2,1283,1008,948,60,1000,8,PIANU,,7,,411,589
1,281,2,902,722,701,21,716,6,PIANU,,7,,362,354
1,282,2,266,162,134,28,161,1,PIANU,,7,,76,85
1,283,2,201,126,109,17,125,1,PIANU,,7,,69,56
1,284,2,1017,558,522,36,550,8,POIANA VADULUI,,7,,236,314
1,285,2,453,250,198,52,246,4,PONOR,,7,,123,123
1,286,2,344,201,170,31,195,6,PONOR,,7,,78,117
1,287,2,489,395,319,76,389,6,POSAGA,,7,,98,291
1,288,2,215,203,140,63,197,6,POSAGA,,7,,77,120
1,289,2,160,93,75,18,87,6,POSAGA,,7,,20,67
1,290,2,218,124,100,24,118,6,POSAGA,,7,,42,76
1,291,2,312,204,183,21,203,1,POSAGA,,7,,64,139
1,292,2,875,759,689,70,758,1,RADESTI,,7,,358,400
1,293,2,327,243,204,39,240,3,RADESTI,,7,,128,112
1,294,2,508,441,379,62,439,2,RIMETEA,,7,,31,408
1,295,2,570,466,430,36,465,1,RIMETEA,,7,,25,440
1,296,2,514,167,146,21,164,3,RAMET,,7,,81,83
1,297,2,180,135,106,29,134,1,RAMET,,7,,77,57
1,298,2,147,177,87,90,175,2,RAMET,,7,,111,64
1,299,2,1426,1078,955,123,1068,10,ROSIA MONTANA,,7,,658,410
1,300,2,1294,828,652,176,810,18,ROSIA MONTANA,,7,,478,332
1,301,2,281,254,199,55,249,5,ROSIA MONTANA,,7,,120,129
1,302,2,248,166,144,22,166,0,ROSIA MONTANA,,7,,105,61
1,303,2,673,506,441,65,503,3,ROSIA DE SECAS,,7,,242,261
1,304,2,478,389,319,70,388,1,ROSIA DE SECAS,,7,,176,212
1,305,2,246,220,178,42,218,2,ROSIA DE SECAS,,7,,99,119
1,306,2,764,524,443,81,522,2,SALCIUA,,7,,254,268
1,307,2,751,512,449,63,511,1,SALCIUA,,7,,239,272
1,308,2,1271,876,765,111,866,10,SALISTEA,,7,,460,406
1,309,2,67,39,17,22,38,1,SALISTEA,,7,,12,26
1,310,2,602,542,453,89,541,1,SALISTEA,,7,,309,232
1,311,2,1498,1194,998,196,1181,13,SASCIORI,,7,,392,789
1,312,2,647,488,397,91,481,7,SASCIORI,,7,,103,378
1,313,2,780,320,286,34,315,5,SASCIORI,,7,,121,194
1,314,2,486,372,334,38,369,3,SASCIORI,,7,,103,266
1,315,2,742,585,482,103,572,13,SASCIORI,,7,,178,394
1,316,2,1298,866,809,57,856,10,SCARISOARA,,7,,608,248
1,317,2,331,218,166,52,216,2,SCARISOARA,,7,,136,80
1,318,2,1336,1048,946,102,1035,13,SANCEL,,7,,463,572
1,319,2,376,269,235,34,266,3,SANCEL,,7,,92,174
1,320,2,586,508,440,68,502,6,SANCEL,,7,,195,307
1,321,2,1125,989,822,167,982,7,SANTIMBRU,,7,,331,651
1,322,2,310,269,229,40,266,3,SANTIMBRU,,7,,119,147
1,323,2,568,469,376,93,466,3,SANTIMBRU,,7,,108,358
1,324,2,1876,963,930,33,955,8,SOHODOL,,7,,614,341
1,325,2,1173,856,797,59,851,5,STREMT,,7,,370,481
1,326,2,791,480,418,62,473,7,STREMT,,7,,200,273
1,327,2,382,280,253,27,278,2,STREMT,,7,,147,131
1,328,2,980,773,610,163,772,1,SIBOT,,7,,323,449
1,329,2,470,387,317,70,384,3,SIBOT,,7,,169,215
1,330,2,219,201,127,74,201,0,SIBOT,,7,,63,138
1,331,2,197,141,109,32,137,4,SIBOT,,7,,38,99
1,332,2,647,536,417,119,528,8,SONA,,7,,263,265
1,333,2,272,155,140,15,153,2,SONA,,7,,106,47
1,334,2,1169,858,781,77,848,10,SONA,,7,,443,405
1,335,2,407,340,307,33,339,1,SONA,,7,,121,218
1,336,2,1194,977,858,119,959,18,SONA,,7,,153,806
1,337,2,553,482,374,108,472,10,SPRING,,7,,242,230
1,338,2,399,381,304,77,380,1,SPRING,,7,,173,207
1,339,2,415,401,313,88,397,4,SPRING,,7,,186,211
1,340,2,421,386,291,95,380,6,SPRING,,7,,164,216
1,341,2,1794,1272,1046,226,1268,4,SUGAG,,7,,220,1048
1,342,2,355,375,233,142,373,2,SUGAG,,7,,54,319
1,343,2,56,282,34,248,281,1,SUGAG,,7,,38,243
1,344,2,1663,1353,1201,152,1339,14,UNIREA,,7,,376,963
1,345,2,1188,990,855,135,985,5,UNIREA,,7,,428,557
1,346,2,305,253,223,30,250,3,UNIREA,,7,,132,118
1,347,2,220,220,204,16,218,2,UNIREA,,7,,96,122
1,348,2,354,283,261,22,280,3,UNIREA,,7,,88,192
1,349,2,223,202,178,24,201,1,UNIREA,,7,,96,105
1,350,2,296,291,237,54,289,2,UNIREA,,7,,112,177
1,351,2,1207,738,659,79,730,8,VADU MOTILOR,,7,,469,261
1,352,2,1264,1030,826,204,1025,5,VALEA LUNGA,,7,,268,757
1,353,2,242,173,141,32,170,3,VALEA LUNGA,,7,,60,110
1,354,2,249,179,153,26,178,1,VALEA LUNGA,,7,,103,75
1,355,2,331,322,248,74,322,0,VALEA LUNGA,,7,,153,169
1,356,2,545,431,381,50,429,2,VALEA LUNGA,,7,,187,242
1,357,2,934,533,511,22,526,7,VIDRA,,7,,198,328
1,358,2,905,649,619,30,643,6,VIDRA,,7,,383,260
1,359,2,2379,1761,1361,400,1749,12,VINTU DE JOS,,7,,423,1326
1,360,2,1258,767,661,106,759,8,VINTU DE JOS,,7,,176,583
1,361,2,357,140,112,28,139,1,VINTU DE JOS,,7,,35,104
2,1,2,1434,1102,968,134,1097,5,MUNICIPIUL ARAD,,1,,347,750
2,2,2,2036,1696,1476,220,1691,5,MUNICIPIUL ARAD,,1,,560,1131
2,3,2,1390,1516,1020,496,1514,2,MUNICIPIUL ARAD,,1,,499,1015
2,4,2,1725,1244,1144,100,1241,3,MUNICIPIUL ARAD,,1,,300,941
2,5,2,1350,1050,937,113,1049,1,MUNICIPIUL ARAD,,1,,294,755
2,6,2,1890,1470,1334,136,1462,8,MUNICIPIUL ARAD,,1,,462,1000
2,7,2,1413,1118,1045,73,1113,5,MUNICIPIUL ARAD,,1,,394,719
2,8,2,1927,1535,1247,288,1529,6,MUNICIPIUL ARAD,,1,,433,1096
2,9,2,1247,1537,881,656,1535,2,MUNICIPIUL ARAD,,1,,406,1129
2,10,2,1709,1212,1118,94,1207,5,MUNICIPIUL ARAD,,1,,416,791
2,11,2,1793,1629,1411,218,1625,4,MUNICIPIUL ARAD,,1,,563,1062
2,12,2,1108,858,807,51,854,4,MUNICIPIUL ARAD,,1,,307,547
2,13,2,1550,1190,1088,102,1186,4,MUNICIPIUL ARAD,,1,,458,728
2,14,2,2045,1251,1072,179,1244,7,MUNICIPIUL ARAD,,1,,395,849
2,15,2,1055,954,814,140,951,3,MUNICIPIUL ARAD,,1,,270,681
2,16,2,1285,1087,940,147,1085,2,MUNICIPIUL ARAD,,1,,284,801
2,17,2,3237,2339,2100,239,2333,6,MUNICIPIUL ARAD,,1,,559,1774
2,18,2,2195,1518,1373,145,1510,8,MUNICIPIUL ARAD,,1,,337,1173
2,19,2,1824,1351,1198,153,1347,4,MUNICIPIUL ARAD,,1,,312,1035
2,20,2,2489,1884,1718,166,1881,3,MUNICIPIUL ARAD,,1,,502,1379
2,21,2,2273,1713,1585,128,1708,5,MUNICIPIUL ARAD,,1,,426,1282
2,22,2,2023,1386,1256,130,1381,5,MUNICIPIUL ARAD,,1,,339,1042
2,23,2,1418,1016,905,111,1011,5,MUNICIPIUL ARAD,,1,,251,760
2,24,2,1782,1309,1170,139,1306,3,MUNICIPIUL ARAD,,1,,365,941
2,25,2,2185,1505,1389,116,1502,3,MUNICIPIUL ARAD,,1,,383,1119
2,26,2,2232,1624,1519,105,1511,50,MUNICIPIUL ARAD,,1,,391,1120
2,27,2,2150,1580,1435,145,1566,14,MUNICIPIUL ARAD,,1,,490,1076
2,28,2,2666,1854,1711,143,1839,15,MUNICIPIUL ARAD,,1,,482,1357
2,29,2,1544,1201,1067,134,1197,4,MUNICIPIUL ARAD,,1,,381,816
2,30,2,1609,1150,1072,78,1146,4,MUNICIPIUL ARAD,,1,,305,841
2,31,2,1359,1076,924,152,1072,4,MUNICIPIUL ARAD,,1,,295,777
2,32,2,1492,1205,1024,181,1201,4,MUNICIPIUL ARAD,,1,,298,903
2,33,2,2169,1683,1577,106,1677,6,MUNICIPIUL ARAD,,1,,541,1136
2,34,2,1134,838,778,60,836,2,MUNICIPIUL ARAD,,1,,254,582
2,35,2,1896,1332,1196,136,1323,9,MUNICIPIUL ARAD,,1,,300,1023
2,36,2,1765,1369,1250,119,1365,4,MUNICIPIUL ARAD,,1,,329,1036
2,37,2,2164,1668,1574,94,1666,2,MUNICIPIUL ARAD,,1,,450,1216
2,38,2,1646,1193,1135,58,1188,5,MUNICIPIUL ARAD,,1,,309,879
2,39,2,1497,1215,1008,207,1208,7,MUNICIPIUL ARAD,,1,,298,910
2,40,2,1515,1227,1058,169,1220,7,MUNICIPIUL ARAD,,1,,332,888
2,41,2,1866,1306,1156,150,1302,4,MUNICIPIUL ARAD,,1,,329,973
2,42,2,1709,1192,1054,138,1185,7,MUNICIPIUL ARAD,,1,,338,847
2,43,2,1571,1105,965,140,1096,9,MUNICIPIUL ARAD,,1,,301,795
2,44,2,1607,1182,1058,124,1176,6,MUNICIPIUL ARAD,,1,,262,914
2,45,2,1493,1118,1009,109,1106,12,MUNICIPIUL ARAD,,1,,260,846
2,46,2,1883,1391,1188,203,1383,8,MUNICIPIUL ARAD,,1,,332,1051
2,47,2,1834,1334,1232,102,1319,15,MUNICIPIUL ARAD,,1,,373,946
2,48,2,1730,1249,1154,95,1239,10,MUNICIPIUL ARAD,,1,,308,931
2,49,2,1315,1022,779,243,1015,7,MUNICIPIUL ARAD,,1,,228,787
2,50,2,2046,1596,1382,214,1590,6,MUNICIPIUL ARAD,,1,,383,1207
2,51,2,1655,1167,1089,78,1164,3,MUNICIPIUL ARAD,,1,,348,816
2,52,2,1980,1213,1049,164,1213,0,MUNICIPIUL ARAD,,1,,286,927
2,53,2,2669,1928,1701,227,1919,9,MUNICIPIUL ARAD,,1,,483,1436
2,54,2,1518,1123,1034,89,1121,2,MUNICIPIUL ARAD,,1,,329,792
2,55,2,1610,1212,1047,165,1208,4,MUNICIPIUL ARAD,,1,,320,888
2,56,2,1786,1264,1165,99,1255,9,MUNICIPIUL ARAD,,1,,274,981
2,57,2,2363,1550,1327,223,1544,6,MUNICIPIUL ARAD,,1,,365,1179
2,58,2,603,918,380,538,917,1,MUNICIPIUL ARAD,,1,,207,710
2,59,2,1955,1646,1295,351,1622,24,MUNICIPIUL ARAD,,1,,264,1358
2,60,2,1582,1505,742,763,1498,7,MUNICIPIUL ARAD,,1,,219,1279
2,61,2,1441,1288,829,459,1285,3,MUNICIPIUL ARAD,,1,,276,1009
2,62,2,2384,1856,1467,389,1844,12,MUNICIPIUL ARAD,,1,,395,1449
2,63,2,2208,1595,1401,194,1587,8,MUNICIPIUL ARAD,,1,,372,1215
2,64,2,2415,1409,1253,156,1405,4,MUNICIPIUL ARAD,,1,,250,1155
2,65,2,1446,1692,1175,517,1684,8,MUNICIPIUL ARAD,,1,,313,1371
2,66,2,2918,2293,1898,395,2288,5,MUNICIPIUL ARAD,,1,,487,1801
2,67,2,1205,914,842,72,914,0,MUNICIPIUL ARAD,,1,,216,698
2,68,2,1469,1216,981,235,1215,1,MUNICIPIUL ARAD,,1,,290,925
2,69,2,2310,1800,1478,322,1794,6,MUNICIPIUL ARAD,,1,,473,1321
2,70,2,1855,1418,1262,156,1414,4,MUNICIPIUL ARAD,,1,,313,1101
2,71,2,1651,1176,1002,174,1169,7,MUNICIPIUL ARAD,,1,,165,1004
2,72,2,1447,1194,940,254,1186,8,MUNICIPIUL ARAD,,1,,274,912
2,73,2,1391,1022,887,135,1018,4,MUNICIPIUL ARAD,,1,,231,787
2,74,2,1403,1104,979,125,1101,3,MUNICIPIUL ARAD,,1,,302,799
2,75,2,1450,1136,1040,96,1130,6,MUNICIPIUL ARAD,,1,,353,777
2,76,2,1418,1124,934,190,1117,7,MUNICIPIUL ARAD,,1,,325,792
2,77,2,1283,1127,831,296,1119,8,MUNICIPIUL ARAD,,1,,331,788
2,78,2,825,559,525,34,557,2,MUNICIPIUL ARAD,,1,,110,447
2,79,2,1486,1143,1074,69,1140,3,MUNICIPIUL ARAD,,1,,239,901
2,80,2,1539,1076,1024,52,1069,7,MUNICIPIUL ARAD,,1,,377,692
2,81,2,1477,1142,1096,46,1135,7,MUNICIPIUL ARAD,,1,,352,783
2,82,2,1488,1002,910,92,995,7,MUNICIPIUL ARAD,,1,,231,764
2,83,2,2836,1950,1723,227,1935,15,MUNICIPIUL ARAD,,1,,533,1402
2,84,2,1417,1211,1003,208,1208,3,MUNICIPIUL ARAD,,1,,420,788
2,85,2,1484,1186,1018,168,1179,7,MUNICIPIUL ARAD,,1,,337,842
2,86,2,0,558,0,558,545,13,MUNICIPIUL ARAD,,1,,154,391
2,87,2,2297,1634,1495,139,1626,8,ORAS CHISINEU-CRIS,,1,,560,1066
2,88,2,1787,1352,1230,122,1351,1,ORAS CHISINEU-CRIS,,1,,444,907
2,89,2,1551,1112,1037,75,1109,3,ORAS CHISINEU-CRIS,,1,,159,950
2,90,2,1437,1026,957,69,1016,10,ORAS CHISINEU-CRIS,,1,,382,634
2,91,2,130,143,125,18,143,0,ORAS CHISINEU-CRIS,,1,,39,104
2,92,2,1543,1389,1215,174,1382,7,ORAS CURTICI,,1,,416,966
2,93,2,2630,2171,1899,272,2156,15,ORAS CURTICI,,1,,779,1377
2,94,2,1920,1454,1303,151,1444,10,ORAS CURTICI,,1,,385,1059
2,95,2,1494,1268,1214,54,1264,4,ORAS CURTICI,,1,,38,1226
2,96,2,2611,1951,1714,237,1949,2,ORAS INEU,,1,,950,999
2,97,2,1848,1362,1200,162,1357,5,ORAS INEU,,1,,497,860
2,98,2,1721,1207,1079,128,1204,3,ORAS INEU,,1,,522,682
2,99,2,1301,922,844,78,920,2,ORAS INEU,,1,,424,496
2,100,2,616,432,364,68,429,3,ORAS INEU,,1,,128,301
2,101,2,221,188,188,0,187,1,ORAS INEU,,1,,129,58
2,102,2,1753,1326,1150,176,1323,3,ORAS LIPOVA,,1,,511,812
2,103,2,1556,1226,1034,192,1219,7,ORAS LIPOVA,,1,,473,746
2,104,2,1583,1029,938,91,1026,3,ORAS LIPOVA,,1,,350,676
2,105,2,1189,794,681,113,793,1,ORAS LIPOVA,,1,,332,461
2,106,2,840,548,466,82,547,1,ORAS LIPOVA,,1,,161,386
2,107,2,1688,1268,1007,261,1258,10,ORAS LIPOVA,,1,,363,895
2,108,2,776,586,493,93,584,2,ORAS LIPOVA,,1,,183,401
2,109,2,303,309,292,17,306,3,ORAS LIPOVA,,1,,62,244
2,110,2,2037,1466,1256,210,1460,6,ORAS NADLAC,,1,,237,1223
2,111,2,2200,1575,1354,221,1565,10,ORAS NADLAC,,1,,339,1226
2,112,2,2132,1496,1332,164,1488,8,ORAS NADLAC,,1,,386,1102
2,113,2,2021,1503,1350,153,1478,25,ORAS PANCOTA,,1,,582,896
2,114,2,2318,1718,1530,188,1709,9,ORAS PANCOTA,,1,,438,1271
2,115,2,1120,802,723,79,800,2,ORAS PANCOTA,,1,,396,404
2,116,2,1404,1108,1001,107,1103,5,ORAS SEBIS,,1,,389,714
2,117,2,1455,1112,1016,96,1109,3,ORAS SEBIS,,1,,425,684
2,118,2,1445,1179,1073,106,1174,5,ORAS SEBIS,,1,,471,703
2,119,2,545,472,409,63,469,3,ORAS SEBIS,,1,,153,316
2,120,2,493,390,358,32,390,0,ORAS SEBIS,,1,,126,264
2,121,2,1831,1359,1212,147,1347,12,ALMAS,,1,,589,758
2,122,2,492,403,352,51,403,0,ALMAS,,1,,100,303
2,123,2,1926,1506,1405,101,1500,6,APATEU,,1,,1085,415
2,124,2,798,640,562,78,635,5,APATEU,,1,,461,174
2,125,2,339,294,270,24,294,0,APATEU,,1,,225,69
2,126,2,556,499,446,53,497,2,ARCHIS,,1,,308,189
2,127,2,883,611,558,53,607,4,ARCHIS,,1,,336,271
2,128,2,387,363,290,73,358,5,BATA,,1,,157,201
2,129,2,491,356,294,62,349,7,BATA,,1,,129,220
2,130,2,148,192,116,76,187,5,BATA,,1,,83,104
2,131,2,1593,1221,1099,122,1217,4,BELIU,,1,,604,613
2,132,2,648,498,416,82,495,3,BELIU,,1,,247,248
2,133,2,197,163,150,13,163,0,BELIU,,1,,45,118
2,134,2,418,368,314,54,366,2,BELIU,,1,,252,114
2,135,2,777,631,494,137,629,2,BIRCHIS,,1,,307,322
2,136,2,799,653,485,168,652,1,BIRCHIS,,1,,318,334
2,137,2,1017,779,730,49,777,2,BARSA,,1,,346,431
2,138,2,608,505,452,53,502,3,BARSA,,1,,272,230
2,139,2,1003,801,625,176,794,7,BARZAVA,,1,,255,539
2,140,2,274,200,169,31,199,1,BARZAVA,,1,,70,129
2,141,2,320,281,249,32,279,2,BARZAVA,,1,,145,134
2,142,2,259,196,162,34,195,1,BARZAVA,,1,,62,133
2,143,2,193,158,137,21,157,1,BARZAVA,,1,,107,50
2,144,2,401,311,282,29,307,4,BARZAVA,,1,,108,199
2,145,2,69,76,48,28,73,3,BARZAVA,,1,,14,59
2,146,2,1513,1152,1031,121,1146,6,BOCSIG,,1,,669,477
2,147,2,340,352,298,54,350,2,BOCSIG,,1,,122,228
2,148,2,691,526,465,61,520,6,BOCSIG,,1,,225,295
2,149,2,352,307,269,38,302,5,BOCSIG,,1,,179,123
2,150,2,666,489,439,50,481,8,BRAZII,,1,,259,222
2,151,2,440,306,273,33,302,4,BRAZII,,1,,125,177
2,152,2,1732,1353,1166,187,1347,6,BUTENI,,1,,551,796
2,153,2,668,485,419,66,484,1,BUTENI,,1,,306,178
2,154,2,495,335,307,28,334,1,BUTENI,,1,,147,187
2,155,2,677,588,549,39,584,4,CARAND,,1,,307,277
2,156,2,481,380,340,40,376,4,CARAND,,1,,174,202
2,157,2,1580,1246,1063,183,1239,7,CERMEI,,1,,641,598
2,158,2,737,566,500,66,559,7,CERMEI,,1,,338,221
2,159,2,917,681,605,76,679,2,CHISINDIA,,1,,265,414
2,160,2,481,354,330,24,353,1,CHISINDIA,,1,,150,203
2,161,2,120,63,44,19,63,0,CHISINDIA,,1,,25,38
2,162,2,378,334,251,83,330,4,CONOP,,1,,130,200
2,163,2,285,271,184,87,271,0,CONOP,,1,,162,109
2,164,2,350,313,242,71,310,3,CONOP,,1,,179,131
2,165,2,328,302,234,68,300,2,CONOP,,1,,131,169
2,166,2,334,318,253,65,308,10,CONOP,,1,,151,157
2,167,2,1875,1403,1144,259,1397,6,COVASINT,,1,,487,910
2,168,2,937,725,641,84,722,3,CRAIVA,,1,,447,275
2,169,2,561,418,367,51,415,3,CRAIVA,,1,,285,130
2,170,2,476,305,281,24,304,1,CRAIVA,,1,,203,101
2,171,2,362,213,201,12,213,0,CRAIVA,,1,,118,95
2,172,2,475,352,306,46,348,4,CRAIVA,,1,,221,127
2,173,2,1029,824,717,107,819,5,DEZNA,,1,,386,433
2,174,2,347,260,233,27,260,0,DEZNA,,1,,172,88
2,175,2,729,543,507,36,540,3,DIECI,,1,,226,314
2,176,2,437,329,293,36,327,2,DIECI,,1,,173,154
2,177,2,372,322,247,75,322,0,DIECI,,1,,134,188
2,178,2,1804,1414,1162,252,1409,5,FELNAC,,1,,439,970
2,179,2,1276,1113,841,272,1112,1,FELNAC,,1,,333,779
2,180,2,331,314,227,87,314,0,FELNAC,,1,,143,171
2,181,2,1458,1151,1014,137,1146,5,FANTANELE,,1,,288,858
2,182,2,1041,876,733,143,871,5,FANTANELE,,1,,368,503
2,183,2,608,500,428,72,491,9,FANTANELE,,1,,206,285
2,184,2,594,556,470,86,551,5,FANTANELE,,1,,179,372
2,185,2,1395,1092,872,220,1085,7,GHIOROC,,1,,241,844
2,186,2,1243,919,832,87,913,6,GHIOROC,,1,,309,604
2,187,2,572,510,413,97,508,2,GHIOROC,,1,,163,345
2,188,2,1007,800,675,125,796,4,GRANICERI,,1,,431,365
2,189,2,894,634,496,138,628,6,GRANICERI,,1,,323,305
2,190,2,2095,1706,1433,273,1692,14,GURAHONT,,1,,715,977
2,191,2,633,475,422,53,472,3,GURAHONT,,1,,146,326
2,192,2,428,324,280,44,316,8,GURAHONT,,1,,142,174
2,193,2,558,370,338,32,369,1,GURAHONT,,1,,215,154
2,194,2,1773,1025,955,70,1019,6,HALMAGIU,,1,,583,436
2,195,2,972,544,491,53,539,5,HALMAGIU,,1,,313,226
2,196,2,505,210,192,18,208,2,HALMAGIU,,1,,119,89
2,197,2,1093,684,617,67,680,4,HALMAGEL,,1,,390,290
2,198,2,541,273,234,39,271,2,HALMAGEL,,1,,152,119
2,199,2,754,590,512,78,587,3,HASMAS,,1,,332,255
2,200,2,498,390,326,64,390,0,HASMAS,,1,,211,179
2,201,2,338,289,254,35,287,2,IGNESTI,,1,,154,133
2,202,2,321,226,201,25,225,1,IGNESTI,,1,,119,106
2,203,2,1423,1127,899,228,1126,1,IRATOS,,1,,151,975
2,204,2,323,281,217,64,281,0,IRATOS,,1,,18,263
2,205,2,1017,803,697,106,801,2,LIVADA,,1,,319,482
2,206,2,1089,828,705,123,826,2,LIVADA,,1,,191,635
2,207,2,1531,1183,966,217,1179,4,MACEA,,1,,326,853
2,208,2,1305,1135,950,185,1121,14,MACEA,,1,,383,738
2,209,2,759,955,556,399,936,10,MACEA,,1,,180,756
2,210,2,811,726,628,98,713,13,MISCA,,1,,361,352
2,211,2,666,538,485,53,536,2,MISCA,,1,,17,519
2,212,2,1035,904,810,94,896,8,MISCA,,1,,216,680
2,213,2,668,683,532,151,672,11,MONEASA,,1,,218,454
2,214,2,237,217,199,18,217,0,MONEASA,,1,,78,139
2,215,2,1193,1065,956,109,1057,8,OLARI,,1,,271,786
2,216,2,298,276,212,64,272,4,OLARI,,1,,129,143
2,217,2,1586,1139,913,226,1132,7,PAULIS,,1,,387,745
2,218,2,277,245,186,59,243,2,PAULIS,,1,,107,136
2,219,2,1187,965,778,187,960,5,PAULIS,,1,,295,665
2,220,2,1837,1367,1188,179,1357,10,PECICA,,1,,322,1035
2,221,2,1868,1372,1136,236,1364,8,PECICA,,1,,387,977
2,222,2,1844,1277,1079,198,1264,13,PECICA,,1,,246,1018
2,223,2,1452,1225,889,336,1217,8,PECICA,,1,,98,1119
2,224,2,1560,1102,915,187,1097,5,PECICA,,1,,48,1049
2,225,2,969,845,586,259,840,5,PECICA,,1,,164,676
2,226,2,177,228,129,99,227,1,PECICA,,1,,48,179
2,227,2,746,550,455,95,543,7,PEREGU MARE,,1,,200,343
2,228,2,809,599,532,67,595,4,PEREGU MARE,,1,,66,529
2,229,2,518,437,373,64,432,5,PETRIS,,1,,152,280
2,230,2,242,221,185,36,214,7,PETRIS,,1,,68,146
2,231,2,201,153,127,26,148,5,PETRIS,,1,,88,60
2,232,2,420,277,254,23,274,3,PETRIS,,1,,174,100
2,233,2,725,593,515,78,591,2,PILU,,1,,390,201
2,234,2,643,606,483,123,595,11,PILU,,1,,282,313
2,235,2,940,590,509,81,585,5,PLESCUTA,,1,,352,233
2,236,2,520,383,337,46,380,3,PLESCUTA,,1,,266,114
2,237,2,1506,1276,1012,264,1266,10,SAVARSIN,,1,,453,813
2,238,2,204,187,174,13,182,5,SAVARSIN,,1,,95,87
2,239,2,181,161,147,14,157,4,SAVARSIN,,1,,65,92
2,240,2,448,353,326,27,351,2,SAVARSIN,,1,,129,222
2,241,2,274,247,201,46,244,3,SAVARSIN,,1,,125,119
2,242,2,1432,1118,951,167,1115,3,SECUSIGIU,,1,,476,639
2,243,2,619,548,422,126,546,2,SECUSIGIU,,1,,195,351
2,244,2,382,363,300,63,363,0,SECUSIGIU,,1,,169,194
2,245,2,1157,937,756,181,931,6,SECUSIGIU,,1,,202,729
2,246,2,1609,1169,1072,97,1168,1,SELEUS,,1,,569,599
2,247,2,897,701,556,145,697,4,SELEUS,,1,,267,430
2,248,2,1274,919,741,178,916,3,SEMLAC,,1,,225,691
2,249,2,1358,1023,801,222,1016,7,SEMLAC,,1,,250,766
2,250,2,892,761,634,127,757,4,SINTEA MARE,,1,,359,398
2,251,2,751,630,557,73,624,6,SINTEA MARE,,1,,49,575
2,252,2,1077,902,779,123,898,4,SINTEA MARE,,1,,146,752
2,253,2,1787,1399,1260,139,1394,5,SANTANA,,1,,662,732
2,254,2,1929,1260,1142,118,1250,10,SANTANA,,1,,212,1038
2,255,2,2151,1487,1243,244,1483,4,SANTANA,,1,,698,785
2,256,2,1182,801,622,179,799,2,SANTANA,,1,,281,518
2,257,2,1253,941,740,201,938,3,SANTANA,,1,,335,603
2,258,2,895,719,624,95,716,3,SANTANA,,1,,346,370
2,259,2,1660,1280,1106,174,1271,9,SOCODOR,,1,,655,616
2,260,2,1479,1170,962,208,1162,8,SAGU,,1,,409,753
2,261,2,402,367,294,73,360,7,SAGU,,1,,137,223
2,262,2,336,284,236,48,282,2,SAGU,,1,,118,164
2,263,2,317,348,261,87,344,4,SAGU,,1,,191,153
2,264,2,224,175,146,29,174,1,SAGU,,1,,68,106
2,265,2,1052,847,680,167,839,8,SEITIN,,1,,394,445
2,266,2,934,707,603,104,701,6,SEITIN,,1,,312,389
2,267,2,932,712,654,58,705,7,SEPREUS,,1,,368,337
2,268,2,1136,823,768,55,813,10,SEPREUS,,1,,326,487
2,269,2,1904,1342,1226,116,1336,6,SICULA,,1,,669,667
2,270,2,820,616,561,55,613,3,SICULA,,1,,355,258
2,271,2,998,817,718,99,813,4,SICULA,,1,,474,339
2,272,2,679,494,401,93,491,3,SILINDIA,,1,,222,269
2,273,2,1498,1082,938,144,1076,6,SIMAND,,1,,433,643
2,274,2,1416,1077,917,160,1071,6,SIMAND,,1,,470,601
2,275,2,1799,1221,997,224,1221,0,SIRIA,,1,,451,770
2,276,2,1693,1274,1038,236,1267,7,SIRIA,,1,,431,836
2,277,2,1510,1242,1042,200,1229,13,SIRIA,,1,,374,855
2,278,2,740,637,562,75,636,1,SIRIA,,1,,348,288
2,279,2,262,256,183,73,255,1,SISTAROVAT,,1,,95,160
2,280,2,1459,1116,925,191,1111,5,SOFRONEA,,1,,262,849
2,281,2,451,411,324,87,409,2,SOFRONEA,,1,,13,396
2,282,2,740,566,454,112,565,1,TAUT,,1,,290,275
2,283,2,216,154,135,19,150,4,TAUT,,1,,82,68
2,284,2,158,147,109,38,142,5,TAUT,,1,,72,70
2,285,2,792,524,449,75,520,4,TAUT,,1,,170,350
2,286,2,1455,1212,1092,120,1207,5,TARNOVA,,1,,493,714
2,287,2,728,618,550,68,609,9,TARNOVA,,1,,212,397
2,288,2,329,288,234,54,286,2,TARNOVA,,1,,140,146
2,289,2,870,632,534,98,627,5,TARNOVA,,1,,267,360
2,290,2,870,628,575,53,613,15,TARNOVA,,1,,284,329
2,291,2,446,356,297,59,345,11,TARNOVA,,1,,197,148
2,292,2,361,325,269,56,324,1,USUSAU,,1,,120,204
2,293,2,149,149,119,30,149,0,USUSAU,,1,,59,90
2,294,2,231,246,211,35,243,3,USUSAU,,1,,100,143
2,295,2,104,115,82,33,114,1,USUSAU,,1,,62,52
2,296,2,58,78,45,33,76,2,USUSAU,,1,,36,40
2,297,2,564,456,350,106,454,2,VARADIA DE MURES,,1,,165,289
2,298,2,356,314,244,70,312,2,VARADIA DE MURES,,1,,99,213
2,299,2,289,231,211,20,231,0,VARADIA DE MURES,,1,,125,106
2,300,2,197,214,160,54,213,1,VARADIA DE MURES,,1,,93,120
2,301,2,150,129,119,10,127,2,VARADIA DE MURES,,1,,59,68
2,302,2,1581,1201,1049,152,1194,7,VINGA,,1,,187,1007
2,303,2,1337,1083,957,126,1076,7,VINGA,,1,,195,881
2,304,2,824,713,619,94,708,5,VINGA,,1,,18,690
2,305,2,822,689,600,89,686,3,VINGA,,1,,192,494
2,306,2,1206,817,754,63,810,7,VARFURILE,,1,,517,293
2,307,2,895,885,833,52,879,6,VARFURILE,,1,,445,434
2,308,2,850,676,637,39,659,17,VARFURILE,,1,,385,274
2,309,2,1185,993,768,225,991,2,VLADIMIRESCU,,1,,250,741
2,310,2,1582,1263,1018,245,1256,7,VLADIMIRESCU,,1,,355,901
2,311,2,1043,828,626,202,827,1,VLADIMIRESCU,,1,,251,576
2,312,2,1461,1208,994,214,1199,9,VLADIMIRESCU,,1,,518,681
2,313,2,830,609,522,87,607,2,VLADIMIRESCU,,1,,241,366
2,314,2,800,504,417,87,500,4,VLADIMIRESCU,,1,,168,332
2,315,2,0,297,0,297,293,4,VLADIMIRESCU,,1,,94,199
2,316,2,1421,1146,957,189,1138,8,ZABRANI,,1,,421,717
2,317,2,954,729,634,95,727,2,ZABRANI,,1,,361,366
2,318,2,629,561,445,116,559,2,ZABRANI,,1,,222,337
2,319,2,1141,953,844,109,950,3,ZARAND,,1,,429,521
2,320,2,945,679,609,70,674,5,ZARAND,,1,,399,275
2,321,2,743,572,506,66,568,4,ZERIND,,1,,40,528
2,322,2,447,408,361,47,403,5,ZERIND,,1,,28,375
2,323,2,2177,1582,1383,199,1572,10,ZIMANDU NOU,,1,,324,1248
2,324,2,1103,768,672,96,765,3,ZIMANDU NOU,,1,,122,643
3,1,2,1887,1491,1328,163,1488,3,MUNICIPIUL PITESTI,,5,,635,853
3,2,2,1292,1020,919,101,1019,1,MUNICIPIUL PITESTI,,5,,395,624
3,3,2,1179,857,787,70,848,9,MUNICIPIUL PITESTI,,5,,338,510
3,4,2,1296,1038,912,126,1035,3,MUNICIPIUL PITESTI,,5,,397,638
3,5,2,1622,1136,1061,75,1133,3,MUNICIPIUL PITESTI,,5,,543,590
3,6,2,2075,1407,1298,109,1399,8,MUNICIPIUL PITESTI,,5,,674,725
3,7,2,1697,1039,969,70,1031,8,MUNICIPIUL PITESTI,,5,,545,486
3,8,2,1593,997,908,89,990,7,MUNICIPIUL PITESTI,,5,,528,462
3,9,2,1660,970,902,68,964,6,MUNICIPIUL PITESTI,,5,,504,460
3,10,2,1499,1047,985,62,1043,4,MUNICIPIUL PITESTI,,5,,523,520
3,11,2,2037,1408,1338,70,1403,5,MUNICIPIUL PITESTI,,5,,687,716
3,12,2,2146,1502,1442,60,1498,4,MUNICIPIUL PITESTI,,5,,780,718
3,13,2,1470,1072,1008,64,1072,0,MUNICIPIUL PITESTI,,5,,490,582
3,14,2,1694,1297,1215,82,1292,5,MUNICIPIUL PITESTI,,5,,599,693
3,15,2,1930,1372,1308,64,1365,7,MUNICIPIUL PITESTI,,5,,625,740
3,16,2,1580,1214,1113,101,1210,4,MUNICIPIUL PITESTI,,5,,507,703
3,17,2,1192,1081,785,296,1075,6,MUNICIPIUL PITESTI,,5,,472,603
3,18,2,1926,1567,1366,201,1560,7,MUNICIPIUL PITESTI,,5,,724,836
3,19,2,1761,1372,1244,128,1363,9,MUNICIPIUL PITESTI,,5,,596,767
3,20,2,1915,1283,1170,113,1277,6,MUNICIPIUL PITESTI,,5,,686,591
3,21,2,2196,1584,1504,80,1575,9,MUNICIPIUL PITESTI,,5,,762,813
3,22,2,1811,1205,1102,103,1194,11,MUNICIPIUL PITESTI,,5,,637,557
3,23,2,2069,1264,1158,106,1260,4,MUNICIPIUL PITESTI,,5,,609,651
3,24,2,2042,1312,1218,94,1302,10,MUNICIPIUL PITESTI,,5,,682,620
3,25,2,2062,1476,1370,106,1472,4,MUNICIPIUL PITESTI,,5,,742,730
3,26,2,2023,1476,1361,115,1470,6,MUNICIPIUL PITESTI,,5,,780,690
3,27,2,2370,1687,1556,131,1672,15,MUNICIPIUL PITESTI,,5,,878,794
3,28,2,1654,1221,1140,81,1217,4,MUNICIPIUL PITESTI,,5,,623,594
3,29,2,1193,932,856,76,928,4,MUNICIPIUL PITESTI,,5,,521,407
3,30,2,1917,1355,1258,97,1352,3,MUNICIPIUL PITESTI,,5,,700,652
3,31,2,908,981,612,369,977,4,MUNICIPIUL PITESTI,,5,,534,443
3,32,2,1700,1199,997,202,1193,6,MUNICIPIUL PITESTI,,5,,607,586
3,33,2,1847,1772,1283,489,1763,9,MUNICIPIUL PITESTI,,5,,914,849
3,34,2,1641,1196,1071,125,1191,5,MUNICIPIUL PITESTI,,5,,592,599
3,35,2,1881,1398,1295,103,1395,3,MUNICIPIUL PITESTI,,5,,685,710
3,36,2,1539,1028,961,67,1022,6,MUNICIPIUL PITESTI,,5,,537,485
3,37,2,2182,1708,1425,283,1701,7,MUNICIPIUL PITESTI,,5,,743,958
3,38,2,2027,1503,1401,102,1499,4,MUNICIPIUL PITESTI,,5,,602,897
3,39,2,1637,1216,1125,91,1214,2,MUNICIPIUL PITESTI,,5,,521,693
3,40,2,1761,1493,1269,224,1484,9,MUNICIPIUL PITESTI,,5,,696,788
3,41,2,1892,1511,1423,88,1507,4,MUNICIPIUL PITESTI,,5,,704,803
3,42,2,905,767,623,144,765,2,MUNICIPIUL PITESTI,,5,,323,442
3,43,2,1519,1274,1124,150,1269,5,MUNICIPIUL PITESTI,,5,,546,723
3,44,2,1046,854,785,69,846,8,MUNICIPIUL PITESTI,,5,,385,461
3,45,2,554,410,371,39,405,5,MUNICIPIUL PITESTI,,5,,224,181
3,46,2,1909,1372,1278,94,1365,7,MUNICIPIUL PITESTI,,5,,578,787
3,47,2,1673,1233,1170,63,1228,5,MUNICIPIUL PITESTI,,5,,478,750
3,48,2,1903,1521,1389,132,1518,3,MUNICIPIUL PITESTI,,5,,577,941
3,49,2,1599,1164,1081,83,1162,2,MUNICIPIUL PITESTI,,5,,439,723
3,50,2,1154,878,818,60,874,4,MUNICIPIUL PITESTI,,5,,267,607
3,51,2,2084,1392,1291,101,1387,5,MUNICIPIUL PITESTI,,5,,663,724
3,52,2,2374,1746,1596,150,1740,6,MUNICIPIUL PITESTI,,5,,788,952
3,53,2,2152,1473,1410,63,1466,7,MUNICIPIUL PITESTI,,5,,763,703
3,54,2,1541,1005,941,64,1003,2,MUNICIPIUL PITESTI,,5,,544,459
3,55,2,2517,1678,1507,171,1670,8,MUNICIPIUL PITESTI,,5,,883,787
3,56,2,2573,1762,1674,88,1751,11,MUNICIPIUL PITESTI,,5,,846,905
3,57,2,1691,1365,1216,149,1361,4,MUNICIPIUL PITESTI,,5,,662,699
3,58,2,2137,1551,1425,126,1545,6,MUNICIPIUL PITESTI,,5,,798,747
3,59,2,1985,1553,1394,159,1546,7,MUNICIPIUL PITESTI,,5,,843,703
3,60,2,1828,1567,1301,266,1563,4,MUNICIPIUL PITESTI,,5,,765,798
3,61,2,1745,1366,1202,164,1359,7,MUNICIPIUL PITESTI,,5,,563,796
3,62,2,1740,1215,1137,78,1210,5,MUNICIPIUL PITESTI,,5,,544,666
3,63,2,1530,1095,1017,78,1087,8,MUNICIPIUL PITESTI,,5,,532,555
3,64,2,1355,1051,995,56,1044,7,MUNICIPIUL PITESTI,,5,,508,536
3,65,2,1710,1188,1072,116,1182,6,MUNICIPIUL PITESTI,,5,,578,604
3,66,2,2137,1523,1434,89,1516,7,MUNICIPIUL PITESTI,,5,,787,729
3,67,2,2295,1463,1253,210,1448,15,MUNICIPIUL PITESTI,,5,,804,644
3,68,2,2135,1342,1267,75,1339,3,MUNICIPIUL PITESTI,,5,,635,704
3,69,2,2074,1520,1407,113,1514,6,MUNICIPIUL PITESTI,,5,,752,762
3,70,2,2045,1411,1285,126,1404,7,MUNICIPIUL PITESTI,,5,,679,725
3,71,2,1807,1123,1030,93,1115,8,MUNICIPIUL PITESTI,,5,,568,547
3,72,2,1825,1373,1308,65,1370,3,MUNICIPIUL PITESTI,,5,,564,806
3,73,2,2043,1435,1370,65,1432,3,MUNICIPIUL PITESTI,,5,,645,787
3,74,2,2345,1575,1495,80,1573,2,MUNICIPIUL PITESTI,,5,,728,845
3,75,2,1946,1508,1365,143,1499,9,MUNICIPIUL PITESTI,,5,,687,812
3,76,2,2148,1486,1389,97,1476,10,MUNICIPIUL PITESTI,,5,,701,775
3,77,2,2102,1371,1307,64,1365,6,MUNICIPIUL PITESTI,,5,,679,686
3,78,2,2086,1534,1448,86,1528,6,MUNICIPIUL PITESTI,,5,,711,817
3,79,2,1851,1524,1353,171,1510,14,MUNICIPIUL PITESTI,,5,,712,798
3,80,2,1221,813,600,213,810,3,MUNICIPIUL PITESTI,,5,,368,442
3,81,2,0,449,0,449,442,7,MUNICIPIUL PITESTI,,5,,178,264
3,82,2,0,581,0,581,564,17,MUNICIPIUL PITESTI,,5,,306,258
3,83,2,0,157,0,157,157,0,MUNICIPIUL PITESTI,,5,,56,101
3,84,2,1330,1027,916,111,1024,3,MUNICIPIUL CAMPULUNG,,5,,474,550
3,85,2,1381,980,933,47,976,4,MUNICIPIUL CAMPULUNG,,5,,473,503
3,86,2,1661,1151,1028,123,1147,4,MUNICIPIUL CAMPULUNG,,5,,494,653
3,87,2,1971,1403,1310,93,1403,0,MUNICIPIUL CAMPULUNG,,5,,522,881
3,88,2,2173,1533,1461,72,1527,6,MUNICIPIUL CAMPULUNG,,5,,616,911
3,89,2,1676,1168,1068,100,1164,4,MUNICIPIUL CAMPULUNG,,5,,443,721
3,90,2,853,762,623,139,760,2,MUNICIPIUL CAMPULUNG,,5,,382,378
3,91,2,956,755,707,48,752,3,MUNICIPIUL CAMPULUNG,,5,,397,355
3,92,2,1375,1072,1021,51,1066,6,MUNICIPIUL CAMPULUNG,,5,,464,602
3,93,2,2156,1446,1359,87,1439,7,MUNICIPIUL CAMPULUNG,,5,,662,777
3,94,2,2080,1354,1271,83,1345,9,MUNICIPIUL CAMPULUNG,,5,,651,694
3,95,2,2395,1698,1547,151,1692,6,MUNICIPIUL CAMPULUNG,,5,,770,922
3,96,2,2476,1479,1378,101,1470,9,MUNICIPIUL CAMPULUNG,,5,,779,691
3,97,2,1885,1338,1235,103,1333,5,MUNICIPIUL CAMPULUNG,,5,,620,713
3,98,2,455,346,319,27,344,2,MUNICIPIUL CAMPULUNG,,5,,238,106
3,99,2,1201,882,814,68,877,5,MUNICIPIUL CAMPULUNG,,5,,392,485
3,100,2,840,606,547,59,601,5,MUNICIPIUL CAMPULUNG,,5,,275,326
3,101,2,940,661,636,25,652,9,MUNICIPIUL CAMPULUNG,,5,,355,297
3,102,2,1070,792,704,88,791,1,MUNICIPIUL CAMPULUNG,,5,,498,293
3,103,2,975,728,670,58,725,3,MUNICIPIUL CAMPULUNG,,5,,365,360
3,104,2,538,445,408,37,444,1,MUNICIPIUL CAMPULUNG,,5,,290,154
3,105,2,1554,1198,1112,86,1186,12,MUNICIPIUL CAMPULUNG,,5,,530,656
3,106,2,1318,1095,836,259,1091,4,MUNICIPIUL CAMPULUNG,,5,,528,563
3,107,2,826,774,753,21,760,13,MUNICIPIUL CAMPULUNG,,5,,319,441
3,108,2,1792,1431,1200,231,1417,14,MUNICIPIUL CURTEA DE ARGES,,5,,728,689
3,109,2,1638,1355,1148,207,1349,6,MUNICIPIUL CURTEA DE ARGES,,5,,740,609
3,110,2,1368,993,896,97,982,11,MUNICIPIUL CURTEA DE ARGES,,5,,531,451
3,111,2,2492,1868,1512,356,1863,5,MUNICIPIUL CURTEA DE ARGES,,5,,999,864
3,112,2,2349,1501,1364,137,1498,3,MUNICIPIUL CURTEA DE ARGES,,5,,796,702
3,113,2,2059,1434,1186,248,1431,3,MUNICIPIUL CURTEA DE ARGES,,5,,706,725
3,114,2,1396,1015,874,141,1005,10,MUNICIPIUL CURTEA DE ARGES,,5,,542,463
3,115,2,2032,1499,1270,229,1494,5,MUNICIPIUL CURTEA DE ARGES,,5,,719,775
3,116,2,2266,1768,1492,276,1765,3,MUNICIPIUL CURTEA DE ARGES,,5,,866,899
3,117,2,2662,1909,1717,192,1893,16,MUNICIPIUL CURTEA DE ARGES,,5,,1032,861
3,118,2,2307,1721,1416,305,1709,12,MUNICIPIUL CURTEA DE ARGES,,5,,850,859
3,119,2,786,635,592,43,631,4,MUNICIPIUL CURTEA DE ARGES,,5,,426,205
3,120,2,1825,1228,1160,68,1221,7,MUNICIPIUL CURTEA DE ARGES,,5,,720,501
3,121,2,625,481,433,48,480,1,MUNICIPIUL CURTEA DE ARGES,,5,,215,265
3,122,2,902,735,627,108,727,8,MUNICIPIUL CURTEA DE ARGES,,5,,475,252
3,123,2,605,423,379,44,415,8,MUNICIPIUL CURTEA DE ARGES,,5,,286,129
3,124,2,0,397,0,397,395,2,MUNICIPIUL CURTEA DE ARGES,,5,,245,150
3,125,2,2030,1421,1198,223,1414,7,ORAS COSTESTI,,5,,849,565
3,126,2,536,447,298,149,446,1,ORAS COSTESTI,,5,,274,172
3,127,2,2143,1431,1283,148,1421,10,ORAS COSTESTI,,5,,873,548
3,128,2,846,573,508,65,571,2,ORAS COSTESTI,,5,,356,215
3,129,2,1204,756,629,127,751,5,ORAS COSTESTI,,5,,486,265
3,130,2,804,501,411,90,496,5,ORAS COSTESTI,,5,,365,131
3,131,2,487,412,285,127,410,2,ORAS COSTESTI,,5,,225,185
3,132,2,602,419,362,57,412,7,ORAS COSTESTI,,5,,294,118
3,133,2,2544,1762,1533,229,1753,9,ORAS MIOVENI,,5,,880,873
3,134,2,2465,1645,1351,294,1638,7,ORAS MIOVENI,,5,,857,781
3,135,2,2606,1692,1413,279,1682,10,ORAS MIOVENI,,5,,898,784
3,136,2,2068,1569,1255,314,1565,4,ORAS MIOVENI,,5,,898,667
3,137,2,2100,1590,1368,222,1582,8,ORAS MIOVENI,,5,,866,716
3,138,2,1247,1097,905,192,1095,2,ORAS MIOVENI,,5,,566,529
3,139,2,1419,1041,923,118,1038,3,ORAS MIOVENI,,5,,562,476
3,140,2,1764,1200,1036,164,1190,10,ORAS MIOVENI,,5,,586,604
3,141,2,1780,1348,1082,266,1340,8,ORAS MIOVENI,,5,,670,670
3,142,2,1258,980,786,194,973,7,ORAS MIOVENI,,5,,681,292
3,143,2,1530,1090,1012,78,1090,0,ORAS MIOVENI,,5,,761,329
3,144,2,894,771,726,45,768,3,ORAS MIOVENI,,5,,180,588
3,145,2,875,569,526,43,563,6,ORAS MIOVENI,,5,,356,207
3,146,2,837,619,560,59,615,4,ORAS TOPOLOVENI,,5,,289,326
3,147,2,2120,1480,1280,200,1474,6,ORAS TOPOLOVENI,,5,,720,754
3,148,2,2742,1909,1719,190,1902,7,ORAS TOPOLOVENI,,5,,895,1007
3,149,2,1396,1001,883,118,991,10,ORAS TOPOLOVENI,,5,,562,429
3,150,2,1691,1386,934,452,1374,12,ALBESTII DE ARGES,,5,,819,555
3,151,2,2027,1270,1017,253,1249,21,ALBESTII DE ARGES,,5,,863,386
3,152,2,699,434,326,108,429,5,ALBESTII DE ARGES,,5,,282,147
3,153,2,2113,1413,1266,147,1405,8,ALBESTII DE MUSCEL,,5,,794,611
3,154,2,926,748,650,98,740,8,ALBESTII DE MUSCEL,,5,,365,375
3,155,2,405,360,322,38,357,3,ALBESTII DE MUSCEL,,5,,254,103
3,156,2,1413,863,648,215,850,13,ALBOTA,,5,,460,390
3,157,2,887,543,373,170,534,9,ALBOTA,,5,,347,187
3,158,2,443,423,246,177,418,5,ALBOTA,,5,,277,141
3,159,2,1640,1236,1058,178,1231,5,ANINOASA,,5,,872,359
3,160,2,829,678,608,70,675,3,ANINOASA,,5,,495,180
3,161,2,1159,785,722,63,779,6,AREF,,5,,491,288
3,162,2,911,829,654,175,825,4,AREF,,5,,554,271
3,163,2,1244,1001,772,229,1000,1,BASCOV,,5,,530,470
3,164,2,1915,1196,944,252,1192,4,BASCOV,,5,,678,514
3,165,2,821,532,423,109,525,7,BASCOV,,5,,318,207
3,166,2,521,348,282,66,348,0,BASCOV,,5,,185,163
3,167,2,1190,856,631,225,854,2,BASCOV,,5,,513,341
3,168,2,620,344,314,30,342,2,BASCOV,,5,,228,114
3,169,2,1074,648,516,132,646,2,BABANA,,5,,415,231
3,170,2,338,269,188,81,265,4,BABANA,,5,,166,99
3,171,2,512,419,284,135,413,6,BABANA,,5,,242,171
3,172,2,1751,1210,985,225,1206,4,BAICULESTI,,5,,725,481
3,173,2,1584,978,859,119,972,6,BAICULESTI,,5,,760,212
3,174,2,1433,945,784,161,938,7,BAICULESTI,,5,,621,317
3,175,2,939,713,619,94,711,2,BALILESTI,,5,,567,144
3,176,2,1079,819,773,46,814,5,BALILESTI,,5,,640,174
3,177,2,1669,1248,1153,95,1245,3,BALILESTI,,5,,1071,174
3,178,2,524,368,311,57,366,2,BELETI-NEGRESTI,,5,,229,137
3,179,2,1010,695,587,108,691,4,BELETI-NEGRESTI,,5,,422,269
3,180,2,2435,1764,1583,181,1749,15,BEREVOIESTI,,5,,1405,344
3,181,2,1323,841,620,221,830,11,BARLA,,5,,494,336
3,182,2,761,508,358,150,502,6,BARLA,,5,,301,201
3,183,2,1152,735,552,183,727,8,BARLA,,5,,461,266
3,184,2,1573,855,731,124,842,13,BARLA,,5,,586,256
3,185,2,635,417,334,83,416,1,BOGATI,,5,,296,120
3,186,2,2053,1166,1014,152,1158,8,BOGATI,,5,,664,494
3,187,2,1422,818,733,85,811,7,BOGATI,,5,,525,286
3,188,2,2291,1665,1555,110,1652,13,BOTENI,,5,,1227,425
3,189,2,696,703,606,97,700,3,BOTESTI,,5,,471,229
3,190,2,368,345,311,34,343,2,BOTESTI,,5,,205,138
3,191,2,1022,746,519,227,744,2,BRADU,,5,,391,353
3,192,2,1331,767,627,140,762,5,BRADU,,5,,449,313
3,193,2,1211,895,636,259,891,4,BRADU,,5,,533,358
3,194,2,565,443,373,70,441,2,BRADULET,,5,,246,195
3,195,2,884,606,564,42,605,1,BRADULET,,5,,450,155
3,196,2,414,537,328,209,534,3,BRADULET,,5,,223,311
3,197,2,1230,787,647,140,780,7,BUDEASA,,5,,492,288
3,198,2,760,524,431,93,519,5,BUDEASA,,5,,327,192
3,199,2,736,546,419,127,542,4,BUDEASA,,5,,366,176
3,200,2,2203,1633,1509,124,1619,14,BUGHEA DE JOS,,5,,1113,506
3,201,2,1184,951,761,190,938,13,BUZOIESTI,,5,,757,181
3,202,2,1009,631,503,128,625,6,BUZOIESTI,,5,,451,174
3,203,2,1807,900,769,131,896,4,BUZOIESTI,,5,,554,342
3,204,2,1072,845,713,132,836,9,BUZOIESTI,,5,,509,327
3,205,2,857,643,530,113,639,4,CALDARARU,,5,,453,186
3,206,2,1080,724,611,113,717,7,CALDARARU,,5,,561,156
3,207,2,691,492,425,67,491,1,CALDARARU,,5,,372,119
3,208,2,1551,895,784,111,890,5,CALINESTI,,5,,521,369
3,209,2,1713,1025,821,204,1012,13,CALINESTI,,5,,612,400
3,210,2,788,512,369,143,510,2,CALINESTI,,5,,243,267
3,211,2,1562,948,698,250,944,4,CALINESTI,,5,,569,375
3,212,2,1201,698,573,125,694,4,CALINESTI,,5,,419,275
3,213,2,985,580,453,127,571,9,CALINESTI,,5,,422,149
3,214,2,729,591,499,92,587,4,CATEASCA,,5,,348,239
3,215,2,474,368,310,58,366,2,CATEASCA,,5,,224,142
3,216,2,1483,1047,872,175,1040,7,CATEASCA,,5,,687,353
3,217,2,1024,680,597,83,674,6,CEPARI,,5,,495,179
3,218,2,723,492,440,52,487,5,CEPARI,,5,,317,170
3,219,2,285,242,203,39,240,2,CEPARI,,5,,167,73
3,220,2,1618,1167,1049,118,1148,19,CETATENI,,5,,811,337
3,221,2,718,554,496,58,553,1,CETATENI,,5,,351,202
3,222,2,1794,1093,971,122,1084,9,CICANESTI,,5,,790,294
3,223,2,2027,1392,1155,237,1374,18,CIOFRANGENI,,5,,828,546
3,224,2,448,370,262,108,365,5,CIOMAGESTI,,5,,211,154
3,225,2,615,400,311,89,399,1,CIOMAGESTI,,5,,275,124
3,226,2,958,600,434,166,596,4,COCU,,5,,426,170
3,227,2,812,460,375,85,456,4,COCU,,5,,335,121
3,228,2,533,368,275,93,362,6,COCU,,5,,223,139
3,229,2,1761,1246,1010,236,1230,16,CORBENI,,5,,961,269
3,230,2,1912,1330,1010,320,1329,1,CORBENI,,5,,813,516
3,231,2,652,525,401,124,522,3,CORBENI,,5,,411,111
3,232,2,1662,940,841,99,922,18,CORBI,,5,,550,372
3,233,2,947,698,557,141,690,8,CORBI,,5,,509,181
3,234,2,662,724,611,113,721,3,CORBI,,5,,510,211
3,235,2,850,606,466,140,602,4,COSESTI,,5,,433,169
3,236,2,1553,1077,820,257,1074,3,COSESTI,,5,,716,358
3,237,2,1900,1347,1013,334,1335,12,COSESTI,,5,,995,340
3,238,2,857,571,464,107,565,6,COTMEANA,,5,,443,122
3,239,2,446,296,240,56,294,2,COTMEANA,,5,,211,83
3,240,2,484,382,240,142,379,3,COTMEANA,,5,,273,106
3,241,2,1274,830,676,154,820,10,CUCA,,5,,588,232
3,242,2,566,397,297,100,389,8,CUCA,,5,,288,101
3,243,2,904,666,539,127,660,6,DAVIDESTI,,5,,474,186
3,244,2,1009,676,572,104,669,7,DAVIDESTI,,5,,507,162
3,245,2,472,320,276,44,320,0,DAMBOVICIOARA,,5,,168,152
3,246,2,446,469,387,82,467,2,DAMBOVICIOARA,,5,,313,154
3,247,2,1588,1033,886,147,1026,7,DARMANESTI,,5,,686,340
3,248,2,1189,875,731,144,867,8,DARMANESTI,,5,,597,270
3,249,2,838,687,598,89,687,0,DOBRESTI,,5,,398,289
3,250,2,599,469,404,65,467,2,DOBRESTI,,5,,305,162
3,251,2,2599,2051,1820,231,2046,5,DOMNESTI,,5,,1190,856
3,252,2,833,773,600,173,765,8,DRAGOSLAVELE,,5,,521,244
3,253,2,866,677,634,43,673,4,DRAGOSLAVELE,,5,,432,241
3,254,2,1334,838,677,161,828,10,DRAGANU,,5,,465,363
3,255,2,1227,1042,953,89,1035,7,GODENI,,5,,677,358
3,256,2,1490,1156,1028,128,1152,4,GODENI,,5,,764,388
3,257,2,1915,1095,823,272,1080,15,HARSESTI,,5,,688,392
3,258,2,766,527,374,153,520,7,HARSESTI,,5,,311,209
3,259,2,1477,1056,931,125,1044,12,HARTIESTI,,5,,825,219
3,260,2,1319,974,843,131,967,7,HARTIESTI,,5,,717,250
3,261,2,511,403,333,70,400,3,HARTIESTI,,5,,275,125
3,262,2,180,173,135,38,173,0,HARTIESTI,,5,,147,26
3,263,2,2179,1299,1124,175,1293,6,IZVORU,,5,,985,308
3,264,2,2260,1458,1122,336,1443,15,LEORDENI,,5,,690,753
3,265,2,1071,653,557,96,642,11,LEORDENI,,5,,397,245
3,266,2,1287,803,662,141,794,9,LEORDENI,,5,,368,426
3,267,2,2591,1958,1732,226,1933,25,LERESTI,,5,,1239,694
3,268,2,1476,1219,955,264,1215,4,LERESTI,,5,,712,503
3,269,2,925,623,444,179,623,0,LUNCA CORBULUI,,5,,437,186
3,270,2,273,190,115,75,189,1,LUNCA CORBULUI,,5,,115,74
3,271,2,1145,653,484,169,649,4,LUNCA CORBULUI,,5,,450,199
3,272,2,555,436,256,180,435,1,LUNCA CORBULUI,,5,,325,110
3,273,2,582,423,333,90,413,10,MALURENI,,5,,295,118
3,274,2,472,348,249,99,348,0,MALURENI,,5,,245,103
3,275,2,370,257,173,84,254,3,MALURENI,,5,,159,95
3,276,2,486,378,316,62,374,4,MALURENI,,5,,287,87
3,277,2,731,551,400,151,545,6,MALURENI,,5,,386,159
3,278,2,529,386,259,127,381,5,MALURENI,,5,,220,161
3,279,2,397,243,193,50,241,2,MALURENI,,5,,224,17
3,280,2,1923,1441,1248,193,1431,10,MARACINENI,,5,,813,618
3,281,2,1077,840,693,147,835,5,MARACINENI,,5,,520,315
3,282,2,817,631,435,196,623,8,MERISANI,,5,,413,210
3,283,2,1297,780,578,202,774,6,MERISANI,,5,,440,334
3,284,2,780,491,346,145,488,3,MERISANI,,5,,294,194
3,285,2,1700,937,762,175,922,15,MICESTI,,5,,644,278
3,286,2,1045,675,550,125,674,1,MICESTI,,5,,470,204
3,287,2,1154,730,536,194,717,13,MIHAESTI,,5,,489,228
3,288,2,886,695,468,227,685,10,MIHAESTI,,5,,526,159
3,289,2,980,800,697,103,796,4,MIHAESTI,,5,,563,233
3,290,2,1347,1154,948,206,1141,13,MIHAESTI,,5,,838,303
3,291,2,1111,664,584,80,661,3,MIOARELE,,5,,458,203
3,292,2,391,325,266,59,323,2,MIOARELE,,5,,236,87
3,293,2,1561,1023,924,99,1021,2,MIROSI,,5,,786,235
3,294,2,946,599,511,88,595,4,MIROSI,,5,,406,189
3,295,2,955,652,535,117,642,10,MORARESTI,,5,,384,258
3,296,2,787,521,432,89,519,2,MORARESTI,,5,,363,156
3,297,2,1231,718,529,189,714,4,MOSOAIA,,5,,386,328
3,298,2,1472,937,742,195,926,11,MOSOAIA,,5,,512,414
3,299,2,483,351,268,83,347,4,MUSATESTI,,5,,215,132
3,300,2,729,554,488,66,544,10,MUSATESTI,,5,,436,108
3,301,2,1257,933,832,101,918,15,MUSATESTI,,5,,570,348
3,302,2,910,620,531,89,610,10,MUSATESTI,,5,,423,187
3,303,2,1586,983,841,142,972,11,MOZACENI,,5,,687,285
3,304,2,713,534,417,117,525,9,MOZACENI,,5,,320,205
3,305,2,842,572,479,93,564,8,NEGRASI,,5,,431,133
3,306,2,366,274,216,58,267,7,NEGRASI,,5,,203,64
3,307,2,218,192,152,40,190,2,NEGRASI,,5,,147,43
3,308,2,934,608,458,150,603,5,NEGRASI,,5,,421,182
3,309,2,1426,980,865,115,976,4,NUCSOARA,,5,,756,220
3,310,2,1500,1010,788,222,1005,5,OARJA,,5,,647,358
3,311,2,561,585,378,207,577,8,OARJA,,5,,430,147
3,312,2,1573,1077,1005,72,1071,6,PIETROSANI,,5,,859,212
3,313,2,1161,736,635,101,733,3,PIETROSANI,,5,,545,188
3,314,2,1500,1065,1003,62,1058,7,PIETROSANI,,5,,819,239
3,315,2,584,390,344,46,390,0,PIETROSANI,,5,,286,104
3,316,2,959,668,616,52,662,6,POIENARII DE ARGES,,5,,483,179
3,317,2,2079,1362,1247,115,1353,9,POIENARII DE MUSCEL,,5,,862,491
3,318,2,1010,741,657,84,732,9,POIENARII DE MUSCEL,,5,,512,220
3,319,2,1894,1260,928,332,1255,5,POIANA LACULUI,,5,,673,582
3,320,2,1653,1065,785,280,1061,4,POIANA LACULUI,,5,,682,379
3,321,2,1253,757,508,249,752,5,POIANA LACULUI,,5,,437,315
3,322,2,696,612,479,133,606,6,POPESTI,,5,,529,77
3,323,2,1190,926,670,256,919,7,POPESTI,,5,,676,243
3,324,2,1611,1030,829,201,1023,7,POPESTI,,5,,840,183
3,325,2,2783,1978,1815,163,1959,19,PRIBOIENI,,5,,1325,634
3,326,2,1610,1107,998,109,1101,6,RATESTI,,5,,682,419
3,327,2,506,366,333,33,361,5,RATESTI,,5,,232,129
3,328,2,723,508,443,65,499,9,RATESTI,,5,,353,146
3,329,2,1828,1301,1132,169,1289,12,RECEA,,5,,901,388
3,330,2,957,638,494,144,632,6,RECEA,,5,,503,129
3,331,2,479,443,312,131,435,8,ROCIU,,5,,346,89
3,332,2,505,482,345,137,479,3,ROCIU,,5,,394,85
3,333,2,776,592,469,123,588,4,ROCIU,,5,,459,129
3,334,2,912,654,537,117,650,4,ROCIU,,5,,474,176
3,335,2,2489,1874,1605,269,1865,9,RUCAR,,5,,1195,670
3,336,2,2111,1710,1357,353,1705,5,RUCAR,,5,,1202,503
3,337,2,143,142,91,51,140,2,RUCAR,,5,,101,39
3,338,2,1153,716,642,74,707,9,SALATRUCU,,5,,499,208
3,339,2,455,370,278,92,365,5,SALATRUCU,,5,,215,150
3,340,2,368,288,214,74,288,0,SAPATA,,5,,191,97
3,341,2,776,537,446,91,532,5,SAPATA,,5,,325,207
3,342,2,195,185,122,63,184,1,SAPATA,,5,,126,58
3,343,2,289,276,189,87,273,3,SAPATA,,5,,215,58
3,344,2,2201,1512,1409,103,1505,7,SCHITU GOLESTI,,5,,1007,498
3,345,2,1480,1097,918,179,1084,13,SCHITU GOLESTI,,5,,675,409
3,346,2,2222,1094,915,179,1083,11,SLOBOZIA,,5,,734,349
3,347,2,1894,1117,889,228,1102,15,SLOBOZIA,,5,,803,299
3,348,2,1428,1065,866,199,1058,7,STALPENI,,5,,762,296
3,349,2,1106,864,753,111,859,5,STALPENI,,5,,645,214
3,350,2,1362,984,843,141,977,7,STALPENI,,5,,762,215
3,351,2,1307,871,787,84,864,7,STOENESTI,,5,,498,366
3,352,2,1877,1249,1145,104,1242,7,STOENESTI,,5,,844,398
3,353,2,455,303,276,27,301,2,STOENESTI,,5,,212,89
3,354,2,1186,931,756,175,925,6,SUSENI,,5,,621,304
3,355,2,1571,1085,939,146,1081,4,SUSENI,,5,,787,294
3,356,2,1790,1121,867,254,1108,13,STOLNICI,,5,,687,421
3,357,2,1378,869,638,231,852,17,STOLNICI,,5,,494,358
3,358,2,1850,1124,963,161,1110,14,STEFAN CEL MARE,,5,,798,312
3,359,2,288,323,168,155,320,3,STEFAN CEL MARE,,5,,256,64
3,360,2,1635,1115,722,393,1109,6,STEFANESTI,,5,,557,552
3,361,2,2713,2101,961,1140,2085,16,STEFANESTI,,5,,1057,1028
3,362,2,2564,1476,1102,374,1471,5,STEFANESTI,,5,,781,690
3,363,2,1179,851,585,266,842,9,STEFANESTI,,5,,437,405
3,364,2,472,290,193,97,287,3,STEFANESTI,,5,,188,99
3,365,2,1100,713,614,99,708,5,SUICI,,5,,482,226
3,366,2,664,494,414,80,489,5,SUICI,,5,,337,152
3,367,2,326,206,149,57,203,3,SUICI,,5,,123,80
3,368,2,113,99,66,33,99,0,SUICI,,5,,63,36
3,369,2,1652,1033,939,94,1021,12,TEIU,,5,,659,362
3,370,2,1070,803,659,144,788,15,TIGVENI,,5,,586,202
3,371,2,1028,748,612,136,741,7,TIGVENI,,5,,560,181
3,372,2,308,223,189,34,220,3,TIGVENI,,5,,182,38
3,373,2,2372,1591,1404,187,1578,13,TITESTI,,5,,1134,444
3,374,2,553,337,255,82,320,17,TITESTI,,5,,182,138
3,375,2,544,382,254,128,381,1,UDA,,5,,306,75
3,376,2,339,266,176,90,266,0,UDA,,5,,192,74
3,377,2,835,518,342,176,516,2,UDA,,5,,392,124
3,378,2,467,393,255,138,388,5,UDA,,5,,304,84
3,379,2,922,627,512,115,623,4,UNGHENI,,5,,383,240
3,380,2,880,583,448,135,575,8,UNGHENI,,5,,424,151
3,381,2,1598,1011,847,164,998,13,UNGHENI,,5,,628,370
3,382,2,1522,991,902,89,980,11,VALEA DANULUI,,5,,664,316
3,383,2,858,504,431,73,497,7,VALEA DANULUI,,5,,339,158
3,384,2,1057,753,644,109,745,8,VALEA IASULUI,,5,,493,252
3,385,2,1140,800,702,98,795,5,VALEA IASULUI,,5,,546,249
3,386,2,1246,1022,833,189,1016,6,VALEA MARE PRAVAT,,5,,599,417
3,387,2,967,840,708,132,825,15,VALEA MARE PRAVAT,,5,,598,227
3,388,2,804,515,451,64,512,3,VALEA MARE PRAVAT,,5,,295,217
3,389,2,1519,991,677,314,982,9,VEDEA,,5,,673,309
3,390,2,1158,778,591,187,775,3,VEDEA,,5,,582,193
3,391,2,758,484,325,159,480,4,VEDEA,,5,,353,127
3,392,2,763,550,482,68,544,6,VLADESTI,,5,,413,131
3,393,2,1632,1192,1055,137,1188,4,VLADESTI,,5,,968,220
4,1,2,2143,1668,1525,143,1659,9,MUNICIPIUL BACAU,,4,,723,936
4,2,2,2285,1851,1655,196,1844,6,MUNICIPIUL BACAU,,4,,929,915
4,3,2,1893,1532,1396,136,1528,4,MUNICIPIUL BACAU,,4,,562,966
4,4,2,2365,1818,1737,81,1810,8,MUNICIPIUL BACAU,,4,,852,958
4,5,2,2266,1738,1598,140,1734,4,MUNICIPIUL BACAU,,4,,708,1026
4,6,2,1941,1496,1405,91,1486,10,MUNICIPIUL BACAU,,4,,614,872
4,7,2,2355,2041,1648,393,2020,21,MUNICIPIUL BACAU,,4,,925,1095
4,8,2,2099,1746,1521,225,1722,24,MUNICIPIUL BACAU,,4,,801,921
4,9,2,1990,1489,1352,137,1481,8,MUNICIPIUL BACAU,,4,,573,908
4,10,2,2196,1621,1524,97,1604,13,MUNICIPIUL BACAU,,4,,677,927
4,11,2,2047,1562,1429,133,1551,11,MUNICIPIUL BACAU,,4,,660,891
4,12,2,2010,1438,1348,90,1432,6,MUNICIPIUL BACAU,,4,,583,849
4,13,2,2140,1466,1381,85,1446,20,MUNICIPIUL BACAU,,4,,473,973
4,14,2,2832,2140,1940,200,2126,14,MUNICIPIUL BACAU,,4,,918,1208
4,15,2,2706,1900,1791,109,1893,7,MUNICIPIUL BACAU,,4,,706,1187
4,16,2,2668,2019,1858,161,2010,9,MUNICIPIUL BACAU,,4,,762,1248
4,17,2,2448,1955,1770,185,1939,16,MUNICIPIUL BACAU,,4,,845,1094
4,18,2,2748,1971,1865,106,1960,11,MUNICIPIUL BACAU,,4,,846,1114
4,19,2,2101,1547,1465,82,1539,8,MUNICIPIUL BACAU,,4,,634,905
4,20,2,2206,1633,1513,120,1623,8,MUNICIPIUL BACAU,,4,,745,878
4,21,2,2202,1680,1533,147,1670,10,MUNICIPIUL BACAU,,4,,677,993
4,22,2,2647,2150,1893,257,2131,19,MUNICIPIUL BACAU,,4,,733,1398
4,23,2,2347,1805,1594,211,1769,8,MUNICIPIUL BACAU,,4,,647,1122
4,24,2,1778,1218,1159,59,1207,11,MUNICIPIUL BACAU,,4,,399,808
4,25,2,1891,1393,1311,82,1383,10,MUNICIPIUL BACAU,,4,,467,916
4,26,2,1192,874,817,57,870,4,MUNICIPIUL BACAU,,4,,388,482
4,27,2,2409,1755,1593,162,1725,30,MUNICIPIUL BACAU,,4,,858,867
4,28,2,2736,2091,1796,295,2062,29,MUNICIPIUL BACAU,,4,,995,1067
4,29,2,2570,2252,1898,354,2241,11,MUNICIPIUL BACAU,,4,,837,1404
4,30,2,2485,1989,1780,209,1980,9,MUNICIPIUL BACAU,,4,,780,1200
4,31,2,2008,1662,1532,130,1656,6,MUNICIPIUL BACAU,,4,,689,967
4,32,2,1991,1574,1499,75,1566,8,MUNICIPIUL BACAU,,4,,654,912
4,33,2,2088,1597,1497,100,1589,8,MUNICIPIUL BACAU,,4,,664,925
4,34,2,2373,1720,1633,87,1709,11,MUNICIPIUL BACAU,,4,,682,1027
4,35,2,2341,1695,1556,139,1674,21,MUNICIPIUL BACAU,,4,,737,937
4,36,2,1964,1586,1403,183,1568,18,MUNICIPIUL BACAU,,4,,669,899
4,37,2,2473,1838,1711,127,1830,8,MUNICIPIUL BACAU,,4,,794,1036
4,38,2,2178,1715,1445,270,1699,16,MUNICIPIUL BACAU,,4,,738,961
4,39,2,2291,1714,1638,76,1709,5,MUNICIPIUL BACAU,,4,,697,1012
4,40,2,2832,1994,1867,127,1984,10,MUNICIPIUL BACAU,,4,,939,1045
4,41,2,2243,1694,1596,98,1685,9,MUNICIPIUL BACAU,,4,,714,971
4,42,2,2504,1806,1678,128,1794,12,MUNICIPIUL BACAU,,4,,744,1050
4,43,2,2397,1866,1654,212,1855,11,MUNICIPIUL BACAU,,4,,866,989
4,44,2,2485,1904,1812,92,1900,4,MUNICIPIUL BACAU,,4,,895,1005
4,45,2,2389,1832,1715,117,1824,8,MUNICIPIUL BACAU,,4,,854,970
4,46,2,2398,1721,1600,121,1697,23,MUNICIPIUL BACAU,,4,,753,944
4,47,2,2400,1605,1467,138,1601,4,MUNICIPIUL BACAU,,4,,616,985
4,48,2,2470,1754,1661,93,1735,19,MUNICIPIUL BACAU,,4,,796,939
4,49,2,1874,1618,1505,113,1609,9,MUNICIPIUL BACAU,,4,,709,900
4,50,2,2139,1572,1471,101,1560,12,MUNICIPIUL BACAU,,4,,729,831
4,51,2,1954,1475,1367,108,1466,9,MUNICIPIUL BACAU,,4,,655,811
4,52,2,1911,1360,1196,164,1351,5,MUNICIPIUL BACAU,,4,,532,819
4,53,2,2824,1948,1800,148,1934,14,MUNICIPIUL BACAU,,4,,867,1067
4,54,2,2773,2007,1849,158,1992,15,MUNICIPIUL BACAU,,4,,827,1165
4,55,2,2980,2174,2035,139,2162,12,MUNICIPIUL BACAU,,4,,906,1256
4,56,2,2344,1716,1618,98,1701,15,MUNICIPIUL BACAU,,4,,713,988
4,57,2,2530,1850,1731,119,1825,18,MUNICIPIUL BACAU,,4,,805,1020
4,58,2,2645,1920,1777,143,1912,8,MUNICIPIUL BACAU,,4,,731,1181
4,59,2,2216,1602,1475,127,1594,8,MUNICIPIUL BACAU,,4,,634,960
4,60,2,2238,2041,1568,473,2036,5,MUNICIPIUL BACAU,,4,,815,1221
4,61,2,2594,1887,1759,128,1879,8,MUNICIPIUL BACAU,,4,,846,1033
4,62,2,2347,1849,1672,177,1829,20,MUNICIPIUL BACAU,,4,,774,1055
4,63,2,2364,1767,1542,225,1756,11,MUNICIPIUL BACAU,,4,,744,1012
4,64,2,2133,1673,1416,257,1664,9,MUNICIPIUL BACAU,,4,,744,920
4,65,2,2376,1800,1685,115,1784,16,MUNICIPIUL BACAU,,4,,807,977
4,66,2,0,947,0,947,941,6,MUNICIPIUL BACAU,,4,,493,448
4,67,2,0,315,0,315,313,2,MUNICIPIUL BACAU,,4,,97,216
4,68,2,0,363,0,363,361,2,MUNICIPIUL BACAU,,4,,157,204
4,69,2,0,1449,0,1449,1429,20,MUNICIPIUL BACAU,,4,,197,1232
4,70,2,0,509,0,509,496,13,MUNICIPIUL BACAU,,4,,270,226
4,71,2,0,553,0,553,549,4,MUNICIPIUL BACAU,,4,,277,272
4,72,2,2523,1881,1740,141,1872,9,MUNICIPIUL ONESTI,,4,,882,990
4,73,2,2481,1785,1716,69,1769,16,MUNICIPIUL ONESTI,,4,,950,819
4,74,2,2397,1738,1644,94,1730,8,MUNICIPIUL ONESTI,,4,,870,860
4,75,2,2552,1745,1578,167,1727,14,MUNICIPIUL ONESTI,,4,,828,899
4,76,2,2856,1887,1794,93,1873,14,MUNICIPIUL ONESTI,,4,,816,1057
4,77,2,2381,1756,1573,183,1741,15,MUNICIPIUL ONESTI,,4,,770,971
4,78,2,2202,1642,1537,105,1637,5,MUNICIPIUL ONESTI,,4,,635,1002
4,79,2,2116,1702,1548,154,1696,6,MUNICIPIUL ONESTI,,4,,739,957
4,80,2,2159,1653,1528,125,1648,5,MUNICIPIUL ONESTI,,4,,880,768
4,81,2,1754,1299,1196,103,1289,10,MUNICIPIUL ONESTI,,4,,639,650
4,82,2,1866,1549,1425,124,1540,9,MUNICIPIUL ONESTI,,4,,618,922
4,83,2,2482,1802,1688,114,1788,14,MUNICIPIUL ONESTI,,4,,909,879
4,84,2,2524,1726,1599,127,1717,9,MUNICIPIUL ONESTI,,4,,856,861
4,85,2,2778,2232,1949,283,2220,12,MUNICIPIUL ONESTI,,4,,891,1329
4,86,2,2146,1778,1448,330,1772,6,MUNICIPIUL ONESTI,,4,,805,967
4,87,2,2226,1629,1519,110,1617,12,MUNICIPIUL ONESTI,,4,,697,920
4,88,2,1748,1363,1263,100,1353,10,MUNICIPIUL ONESTI,,4,,621,732
4,89,2,1442,1153,991,162,1148,5,MUNICIPIUL ONESTI,,4,,473,675
4,90,2,795,631,574,57,631,0,MUNICIPIUL ONESTI,,4,,366,265
4,91,2,488,509,354,155,507,2,MUNICIPIUL ONESTI,,4,,259,248
4,92,2,746,624,546,78,615,9,MUNICIPIUL ONESTI,,4,,408,207
4,93,2,2081,1581,1486,95,1558,23,MUNICIPIUL ONESTI,,4,,743,815
4,94,2,0,504,0,504,499,5,MUNICIPIUL ONESTI,,4,,288,211
4,95,2,2129,1514,1452,62,1506,8,ORAS BUHUSI,,4,,819,687
4,96,2,260,231,198,33,229,2,ORAS BUHUSI,,4,,142,87
4,97,2,2682,2053,1837,216,2036,17,ORAS BUHUSI,,4,,1166,870
4,98,2,2323,1643,1561,82,1625,18,ORAS BUHUSI,,4,,917,708
4,99,2,2803,2015,1951,64,2013,2,ORAS BUHUSI,,4,,1123,890
4,100,2,2607,1870,1712,158,1847,23,ORAS BUHUSI,,4,,977,870
4,101,2,2131,1451,1368,83,1438,13,ORAS BUHUSI,,4,,867,571
4,102,2,1593,1089,1050,39,1051,38,ORAS BUHUSI,,4,,703,348
4,103,2,1903,1472,1314,158,1458,14,ORAS COMANESTI,,4,,826,632
4,104,2,1446,1160,1016,144,1157,3,ORAS COMANESTI,,4,,611,546
4,105,2,1553,1246,1112,134,1235,11,ORAS COMANESTI,,4,,623,612
4,106,2,1461,1079,974,105,1075,4,ORAS COMANESTI,,4,,517,558
4,107,2,1116,874,769,105,871,3,ORAS COMANESTI,,4,,371,500
4,108,2,1659,1249,1184,65,1228,21,ORAS COMANESTI,,4,,852,376
4,109,2,1571,1249,1176,73,1238,11,ORAS COMANESTI,,4,,928,310
4,110,2,1248,1027,934,93,1017,10,ORAS COMANESTI,,4,,705,312
4,111,2,1094,841,783,58,823,18,ORAS COMANESTI,,4,,519,304
4,112,2,1077,817,735,82,813,4,ORAS COMANESTI,,4,,526,287
4,113,2,1373,1004,888,116,988,16,ORAS COMANESTI,,4,,588,400
4,114,2,968,742,685,57,730,12,ORAS COMANESTI,,4,,456,274
4,115,2,599,469,433,36,463,6,ORAS COMANESTI,,4,,242,221
4,116,2,1202,1108,887,221,1099,9,ORAS COMANESTI,,4,,714,385
4,117,2,2058,1624,1458,166,1609,15,ORAS DARMANESTI,,4,,1081,528
4,118,2,1219,1079,966,113,1068,11,ORAS DARMANESTI,,4,,791,277
4,119,2,1759,1466,1325,141,1451,15,ORAS DARMANESTI,,4,,975,476
4,120,2,2008,1555,1399,156,1525,30,ORAS DARMANESTI,,4,,993,532
4,121,2,1015,912,860,52,899,13,ORAS DARMANESTI,,4,,720,179
4,122,2,1160,944,845,99,934,10,ORAS DARMANESTI,,4,,762,172
4,123,2,554,519,435,84,515,4,ORAS DARMANESTI,,4,,345,170
4,124,2,278,230,215,15,227,3,ORAS DARMANESTI,,4,,162,65
4,125,2,1845,1422,1246,176,1413,9,ORAS MOINESTI,,4,,688,725
4,126,2,2386,1821,1563,258,1806,15,ORAS MOINESTI,,4,,892,914
4,127,2,1775,1392,1209,183,1378,14,ORAS MOINESTI,,4,,742,636
4,128,2,2539,1809,1632,177,1793,16,ORAS MOINESTI,,4,,952,841
4,129,2,2338,1657,1518,139,1638,19,ORAS MOINESTI,,4,,851,787
4,130,2,1364,1015,918,97,1005,10,ORAS MOINESTI,,4,,624,381
4,131,2,1048,914,740,174,909,5,ORAS MOINESTI,,4,,479,430
4,132,2,1467,1129,1022,107,1119,10,ORAS MOINESTI,,4,,580,539
4,133,2,947,747,665,82,733,14,ORAS MOINESTI,,4,,397,336
4,134,2,826,632,564,68,626,6,ORAS MOINESTI,,4,,386,240
4,135,2,1564,1207,1143,64,1194,13,ORAS MOINESTI,,4,,905,289
4,136,2,1073,875,791,84,861,14,ORAS MOINESTI,,4,,634,227
4,137,2,0,232,0,232,228,4,ORAS MOINESTI,,4,,119,109
4,138,2,1712,1529,1094,435,1524,5,ORAS SLANIC MOLDOVA,,4,,797,727
4,139,2,927,674,627,47,663,11,ORAS SLANIC MOLDOVA,,4,,394,269
4,140,2,1393,1050,988,62,1038,12,ORAS SLANIC MOLDOVA,,4,,487,551
4,141,2,1861,1588,1309,279,1573,15,ORAS TARGU OCNA,,4,,871,702
4,142,2,1710,1278,1197,81,1273,5,ORAS TARGU OCNA,,4,,658,615
4,143,2,2364,1799,1679,120,1795,4,ORAS TARGU OCNA,,4,,923,872
4,144,2,1673,1307,1211,96,1300,7,ORAS TARGU OCNA,,4,,751,549
4,145,2,1257,975,877,98,968,7,ORAS TARGU OCNA,,4,,574,394
4,146,2,732,596,529,67,593,3,ORAS TARGU OCNA,,4,,312,281
4,147,2,993,809,763,46,803,6,ORAS TARGU OCNA,,4,,553,250
4,148,2,0,171,0,171,169,2,ORAS TARGU OCNA,,4,,32,137
4,149,2,1851,1507,1222,285,1494,13,AGAS,,4,,972,522
4,150,2,987,807,652,155,800,7,AGAS,,4,,557,243
4,151,2,494,366,322,44,358,8,AGAS,,4,,169,189
4,152,2,1462,1134,962,172,1126,8,AGAS,,4,,815,311
4,153,2,1285,879,807,72,871,8,ARDEOANI,,4,,563,308
4,154,2,701,472,427,45,470,2,ARDEOANI,,4,,290,180
4,155,2,1835,1453,1336,117,1443,7,ASAU,,4,,1122,321
4,156,2,664,566,509,57,559,7,ASAU,,4,,404,155
4,157,2,1396,1030,935,95,1022,8,ASAU,,4,,776,246
4,158,2,1196,867,799,68,860,7,ASAU,,4,,668,192
4,159,2,455,461,394,67,461,0,ASAU,,4,,360,101
4,160,2,1144,769,691,78,765,4,BALCANI,,4,,416,349
4,161,2,2597,1680,1599,81,1661,19,BALCANI,,4,,881,780
4,162,2,1559,944,886,58,940,4,BALCANI,,4,,629,311
4,163,2,815,447,411,36,441,6,BALCANI,,4,,252,189
4,164,2,1523,1000,797,203,980,20,BERESTI-BISTRITA,,4,,650,330
4,165,2,838,640,491,149,635,5,BERESTI-BISTRITA,,4,,441,194
4,166,2,0,66,0,66,66,0,BERESTI-BISTRITA,,4,,50,16
4,167,2,1885,1098,988,110,1077,21,BERESTI-TAZLAU,,4,,785,292
4,168,2,986,693,612,81,688,5,BERESTI-TAZLAU,,4,,516,172
4,169,2,1248,926,751,175,908,18,BERESTI-TAZLAU,,4,,601,307
4,170,2,2003,1371,1293,78,1354,17,BERZUNTI,,4,,1000,354
4,171,2,1378,943,904,39,937,6,BERZUNTI,,4,,703,234
4,172,2,388,310,267,43,309,1,BERZUNTI,,4,,204,105
4,173,2,1391,996,872,124,991,5,BARSANESTI,,4,,672,319
4,174,2,531,402,319,83,399,3,BARSANESTI,,4,,261,138
4,175,2,1050,801,700,101,796,5,BARSANESTI,,4,,586,210
4,176,2,1097,866,743,123,859,6,BARSANESTI,,4,,541,318
4,177,2,1870,1270,1089,181,1256,14,BLAGESTI,,4,,906,350
4,178,2,1554,1063,890,173,1055,8,BLAGESTI,,4,,551,504
4,179,2,1060,824,622,202,815,9,BLAGESTI,,4,,574,241
4,180,2,906,592,483,109,581,11,BLAGESTI,,4,,384,197
4,181,2,1649,1190,1102,88,1166,24,BOGDANESTI,,4,,841,325
4,182,2,395,381,320,61,375,6,BOGDANESTI,,4,,253,122
4,183,2,1044,725,643,82,717,8,BRUSTUROASA,,4,,474,243
4,184,2,1035,724,657,67,715,9,BRUSTUROASA,,4,,431,284
4,185,2,676,512,430,82,505,7,BRUSTUROASA,,4,,328,177
4,186,2,1283,771,625,146,761,10,BUHOCI,,4,,453,308
4,187,2,1744,1043,876,167,1024,19,BUHOCI,,4,,498,526
4,188,2,556,385,300,85,376,9,BUHOCI,,4,,210,166
4,189,2,2003,1391,1253,138,1380,10,CASIN,,4,,769,611
4,190,2,709,566,525,41,556,10,CASIN,,4,,370,186
4,191,2,1309,977,775,202,970,7,CAIUTI,,4,,652,318
4,192,2,1172,865,756,109,853,12,CAIUTI,,4,,616,237
4,193,2,866,619,523,96,607,12,CAIUTI,,4,,394,213
4,194,2,567,454,417,37,453,1,CAIUTI,,4,,260,193
4,195,2,2224,1513,1324,189,1465,48,CLEJA,,4,,565,900
4,196,2,1444,1050,878,172,1020,30,CLEJA,,4,,459,561
4,197,2,1266,722,683,39,674,48,CLEJA,,4,,309,365
4,198,2,1092,709,651,58,706,3,COLONESTI,,4,,521,185
4,199,2,569,352,309,43,346,6,COLONESTI,,4,,263,83
4,200,2,1063,748,635,113,743,5,CORBASCA,,4,,558,185
4,201,2,1115,680,595,85,668,12,CORBASCA,,4,,505,163
4,202,2,447,346,269,77,335,11,CORBASCA,,4,,232,103
4,203,2,1205,777,697,80,765,12,CORBASCA,,4,,666,99
4,204,2,1049,755,624,131,745,10,COTOFANESTI,,4,,495,250
4,205,2,1172,843,746,97,834,9,COTOFANESTI,,4,,498,336
4,206,2,827,577,486,91,566,11,DAMIENESTI,,4,,394,172
4,207,2,841,574,518,56,572,2,DAMIENESTI,,4,,464,108
4,208,2,912,649,567,82,636,13,DEALU MORII,,4,,438,198
4,209,2,379,305,240,65,298,7,DEALU MORII,,4,,189,109
4,210,2,607,442,372,70,435,7,DEALU MORII,,4,,320,115
4,211,2,587,403,353,50,393,10,DEALU MORII,,4,,238,155
4,212,2,2391,1701,1656,45,1686,15,DOFTEANA,,4,,980,706
4,213,2,1786,1350,1307,43,1331,19,DOFTEANA,,4,,957,374
4,214,2,589,502,432,70,494,8,DOFTEANA,,4,,358,136
4,215,2,1578,1281,1190,91,1266,15,DOFTEANA,,4,,739,527
4,216,2,907,706,646,60,697,9,DOFTEANA,,4,,431,266
4,217,2,2377,1476,1371,105,1443,33,FARAOANI,,4,,405,1038
4,218,2,1886,1342,1176,166,1316,26,FARAOANI,,4,,403,913
4,219,2,780,606,543,63,599,7,FILIPENI,,4,,449,150
4,220,2,710,557,449,108,548,6,FILIPENI,,4,,352,196
4,221,2,632,445,365,80,440,5,FILIPENI,,4,,308,132
4,222,2,777,553,374,179,550,3,FILIPESTI,,4,,308,242
4,223,2,715,568,437,131,562,6,FILIPESTI,,4,,360,202
4,224,2,970,667,579,88,663,4,FILIPESTI,,4,,377,286
4,225,2,707,458,364,94,454,3,FILIPESTI,,4,,316,138
4,226,2,452,373,273,100,368,5,FILIPESTI,,4,,259,109
4,227,2,925,535,430,105,521,14,GAICEANA,,4,,353,168
4,228,2,991,593,544,49,579,14,GAICEANA,,4,,402,177
4,229,2,536,389,305,84,379,10,GAICEANA,,4,,284,95
4,230,2,792,731,604,127,723,8,GHIMES-FAGET,,4,,87,636
4,231,2,2031,1232,1073,159,1214,18,GHIMES-FAGET,,4,,183,1031
4,232,2,752,555,510,45,551,4,GHIMES-FAGET,,4,,278,273
4,233,2,240,213,188,25,212,1,GHIMES-FAGET,,4,,141,71
4,234,2,1068,664,535,129,658,6,GARLENI,,4,,277,381
4,235,2,1906,1256,1023,233,1234,19,GARLENI,,4,,553,681
4,236,2,1356,924,762,162,912,12,GARLENI,,4,,365,547
4,237,2,1808,1120,993,127,1102,18,GLAVANESTI,,4,,862,240
4,238,2,1544,967,864,103,946,21,GLAVANESTI,,4,,670,276
4,239,2,2014,1478,1356,122,1446,32,GURA VAII,,4,,950,496
4,240,2,940,567,538,29,560,6,GURA VAII,,4,,290,270
4,241,2,1276,893,828,65,878,15,GURA VAII,,4,,503,375
4,242,2,756,648,406,242,644,4,HELEGIU,,4,,430,214
4,243,2,1565,965,763,202,932,33,HELEGIU,,4,,643,289
4,244,2,1801,1163,971,192,1142,21,HELEGIU,,4,,767,375
4,245,2,660,656,494,162,646,10,HELEGIU,,4,,438,208
4,246,2,972,640,497,143,634,6,HELEGIU,,4,,426,208
4,247,2,1111,794,647,147,789,5,HEMEIUS,,4,,358,431
4,248,2,1300,872,750,122,857,15,HEMEIUS,,4,,359,498
4,249,2,0,151,0,151,147,4,HEMEIUS,,4,,83,64
4,250,2,1561,958,862,96,934,21,HORGESTI,,4,,473,461
4,251,2,989,657,562,95,646,11,HORGESTI,,4,,447,199
4,252,2,757,521,393,128,516,5,HORGESTI,,4,,362,154
4,253,2,1183,726,583,143,716,10,HURUIESTI,,4,,562,154
4,254,2,383,334,247,87,331,3,HURUIESTI,,4,,224,107
4,255,2,515,371,302,69,366,5,HURUIESTI,,4,,261,105
4,256,2,226,182,137,45,180,2,HURUIESTI,,4,,134,46
4,257,2,1269,802,678,124,788,14,IZVORU BERHECIULUI,,4,,567,221
4,258,2,1265,872,694,178,854,18,LETEA VECHE,,4,,471,383
4,259,2,1011,778,645,133,763,15,LETEA VECHE,,4,,424,339
4,260,2,643,480,349,131,465,15,LETEA VECHE,,4,,239,226
4,261,2,624,455,368,87,444,11,LIPOVA,,4,,309,135
4,262,2,577,401,343,58,394,7,LIPOVA,,4,,262,132
4,263,2,871,523,439,84,515,8,LIPOVA,,4,,405,110
4,264,2,830,533,427,106,528,5,LIVEZI,,4,,351,177
4,265,2,789,673,577,96,663,10,LIVEZI,,4,,494,169
4,266,2,600,565,428,137,558,7,LIVEZI,,4,,417,141
4,267,2,395,341,277,64,332,9,LIVEZI,,4,,225,107
4,268,2,702,551,462,89,544,7,LIVEZI,,4,,352,192
4,269,2,639,532,402,130,522,10,LIVEZI,,4,,413,109
4,270,2,2634,1716,1483,233,1665,51,LUIZI-CALUGARA,,4,,580,1085
4,271,2,1382,1064,993,71,1042,22,LUIZI-CALUGARA,,4,,414,628
4,272,2,1877,1418,1229,189,1394,24,MAGIRESTI,,4,,944,450
4,273,2,1474,1042,821,221,1021,21,MAGIRESTI,,4,,652,369
4,274,2,2082,1442,1325,117,1423,19,MAGURA,,4,,576,847
4,275,2,661,488,437,51,482,6,MAGURA,,4,,155,327
4,276,2,2016,1472,1220,252,1462,10,MANASTIREA CASIN,,4,,1104,358
4,277,2,1642,1179,970,209,1166,13,MANASTIREA CASIN,,4,,937,229
4,278,2,547,448,337,111,444,4,MANASTIREA CASIN,,4,,306,138
4,279,2,2270,1545,1217,328,1521,24,MARGINENI,,4,,407,1114
4,280,2,1060,872,662,210,858,14,MARGINENI,,4,,320,538
4,281,2,1040,814,635,179,807,7,MARGINENI,,4,,231,576
4,282,2,941,769,589,180,756,13,MARGINENI,,4,,398,358
4,283,2,1059,660,455,205,643,17,MOTOSENI,,4,,515,128
4,284,2,606,396,327,69,389,7,MOTOSENI,,4,,307,82
4,285,2,767,491,359,132,477,14,MOTOSENI,,4,,393,84
4,286,2,598,482,297,185,471,11,MOTOSENI,,4,,346,125
4,287,2,410,301,218,83,297,2,MOTOSENI,,4,,216,81
4,288,2,2679,1827,1606,221,1802,25,NICOLAE BALCESCU,,4,,602,1200
4,289,2,2038,1191,860,331,1164,27,NICOLAE BALCESCU,,4,,365,799
4,290,2,468,413,125,288,395,18,NICOLAE BALCESCU,,4,,214,181
4,291,2,1512,883,725,158,865,18,NICOLAE BALCESCU,,4,,458,407
4,292,2,1033,710,623,87,697,13,NICOLAE BALCESCU,,4,,120,577
4,293,2,1201,805,683,122,795,10,NEGRI,,4,,593,202
4,294,2,1348,807,737,70,782,25,NEGRI,,4,,480,302
4,295,2,1766,1355,1217,138,1338,16,OITUZ,,4,,991,347
4,296,2,1674,1168,1026,142,1155,13,OITUZ,,4,,850,305
4,297,2,1439,915,842,73,905,10,OITUZ,,4,,626,279
4,298,2,1119,743,695,48,733,10,OITUZ,,4,,528,205
4,299,2,768,629,578,51,621,8,OITUZ,,4,,405,216
4,300,2,351,380,301,79,378,2,OITUZ,,4,,244,134
4,301,2,255,284,211,73,280,4,OITUZ,,4,,171,109
4,302,2,801,600,489,111,587,13,ONCESTI,,4,,395,192
4,303,2,522,400,358,42,396,4,ONCESTI,,4,,322,74
4,304,2,1742,1068,987,81,1046,22,ORBENI,,4,,629,417
4,305,2,1360,916,806,110,888,28,ORBENI,,4,,591,297
4,306,2,1210,1099,882,217,1091,8,PALANCA,,4,,903,188
4,307,2,1602,1191,1126,65,1176,15,PALANCA,,4,,990,186
4,308,2,128,127,84,43,126,1,PALANCA,,4,,67,59
4,309,2,880,626,520,106,614,12,PARAVA,,4,,271,343
4,310,2,788,487,434,53,479,8,PARAVA,,4,,265,214
4,311,2,627,335,282,53,330,5,PARAVA,,4,,162,168
4,312,2,692,470,388,82,466,4,PARINCEA,,4,,242,224
4,313,2,702,492,418,74,485,7,PARINCEA,,4,,321,164
4,314,2,795,493,442,51,487,6,PARINCEA,,4,,386,101
4,315,2,670,437,368,69,432,5,PARINCEA,,4,,315,117
4,316,2,223,189,143,46,180,9,PARINCEA,,4,,126,54
4,317,2,1181,938,795,143,925,13,PARGARESTI,,4,,562,363
4,318,2,1408,822,667,155,806,16,PARGARESTI,,4,,390,416
4,319,2,916,692,598,94,674,18,PARGARESTI,,4,,398,276
4,320,2,2077,1210,1050,160,1183,25,PANCESTI,,4,,734,449
4,321,2,1311,862,732,130,851,11,PANCESTI,,4,,539,312
4,322,2,886,690,508,182,687,3,PARJOL,,4,,439,248
4,323,2,725,556,379,177,545,11,PARJOL,,4,,319,226
4,324,2,684,473,428,45,471,2,PARJOL,,4,,352,119
4,325,2,1556,1142,1021,121,1125,15,PARJOL,,4,,462,663
4,326,2,805,642,556,86,631,11,PARJOL,,4,,430,201
4,327,2,725,458,382,76,454,4,PARJOL,,4,,364,90
4,328,2,1367,816,673,143,806,10,PLOPANA,,4,,540,266
4,329,2,1371,864,730,134,846,18,PLOPANA,,4,,631,215
4,330,2,2154,1642,1376,266,1625,17,PODU TURCULUI,,4,,1100,525
4,331,2,940,640,514,126,624,16,PODU TURCULUI,,4,,359,265
4,332,2,605,426,351,75,413,13,PODU TURCULUI,,4,,259,154
4,333,2,426,348,293,55,341,7,PODU TURCULUI,,4,,213,128
4,334,2,1812,1253,975,278,1246,7,PODURI,,4,,820,426
4,335,2,831,666,399,267,664,2,PODURI,,4,,418,246
4,336,2,710,789,442,347,780,9,PODURI,,4,,572,208
4,337,2,1285,951,740,211,937,13,PODURI,,4,,659,278
4,338,2,947,969,905,64,965,4,PODURI,,4,,771,194
4,339,2,1596,1206,1005,201,1199,7,RACOVA,,4,,806,393
4,340,2,914,717,544,173,711,6,RACOVA,,4,,512,199
4,341,2,2068,1451,1163,288,1430,21,RACACIUNI,,4,,649,781
4,342,2,767,543,442,101,528,15,RACACIUNI,,4,,211,317
4,343,2,544,396,307,89,386,10,RACACIUNI,,4,,185,201
4,344,2,1675,1054,878,176,1029,25,RACACIUNI,,4,,589,440
4,345,2,1599,897,778,119,886,11,RACHITOASA,,4,,588,298
4,346,2,505,312,267,45,306,6,RACHITOASA,,4,,234,72
4,347,2,715,542,399,143,537,5,RACHITOASA,,4,,370,167
4,348,2,954,646,514,132,633,13,RACHITOASA,,4,,489,144
4,349,2,855,593,488,105,591,2,ROSIORI,,4,,441,150
4,350,2,288,243,194,49,243,0,ROSIORI,,4,,183,60
4,351,2,387,292,225,67,286,6,ROSIORI,,4,,205,81
4,352,2,2003,1646,1142,504,1629,16,SASCUT,,4,,740,889
4,353,2,1131,885,709,176,867,18,SASCUT,,4,,269,598
4,354,2,440,449,277,172,444,5,SASCUT,,4,,315,129
4,355,2,965,846,592,254,833,13,SASCUT,,4,,398,435
4,356,2,1606,830,683,147,811,19,SASCUT,,4,,424,387
4,357,2,2061,1457,1213,244,1430,27,SASCUT,,4,,725,705
4,358,2,1329,947,801,146,934,13,SANDULENI,,4,,742,192
4,359,2,699,544,479,65,538,6,SANDULENI,,4,,433,105
4,360,2,839,575,487,88,562,13,SANDULENI,,4,,329,233
4,361,2,276,237,186,51,234,3,SANDULENI,,4,,137,97
4,362,2,1876,1276,1063,213,1252,24,SAUCESTI,,4,,682,570
4,363,2,778,586,396,190,572,14,SAUCESTI,,4,,354,218
4,364,2,1662,1173,1041,132,1164,9,SCORTENI,,4,,717,447
4,365,2,805,645,552,93,640,5,SCORTENI,,4,,380,260
4,366,2,950,602,480,122,585,17,SECUIENI,,4,,384,201
4,367,2,469,334,234,100,331,3,SECUIENI,,4,,222,109
4,368,2,1166,776,644,132,763,13,SECUIENI,,4,,580,183
4,369,2,613,408,318,90,397,11,SECUIENI,,4,,278,119
4,370,2,1263,1029,865,164,1009,20,SOLONT,,4,,767,242
4,371,2,687,501,442,59,493,8,SOLONT,,4,,344,149
4,372,2,1088,826,709,117,818,8,SOLONT,,4,,533,285
4,373,2,963,565,449,116,552,13,STANISESTI,,4,,399,153
4,374,2,420,342,287,55,342,0,STANISESTI,,4,,187,155
4,375,2,455,280,235,45,278,2,STANISESTI,,4,,177,101
4,376,2,1306,828,701,127,806,22,STANISESTI,,4,,596,210
4,377,2,406,277,215,62,271,6,STANISESTI,,4,,187,84
4,378,2,1139,794,705,89,785,9,STRUGARI,,4,,540,245
4,379,2,397,277,253,24,272,5,STRUGARI,,4,,195,77
4,380,2,601,475,388,87,467,8,STRUGARI,,4,,376,91
4,381,2,801,501,362,139,497,4,STEFAN CEL MARE,,4,,245,252
4,382,2,447,385,244,141,382,3,STEFAN CEL MARE,,4,,190,192
4,383,2,457,392,264,128,390,2,STEFAN CEL MARE,,4,,222,168
4,384,2,629,526,383,143,522,3,STEFAN CEL MARE,,4,,210,312
4,385,2,462,469,338,131,468,1,STEFAN CEL MARE,,4,,313,155
4,386,2,477,354,264,90,351,3,STEFAN CEL MARE,,4,,225,126
4,387,2,766,652,494,158,644,8,STEFAN CEL MARE,,4,,464,180
4,388,2,1129,899,717,182,885,14,STEFAN CEL MARE,,4,,458,427
4,389,2,1978,1397,1230,167,1363,34,TAMASI,,4,,940,423
4,390,2,2312,1576,1369,207,1557,19,TAMASI,,4,,845,712
4,391,2,639,518,450,68,509,9,TATARASTI,,4,,367,142
4,392,2,822,640,577,63,631,9,TATARASTI,,4,,473,158
4,393,2,689,570,497,73,553,17,TATARASTI,,4,,381,172
4,394,2,1521,1201,1052,149,1196,5,TARGU TROTUS,,4,,783,413
4,395,2,1419,1020,963,57,1005,14,TARGU TROTUS,,4,,537,468
4,396,2,896,793,674,119,782,11,TARGU TROTUS,,4,,404,378
4,397,2,1694,1064,813,251,1046,18,TRAIAN,,4,,506,540
4,398,2,2078,1247,1011,236,1234,13,TRAIAN,,4,,517,717
4,399,2,440,292,230,62,281,11,TRAIAN,,4,,108,173
4,400,2,734,548,468,80,543,5,UNGURENI,,4,,417,126
4,401,2,664,491,379,112,484,7,UNGURENI,,4,,331,153
4,402,2,576,407,329,78,398,9,UNGURENI,,4,,230,168
4,403,2,515,409,306,103,401,8,UNGURENI,,4,,207,194
4,404,2,1820,1322,1156,166,1302,20,URECHESTI,,4,,626,676
4,405,2,1230,919,775,144,913,6,URECHESTI,,4,,582,331
4,406,2,835,547,360,187,538,9,VALEA SEACA,,4,,274,264
4,407,2,595,444,313,131,440,4,VALEA SEACA,,4,,248,192
4,408,2,799,498,365,133,491,7,VALEA SEACA,,4,,287,204
4,409,2,544,445,318,127,437,8,VALEA SEACA,,4,,223,214
4,410,2,454,297,238,59,295,2,VULTURENI,,4,,175,120
4,411,2,523,339,270,69,334,5,VULTURENI,,4,,276,58
4,412,2,639,384,330,54,379,5,VULTURENI,,4,,247,132
4,413,2,272,231,205,26,231,0,VULTURENI,,4,,221,10
4,414,2,745,660,506,154,658,2,ZEMES,,4,,344,314
4,415,2,1839,1580,1288,292,1570,10,ZEMES,,4,,1004,566
4,416,2,694,560,487,73,552,8,ZEMES,,4,,296,256
5,1,2,861,697,561,136,694,3,MUNICIPIUL ORADEA,,2,,113,581
5,2,2,965,690,664,26,689,1,MUNICIPIUL ORADEA,,2,,184,505
5,3,2,1512,946,862,84,942,4,MUNICIPIUL ORADEA,,2,,193,749
5,4,2,1615,1077,1019,58,1074,3,MUNICIPIUL ORADEA,,2,,253,821
5,5,2,1233,894,849,45,892,2,MUNICIPIUL ORADEA,,2,,238,654
5,6,2,1090,827,783,44,826,1,MUNICIPIUL ORADEA,,2,,192,634
5,7,2,707,620,474,146,620,0,MUNICIPIUL ORADEA,,2,,120,500
5,8,2,1507,998,881,117,998,0,MUNICIPIUL ORADEA,,2,,196,802
5,9,2,1882,1436,1347,89,1434,2,MUNICIPIUL ORADEA,,2,,323,1111
5,10,2,1883,1443,1352,91,1442,1,MUNICIPIUL ORADEA,,2,,342,1100
5,11,2,785,518,451,67,516,2,MUNICIPIUL ORADEA,,2,,115,401
5,12,2,748,571,529,42,571,0,MUNICIPIUL ORADEA,,2,,158,413
5,13,2,883,919,577,342,916,3,MUNICIPIUL ORADEA,,2,,203,713
5,14,2,1513,1129,1087,42,1129,0,MUNICIPIUL ORADEA,,2,,362,767
5,15,2,1004,725,661,64,720,5,MUNICIPIUL ORADEA,,2,,203,517
5,16,2,908,665,636,29,664,1,MUNICIPIUL ORADEA,,2,,130,534
5,17,2,1194,936,870,66,933,3,MUNICIPIUL ORADEA,,2,,327,606
5,18,2,1194,905,815,90,903,2,MUNICIPIUL ORADEA,,2,,284,619
5,19,2,1594,1221,1137,84,1135,2,MUNICIPIUL ORADEA,,2,,335,800
5,20,2,1417,1064,1007,57,1061,3,MUNICIPIUL ORADEA,,2,,282,779
5,21,2,1628,1345,1132,213,1340,5,MUNICIPIUL ORADEA,,2,,316,1024
5,22,2,1164,939,819,120,934,5,MUNICIPIUL ORADEA,,2,,252,682
5,23,2,1632,1281,1211,70,1278,3,MUNICIPIUL ORADEA,,2,,308,970
5,24,2,2079,1461,1325,136,1456,5,MUNICIPIUL ORADEA,,2,,301,1155
5,25,2,1868,1516,1366,150,1514,2,MUNICIPIUL ORADEA,,2,,408,1106
5,26,2,1618,1241,1169,72,1238,3,MUNICIPIUL ORADEA,,2,,350,888
5,27,2,1739,1353,1297,56,1348,5,MUNICIPIUL ORADEA,,2,,340,1008
5,28,2,1259,1036,942,94,1036,0,MUNICIPIUL ORADEA,,2,,255,781
5,29,2,1541,1194,1147,47,1190,4,MUNICIPIUL ORADEA,,2,,292,898
5,30,2,1759,1318,1257,61,1316,2,MUNICIPIUL ORADEA,,2,,320,996
5,31,2,2060,1477,1367,110,1471,6,MUNICIPIUL ORADEA,,2,,415,1056
5,32,2,1912,1481,1402,79,1479,2,MUNICIPIUL ORADEA,,2,,344,1135
5,33,2,1767,1322,1242,80,1321,1,MUNICIPIUL ORADEA,,2,,316,1005
5,34,2,1530,1053,975,78,1051,2,MUNICIPIUL ORADEA,,2,,219,832
5,35,2,1374,958,890,68,955,3,MUNICIPIUL ORADEA,,2,,217,738
5,36,2,1457,1062,990,72,1062,0,MUNICIPIUL ORADEA,,2,,239,823
5,37,2,1731,1303,1216,87,1300,3,MUNICIPIUL ORADEA,,2,,286,1014
5,38,2,1138,883,777,106,880,3,MUNICIPIUL ORADEA,,2,,193,687
5,39,2,1702,1314,1265,49,1310,4,MUNICIPIUL ORADEA,,2,,313,997
5,40,2,1393,1022,961,61,1016,6,MUNICIPIUL ORADEA,,2,,227,789
5,41,2,1054,761,722,39,759,2,MUNICIPIUL ORADEA,,2,,142,617
5,42,2,1775,1230,1163,67,1228,2,MUNICIPIUL ORADEA,,2,,291,937
5,43,2,1755,1267,1217,50,1264,3,MUNICIPIUL ORADEA,,2,,332,932
5,44,2,1637,1240,1155,85,1236,4,MUNICIPIUL ORADEA,,2,,344,892
5,45,2,1179,897,823,74,895,2,MUNICIPIUL ORADEA,,2,,206,689
5,46,2,1764,1308,1216,92,1302,6,MUNICIPIUL ORADEA,,2,,340,962
5,47,2,1118,829,781,48,825,4,MUNICIPIUL ORADEA,,2,,193,632
5,48,2,1297,889,819,70,886,3,MUNICIPIUL ORADEA,,2,,57,829
5,49,2,1528,1115,1010,105,1112,3,MUNICIPIUL ORADEA,,2,,83,1029
5,50,2,917,661,618,43,659,2,MUNICIPIUL ORADEA,,2,,122,537
5,51,2,1096,795,746,49,792,3,MUNICIPIUL ORADEA,,2,,247,545
5,52,2,968,802,670,132,802,0,MUNICIPIUL ORADEA,,2,,214,588
5,53,2,967,738,674,64,735,3,MUNICIPIUL ORADEA,,2,,186,549
5,54,2,1088,1010,730,280,1007,3,MUNICIPIUL ORADEA,,2,,232,775
5,55,2,1003,765,726,39,762,3,MUNICIPIUL ORADEA,,2,,154,608
5,56,2,1336,940,910,30,937,3,MUNICIPIUL ORADEA,,2,,194,743
5,57,2,927,720,663,57,720,0,MUNICIPIUL ORADEA,,2,,149,571
5,58,2,1047,858,790,68,856,2,MUNICIPIUL ORADEA,,2,,270,586
5,59,2,1383,1070,975,95,1065,5,MUNICIPIUL ORADEA,,2,,256,809
5,60,2,1611,1264,1127,137,1256,8,MUNICIPIUL ORADEA,,2,,382,874
5,61,2,1624,1134,1049,85,1125,9,MUNICIPIUL ORADEA,,2,,216,909
5,62,2,866,797,610,187,792,5,MUNICIPIUL ORADEA,,2,,183,609
5,63,2,796,625,583,42,623,2,MUNICIPIUL ORADEA,,2,,133,490
5,64,2,822,698,564,134,693,5,MUNICIPIUL ORADEA,,2,,174,519
5,65,2,863,652,608,44,651,1,MUNICIPIUL ORADEA,,2,,164,487
5,66,2,976,819,678,141,815,4,MUNICIPIUL ORADEA,,2,,228,587
5,67,2,1195,1247,864,383,1237,10,MUNICIPIUL ORADEA,,2,,262,975
5,68,2,1567,1287,1198,89,1191,7,MUNICIPIUL ORADEA,,2,,398,793
5,69,2,1120,979,860,119,970,9,MUNICIPIUL ORADEA,,2,,239,731
5,70,2,1015,1076,707,369,1069,7,MUNICIPIUL ORADEA,,2,,236,833
5,71,2,1165,855,795,60,850,5,MUNICIPIUL ORADEA,,2,,188,662
5,72,2,1332,949,839,110,940,9,MUNICIPIUL ORADEA,,2,,177,763
5,73,2,1143,986,766,220,978,8,MUNICIPIUL ORADEA,,2,,244,734
5,74,2,1086,767,714,53,763,4,MUNICIPIUL ORADEA,,2,,141,622
5,75,2,1310,819,729,90,813,6,MUNICIPIUL ORADEA,,2,,184,629
5,76,2,796,567,509,58,560,7,MUNICIPIUL ORADEA,,2,,186,374
5,77,2,1594,1219,1113,106,1215,4,MUNICIPIUL ORADEA,,2,,332,883
5,78,2,1404,1215,964,251,1201,14,MUNICIPIUL ORADEA,,2,,271,930
5,79,2,1351,1016,903,113,1010,6,MUNICIPIUL ORADEA,,2,,301,709
5,80,2,1686,1276,1126,150,1269,7,MUNICIPIUL ORADEA,,2,,357,912
5,81,2,1722,1243,1160,83,1241,2,MUNICIPIUL ORADEA,,2,,371,870
5,82,2,1679,1160,1111,49,1158,2,MUNICIPIUL ORADEA,,2,,217,941
5,83,2,1791,1376,1264,112,1376,0,MUNICIPIUL ORADEA,,2,,421,955
5,84,2,1075,1149,1075,74,1143,6,MUNICIPIUL ORADEA,,2,,382,761
5,85,2,1660,1195,1111,84,1195,0,MUNICIPIUL ORADEA,,2,,340,855
5,86,2,1463,1137,1016,121,1135,2,MUNICIPIUL ORADEA,,2,,286,849
5,87,2,1610,1162,1102,60,1160,2,MUNICIPIUL ORADEA,,2,,338,822
5,88,2,1594,1009,938,71,1001,8,MUNICIPIUL ORADEA,,2,,227,774
5,89,2,1602,1164,1089,75,1161,3,MUNICIPIUL ORADEA,,2,,331,830
5,90,2,1477,1039,981,58,1039,0,MUNICIPIUL ORADEA,,2,,276,763
5,91,2,1193,840,794,46,838,2,MUNICIPIUL ORADEA,,2,,186,652
5,92,2,1178,903,841,62,903,0,MUNICIPIUL ORADEA,,2,,262,641
5,93,2,1839,1361,1289,72,1358,3,MUNICIPIUL ORADEA,,2,,412,946
5,94,2,1065,840,781,59,836,4,MUNICIPIUL ORADEA,,2,,222,614
5,95,2,806,734,598,136,730,4,MUNICIPIUL ORADEA,,2,,263,467
5,96,2,1303,958,886,72,956,2,MUNICIPIUL ORADEA,,2,,279,677
5,97,2,1627,1195,1120,75,1194,1,MUNICIPIUL ORADEA,,2,,395,799
5,98,2,1776,1343,1241,102,1337,6,MUNICIPIUL ORADEA,,2,,429,908
5,99,2,1197,1069,1001,68,1068,1,MUNICIPIUL ORADEA,,2,,318,750
5,100,2,1500,992,963,29,988,4,MUNICIPIUL ORADEA,,2,,267,721
5,101,2,1339,979,941,38,979,0,MUNICIPIUL ORADEA,,2,,274,705
5,102,2,1210,832,775,57,828,4,MUNICIPIUL ORADEA,,2,,207,621
5,103,2,1519,1224,1075,149,1220,4,MUNICIPIUL ORADEA,,2,,278,942
5,104,2,939,691,601,90,691,0,MUNICIPIUL ORADEA,,2,,167,524
5,105,2,969,754,698,56,754,0,MUNICIPIUL ORADEA,,2,,205,549
5,106,2,992,655,620,35,649,6,MUNICIPIUL ORADEA,,2,,121,528
5,107,2,936,667,609,58,660,7,MUNICIPIUL ORADEA,,2,,140,520
5,108,2,1025,789,676,113,785,4,MUNICIPIUL ORADEA,,2,,147,638
5,109,2,1126,763,721,42,761,2,MUNICIPIUL ORADEA,,2,,155,606
5,110,2,1394,986,931,55,986,0,MUNICIPIUL ORADEA,,2,,187,799
5,111,2,1677,1123,1078,45,1116,7,MUNICIPIUL ORADEA,,2,,241,875
5,112,2,1721,1390,1214,176,1385,5,MUNICIPIUL ORADEA,,2,,359,1026
5,113,2,1947,1333,1200,133,1333,0,MUNICIPIUL ORADEA,,2,,351,982
5,114,2,1845,1552,1338,214,1546,6,MUNICIPIUL ORADEA,,2,,437,1109
5,115,2,1465,1193,1145,48,1190,3,MUNICIPIUL ORADEA,,2,,285,905
5,116,2,2011,1599,1486,113,1597,2,MUNICIPIUL ORADEA,,2,,391,1206
5,117,2,1310,1034,966,68,1032,2,MUNICIPIUL ORADEA,,2,,297,735
5,118,2,1454,1126,982,144,1121,5,MUNICIPIUL ORADEA,,2,,318,803
5,119,2,1597,1128,1032,96,1126,2,MUNICIPIUL ORADEA,,2,,300,826
5,120,2,1509,1102,1050,52,1096,6,MUNICIPIUL ORADEA,,2,,247,849
5,121,2,838,655,619,36,652,3,MUNICIPIUL ORADEA,,2,,215,437
5,122,2,1240,926,885,41,924,2,MUNICIPIUL ORADEA,,2,,368,556
5,123,2,1072,853,809,44,852,1,MUNICIPIUL ORADEA,,2,,436,416
5,124,2,1021,789,764,25,787,2,MUNICIPIUL ORADEA,,2,,321,466
5,125,2,962,792,728,64,792,0,MUNICIPIUL ORADEA,,2,,341,451
5,126,2,978,853,753,100,851,2,MUNICIPIUL ORADEA,,2,,383,468
5,127,2,1275,888,826,62,888,0,MUNICIPIUL ORADEA,,2,,219,669
5,128,2,1113,695,661,34,695,0,MUNICIPIUL ORADEA,,2,,253,442
5,129,2,1103,837,754,83,834,3,MUNICIPIUL ORADEA,,2,,266,568
5,130,2,1441,1130,1037,93,1121,9,MUNICIPIUL ORADEA,,2,,324,797
5,131,2,297,196,169,27,195,1,MUNICIPIUL ORADEA,,2,,17,178
5,132,2,2718,2438,2408,30,2401,37,MUNICIPIUL ORADEA,,2,,982,1419
5,133,2,0,811,0,811,805,6,MUNICIPIUL ORADEA,,2,,276,529
5,134,2,0,1552,0,1552,1552,0,MUNICIPIUL ORADEA,,2,,354,1198
5,135,2,2882,2565,2178,387,2555,10,ORAS ALESD,,2,,451,2104
5,136,2,2823,2005,1761,244,1997,8,ORAS ALESD,,2,,387,1610
5,137,2,766,559,484,75,558,1,ORAS ALESD,,2,,32,526
5,138,2,1091,790,748,42,780,10,ORAS ALESD,,2,,159,621
5,139,2,591,490,452,38,488,2,ORAS ALESD,,2,,114,374
5,140,2,1856,1388,1328,60,1383,5,ORAS BEIUS,,2,,640,743
5,141,2,1910,1322,1182,140,1316,6,ORAS BEIUS,,2,,583,733
5,142,2,1269,942,871,71,935,7,ORAS BEIUS,,2,,373,562
5,143,2,1921,1493,1389,104,1488,5,ORAS BEIUS,,2,,736,752
5,144,2,2226,1763,1604,159,1760,3,ORAS BEIUS,,2,,884,876
5,145,2,308,248,230,18,247,1,ORAS BEIUS,,2,,160,87
5,146,2,300,301,294,7,299,2,ORAS BEIUS,,2,,162,137
5,147,2,1833,1537,1230,307,1528,9,ORAS MARGHITA,,2,,514,1014
5,148,2,1713,1340,1099,241,1333,7,ORAS MARGHITA,,2,,306,1027
5,149,2,1561,1206,1096,110,1206,0,ORAS MARGHITA,,2,,272,934
5,150,2,1998,1393,1285,108,1383,10,ORAS MARGHITA,,2,,257,1126
5,151,2,1501,1203,1158,45,1199,4,ORAS MARGHITA,,2,,254,945
5,152,2,2100,1529,1420,109,1524,5,ORAS MARGHITA,,2,,329,1195
5,153,2,1976,1440,1358,82,1433,7,ORAS MARGHITA,,2,,389,1044
5,154,2,791,561,467,94,548,13,ORAS MARGHITA,,2,,159,389
5,155,2,606,488,420,68,485,3,ORAS MARGHITA,,2,,278,207
5,156,2,1075,918,804,114,914,4,ORAS NUCET,,2,,513,401
5,157,2,596,646,596,50,521,2,ORAS NUCET,,2,,280,241
5,158,2,2587,1960,1822,138,1940,20,ORAS SALONTA,,2,,192,1748
5,159,2,1637,1143,1091,52,1135,8,ORAS SALONTA,,2,,108,1027
5,160,2,1973,1351,1277,74,1347,4,ORAS SALONTA,,2,,276,1071
5,161,2,1996,1445,1352,93,1437,8,ORAS SALONTA,,2,,212,1225
5,162,2,1230,977,870,107,969,8,ORAS SALONTA,,2,,161,808
5,163,2,2193,1497,1400,97,1490,7,ORAS SALONTA,,2,,390,1100
5,164,2,1931,1462,1304,158,1446,16,ORAS SALONTA,,2,,298,1148
5,165,2,1602,1215,1108,107,1199,16,ORAS SALONTA,,2,,360,839
5,166,2,677,537,496,41,530,7,ORAS SALONTA,,2,,217,313
5,167,2,0,94,0,94,93,1,ORAS SALONTA,,2,,38,55
5,168,2,0,301,0,301,297,4,ORAS SALONTA,,2,,129,168
5,169,2,2033,1537,1300,237,1530,7,ORAS STEI,,2,,786,744
5,170,2,1841,1420,1303,117,1412,8,ORAS STEI,,2,,699,713
5,171,2,2953,2105,1839,266,2095,10,ORAS STEI,,2,,975,1120
5,172,2,2727,1852,1627,225,1838,14,ORAS VALEA LUI MIHAI,,2,,153,1685
5,173,2,1726,1809,1462,347,1769,40,ORAS VALEA LUI MIHAI,,2,,173,1596
5,174,2,1386,926,839,87,888,38,ORAS VALEA LUI MIHAI,,2,,40,848
5,175,2,1680,1132,1020,112,1103,29,ORAS VALEA LUI MIHAI,,2,,76,1027
5,176,2,1893,1378,1281,97,1373,5,ORAS VASCAU,,2,,706,667
5,177,2,666,449,394,55,445,4,ORAS VASCAU,,2,,300,145
5,178,2,657,538,464,74,534,4,ABRAM,,2,,140,394
5,179,2,340,225,177,48,224,1,ABRAM,,2,,179,45
5,180,2,416,318,273,45,304,14,ABRAM,,2,,224,80
5,181,2,748,551,495,56,542,9,ABRAM,,2,,291,251
5,182,2,524,401,338,63,397,4,ABRAM,,2,,183,214
5,183,2,697,492,444,48,474,18,ABRAMUT,,2,,170,304
5,184,2,352,307,238,69,302,5,ABRAMUT,,2,,17,285
5,185,2,1029,858,749,109,855,3,ABRAMUT,,2,,40,815
5,186,2,1697,1166,1071,95,1159,7,ASTILEU,,2,,458,701
5,187,2,459,444,350,94,442,2,ASTILEU,,2,,190,252
5,188,2,772,415,361,54,412,3,ASTILEU,,2,,218,194
5,189,2,1416,937,827,110,922,15,AUSEU,,2,,355,567
5,190,2,870,518,460,58,511,7,AUSEU,,2,,229,282
5,191,2,1534,1287,1115,172,1280,7,AVRAM IANCU,,2,,911,369
5,192,2,168,196,126,70,195,1,AVRAM IANCU,,2,,29,166
5,193,2,749,615,474,141,602,13,AVRAM IANCU,,2,,209,393
5,194,2,957,666,552,114,658,8,BALC,,2,,55,603
5,195,2,767,523,480,43,512,11,BALC,,2,,300,212
5,196,2,441,345,305,40,335,10,BALC,,2,,226,109
5,197,2,597,527,431,96,510,17,BALC,,2,,271,239
5,198,2,1157,996,833,163,980,16,BATAR,,2,,579,401
5,199,2,641,417,397,20,417,0,BATAR,,2,,41,376
5,200,2,1224,954,833,121,943,11,BATAR,,2,,729,214
5,201,2,783,664,577,87,660,4,BATAR,,2,,414,246
5,202,2,2285,1723,1322,401,1715,8,BIHARIA,,2,,77,1638
5,203,2,448,373,321,52,372,1,BIHARIA,,2,,20,352
5,204,2,183,159,137,22,159,0,BIHARIA,,2,,3,156
5,205,2,371,339,230,109,331,5,BIHARIA,,2,,52,279
5,206,2,185,167,129,38,167,0,BIHARIA,,2,,0,167
5,207,2,691,642,524,118,639,3,BIHARIA,,2,,34,605
5,208,2,621,476,422,54,469,7,BOIANU MARE,,2,,278,191
5,209,2,535,503,384,119,496,7,BOIANU MARE,,2,,276,220
5,210,2,1322,825,726,99,816,9,BOROD,,2,,327,489
5,211,2,877,530,493,37,524,6,BOROD,,2,,231,293
5,212,2,834,568,496,72,562,6,BOROD,,2,,259,303
5,213,2,102,71,33,38,69,2,BOROD,,2,,31,38
5,214,2,352,164,104,60,161,3,BOROD,,2,,23,138
5,215,2,899,657,554,103,655,2,BORS,,2,,48,607
5,216,2,1104,779,705,74,772,7,BORS,,2,,9,763
5,217,2,263,246,164,82,246,0,BORS,,2,,25,221
5,218,2,310,327,239,88,326,1,BORS,,2,,25,301
5,219,2,2195,1422,1337,85,1411,11,BRATCA,,2,,827,584
5,220,2,726,397,376,21,396,1,BRATCA,,2,,277,119
5,221,2,1178,867,812,55,858,9,BRATCA,,2,,395,463
5,222,2,662,375,351,24,369,6,BRATCA,,2,,175,194
5,223,2,1546,832,774,58,827,5,BRUSTURI,,2,,380,447
5,224,2,896,397,382,15,394,3,BRUSTURI,,2,,220,174
5,225,2,854,616,577,39,609,7,BRUSTURI,,2,,270,339
5,226,2,525,290,267,23,287,3,BRUSTURI,,2,,121,166
5,227,2,1521,1083,959,124,1061,22,BUDUREASA,,2,,564,497
5,228,2,550,314,307,7,310,4,BUDUREASA,,2,,184,126
5,229,2,797,584,504,80,582,2,BUDUSLAU,,2,,94,488
5,230,2,813,538,479,59,532,6,BUDUSLAU,,2,,19,513
5,231,2,1327,745,683,62,742,3,BULZ,,2,,281,461
5,232,2,844,616,616,0,611,5,BULZ,,2,,305,306
5,233,2,1270,884,836,48,875,9,BUNTESTI,,2,,500,375
5,234,2,477,329,297,32,322,7,BUNTESTI,,2,,220,102
5,235,2,1067,745,718,27,739,6,BUNTESTI,,2,,239,500
5,236,2,1025,762,678,84,759,3,BUNTESTI,,2,,450,309
5,237,2,1412,964,870,94,953,11,CABESTI,,2,,588,365
5,238,2,298,242,224,18,239,3,CABESTI,,2,,175,64
5,239,2,418,378,344,34,378,0,CAPALNA,,2,,269,109
5,240,2,585,373,305,68,370,3,CAPALNA,,2,,92,278
5,241,2,525,473,370,103,468,5,CAPALNA,,2,,319,149
5,242,2,404,391,335,56,387,4,CAPALNA,,2,,242,145
5,243,2,848,676,619,57,672,4,CARPINET,,2,,478,194
5,244,2,1211,783,723,60,780,3,CARPINET,,2,,492,288
5,245,2,175,158,111,47,148,10,CEFA,,2,,75,73
5,246,2,901,720,592,128,712,8,CEFA,,2,,376,336
5,247,2,447,368,315,53,363,5,CEFA,,2,,160,203
5,248,2,773,590,483,107,569,21,CEFA,,2,,303,266
5,249,2,635,543,482,61,534,9,CEFA,,2,,300,234
5,250,2,414,364,282,82,360,4,CEFA,,2,,159,201
5,251,2,1135,927,756,171,923,4,CEFA,,2,,625,298
5,252,2,1397,1012,867,145,1010,2,CEICA,,2,,579,431
5,253,2,606,360,328,32,356,4,CEICA,,2,,207,149
5,254,2,506,454,419,35,452,2,CEICA,,2,,388,64
5,255,2,443,347,302,45,344,3,CEICA,,2,,247,97
5,256,2,336,305,214,91,302,3,CEICA,,2,,186,116
5,257,2,850,458,458,0,454,4,CETARIU,,2,,10,444
5,258,2,379,318,280,38,317,1,CETARIU,,2,,5,312
5,259,2,350,422,336,86,422,0,CETARIU,,2,,1,421
5,260,2,444,364,314,50,360,4,CETARIU,,2,,11,349
5,261,2,179,176,147,29,175,1,CETARIU,,2,,2,173
5,262,2,524,442,375,67,441,1,CETARIU,,2,,16,425
5,263,2,299,204,162,42,202,2,CETARIU,,2,,111,91
5,264,2,618,407,348,59,401,6,CHERECHIU,,2,,18,383
5,265,2,882,650,566,84,645,5,CHERECHIU,,2,,45,600
5,266,2,441,405,325,80,397,8,CHERECHIU,,2,,9,388
5,267,2,454,389,321,68,381,8,CHISLAZ,,2,,185,196
5,268,2,488,463,404,59,460,3,CHISLAZ,,2,,230,230
5,269,2,748,692,628,64,687,5,CHISLAZ,,2,,8,679
5,270,2,297,183,144,39,180,3,CHISLAZ,,2,,19,161
5,271,2,358,338,259,79,332,6,CHISLAZ,,2,,141,191
5,272,2,382,259,259,0,258,1,CHISLAZ,,2,,129,129
5,273,2,844,707,607,100,702,5,CIUHOI,,2,,383,319
5,274,2,973,809,702,107,797,12,CIUHOI,,2,,39,758
5,275,2,1335,1002,860,142,986,16,CIUMEGHIU,,2,,458,528
5,276,2,690,432,385,47,422,10,CIUMEGHIU,,2,,122,300
5,277,2,1336,909,816,93,903,6,CIUMEGHIU,,2,,322,581
5,278,2,1293,1069,939,130,1062,7,CAMPANI,,2,,671,391
5,279,2,305,291,273,18,291,0,CAMPANI,,2,,174,117
5,280,2,326,286,264,22,286,0,CAMPANI,,2,,124,162
5,281,2,306,262,252,10,258,4,CAMPANI,,2,,158,100
5,282,2,852,722,644,78,716,6,COCIUBA MARE,,2,,471,245
5,283,2,678,554,501,53,549,5,COCIUBA MARE,,2,,313,236
5,284,2,641,549,491,58,542,7,COCIUBA MARE,,2,,225,317
5,285,2,572,527,469,58,523,4,COCIUBA MARE,,2,,358,165
5,286,2,978,678,541,137,670,8,COPACEL,,2,,364,306
5,287,2,616,400,350,50,393,7,COPACEL,,2,,230,163
5,288,2,372,322,258,64,316,6,COPACEL,,2,,176,140
5,289,2,368,289,226,63,284,5,CRISTIORU DE JOS,,2,,143,141
5,290,2,220,192,192,0,192,0,CRISTIORU DE JOS,,2,,141,51
5,291,2,485,424,378,46,423,1,CRISTIORU DE JOS,,2,,280,143
5,292,2,428,373,314,59,368,5,CRISTIORU DE JOS,,2,,255,113
5,293,2,2261,1459,1363,96,1433,26,CURATELE,,2,,754,679
5,294,2,2010,1379,1293,86,1354,25,CURTUISENI,,2,,69,1285
5,295,2,888,703,621,82,691,12,CURTUISENI,,2,,393,298
5,296,2,772,554,477,77,551,3,DERNA,,2,,256,295
5,297,2,611,399,396,3,393,6,DERNA,,2,,240,153
5,298,2,566,363,326,37,360,3,DERNA,,2,,219,141
5,299,2,321,197,174,23,194,3,DERNA,,2,,64,130
5,300,2,409,298,261,37,298,0,DERNA,,2,,179,119
5,301,2,1536,950,822,128,944,6,DIOSIG,,2,,385,559
5,302,2,2067,1145,937,208,1132,13,DIOSIG,,2,,64,1068
5,303,2,1445,911,741,170,896,15,DIOSIG,,2,,119,777
5,304,2,844,718,580,138,712,6,DIOSIG,,2,,370,342
5,305,2,916,590,505,85,589,1,DIOSIG,,2,,25,564
5,306,2,487,403,364,39,396,7,DIOSIG,,2,,8,388
5,307,2,1237,959,931,28,938,21,DOBRESTI,,2,,476,462
5,308,2,882,672,649,23,661,11,DOBRESTI,,2,,419,242
5,309,2,1439,1005,959,46,995,10,DOBRESTI,,2,,749,246
5,310,2,636,523,506,17,511,12,DOBRESTI,,2,,394,117
5,311,2,1083,826,763,63,820,6,DRAGANESTI,,2,,381,439
5,312,2,465,388,357,31,388,0,DRAGANESTI,,2,,259,129
5,313,2,534,413,375,38,411,2,DRAGANESTI,,2,,258,153
5,314,2,222,202,170,32,202,0,DRAGANESTI,,2,,119,83
5,315,2,1026,662,574,88,644,18,DRAGESTI,,2,,377,267
5,316,2,844,574,453,121,565,9,DRAGESTI,,2,,205,360
5,317,2,1618,1318,1128,190,1305,13,FINIS,,2,,452,853
5,318,2,1079,858,738,120,845,13,FINIS,,2,,345,500
5,319,2,874,680,494,186,676,4,GIRISU DE CRIS,,2,,361,315
5,320,2,821,629,510,119,622,7,GIRISU DE CRIS,,2,,314,308
5,321,2,1275,893,638,255,885,8,GIRISU DE CRIS,,2,,296,589
5,322,2,760,570,443,127,566,4,GIRISU DE CRIS,,2,,283,283
5,323,2,1493,1041,915,126,1022,19,HIDISELU DE SUS,,2,,665,357
5,324,2,645,625,569,56,620,5,HIDISELU DE SUS,,2,,442,178
5,325,2,361,292,238,54,290,2,HIDISELU DE SUS,,2,,189,101
5,326,2,745,548,484,64,539,9,HOLOD,,2,,362,177
5,327,2,465,390,302,88,372,18,HOLOD,,2,,173,199
5,328,2,731,439,392,47,436,3,HOLOD,,2,,259,177
5,329,2,748,604,554,50,598,6,HOLOD,,2,,429,169
5,330,2,589,501,432,69,499,2,HUSASAU DE TINCA,,2,,337,162
5,331,2,148,136,103,33,134,2,HUSASAU DE TINCA,,2,,70,64
5,332,2,292,283,206,77,283,0,HUSASAU DE TINCA,,2,,207,76
5,333,2,361,304,253,51,303,1,HUSASAU DE TINCA,,2,,198,105
5,334,2,387,351,273,78,347,4,HUSASAU DE TINCA,,2,,204,143
5,335,2,1504,963,913,50,949,14,INEU,,2,,225,724
5,336,2,510,317,275,42,314,3,INEU,,2,,164,150
5,337,2,597,519,375,144,510,9,INEU,,2,,230,280
5,338,2,493,376,324,52,376,0,LAZURI DE BEIUS,,2,,220,156
5,339,2,443,362,326,36,359,3,LAZURI DE BEIUS,,2,,189,170
5,340,2,678,471,429,42,471,0,LAZURI DE BEIUS,,2,,204,267
5,341,2,639,483,365,118,480,3,LAZARENI,,2,,201,279
5,342,2,535,379,340,39,375,4,LAZARENI,,2,,239,136
5,343,2,464,360,286,74,359,1,LAZARENI,,2,,154,205
5,344,2,471,402,301,101,394,8,LAZARENI,,2,,222,172
5,345,2,197,175,136,39,173,2,LAZARENI,,2,,82,91
5,346,2,1672,1111,1050,61,1100,11,LUGASU DE JOS,,2,,458,642
5,347,2,682,508,414,94,502,6,LUGASU DE JOS,,2,,35,467
5,348,2,816,594,503,91,594,0,LUNCA,,2,,349,245
5,349,2,379,289,259,30,287,2,LUNCA,,2,,178,109
5,350,2,252,222,202,20,221,1,LUNCA,,2,,110,111
5,351,2,397,342,311,31,340,2,LUNCA,,2,,200,140
5,352,2,330,281,243,38,281,0,LUNCA,,2,,187,94
5,353,2,565,400,348,52,396,4,LUNCA,,2,,191,205
5,354,2,693,549,470,79,544,5,MADARAS,,2,,297,247
5,355,2,159,152,99,53,149,3,MADARAS,,2,,57,92
5,356,2,548,544,436,108,541,3,MADARAS,,2,,319,222
5,357,2,887,839,707,132,835,4,MADARAS,,2,,598,237
5,358,2,834,621,570,51,618,3,MAGESTI,,2,,227,391
5,359,2,483,380,353,27,374,6,MAGESTI,,2,,168,206
5,360,2,284,203,187,16,203,0,MAGESTI,,2,,59,144
5,361,2,655,485,429,56,484,1,MAGESTI,,2,,128,356
5,362,2,1156,874,667,207,869,5,NOJORID,,2,,367,502
5,363,2,210,194,121,73,189,5,NOJORID,,2,,85,104
5,364,2,105,105,59,46,105,0,NOJORID,,2,,73,32
5,365,2,366,276,182,94,272,4,NOJORID,,2,,100,172
5,366,2,686,690,528,162,687,3,NOJORID,,2,,194,493
5,367,2,203,181,122,59,178,3,NOJORID,,2,,122,56
5,368,2,272,220,157,63,215,5,NOJORID,,2,,88,127
5,369,2,487,475,409,66,473,2,OLCEA,,2,,358,115
5,370,2,915,727,667,60,719,8,OLCEA,,2,,349,370
5,371,2,351,325,303,22,309,16,OLCEA,,2,,249,60
5,372,2,408,452,346,106,447,5,OLCEA,,2,,279,168
5,373,2,1841,1367,1363,4,1354,13,OSORHEI,,2,,297,1057
5,374,2,711,638,491,147,633,5,OSORHEI,,2,,368,265
5,375,2,324,348,236,112,341,7,OSORHEI,,2,,190,151
5,376,2,282,299,204,95,294,5,OSORHEI,,2,,195,99
5,377,2,612,495,399,96,489,6,OSORHEI,,2,,54,435
5,378,2,1704,1298,1245,53,1287,11,PIETROASA,,2,,698,589
5,379,2,1098,1028,990,38,1023,5,PIETROASA,,2,,733,290
5,380,2,1442,948,879,69,941,7,POCOLA,,2,,559,382
5,381,2,1160,729,672,57,721,8,POMEZEU,,2,,523,198
5,382,2,1004,872,797,75,869,3,POMEZEU,,2,,639,230
5,383,2,931,731,656,75,724,7,POMEZEU,,2,,520,204
5,384,2,1810,1363,1250,113,1352,11,POPESTI,,2,,640,712
5,385,2,797,501,434,67,496,5,POPESTI,,2,,307,189
5,386,2,841,457,383,74,452,5,POPESTI,,2,,176,276
5,387,2,966,666,626,40,656,10,POPESTI,,2,,359,297
5,388,2,500,381,332,49,373,8,POPESTI,,2,,222,151
5,389,2,291,217,187,30,210,7,POPESTI,,2,,95,115
5,390,2,1409,986,843,143,972,14,POPESTI,,2,,651,321
5,391,2,1015,686,606,80,683,3,RABAGAMI,,2,,473,210
5,392,2,625,365,316,49,364,1,RABAGAMI,,2,,279,85
5,393,2,406,338,299,39,334,4,RABAGAMI,,2,,257,77
5,394,2,1096,824,738,86,821,3,REMETEA,,2,,358,463
5,395,2,1017,639,585,54,625,14,REMETEA,,2,,342,283
5,396,2,440,369,278,91,362,7,REMETEA,,2,,249,113
5,397,2,1270,839,779,60,828,11,RIENI,,2,,405,423
5,398,2,1282,818,794,24,813,5,RIENI,,2,,434,379
5,399,2,2213,1763,1725,38,1738,25,ROSIA,,2,,1236,502
5,400,2,913,722,585,137,719,3,SACADAT,,2,,389,330
5,401,2,545,480,409,71,473,7,SACADAT,,2,,183,290
5,402,2,2096,1264,1081,183,1258,6,SACUIENI,,2,,58,1200
5,403,2,1431,1114,883,231,1102,12,SACUIENI,,2,,43,1059
5,404,2,1001,725,577,148,721,4,SACUIENI,,2,,43,678
5,405,2,942,572,493,79,566,6,SACUIENI,,2,,53,513
5,406,2,823,549,490,59,543,6,SACUIENI,,2,,17,526
5,407,2,735,564,524,40,554,10,SACUIENI,,2,,33,521
5,408,2,770,494,457,37,482,12,SACUIENI,,2,,8,474
5,409,2,236,265,243,22,262,3,SACUIENI,,2,,12,250
5,410,2,685,423,382,41,399,24,SACUIENI,,2,,21,378
5,411,2,1939,952,876,76,947,5,SALACEA,,2,,22,925
5,412,2,602,448,384,64,443,5,SALACEA,,2,,26,417
5,413,2,1980,1295,1079,216,1284,11,SALARD,,2,,257,1027
5,414,2,1073,548,510,38,544,4,SALARD,,2,,13,531
5,415,2,1463,1045,922,123,1032,13,SAMBATA,,2,,650,382
5,416,2,1983,1530,1076,454,1527,3,SANMARTIN,,2,,534,993
5,417,2,332,281,244,37,272,9,SANMARTIN,,2,,147,125
5,418,2,658,533,460,73,533,0,SANMARTIN,,2,,288,245
5,419,2,827,653,548,105,638,15,SANMARTIN,,2,,270,368
5,420,2,399,1737,153,1584,1728,9,SANMARTIN,,2,,731,997
5,421,2,1181,1074,771,303,1067,7,SANMARTIN,,2,,487,580
5,422,2,2149,1726,1491,235,1720,6,SANTANDREI,,2,,863,857
5,423,2,508,326,262,64,321,5,SANTANDREI,,2,,23,298
5,424,2,1425,1043,852,191,1039,4,SARBI,,2,,499,540
5,425,2,1087,743,662,81,736,7,SARBI,,2,,275,461
5,426,2,813,519,445,74,517,2,SPINUS,,2,,236,281
5,427,2,366,312,259,53,312,0,SPINUS,,2,,134,178
5,428,2,2412,1581,1268,313,1573,8,SUPLACU DE BARCAU,,2,,323,1250
5,429,2,855,507,431,76,490,17,SUPLACU DE BARCAU,,2,,285,205
5,430,2,730,444,439,5,435,9,SUPLACU DE BARCAU,,2,,98,337
5,431,2,2010,1474,1186,288,1459,15,SIMIAN,,2,,66,1393
5,432,2,868,641,467,174,629,12,SIMIAN,,2,,43,586
5,433,2,400,339,225,114,334,5,SIMIAN,,2,,89,245
5,434,2,1128,537,507,30,526,11,SINTEU,,2,,55,471
5,435,2,591,452,376,76,444,8,SOIMI,,2,,241,203
5,436,2,316,235,203,32,233,2,SOIMI,,2,,145,88
5,437,2,246,167,157,10,167,0,SOIMI,,2,,110,57
5,438,2,1040,689,613,76,682,7,SOIMI,,2,,508,174
5,439,2,388,251,200,51,246,5,SOIMI,,2,,160,86
5,440,2,1319,1112,889,223,1102,10,SUNCUIUS,,2,,600,502
5,441,2,848,638,530,108,630,8,SUNCUIUS,,2,,340,290
5,442,2,153,89,65,24,89,0,SUNCUIUS,,2,,45,44
5,443,2,285,147,118,29,143,4,SUNCUIUS,,2,,91,52
5,444,2,230,185,108,77,182,3,SUNCUIUS,,2,,111,71
5,445,2,729,518,423,95,512,6,TARCEA,,2,,82,430
5,446,2,649,372,332,40,372,0,TARCEA,,2,,23,349
5,447,2,815,511,432,79,507,4,TARCEA,,2,,50,457
5,448,2,1181,1036,977,59,1033,3,TARCAIA,,2,,138,895
5,449,2,564,357,303,54,351,6,TARCAIA,,2,,153,198
5,450,2,896,764,708,56,763,1,TAUTEU,,2,,44,719
5,451,2,657,526,362,164,498,28,TAUTEU,,2,,226,272
5,452,2,901,752,688,64,743,9,TAUTEU,,2,,398,345
5,453,2,715,552,514,38,547,5,TAUTEU,,2,,232,315
5,454,2,2600,1910,1227,683,1899,11,TILEAGD,,2,,409,1490
5,455,2,1124,660,510,150,651,9,TILEAGD,,2,,105,546
5,456,2,662,444,403,41,438,6,TILEAGD,,2,,210,228
5,457,2,745,651,557,94,644,7,TILEAGD,,2,,294,350
5,458,2,1396,1101,950,151,1097,4,TINCA,,2,,369,728
5,459,2,1761,1396,1216,180,1380,16,TINCA,,2,,548,832
5,460,2,994,709,612,97,704,5,TINCA,,2,,334,370
5,461,2,539,404,355,49,401,3,TINCA,,2,,240,161
5,462,2,383,284,227,57,279,5,TINCA,,2,,18,261
5,463,2,633,560,456,104,551,9,TINCA,,2,,386,165
5,464,2,1896,1471,1304,167,1457,14,TULCA,,2,,815,642
5,465,2,383,346,283,63,344,2,TULCA,,2,,194,150
5,466,2,1051,786,717,69,776,10,TETCHEA,,2,,299,477
5,467,2,1214,864,715,149,856,8,TETCHEA,,2,,417,439
5,468,2,594,495,435,60,494,1,UILEACU DE BEIUS,,2,,122,372
5,469,2,885,709,687,22,698,11,UILEACU DE BEIUS,,2,,517,181
5,470,2,478,416,416,0,416,0,UILEACU DE BEIUS,,2,,330,86
5,471,2,264,252,226,26,249,3,UILEACU DE BEIUS,,2,,131,118
5,472,2,1770,1110,1078,32,1100,10,VADU CRISULUI,,2,,277,823
5,473,2,1352,1081,872,209,1070,11,VADU CRISULUI,,2,,358,712
5,474,2,336,174,160,14,174,0,VADU CRISULUI,,2,,93,81
5,475,2,829,591,557,34,588,3,VIISOARA,,2,,89,499
5,476,2,237,170,157,13,169,1,VIISOARA,,2,,54,115
5,477,2,957,654,594,60,642,12,VARCIOROG,,2,,341,301
5,478,2,473,370,337,33,367,3,VARCIOROG,,2,,202,165
5,479,2,558,433,395,38,429,4,VARCIOROG,,2,,262,167
6,1,2,1701,1343,1229,114,1337,6,MUNICIPIUL BISTRITA,,7,,389,948
6,2,2,1960,1476,1288,188,1467,9,MUNICIPIUL BISTRITA,,7,,330,1137
6,3,2,1768,1268,1172,96,1264,4,MUNICIPIUL BISTRITA,,7,,268,996
6,4,2,2043,1522,1458,64,1517,5,MUNICIPIUL BISTRITA,,7,,307,1210
6,5,2,1701,1318,1176,142,1313,5,MUNICIPIUL BISTRITA,,7,,276,1037
6,6,2,2000,1413,1347,66,1412,1,MUNICIPIUL BISTRITA,,7,,344,1068
6,7,2,1378,949,866,83,942,7,MUNICIPIUL BISTRITA,,7,,194,748
6,8,2,1943,1341,1260,81,1337,4,MUNICIPIUL BISTRITA,,7,,424,913
6,9,2,1994,1480,1374,106,1477,3,MUNICIPIUL BISTRITA,,7,,356,1121
6,10,2,1025,751,697,54,747,4,MUNICIPIUL BISTRITA,,7,,198,549
6,11,2,997,748,687,61,748,0,MUNICIPIUL BISTRITA,,7,,140,608
6,12,2,1818,1583,1234,349,1578,5,MUNICIPIUL BISTRITA,,7,,302,1276
6,13,2,1925,1576,1353,223,1571,5,MUNICIPIUL BISTRITA,,7,,433,1138
6,14,2,1470,1224,1071,153,1221,3,MUNICIPIUL BISTRITA,,7,,299,922
6,15,2,1188,1088,866,222,1085,3,MUNICIPIUL BISTRITA,,7,,280,805
6,16,2,1611,1261,1059,202,1254,7,MUNICIPIUL BISTRITA,,7,,284,970
6,17,2,1527,1092,953,139,1088,4,MUNICIPIUL BISTRITA,,7,,276,812
6,18,2,1872,1250,1166,84,1247,3,MUNICIPIUL BISTRITA,,7,,293,954
6,19,2,1655,1257,1175,82,1254,3,MUNICIPIUL BISTRITA,,7,,341,913
6,20,2,1437,1115,967,148,1111,4,MUNICIPIUL BISTRITA,,7,,330,781
6,21,2,1911,1387,1269,118,1383,4,MUNICIPIUL BISTRITA,,7,,298,1085
6,22,2,1905,1538,1428,110,1534,4,MUNICIPIUL BISTRITA,,7,,467,1067
6,23,2,1923,1362,1264,98,1354,8,MUNICIPIUL BISTRITA,,7,,294,1060
6,24,2,1945,1507,1303,204,1505,2,MUNICIPIUL BISTRITA,,7,,324,1181
6,25,2,1890,1377,1283,94,1374,3,MUNICIPIUL BISTRITA,,7,,399,975
6,26,2,1840,1423,1372,51,1417,6,MUNICIPIUL BISTRITA,,7,,394,1023
6,27,2,2055,1533,1435,98,1528,5,MUNICIPIUL BISTRITA,,7,,380,1148
6,28,2,1959,1467,1365,102,1466,1,MUNICIPIUL BISTRITA,,7,,359,1107
6,29,2,1900,1313,1198,115,1310,3,MUNICIPIUL BISTRITA,,7,,275,1035
6,30,2,1965,1460,1347,113,1455,5,MUNICIPIUL BISTRITA,,7,,316,1139
6,31,2,2078,1880,1535,345,1873,7,MUNICIPIUL BISTRITA,,7,,448,1425
6,32,2,1801,1117,1021,96,1115,2,MUNICIPIUL BISTRITA,,7,,248,867
6,33,2,1999,1583,1412,171,1579,4,MUNICIPIUL BISTRITA,,7,,329,1250
6,34,2,290,201,153,48,200,1,MUNICIPIUL BISTRITA,,7,,47,153
6,35,2,0,999,0,999,961,38,MUNICIPIUL BISTRITA,,7,,452,509
6,36,2,0,553,0,553,550,3,MUNICIPIUL BISTRITA,,7,,128,422
6,37,2,1101,906,794,112,898,8,MUNICIPIUL BISTRITA,,7,,213,685
6,38,2,470,376,308,68,374,2,MUNICIPIUL BISTRITA,,7,,92,282
6,39,2,418,361,269,92,359,2,MUNICIPIUL BISTRITA,,7,,108,251
6,40,2,390,412,285,127,410,2,MUNICIPIUL BISTRITA,,7,,117,293
6,41,2,628,579,455,124,573,6,MUNICIPIUL BISTRITA,,7,,116,457
6,42,2,835,656,566,90,649,7,MUNICIPIUL BISTRITA,,7,,198,451
6,43,2,1134,895,780,115,890,5,ORAS BECLEAN,,7,,226,664
6,44,2,974,843,705,138,835,8,ORAS BECLEAN,,7,,228,607
6,45,2,1632,1214,1109,105,1209,5,ORAS BECLEAN,,7,,276,933
6,46,2,1426,1128,993,135,1123,5,ORAS BECLEAN,,7,,333,790
6,47,2,1189,909,847,62,905,4,ORAS BECLEAN,,7,,216,689
6,48,2,286,244,210,34,242,2,ORAS BECLEAN,,7,,67,175
6,49,2,519,446,377,69,444,2,ORAS BECLEAN,,7,,60,384
6,50,2,366,356,326,30,350,6,ORAS BECLEAN,,7,,152,198
6,51,2,276,240,214,26,238,2,ORAS BECLEAN,,7,,132,106
6,52,2,2021,1476,1328,148,1467,9,ORAS NASAUD,,7,,491,976
6,53,2,2436,1586,1443,143,1578,8,ORAS NASAUD,,7,,466,1112
6,54,2,2325,1766,1574,192,1757,9,ORAS NASAUD,,7,,517,1240
6,55,2,495,401,352,49,399,2,ORAS NASAUD,,7,,138,261
6,56,2,908,655,613,42,651,4,ORAS NASAUD,,7,,205,446
6,57,2,621,564,508,56,557,7,ORAS NASAUD,,7,,157,400
6,58,2,1753,1270,1118,152,1263,7,ORAS SANGEORZ-BAI,,7,,399,864
6,59,2,1675,1162,1096,66,1159,3,ORAS SANGEORZ-BAI,,7,,330,829
6,60,2,1644,1389,996,393,1380,9,ORAS SANGEORZ-BAI,,7,,446,934
6,61,2,1631,1002,927,75,995,7,ORAS SANGEORZ-BAI,,7,,367,628
6,62,2,463,276,257,19,272,4,ORAS SANGEORZ-BAI,,7,,121,151
6,63,2,1280,1016,805,211,1006,10,BISTRITA BARGAULUI,,7,,311,695
6,64,2,1636,961,826,135,955,6,BISTRITA BARGAULUI,,7,,245,710
6,65,2,249,255,117,138,255,0,BISTRITA BARGAULUI,,7,,106,149
6,66,2,1000,828,754,74,822,6,BRANISTEA,,7,,155,667
6,67,2,1353,1126,1089,37,1123,3,BRANISTEA,,7,,42,1081
6,68,2,534,482,460,22,478,4,BRANISTEA,,7,,204,274
6,69,2,1055,745,635,110,741,4,BUDACU DE JOS,,7,,279,462
6,70,2,510,421,338,83,410,11,BUDACU DE JOS,,7,,150,260
6,71,2,479,399,332,67,396,3,BUDACU DE JOS,,7,,142,254
6,72,2,578,437,389,48,432,5,BUDESTI,,7,,228,204
6,73,2,334,257,234,23,255,2,BUDESTI,,7,,85,170
6,74,2,594,440,392,48,436,4,BUDESTI,,7,,234,202
6,75,2,329,256,231,25,253,3,BUDESTI,,7,,155,98
6,76,2,1156,801,725,76,795,6,CAIANU MIC,,7,,459,336
6,77,2,532,383,314,69,372,11,CAIANU MIC,,7,,206,166
6,78,2,761,519,461,58,512,7,CAIANU MIC,,7,,299,213
6,79,2,697,530,482,48,527,3,CAIANU MIC,,7,,190,337
6,80,2,1748,1198,1112,86,1189,9,CETATE,,7,,250,939
6,81,2,818,546,473,73,541,5,CETATE,,7,,76,465
6,82,2,1184,794,717,77,788,6,CETATE,,7,,115,673
6,83,2,930,751,701,50,743,8,CICEU-GIURGESTI,,7,,280,463
6,84,2,682,557,491,66,556,1,CICEU-GIURGESTI,,7,,296,260
6,85,2,1255,1065,945,120,1054,11,CICEU-GIURGESTI,,7,,510,544
6,86,2,853,719,684,35,718,1,CICEU-GIURGESTI,,7,,326,392
6,87,2,1139,725,640,85,724,1,CHIOCHIS,,7,,299,425
6,88,2,876,615,568,47,613,2,CHIOCHIS,,7,,232,381
6,89,2,384,245,215,30,245,0,CHIOCHIS,,7,,137,108
6,90,2,645,400,337,63,395,5,CHIOCHIS,,7,,251,144
6,91,2,1244,1003,925,78,999,4,CHIUZA,,7,,420,579
6,92,2,422,355,324,31,347,8,CHIUZA,,7,,151,196
6,93,2,136,130,111,19,128,2,CHIUZA,,7,,79,49
6,94,2,1582,1155,1106,49,1148,7,COSBUC,,7,,734,414
6,95,2,1727,1222,1137,85,1209,13,DUMITRA,,7,,356,853
6,96,2,509,396,319,77,396,0,DUMITRA,,7,,111,285
6,97,2,639,475,409,66,471,4,DUMITRA,,7,,142,329
6,98,2,1285,797,766,31,795,2,FELDRU,,7,,164,631
6,99,2,1550,871,842,29,867,4,FELDRU,,7,,164,703
6,100,2,1467,976,941,35,971,5,FELDRU,,7,,233,738
6,101,2,1210,921,811,110,913,8,FELDRU,,7,,222,691
6,102,2,502,404,357,47,403,1,GALATII BISTRITEI,,7,,221,182
6,103,2,613,512,455,57,510,2,GALATII BISTRITEI,,7,,198,312
6,104,2,351,343,281,62,342,1,GALATII BISTRITEI,,7,,145,197
6,105,2,144,128,110,18,128,0,GALATII BISTRITEI,,7,,62,66
6,106,2,235,228,211,17,228,0,GALATII BISTRITEI,,7,,2,226
6,107,2,1929,1091,992,99,1081,10,ILVA MARE,,7,,428,653
6,108,2,1276,812,682,130,808,4,ILVA MICA,,7,,298,510
6,109,2,1449,876,796,80,873,3,ILVA MICA,,7,,214,659
6,110,2,2737,2013,1882,131,1990,23,JOSENII BARGAULUI,,7,,671,1319
6,111,2,854,754,641,113,746,8,JOSENII BARGAULUI,,7,,413,333
6,112,2,2051,1550,1348,202,1543,7,LECHINTA,,7,,670,873
6,113,2,387,312,257,55,307,5,LECHINTA,,7,,96,211
6,114,2,189,169,130,39,167,2,LECHINTA,,7,,90,77
6,115,2,346,330,288,42,325,5,LECHINTA,,7,,36,289
6,116,2,654,463,383,80,459,4,LECHINTA,,7,,191,268
6,117,2,811,593,483,110,586,7,LECHINTA,,7,,252,334
6,118,2,2206,1134,1099,35,1130,4,LESU,,7,,477,653
6,119,2,1654,1267,1103,164,1260,7,LIVEZILE,,7,,242,1018
6,120,2,574,435,371,64,427,8,LIVEZILE,,7,,150,277
6,121,2,443,376,309,67,373,3,LIVEZILE,,7,,98,275
6,122,2,2676,1588,1420,168,1577,11,LUNCA ILVEI,,7,,654,923
6,123,2,0,130,0,130,130,0,LUNCA ILVEI,,7,,62,68
6,124,2,2384,1563,1478,85,1557,6,MAIERU,,7,,664,893
6,125,2,1759,1117,1034,83,1111,6,MAIERU,,7,,498,613
6,126,2,1134,789,726,63,786,3,MAIERU,,7,,372,414
6,127,2,813,651,579,72,642,9,MATEI,,7,,166,476
6,128,2,567,409,360,49,404,5,MATEI,,7,,94,310
6,129,2,731,484,457,27,480,4,MATEI,,7,,265,215
6,130,2,544,328,285,43,327,1,MATEI,,7,,180,147
6,131,2,1406,804,750,54,800,4,MAGURA ILVEI,,7,,261,539
6,132,2,1375,914,853,61,906,8,MAGURA ILVEI,,7,,467,439
6,133,2,349,234,207,27,233,1,MAGURA ILVEI,,7,,112,121
6,134,2,482,470,384,86,468,2,MARISELU,,7,,223,245
6,135,2,562,505,441,64,500,5,MARISELU,,7,,178,322
6,136,2,115,158,104,54,156,2,MARISELU,,7,,16,140
6,137,2,779,648,600,48,646,2,MARISELU,,7,,262,384
6,138,2,369,329,292,37,325,4,MICESTII DE CAMPIE,,7,,211,114
6,139,2,460,329,299,30,327,2,MICESTII DE CAMPIE,,7,,100,227
6,140,2,474,321,292,29,320,1,MICESTII DE CAMPIE,,7,,168,152
6,141,2,862,551,472,79,544,7,MILAS,,7,,293,251
6,142,2,619,413,371,42,408,5,MILAS,,7,,238,170
6,143,2,1480,1083,1037,46,1082,1,MONOR,,7,,629,453
6,144,2,1232,916,859,57,911,5,NIMIGEA,,7,,244,667
6,145,2,602,538,517,21,535,3,NIMIGEA,,7,,306,229
6,146,2,603,450,417,33,441,9,NIMIGEA,,7,,278,163
6,147,2,493,391,357,34,389,2,NIMIGEA,,7,,184,205
6,148,2,393,316,278,38,314,2,NIMIGEA,,7,,121,193
6,149,2,476,376,342,34,369,7,NIMIGEA,,7,,228,141
6,150,2,245,233,213,20,232,1,NIMIGEA,,7,,80,152
6,151,2,353,260,223,37,257,3,NIMIGEA,,7,,141,116
6,152,2,1024,687,625,62,684,3,NUSENI,,7,,220,464
6,153,2,452,365,327,38,357,8,NUSENI,,7,,94,263
6,154,2,350,254,226,28,252,2,NUSENI,,7,,157,95
6,155,2,599,457,426,31,450,7,NUSENI,,7,,245,205
6,156,2,381,281,262,19,279,2,NUSENI,,7,,17,262
6,157,2,1930,1044,1017,27,1034,10,PARVA,,7,,144,890
6,158,2,2004,1772,1644,128,1765,7,PETRU RARES,,7,,450,1315
6,159,2,678,566,527,39,564,2,PETRU RARES,,7,,157,407
6,160,2,736,555,496,59,551,4,PETRU RARES,,7,,283,268
6,161,2,186,182,144,38,181,1,PETRU RARES,,7,,68,113
6,162,2,184,173,130,43,172,1,PETRU RARES,,7,,115,57
6,163,2,2372,1818,1598,220,1807,11,PRUNDU BARGAULUI,,7,,545,1262
6,164,2,0,358,0,358,354,4,PRUNDU BARGAULUI,,7,,160,194
6,165,2,1306,1015,932,83,1006,9,PRUNDU BARGAULUI,,7,,420,586
6,166,2,1122,845,794,51,844,1,PRUNDU BARGAULUI,,7,,355,489
6,167,2,1819,1127,1087,40,1120,7,REBRA,,7,,341,779
6,168,2,1307,1351,1268,83,1325,26,REBRISOARA,,7,,455,870
6,169,2,1362,1228,1123,105,1226,2,REBRISOARA,,7,,309,917
6,170,2,787,666,624,42,663,3,REBRISOARA,,7,,220,443
6,171,2,262,230,200,30,223,7,REBRISOARA,,7,,48,175
6,172,2,1749,1273,1154,119,1266,5,RODNA,,7,,668,598
6,173,2,1280,929,834,95,924,5,RODNA,,7,,570,354
6,174,2,1163,861,708,153,857,4,RODNA,,7,,449,408
6,175,2,171,139,124,15,139,0,RODNA,,7,,101,38
6,176,2,1082,621,570,51,615,6,ROMULI,,7,,363,252
6,177,2,319,221,187,34,221,0,ROMULI,,7,,103,118
6,178,2,1081,700,667,33,694,6,SALVA,,7,,310,384
6,179,2,1215,822,771,51,819,3,SALVA,,7,,443,376
6,180,2,1161,666,634,32,659,7,SALVA,,7,,405,254
6,181,2,1074,771,708,63,761,10,SILIVASU DE CAMPIE,,7,,521,240
6,182,2,577,456,388,68,450,6,SANMIHAIU DE CAMPIE,,7,,230,220
6,183,2,132,115,95,20,113,2,SANMIHAIU DE CAMPIE,,7,,55,58
6,184,2,148,125,90,35,122,3,SANMIHAIU DE CAMPIE,,7,,38,84
6,185,2,280,199,164,35,190,9,SANMIHAIU DE CAMPIE,,7,,65,125
6,186,2,330,240,208,32,238,2,SANMIHAIU DE CAMPIE,,7,,137,101
6,187,2,1685,1041,966,75,1037,4,SPERMEZEU,,7,,460,577
6,188,2,333,212,195,17,212,0,SPERMEZEU,,7,,91,121
6,189,2,298,215,158,57,211,4,SPERMEZEU,,7,,107,104
6,190,2,593,444,387,57,442,2,SPERMEZEU,,7,,204,238
6,191,2,530,378,352,26,372,6,SPERMEZEU,,7,,179,193
6,192,2,2022,1548,1447,101,1542,6,SANT,,7,,812,730
6,193,2,173,172,125,47,172,0,SANT,,7,,99,73
6,194,2,1050,868,819,49,864,4,SIEU,,7,,364,500
6,195,2,667,430,415,15,430,0,SIEU,,7,,150,280
6,196,2,573,531,517,14,527,4,SIEU,,7,,207,320
6,197,2,138,129,116,13,129,0,SIEU,,7,,51,78
6,198,2,1165,821,703,118,816,5,SIEU MAGHERUS,,7,,324,492
6,199,2,471,383,327,56,381,2,SIEU MAGHERUS,,7,,153,228
6,200,2,320,257,207,50,255,2,SIEU MAGHERUS,,7,,86,169
6,201,2,477,420,361,59,417,3,SIEU MAGHERUS,,7,,105,312
6,202,2,576,449,389,60,448,1,SIEU ODORHEI,,7,,201,247
6,203,2,486,468,434,34,462,6,SIEU ODORHEI,,7,,286,176
6,204,2,225,215,192,23,215,0,SIEU ODORHEI,,7,,20,195
6,205,2,177,159,141,18,157,2,SIEU ODORHEI,,7,,101,56
6,206,2,333,336,286,50,331,5,SIEU ODORHEI,,7,,149,182
6,207,2,268,234,201,33,233,1,SIEU ODORHEI,,7,,100,133
6,208,2,1099,839,720,119,836,2,SIEUT,,7,,408,428
6,209,2,681,515,483,32,511,4,SIEUT,,7,,279,232
6,210,2,288,183,166,17,179,4,SIEUT,,7,,92,87
6,211,2,849,713,610,103,712,1,SINTEREAG,,7,,230,482
6,212,2,349,310,289,21,310,0,SINTEREAG,,7,,98,212
6,213,2,282,256,231,25,256,0,SINTEREAG,,7,,121,135
6,214,2,923,729,692,37,727,2,SINTEREAG,,7,,280,447
6,215,2,353,314,268,46,314,0,SINTEREAG,,7,,124,190
6,216,2,383,345,311,34,345,0,SINTEREAG,,7,,160,185
6,217,2,729,532,477,55,526,6,TEACA,,7,,275,251
6,218,2,1139,844,792,52,841,3,TEACA,,7,,479,362
6,219,2,667,582,508,74,581,1,TEACA,,7,,117,464
6,220,2,1518,1194,1015,179,1186,8,TEACA,,7,,334,852
6,221,2,614,490,417,73,477,13,TEACA,,7,,204,273
6,222,2,1597,1026,823,203,1019,7,TELCIU,,7,,442,577
6,223,2,1609,1075,889,186,1071,4,TELCIU,,7,,502,569
6,224,2,947,368,330,38,363,5,TELCIU,,7,,128,235
6,225,2,288,146,120,26,144,2,TELCIU,,7,,61,83
6,226,2,977,518,487,31,514,4,TELCIU,,7,,135,379
6,227,2,1193,800,702,98,795,5,TIHA BARGAULUI,,7,,250,545
6,228,2,1755,1212,1103,109,1199,13,TIHA BARGAULUI,,7,,285,914
6,229,2,1204,893,818,75,887,6,TIHA BARGAULUI,,7,,165,722
6,230,2,311,239,143,96,234,5,TIHA BARGAULUI,,7,,47,187
6,231,2,1723,955,891,64,948,7,TARLISUA,,7,,259,689
6,232,2,446,297,274,23,293,4,TARLISUA,,7,,96,197
6,233,2,1251,749,691,58,743,6,TARLISUA,,7,,369,374
6,234,2,1087,847,803,44,843,4,URIU,,7,,122,721
6,235,2,886,655,612,43,649,6,URIU,,7,,323,326
6,236,2,578,433,401,32,428,5,URIU,,7,,156,272
6,237,2,297,217,197,20,215,2,URIU,,7,,76,139
6,238,2,967,677,600,77,661,16,URMENIS,,7,,223,438
6,239,2,713,424,340,84,421,3,URMENIS,,7,,199,222
6,240,2,399,303,237,66,300,3,URMENIS,,7,,173,127
6,241,2,899,682,624,58,677,5,ZAGRA,,7,,355,322
6,242,2,605,334,296,38,330,4,ZAGRA,,7,,163,167
6,243,2,589,415,351,64,413,2,ZAGRA,,7,,158,255
6,244,2,598,376,347,29,369,7,ZAGRA,,7,,244,125
6,245,2,306,229,200,29,229,0,ZAGRA,,7,,154,75
7,1,2,2207,1763,1663,100,1757,6,MUNICIPIUL BOTOSANI,,4,,979,778
7,2,2,2227,1719,1584,135,1710,9,MUNICIPIUL BOTOSANI,,4,,877,833
7,3,2,2076,1763,1403,360,1758,5,MUNICIPIUL BOTOSANI,,4,,887,871
7,4,2,1595,1186,1088,98,1180,6,MUNICIPIUL BOTOSANI,,4,,614,566
7,5,2,1184,762,651,111,759,3,MUNICIPIUL BOTOSANI,,4,,344,415
7,6,2,1348,999,862,137,993,6,MUNICIPIUL BOTOSANI,,4,,536,457
7,7,2,1541,1125,971,154,1117,8,MUNICIPIUL BOTOSANI,,4,,575,542
7,8,2,3017,2254,2111,143,2246,8,MUNICIPIUL BOTOSANI,,4,,1235,1011
7,9,2,2284,1769,1463,306,1757,12,MUNICIPIUL BOTOSANI,,4,,877,880
7,10,2,1842,1849,1683,166,1844,5,MUNICIPIUL BOTOSANI,,4,,944,900
7,11,2,2058,1677,1427,250,1671,6,MUNICIPIUL BOTOSANI,,4,,732,939
7,12,2,1154,1189,767,422,1183,6,MUNICIPIUL BOTOSANI,,4,,569,614
7,13,2,1467,1106,1020,86,1102,4,MUNICIPIUL BOTOSANI,,4,,663,439
7,14,2,1806,1331,1275,56,1314,17,MUNICIPIUL BOTOSANI,,4,,672,642
7,15,2,2927,2120,1978,142,2111,9,MUNICIPIUL BOTOSANI,,4,,1067,1044
7,16,2,2122,1532,1445,87,1519,13,MUNICIPIUL BOTOSANI,,4,,746,773
7,17,2,2358,2211,1446,765,2189,22,MUNICIPIUL BOTOSANI,,4,,1150,1039
7,18,2,1497,974,874,100,971,3,MUNICIPIUL BOTOSANI,,4,,426,545
7,19,2,1454,1227,1006,221,1219,8,MUNICIPIUL BOTOSANI,,4,,540,679
7,20,2,1977,1376,1206,170,1373,3,MUNICIPIUL BOTOSANI,,4,,696,677
7,21,2,2213,1652,1479,173,1642,10,MUNICIPIUL BOTOSANI,,4,,869,773
7,22,2,1983,1333,1199,134,1327,6,MUNICIPIUL BOTOSANI,,4,,713,614
7,23,2,1431,1042,972,70,1036,6,MUNICIPIUL BOTOSANI,,4,,567,469
7,24,2,1664,1282,1100,182,1276,6,MUNICIPIUL BOTOSANI,,4,,715,561
7,25,2,2212,1699,1480,219,1690,9,MUNICIPIUL BOTOSANI,,4,,935,755
7,26,2,2178,1557,1462,95,1544,13,MUNICIPIUL BOTOSANI,,4,,854,690
7,27,2,1859,1337,1219,118,1333,4,MUNICIPIUL BOTOSANI,,4,,709,624
7,28,2,1799,1381,1222,159,1367,14,MUNICIPIUL BOTOSANI,,4,,724,643
7,29,2,1373,1003,932,71,999,4,MUNICIPIUL BOTOSANI,,4,,537,462
7,30,2,2398,1699,1473,226,1689,10,MUNICIPIUL BOTOSANI,,4,,861,828
7,31,2,1428,1069,986,83,1060,9,MUNICIPIUL BOTOSANI,,4,,529,531
7,32,2,1759,1244,1137,107,1236,8,MUNICIPIUL BOTOSANI,,4,,634,602
7,33,2,2031,1702,1370,332,1693,9,MUNICIPIUL BOTOSANI,,4,,887,806
7,34,2,2178,1625,1554,71,1614,11,MUNICIPIUL BOTOSANI,,4,,809,805
7,35,2,1898,1409,1345,64,1397,12,MUNICIPIUL BOTOSANI,,4,,722,675
7,36,2,1370,1037,957,80,1032,5,MUNICIPIUL BOTOSANI,,4,,502,530
7,37,2,1545,1239,1120,119,1235,4,MUNICIPIUL BOTOSANI,,4,,569,666
7,38,2,605,493,412,81,488,5,MUNICIPIUL BOTOSANI,,4,,293,195
7,39,2,1128,887,786,101,880,7,MUNICIPIUL BOTOSANI,,4,,485,395
7,40,2,1026,779,721,58,775,4,MUNICIPIUL BOTOSANI,,4,,395,380
7,41,2,2285,1716,1641,75,1696,20,MUNICIPIUL BOTOSANI,,4,,964,732
7,42,2,2954,2054,1715,339,2035,19,MUNICIPIUL BOTOSANI,,4,,1041,994
7,43,2,4029,1215,1138,77,1201,14,MUNICIPIUL BOTOSANI,,4,,639,562
7,44,2,2699,2083,1878,205,2071,12,MUNICIPIUL BOTOSANI,,4,,1087,984
7,45,2,2351,1838,1636,202,1825,13,MUNICIPIUL BOTOSANI,,4,,948,877
7,46,2,1414,1126,983,143,1116,10,MUNICIPIUL BOTOSANI,,4,,592,524
7,47,2,1620,1504,1025,479,1499,5,MUNICIPIUL BOTOSANI,,4,,811,688
7,48,2,0,620,0,620,618,2,MUNICIPIUL BOTOSANI,,4,,383,235
7,49,2,0,189,0,189,189,0,MUNICIPIUL BOTOSANI,,4,,129,60
7,50,2,0,151,0,151,148,3,MUNICIPIUL BOTOSANI,,4,,98,50
7,51,2,0,460,0,460,457,3,MUNICIPIUL BOTOSANI,,4,,86,371
7,52,2,0,96,0,96,96,0,MUNICIPIUL BOTOSANI,,4,,45,51
7,53,2,0,69,0,69,68,1,MUNICIPIUL BOTOSANI,,4,,36,32
7,54,2,0,516,0,516,511,5,MUNICIPIUL BOTOSANI,,4,,345,166
7,55,2,0,188,0,188,187,1,MUNICIPIUL BOTOSANI,,4,,119,68
7,56,2,0,152,0,152,150,2,MUNICIPIUL BOTOSANI,,4,,76,74
7,57,2,2253,1733,1640,93,1729,4,MUNICIPIUL DOROHOI,,4,,1030,699
7,58,2,2229,1741,1581,160,1729,12,MUNICIPIUL DOROHOI,,4,,1002,727
7,59,2,2187,1695,1599,96,1678,17,MUNICIPIUL DOROHOI,,4,,1051,627
7,60,2,1151,988,858,130,980,8,MUNICIPIUL DOROHOI,,4,,574,406
7,61,2,1226,990,876,114,981,9,MUNICIPIUL DOROHOI,,4,,551,430
7,62,2,1916,1560,1390,170,1540,20,MUNICIPIUL DOROHOI,,4,,928,612
7,63,2,1863,1443,1280,163,1429,14,MUNICIPIUL DOROHOI,,4,,891,538
7,64,2,1949,1487,1359,128,1483,4,MUNICIPIUL DOROHOI,,4,,882,601
7,65,2,2197,1700,1592,108,1690,10,MUNICIPIUL DOROHOI,,4,,1083,607
7,66,2,1979,1862,1450,412,1854,6,MUNICIPIUL DOROHOI,,4,,1111,743
7,67,2,2076,1536,1453,83,1531,5,MUNICIPIUL DOROHOI,,4,,971,560
7,68,2,1677,1386,1310,76,1371,15,MUNICIPIUL DOROHOI,,4,,879,492
7,69,2,664,531,495,36,529,2,MUNICIPIUL DOROHOI,,4,,390,139
7,70,2,280,234,215,19,232,2,MUNICIPIUL DOROHOI,,4,,174,58
7,71,2,0,217,0,217,217,0,MUNICIPIUL DOROHOI,,4,,107,110
7,72,2,0,85,0,85,83,2,MUNICIPIUL DOROHOI,,4,,47,36
7,73,2,2810,2079,1956,123,2068,11,ORAS DARABANI,,4,,1543,525
7,74,2,2854,2195,2034,161,2170,25,ORAS DARABANI,,4,,1559,611
7,75,2,1474,1154,1108,46,1148,6,ORAS DARABANI,,4,,907,241
7,76,2,1190,841,802,39,835,6,ORAS DARABANI,,4,,682,153
7,77,2,474,376,359,17,371,5,ORAS DARABANI,,4,,321,50
7,78,2,286,246,217,29,246,0,ORAS DARABANI,,4,,212,34
7,79,2,1819,1386,1297,89,1383,3,ORAS SAVENI,,4,,878,505
7,80,2,1801,1376,1286,90,1370,6,ORAS SAVENI,,4,,872,498
7,81,2,1283,966,926,40,958,8,ORAS SAVENI,,4,,646,312
7,82,2,1208,896,839,57,886,10,ORAS SAVENI,,4,,714,172
7,83,2,318,294,261,33,291,3,ORAS SAVENI,,4,,255,36
7,84,2,0,105,0,105,105,0,ORAS SAVENI,,4,,70,35
7,85,2,1670,1123,959,164,1119,4,ALBESTI,,4,,891,228
7,86,2,677,478,358,120,475,3,ALBESTI,,4,,386,89
7,87,2,506,350,276,74,344,6,ALBESTI,,4,,295,49
7,88,2,548,369,298,71,365,4,ALBESTI,,4,,293,72
7,89,2,287,231,181,50,227,4,ALBESTI,,4,,169,58
7,90,2,939,666,577,89,657,6,ALBESTI,,4,,591,66
7,91,2,1167,868,751,117,861,7,AVRAMENI,,4,,630,231
7,92,2,867,577,484,93,566,11,AVRAMENI,,4,,418,148
7,93,2,1016,730,601,129,720,10,AVRAMENI,,4,,555,165
7,94,2,689,584,509,75,579,5,AVRAMENI,,4,,407,172
7,95,2,470,366,319,47,365,1,AVRAMENI,,4,,289,76
7,96,2,166,147,109,38,147,0,AVRAMENI,,4,,93,54
7,97,2,1597,1023,860,163,1013,10,BALUSENI,,4,,784,229
7,98,2,1767,1200,1035,165,1183,17,BALUSENI,,4,,902,281
7,99,2,1116,686,524,162,668,18,BALUSENI,,4,,416,252
7,100,2,1379,1095,951,144,1091,4,BRAESTI,,4,,851,240
7,101,2,418,372,320,52,371,1,BRAESTI,,4,,301,70
7,102,2,772,596,530,66,592,4,BROSCAUTI,,4,,399,193
7,103,2,1931,1422,1327,95,1410,12,BROSCAUTI,,4,,1001,409
7,104,2,2523,1867,1647,220,1851,16,BUCECEA,,4,,1269,582
7,105,2,1397,1056,915,141,1046,10,BUCECEA,,4,,757,289
7,106,2,2423,1447,1290,157,1431,16,CALARASI,,4,,1061,370
7,107,2,954,648,576,72,605,43,CALARASI,,4,,555,50
7,108,2,1706,1253,1151,102,1248,5,CONCESTI,,4,,1094,154
7,109,2,2205,1496,1307,189,1468,25,COPALAU,,4,,1106,362
7,110,2,1023,753,632,121,742,11,COPALAU,,4,,579,163
7,111,2,1528,831,680,151,813,18,COPALAU,,4,,506,307
7,112,2,930,773,500,273,752,21,COPALAU,,4,,470,282
7,113,2,1449,1378,1287,91,1369,9,CORDARENI,,4,,952,417
7,114,2,464,481,429,52,460,21,CORDARENI,,4,,229,231
7,115,2,1603,907,801,106,900,7,CORLATENI,,4,,724,176
7,116,2,898,757,526,231,747,10,CORLATENI,,4,,610,137
7,117,2,1022,813,632,181,805,8,CORLATENI,,4,,667,138
7,118,2,1591,1022,919,103,1010,12,CORNI,,4,,702,308
7,119,2,1460,938,866,72,922,16,CORNI,,4,,649,273
7,120,2,1483,1012,898,114,993,19,CORNI,,4,,763,230
7,121,2,269,218,158,60,211,7,CORNI,,4,,132,79
7,122,2,1582,1085,970,115,1074,11,COTUSCA,,4,,823,251
7,123,2,625,437,377,60,428,9,COTUSCA,,4,,346,82
7,124,2,772,569,471,98,565,4,COTUSCA,,4,,453,112
7,125,2,636,496,432,64,494,2,COTUSCA,,4,,386,108
7,126,2,453,385,324,61,381,4,COTUSCA,,4,,267,114
7,127,2,672,577,493,84,571,6,COTUSCA,,4,,446,125
7,128,2,1682,1207,1001,206,1182,25,CRISTESTI,,4,,768,414
7,129,2,439,369,264,105,363,6,CRISTESTI,,4,,249,114
7,130,2,1323,988,840,148,974,14,CRISTESTI,,4,,761,213
7,131,2,1332,1036,869,167,1022,14,CRISTINESTI,,4,,749,273
7,132,2,438,453,331,122,451,2,CRISTINESTI,,4,,350,101
7,133,2,1088,901,758,143,881,20,CRISTINESTI,,4,,617,264
7,134,2,1074,747,620,127,741,6,CURTESTI,,4,,572,169
7,135,2,1264,997,776,221,984,13,CURTESTI,,4,,647,337
7,136,2,537,396,335,61,393,3,CURTESTI,,4,,239,154
7,137,2,218,329,148,181,320,9,CURTESTI,,4,,228,92
7,138,2,2900,1940,1824,116,1923,17,DERSCA,,4,,1417,506
7,139,2,1468,1107,945,162,1085,22,DERSCA,,4,,754,331
7,140,2,1015,719,613,106,715,4,DANGENI,,4,,497,218
7,141,2,547,377,334,43,373,4,DANGENI,,4,,262,111
7,142,2,895,719,619,100,706,12,DANGENI,,4,,497,209
7,143,2,956,699,595,104,694,5,DOBARCENI,,4,,531,163
7,144,2,599,476,381,95,474,2,DOBARCENI,,4,,309,165
7,145,2,353,300,249,51,300,0,DOBARCENI,,4,,249,51
7,146,2,344,297,245,52,297,0,DOBARCENI,,4,,245,52
7,147,2,1437,1063,975,88,1046,17,DRAGUSENI,,4,,867,179
7,148,2,699,557,502,55,553,4,DRAGUSENI,,4,,438,115
7,149,2,1670,1251,1037,214,1240,11,DURNESTI,,4,,1015,225
7,150,2,872,615,525,90,611,4,DURNESTI,,4,,499,112
7,151,2,0,77,0,77,77,0,DURNESTI,,4,,56,21
7,152,2,595,455,393,62,451,4,DURNESTI,,4,,354,97
7,153,2,2065,970,758,212,957,13,FLAMANZI,,4,,616,341
7,154,2,1313,1402,813,589,1388,14,FLAMANZI,,4,,1007,381
7,155,2,1684,982,854,128,972,10,FLAMANZI,,4,,772,200
7,156,2,763,716,466,250,712,4,FLAMANZI,,4,,530,182
7,157,2,2474,1449,1241,208,1414,35,FLAMANZI,,4,,1012,402
7,158,2,945,657,520,137,651,6,FLAMANZI,,4,,475,176
7,159,2,2223,1289,1121,168,1272,17,FRUMUSICA,,4,,944,328
7,160,2,1210,939,707,232,921,18,FRUMUSICA,,4,,707,214
7,161,2,1205,927,691,236,907,20,FRUMUSICA,,4,,713,194
7,162,2,1040,825,672,153,820,5,GEORGE ENESCU,,4,,581,239
7,163,2,1171,851,723,128,839,12,GEORGE ENESCU,,4,,615,224
7,164,2,677,580,410,170,577,3,GEORGE ENESCU,,4,,436,141
7,165,2,1072,782,714,68,768,14,GORBANESTI,,4,,674,94
7,166,2,473,361,282,79,357,4,GORBANESTI,,4,,302,55
7,167,2,735,580,488,92,575,5,GORBANESTI,,4,,491,84
7,168,2,748,589,506,83,580,9,GORBANESTI,,4,,464,116
7,169,2,3039,1999,1795,204,1984,15,HAVARNA,,4,,1474,510
7,170,2,1434,947,818,129,938,9,HAVARNA,,4,,736,202
7,171,2,1289,919,823,96,915,4,HANESTI,,4,,729,186
7,172,2,687,467,435,32,462,5,HANESTI,,4,,375,87
7,173,2,1722,1175,1014,161,1163,12,HILISEU-HORIA,,4,,948,215
7,174,2,1086,886,760,126,877,9,HILISEU-HORIA,,4,,698,179
7,175,2,1917,1114,945,169,1102,12,HLIPICENI,,4,,794,308
7,176,2,1363,1201,871,330,1190,11,HLIPICENI,,4,,981,209
7,177,2,971,810,596,214,803,7,HUDESTI,,4,,617,186
7,178,2,1245,833,747,86,826,7,HUDESTI,,4,,744,82
7,179,2,1318,986,890,96,979,7,HUDESTI,,4,,796,183
7,180,2,1086,814,703,111,807,7,HUDESTI,,4,,673,134
7,181,2,577,466,414,52,461,5,HUDESTI,,4,,360,101
7,182,2,2117,1588,1431,157,1567,21,IBANESTI,,4,,1211,356
7,183,2,1145,1034,861,173,1024,10,IBANESTI,,4,,735,289
7,184,2,1939,1413,1289,124,1399,14,LEORDA,,4,,1048,351
7,185,2,1545,1120,965,155,1116,4,LUNCA,,4,,939,177
7,186,2,889,642,558,84,637,5,LUNCA,,4,,429,208
7,187,2,2015,1313,1176,137,1291,22,LUNCA,,4,,929,362
7,188,2,535,493,417,76,488,5,MANOLEASA,,4,,330,158
7,189,2,379,393,331,62,392,1,MANOLEASA,,4,,212,180
7,190,2,866,737,638,99,734,3,MANOLEASA,,4,,532,202
7,191,2,412,373,333,40,370,3,MANOLEASA,,4,,296,74
7,192,2,420,434,389,45,425,9,MANOLEASA,,4,,348,77
7,193,2,973,760,620,140,749,11,MIHAI EMINESCU,,4,,588,161
7,194,2,655,542,457,85,532,10,MIHAI EMINESCU,,4,,416,116
7,195,2,664,561,475,86,554,7,MIHAI EMINESCU,,4,,418,136
7,196,2,1032,978,696,282,974,4,MIHAI EMINESCU,,4,,662,312
7,197,2,1077,787,708,79,779,8,MIHAI EMINESCU,,4,,562,217
7,198,2,1665,1166,949,217,1152,14,MIHAILENI,,4,,805,347
7,199,2,531,477,362,115,471,6,MIHAILENI,,4,,208,263
7,200,2,1307,922,780,142,912,10,MIHAILENI,,4,,606,306
7,201,2,499,431,334,97,427,4,MIHAILENI,,4,,369,58
7,202,2,971,651,593,58,638,13,MIHALASENI,,4,,487,151
7,203,2,698,556,488,68,543,13,MIHALASENI,,4,,382,161
7,204,2,434,366,319,47,364,2,MIHALASENI,,4,,288,76
7,205,2,1621,1107,992,115,1089,18,MILEANCA,,4,,907,182
7,206,2,648,375,323,52,372,3,MILEANCA,,4,,307,65
7,207,2,308,261,214,47,261,0,MILEANCA,,4,,211,50
7,208,2,1140,778,678,100,766,10,MITOC,,4,,594,172
7,209,2,551,426,381,45,422,4,MITOC,,4,,366,56
7,210,2,1021,824,723,101,813,11,NICSENI,,4,,649,164
7,211,2,1225,1048,922,126,1041,7,NICSENI,,4,,899,142
7,212,2,1494,950,815,135,941,9,PALTINIS,,4,,703,238
7,213,2,373,624,211,413,619,5,PALTINIS,,4,,501,118
7,214,2,1013,784,616,168,780,4,PALTINIS,,4,,622,158
7,215,2,1944,1416,1327,89,1406,10,POMARLA,,4,,1111,295
7,216,2,259,243,196,47,243,0,POMARLA,,4,,180,63
7,217,2,2047,1281,1201,80,1268,13,PRAJENI,,4,,1024,244
7,218,2,468,294,251,43,287,7,PRAJENI,,4,,243,44
7,219,2,737,680,526,154,675,5,RADAUTI-PRUT,,4,,471,204
7,220,2,982,755,651,104,747,8,RADAUTI-PRUT,,4,,577,170
7,221,2,1934,1588,1476,112,1576,12,RADAUTI-PRUT,,4,,1352,224
7,222,2,1143,711,609,102,705,6,RACHITI,,4,,488,217
7,223,2,1036,945,760,185,927,18,RACHITI,,4,,711,216
7,224,2,948,820,652,168,810,10,RACHITI,,4,,602,208
7,225,2,1297,932,717,215,923,9,RAUSENI,,4,,751,172
7,226,2,376,365,248,117,358,7,RAUSENI,,4,,310,48
7,227,2,715,365,346,19,359,6,RAUSENI,,4,,314,45
7,228,2,1847,1420,1256,164,1408,12,RIPICENI,,4,,1021,387
7,229,2,1099,953,762,191,936,17,ROMA,,4,,700,236
7,230,2,925,721,635,86,714,7,ROMA,,4,,576,138
7,231,2,433,324,272,52,322,2,ROMA,,4,,212,110
7,232,2,1358,942,852,90,934,8,ROMANESTI,,4,,729,205
7,233,2,514,345,294,51,342,3,ROMANESTI,,4,,274,68
7,234,2,1199,808,694,114,796,12,SANTA MARE,,4,,553,243
7,235,2,184,177,135,42,176,1,SANTA MARE,,4,,148,28
7,236,2,804,527,467,60,517,10,SANTA MARE,,4,,415,102
7,237,2,274,362,187,175,359,3,SANTA MARE,,4,,302,57
7,238,2,1483,846,702,144,838,8,SUHARAU,,4,,683,155
7,239,2,616,522,407,115,517,5,SUHARAU,,4,,449,68
7,240,2,736,641,511,130,635,6,SUHARAU,,4,,490,145
7,241,2,714,636,481,155,633,3,SUHARAU,,4,,478,155
7,242,2,998,729,633,96,719,10,SUHARAU,,4,,562,157
7,243,2,1206,833,656,177,831,2,SULITA,,4,,642,189
7,244,2,1476,1094,914,180,1080,14,SULITA,,4,,790,290
7,245,2,1532,1126,948,178,1122,4,SULITA,,4,,834,288
7,246,2,345,343,319,24,338,5,SULITA,,4,,246,92
7,247,2,947,698,596,102,693,5,SENDRICENI,,4,,582,111
7,248,2,522,452,343,109,449,3,SENDRICENI,,4,,375,74
7,249,2,438,336,277,59,334,2,SENDRICENI,,4,,265,69
7,250,2,857,646,556,90,644,2,SENDRICENI,,4,,532,112
7,251,2,1292,1004,884,120,993,11,STAUCENI,,4,,812,181
7,252,2,1059,914,744,170,900,14,STAUCENI,,4,,594,306
7,253,2,1074,867,734,133,856,11,STEFANESTI,,4,,685,171
7,254,2,2640,1772,1499,273,1760,12,STEFANESTI,,4,,1021,739
7,255,2,756,580,434,146,579,1,STEFANESTI,,4,,376,203
7,256,2,1612,1168,1026,142,1155,13,STIUBIENI,,4,,891,264
7,257,2,658,577,450,127,572,5,STIUBIENI,,4,,413,159
7,258,2,1744,1183,982,201,1175,8,TODIRENI,,4,,929,246
7,259,2,1149,845,693,152,839,6,TODIRENI,,4,,719,120
7,260,2,1870,1516,1275,241,1509,7,TRUSESTI,,4,,1026,483
7,261,2,672,515,450,65,508,7,TRUSESTI,,4,,408,100
7,262,2,877,640,575,65,628,12,TRUSESTI,,4,,458,170
7,263,2,1007,834,712,122,825,9,TRUSESTI,,4,,691,134
7,264,2,1704,1027,963,64,1014,13,TUDORA,,4,,867,147
7,265,2,1042,724,521,203,709,15,TUDORA,,4,,567,142
7,266,2,1440,775,730,45,772,3,TUDORA,,4,,626,146
7,267,2,1059,876,639,237,863,13,UNGURENI,,4,,601,262
7,268,2,1495,895,741,154,891,4,UNGURENI,,4,,661,230
7,269,2,814,684,519,165,672,12,UNGURENI,,4,,467,205
7,270,2,343,334,249,85,331,3,UNGURENI,,4,,227,104
7,271,2,1192,821,661,160,812,9,UNGURENI,,4,,638,174
7,272,2,466,494,303,191,487,7,UNGURENI,,4,,368,119
7,273,2,1121,815,749,66,810,5,UNTENI,,4,,672,138
7,274,2,683,580,510,70,578,2,UNTENI,,4,,455,123
7,275,2,744,623,516,107,614,9,UNTENI,,4,,521,93
7,276,2,971,778,667,111,772,6,VACULESTI,,4,,501,271
7,277,2,762,664,574,90,657,7,VACULESTI,,4,,481,176
7,278,2,927,743,678,65,733,10,VIISOARA,,4,,585,148
7,279,2,553,455,384,71,448,7,VIISOARA,,4,,376,72
7,280,2,554,409,373,36,404,5,VIISOARA,,4,,327,77
7,281,2,1726,1341,1191,150,1323,16,VARFU CAMPULUI,,4,,832,491
7,282,2,673,553,469,84,550,3,VARFU CAMPULUI,,4,,420,130
7,283,2,591,541,399,142,529,12,VARFU CAMPULUI,,4,,364,165
7,284,2,1483,1114,988,126,1108,6,VLADENI,,4,,794,314
7,285,2,1227,873,759,114,858,15,VLADENI,,4,,565,293
7,286,2,1096,808,706,102,798,10,VLADENI,,4,,655,143
7,287,2,1541,1228,1095,133,1222,6,VLASINESTI,,4,,941,281
7,288,2,1217,940,805,135,932,8,VLASINESTI,,4,,679,253
7,289,2,2285,1301,1196,105,1290,11,VORNICENI,,4,,1064,226
7,290,2,1329,1008,940,68,992,16,VORNICENI,,4,,817,175
7,291,2,720,532,362,170,525,7,VORONA,,4,,368,157
7,292,2,1037,842,513,329,830,12,VORONA,,4,,613,217
7,293,2,1103,653,525,128,647,6,VORONA,,4,,522,125
7,294,2,1073,706,593,113,698,8,VORONA,,4,,557,141
7,295,2,1092,793,623,170,789,4,VORONA,,4,,635,154
7,296,2,1314,708,615,93,708,0,VORONA,,4,,577,131
8,1,2,504,751,320,431,747,4,MUNICIPIUL BRASOV,,7,,138,609
8,2,2,1344,1129,1038,91,1122,7,MUNICIPIUL BRASOV,,7,,376,746
8,3,2,1301,991,893,98,989,2,MUNICIPIUL BRASOV,,7,,258,731
8,4,2,1041,805,732,73,803,2,MUNICIPIUL BRASOV,,7,,212,591
8,5,2,1404,1116,973,143,1113,3,MUNICIPIUL BRASOV,,7,,326,787
8,6,2,820,768,611,157,766,2,MUNICIPIUL BRASOV,,7,,211,555
8,7,2,1088,833,748,85,832,1,MUNICIPIUL BRASOV,,7,,248,584
8,8,2,1582,1190,1068,122,1185,5,MUNICIPIUL BRASOV,,7,,301,884
8,9,2,1377,1072,971,101,1063,9,MUNICIPIUL BRASOV,,7,,312,751
8,10,2,1243,974,878,96,972,2,MUNICIPIUL BRASOV,,7,,269,703
8,11,2,1440,1086,1004,82,1079,7,MUNICIPIUL BRASOV,,7,,328,751
8,12,2,1660,1372,1155,217,1368,4,MUNICIPIUL BRASOV,,7,,400,968
8,13,2,1546,1235,1107,128,1229,6,MUNICIPIUL BRASOV,,7,,355,874
8,14,2,1169,1049,838,211,1042,7,MUNICIPIUL BRASOV,,7,,306,736
8,15,2,1374,1347,976,371,1343,4,MUNICIPIUL BRASOV,,7,,461,882
8,16,2,1446,1309,1064,245,1305,4,MUNICIPIUL BRASOV,,7,,313,992
8,17,2,1149,942,872,70,939,3,MUNICIPIUL BRASOV,,7,,338,601
8,18,2,1467,1203,1135,68,1202,1,MUNICIPIUL BRASOV,,7,,300,902
8,19,2,1078,1100,786,314,1096,4,MUNICIPIUL BRASOV,,7,,362,734
8,20,2,1249,985,903,82,982,3,MUNICIPIUL BRASOV,,7,,295,687
8,21,2,1148,945,863,82,942,3,MUNICIPIUL BRASOV,,7,,208,734
8,22,2,1370,1078,972,106,1075,3,MUNICIPIUL BRASOV,,7,,292,783
8,23,2,1320,1047,980,67,1044,3,MUNICIPIUL BRASOV,,7,,288,756
8,24,2,1200,947,872,75,945,2,MUNICIPIUL BRASOV,,7,,197,748
8,25,2,1448,1292,1074,218,1282,10,MUNICIPIUL BRASOV,,7,,400,882
8,26,2,803,613,565,48,613,0,MUNICIPIUL BRASOV,,7,,135,478
8,27,2,1214,980,837,143,974,6,MUNICIPIUL BRASOV,,7,,277,697
8,28,2,1580,1191,1115,76,1185,6,MUNICIPIUL BRASOV,,7,,370,815
8,29,2,1479,1207,1107,100,1203,4,MUNICIPIUL BRASOV,,7,,326,877
8,30,2,1362,1000,908,92,994,6,MUNICIPIUL BRASOV,,7,,298,696
8,31,2,1250,963,876,87,952,3,MUNICIPIUL BRASOV,,7,,254,698
8,32,2,966,760,662,98,757,3,MUNICIPIUL BRASOV,,7,,168,589
8,33,2,1251,924,812,112,921,3,MUNICIPIUL BRASOV,,7,,246,675
8,34,2,1285,908,811,97,906,2,MUNICIPIUL BRASOV,,7,,293,613
8,35,2,1070,885,734,151,880,5,MUNICIPIUL BRASOV,,7,,159,721
8,36,2,1773,1402,1221,181,1400,2,MUNICIPIUL BRASOV,,7,,337,1063
8,37,2,1580,1182,1073,109,1178,4,MUNICIPIUL BRASOV,,7,,280,898
8,38,2,1538,1104,959,145,1101,3,MUNICIPIUL BRASOV,,7,,267,834
8,39,2,697,524,426,98,523,1,MUNICIPIUL BRASOV,,7,,79,444
8,40,2,1599,1118,1067,51,1117,1,MUNICIPIUL BRASOV,,7,,322,795
8,41,2,855,629,572,57,627,2,MUNICIPIUL BRASOV,,7,,141,486
8,42,2,1632,1296,1197,99,1292,4,MUNICIPIUL BRASOV,,7,,247,1045
8,43,2,1278,1029,893,136,1025,4,MUNICIPIUL BRASOV,,7,,225,800
8,44,2,1734,1296,1096,200,1290,6,MUNICIPIUL BRASOV,,7,,286,1004
8,45,2,1038,795,741,54,787,8,MUNICIPIUL BRASOV,,7,,221,566
8,46,2,1581,1270,1182,88,1269,1,MUNICIPIUL BRASOV,,7,,374,895
8,47,2,1150,963,866,97,960,3,MUNICIPIUL BRASOV,,7,,267,693
8,48,2,2284,1790,1666,124,1786,4,MUNICIPIUL BRASOV,,7,,474,1312
8,49,2,1663,1322,1219,103,1316,6,MUNICIPIUL BRASOV,,7,,406,910
8,50,2,1738,1335,1264,71,1333,2,MUNICIPIUL BRASOV,,7,,454,879
8,51,2,1085,870,780,90,868,2,MUNICIPIUL BRASOV,,7,,236,632
8,52,2,1695,1329,1239,90,1322,7,MUNICIPIUL BRASOV,,7,,338,984
8,53,2,2428,1870,1799,71,1865,5,MUNICIPIUL BRASOV,,7,,530,1335
8,54,2,2002,1609,1526,83,1602,7,MUNICIPIUL BRASOV,,7,,411,1191
8,55,2,2257,1759,1661,98,1754,5,MUNICIPIUL BRASOV,,7,,510,1244
8,56,2,1555,1199,1111,88,1195,4,MUNICIPIUL BRASOV,,7,,350,845
8,57,2,1105,847,790,57,844,3,MUNICIPIUL BRASOV,,7,,315,529
8,58,2,1555,1193,1118,75,1190,3,MUNICIPIUL BRASOV,,7,,356,834
8,59,2,1039,894,756,138,890,4,MUNICIPIUL BRASOV,,7,,315,575
8,60,2,1024,825,770,55,825,0,MUNICIPIUL BRASOV,,7,,276,549
8,61,2,1699,1363,1296,67,1355,8,MUNICIPIUL BRASOV,,7,,361,994
8,62,2,2258,1750,1614,136,1735,6,MUNICIPIUL BRASOV,,7,,568,1167
8,63,2,1519,1124,1030,94,1119,5,MUNICIPIUL BRASOV,,7,,343,776
8,64,2,2566,2493,1837,656,2484,9,MUNICIPIUL BRASOV,,7,,709,1775
8,65,2,1745,1429,1229,200,1424,3,MUNICIPIUL BRASOV,,7,,429,995
8,66,2,1253,1521,824,697,1504,17,MUNICIPIUL BRASOV,,7,,546,958
8,67,2,1155,871,777,94,866,5,MUNICIPIUL BRASOV,,7,,300,566
8,68,2,2044,1688,1468,220,1684,3,MUNICIPIUL BRASOV,,7,,533,1151
8,69,2,1034,821,752,69,815,6,MUNICIPIUL BRASOV,,7,,232,583
8,70,2,886,706,650,56,705,1,MUNICIPIUL BRASOV,,7,,201,504
8,71,2,1131,936,820,116,932,4,MUNICIPIUL BRASOV,,7,,257,675
8,72,2,1614,1289,1170,119,1286,3,MUNICIPIUL BRASOV,,7,,399,887
8,73,2,1628,1267,1190,77,1265,2,MUNICIPIUL BRASOV,,7,,428,837
8,74,2,1175,1023,883,140,1021,2,MUNICIPIUL BRASOV,,7,,378,643
8,75,2,1860,1509,1419,90,1504,5,MUNICIPIUL BRASOV,,7,,517,987
8,76,2,522,451,395,56,450,1,MUNICIPIUL BRASOV,,7,,110,340
8,77,2,799,2164,497,1667,2154,10,MUNICIPIUL BRASOV,,7,,576,1578
8,78,2,1509,864,787,77,863,1,MUNICIPIUL BRASOV,,7,,247,616
8,79,2,2752,2260,1989,271,2246,14,MUNICIPIUL BRASOV,,7,,622,1624
8,80,2,2290,2152,1464,688,2133,19,MUNICIPIUL BRASOV,,7,,635,1498
8,81,2,1677,1310,1222,88,1306,4,MUNICIPIUL BRASOV,,7,,386,920
8,82,2,1843,1427,1338,89,1424,3,MUNICIPIUL BRASOV,,7,,413,1011
8,83,2,1685,1299,1216,83,1292,7,MUNICIPIUL BRASOV,,7,,372,920
8,84,2,1988,1534,1335,199,1526,8,MUNICIPIUL BRASOV,,7,,457,1069
8,85,2,1821,1417,1320,97,1408,9,MUNICIPIUL BRASOV,,7,,379,1029
8,86,2,1466,1139,1058,81,1137,2,MUNICIPIUL BRASOV,,7,,354,783
8,87,2,1940,1492,1404,88,1488,4,MUNICIPIUL BRASOV,,7,,476,1012
8,88,2,1388,1060,971,89,1056,4,MUNICIPIUL BRASOV,,7,,313,743
8,89,2,1225,945,905,40,943,2,MUNICIPIUL BRASOV,,7,,242,701
8,90,2,1962,1544,1480,64,1541,3,MUNICIPIUL BRASOV,,7,,535,1006
8,91,2,1527,1190,1130,60,1186,4,MUNICIPIUL BRASOV,,7,,370,816
8,92,2,1770,1257,1166,91,1253,4,MUNICIPIUL BRASOV,,7,,361,892
8,93,2,2829,2025,1908,117,2019,6,MUNICIPIUL BRASOV,,7,,666,1353
8,94,2,1345,999,870,129,997,2,MUNICIPIUL BRASOV,,7,,249,748
8,95,2,1742,1412,1329,83,1410,2,MUNICIPIUL BRASOV,,7,,384,1026
8,96,2,928,700,657,43,699,1,MUNICIPIUL BRASOV,,7,,236,463
8,97,2,1103,896,847,49,893,3,MUNICIPIUL BRASOV,,7,,279,614
8,98,2,1798,1461,1371,90,1456,5,MUNICIPIUL BRASOV,,7,,414,1042
8,99,2,1670,1292,1192,100,1290,2,MUNICIPIUL BRASOV,,7,,331,959
8,100,2,1860,1419,1283,136,1415,4,MUNICIPIUL BRASOV,,7,,364,1051
8,101,2,2000,1776,1434,342,1769,7,MUNICIPIUL BRASOV,,7,,507,1262
8,102,2,1524,1175,1063,112,1168,7,MUNICIPIUL BRASOV,,7,,356,812
8,103,2,734,607,512,95,607,0,MUNICIPIUL BRASOV,,7,,177,430
8,104,2,1715,1400,1190,210,1392,8,MUNICIPIUL BRASOV,,7,,483,909
8,105,2,1593,1256,1174,82,1252,4,MUNICIPIUL BRASOV,,7,,525,727
8,106,2,1371,1008,962,46,1002,6,MUNICIPIUL BRASOV,,7,,284,718
8,107,2,1562,1224,1170,54,1216,8,MUNICIPIUL BRASOV,,7,,398,818
8,108,2,1384,1100,1016,84,1100,0,MUNICIPIUL BRASOV,,7,,323,777
8,109,2,831,715,661,54,713,2,MUNICIPIUL BRASOV,,7,,258,455
8,110,2,852,681,653,28,681,0,MUNICIPIUL BRASOV,,7,,238,443
8,111,2,1559,1155,1087,68,1151,4,MUNICIPIUL BRASOV,,7,,430,721
8,112,2,1258,976,929,47,975,1,MUNICIPIUL BRASOV,,7,,244,731
8,113,2,925,707,670,37,707,0,MUNICIPIUL BRASOV,,7,,240,467
8,114,2,1744,1378,1307,71,1374,4,MUNICIPIUL BRASOV,,7,,477,897
8,115,2,1332,882,842,40,880,2,MUNICIPIUL BRASOV,,7,,333,547
8,116,2,918,725,663,62,722,3,MUNICIPIUL BRASOV,,7,,241,481
8,117,2,1032,874,784,90,870,4,MUNICIPIUL BRASOV,,7,,302,568
8,118,2,1261,1074,919,155,1070,4,MUNICIPIUL BRASOV,,7,,326,744
8,119,2,658,544,469,75,541,3,MUNICIPIUL BRASOV,,7,,182,359
8,120,2,1674,1373,1198,175,1368,5,MUNICIPIUL BRASOV,,7,,502,866
8,121,2,1032,927,756,171,923,4,MUNICIPIUL BRASOV,,7,,254,669
8,122,2,1313,1235,737,498,1228,7,MUNICIPIUL BRASOV,,7,,338,890
8,123,2,766,628,594,34,625,3,MUNICIPIUL BRASOV,,7,,175,450
8,124,2,1602,1234,1120,114,1226,8,MUNICIPIUL BRASOV,,7,,455,771
8,125,2,1784,1590,1226,364,1587,3,MUNICIPIUL BRASOV,,7,,688,899
8,126,2,1842,1382,1287,95,1374,8,MUNICIPIUL BRASOV,,7,,463,911
8,127,2,886,702,640,62,700,2,MUNICIPIUL BRASOV,,7,,231,469
8,128,2,1469,1116,1064,52,1112,4,MUNICIPIUL BRASOV,,7,,352,760
8,129,2,2060,1637,1540,97,1631,6,MUNICIPIUL BRASOV,,7,,461,1170
8,130,2,1887,1429,1387,42,1423,6,MUNICIPIUL BRASOV,,7,,422,1001
8,131,2,1855,1466,1325,141,1461,5,MUNICIPIUL BRASOV,,7,,476,985
8,132,2,1380,1008,1008,0,1004,4,MUNICIPIUL BRASOV,,7,,305,699
8,133,2,1096,914,859,55,913,1,MUNICIPIUL BRASOV,,7,,269,644
8,134,2,767,667,595,72,662,5,MUNICIPIUL BRASOV,,7,,214,448
8,135,2,2463,1931,1847,84,1919,9,MUNICIPIUL BRASOV,,7,,583,1336
8,136,2,0,146,0,146,145,1,MUNICIPIUL BRASOV,,7,,45,100
8,137,2,1500,1143,1087,56,1135,8,MUNICIPIUL BRASOV,,7,,363,772
8,138,2,1807,1400,1294,106,1395,5,MUNICIPIUL BRASOV,,7,,429,966
8,139,2,1016,733,690,43,729,4,MUNICIPIUL BRASOV,,7,,208,521
8,140,2,1657,1270,1170,100,1266,4,MUNICIPIUL BRASOV,,7,,417,849
8,141,2,1458,1082,1018,64,1076,6,MUNICIPIUL BRASOV,,7,,365,711
8,142,2,1618,1269,1211,58,1258,11,MUNICIPIUL BRASOV,,7,,472,786
8,143,2,835,693,612,81,689,4,MUNICIPIUL BRASOV,,7,,231,458
8,144,2,1149,894,824,70,890,4,MUNICIPIUL BRASOV,,7,,291,599
8,145,2,1355,1287,1011,276,1286,1,MUNICIPIUL BRASOV,,7,,447,839
8,146,2,1317,1058,980,78,1053,5,MUNICIPIUL BRASOV,,7,,278,775
8,147,2,1420,1177,1047,130,1174,3,MUNICIPIUL BRASOV,,7,,323,851
8,148,2,1452,1131,1072,59,1128,3,MUNICIPIUL BRASOV,,7,,310,818
8,149,2,1837,1410,1305,105,1402,8,MUNICIPIUL BRASOV,,7,,390,1012
8,150,2,2333,1866,1633,233,1855,11,MUNICIPIUL BRASOV,,7,,525,1330
8,151,2,1322,1052,997,55,1048,4,MUNICIPIUL BRASOV,,7,,264,784
8,152,2,1468,1123,1068,55,1122,1,MUNICIPIUL BRASOV,,7,,338,784
8,153,2,1888,1424,1346,78,1421,3,MUNICIPIUL BRASOV,,7,,391,1030
8,154,2,1698,1292,1224,68,1287,5,MUNICIPIUL BRASOV,,7,,410,877
8,155,2,2349,1798,1700,98,1793,5,MUNICIPIUL BRASOV,,7,,572,1221
8,156,2,2338,1782,1707,75,1777,5,MUNICIPIUL BRASOV,,7,,527,1250
8,157,2,2570,1995,1909,86,1988,7,MUNICIPIUL BRASOV,,7,,632,1356
8,158,2,1411,1099,1035,64,1090,9,MUNICIPIUL BRASOV,,7,,367,723
8,159,2,1875,1412,1325,87,1409,3,MUNICIPIUL BRASOV,,7,,446,963
8,160,2,1944,1532,1264,268,1524,8,MUNICIPIUL BRASOV,,7,,599,925
8,161,2,1447,1164,1058,106,1157,7,MUNICIPIUL BRASOV,,7,,346,811
8,162,2,2125,1649,1487,162,1643,6,MUNICIPIUL BRASOV,,7,,635,1008
8,163,2,1440,1130,1011,119,1125,5,MUNICIPIUL BRASOV,,7,,464,661
8,164,2,1790,1349,1259,90,1343,6,MUNICIPIUL BRASOV,,7,,476,867
8,165,2,1915,1382,1290,92,1382,0,MUNICIPIUL BRASOV,,7,,566,816
8,166,2,1068,882,780,102,880,2,MUNICIPIUL BRASOV,,7,,307,573
8,167,2,1487,1212,1101,111,1209,3,MUNICIPIUL BRASOV,,7,,401,808
8,168,2,506,454,436,18,450,4,MUNICIPIUL BRASOV,,7,,108,342
8,169,2,146,170,143,27,168,2,MUNICIPIUL BRASOV,,7,,66,102
8,170,2,0,0,0,0,0,0,MUNICIPIUL BRASOV,,7,,0,0
8,171,2,0,421,0,421,419,2,MUNICIPIUL BRASOV,,7,,123,296
8,172,2,0,220,0,220,218,2,MUNICIPIUL BRASOV,,7,,62,156
8,173,2,0,61,0,61,61,0,MUNICIPIUL BRASOV,,7,,7,54
8,174,2,0,800,0,800,800,0,MUNICIPIUL BRASOV,,7,,262,538
8,175,2,0,149,0,149,148,1,MUNICIPIUL BRASOV,,7,,62,86
8,176,2,0,1183,0,1183,1179,4,MUNICIPIUL BRASOV,,7,,181,998
8,177,2,0,635,0,635,629,6,MUNICIPIUL BRASOV,,7,,108,521
8,178,2,1705,1251,1024,227,1246,5,MUNICIPIUL FAGARAS,,7,,205,1041
8,179,2,1755,1110,1012,98,1105,5,MUNICIPIUL FAGARAS,,7,,221,884
8,180,2,1456,1018,901,117,1013,5,MUNICIPIUL FAGARAS,,7,,216,797
8,181,2,1497,1046,986,60,1045,1,MUNICIPIUL FAGARAS,,7,,189,856
8,182,2,1062,840,754,86,834,6,MUNICIPIUL FAGARAS,,7,,163,671
8,183,2,1263,865,743,122,859,6,MUNICIPIUL FAGARAS,,7,,248,611
8,184,2,1652,1201,1103,98,1196,5,MUNICIPIUL FAGARAS,,7,,269,927
8,185,2,962,841,638,203,838,3,MUNICIPIUL FAGARAS,,7,,226,612
8,186,2,1539,1087,973,114,1083,4,MUNICIPIUL FAGARAS,,7,,241,842
8,187,2,1468,988,855,133,985,3,MUNICIPIUL FAGARAS,,7,,180,805
8,188,2,1091,769,699,70,759,10,MUNICIPIUL FAGARAS,,7,,183,576
8,189,2,975,862,604,258,860,2,MUNICIPIUL FAGARAS,,7,,144,716
8,190,2,1241,981,833,148,979,2,MUNICIPIUL FAGARAS,,7,,199,780
8,191,2,1726,1102,987,115,1099,3,MUNICIPIUL FAGARAS,,7,,229,870
8,192,2,1138,754,654,100,753,1,MUNICIPIUL FAGARAS,,7,,157,596
8,193,2,1860,1143,1061,82,1136,7,MUNICIPIUL FAGARAS,,7,,223,913
8,194,2,1290,839,786,53,838,1,MUNICIPIUL FAGARAS,,7,,163,675
8,195,2,1011,710,608,102,710,0,MUNICIPIUL FAGARAS,,7,,110,600
8,196,2,1023,889,589,300,886,3,MUNICIPIUL FAGARAS,,7,,130,756
8,197,2,1327,1046,843,203,1041,5,MUNICIPIUL FAGARAS,,7,,178,863
8,198,2,1314,878,789,89,867,11,MUNICIPIUL FAGARAS,,7,,206,661
8,199,2,1519,1023,844,179,1017,6,MUNICIPIUL FAGARAS,,7,,209,808
8,200,2,1142,895,703,192,890,5,MUNICIPIUL FAGARAS,,7,,136,754
8,201,2,1545,1105,1003,102,1097,8,MUNICIPIUL FAGARAS,,7,,197,900
8,202,2,1555,997,898,99,995,2,MUNICIPIUL FAGARAS,,7,,298,697
8,203,2,0,250,0,250,247,3,MUNICIPIUL FAGARAS,,7,,70,177
8,204,2,0,300,0,300,296,4,MUNICIPIUL FAGARAS,,7,,62,234
8,205,2,1553,1717,1051,666,1709,8,ORAS CODLEA,,7,,610,1099
8,206,2,1320,1091,984,107,1080,11,ORAS CODLEA,,7,,434,646
8,207,2,1432,1434,1005,429,1428,6,ORAS CODLEA,,7,,422,1006
8,208,2,1157,868,777,91,861,7,ORAS CODLEA,,7,,291,570
8,209,2,1336,1033,943,90,1030,3,ORAS CODLEA,,7,,358,672
8,210,2,1409,1128,983,145,1123,5,ORAS CODLEA,,7,,403,720
8,211,2,1376,1007,901,106,995,12,ORAS CODLEA,,7,,352,643
8,212,2,1362,1022,944,78,1018,4,ORAS CODLEA,,7,,348,670
8,213,2,1537,1205,1141,64,1201,4,ORAS CODLEA,,7,,423,778
8,214,2,1715,1284,1205,79,1277,7,ORAS CODLEA,,7,,421,856
8,215,2,1500,1113,1033,80,1106,7,ORAS CODLEA,,7,,347,759
8,216,2,1376,1115,1005,110,1106,9,ORAS CODLEA,,7,,289,817
8,217,2,1968,2154,1294,860,2139,15,ORAS PREDEAL,,7,,787,1352
8,218,2,2360,2162,1531,631,2143,19,ORAS PREDEAL,,7,,783,1360
8,219,2,216,334,124,210,329,5,ORAS PREDEAL,,7,,100,229
8,220,2,574,407,326,81,406,1,ORAS PREDEAL,,7,,194,212
8,221,2,0,0,0,0,0,0,ORAS PREDEAL,,7,,0,0
8,222,2,1430,1078,964,114,1074,4,ORAS RASNOV,,7,,340,734
8,223,2,811,654,545,109,646,8,ORAS RASNOV,,7,,200,446
8,224,2,1163,950,891,59,946,4,ORAS RASNOV,,7,,373,573
8,225,2,1307,1116,1040,76,1111,5,ORAS RASNOV,,7,,417,694
8,226,2,626,618,484,134,617,1,ORAS RASNOV,,7,,133,484
8,227,2,1255,1151,886,265,1146,5,ORAS RASNOV,,7,,407,739
8,228,2,1651,1521,1360,161,1516,5,ORAS RASNOV,,7,,462,1054
8,229,2,2006,1558,1409,149,1553,5,ORAS RASNOV,,7,,523,1030
8,230,2,771,660,584,76,652,8,ORAS RASNOV,,7,,246,406
8,231,2,244,255,236,19,254,1,ORAS RASNOV,,7,,73,181
8,232,2,1242,897,812,85,894,3,ORAS RUPEA,,7,,220,674
8,233,2,1269,908,775,133,904,4,ORAS RUPEA,,7,,239,665
8,234,2,1362,983,890,93,980,3,ORAS RUPEA,,7,,252,728
8,235,2,660,514,473,41,513,1,ORAS RUPEA,,7,,128,385
8,236,2,276,280,196,84,277,3,ORAS RUPEA,,7,,108,169
8,237,2,1624,1318,1175,143,1313,5,ORAS SACELE,,7,,209,1104
8,238,2,1386,1106,1012,94,1101,5,ORAS SACELE,,7,,290,811
8,239,2,1055,872,765,107,864,8,ORAS SACELE,,7,,204,660
8,240,2,1291,973,900,73,970,3,ORAS SACELE,,7,,128,842
8,241,2,1314,1046,976,70,1038,8,ORAS SACELE,,7,,139,899
8,242,2,1563,1202,1110,92,1195,7,ORAS SACELE,,7,,234,961
8,243,2,1372,1174,1103,71,1103,5,ORAS SACELE,,7,,401,702
8,244,2,1064,854,782,72,845,9,ORAS SACELE,,7,,320,525
8,245,2,1582,1302,1206,96,1297,5,ORAS SACELE,,7,,234,1063
8,246,2,1436,1239,1154,85,1234,5,ORAS SACELE,,7,,419,815
8,247,2,506,700,396,304,695,5,ORAS SACELE,,7,,241,454
8,248,2,1251,995,933,62,988,7,ORAS SACELE,,7,,353,635
8,249,2,1453,1197,1131,66,1194,3,ORAS SACELE,,7,,399,795
8,250,2,1368,1199,1028,171,1193,6,ORAS SACELE,,7,,469,724
8,251,2,1018,873,815,58,873,0,ORAS SACELE,,7,,339,534
8,252,2,1322,1044,917,127,1034,10,ORAS SACELE,,7,,151,883
8,253,2,1324,1088,934,154,1073,15,ORAS SACELE,,7,,163,910
8,254,2,1309,971,876,95,969,2,ORAS VICTORIA,,7,,215,754
8,255,2,1184,885,766,119,883,2,ORAS VICTORIA,,7,,267,616
8,256,2,1300,1028,912,116,1022,6,ORAS VICTORIA,,7,,172,850
8,257,2,1125,920,819,101,915,5,ORAS VICTORIA,,7,,306,609
8,258,2,945,928,655,273,922,6,ORAS VICTORIA,,7,,322,600
8,259,2,1387,1088,963,125,1083,5,ORAS VICTORIA,,7,,169,914
8,260,2,1302,987,912,75,982,5,ORAS ZARNESTI,,7,,351,631
8,261,2,1716,1204,1109,95,1195,9,ORAS ZARNESTI,,7,,555,640
8,262,2,1625,1278,1172,106,1267,11,ORAS ZARNESTI,,7,,590,677
8,263,2,1367,1087,992,95,1081,6,ORAS ZARNESTI,,7,,499,582
8,264,2,537,486,350,136,484,2,ORAS ZARNESTI,,7,,206,278
8,265,2,1406,1152,1009,143,1145,7,ORAS ZARNESTI,,7,,411,734
8,266,2,944,1045,923,122,921,2,ORAS ZARNESTI,,7,,383,538
8,267,2,1938,1448,1372,76,1439,9,ORAS ZARNESTI,,7,,639,800
8,268,2,1854,1441,1295,146,1440,1,ORAS ZARNESTI,,7,,589,851
8,269,2,1949,1409,1332,77,1398,11,ORAS ZARNESTI,,7,,643,755
8,270,2,1136,956,718,238,950,6,ORAS ZARNESTI,,7,,366,584
8,271,2,912,691,593,98,685,6,ORAS ZARNESTI,,7,,290,395
8,272,2,1512,1025,883,142,1011,13,ORAS ZARNESTI,,7,,421,590
8,273,2,1152,898,752,146,893,5,ORAS ZARNESTI,,7,,370,523
8,274,2,1355,1154,962,192,1141,13,APATA,,7,,191,950
8,275,2,491,514,383,131,513,1,APATA,,7,,48,465
8,276,2,496,468,372,96,465,3,BECLEAN,,7,,115,350
8,277,2,188,176,130,46,175,1,BECLEAN,,7,,33,142
8,278,2,181,169,103,66,167,2,BECLEAN,,7,,56,111
8,279,2,352,335,268,67,332,3,BECLEAN,,7,,78,254
8,280,2,1348,1085,906,179,1081,4,BOD,,7,,551,530
8,281,2,1301,1256,944,312,1251,5,BOD,,7,,303,948
8,282,2,1941,1804,1338,466,1795,9,BRAN,,7,,800,995
8,283,2,1420,820,785,35,809,11,BRAN,,7,,383,426
8,284,2,1049,662,617,45,659,3,BRAN,,7,,292,367
8,285,2,1029,895,789,106,877,18,BUDILA,,7,,164,713
8,286,2,935,712,665,47,696,16,BUDILA,,7,,146,550
8,287,2,443,426,304,122,418,8,BUNESTI,,7,,175,243
8,288,2,312,334,200,134,328,6,BUNESTI,,7,,206,122
8,289,2,199,197,122,75,196,1,BUNESTI,,7,,105,91
8,290,2,110,140,76,64,138,2,BUNESTI,,7,,47,91
8,291,2,259,227,146,81,226,1,BUNESTI,,7,,127,99
8,292,2,690,603,456,147,600,3,CATA,,7,,193,407
8,293,2,211,247,151,96,245,2,CATA,,7,,73,172
8,294,2,580,455,383,72,451,4,CATA,,7,,53,398
8,295,2,252,227,165,62,224,3,CATA,,7,,117,107
8,296,2,997,832,721,111,821,11,CINCU,,7,,356,465
8,297,2,220,202,157,45,198,4,CINCU,,7,,110,88
8,298,2,182,179,162,17,170,7,CINCU,,7,,102,68
8,299,2,730,525,396,129,515,10,COMANA,,7,,168,347
8,300,2,226,257,139,118,256,1,COMANA,,7,,53,203
8,301,2,517,436,374,62,431,5,COMANA,,7,,216,215
8,302,2,403,342,277,65,339,3,COMANA,,7,,138,201
8,303,2,1330,1230,987,243,1221,9,CRISTIAN,,7,,380,841
8,304,2,1148,1155,842,313,1151,4,CRISTIAN,,7,,419,732
8,305,2,1279,1162,940,222,1148,14,DUMBRAVITA,,7,,296,852
8,306,2,1240,1042,943,99,1036,6,DUMBRAVITA,,7,,285,751
8,307,2,581,635,411,224,631,4,DUMBRAVITA,,7,,213,418
8,308,2,1456,1539,1218,321,1527,12,FELDIOARA,,7,,472,1055
8,309,2,1636,968,823,145,958,10,FELDIOARA,,7,,325,633
8,310,2,999,931,604,327,922,9,FELDIOARA,,7,,228,694
8,311,2,586,503,424,79,498,5,FUNDATA,,7,,317,181
8,312,2,337,270,216,54,266,4,FUNDATA,,7,,138,128
8,313,2,801,694,616,78,685,9,GHIMBAV,,7,,174,511
8,314,2,1842,1574,1422,152,1568,6,GHIMBAV,,7,,471,1097
8,315,2,778,993,567,426,980,13,GHIMBAV,,7,,281,699
8,316,2,1058,925,768,157,918,7,HALCHIU,,7,,344,574
8,317,2,926,802,707,95,801,1,HALCHIU,,7,,298,503
8,318,2,1235,966,782,184,949,17,HALCHIU,,7,,283,666
8,319,2,786,648,582,66,644,4,HALCHIU,,7,,90,554
8,320,2,1166,1058,717,341,1052,6,HARMAN,,7,,416,636
8,321,2,1499,933,720,213,928,5,HARMAN,,7,,399,529
8,322,2,376,323,242,81,321,2,HARMAN,,7,,66,255
8,323,2,912,739,628,111,737,2,HARSENI,,7,,161,576
8,324,2,773,685,488,197,682,3,HARSENI,,7,,184,498
8,325,2,1688,1423,1081,342,1419,4,HOGHIZ,,7,,264,1155
8,326,2,961,798,647,151,791,7,HOGHIZ,,7,,248,543
8,327,2,655,551,442,109,548,3,HOGHIZ,,7,,90,458
8,328,2,930,745,627,118,739,6,HOMOROD,,7,,200,539
8,329,2,391,356,302,54,356,0,HOMOROD,,7,,30,326
8,330,2,346,334,265,69,329,4,HOMOROD,,7,,121,208
8,331,2,606,401,342,59,398,3,JIBERT,,7,,166,232
8,332,2,428,360,274,86,360,0,JIBERT,,7,,176,184
8,333,2,393,323,294,29,317,6,JIBERT,,7,,65,252
8,334,2,402,415,296,119,412,3,JIBERT,,7,,192,220
8,335,2,802,683,558,125,677,6,LISA,,7,,180,497
8,336,2,642,563,455,108,557,6,LISA,,7,,96,461
8,337,2,931,775,605,170,770,5,MAIERUS,,7,,187,583
8,338,2,454,332,266,66,325,7,MAIERUS,,7,,130,195
8,339,2,737,739,441,298,737,2,MANDRA,,7,,226,511
8,340,2,546,473,349,124,470,3,MANDRA,,7,,125,345
8,341,2,290,278,190,88,274,4,MANDRA,,7,,44,230
8,342,2,205,196,139,57,196,0,MANDRA,,7,,86,110
8,343,2,273,267,183,84,266,1,MANDRA,,7,,73,193
8,344,2,685,535,504,31,533,2,MOIECIU,,7,,284,249
8,345,2,518,392,345,47,388,4,MOIECIU,,7,,206,182
8,346,2,2176,1630,1508,122,1616,14,MOIECIU,,7,,837,779
8,347,2,502,343,308,35,340,3,MOIECIU,,7,,220,120
8,348,2,1352,1157,1022,135,1146,11,ORMENIS,,7,,217,929
8,349,2,749,664,464,200,651,13,ORMENIS,,7,,205,446
8,350,2,436,359,291,68,357,2,PARAU,,7,,173,184
8,351,2,265,272,196,76,271,1,PARAU,,7,,63,208
8,352,2,534,484,377,107,477,7,PARAU,,7,,122,355
8,353,2,330,267,210,57,264,3,PARAU,,7,,99,165
8,354,2,975,792,706,86,787,5,POIANA MARULUI,,7,,376,411
8,355,2,1032,659,602,57,651,8,POIANA MARULUI,,7,,265,386
8,356,2,306,205,173,32,201,4,POIANA MARULUI,,7,,72,129
8,357,2,436,219,190,29,216,3,POIANA MARULUI,,7,,85,131
8,358,2,1152,916,868,48,913,3,POIANA MARULUI,,7,,284,629
8,359,2,1969,1401,1203,198,1390,11,PREJMER,,7,,458,932
8,360,2,1130,790,729,61,787,3,PREJMER,,7,,302,485
8,361,2,1121,931,768,163,925,6,PREJMER,,7,,311,614
8,362,2,1820,1363,1221,142,1355,8,PREJMER,,7,,478,877
8,363,2,1692,1643,1506,137,1621,22,RACOS,,7,,155,1466
8,364,2,264,294,211,83,294,0,RACOS,,7,,69,225
8,365,2,1354,1171,906,265,1164,7,RECEA,,7,,248,916
8,366,2,496,520,364,156,510,10,RECEA,,7,,186,324
8,367,2,563,528,420,108,526,2,RECEA,,7,,89,437
8,368,2,1260,975,813,162,965,10,SANPETRU,,7,,381,584
8,369,2,1118,868,741,127,861,7,SANPETRU,,7,,233,628
8,370,2,1057,871,661,210,867,4,SERCAIA,,7,,192,675
8,371,2,363,368,289,79,366,2,SERCAIA,,7,,27,339
8,372,2,429,404,317,87,401,3,SERCAIA,,7,,96,305
8,373,2,1154,870,689,181,864,6,SINCA,,7,,268,596
8,374,2,703,601,435,166,599,2,SINCA,,7,,209,390
8,375,2,734,627,479,148,622,5,SINCA,,7,,188,434
8,376,2,395,296,231,65,291,5,SOARS,,7,,70,221
8,377,2,269,231,156,75,228,3,SOARS,,7,,100,128
8,378,2,359,292,227,65,289,3,SOARS,,7,,104,185
8,379,2,175,186,128,58,184,2,SOARS,,7,,37,147
8,380,2,138,133,96,37,133,0,SOARS,,7,,60,73
8,381,2,2270,1741,1408,333,1730,11,TARLUNGENI,,7,,455,1275
8,382,2,219,259,148,111,257,2,TARLUNGENI,,7,,82,175
8,383,2,1179,950,770,180,947,3,TARLUNGENI,,7,,256,691
8,384,2,1217,1029,806,223,1014,15,TARLUNGENI,,7,,341,673
8,385,2,1528,1253,995,258,1236,17,TELIU,,7,,283,953
8,386,2,670,542,480,62,540,2,TELIU,,7,,305,235
8,387,2,341,313,289,24,312,1,TICUS,,7,,76,236
8,388,2,165,157,146,11,157,0,TICUS,,7,,15,142
8,389,2,766,651,546,105,651,0,UCEA,,7,,154,497
8,390,2,184,187,132,55,186,1,UCEA,,7,,57,129
8,391,2,668,590,478,112,587,3,UCEA,,7,,120,467
8,392,2,838,588,498,90,575,13,UNGRA,,7,,267,308
8,393,2,482,460,414,46,456,4,UNGRA,,7,,274,182
8,394,2,1274,852,807,45,840,12,VAMA BUZAULUI,,7,,485,355
8,395,2,725,505,475,30,498,7,VAMA BUZAULUI,,7,,298,200
8,396,2,391,275,227,48,269,6,VAMA BUZAULUI,,7,,176,93
8,397,2,510,435,367,68,432,3,VISTEA,,7,,121,311
8,398,2,938,748,691,57,743,5,VISTEA,,7,,229,514
8,399,2,246,317,206,111,316,1,VISTEA,,7,,83,233
8,400,2,333,258,213,45,256,2,VISTEA,,7,,112,144
8,401,2,518,388,341,47,383,5,VISTEA,,7,,161,222
8,402,2,432,460,315,145,460,0,VOILA,,7,,64,396
8,403,2,378,358,288,70,358,0,VOILA,,7,,58,300
8,404,2,274,270,176,94,269,1,VOILA,,7,,56,213
8,405,2,174,171,132,39,166,0,VOILA,,7,,24,142
8,406,2,320,375,270,105,363,12,VOILA,,7,,48,315
8,407,2,1064,899,657,242,890,9,VOILA,,7,,180,710
8,408,2,402,423,344,79,415,8,VOILA,,7,,52,363
8,409,2,2221,1786,1580,206,1774,12,VULCAN,,7,,621,1153
8,410,2,1162,673,621,52,663,10,VULCAN,,7,,286,377
8,411,2,397,357,270,87,357,0,VULCAN,,7,,100,257
9,1,2,2256,1641,1527,114,1635,6,MUNICIPIUL BRAILA,,5,,929,706
9,2,2,1989,1786,1412,374,1776,10,MUNICIPIUL BRAILA,,5,,994,782
9,3,2,1868,1470,1350,120,1461,9,MUNICIPIUL BRAILA,,5,,774,687
9,4,2,1481,1210,1114,96,1205,5,MUNICIPIUL BRAILA,,5,,685,520
9,5,2,2180,1709,1585,124,1704,5,MUNICIPIUL BRAILA,,5,,928,776
9,6,2,1861,1582,1322,260,1563,19,MUNICIPIUL BRAILA,,5,,959,604
9,7,2,2463,1964,1747,217,1955,9,MUNICIPIUL BRAILA,,5,,942,1013
9,8,2,2854,2362,2132,230,2344,18,MUNICIPIUL BRAILA,,5,,1007,1337
9,9,2,2083,1606,1446,160,1595,11,MUNICIPIUL BRAILA,,5,,806,789
9,10,2,2236,1809,1557,252,1789,20,MUNICIPIUL BRAILA,,5,,1025,764
9,11,2,1672,1268,1155,113,1262,6,MUNICIPIUL BRAILA,,5,,636,626
9,12,2,1393,1086,1000,86,1080,6,MUNICIPIUL BRAILA,,5,,591,489
9,13,2,2231,1731,1584,147,1720,11,MUNICIPIUL BRAILA,,5,,923,797
9,14,2,1843,1336,1284,52,1332,4,MUNICIPIUL BRAILA,,5,,780,552
9,15,2,1770,1324,1233,91,1313,11,MUNICIPIUL BRAILA,,5,,742,571
9,16,2,1835,1448,1334,114,1442,6,MUNICIPIUL BRAILA,,5,,677,765
9,17,2,1999,1455,1361,94,1453,2,MUNICIPIUL BRAILA,,5,,687,766
9,18,2,1937,1683,1362,321,1671,12,MUNICIPIUL BRAILA,,5,,770,901
9,19,2,2385,1975,1602,373,1968,7,MUNICIPIUL BRAILA,,5,,890,1078
9,20,2,1981,1505,1433,72,1500,5,MUNICIPIUL BRAILA,,5,,710,790
9,21,2,1755,1330,1250,80,1317,13,MUNICIPIUL BRAILA,,5,,689,628
9,22,2,1989,1366,1275,91,1358,8,MUNICIPIUL BRAILA,,5,,686,672
9,23,2,660,673,487,186,670,3,MUNICIPIUL BRAILA,,5,,292,378
9,24,2,1253,964,798,166,960,4,MUNICIPIUL BRAILA,,5,,492,468
9,25,2,849,957,483,474,952,5,MUNICIPIUL BRAILA,,5,,458,494
9,26,2,1795,1417,1187,230,1397,20,MUNICIPIUL BRAILA,,5,,695,702
9,27,2,1198,983,836,147,961,22,MUNICIPIUL BRAILA,,5,,548,413
9,28,2,1188,918,838,80,909,9,MUNICIPIUL BRAILA,,5,,490,419
9,29,2,1234,1036,926,110,1028,8,MUNICIPIUL BRAILA,,5,,623,405
9,30,2,2297,1688,1567,121,1665,23,MUNICIPIUL BRAILA,,5,,1048,617
9,31,2,1781,1340,1266,74,1333,7,MUNICIPIUL BRAILA,,5,,802,531
9,32,2,1133,894,800,94,876,18,MUNICIPIUL BRAILA,,5,,560,316
9,33,2,2359,1667,1515,152,1652,15,MUNICIPIUL BRAILA,,5,,906,746
9,34,2,2073,1645,1516,129,1633,12,MUNICIPIUL BRAILA,,5,,950,683
9,35,2,1927,1491,1421,70,1478,13,MUNICIPIUL BRAILA,,5,,846,632
9,36,2,1194,850,800,50,839,11,MUNICIPIUL BRAILA,,5,,527,312
9,37,2,1565,1214,1140,74,1204,10,MUNICIPIUL BRAILA,,5,,656,548
9,38,2,1329,987,919,68,980,7,MUNICIPIUL BRAILA,,5,,486,494
9,39,2,1463,1215,1092,123,1203,12,MUNICIPIUL BRAILA,,5,,575,628
9,40,2,1837,1425,1245,180,1406,19,MUNICIPIUL BRAILA,,5,,707,699
9,41,2,1691,1447,1114,333,1443,4,MUNICIPIUL BRAILA,,5,,757,686
9,42,2,1529,1171,1101,70,1166,5,MUNICIPIUL BRAILA,,5,,701,465
9,43,2,1395,1099,1016,83,1095,4,MUNICIPIUL BRAILA,,5,,549,546
9,44,2,1450,1175,1123,52,1166,9,MUNICIPIUL BRAILA,,5,,636,530
9,45,2,1251,970,904,66,950,20,MUNICIPIUL BRAILA,,5,,537,413
9,46,2,1471,1060,1009,51,1046,14,MUNICIPIUL BRAILA,,5,,542,504
9,47,2,1534,1283,1107,176,1273,10,MUNICIPIUL BRAILA,,5,,620,653
9,48,2,1716,1298,1224,74,1298,0,MUNICIPIUL BRAILA,,5,,664,634
9,49,2,1638,1279,1194,85,1273,6,MUNICIPIUL BRAILA,,5,,610,663
9,50,2,1373,996,943,53,989,7,MUNICIPIUL BRAILA,,5,,565,424
9,51,2,1457,1156,1097,59,1146,10,MUNICIPIUL BRAILA,,5,,613,533
9,52,2,1267,989,902,87,972,17,MUNICIPIUL BRAILA,,5,,578,394
9,53,2,1391,1080,1024,56,1075,5,MUNICIPIUL BRAILA,,5,,647,428
9,54,2,1457,1213,960,253,1205,8,MUNICIPIUL BRAILA,,5,,635,570
9,55,2,1035,800,730,70,795,5,MUNICIPIUL BRAILA,,5,,384,411
9,56,2,1287,1018,922,96,1011,7,MUNICIPIUL BRAILA,,5,,564,447
9,57,2,1161,980,812,168,974,6,MUNICIPIUL BRAILA,,5,,488,486
9,58,2,1706,1533,1096,437,1528,5,MUNICIPIUL BRAILA,,5,,834,694
9,59,2,1815,1470,1367,103,1464,6,MUNICIPIUL BRAILA,,5,,675,789
9,60,2,1505,1208,1110,98,1200,8,MUNICIPIUL BRAILA,,5,,635,565
9,61,2,2024,1625,1469,156,1616,9,MUNICIPIUL BRAILA,,5,,829,787
9,62,2,1888,1474,1373,101,1472,2,MUNICIPIUL BRAILA,,5,,674,798
9,63,2,2150,1710,1556,154,1702,8,MUNICIPIUL BRAILA,,5,,829,873
9,64,2,2069,1601,1486,115,1593,8,MUNICIPIUL BRAILA,,5,,812,781
9,65,2,2025,1594,1477,117,1586,8,MUNICIPIUL BRAILA,,5,,816,770
9,66,2,1960,1504,1371,133,1494,10,MUNICIPIUL BRAILA,,5,,792,702
9,67,2,2404,1915,1813,102,1902,13,MUNICIPIUL BRAILA,,5,,985,917
9,68,2,2186,1621,1505,116,1608,9,MUNICIPIUL BRAILA,,5,,816,792
9,69,2,2096,1629,1453,176,1617,12,MUNICIPIUL BRAILA,,5,,833,784
9,70,2,1805,1496,1256,240,1487,9,MUNICIPIUL BRAILA,,5,,752,735
9,71,2,2322,1902,1607,295,1891,11,MUNICIPIUL BRAILA,,5,,894,997
9,72,2,2175,1704,1573,131,1699,5,MUNICIPIUL BRAILA,,5,,834,865
9,73,2,2028,1556,1443,113,1554,2,MUNICIPIUL BRAILA,,5,,825,729
9,74,2,1602,1249,1140,109,1245,4,MUNICIPIUL BRAILA,,5,,639,606
9,75,2,1686,1368,1220,148,1363,5,MUNICIPIUL BRAILA,,5,,674,689
9,76,2,2162,1721,1582,139,1717,4,MUNICIPIUL BRAILA,,5,,847,870
9,77,2,1319,1013,925,88,1011,2,MUNICIPIUL BRAILA,,5,,531,480
9,78,2,1536,1206,1079,127,1199,7,MUNICIPIUL BRAILA,,5,,551,648
9,79,2,1476,1266,1128,138,1260,6,MUNICIPIUL BRAILA,,5,,596,664
9,80,2,1982,1675,1578,97,1670,5,MUNICIPIUL BRAILA,,5,,767,903
9,81,2,1842,1480,1344,136,1476,4,MUNICIPIUL BRAILA,,5,,734,742
9,82,2,2263,1828,1703,125,1818,10,MUNICIPIUL BRAILA,,5,,876,942
9,83,2,1855,1435,1317,118,1426,9,MUNICIPIUL BRAILA,,5,,718,708
9,84,2,1423,1208,1094,114,1206,2,MUNICIPIUL BRAILA,,5,,574,632
9,85,2,1941,1533,1390,143,1526,7,MUNICIPIUL BRAILA,,5,,742,784
9,86,2,1254,1006,918,88,999,7,MUNICIPIUL BRAILA,,5,,539,460
9,87,2,1511,1191,1088,103,1180,11,MUNICIPIUL BRAILA,,5,,613,567
9,88,2,1588,1408,1081,327,1397,11,MUNICIPIUL BRAILA,,5,,657,740
9,89,2,2167,1434,1260,174,1425,9,MUNICIPIUL BRAILA,,5,,572,853
9,90,2,1858,1551,1352,199,1548,3,MUNICIPIUL BRAILA,,5,,652,896
9,91,2,1442,1234,984,250,1227,7,MUNICIPIUL BRAILA,,5,,615,612
9,92,2,1836,1543,1295,248,1536,7,MUNICIPIUL BRAILA,,5,,779,757
9,93,2,2120,1621,1474,147,1615,6,MUNICIPIUL BRAILA,,5,,764,851
9,94,2,2253,1614,1463,151,1605,9,MUNICIPIUL BRAILA,,5,,777,828
9,95,2,2006,1434,1326,108,1427,7,MUNICIPIUL BRAILA,,5,,731,696
9,96,2,1488,1166,1018,148,1160,6,MUNICIPIUL BRAILA,,5,,620,540
9,97,2,1880,1438,1250,188,1433,5,MUNICIPIUL BRAILA,,5,,688,745
9,98,2,1746,1425,1245,180,1419,6,MUNICIPIUL BRAILA,,5,,648,771
9,99,2,1881,1410,1274,136,1402,8,MUNICIPIUL BRAILA,,5,,661,741
9,100,2,1731,1304,1222,82,1296,8,MUNICIPIUL BRAILA,,5,,528,768
9,101,2,1814,1321,1194,127,1314,7,MUNICIPIUL BRAILA,,5,,624,690
9,102,2,1766,1444,1208,236,1429,15,MUNICIPIUL BRAILA,,5,,688,741
9,103,2,1500,1068,966,102,1059,9,MUNICIPIUL BRAILA,,5,,410,649
9,104,2,0,429,0,429,429,0,MUNICIPIUL BRAILA,,5,,244,185
9,105,2,0,75,0,75,75,0,MUNICIPIUL BRAILA,,5,,29,46
9,106,2,0,187,0,187,187,0,MUNICIPIUL BRAILA,,5,,83,104
9,107,2,0,52,0,52,52,0,MUNICIPIUL BRAILA,,5,,18,34
9,108,2,0,395,0,395,393,2,MUNICIPIUL BRAILA,,5,,173,220
9,109,2,0,485,0,485,483,2,MUNICIPIUL BRAILA,,5,,230,253
9,110,2,0,217,0,217,212,5,MUNICIPIUL BRAILA,,5,,92,120
9,111,2,0,379,0,379,373,6,MUNICIPIUL BRAILA,,5,,194,179
9,112,2,201,212,184,28,208,4,MUNICIPIUL BRAILA,,5,,75,133
9,113,2,0,434,0,434,428,6,MUNICIPIUL BRAILA,,5,,221,207
9,114,2,2286,1940,1802,138,1929,11,ORAS FAUREI,,5,,1190,739
9,115,2,545,361,347,14,356,5,ORAS FAUREI,,5,,237,119
9,116,2,0,362,0,362,360,2,ORAS FAUREI,,5,,191,169
9,117,2,2226,1707,1240,467,1700,7,ORAS IANCA,,5,,990,710
9,118,2,2279,1477,1084,393,1458,19,ORAS IANCA,,5,,906,552
9,119,2,583,623,553,70,621,2,ORAS IANCA,,5,,393,228
9,120,2,1293,954,877,77,943,11,ORAS IANCA,,5,,723,220
9,121,2,525,547,373,174,544,3,ORAS IANCA,,5,,399,145
9,122,2,847,713,674,39,700,13,ORAS IANCA,,5,,505,195
9,123,2,660,539,449,90,532,7,ORAS IANCA,,5,,388,144
9,124,2,364,333,280,53,329,4,ORAS IANCA,,5,,215,114
9,125,2,1701,1374,1161,213,1357,17,ORAS INSURATEI,,5,,1016,341
9,126,2,1998,1372,1211,161,1353,19,ORAS INSURATEI,,5,,951,402
9,127,2,1536,924,877,47,916,8,ORAS INSURATEI,,5,,699,217
9,128,2,361,299,244,55,296,3,ORAS INSURATEI,,5,,197,99
9,129,2,1755,1425,1166,259,1418,7,BARAGANUL,,5,,1064,354
9,130,2,934,711,606,105,707,4,BARAGANUL,,5,,564,143
9,131,2,1285,971,869,102,954,16,BERTESTII DE JOS,,5,,768,186
9,132,2,1153,884,790,94,873,11,BERTESTII DE JOS,,5,,668,205
9,133,2,1254,892,804,88,882,10,BORDEI VERDE,,5,,642,240
9,134,2,681,657,566,91,654,3,BORDEI VERDE,,5,,521,133
9,135,2,444,339,268,71,334,5,BORDEI VERDE,,5,,274,60
9,136,2,1524,1070,926,144,1052,18,CHISCANI,,5,,645,407
9,137,2,1293,970,800,170,962,8,CHISCANI,,5,,571,391
9,138,2,734,611,437,174,599,12,CHISCANI,,5,,368,231
9,139,2,2054,1501,1371,130,1488,13,CIOCILE,,5,,1280,208
9,140,2,637,483,398,85,477,6,CIOCILE,,5,,394,83
9,141,2,928,694,603,91,688,6,CIRESU,,5,,510,178
9,142,2,658,520,426,94,517,3,CIRESU,,5,,407,110
9,143,2,1381,959,859,100,945,14,CIRESU,,5,,732,213
9,144,2,1492,1054,804,250,1044,10,DUDESTI,,5,,826,218
9,145,2,1725,1353,1140,213,1325,28,DUDESTI,,5,,1056,269
9,146,2,334,254,184,70,249,5,FRECATEI,,5,,184,65
9,147,2,422,354,262,92,349,5,FRECATEI,,5,,247,102
9,148,2,367,293,214,79,288,5,FRECATEI,,5,,184,104
9,149,2,961,812,671,141,808,4,GALBENU,,5,,660,148
9,150,2,766,700,525,175,698,2,GALBENU,,5,,541,157
9,151,2,1101,971,789,182,959,12,GALBENU,,5,,788,171
9,152,2,1571,1192,1069,123,1169,23,GEMENELE,,5,,919,250
9,153,2,1173,774,639,135,758,16,GRADISTEA,,5,,485,273
9,154,2,1001,758,643,115,746,12,GRADISTEA,,5,,586,160
9,155,2,1264,899,726,173,877,22,GROPENI,,5,,656,221
9,156,2,1764,1323,1091,232,1304,19,GROPENI,,5,,1020,284
9,157,2,1267,825,761,64,821,4,JIRLAU,,5,,666,155
9,158,2,1385,978,894,84,971,7,JIRLAU,,5,,800,171
9,159,2,872,536,413,123,530,6,MARASU,,5,,385,145
9,160,2,409,379,319,60,376,3,MARASU,,5,,312,64
9,161,2,448,321,240,81,320,1,MARASU,,5,,184,136
9,162,2,212,170,130,40,169,1,MARASU,,5,,145,24
9,163,2,623,440,348,92,431,9,MARASU,,5,,309,122
9,164,2,1263,966,819,147,956,10,MAXINENI,,5,,751,205
9,165,2,756,592,508,84,587,5,MAXINENI,,5,,491,96
9,166,2,218,191,145,46,190,1,MAXINENI,,5,,150,40
9,167,2,593,530,419,111,523,7,MAXINENI,,5,,416,107
9,168,2,2055,1491,1337,154,1475,16,MIRCEA VODA,,5,,1053,422
9,169,2,868,638,559,79,625,13,MIRCEA VODA,,5,,447,178
9,170,2,1202,868,753,115,859,9,MOVILA MIRESEI,,5,,650,209
9,171,2,1146,795,654,141,789,6,MOVILA MIRESEI,,5,,564,225
9,172,2,637,521,415,106,513,8,MOVILA MIRESEI,,5,,377,136
9,173,2,260,219,169,50,217,2,MOVILA MIRESEI,,5,,158,59
9,174,2,1268,977,885,92,961,16,RACOVITA,,5,,756,205
9,175,2,1222,870,744,126,862,8,RAMNICELU,,5,,584,278
9,176,2,327,264,214,50,256,8,RAMNICELU,,5,,211,45
9,177,2,305,264,200,64,262,2,RAMNICELU,,5,,207,55
9,178,2,1249,931,805,126,921,10,ROMANU,,5,,702,219
9,179,2,331,326,268,58,322,4,ROMANU,,5,,248,74
9,180,2,1479,1075,976,99,1053,22,ROSIORI,,5,,814,239
9,181,2,928,749,645,104,747,2,ROSIORI,,5,,616,131
9,182,2,917,636,632,4,625,11,SALCIA TUDOR,,5,,453,172
9,183,2,894,678,564,114,668,10,SALCIA TUDOR,,5,,527,141
9,184,2,823,567,473,94,556,11,SALCIA TUDOR,,5,,405,151
9,185,2,795,563,502,61,555,8,SCORTARU NOU,,5,,469,86
9,186,2,457,412,345,67,406,6,SCORTARU NOU,,5,,294,112
9,187,2,994,765,605,160,758,7,SILISTEA,,5,,497,261
9,188,2,269,239,170,69,236,3,SILISTEA,,5,,168,68
9,189,2,1321,1067,909,158,1061,6,STANCUTA,,5,,788,273
9,190,2,1175,931,826,105,916,15,STANCUTA,,5,,650,266
9,191,2,430,388,330,58,382,6,STANCUTA,,5,,308,74
9,192,2,1522,1137,1051,86,1124,13,SURDILA-GAISEANCA,,5,,798,326
9,193,2,708,620,510,110,609,11,SURDILA-GAISEANCA,,5,,470,139
9,194,2,907,490,437,53,487,3,SURDILA-GRECI,,5,,334,153
9,195,2,161,250,109,141,242,8,SURDILA-GRECI,,5,,189,53
9,196,2,317,253,213,40,253,0,SURDILA-GRECI,,5,,216,37
9,197,2,1567,1368,1279,89,1352,16,SUTESTI,,5,,918,434
9,198,2,1701,948,872,76,939,9,SUTESTI,,5,,620,319
9,199,2,282,255,204,51,253,2,SUTESTI,,5,,187,66
9,200,2,1407,1101,851,250,1092,9,TICHILESTI,,5,,630,462
9,201,2,1348,1019,909,110,1001,18,TICHILESTI,,5,,648,353
9,202,2,187,173,120,53,172,1,TICHILESTI,,5,,131,41
9,203,2,882,649,478,171,647,2,TRAIAN,,5,,443,204
9,204,2,594,527,367,160,523,4,TRAIAN,,5,,428,95
9,205,2,957,792,528,264,777,15,TRAIAN,,5,,629,148
9,206,2,148,139,103,36,137,2,TRAIAN,,5,,109,28
9,207,2,972,661,590,71,653,8,TUDOR VLADIMIRESCU,,5,,380,273
9,208,2,936,658,606,52,649,9,TUDOR VLADIMIRESCU,,5,,474,175
9,209,2,190,185,131,54,185,0,TUDOR VLADIMIRESCU,,5,,124,61
9,210,2,1308,1008,854,154,1001,7,TUDOR VLADIMIRESCU,,5,,646,355
9,211,2,662,536,463,73,532,4,TUDOR VLADIMIRESCU,,5,,306,226
9,212,2,1649,1126,1018,108,1113,13,TUFESTI,,5,,824,289
9,213,2,1223,870,793,77,857,13,TUFESTI,,5,,646,211
9,214,2,1023,806,694,112,798,8,TUFESTI,,5,,572,226
9,215,2,883,702,594,108,693,9,TUFESTI,,5,,518,175
9,216,2,1673,1229,1042,187,1217,12,ULMU,,5,,934,283
9,217,2,1013,795,627,168,786,9,ULMU,,5,,612,174
9,218,2,1057,804,719,85,799,5,ULMU,,5,,658,141
9,219,2,989,739,649,90,728,11,UNIREA,,5,,511,217
9,220,2,1010,813,687,126,802,11,UNIREA,,5,,492,310
9,221,2,1818,1218,948,270,1200,18,VADENI,,5,,771,429
9,222,2,647,497,329,168,487,10,VADENI,,5,,232,255
9,223,2,139,291,74,217,287,4,VADENI,,5,,121,166
9,224,2,1778,1293,1141,152,1274,19,VICTORIA,,5,,953,321
9,225,2,1183,944,823,121,935,9,VICTORIA,,5,,815,120
9,226,2,1745,1262,1140,122,1251,11,VISANI,,5,,967,284
9,227,2,605,520,454,66,511,9,VISANI,,5,,383,128
9,228,2,1600,1113,874,239,1105,8,VIZIRU,,5,,755,350
9,229,2,1856,1241,979,262,1225,16,VIZIRU,,5,,739,486
9,230,2,1431,1318,1001,317,1293,25,VIZIRU,,5,,871,422
9,231,2,2056,1473,1320,153,1458,15,ZAVOAIA,,5,,1096,362
9,232,2,693,603,507,96,593,10,ZAVOAIA,,5,,459,134
10,1,2,1647,1251,1176,75,1246,5,MUNICIPIUL BUZAU,,5,,571,675
10,2,2,1697,1276,1134,142,1275,1,MUNICIPIUL BUZAU,,5,,656,619
10,3,2,2185,1634,1555,79,1626,8,MUNICIPIUL BUZAU,,5,,794,832
10,4,2,2192,1727,1478,249,1717,10,MUNICIPIUL BUZAU,,5,,925,792
10,5,2,2304,1663,1545,118,1659,4,MUNICIPIUL BUZAU,,5,,915,744
10,6,2,2661,1857,1745,112,1843,14,MUNICIPIUL BUZAU,,5,,975,868
10,7,2,2322,1716,1549,167,1702,14,MUNICIPIUL BUZAU,,5,,835,867
10,8,2,1852,1337,1271,66,1332,5,MUNICIPIUL BUZAU,,5,,726,606
10,9,2,1719,1222,1133,89,1213,9,MUNICIPIUL BUZAU,,5,,641,572
10,10,2,1854,1255,1162,93,1236,19,MUNICIPIUL BUZAU,,5,,701,535
10,11,2,1875,1309,1220,89,1301,8,MUNICIPIUL BUZAU,,5,,717,584
10,12,2,1742,1222,1164,58,1217,5,MUNICIPIUL BUZAU,,5,,677,540
10,13,2,2134,1709,1526,183,1702,7,MUNICIPIUL BUZAU,,5,,976,726
10,14,2,2144,1444,1377,67,1433,11,MUNICIPIUL BUZAU,,5,,793,640
10,15,2,2366,1657,1562,95,1649,8,MUNICIPIUL BUZAU,,5,,932,717
10,16,2,2156,1533,1452,81,1527,6,MUNICIPIUL BUZAU,,5,,868,659
10,17,2,2599,1879,1776,103,1876,3,MUNICIPIUL BUZAU,,5,,1034,842
10,18,2,1628,1249,1197,52,1238,11,MUNICIPIUL BUZAU,,5,,687,551
10,19,2,2036,1467,1356,111,1460,7,MUNICIPIUL BUZAU,,5,,883,577
10,20,2,1610,1155,1075,80,1147,8,MUNICIPIUL BUZAU,,5,,604,543
10,21,2,1421,1355,1008,347,1346,9,MUNICIPIUL BUZAU,,5,,837,509
10,22,2,1529,1232,1109,123,1223,9,MUNICIPIUL BUZAU,,5,,808,415
10,23,2,1908,1909,1339,570,1901,8,MUNICIPIUL BUZAU,,5,,1166,735
10,24,2,1512,1089,1001,88,1082,7,MUNICIPIUL BUZAU,,5,,567,515
10,25,2,1781,1357,1235,122,1350,7,MUNICIPIUL BUZAU,,5,,676,674
10,26,2,1673,1221,1159,62,1210,11,MUNICIPIUL BUZAU,,5,,606,604
10,27,2,2156,1514,1410,104,1510,4,MUNICIPIUL BUZAU,,5,,797,713
10,28,2,1748,1316,1210,106,1314,2,MUNICIPIUL BUZAU,,5,,701,613
10,29,2,2141,1463,1340,123,1458,5,MUNICIPIUL BUZAU,,5,,753,705
10,30,2,2016,1423,1249,174,1416,7,MUNICIPIUL BUZAU,,5,,694,722
10,31,2,1876,1410,1280,130,1404,6,MUNICIPIUL BUZAU,,5,,742,662
10,32,2,1807,1346,1207,139,1344,2,MUNICIPIUL BUZAU,,5,,753,591
10,33,2,2011,1535,1381,154,1525,10,MUNICIPIUL BUZAU,,5,,789,736
10,34,2,2039,1626,1403,223,1621,5,MUNICIPIUL BUZAU,,5,,908,713
10,35,2,1816,1275,1169,106,1270,5,MUNICIPIUL BUZAU,,5,,693,577
10,36,2,1642,1254,1151,103,1244,10,MUNICIPIUL BUZAU,,5,,723,521
10,37,2,1595,1264,1138,126,1260,4,MUNICIPIUL BUZAU,,5,,566,694
10,38,2,1820,1307,1184,123,1307,0,MUNICIPIUL BUZAU,,5,,560,747
10,39,2,1745,1336,1173,163,1330,6,MUNICIPIUL BUZAU,,5,,680,650
10,40,2,1620,1189,1101,88,1179,10,MUNICIPIUL BUZAU,,5,,566,613
10,41,2,1470,1192,1103,89,1190,2,MUNICIPIUL BUZAU,,5,,521,669
10,42,2,1393,1021,895,126,1005,16,MUNICIPIUL BUZAU,,5,,494,511
10,43,2,1670,1276,1186,90,1266,10,MUNICIPIUL BUZAU,,5,,659,607
10,44,2,1589,1191,1088,103,1186,5,MUNICIPIUL BUZAU,,5,,554,632
10,45,2,1559,1151,1103,48,1142,9,MUNICIPIUL BUZAU,,5,,633,509
10,46,2,2088,1412,1212,200,1409,3,MUNICIPIUL BUZAU,,5,,771,638
10,47,2,1958,1422,1301,121,1420,2,MUNICIPIUL BUZAU,,5,,785,635
10,48,2,2127,1585,1468,117,1573,12,MUNICIPIUL BUZAU,,5,,849,724
10,49,2,1880,1310,1181,129,1294,16,MUNICIPIUL BUZAU,,5,,737,557
10,50,2,2460,1700,1548,152,1687,13,MUNICIPIUL BUZAU,,5,,919,768
10,51,2,2345,1802,1596,206,1799,3,MUNICIPIUL BUZAU,,5,,950,849
10,52,2,2601,1945,1600,345,1939,6,MUNICIPIUL BUZAU,,5,,992,947
10,53,2,2188,1725,1355,370,1707,18,MUNICIPIUL BUZAU,,5,,857,850
10,54,2,1864,1387,1225,162,1381,6,MUNICIPIUL BUZAU,,5,,670,711
10,55,2,1801,1273,1192,81,1253,20,MUNICIPIUL BUZAU,,5,,753,500
10,56,2,2236,1731,1448,283,1716,15,MUNICIPIUL BUZAU,,5,,928,788
10,57,2,1708,1306,1185,121,1292,14,MUNICIPIUL BUZAU,,5,,714,578
10,58,2,2381,1580,1430,150,1553,27,MUNICIPIUL BUZAU,,5,,921,632
10,59,2,0,1008,0,1008,997,11,MUNICIPIUL BUZAU,,5,,448,549
10,60,2,0,533,0,533,531,2,MUNICIPIUL BUZAU,,5,,288,243
10,61,2,0,72,0,72,71,1,MUNICIPIUL BUZAU,,5,,52,19
10,62,2,0,117,0,117,116,1,MUNICIPIUL BUZAU,,5,,62,54
10,63,2,73,111,73,38,110,1,MUNICIPIUL BUZAU,,5,,66,44
10,64,2,0,62,0,62,61,1,MUNICIPIUL BUZAU,,5,,34,27
10,65,2,0,33,0,33,33,0,MUNICIPIUL BUZAU,,5,,18,15
10,66,2,310,310,275,35,306,4,MUNICIPIUL BUZAU,,5,,157,149
10,67,2,303,322,284,38,314,8,MUNICIPIUL BUZAU,,5,,164,150
10,68,2,604,594,552,42,578,16,MUNICIPIUL BUZAU,,5,,274,304
10,69,2,247,206,173,33,204,2,MUNICIPIUL BUZAU,,5,,134,70
10,70,2,95,118,89,29,117,1,MUNICIPIUL BUZAU,,5,,74,43
10,71,2,1521,1065,993,72,1056,9,MUNICIPIUL RAMNICU SARAT,,5,,637,419
10,72,2,1572,1052,963,89,1037,15,MUNICIPIUL RAMNICU SARAT,,5,,574,463
10,73,2,1402,1042,938,104,1034,8,MUNICIPIUL RAMNICU SARAT,,5,,576,458
10,74,2,1621,1173,1073,100,1167,6,MUNICIPIUL RAMNICU SARAT,,5,,669,498
10,75,2,1595,1145,1046,99,1132,13,MUNICIPIUL RAMNICU SARAT,,5,,651,481
10,76,2,1443,1072,1007,65,1070,2,MUNICIPIUL RAMNICU SARAT,,5,,627,443
10,77,2,1376,1088,988,100,1084,4,MUNICIPIUL RAMNICU SARAT,,5,,581,503
10,78,2,1477,1018,940,78,1017,1,MUNICIPIUL RAMNICU SARAT,,5,,543,474
10,79,2,1488,1017,928,89,1012,5,MUNICIPIUL RAMNICU SARAT,,5,,578,434
10,80,2,1540,1220,1059,161,1209,11,MUNICIPIUL RAMNICU SARAT,,5,,719,490
10,81,2,1475,1031,975,56,1026,5,MUNICIPIUL RAMNICU SARAT,,5,,562,464
10,82,2,1489,1131,1024,107,1124,7,MUNICIPIUL RAMNICU SARAT,,5,,624,500
10,83,2,1480,1086,983,103,1078,8,MUNICIPIUL RAMNICU SARAT,,5,,592,486
10,84,2,1521,1108,1015,93,1100,8,MUNICIPIUL RAMNICU SARAT,,5,,648,452
10,85,2,1457,1132,1046,86,1125,7,MUNICIPIUL RAMNICU SARAT,,5,,617,508
10,86,2,1767,1184,1082,102,1176,8,MUNICIPIUL RAMNICU SARAT,,5,,612,564
10,87,2,1560,1216,1063,153,1208,8,MUNICIPIUL RAMNICU SARAT,,5,,683,525
10,88,2,1736,1150,1096,54,1143,7,MUNICIPIUL RAMNICU SARAT,,5,,626,517
10,89,2,1492,1108,998,110,1103,5,MUNICIPIUL RAMNICU SARAT,,5,,556,547
10,90,2,1496,1068,1000,68,1064,4,MUNICIPIUL RAMNICU SARAT,,5,,540,524
10,91,2,1352,965,884,81,964,1,MUNICIPIUL RAMNICU SARAT,,5,,510,454
10,92,2,0,297,0,297,296,1,MUNICIPIUL RAMNICU SARAT,,5,,197,99
10,93,2,133,152,124,28,150,2,MUNICIPIUL RAMNICU SARAT,,5,,78,72
10,94,2,506,482,448,34,480,2,MUNICIPIUL RAMNICU SARAT,,5,,264,216
10,95,2,993,861,789,72,855,6,ORAS NEHOIU,,5,,628,227
10,96,2,157,141,124,17,141,0,ORAS NEHOIU,,5,,98,43
10,97,2,843,790,630,160,782,8,ORAS NEHOIU,,5,,488,294
10,98,2,362,298,267,31,297,1,ORAS NEHOIU,,5,,232,65
10,99,2,2295,2056,1749,307,2048,8,ORAS NEHOIU,,5,,1245,803
10,100,2,1081,888,846,42,884,4,ORAS NEHOIU,,5,,711,173
10,101,2,725,602,551,51,597,5,ORAS NEHOIU,,5,,385,212
10,102,2,351,271,256,15,271,0,ORAS NEHOIU,,5,,194,77
10,103,2,623,580,506,74,575,5,ORAS NEHOIU,,5,,415,160
10,104,2,535,509,478,31,507,2,ORAS NEHOIU,,5,,407,100
10,105,2,232,208,183,25,206,2,ORAS NEHOIU,,5,,166,40
10,106,2,740,620,559,61,611,9,ORAS NEHOIU,,5,,453,158
10,107,2,1368,1050,879,171,1021,29,ORAS POGOANELE,,5,,523,498
10,108,2,1520,1111,965,146,1102,9,ORAS POGOANELE,,5,,706,396
10,109,2,1367,1063,887,176,1047,16,ORAS POGOANELE,,5,,658,389
10,110,2,1705,1192,1026,166,1169,23,ORAS POGOANELE,,5,,853,316
10,111,2,1101,838,690,148,831,7,AMARU,,5,,602,229
10,112,2,319,378,218,160,372,6,AMARU,,5,,320,52
10,113,2,200,210,135,75,208,2,AMARU,,5,,158,50
10,114,2,358,340,230,110,338,2,AMARU,,5,,276,62
10,115,2,613,524,462,62,515,9,BALTA ALBA,,5,,325,190
10,116,2,500,462,347,115,458,4,BALTA ALBA,,5,,268,190
10,117,2,1604,1176,1063,113,1164,12,BALTA ALBA,,5,,801,363
10,118,2,1492,1068,971,97,1060,8,BALACEANU,,5,,835,225
10,119,2,882,633,424,209,628,5,BECENI,,5,,457,171
10,120,2,886,794,584,210,790,4,BECENI,,5,,642,148
10,121,2,335,221,175,46,221,0,BECENI,,5,,183,38
10,122,2,828,670,479,191,666,4,BECENI,,5,,513,153
10,123,2,1279,883,660,223,875,8,BECENI,,5,,623,252
10,124,2,2132,1686,1338,348,1678,8,BERCA,,5,,1046,632
10,125,2,1100,824,686,138,819,5,BERCA,,5,,533,286
10,126,2,1001,694,580,114,687,7,BERCA,,5,,512,175
10,127,2,220,208,172,36,204,4,BERCA,,5,,142,62
10,128,2,1532,1088,922,166,1084,4,BERCA,,5,,750,334
10,129,2,548,531,425,106,529,2,BERCA,,5,,375,154
10,130,2,726,599,487,112,593,6,BERCA,,5,,435,158
10,131,2,1068,598,511,87,595,3,BISOCA,,5,,509,86
10,132,2,1261,631,574,57,626,5,BISOCA,,5,,538,88
10,133,2,1158,743,672,71,733,10,BLAJANI,,5,,552,181
10,134,2,1128,938,826,112,932,6,BOLDU,,5,,560,372
10,135,2,984,823,729,94,816,7,BOLDU,,5,,443,373
10,136,2,696,512,464,48,502,10,BOZIORU,,5,,292,210
10,137,2,491,340,313,27,340,0,BOZIORU,,5,,250,90
10,138,2,1117,711,615,96,702,9,BRADEANU,,5,,445,257
10,139,2,945,713,613,100,704,9,BRADEANU,,5,,580,124
10,140,2,451,392,331,61,388,4,BRADEANU,,5,,332,56
10,141,2,946,657,551,106,651,6,BRAESTI,,5,,512,139
10,142,2,1208,817,743,74,810,7,BRAESTI,,5,,707,103
10,143,2,1096,753,659,94,739,14,BREAZA,,5,,529,210
10,144,2,1040,689,551,138,679,10,BREAZA,,5,,424,255
10,145,2,761,556,467,89,548,8,BREAZA,,5,,351,197
10,146,2,1584,1134,1014,120,1123,11,BUDA,,5,,873,250
10,147,2,1125,620,528,92,611,9,BUDA,,5,,475,136
10,148,2,1638,963,864,99,954,9,CALVINI,,5,,626,328
10,149,2,1561,842,753,89,826,16,CALVINI,,5,,568,258
10,150,2,791,629,531,98,624,5,C.A.ROSETTI,,5,,466,158
10,151,2,181,172,138,34,169,3,C.A.ROSETTI,,5,,121,48
10,152,2,435,422,340,82,414,8,C.A.ROSETTI,,5,,356,58
10,153,2,530,512,415,97,508,4,C.A.ROSETTI,,5,,358,150
10,154,2,1244,1348,1244,104,1338,10,C.A.ROSETTI,,5,,1092,246
10,155,2,357,333,271,62,333,0,C.A.ROSETTI,,5,,235,98
10,156,2,992,742,658,84,727,15,CANESTI,,5,,544,183
10,157,2,1493,884,805,79,799,6,CATINA,,5,,647,152
10,158,2,835,625,534,91,619,6,CATINA,,5,,503,116
10,159,2,2174,1408,1203,205,1400,8,CERNATESTI,,5,,1045,355
10,160,2,1133,763,600,163,752,11,CERNATESTI,,5,,598,154
10,161,2,805,656,586,70,653,3,CHILIILE,,5,,558,95
10,162,2,908,673,552,121,666,7,CHIOJDU,,5,,474,192
10,163,2,1198,777,712,65,771,6,CHIOJDU,,5,,592,179
10,164,2,464,339,301,38,333,6,CHIOJDU,,5,,312,21
10,165,2,440,321,282,39,319,2,CHIOJDU,,5,,261,58
10,166,2,378,299,273,26,298,1,CHIOJDU,,5,,239,59
10,167,2,1039,645,560,85,634,11,CILIBIA,,5,,393,241
10,168,2,402,373,327,46,370,3,CILIBIA,,5,,296,74
10,169,2,2076,1452,1158,294,1439,13,CISLAU,,5,,956,483
10,170,2,704,490,402,88,481,9,CISLAU,,5,,352,129
10,171,2,1095,865,670,195,861,4,CISLAU,,5,,623,238
10,172,2,1774,1089,1023,66,1074,15,COSTESTI,,5,,729,345
10,173,2,1024,731,607,124,718,13,COSTESTI,,5,,509,209
10,174,2,924,674,542,132,666,8,COSTESTI,,5,,451,215
10,175,2,1463,1028,979,49,1014,14,COCHIRLEANCA,,5,,727,287
10,176,2,758,552,491,61,548,4,COCHIRLEANCA,,5,,415,133
10,177,2,1458,1026,916,110,1013,13,COCHIRLEANCA,,5,,736,277
10,178,2,633,511,444,67,506,5,COCHIRLEANCA,,5,,382,124
10,179,2,425,392,344,48,385,7,COCHIRLEANCA,,5,,155,230
10,180,2,656,435,374,61,434,1,COZIENI,,5,,232,202
10,181,2,828,635,564,71,630,5,COZIENI,,5,,447,183
10,182,2,388,300,232,68,298,2,COZIENI,,5,,223,75
10,183,2,547,355,326,29,355,0,COZIENI,,5,,258,97
10,184,2,1225,845,773,72,842,3,COLTI,,5,,684,158
10,185,2,932,590,519,71,579,11,GALBINASI,,5,,378,201
10,186,2,689,552,477,75,540,12,GALBINASI,,5,,399,141
10,187,2,1410,956,831,125,943,13,GALBINASI,,5,,701,242
10,188,2,2070,1412,1258,154,1395,17,GHERASENI,,5,,886,509
10,189,2,906,668,573,95,657,11,GHERASENI,,5,,419,238
10,190,2,1346,1004,913,91,990,14,GHERGHEASA,,5,,691,299
10,191,2,1160,921,845,76,909,12,GHERGHEASA,,5,,681,228
10,192,2,1433,1100,1008,92,1084,16,GLODEANU-SILISTEA,,5,,685,399
10,193,2,888,684,600,84,675,9,GLODEANU-SILISTEA,,5,,491,184
10,194,2,464,478,392,86,475,3,GLODEANU-SILISTEA,,5,,337,138
10,195,2,675,483,408,75,472,11,GLODEANU-SILISTEA,,5,,318,154
10,196,2,394,327,270,57,322,5,GLODEANU-SILISTEA,,5,,220,102
10,197,2,2268,1821,1640,181,1764,57,GLODEANU SARAT,,5,,1256,508
10,198,2,452,350,306,44,343,7,GLODEANU SARAT,,5,,254,89
10,199,2,882,620,584,36,613,7,GLODEANU SARAT,,5,,451,162
10,200,2,593,459,393,66,455,4,GLODEANU SARAT,,5,,342,113
10,201,2,1602,960,805,155,950,10,GREBANU,,5,,704,246
10,202,2,1023,814,683,131,809,5,GREBANU,,5,,600,209
10,203,2,668,484,367,117,477,7,GREBANU,,5,,360,117
10,204,2,833,567,457,110,560,7,GREBANU,,5,,416,144
10,205,2,600,475,430,45,472,3,GURA TEGHII,,5,,365,107
10,206,2,874,719,685,34,715,4,GURA TEGHII,,5,,583,132
10,207,2,1167,915,853,62,913,2,GURA TEGHII,,5,,769,144
10,208,2,635,464,433,31,463,1,GURA TEGHII,,5,,404,59
10,209,2,1537,1101,994,107,1086,15,LARGU,,5,,882,204
10,210,2,1163,912,728,184,900,12,LOPATARI,,5,,539,361
10,211,2,770,544,469,75,541,3,LOPATARI,,5,,410,131
10,212,2,957,600,510,90,587,13,LOPATARI,,5,,495,92
10,213,2,675,462,384,78,453,9,LOPATARI,,5,,412,41
10,214,2,1532,1285,1203,82,1281,4,LUCIU,,5,,857,424
10,215,2,730,665,585,80,661,4,LUCIU,,5,,470,191
10,216,2,1207,958,755,203,942,16,MAGURA,,5,,628,314
10,217,2,529,407,342,65,404,3,MAGURA,,5,,296,108
10,218,2,832,617,536,81,610,7,MAGURA,,5,,429,181
10,219,2,914,615,582,33,610,5,MAGURA,,5,,409,201
10,220,2,73,98,67,31,96,2,MAGURA,,5,,52,44
10,221,2,1686,1121,982,139,1111,10,MARACINENI,,5,,650,461
10,222,2,2073,1328,1171,157,1317,11,MARACINENI,,5,,880,437
10,223,2,1383,947,868,79,942,5,MARACINENI,,5,,669,273
10,224,2,226,237,207,30,229,8,MARACINENI,,5,,120,109
10,225,2,864,569,500,69,562,7,MARGARITESTI,,5,,401,161
10,226,2,1133,785,585,200,775,10,MIHAILESTI,,5,,511,264
10,227,2,1461,1574,1434,140,1547,27,MIHAILESTI,,5,,1053,494
10,228,2,564,522,425,97,502,20,MIHAILESTI,,5,,365,137
10,229,2,1545,929,694,235,906,23,MEREI,,5,,533,373
10,230,2,1387,1048,850,198,1033,15,MEREI,,5,,637,396
10,231,2,665,569,352,217,564,5,MEREI,,5,,356,208
10,232,2,1120,722,566,156,713,9,MEREI,,5,,475,238
10,233,2,735,658,481,177,653,5,MEREI,,5,,400,253
10,234,2,787,535,448,87,528,7,MANZALESTI,,5,,423,105
10,235,2,833,611,505,106,603,8,MANZALESTI,,5,,489,114
10,236,2,777,480,412,68,466,14,MANZALESTI,,5,,380,86
10,237,2,1451,952,841,111,944,8,MOVILA BANULUI,,5,,712,232
10,238,2,883,624,545,79,615,9,MOVILA BANULUI,,5,,405,210
10,239,2,1061,701,608,93,694,7,MURGESTI,,5,,445,249
10,240,2,1076,712,624,88,687,25,NAENI,,5,,484,203
10,241,2,633,459,391,68,449,10,NAENI,,5,,282,167
10,242,2,1078,792,711,81,783,9,ODAILE,,5,,640,143
10,243,2,1336,1001,841,160,991,10,PADINA,,5,,689,302
10,244,2,1349,861,716,145,851,10,PADINA,,5,,609,242
10,245,2,1401,887,720,167,876,11,PADINA,,5,,676,200
10,246,2,560,365,295,70,362,3,PARDOSI,,5,,270,92
10,247,2,1651,1255,1153,102,1235,20,PANATAU,,5,,989,246
10,248,2,672,520,473,47,506,14,PANATAU,,5,,426,80
10,249,2,2130,1548,1396,152,1541,7,PATARLAGELE,,5,,1017,524
10,250,2,276,235,186,49,232,3,PATARLAGELE,,5,,152,80
10,251,2,1313,936,860,76,929,7,PATARLAGELE,,5,,750,179
10,252,2,425,358,316,42,358,0,PATARLAGELE,,5,,242,116
10,253,2,453,367,313,54,366,1,PATARLAGELE,,5,,255,111
10,254,2,86,74,54,20,74,0,PATARLAGELE,,5,,60,14
10,255,2,489,367,335,32,366,1,PATARLAGELE,,5,,297,69
10,256,2,695,486,450,36,480,6,PATARLAGELE,,5,,383,97
10,257,2,816,663,588,75,658,5,PATARLAGELE,,5,,403,255
10,258,2,254,227,201,26,226,1,PATARLAGELE,,5,,160,66
10,259,2,1413,1201,947,254,1190,11,PIETROASELE,,5,,716,474
10,260,2,1496,1031,826,205,1020,11,PIETROASELE,,5,,669,351
10,261,2,2578,1694,1371,323,1677,17,PARSCOV,,5,,1069,608
10,262,2,577,435,314,121,431,4,PARSCOV,,5,,333,98
10,263,2,1015,812,633,179,806,6,PARSCOV,,5,,603,203
10,264,2,555,432,339,93,424,8,PARSCOV,,5,,324,100
10,265,2,116,107,47,60,106,1,PARSCOV,,5,,74,32
10,266,2,1160,801,645,156,792,9,PODGORIA,,5,,467,325
10,267,2,1169,821,709,112,804,17,PODGORIA,,5,,506,298
10,268,2,400,284,208,76,281,3,PODGORIA,,5,,147,134
10,269,2,1608,1108,1023,85,1103,5,POSTA CALNAU,,5,,747,356
10,270,2,976,608,563,45,603,5,POSTA CALNAU,,5,,408,195
10,271,2,2121,1528,1384,144,1515,13,POSTA CALNAU,,5,,962,553
10,272,2,1774,1223,1110,113,1212,11,PUIESTI,,5,,871,341
10,273,2,1852,1269,1183,86,1252,17,PUIESTI,,5,,951,301
10,274,2,706,537,462,75,532,5,PUIESTI,,5,,350,182
10,275,2,1276,873,779,94,861,12,RACOVITENI,,5,,643,218
10,276,2,2000,1157,1025,132,1136,21,RAMNICELU,,5,,750,386
10,277,2,527,461,367,94,454,7,RAMNICELU,,5,,349,105
10,278,2,478,361,285,76,359,2,RAMNICELU,,5,,283,76
10,279,2,665,580,530,50,576,4,ROBEASCA,,5,,451,125
10,280,2,437,398,337,61,397,1,ROBEASCA,,5,,323,74
10,281,2,1223,1009,929,80,999,10,RUSETU,,5,,796,203
10,282,2,1088,872,812,60,859,13,RUSETU,,5,,620,239
10,283,2,1100,1024,950,74,1019,5,RUSETU,,5,,750,269
10,284,2,262,272,256,16,271,1,RUSETU,,5,,251,20
10,285,2,956,800,701,99,786,14,SAGEATA,,5,,563,223
10,286,2,2075,1515,1326,189,1493,22,SAGEATA,,5,,1156,337
10,287,2,1477,1025,901,124,1021,4,SAGEATA,,5,,778,243
10,288,2,1497,1096,951,145,1088,8,SAHATENI,,5,,769,319
10,289,2,819,506,427,79,500,6,SAHATENI,,5,,381,119
10,290,2,365,289,247,42,288,1,SAHATENI,,5,,207,81
10,291,2,1303,1064,774,290,1050,14,SAPOCA,,5,,744,306
10,292,2,1099,765,672,93,757,8,SAPOCA,,5,,538,219
10,293,2,1375,899,800,99,883,16,SARULESTI,,5,,754,129
10,294,2,1321,1066,932,134,1058,8,SCORTOASA,,5,,753,305
10,295,2,291,286,202,84,283,3,SCORTOASA,,5,,190,93
10,296,2,560,580,505,75,551,29,SCORTOASA,,5,,507,44
10,297,2,370,312,262,50,305,7,SCORTOASA,,5,,280,25
10,298,2,333,272,233,39,269,3,SCORTOASA,,5,,234,35
10,299,2,1020,797,664,133,794,3,SCUTELNICI,,5,,487,307
10,300,2,378,365,301,64,362,3,SCUTELNICI,,5,,304,58
10,301,2,601,533,452,81,530,3,SCUTELNICI,,5,,343,187
10,302,2,2250,1860,1543,317,1846,14,SIRIU,,5,,1198,648
10,303,2,2013,1495,1318,177,1471,24,SMEENI,,5,,996,475
10,304,2,871,643,578,65,640,3,SMEENI,,5,,454,186
10,305,2,676,666,597,69,645,21,SMEENI,,5,,509,136
10,306,2,898,617,504,113,608,9,SMEENI,,5,,451,157
10,307,2,603,466,380,86,459,7,SMEENI,,5,,268,191
10,308,2,1338,909,825,84,906,3,STALPU,,5,,573,333
10,309,2,1133,806,725,81,798,8,STALPU,,5,,489,309
10,310,2,1515,974,716,258,957,17,TISAU,,5,,539,418
10,311,2,1289,866,625,241,856,10,TISAU,,5,,497,359
10,312,2,1270,715,555,160,710,5,TISAU,,5,,416,294
10,313,2,1454,974,831,143,962,12,TOPLICENI,,5,,639,323
10,314,2,868,646,528,118,635,11,TOPLICENI,,5,,414,221
10,315,2,969,789,659,130,780,9,TOPLICENI,,5,,526,254
10,316,2,1604,1195,979,216,1189,6,TINTESTI,,5,,831,358
10,317,2,1596,1212,999,213,1205,7,TINTESTI,,5,,977,228
10,318,2,1264,919,789,130,906,13,ULMENI,,5,,530,376
10,319,2,1350,1024,900,124,1014,10,ULMENI,,5,,643,371
10,320,2,1921,1547,1330,217,1536,11,VADU PASII,,5,,997,539
10,321,2,1131,872,827,45,862,10,VADU PASII,,5,,617,245
10,322,2,1837,1294,1245,49,1286,8,VADU PASII,,5,,986,300
10,323,2,1094,893,779,114,886,7,VADU PASII,,5,,675,211
10,324,2,1538,1149,988,161,1139,10,VALEA RAMNICULUI,,5,,740,399
10,325,2,1922,1415,1231,184,1397,18,VALEA RAMNICULUI,,5,,926,471
10,326,2,961,796,647,149,791,5,VALEA RAMNICULUI,,5,,574,217
10,327,2,805,571,537,34,561,10,VALEA SALCIEI,,5,,399,162
10,328,2,1490,1031,793,238,1026,5,VERNESTI,,5,,614,412
10,329,2,1895,1415,1059,356,1392,23,VERNESTI,,5,,964,428
10,330,2,1650,891,651,240,875,16,VERNESTI,,5,,548,327
10,331,2,986,743,561,182,733,10,VERNESTI,,5,,518,215
10,332,2,108,129,105,24,129,0,VERNESTI,,5,,67,62
10,333,2,1383,955,836,119,938,17,VINTILA VODA,,5,,713,225
10,334,2,1084,744,648,96,743,1,VINTILA VODA,,5,,588,155
10,335,2,345,178,138,40,177,1,VINTILA VODA,,5,,80,97
10,336,2,1431,924,784,140,914,10,VIPERESTI,,5,,519,395
10,337,2,1017,689,547,142,685,4,VIPERESTI,,5,,457,228
10,338,2,252,178,124,54,176,2,VIPERESTI,,5,,150,26
10,339,2,1711,1261,1127,134,1240,21,VALCELELE,,5,,912,328
10,340,2,1838,1130,1014,116,1120,10,ZARNESTI,,5,,819,301
10,341,2,404,323,284,39,320,3,ZARNESTI,,5,,243,77
10,342,2,1142,751,673,78,740,11,ZARNESTI,,5,,568,172
10,343,2,972,667,598,69,662,5,ZARNESTI,,5,,472,190
10,344,2,743,677,585,92,674,3,ZIDURI,,5,,461,213
10,345,2,736,770,718,52,765,5,ZIDURI,,5,,637,128
10,346,2,880,724,647,77,717,7,ZIDURI,,5,,559,158
10,347,2,847,682,602,80,678,4,ZIDURI,,5,,490,188
10,348,2,703,563,535,28,557,6,ZIDURI,,5,,408,149
11,1,2,290,257,203,54,256,1,MUNICIPIUL RESITA,,1,,123,133
11,2,2,398,310,255,55,304,6,MUNICIPIUL RESITA,,1,,84,220
11,3,2,1053,784,708,76,780,4,MUNICIPIUL RESITA,,1,,266,514
11,4,2,0,149,0,149,147,2,MUNICIPIUL RESITA,,1,,60,87
11,5,2,517,400,349,51,400,0,MUNICIPIUL RESITA,,1,,84,316
11,6,2,973,667,589,78,663,4,MUNICIPIUL RESITA,,1,,174,489
11,7,2,595,448,390,58,448,0,MUNICIPIUL RESITA,,1,,128,320
11,8,2,987,729,651,78,726,3,MUNICIPIUL RESITA,,1,,194,532
11,9,2,1300,910,806,104,904,6,MUNICIPIUL RESITA,,1,,243,661
11,10,2,1285,871,756,115,869,2,MUNICIPIUL RESITA,,1,,184,685
11,11,2,949,650,535,115,649,1,MUNICIPIUL RESITA,,1,,137,512
11,12,2,938,680,589,91,676,4,MUNICIPIUL RESITA,,1,,199,477
11,13,2,1230,905,834,71,897,8,MUNICIPIUL RESITA,,1,,273,624
11,14,2,1070,800,738,62,798,2,MUNICIPIUL RESITA,,1,,240,558
11,15,2,0,101,0,101,101,0,MUNICIPIUL RESITA,,1,,40,61
11,16,2,467,415,295,120,412,3,MUNICIPIUL RESITA,,1,,87,325
11,17,2,1004,799,709,90,792,7,MUNICIPIUL RESITA,,1,,260,532
11,18,2,1376,1166,959,207,1163,3,MUNICIPIUL RESITA,,1,,341,822
11,19,2,1144,845,711,134,842,3,MUNICIPIUL RESITA,,1,,187,655
11,20,2,596,477,406,71,474,3,MUNICIPIUL RESITA,,1,,152,322
11,21,2,1026,805,711,94,802,3,MUNICIPIUL RESITA,,1,,255,547
11,22,2,0,159,0,159,157,2,MUNICIPIUL RESITA,,1,,59,98
11,23,2,678,578,481,97,578,0,MUNICIPIUL RESITA,,1,,237,341
11,24,2,1336,950,901,49,948,2,MUNICIPIUL RESITA,,1,,346,602
11,25,2,1229,892,848,44,888,4,MUNICIPIUL RESITA,,1,,336,552
11,26,2,1056,799,739,60,795,4,MUNICIPIUL RESITA,,1,,249,546
11,27,2,1406,1002,902,100,996,6,MUNICIPIUL RESITA,,1,,304,692
11,28,2,876,666,600,66,663,3,MUNICIPIUL RESITA,,1,,309,354
11,29,2,1078,875,815,60,873,2,MUNICIPIUL RESITA,,1,,349,524
11,30,2,916,672,614,58,669,3,MUNICIPIUL RESITA,,1,,230,439
11,31,2,1033,782,654,128,775,7,MUNICIPIUL RESITA,,1,,306,469
11,32,2,1333,965,904,61,958,7,MUNICIPIUL RESITA,,1,,332,626
11,33,2,785,574,481,93,572,2,MUNICIPIUL RESITA,,1,,220,352
11,34,2,1006,740,637,103,740,0,MUNICIPIUL RESITA,,1,,247,493
11,35,2,535,539,360,179,532,7,MUNICIPIUL RESITA,,1,,137,395
11,36,2,1129,779,571,208,777,2,MUNICIPIUL RESITA,,1,,184,593
11,37,2,408,342,270,72,340,2,MUNICIPIUL RESITA,,1,,115,225
11,38,2,1544,1597,792,805,1593,4,MUNICIPIUL RESITA,,1,,342,1251
11,39,2,1293,865,762,103,858,7,MUNICIPIUL RESITA,,1,,362,496
11,40,2,1625,1109,973,136,1103,6,MUNICIPIUL RESITA,,1,,330,773
11,41,2,1323,923,862,61,922,1,MUNICIPIUL RESITA,,1,,279,643
11,42,2,1257,862,775,87,859,3,MUNICIPIUL RESITA,,1,,319,540
11,43,2,1206,822,748,74,820,2,MUNICIPIUL RESITA,,1,,232,588
11,44,2,1132,780,731,49,776,4,MUNICIPIUL RESITA,,1,,237,539
11,45,2,1286,946,876,70,941,5,MUNICIPIUL RESITA,,1,,348,593
11,46,2,1068,753,676,77,748,5,MUNICIPIUL RESITA,,1,,238,510
11,47,2,0,335,0,335,333,2,MUNICIPIUL RESITA,,1,,115,218
11,48,2,1474,958,884,74,954,4,MUNICIPIUL RESITA,,1,,337,617
11,49,2,1266,865,781,84,860,5,MUNICIPIUL RESITA,,1,,281,579
11,50,2,1534,1076,997,79,1069,7,MUNICIPIUL RESITA,,1,,393,676
11,51,2,1296,918,859,59,916,2,MUNICIPIUL RESITA,,1,,317,599
11,52,2,1277,911,854,57,908,3,MUNICIPIUL RESITA,,1,,308,600
11,53,2,1092,807,684,123,802,5,MUNICIPIUL RESITA,,1,,266,536
11,54,2,1474,993,934,59,988,5,MUNICIPIUL RESITA,,1,,318,670
11,55,2,1263,862,803,59,855,7,MUNICIPIUL RESITA,,1,,303,552
11,56,2,1627,1125,1046,79,1119,6,MUNICIPIUL RESITA,,1,,326,793
11,57,2,1214,850,782,68,844,6,MUNICIPIUL RESITA,,1,,279,565
11,58,2,1284,861,790,71,861,0,MUNICIPIUL RESITA,,1,,273,588
11,59,2,1600,1062,990,72,1056,6,MUNICIPIUL RESITA,,1,,298,758
11,60,2,1338,912,822,90,911,1,MUNICIPIUL RESITA,,1,,261,650
11,61,2,1540,989,900,89,985,4,MUNICIPIUL RESITA,,1,,315,670
11,62,2,1014,681,612,69,679,2,MUNICIPIUL RESITA,,1,,184,495
11,63,2,1293,873,807,66,873,0,MUNICIPIUL RESITA,,1,,212,661
11,64,2,1507,1036,982,54,1035,1,MUNICIPIUL RESITA,,1,,318,717
11,65,2,1260,870,816,54,868,2,MUNICIPIUL RESITA,,1,,260,608
11,66,2,1283,914,849,65,912,2,MUNICIPIUL RESITA,,1,,236,676
11,67,2,1417,1055,941,114,1053,2,MUNICIPIUL RESITA,,1,,271,782
11,68,2,1299,836,769,67,831,5,MUNICIPIUL RESITA,,1,,248,583
11,69,2,1043,732,681,51,729,3,MUNICIPIUL RESITA,,1,,212,517
11,70,2,1262,1083,944,139,1080,3,MUNICIPIUL RESITA,,1,,278,802
11,71,2,260,288,212,76,288,0,MUNICIPIUL RESITA,,1,,81,207
11,72,2,0,373,0,373,366,7,MUNICIPIUL RESITA,,1,,130,236
11,73,2,451,735,306,429,732,3,MUNICIPIUL CARANSEBES,,1,,260,472
11,74,2,355,294,272,22,290,4,MUNICIPIUL CARANSEBES,,1,,101,189
11,75,2,349,321,255,66,320,1,MUNICIPIUL CARANSEBES,,1,,109,211
11,76,2,1547,1224,1079,145,1220,4,MUNICIPIUL CARANSEBES,,1,,476,744
11,77,2,1301,1168,1128,40,1162,6,MUNICIPIUL CARANSEBES,,1,,532,630
11,78,2,1017,805,713,92,803,2,MUNICIPIUL CARANSEBES,,1,,318,485
11,79,2,820,788,595,193,784,4,MUNICIPIUL CARANSEBES,,1,,336,448
11,80,2,1413,1039,1011,28,1038,1,MUNICIPIUL CARANSEBES,,1,,388,650
11,81,2,1174,947,783,164,945,2,MUNICIPIUL CARANSEBES,,1,,359,586
11,82,2,1509,1217,936,281,1214,3,MUNICIPIUL CARANSEBES,,1,,437,777
11,83,2,1355,1001,886,115,994,7,MUNICIPIUL CARANSEBES,,1,,379,615
11,84,2,1999,1385,1162,223,1379,6,MUNICIPIUL CARANSEBES,,1,,441,938
11,85,2,1945,1357,1162,195,1350,7,MUNICIPIUL CARANSEBES,,1,,405,945
11,86,2,2088,1349,1288,61,1344,5,MUNICIPIUL CARANSEBES,,1,,464,880
11,87,2,1858,1156,1042,114,1148,8,MUNICIPIUL CARANSEBES,,1,,411,737
11,88,2,870,745,667,78,735,10,MUNICIPIUL CARANSEBES,,1,,278,457
11,89,2,1590,1069,1004,65,1062,7,MUNICIPIUL CARANSEBES,,1,,497,565
11,90,2,392,389,321,68,386,3,MUNICIPIUL CARANSEBES,,1,,154,232
11,91,2,238,485,185,300,480,5,MUNICIPIUL CARANSEBES,,1,,175,305
11,92,2,699,703,680,23,689,14,MUNICIPIUL CARANSEBES,,1,,353,336
11,93,2,1822,1537,1175,362,1526,11,ORAS ANINA,,1,,687,839
11,94,2,887,863,608,255,857,6,ORAS ANINA,,1,,274,583
11,95,2,270,378,194,184,375,3,ORAS ANINA,,1,,114,261
11,96,2,1250,1072,805,267,1064,8,ORAS ANINA,,1,,424,640
11,97,2,1326,1207,944,263,1198,9,ORAS ANINA,,1,,407,791
11,98,2,220,205,152,53,205,0,ORAS ANINA,,1,,115,90
11,99,2,0,168,0,168,166,2,ORAS ANINA,,1,,36,130
11,100,2,43,54,34,20,54,0,ORAS ANINA,,1,,9,45
11,101,2,410,771,244,527,761,10,ORAS BAILE HERCULANE,,1,,352,409
11,102,2,1287,1549,688,861,1543,6,ORAS BAILE HERCULANE,,1,,712,831
11,103,2,2285,1707,1260,447,1700,7,ORAS BAILE HERCULANE,,1,,615,1085
11,104,2,500,416,331,85,411,5,ORAS BAILE HERCULANE,,1,,161,250
11,105,2,1197,985,845,140,980,5,ORAS BOCSA,,1,,323,657
11,106,2,1068,874,790,84,852,22,ORAS BOCSA,,1,,284,568
11,107,2,936,789,702,87,781,8,ORAS BOCSA,,1,,151,630
11,108,2,1078,884,798,86,880,4,ORAS BOCSA,,1,,330,550
11,109,2,778,635,529,106,631,4,ORAS BOCSA,,1,,206,425
11,110,2,1037,940,740,200,934,6,ORAS BOCSA,,1,,256,678
11,111,2,1320,832,726,106,826,6,ORAS BOCSA,,1,,250,576
11,112,2,862,642,568,74,634,8,ORAS BOCSA,,1,,184,450
11,113,2,1350,1017,916,101,1008,9,ORAS BOCSA,,1,,297,711
11,114,2,1205,981,856,125,977,4,ORAS BOCSA,,1,,347,630
11,115,2,1119,912,808,104,906,6,ORAS BOCSA,,1,,312,594
11,116,2,1104,870,806,64,865,5,ORAS BOCSA,,1,,318,547
11,117,2,1062,979,806,173,974,5,ORAS MOLDOVA NOUA,,1,,577,397
11,118,2,832,794,675,119,786,8,ORAS MOLDOVA NOUA,,1,,516,270
11,119,2,540,504,437,67,501,3,ORAS MOLDOVA NOUA,,1,,337,164
11,120,2,255,267,216,51,266,1,ORAS MOLDOVA NOUA,,1,,224,42
11,121,2,522,401,352,49,398,3,ORAS MOLDOVA NOUA,,1,,283,115
11,122,2,1240,1014,878,136,1009,5,ORAS MOLDOVA NOUA,,1,,602,407
11,123,2,2173,1545,1381,164,1538,7,ORAS MOLDOVA NOUA,,1,,893,645
11,124,2,2047,1609,1341,268,1596,13,ORAS MOLDOVA NOUA,,1,,944,652
11,125,2,1387,1335,926,409,1327,8,ORAS MOLDOVA NOUA,,1,,706,621
11,126,2,72,228,43,185,225,3,ORAS ORAVITA,,1,,70,155
11,127,2,1230,844,729,115,837,7,ORAS ORAVITA,,1,,339,498
11,128,2,1271,880,795,85,874,6,ORAS ORAVITA,,1,,321,553
11,129,2,1004,688,611,77,683,5,ORAS ORAVITA,,1,,206,477
11,130,2,1103,867,659,208,862,5,ORAS ORAVITA,,1,,287,575
11,131,2,2165,1140,842,298,1134,6,ORAS ORAVITA,,1,,449,685
11,132,2,2201,1193,808,385,1189,4,ORAS ORAVITA,,1,,405,784
11,133,2,1080,930,416,514,927,3,ORAS ORAVITA,,1,,262,665
11,134,2,574,403,328,75,399,4,ORAS ORAVITA,,1,,129,270
11,135,2,472,414,316,98,413,1,ORAS ORAVITA,,1,,97,316
11,136,2,290,283,194,89,281,2,ORAS ORAVITA,,1,,81,200
11,137,2,448,366,277,89,360,6,ORAS ORAVITA,,1,,130,230
11,138,2,200,222,158,64,220,2,ORAS ORAVITA,,1,,42,178
11,139,2,2065,1466,1348,118,1457,9,ORAS OTELUL ROSU,,1,,484,973
11,140,2,1439,988,899,89,984,4,ORAS OTELUL ROSU,,1,,329,655
11,141,2,2819,2006,1768,238,1997,9,ORAS OTELUL ROSU,,1,,713,1284
11,142,2,2654,2043,1859,184,2031,12,ORAS OTELUL ROSU,,1,,642,1389
11,143,2,648,525,458,67,523,2,ORAS OTELUL ROSU,,1,,143,380
11,144,2,290,272,234,38,270,2,ORAS OTELUL ROSU,,1,,123,147
11,145,2,1390,970,884,86,953,17,ARMENIS,,1,,332,621
11,146,2,495,487,406,81,487,0,ARMENIS,,1,,227,260
11,147,2,414,274,251,23,271,3,ARMENIS,,1,,89,182
11,148,2,1048,851,798,53,845,6,BANIA,,1,,365,480
11,149,2,494,433,343,90,427,6,BANIA,,1,,193,234
11,150,2,751,616,577,39,615,1,BAUTAR,,1,,334,281
11,151,2,728,559,530,29,554,5,BAUTAR,,1,,314,240
11,152,2,795,585,531,54,574,11,BAUTAR,,1,,276,298
11,153,2,307,292,231,61,290,2,BERLISTE,,1,,173,117
11,154,2,236,279,210,69,279,0,BERLISTE,,1,,125,154
11,155,2,273,287,202,85,287,0,BERLISTE,,1,,114,173
11,156,2,126,173,92,81,173,0,BERLISTE,,1,,73,100
11,157,2,1188,1057,815,242,1050,7,BERZASCA,,1,,759,291
11,158,2,905,708,617,91,697,11,BERZASCA,,1,,444,253
11,159,2,222,226,207,19,215,11,BERZASCA,,1,,135,80
11,160,2,34,100,29,71,100,0,BERZASCA,,1,,89,11
11,161,2,1509,1187,1036,151,1176,11,BERZOVIA,,1,,428,748
11,162,2,746,640,527,113,636,4,BERZOVIA,,1,,248,388
11,163,2,773,592,520,72,585,7,BERZOVIA,,1,,159,426
11,164,2,446,282,251,31,279,3,BOLVASNITA,,1,,51,228
11,165,2,780,463,396,67,458,5,BOLVASNITA,,1,,106,352
11,166,2,1426,1089,858,231,1078,11,BOZOVICI,,1,,482,596
11,167,2,670,672,452,220,669,3,BOZOVICI,,1,,303,366
11,168,2,599,561,434,127,561,0,BOZOVICI,,1,,169,392
11,169,2,582,511,409,102,508,3,BREBU,,1,,123,385
11,170,2,214,240,152,88,238,2,BREBU,,1,,46,192
11,171,2,207,288,142,146,286,2,BREBU,,1,,105,181
11,172,2,71,126,50,76,124,2,BREBU NOU,,1,,30,94
11,173,2,682,458,405,53,457,1,BUCOSNITA,,1,,102,355
11,174,2,497,484,432,52,484,0,BUCOSNITA,,1,,27,457
11,175,2,704,564,517,47,562,2,BUCOSNITA,,1,,211,351
11,176,2,586,434,383,51,433,1,BUCOSNITA,,1,,181,252
11,177,2,1031,733,625,108,724,9,BUCHIN,,1,,166,558
11,178,2,532,435,389,46,430,5,BUCHIN,,1,,238,192
11,179,2,2008,980,945,35,967,13,CARASOVA,,1,,228,739
11,180,2,493,322,311,11,316,6,CARASOVA,,1,,42,274
11,181,2,194,171,145,26,168,3,CARASOVA,,1,,48,120
11,182,2,1027,942,840,102,935,7,CARBUNARI,,1,,746,189
11,183,2,894,834,694,140,825,9,CICLOVA ROMANA,,1,,272,553
11,184,2,215,312,193,119,304,8,CICLOVA ROMANA,,1,,98,206
11,185,2,123,196,100,96,196,0,CICLOVA ROMANA,,1,,107,89
11,186,2,463,412,321,91,409,3,CIUCHICI,,1,,187,222
11,187,2,110,158,82,76,157,1,CIUCHICI,,1,,74,83
11,188,2,189,274,154,120,273,1,CIUCHICI,,1,,102,171
11,189,2,118,180,101,79,179,1,CIUCHICI,,1,,73,106
11,190,2,528,427,385,42,424,3,CIUDANOVITA,,1,,167,257
11,191,2,178,167,151,16,165,2,CIUDANOVITA,,1,,92,73
11,192,2,511,508,396,112,504,4,CONSTANTIN DAICOVICIU,,1,,216,288
11,193,2,349,258,228,30,256,2,CONSTANTIN DAICOVICIU,,1,,93,163
11,194,2,647,534,424,110,531,3,CONSTANTIN DAICOVICIU,,1,,243,288
11,195,2,567,411,365,46,410,1,CONSTANTIN DAICOVICIU,,1,,179,231
11,196,2,372,273,234,39,270,3,COPACELE,,1,,172,98
11,197,2,346,226,170,56,223,3,COPACELE,,1,,81,142
11,198,2,534,332,302,30,329,3,COPACELE,,1,,164,165
11,199,2,756,515,475,40,514,1,CORNEA,,1,,170,344
11,200,2,607,506,456,50,504,2,CORNEA,,1,,255,249
11,201,2,517,432,380,52,430,2,CORNEA,,1,,159,271
11,202,2,360,276,256,20,273,3,CORNEREVA,,1,,113,160
11,203,2,911,531,512,19,523,8,CORNEREVA,,1,,80,443
11,204,2,799,489,461,28,485,4,CORNEREVA,,1,,359,126
11,205,2,466,307,275,32,304,3,CORNEREVA,,1,,168,136
11,206,2,153,67,50,17,65,2,CORNEREVA,,1,,25,40
11,207,2,137,84,66,18,82,2,CORNEREVA,,1,,66,16
11,208,2,974,852,752,100,851,1,CORONINI,,1,,643,208
11,209,2,436,388,380,8,388,0,CORONINI,,1,,310,78
11,210,2,947,737,651,86,730,7,DALBOSET,,1,,198,532
11,211,2,634,571,522,49,568,3,DALBOSET,,1,,335,233
11,212,2,484,439,359,80,437,2,DOCLIN,,1,,115,322
11,213,2,639,533,466,67,525,8,DOCLIN,,1,,164,361
11,214,2,435,380,245,135,379,1,DOCLIN,,1,,132,247
11,215,2,890,746,621,125,738,8,DOGNECEA,,1,,270,468
11,216,2,438,374,335,39,372,2,DOGNECEA,,1,,79,293
11,217,2,102,122,82,40,122,0,DOGNECEA,,1,,48,74
11,218,2,912,790,679,111,785,5,DOMASNEA,,1,,271,514
11,219,2,311,276,252,24,272,4,DOMASNEA,,1,,75,197
11,220,2,1489,1279,1218,61,1271,8,EFTIMIE MURGU,,1,,468,803
11,221,2,477,436,305,131,430,6,EZERIS,,1,,162,268
11,222,2,504,467,366,101,461,6,EZERIS,,1,,123,338
11,223,2,759,549,457,92,545,4,FARLIUG,,1,,137,408
11,224,2,338,224,179,45,221,3,FARLIUG,,1,,86,135
11,225,2,172,251,136,115,251,0,FARLIUG,,1,,84,167
11,226,2,171,195,155,40,193,2,FARLIUG,,1,,66,127
11,227,2,173,180,147,33,178,2,FARLIUG,,1,,73,105
11,228,2,117,143,98,45,141,2,FARLIUG,,1,,24,117
11,229,2,521,474,390,84,472,2,FOROTIC,,1,,143,329
11,230,2,495,471,405,66,466,5,FOROTIC,,1,,143,323
11,231,2,350,364,274,90,361,3,FOROTIC,,1,,118,243
11,232,2,559,419,402,17,412,7,GARNIC,,1,,69,343
11,233,2,760,514,487,27,511,3,GARNIC,,1,,227,284
11,234,2,1414,1258,1075,183,1251,7,GLIMBOCA,,1,,378,873
11,235,2,321,310,266,44,309,1,GORUIA,,1,,78,231
11,236,2,326,344,248,96,341,3,GORUIA,,1,,149,192
11,237,2,126,133,104,29,132,1,GORUIA,,1,,72,60
11,238,2,860,783,648,135,779,4,GRADINARI,,1,,418,361
11,239,2,706,635,561,74,634,1,GRADINARI,,1,,190,444
11,240,2,715,612,529,83,608,4,IABLANITA,,1,,308,300
11,241,2,712,553,495,58,544,9,IABLANITA,,1,,252,292
11,242,2,613,524,494,30,524,0,IABLANITA,,1,,323,201
11,243,2,566,481,417,64,478,3,LAPUSNICEL,,1,,241,237
11,244,2,464,463,283,180,457,6,LAPUSNICEL,,1,,214,243
11,245,2,197,146,139,7,145,1,LAPUSNICEL,,1,,80,65
11,246,2,1094,912,785,127,909,3,LAPUSNICU MARE,,1,,414,495
11,247,2,563,417,362,55,416,1,LAPUSNICU MARE,,1,,167,249
11,248,2,846,499,478,21,496,3,LUNCAVITA,,1,,213,283
11,249,2,1518,700,653,47,692,8,LUNCAVITA,,1,,133,559
11,250,2,727,427,368,59,419,8,LUPAC,,1,,88,331
11,251,2,796,504,448,56,500,4,LUPAC,,1,,61,439
11,252,2,423,297,257,40,289,8,LUPAC,,1,,46,243
11,253,2,328,256,225,31,254,2,LUPAC,,1,,55,199
11,254,2,1060,875,811,64,866,9,MARGA,,1,,430,436
11,255,2,1120,756,690,66,745,11,MAURENI,,1,,177,568
11,256,2,627,522,466,56,518,4,MAURENI,,1,,204,314
11,257,2,1456,1289,1148,141,1285,4,MEHADIA,,1,,646,639
11,258,2,801,619,508,111,617,2,MEHADIA,,1,,257,360
11,259,2,743,560,441,119,559,1,MEHADIA,,1,,288,271
11,260,2,195,174,131,43,173,1,MEHADIA,,1,,85,88
11,261,2,752,581,467,114,578,3,MEHADICA,,1,,309,269
11,262,2,685,775,587,188,772,3,NAIDAS,,1,,273,499
11,263,2,315,337,223,114,331,6,NAIDAS,,1,,159,172
11,264,2,1945,1510,1282,228,1503,7,OBREJA,,1,,570,933
11,265,2,352,305,238,67,300,5,OBREJA,,1,,170,130
11,266,2,646,532,490,42,526,6,OCNA DE FIER,,1,,252,274
11,267,2,496,549,444,105,544,5,PALTINIS,,1,,221,323
11,268,2,786,613,550,63,613,0,PALTINIS,,1,,304,309
11,269,2,509,509,442,67,509,0,PALTINIS,,1,,147,362
11,270,2,256,234,188,46,232,2,PALTINIS,,1,,108,124
11,271,2,1335,1118,953,165,1111,7,POJEJENA,,1,,653,458
11,272,2,1107,974,802,172,969,5,POJEJENA,,1,,512,457
11,273,2,921,669,632,37,665,4,PRIGOR,,1,,266,399
11,274,2,1031,744,656,88,741,3,PRIGOR,,1,,274,467
11,275,2,439,343,309,34,339,4,PRIGOR,,1,,97,242
11,276,2,151,124,105,19,122,2,PRIGOR,,1,,47,75
11,277,2,971,711,618,93,705,6,RAMNA,,1,,313,392
11,278,2,387,326,247,79,320,6,RAMNA,,1,,141,179
11,279,2,48,61,31,30,60,1,RAMNA,,1,,37,23
11,280,2,1242,1055,881,174,1044,11,RACASDIA,,1,,430,614
11,281,2,322,285,196,89,285,0,RACASDIA,,1,,95,190
11,282,2,1122,966,822,144,959,7,RUSCA MONTANA,,1,,541,418
11,283,2,262,365,191,174,362,3,RUSCA MONTANA,,1,,209,153
11,284,2,675,644,486,158,641,3,SACU,,1,,249,392
11,285,2,357,289,259,30,288,1,SACU,,1,,159,129
11,286,2,135,125,109,16,125,0,SACU,,1,,22,103
11,287,2,538,438,321,117,436,2,SASCA MONTANA,,1,,233,203
11,288,2,410,355,283,72,354,1,SASCA MONTANA,,1,,211,143
11,289,2,255,294,200,94,292,2,SASCA MONTANA,,1,,162,130
11,290,2,231,236,164,72,236,0,SASCA MONTANA,,1,,108,128
11,291,2,144,176,111,65,170,6,SASCA MONTANA,,1,,104,66
11,292,2,1291,974,845,129,972,2,SICHEVITA,,1,,444,528
11,293,2,499,493,389,104,492,1,SICHEVITA,,1,,282,210
11,294,2,314,105,90,15,105,0,SICHEVITA,,1,,54,51
11,295,2,1445,943,862,81,940,3,SLATINA-TIMIS,,1,,278,662
11,296,2,718,548,484,64,547,1,SLATINA-TIMIS,,1,,301,246
11,297,2,429,309,193,116,308,1,SLATINA-TIMIS,,1,,124,184
11,298,2,575,471,377,94,464,7,SOCOL,,1,,228,236
11,299,2,36,72,32,40,72,0,SOCOL,,1,,39,33
11,300,2,480,377,305,72,376,1,SOCOL,,1,,127,249
11,301,2,541,559,442,117,548,11,SOCOL,,1,,338,210
11,302,2,346,233,210,23,232,1,SOPOTU NOU,,1,,79,153
11,303,2,331,166,143,23,164,2,SOPOTU NOU,,1,,113,51
11,304,2,292,137,121,16,130,7,SOPOTU NOU,,1,,50,80
11,305,2,229,110,101,9,108,2,SOPOTU NOU,,1,,23,85
11,306,2,1274,859,796,63,857,2,TEREGOVA,,1,,322,535
11,307,2,1266,853,775,78,847,6,TEREGOVA,,1,,283,564
11,308,2,997,829,679,150,826,3,TEREGOVA,,1,,432,394
11,309,2,553,475,394,81,466,9,TICVANIU MARE,,1,,149,317
11,310,2,277,313,244,69,310,3,TICVANIU MARE,,1,,56,254
11,311,2,287,312,215,97,308,4,TICVANIU MARE,,1,,87,221
11,312,2,236,205,150,55,202,3,TICVANIU MARE,,1,,47,155
11,313,2,1563,1062,958,104,1053,9,TARNOVA,,1,,248,805
11,314,2,1205,935,852,83,928,7,TOPLET,,1,,330,598
11,315,2,1100,843,685,158,842,1,TOPLET,,1,,324,518
11,316,2,723,609,506,103,604,5,TURNU RUIENI,,1,,145,459
11,317,2,1077,864,776,88,856,8,TURNU RUIENI,,1,,185,671
11,318,2,958,615,578,37,603,12,TURNU RUIENI,,1,,232,371
11,319,2,715,662,499,163,658,4,VALIUG,,1,,202,456
11,320,2,606,548,422,126,544,4,VARADIA,,1,,110,434
11,321,2,391,374,289,85,369,5,VARADIA,,1,,110,259
11,322,2,968,744,640,104,739,5,VERMES,,1,,240,499
11,323,2,219,232,163,69,232,0,VERMES,,1,,70,162
11,324,2,297,230,170,60,229,1,VERMES,,1,,109,120
11,325,2,808,766,539,227,760,6,VRANI,,1,,285,475
11,326,2,1447,1064,946,118,1054,10,ZAVOI,,1,,476,578
11,327,2,478,430,382,48,428,2,ZAVOI,,1,,173,255
11,328,2,383,324,297,27,321,3,ZAVOI,,1,,107,214
11,329,2,877,910,459,451,899,11,ZAVOI,,1,,343,556
11,330,2,55,55,26,29,54,1,ZAVOI,,1,,15,39
11,331,2,761,582,402,180,577,5,ZORLENTU MARE,,1,,134,443
11,332,2,96,125,58,67,124,1,ZORLENTU MARE,,1,,35,89
12,1,2,1700,1151,954,197,1146,5,MUNICIPIUL CALARASI,,5,,560,586
12,2,2,2121,1573,1336,237,1566,7,MUNICIPIUL CALARASI,,5,,810,756
12,3,2,1694,1105,960,145,1100,5,MUNICIPIUL CALARASI,,5,,518,582
12,4,2,1833,1635,1129,506,1629,6,MUNICIPIUL CALARASI,,5,,726,903
12,5,2,1108,788,715,73,782,5,MUNICIPIUL CALARASI,,5,,427,355
12,6,2,1596,1082,931,151,1071,11,MUNICIPIUL CALARASI,,5,,533,538
12,7,2,2071,1614,1335,279,1605,9,MUNICIPIUL CALARASI,,5,,879,726
12,8,2,1947,1356,1071,285,1355,1,MUNICIPIUL CALARASI,,5,,760,595
12,9,2,1762,1404,924,480,1392,12,MUNICIPIUL CALARASI,,5,,661,731
12,10,2,1894,1357,877,480,1350,7,MUNICIPIUL CALARASI,,5,,766,584
12,11,2,1908,1331,1099,232,1318,13,MUNICIPIUL CALARASI,,5,,661,657
12,12,2,1909,1421,1119,302,1407,14,MUNICIPIUL CALARASI,,5,,756,651
12,13,2,1984,1422,1267,155,1405,17,MUNICIPIUL CALARASI,,5,,819,586
12,14,2,3564,2009,1217,792,1987,22,MUNICIPIUL CALARASI,,5,,923,1064
12,15,2,1125,841,719,122,839,2,MUNICIPIUL CALARASI,,5,,471,368
12,16,2,1827,1408,1085,323,1396,12,MUNICIPIUL CALARASI,,5,,646,750
12,17,2,2021,1283,836,447,1276,7,MUNICIPIUL CALARASI,,5,,602,674
12,18,2,1388,1088,630,458,1082,6,MUNICIPIUL CALARASI,,5,,496,586
12,19,2,1519,1182,861,321,1180,2,MUNICIPIUL CALARASI,,5,,553,627
12,20,2,1972,1394,1222,172,1391,3,MUNICIPIUL CALARASI,,5,,625,766
12,21,2,1648,1293,1060,233,1286,7,MUNICIPIUL CALARASI,,5,,667,619
12,22,2,2066,1417,1366,51,1400,17,MUNICIPIUL CALARASI,,5,,904,496
12,23,2,1976,1560,1250,310,1547,13,MUNICIPIUL CALARASI,,5,,936,611
12,24,2,1600,1085,930,155,1066,19,MUNICIPIUL CALARASI,,5,,648,418
12,25,2,1125,975,789,186,967,8,MUNICIPIUL CALARASI,,5,,542,425
12,26,2,1170,740,602,138,738,2,MUNICIPIUL CALARASI,,5,,302,436
12,27,2,1864,1312,1075,237,1307,5,MUNICIPIUL CALARASI,,5,,741,566
12,28,2,1810,1465,1237,228,1443,22,MUNICIPIUL CALARASI,,5,,723,720
12,29,2,1789,1211,1075,136,1208,3,MUNICIPIUL CALARASI,,5,,689,519
12,30,2,1541,1088,669,419,1079,9,MUNICIPIUL CALARASI,,5,,490,589
12,31,2,2014,1604,1258,346,1597,7,MUNICIPIUL CALARASI,,5,,747,850
12,32,2,2200,1340,1171,169,1324,16,MUNICIPIUL CALARASI,,5,,632,692
12,33,2,0,694,0,694,691,3,MUNICIPIUL CALARASI,,5,,347,344
12,34,2,0,496,0,496,488,8,MUNICIPIUL CALARASI,,5,,252,236
12,35,2,1149,1016,543,473,1006,10,ORAS BUDESTI,,5,,731,275
12,36,2,1551,1009,780,229,996,13,ORAS BUDESTI,,5,,668,328
12,37,2,1147,720,561,159,709,11,ORAS BUDESTI,,5,,554,155
12,38,2,878,598,441,157,591,7,ORAS BUDESTI,,5,,380,211
12,39,2,650,423,307,116,415,8,ORAS BUDESTI,,5,,285,130
12,40,2,1521,712,582,130,702,10,ORAS BUDESTI,,5,,375,327
12,41,2,1028,617,488,129,603,14,ORAS BUDESTI,,5,,267,336
12,42,2,1092,742,665,77,723,19,ORAS FUNDULEA,,5,,388,335
12,43,2,1028,754,633,121,741,13,ORAS FUNDULEA,,5,,399,342
12,44,2,1040,783,640,143,763,20,ORAS FUNDULEA,,5,,373,390
12,45,2,929,733,565,168,724,9,ORAS FUNDULEA,,5,,302,422
12,46,2,623,538,425,113,528,10,ORAS FUNDULEA,,5,,368,160
12,47,2,2865,2205,1840,365,2192,13,ORAS LEHLIU GARA,,5,,1312,880
12,48,2,397,328,251,77,320,8,ORAS LEHLIU GARA,,5,,169,151
12,49,2,1431,1151,935,216,1137,14,ORAS LEHLIU GARA,,5,,636,501
12,50,2,1982,1445,1369,76,1422,23,ORAS OLTENITA,,5,,1033,389
12,51,2,1484,1104,1012,92,1099,5,ORAS OLTENITA,,5,,753,346
12,52,2,1390,941,851,90,937,4,ORAS OLTENITA,,5,,550,387
12,53,2,1937,1266,1190,76,1258,8,ORAS OLTENITA,,5,,873,385
12,54,2,1673,1272,1116,156,1267,5,ORAS OLTENITA,,5,,797,470
12,55,2,1309,997,913,84,996,1,ORAS OLTENITA,,5,,660,336
12,56,2,1209,916,824,92,910,6,ORAS OLTENITA,,5,,653,257
12,57,2,1128,751,673,78,745,6,ORAS OLTENITA,,5,,553,192
12,58,2,1211,1093,816,277,1090,3,ORAS OLTENITA,,5,,775,315
12,59,2,1297,1338,892,446,1327,11,ORAS OLTENITA,,5,,912,415
12,60,2,2795,1818,1570,248,1810,8,ORAS OLTENITA,,5,,1248,562
12,61,2,1352,961,887,74,956,5,ORAS OLTENITA,,5,,655,301
12,62,2,2384,1521,1396,125,1512,9,ORAS OLTENITA,,5,,1117,395
12,63,2,1348,984,918,66,977,7,ORAS OLTENITA,,5,,758,219
12,64,2,1592,1237,1177,60,1226,11,ORAS OLTENITA,,5,,931,295
12,65,2,0,100,0,100,97,3,ORAS OLTENITA,,5,,59,38
12,66,2,1098,979,840,139,970,9,ALEXANDRU ODOBESCU,,5,,733,237
12,67,2,1322,1152,973,179,1145,7,ALEXANDRU ODOBESCU,,5,,776,369
12,68,2,1148,1021,843,178,1008,13,BELCIUGATELE,,5,,533,475
12,69,2,512,413,323,90,402,11,BELCIUGATELE,,5,,245,157
12,70,2,1847,1503,1180,323,1482,21,BORCEA,,5,,1181,301
12,71,2,1652,1321,1268,53,1301,20,BORCEA,,5,,902,399
12,72,2,1840,1036,972,64,1028,8,BORCEA,,5,,743,285
12,73,2,1779,1438,1360,78,1350,10,BORCEA,,5,,920,430
12,74,2,21,485,11,474,479,6,BORCEA,,5,,288,191
12,75,2,1964,1222,1167,55,1208,14,CASCIOARELE,,5,,652,556
12,76,2,2135,1385,1256,129,1367,18,CHIRNOGI,,5,,908,459
12,77,2,2133,1355,1224,131,1346,9,CHIRNOGI,,5,,908,438
12,78,2,2109,1482,1342,140,1461,21,CHIRNOGI,,5,,1006,455
12,79,2,2359,1321,1120,201,1308,13,CHISELET,,5,,981,327
12,80,2,941,585,489,96,576,9,CHISELET,,5,,429,147
12,81,2,862,712,553,159,705,7,CIOCANESTI,,5,,497,208
12,82,2,1568,1226,1049,177,1214,12,CIOCANESTI,,5,,957,257
12,83,2,1651,1101,895,206,1091,10,CIOCANESTI,,5,,821,270
12,84,2,1933,1197,1079,118,1186,11,CURCANI,,5,,840,346
12,85,2,1960,1176,1073,103,1166,10,CURCANI,,5,,785,381
12,86,2,1109,896,755,141,883,13,CUZA VODA,,5,,627,256
12,87,2,1349,1302,1035,267,1286,16,CUZA VODA,,5,,924,362
12,88,2,626,536,473,63,530,6,CUZA VODA,,5,,406,124
12,89,2,1502,1043,955,88,1033,10,DICHISENI,,5,,742,291
12,90,2,1698,1070,693,377,1054,16,DOR MARUNT,,5,,644,410
12,91,2,1380,1106,602,504,1089,17,DOR MARUNT,,5,,725,364
12,92,2,332,278,228,50,273,5,DOR MARUNT,,5,,197,76
12,93,2,161,108,40,68,107,1,DOR MARUNT,,5,,78,29
12,94,2,1425,958,629,329,947,11,DOR MARUNT,,5,,476,471
12,95,2,1491,904,737,167,889,15,DOROBANTU,,5,,582,307
12,96,2,1075,695,558,137,685,10,DOROBANTU,,5,,424,261
12,97,2,510,322,246,76,319,3,DOROBANTU,,5,,253,66
12,98,2,1972,1295,1190,105,1275,20,DRAGALINA,,5,,821,454
12,99,2,2374,1636,1419,217,1618,18,DRAGALINA,,5,,954,664
12,100,2,878,811,656,155,801,10,DRAGALINA,,5,,489,312
12,101,2,835,570,501,69,559,11,DRAGALINA,,5,,345,214
12,102,2,1813,1323,1041,282,1299,24,DRAGOS VODA,,5,,839,460
12,103,2,317,230,191,39,224,6,DRAGOS VODA,,5,,156,68
12,104,2,974,724,593,131,714,10,FRASINET,,5,,465,249
12,105,2,670,411,347,64,404,7,FRASINET,,5,,266,138
12,106,2,2394,1270,948,322,1253,17,FRUMUSANI,,5,,559,694
12,107,2,1378,810,651,159,794,16,FRUMUSANI,,5,,415,379
12,108,2,2057,1202,1035,167,1187,15,FUNDENI,,5,,685,502
12,109,2,1755,1129,962,167,1104,25,FUNDENI,,5,,741,363
12,110,2,1679,1336,1180,156,1324,12,GRADISTEA,,5,,991,333
12,111,2,810,608,530,78,601,7,GRADISTEA,,5,,441,160
12,112,2,985,791,645,146,788,3,GRADISTEA,,5,,497,291
12,113,2,545,463,404,59,458,5,GRADISTEA,,5,,290,168
12,114,2,987,689,550,139,672,17,GURBANESTI,,5,,473,199
12,115,2,286,205,166,39,200,5,GURBANESTI,,5,,154,46
12,116,2,987,633,481,152,630,3,ILEANA,,5,,361,269
12,117,2,591,453,389,64,450,3,ILEANA,,5,,295,155
12,118,2,743,600,376,224,592,8,ILEANA,,5,,430,162
12,119,2,749,488,336,152,480,8,ILEANA,,5,,380,100
12,120,2,1905,1460,1345,115,1440,20,INDEPENDENTA,,5,,1120,320
12,121,2,758,646,561,85,636,10,INDEPENDENTA,,5,,449,187
12,122,2,483,422,366,56,420,2,INDEPENDENTA,,5,,290,130
12,123,2,1868,1308,1202,106,1289,19,JEGALIA,,5,,932,357
12,124,2,1291,925,813,112,916,9,JEGALIA,,5,,757,159
12,125,2,871,725,616,109,716,9,JEGALIA,,5,,562,154
12,126,2,1466,1077,957,120,1053,24,LEHLIU,,5,,666,387
12,127,2,837,598,524,74,586,12,LEHLIU,,5,,373,213
12,128,2,1247,1117,965,152,1107,10,LUICA,,5,,724,383
12,129,2,519,486,428,58,483,3,LUICA,,5,,353,130
12,130,2,1146,837,732,105,825,12,LUPSANU,,5,,659,166
12,131,2,1117,905,723,182,901,4,LUPSANU,,5,,708,193
12,132,2,661,506,400,106,500,6,LUPSANU,,5,,373,127
12,133,2,1357,1011,890,121,1000,11,MITRENI,,5,,644,356
12,134,2,1820,1254,1136,118,1235,19,MITRENI,,5,,916,319
12,135,2,659,461,418,43,455,6,MITRENI,,5,,339,116
12,136,2,1234,898,721,177,882,16,MANASTIREA,,5,,599,283
12,137,2,1653,1115,915,200,1100,15,MANASTIREA,,5,,662,438
12,138,2,1007,688,529,159,675,13,MANASTIREA,,5,,407,268
12,139,2,1016,665,524,141,645,20,MANASTIREA,,5,,478,167
12,140,2,1751,1443,1331,112,1426,17,MODELU,,5,,822,604
12,141,2,1540,1326,1240,86,1309,17,MODELU,,5,,865,444
12,142,2,1828,1315,1224,91,1289,26,MODELU,,5,,803,486
12,143,2,867,773,610,163,756,17,MODELU,,5,,516,240
12,144,2,2166,1465,1304,161,1437,28,NANA,,5,,941,496
12,145,2,893,719,581,138,714,5,NICOLAE BALCESCU,,5,,476,238
12,146,2,328,286,238,48,284,2,NICOLAE BALCESCU,,5,,211,73
12,147,2,1423,1108,909,199,1098,10,PERISORU,,5,,805,293
12,148,2,1523,1024,857,167,1014,10,PERISORU,,5,,716,298
12,149,2,698,649,452,197,639,10,PERISORU,,5,,494,145
12,150,2,0,80,0,80,80,0,PERISORU,,5,,46,34
12,151,2,1148,818,651,167,811,7,PLATARESTI,,5,,432,379
12,152,2,974,627,467,160,620,7,PLATARESTI,,5,,383,237
12,153,2,871,527,411,116,522,5,PLATARESTI,,5,,281,241
12,154,2,1186,823,736,87,819,4,RADOVANU,,5,,526,293
12,155,2,1217,823,737,86,806,17,RADOVANU,,5,,407,399
12,156,2,1311,954,865,89,948,6,RADOVANU,,5,,609,339
12,157,2,613,515,466,49,505,9,RADOVANU,,5,,368,137
12,158,2,2480,1686,1497,189,1671,15,ROSETI,,5,,1391,280
12,159,2,1681,1381,1225,156,1368,13,ROSETI,,5,,1042,326
12,160,2,1115,706,536,170,693,13,SARULESTI,,5,,465,228
12,161,2,765,526,437,89,514,12,SARULESTI,,5,,288,226
12,162,2,213,195,135,60,193,2,SARULESTI,,5,,107,86
12,163,2,1762,1201,1024,177,1167,34,SOHATU,,5,,662,505
12,164,2,1165,789,682,107,772,14,SOHATU,,5,,490,282
12,165,2,1658,1230,1021,209,1211,19,SPANTOV,,5,,964,247
12,166,2,1787,1320,1009,311,1304,16,SPANTOV,,5,,1000,304
12,167,2,1826,1217,1006,211,1196,20,SOLDANU,,5,,794,402
12,168,2,796,604,494,110,598,6,SOLDANU,,5,,440,158
12,169,2,1285,1042,932,110,1031,11,STEFAN CEL MARE,,5,,823,208
12,170,2,1065,870,724,146,863,7,STEFAN CEL MARE,,5,,637,226
12,171,2,1816,1337,1141,196,1321,16,STEFAN VODA,,5,,783,538
12,172,2,1142,730,620,110,723,7,TAMADAU MARE,,5,,392,331
12,173,2,768,514,420,94,509,5,TAMADAU MARE,,5,,286,223
12,174,2,1460,1085,965,120,1077,8,ULMENI,,5,,853,224
12,175,2,1356,998,865,133,990,8,ULMENI,,5,,623,367
12,176,2,1470,1132,1062,70,1116,16,ULMENI,,5,,852,264
12,177,2,1011,826,741,85,812,14,ULMU,,5,,601,211
12,178,2,454,417,380,37,414,3,ULMU,,5,,295,119
12,179,2,157,170,126,44,169,1,ULMU,,5,,123,46
12,180,2,1056,833,590,243,822,11,UNIREA,,5,,561,261
12,181,2,1259,773,773,0,762,11,UNIREA,,5,,583,179
12,182,2,1451,1131,998,133,1108,23,VALEA ARGOVEI,,5,,805,303
12,183,2,590,520,457,63,509,11,VALEA ARGOVEI,,5,,382,127
12,184,2,996,701,580,121,685,16,VASILATI,,5,,366,319
12,185,2,1648,1217,1019,198,1190,27,VASILATI,,5,,637,553
12,186,2,2228,1385,1092,293,1357,28,VASILATI,,5,,766,591
12,187,2,305,269,214,55,267,2,VASILATI,,5,,177,90
12,188,2,311,287,221,66,279,8,VASILATI,,5,,168,111
12,189,2,1113,874,741,133,863,11,VALCELELE,,5,,632,231
12,190,2,509,475,375,100,469,6,VALCELELE,,5,,367,102
12,191,2,1371,1010,866,144,999,11,VLAD TEPES,,5,,712,287
12,192,2,860,646,541,105,637,9,VLAD TEPES,,5,,461,176
13,1,2,2522,1952,1803,149,1948,4,MUNICIPIUL CLUJ-NAPOCA,,7,,387,1561
13,2,2,2397,1824,1686,138,1816,8,MUNICIPIUL CLUJ-NAPOCA,,7,,393,1423
13,3,2,2194,1722,1615,107,1721,1,MUNICIPIUL CLUJ-NAPOCA,,7,,362,1359
13,4,2,2113,1530,1378,152,1528,2,MUNICIPIUL CLUJ-NAPOCA,,7,,315,1213
13,5,2,1907,1575,1361,214,1569,6,MUNICIPIUL CLUJ-NAPOCA,,7,,273,1296
13,6,2,2235,1642,1536,106,1634,8,MUNICIPIUL CLUJ-NAPOCA,,7,,290,1344
13,7,2,2062,1750,1565,185,1745,5,MUNICIPIUL CLUJ-NAPOCA,,7,,358,1387
13,8,2,2290,1863,1663,200,1858,5,MUNICIPIUL CLUJ-NAPOCA,,7,,525,1333
13,9,2,1845,1441,1223,218,1437,4,MUNICIPIUL CLUJ-NAPOCA,,7,,315,1122
13,10,2,1964,1660,1454,206,1650,10,MUNICIPIUL CLUJ-NAPOCA,,7,,530,1120
13,11,2,2357,1853,1657,196,1845,8,MUNICIPIUL CLUJ-NAPOCA,,7,,425,1420
13,12,2,2251,1971,1581,390,1966,5,MUNICIPIUL CLUJ-NAPOCA,,7,,589,1377
13,13,2,2263,1777,1575,202,1772,5,MUNICIPIUL CLUJ-NAPOCA,,7,,427,1345
13,14,2,1582,1410,1156,254,1406,4,MUNICIPIUL CLUJ-NAPOCA,,7,,369,1037
13,15,2,2224,1892,1698,194,1883,9,MUNICIPIUL CLUJ-NAPOCA,,7,,466,1417
13,16,2,2504,2076,1864,212,2067,9,MUNICIPIUL CLUJ-NAPOCA,,7,,468,1599
13,17,2,2151,1838,1712,126,1832,6,MUNICIPIUL CLUJ-NAPOCA,,7,,477,1355
13,18,2,2197,1649,1473,176,1642,7,MUNICIPIUL CLUJ-NAPOCA,,7,,362,1280
13,19,2,1998,1565,1415,150,1555,10,MUNICIPIUL CLUJ-NAPOCA,,7,,430,1125
13,20,2,2535,1963,1837,126,1958,5,MUNICIPIUL CLUJ-NAPOCA,,7,,557,1401
13,21,2,2248,1640,1500,140,1632,4,MUNICIPIUL CLUJ-NAPOCA,,7,,436,1196
13,22,2,1918,1520,1345,175,1512,8,MUNICIPIUL CLUJ-NAPOCA,,7,,315,1197
13,23,2,1852,1508,1352,156,1504,4,MUNICIPIUL CLUJ-NAPOCA,,7,,321,1183
13,24,2,1885,1377,1240,137,1368,9,MUNICIPIUL CLUJ-NAPOCA,,7,,294,1074
13,25,2,2207,1736,1621,115,1729,7,MUNICIPIUL CLUJ-NAPOCA,,7,,513,1216
13,26,2,1799,1333,1240,93,1331,2,MUNICIPIUL CLUJ-NAPOCA,,7,,382,949
13,27,2,1599,1312,1199,113,1306,6,MUNICIPIUL CLUJ-NAPOCA,,7,,371,935
13,28,2,1718,1419,1186,233,1416,3,MUNICIPIUL CLUJ-NAPOCA,,7,,429,987
13,29,2,1865,1514,1340,174,1510,4,MUNICIPIUL CLUJ-NAPOCA,,7,,486,1024
13,30,2,1693,1396,1291,105,1392,2,MUNICIPIUL CLUJ-NAPOCA,,7,,419,973
13,31,2,1766,1442,1353,89,1438,4,MUNICIPIUL CLUJ-NAPOCA,,7,,446,992
13,32,2,1591,1297,1095,202,1284,7,MUNICIPIUL CLUJ-NAPOCA,,7,,305,979
13,33,2,2024,1734,1510,224,1729,5,MUNICIPIUL CLUJ-NAPOCA,,7,,398,1331
13,34,2,1846,1581,1413,168,1571,10,MUNICIPIUL CLUJ-NAPOCA,,7,,387,1184
13,35,2,2040,1605,1455,150,1596,9,MUNICIPIUL CLUJ-NAPOCA,,7,,376,1220
13,36,2,2069,1632,1541,91,1622,7,MUNICIPIUL CLUJ-NAPOCA,,7,,382,1240
13,37,2,2357,1737,1618,119,1723,14,MUNICIPIUL CLUJ-NAPOCA,,7,,430,1293
13,38,2,2088,1527,1432,95,1524,3,MUNICIPIUL CLUJ-NAPOCA,,7,,293,1231
13,39,2,2804,2095,1961,134,2094,1,MUNICIPIUL CLUJ-NAPOCA,,7,,411,1683
13,40,2,1914,1474,1379,95,1470,4,MUNICIPIUL CLUJ-NAPOCA,,7,,283,1187
13,41,2,1731,1311,1212,99,1309,2,MUNICIPIUL CLUJ-NAPOCA,,7,,272,1037
13,42,2,2656,2002,1847,155,1997,5,MUNICIPIUL CLUJ-NAPOCA,,7,,494,1503
13,43,2,1841,1434,1339,95,1429,5,MUNICIPIUL CLUJ-NAPOCA,,7,,325,1104
13,44,2,2103,1698,1512,186,1694,4,MUNICIPIUL CLUJ-NAPOCA,,7,,434,1260
13,45,2,1709,1363,1274,89,1359,4,MUNICIPIUL CLUJ-NAPOCA,,7,,331,1028
13,46,2,1814,1466,1289,177,1462,4,MUNICIPIUL CLUJ-NAPOCA,,7,,316,1146
13,47,2,1719,1092,1011,81,1086,6,MUNICIPIUL CLUJ-NAPOCA,,7,,237,849
13,48,2,1732,1705,1128,577,1694,11,MUNICIPIUL CLUJ-NAPOCA,,7,,322,1372
13,49,2,1938,1453,1334,119,1449,4,MUNICIPIUL CLUJ-NAPOCA,,7,,363,1086
13,50,2,2507,2019,1854,165,2012,7,MUNICIPIUL CLUJ-NAPOCA,,7,,407,1605
13,51,2,2235,1836,1580,256,1827,9,MUNICIPIUL CLUJ-NAPOCA,,7,,462,1365
13,52,2,1886,1516,1380,136,1512,4,MUNICIPIUL CLUJ-NAPOCA,,7,,364,1148
13,53,2,1970,1609,1450,159,1607,2,MUNICIPIUL CLUJ-NAPOCA,,7,,396,1211
13,54,2,2310,1798,1623,175,1789,9,MUNICIPIUL CLUJ-NAPOCA,,7,,454,1335
13,55,2,1952,1574,1313,261,1571,3,MUNICIPIUL CLUJ-NAPOCA,,7,,462,1109
13,56,2,2505,2272,1946,326,2266,4,MUNICIPIUL CLUJ-NAPOCA,,7,,564,1702
13,57,2,2043,1661,1487,174,1659,2,MUNICIPIUL CLUJ-NAPOCA,,7,,427,1232
13,58,2,1890,1524,1334,190,1520,4,MUNICIPIUL CLUJ-NAPOCA,,7,,352,1168
13,59,2,1484,1130,1016,114,1129,1,MUNICIPIUL CLUJ-NAPOCA,,7,,203,926
13,60,2,1265,875,770,105,872,3,MUNICIPIUL CLUJ-NAPOCA,,7,,147,725
13,61,2,1621,1284,1126,158,1275,9,MUNICIPIUL CLUJ-NAPOCA,,7,,276,999
13,62,2,1896,1547,1313,234,1541,6,MUNICIPIUL CLUJ-NAPOCA,,7,,407,1134
13,63,2,1349,1078,993,85,1075,3,MUNICIPIUL CLUJ-NAPOCA,,7,,320,755
13,64,2,1978,1665,1485,180,1659,6,MUNICIPIUL CLUJ-NAPOCA,,7,,284,1375
13,65,2,2072,1700,1524,176,1696,4,MUNICIPIUL CLUJ-NAPOCA,,7,,338,1358
13,66,2,2238,1817,1506,311,1812,5,MUNICIPIUL CLUJ-NAPOCA,,7,,426,1386
13,67,2,2175,1735,1553,182,1729,6,MUNICIPIUL CLUJ-NAPOCA,,7,,371,1358
13,68,2,1779,1411,1299,112,1402,9,MUNICIPIUL CLUJ-NAPOCA,,7,,334,1068
13,69,2,1984,1600,1328,272,1592,8,MUNICIPIUL CLUJ-NAPOCA,,7,,350,1242
13,70,2,1960,1470,1283,187,1464,6,MUNICIPIUL CLUJ-NAPOCA,,7,,372,1092
13,71,2,1754,1262,1105,157,1257,5,MUNICIPIUL CLUJ-NAPOCA,,7,,283,974
13,72,2,1449,1422,890,532,1415,6,MUNICIPIUL CLUJ-NAPOCA,,7,,272,1143
13,73,2,1972,1434,1306,128,1422,12,MUNICIPIUL CLUJ-NAPOCA,,7,,244,1178
13,74,2,1828,1547,1337,210,1539,8,MUNICIPIUL CLUJ-NAPOCA,,7,,425,1114
13,75,2,1582,1322,1086,236,1304,18,MUNICIPIUL CLUJ-NAPOCA,,7,,361,943
13,76,2,2197,1746,1627,119,1742,4,MUNICIPIUL CLUJ-NAPOCA,,7,,430,1312
13,77,2,2402,1876,1748,128,1866,10,MUNICIPIUL CLUJ-NAPOCA,,7,,536,1330
13,78,2,2424,1909,1768,141,1896,13,MUNICIPIUL CLUJ-NAPOCA,,7,,481,1415
13,79,2,2347,1824,1645,179,1809,15,MUNICIPIUL CLUJ-NAPOCA,,7,,423,1386
13,80,2,2061,1533,1392,141,1526,7,MUNICIPIUL CLUJ-NAPOCA,,7,,371,1155
13,81,2,2192,1648,1543,105,1638,10,MUNICIPIUL CLUJ-NAPOCA,,7,,433,1205
13,82,2,2134,1535,1443,92,1533,2,MUNICIPIUL CLUJ-NAPOCA,,7,,388,1145
13,83,2,2205,1589,1473,116,1583,6,MUNICIPIUL CLUJ-NAPOCA,,7,,365,1218
13,84,2,1759,1232,1126,106,1227,5,MUNICIPIUL CLUJ-NAPOCA,,7,,301,926
13,85,2,2506,1973,1790,183,1964,9,MUNICIPIUL CLUJ-NAPOCA,,7,,526,1438
13,86,2,1719,1309,1189,120,1304,5,MUNICIPIUL CLUJ-NAPOCA,,7,,359,945
13,87,2,1768,1425,1336,89,1418,7,MUNICIPIUL CLUJ-NAPOCA,,7,,358,1060
13,88,2,1855,1436,1380,56,1431,5,MUNICIPIUL CLUJ-NAPOCA,,7,,375,1056
13,89,2,1904,1413,1326,87,1409,4,MUNICIPIUL CLUJ-NAPOCA,,7,,346,1063
13,90,2,2108,1642,1509,133,1637,5,MUNICIPIUL CLUJ-NAPOCA,,7,,365,1272
13,91,2,2323,1665,1495,170,1662,3,MUNICIPIUL CLUJ-NAPOCA,,7,,362,1300
13,92,2,2218,1690,1516,174,1686,4,MUNICIPIUL CLUJ-NAPOCA,,7,,440,1246
13,93,2,2231,1769,1636,133,1764,5,MUNICIPIUL CLUJ-NAPOCA,,7,,480,1284
13,94,2,2083,1606,1470,136,1605,1,MUNICIPIUL CLUJ-NAPOCA,,7,,386,1219
13,95,2,2828,2189,2017,172,2176,13,MUNICIPIUL CLUJ-NAPOCA,,7,,513,1663
13,96,2,2297,1918,1689,229,1914,4,MUNICIPIUL CLUJ-NAPOCA,,7,,540,1374
13,97,2,2161,1610,1537,73,1604,6,MUNICIPIUL CLUJ-NAPOCA,,7,,362,1242
13,98,2,1960,1548,1411,137,1538,10,MUNICIPIUL CLUJ-NAPOCA,,7,,362,1176
13,99,2,1779,1356,1229,127,1347,9,MUNICIPIUL CLUJ-NAPOCA,,7,,309,1038
13,100,2,1807,1622,1302,320,1617,5,MUNICIPIUL CLUJ-NAPOCA,,7,,393,1224
13,101,2,1600,1255,1177,78,1252,3,MUNICIPIUL CLUJ-NAPOCA,,7,,302,950
13,102,2,1808,1414,1310,104,1409,5,MUNICIPIUL CLUJ-NAPOCA,,7,,329,1080
13,103,2,2064,1596,1465,131,1589,7,MUNICIPIUL CLUJ-NAPOCA,,7,,431,1158
13,104,2,2022,1601,1491,110,1595,6,MUNICIPIUL CLUJ-NAPOCA,,7,,454,1141
13,105,2,2368,1829,1690,139,1819,10,MUNICIPIUL CLUJ-NAPOCA,,7,,495,1324
13,106,2,2553,2102,1837,265,2098,4,MUNICIPIUL CLUJ-NAPOCA,,7,,592,1506
13,107,2,2809,2173,1946,227,2163,10,MUNICIPIUL CLUJ-NAPOCA,,7,,477,1686
13,108,2,2413,1996,1840,156,1990,6,MUNICIPIUL CLUJ-NAPOCA,,7,,408,1582
13,109,2,1208,1031,876,155,1027,3,MUNICIPIUL CLUJ-NAPOCA,,7,,218,809
13,110,2,2086,1692,1564,128,1688,4,MUNICIPIUL CLUJ-NAPOCA,,7,,416,1272
13,111,2,2030,1508,1358,150,1502,6,MUNICIPIUL CLUJ-NAPOCA,,7,,295,1207
13,112,2,1457,1185,1049,136,1180,5,MUNICIPIUL CLUJ-NAPOCA,,7,,289,891
13,113,2,2115,1735,1593,142,1731,4,MUNICIPIUL CLUJ-NAPOCA,,7,,367,1364
13,114,2,2080,1709,1595,114,1704,5,MUNICIPIUL CLUJ-NAPOCA,,7,,459,1245
13,115,2,2359,1819,1610,209,1810,9,MUNICIPIUL CLUJ-NAPOCA,,7,,473,1337
13,116,2,1307,1105,930,175,1100,5,MUNICIPIUL CLUJ-NAPOCA,,7,,290,810
13,117,2,1959,1617,1447,170,1614,3,MUNICIPIUL CLUJ-NAPOCA,,7,,485,1129
13,118,2,2581,2022,1877,145,2015,7,MUNICIPIUL CLUJ-NAPOCA,,7,,499,1516
13,119,2,2415,2024,1839,185,2020,4,MUNICIPIUL CLUJ-NAPOCA,,7,,492,1528
13,120,2,1541,1346,1263,83,1259,4,MUNICIPIUL CLUJ-NAPOCA,,7,,323,936
13,121,2,2400,1932,1724,208,1928,4,MUNICIPIUL CLUJ-NAPOCA,,7,,505,1423
13,122,2,968,953,920,33,949,4,MUNICIPIUL CLUJ-NAPOCA,,7,,291,658
13,123,2,951,938,885,53,930,8,MUNICIPIUL CLUJ-NAPOCA,,7,,355,575
13,124,2,0,858,0,858,852,6,MUNICIPIUL CLUJ-NAPOCA,,7,,290,562
13,125,2,0,866,0,866,863,3,MUNICIPIUL CLUJ-NAPOCA,,7,,227,636
13,126,2,0,1337,0,1337,1332,5,MUNICIPIUL CLUJ-NAPOCA,,7,,376,956
13,127,2,0,1888,0,1888,1882,6,MUNICIPIUL CLUJ-NAPOCA,,7,,348,1534
13,128,2,0,419,0,419,417,2,MUNICIPIUL CLUJ-NAPOCA,,7,,58,359
13,129,2,0,987,0,987,980,7,MUNICIPIUL CLUJ-NAPOCA,,7,,132,848
13,130,2,0,1605,0,1605,1601,4,MUNICIPIUL CLUJ-NAPOCA,,7,,172,1429
13,131,2,0,826,0,826,815,11,MUNICIPIUL CLUJ-NAPOCA,,7,,160,655
13,132,2,0,1961,0,1961,1951,10,MUNICIPIUL CLUJ-NAPOCA,,7,,250,1701
13,133,2,0,966,0,966,960,6,MUNICIPIUL CLUJ-NAPOCA,,7,,173,787
13,134,2,0,1637,0,1637,1629,8,MUNICIPIUL CLUJ-NAPOCA,,7,,213,1416
13,135,2,975,718,624,94,714,4,MUNICIPIUL DEJ,,7,,264,450
13,136,2,1179,1019,840,179,1016,3,MUNICIPIUL DEJ,,7,,381,635
13,137,2,1534,1157,953,204,1154,3,MUNICIPIUL DEJ,,7,,384,770
13,138,2,1504,1264,1082,182,1263,1,MUNICIPIUL DEJ,,7,,421,842
13,139,2,1736,1261,1138,123,1254,7,MUNICIPIUL DEJ,,7,,409,845
13,140,2,1124,970,875,95,962,8,MUNICIPIUL DEJ,,7,,332,630
13,141,2,1651,1339,1201,138,1330,9,MUNICIPIUL DEJ,,7,,434,896
13,142,2,1381,1203,1052,151,1201,2,MUNICIPIUL DEJ,,7,,406,795
13,143,2,754,540,499,41,535,5,MUNICIPIUL DEJ,,7,,249,286
13,144,2,1268,1038,933,105,1036,2,MUNICIPIUL DEJ,,7,,393,643
13,145,2,1413,1197,1009,188,1194,3,MUNICIPIUL DEJ,,7,,496,698
13,146,2,1270,1020,943,77,1014,6,MUNICIPIUL DEJ,,7,,387,627
13,147,2,1210,1077,908,169,1069,8,MUNICIPIUL DEJ,,7,,444,625
13,148,2,1373,1186,1001,185,1184,2,MUNICIPIUL DEJ,,7,,448,736
13,149,2,985,865,738,127,864,1,MUNICIPIUL DEJ,,7,,317,547
13,150,2,1094,880,722,158,878,2,MUNICIPIUL DEJ,,7,,315,563
13,151,2,1312,1052,913,139,1050,2,MUNICIPIUL DEJ,,7,,420,630
13,152,2,1244,1095,946,149,1093,2,MUNICIPIUL DEJ,,7,,411,682
13,153,2,1365,1081,867,214,1076,5,MUNICIPIUL DEJ,,7,,358,718
13,154,2,1390,1108,1016,92,1099,9,MUNICIPIUL DEJ,,7,,381,718
13,155,2,1798,1288,1111,177,1274,14,MUNICIPIUL DEJ,,7,,500,774
13,156,2,1163,1013,913,100,1009,4,MUNICIPIUL DEJ,,7,,324,685
13,157,2,538,451,391,60,448,3,MUNICIPIUL DEJ,,7,,258,190
13,158,2,398,278,249,29,273,5,MUNICIPIUL DEJ,,7,,129,144
13,159,2,0,1013,0,1013,1003,10,MUNICIPIUL DEJ,,7,,546,457
13,160,2,0,325,0,325,323,2,MUNICIPIUL DEJ,,7,,138,185
13,161,2,1374,1103,975,128,1100,3,MUNICIPIUL TURDA,,7,,405,695
13,162,2,1878,1494,1369,125,1482,12,MUNICIPIUL TURDA,,7,,457,1025
13,163,2,1417,1166,1047,119,1162,4,MUNICIPIUL TURDA,,7,,358,804
13,164,2,1158,908,814,94,903,5,MUNICIPIUL TURDA,,7,,296,607
13,165,2,1079,855,775,80,849,6,MUNICIPIUL TURDA,,7,,274,575
13,166,2,1218,925,862,63,920,5,MUNICIPIUL TURDA,,7,,287,633
13,167,2,984,835,720,115,832,3,MUNICIPIUL TURDA,,7,,253,579
13,168,2,909,677,633,44,674,3,MUNICIPIUL TURDA,,7,,224,450
13,169,2,1045,834,774,60,825,9,MUNICIPIUL TURDA,,7,,259,566
13,170,2,898,727,660,67,723,4,MUNICIPIUL TURDA,,7,,195,528
13,171,2,805,658,592,66,652,6,MUNICIPIUL TURDA,,7,,210,442
13,172,2,1880,1271,1104,167,1260,11,MUNICIPIUL TURDA,,7,,408,852
13,173,2,1137,855,766,89,849,6,MUNICIPIUL TURDA,,7,,205,644
13,174,2,1316,1013,908,105,1007,6,MUNICIPIUL TURDA,,7,,343,664
13,175,2,1214,1047,767,280,1037,10,MUNICIPIUL TURDA,,7,,318,719
13,176,2,854,814,627,187,809,5,MUNICIPIUL TURDA,,7,,319,490
13,177,2,1159,934,841,93,931,3,MUNICIPIUL TURDA,,7,,270,661
13,178,2,1685,1369,1199,170,1360,9,MUNICIPIUL TURDA,,7,,362,998
13,179,2,997,868,743,125,865,3,MUNICIPIUL TURDA,,7,,305,560
13,180,2,1562,1223,1134,89,1221,2,MUNICIPIUL TURDA,,7,,428,793
13,181,2,1220,978,870,108,973,5,MUNICIPIUL TURDA,,7,,353,620
13,182,2,981,787,720,67,784,3,MUNICIPIUL TURDA,,7,,279,505
13,183,2,1259,982,928,54,980,2,MUNICIPIUL TURDA,,7,,362,618
13,184,2,2057,1547,1432,115,1546,1,MUNICIPIUL TURDA,,7,,481,1065
13,185,2,2163,1555,1459,96,1544,11,MUNICIPIUL TURDA,,7,,465,1079
13,186,2,1616,1172,1108,64,1168,4,MUNICIPIUL TURDA,,7,,344,824
13,187,2,1328,1033,951,82,1027,6,MUNICIPIUL TURDA,,7,,256,771
13,188,2,1535,1134,1044,90,1129,5,MUNICIPIUL TURDA,,7,,291,838
13,189,2,1616,1228,1128,100,1219,9,MUNICIPIUL TURDA,,7,,294,925
13,190,2,943,764,633,131,758,6,MUNICIPIUL TURDA,,7,,256,502
13,191,2,2373,1784,1635,149,1775,9,MUNICIPIUL TURDA,,7,,445,1330
13,192,2,1494,1062,981,81,1059,3,MUNICIPIUL TURDA,,7,,285,774
13,193,2,1482,1171,1050,121,1168,3,MUNICIPIUL TURDA,,7,,317,851
13,194,2,913,741,684,57,738,3,MUNICIPIUL TURDA,,7,,209,529
13,195,2,1011,911,770,141,905,6,MUNICIPIUL TURDA,,7,,221,684
13,196,2,839,833,833,0,818,15,MUNICIPIUL TURDA,,7,,353,465
13,197,2,0,248,0,248,248,0,MUNICIPIUL TURDA,,7,,88,160
13,198,2,1933,1504,1326,178,1494,10,ORAS CAMPIA TURZII,,7,,604,890
13,199,2,1919,1425,1291,134,1418,7,ORAS CAMPIA TURZII,,7,,542,876
13,200,2,1741,1267,1125,142,1249,18,ORAS CAMPIA TURZII,,7,,553,696
13,201,2,1615,1404,1205,199,1400,4,ORAS CAMPIA TURZII,,7,,576,824
13,202,2,1773,1403,1283,120,1398,5,ORAS CAMPIA TURZII,,7,,565,833
13,203,2,2265,1526,1353,173,1517,9,ORAS CAMPIA TURZII,,7,,548,969
13,204,2,1427,1038,925,113,1033,5,ORAS CAMPIA TURZII,,7,,416,617
13,205,2,1872,1377,1156,221,1374,3,ORAS CAMPIA TURZII,,7,,387,987
13,206,2,1670,1221,1058,163,1212,9,ORAS CAMPIA TURZII,,7,,400,812
13,207,2,2082,1634,1421,213,1633,1,ORAS CAMPIA TURZII,,7,,641,992
13,208,2,2038,1568,1413,155,1558,10,ORAS CAMPIA TURZII,,7,,612,946
13,209,2,2257,1730,1498,232,1720,10,ORAS CAMPIA TURZII,,7,,649,1071
13,210,2,1610,1579,1134,445,1547,32,ORAS GHERLA,,7,,527,1020
13,211,2,1482,1190,1084,106,1183,7,ORAS GHERLA,,7,,406,777
13,212,2,1860,1346,1269,77,1343,3,ORAS GHERLA,,7,,435,908
13,213,2,1829,1417,1337,80,1409,8,ORAS GHERLA,,7,,482,927
13,214,2,1691,1403,1212,191,1396,7,ORAS GHERLA,,7,,459,937
13,215,2,1690,1251,1156,95,1246,5,ORAS GHERLA,,7,,372,874
13,216,2,1757,1518,1291,227,1510,8,ORAS GHERLA,,7,,418,1092
13,217,2,2016,1499,1420,79,1496,3,ORAS GHERLA,,7,,436,1060
13,218,2,1784,1414,1240,174,1408,6,ORAS GHERLA,,7,,441,967
13,219,2,1718,1320,1248,72,1315,5,ORAS GHERLA,,7,,348,967
13,220,2,326,291,218,73,287,4,ORAS GHERLA,,7,,74,213
13,221,2,393,254,210,44,252,2,ORAS GHERLA,,7,,88,164
13,222,2,1896,1442,1302,140,1433,9,ORAS HUEDIN,,7,,413,1020
13,223,2,1499,1311,1064,247,1302,9,ORAS HUEDIN,,7,,384,918
13,224,2,1729,1626,1467,159,1460,7,ORAS HUEDIN,,7,,473,987
13,225,2,1314,1039,938,101,1027,12,ORAS HUEDIN,,7,,270,757
13,226,2,419,280,245,35,277,3,ORAS HUEDIN,,7,,157,120
13,227,2,411,372,340,32,369,3,ORAS HUEDIN,,7,,11,358
13,228,2,106,130,101,29,130,0,ORAS HUEDIN,,7,,53,77
13,229,2,999,798,605,193,788,10,AGHIRESU,,7,,249,539
13,230,2,1123,733,604,129,724,9,AGHIRESU,,7,,199,525
13,231,2,1484,1000,856,144,997,3,AGHIRESU,,7,,273,724
13,232,2,406,347,261,86,343,4,AGHIRESU,,7,,15,328
13,233,2,382,348,325,23,348,0,AGHIRESU,,7,,19,329
13,234,2,489,422,396,26,418,4,AGHIRESU,,7,,11,407
13,235,2,636,505,469,36,502,3,AGHIRESU,,7,,12,490
13,236,2,634,425,348,77,423,2,AGHIRESU,,7,,284,139
13,237,2,644,549,488,61,542,7,AITON,,7,,210,332
13,238,2,638,465,407,58,456,9,AITON,,7,,130,326
13,239,2,607,391,336,55,388,3,ALUNIS,,7,,170,218
13,240,2,436,238,209,29,236,2,ALUNIS,,7,,116,120
13,241,2,282,177,138,39,173,4,ALUNIS,,7,,84,89
13,242,2,1528,1135,920,215,1129,6,APAHIDA,,7,,260,869
13,243,2,1523,1071,848,223,1068,3,APAHIDA,,7,,330,738
13,244,2,421,294,257,37,290,4,APAHIDA,,7,,137,153
13,245,2,875,705,590,115,700,5,APAHIDA,,7,,314,386
13,246,2,484,449,343,106,449,0,APAHIDA,,7,,159,290
13,247,2,959,876,673,203,872,4,APAHIDA,,7,,298,574
13,248,2,945,565,496,69,561,4,ASCHILEU,,7,,275,286
13,249,2,309,244,195,49,242,2,ASCHILEU,,7,,94,148
13,250,2,341,258,203,55,258,0,ASCHILEU,,7,,101,157
13,251,2,1706,1343,1094,249,1335,8,BACIU,,7,,190,1145
13,252,2,988,788,597,191,784,4,BACIU,,7,,210,574
13,253,2,658,523,438,85,516,7,BACIU,,7,,215,301
13,254,2,1167,1096,999,97,1094,2,BACIU,,7,,57,1037
13,255,2,494,387,345,42,380,7,BACIU,,7,,153,227
13,256,2,954,739,636,103,732,7,BACIU,,7,,182,550
13,257,2,839,634,581,53,626,8,BAISOARA,,7,,327,299
13,258,2,391,291,256,35,290,1,BAISOARA,,7,,174,116
13,259,2,488,286,262,24,280,6,BAISOARA,,7,,119,161
13,260,2,233,131,96,35,130,1,BAISOARA,,7,,64,66
13,261,2,27,84,22,62,84,0,BAISOARA,,7,,23,61
13,262,2,663,580,448,132,577,3,BELIS,,7,,291,286
13,263,2,72,69,53,16,68,1,BELIS,,7,,32,36
13,264,2,229,183,156,27,180,3,BELIS,,7,,145,35
13,265,2,336,296,239,57,296,0,BELIS,,7,,225,71
13,266,2,573,409,339,70,407,2,BOBALNA,,7,,301,106
13,267,2,482,382,329,53,378,4,BOBALNA,,7,,254,124
13,268,2,375,284,236,48,284,0,BOBALNA,,7,,122,162
13,269,2,280,183,108,75,180,3,BOBALNA,,7,,121,59
13,270,2,1873,1452,1200,252,1450,2,BONTIDA,,7,,420,1030
13,271,2,1099,910,773,137,903,7,BONTIDA,,7,,353,550
13,272,2,309,223,184,39,219,4,BONTIDA,,7,,135,84
13,273,2,1125,804,694,110,792,12,BORSA,,7,,410,382
13,274,2,201,185,148,37,183,2,BORSA,,7,,99,84
13,275,2,126,103,74,29,103,0,BORSA,,7,,60,43
13,276,2,1220,850,756,94,844,6,BUZA,,7,,270,574
13,277,2,573,343,286,57,338,5,CAIANU,,7,,161,177
13,278,2,254,183,143,40,175,8,CAIANU,,7,,90,85
13,279,2,380,302,220,82,297,5,CAIANU,,7,,136,161
13,280,2,796,751,668,83,743,8,CAIANU,,7,,75,668
13,281,2,1087,876,788,88,869,7,CALARASI,,7,,213,656
13,282,2,697,673,531,142,670,3,CALARASI,,7,,346,324
13,283,2,980,723,626,97,712,11,CALATELE,,7,,441,271
13,284,2,689,518,445,73,515,3,CALATELE,,7,,192,323
13,285,2,615,471,353,118,469,2,CALATELE,,7,,225,244
13,286,2,1133,682,601,81,671,11,CAMARASU,,7,,304,367
13,287,2,510,384,345,39,378,6,CAMARASU,,7,,279,99
13,288,2,632,338,296,42,326,12,CAMARASU,,7,,212,114
13,289,2,800,744,590,154,743,1,CAPUSU MARE,,7,,80,663
13,290,2,719,563,482,81,558,5,CAPUSU MARE,,7,,144,414
13,291,2,331,302,257,45,301,1,CAPUSU MARE,,7,,71,230
13,292,2,345,278,228,50,271,7,CAPUSU MARE,,7,,134,137
13,293,2,681,561,503,58,553,8,CAPUSU MARE,,7,,361,192
13,294,2,506,416,375,41,413,3,CAPUSU MARE,,7,,228,185
13,295,2,1362,945,838,107,939,6,CASEIU,,7,,458,481
13,296,2,876,579,502,77,573,6,CASEIU,,7,,230,343
13,297,2,288,250,206,44,249,1,CASEIU,,7,,169,80
13,298,2,214,144,103,41,143,1,CASEIU,,7,,51,92
13,299,2,180,130,73,57,125,5,CASEIU,,7,,55,70
13,300,2,646,545,428,117,544,1,CASEIU,,7,,285,259
13,301,2,1193,823,751,72,813,10,CATINA,,7,,495,318
13,302,2,493,351,320,31,343,8,CATINA,,7,,144,199
13,303,2,152,122,109,13,119,3,CATINA,,7,,69,50
13,304,2,1451,805,695,110,800,5,CEANU MARE,,7,,319,481
13,305,2,893,622,544,78,618,4,CEANU MARE,,7,,337,281
13,306,2,663,497,402,95,493,4,CEANU MARE,,7,,302,191
13,307,2,649,407,348,59,402,5,CEANU MARE,,7,,239,163
13,308,2,176,125,96,29,125,0,CEANU MARE,,7,,82,43
13,309,2,724,611,506,105,605,6,CHINTENI,,7,,119,486
13,310,2,668,654,531,123,639,15,CHINTENI,,7,,241,398
13,311,2,421,396,328,68,394,2,CHINTENI,,7,,167,227
13,312,2,530,391,289,102,385,6,CHINTENI,,7,,196,189
13,313,2,1312,903,796,107,899,4,CHIUIESTI,,7,,403,496
13,314,2,342,298,243,55,295,3,CHIUIESTI,,7,,206,89
13,315,2,520,339,270,69,337,2,CHIUIESTI,,7,,219,118
13,316,2,1080,701,579,122,696,5,CIUCEA,,7,,398,298
13,317,2,1523,953,830,123,944,9,CIUCEA,,7,,484,460
13,318,2,604,478,375,103,477,1,CIUCEA,,7,,154,323
13,319,2,413,284,248,36,282,2,CIUCEA,,7,,113,169
13,320,2,188,156,118,38,153,3,CIURILA,,7,,71,82
13,321,2,231,170,142,28,168,2,CIURILA,,7,,83,85
13,322,2,354,253,194,59,250,3,CIURILA,,7,,145,105
13,323,2,477,352,303,49,343,9,CIURILA,,7,,216,127
13,324,2,119,117,84,33,116,1,CIURILA,,7,,29,87
13,325,2,1171,993,791,202,981,12,CATCAU,,7,,559,422
13,326,2,490,358,321,37,353,5,CATCAU,,7,,162,191
13,327,2,227,166,138,28,165,1,CATCAU,,7,,94,71
13,328,2,1748,1348,1126,222,1323,25,COJOCNA,,7,,292,1031
13,329,2,629,445,385,60,442,3,COJOCNA,,7,,234,208
13,330,2,553,467,368,99,460,7,COJOCNA,,7,,139,321
13,331,2,529,354,319,35,352,2,COJOCNA,,7,,181,171
13,332,2,61,97,34,63,97,0,COJOCNA,,7,,38,59
13,333,2,403,341,247,94,340,1,CORNESTI,,7,,179,161
13,334,2,483,309,256,53,309,0,CORNESTI,,7,,191,118
13,335,2,491,270,234,36,267,3,CORNESTI,,7,,147,120
13,336,2,384,276,206,70,271,5,CORNESTI,,7,,136,135
13,337,2,1670,1271,1186,85,1266,5,CUZDRIOARA,,7,,564,702
13,338,2,495,374,337,37,371,3,CUZDRIOARA,,7,,178,193
13,339,2,736,547,462,85,540,7,DABACA,,7,,323,217
13,340,2,520,459,368,91,458,1,DABACA,,7,,170,288
13,341,2,153,152,121,31,149,3,DABACA,,7,,76,73
13,342,2,1511,968,898,70,959,9,FELEACU,,7,,334,625
13,343,2,985,769,684,85,769,0,FELEACU,,7,,17,752
13,344,2,821,545,461,84,533,12,FELEACU,,7,,153,380
13,345,2,1088,836,736,100,824,12,FIZESU GHERLII,,7,,162,662
13,346,2,450,381,314,67,377,4,FIZESU GHERLII,,7,,155,222
13,347,2,306,232,187,45,226,6,FIZESU GHERLII,,7,,78,148
13,348,2,199,185,132,53,180,5,FIZESU GHERLII,,7,,93,87
13,349,2,2324,1815,1529,286,1801,14,FLORESTI,,7,,432,1369
13,350,2,772,633,496,137,630,3,FLORESTI,,7,,197,433
13,351,2,863,687,667,20,675,12,FLORESTI,,7,,325,350
13,352,2,1591,1255,1067,188,1246,9,FLORESTI,,7,,182,1064
13,353,2,163,149,96,53,147,2,FLORESTI,,7,,54,93
13,354,2,1772,1230,982,248,1215,15,FRATA,,7,,651,564
13,355,2,580,398,323,75,394,4,FRATA,,7,,243,151
13,356,2,239,157,118,39,157,0,FRATA,,7,,74,83
13,357,2,960,588,484,104,573,15,FRATA,,7,,362,211
13,358,2,595,434,383,51,420,14,GEACA,,7,,205,215
13,359,2,549,319,278,41,318,1,GEACA,,7,,179,139
13,360,2,304,251,213,38,251,0,GEACA,,7,,81,170
13,361,2,207,167,144,23,161,6,GEACA,,7,,102,59
13,362,2,1992,1332,1035,297,1325,7,GILAU,,7,,497,828
13,363,2,2071,1538,1018,520,1529,9,GILAU,,7,,474,1055
13,364,2,1053,884,583,301,879,5,GILAU,,7,,445,434
13,365,2,495,278,239,39,274,4,GILAU,,7,,162,112
13,366,2,1128,865,754,111,860,5,GARBAU,,7,,238,622
13,367,2,937,889,771,118,882,7,GARBAU,,7,,169,713
13,368,2,1791,1090,1017,73,1083,7,IARA,,7,,563,520
13,369,2,494,260,239,21,258,2,IARA,,7,,117,141
13,370,2,282,203,176,27,199,4,IARA,,7,,103,96
13,371,2,90,98,71,27,97,1,IARA,,7,,78,19
13,372,2,730,553,523,30,551,2,IARA,,7,,372,179
13,373,2,175,125,104,21,124,1,IARA,,7,,31,93
13,374,2,409,256,225,31,251,5,IARA,,7,,137,114
13,375,2,1550,1141,955,186,1126,15,ICLOD,,7,,398,728
13,376,2,597,428,391,37,418,10,ICLOD,,7,,207,211
13,377,2,636,498,411,87,494,4,ICLOD,,7,,225,269
13,378,2,664,390,347,43,384,6,ICLOD,,7,,122,262
13,379,2,1115,971,810,161,966,5,IZVORU CRISULUI,,7,,21,945
13,380,2,278,287,230,57,286,1,IZVORU CRISULUI,,7,,129,157
13,381,2,505,361,317,44,358,3,JICHISU DE JOS,,7,,197,161
13,382,2,310,231,198,33,230,1,JICHISU DE JOS,,7,,115,115
13,383,2,332,278,248,30,277,1,JICHISU DE JOS,,7,,159,118
13,384,2,1266,1135,727,408,1127,8,JUCU,,7,,529,598
13,385,2,673,384,322,62,378,6,JUCU,,7,,150,228
13,386,2,604,434,350,84,428,6,JUCU,,7,,229,199
13,387,2,516,409,344,65,409,0,JUCU,,7,,62,347
13,388,2,2619,2167,1980,187,2149,18,LUNA,,7,,1019,1130
13,389,2,1047,928,741,187,924,4,LUNA,,7,,377,547
13,390,2,408,381,290,91,379,2,LUNA,,7,,129,250
13,391,2,621,403,303,100,395,8,MAGURI-RACATAU,,7,,214,181
13,392,2,743,429,354,75,426,3,MAGURI-RACATAU,,7,,233,193
13,393,2,518,271,190,81,267,4,MAGURI-RACATAU,,7,,162,105
13,394,2,1121,867,721,146,864,3,MANASTIRENI,,7,,357,507
13,395,2,578,466,423,43,462,4,MANASTIRENI,,7,,325,137
13,396,2,455,384,329,55,382,2,MARGAU,,7,,139,243
13,397,2,756,540,430,110,538,2,MARGAU,,7,,303,235
13,398,2,151,147,96,51,144,3,MARGAU,,7,,55,89
13,399,2,252,173,131,42,171,2,MARGAU,,7,,93,78
13,400,2,1205,579,495,84,575,4,MARISEL,,7,,358,217
13,401,2,131,176,61,115,174,2,MARISEL,,7,,70,104
13,402,2,710,628,544,84,621,7,MICA,,7,,265,356
13,403,2,491,417,347,70,415,2,MICA,,7,,248,167
13,404,2,955,710,580,130,699,11,MICA,,7,,138,561
13,405,2,900,649,560,89,640,9,MICA,,7,,207,433
13,406,2,2229,1674,1543,131,1659,15,MIHAI VITEAZU,,7,,540,1119
13,407,2,1162,866,798,68,858,8,MIHAI VITEAZU,,7,,228,630
13,408,2,448,369,314,55,360,9,MIHAI VITEAZU,,7,,91,269
13,409,2,561,496,447,49,490,6,MIHAI VITEAZU,,7,,111,379
13,410,2,1615,1053,948,105,1045,8,MINTIU GHERLII,,7,,583,462
13,411,2,665,485,434,51,481,4,MINTIU GHERLII,,7,,134,347
13,412,2,601,484,414,70,478,6,MINTIU GHERLII,,7,,226,252
13,413,2,1354,957,799,158,940,17,MOCIU,,7,,475,465
13,414,2,292,154,120,34,148,6,MOCIU,,7,,47,101
13,415,2,347,253,229,24,251,2,MOCIU,,7,,19,232
13,416,2,262,201,168,33,199,2,MOCIU,,7,,131,68
13,417,2,342,258,209,49,254,4,MOCIU,,7,,128,126
13,418,2,181,149,122,27,148,1,MOCIU,,7,,78,70
13,419,2,242,165,138,27,164,1,MOCIU,,7,,81,83
13,420,2,1091,977,886,91,967,10,MOLDOVENESTI,,7,,116,851
13,421,2,665,514,457,57,506,8,MOLDOVENESTI,,7,,231,275
13,422,2,430,487,408,79,482,5,MOLDOVENESTI,,7,,20,462
13,423,2,594,563,513,50,561,2,MOLDOVENESTI,,7,,71,490
13,424,2,182,178,156,22,177,1,MOLDOVENESTI,,7,,26,151
13,425,2,957,598,518,80,593,5,PALATCA,,7,,267,326
13,426,2,447,230,182,48,224,6,PALATCA,,7,,158,66
13,427,2,535,391,300,91,387,4,PANTICEU,,7,,216,171
13,428,2,195,191,143,48,191,0,PANTICEU,,7,,87,104
13,429,2,474,277,217,60,274,3,PANTICEU,,7,,125,149
13,430,2,341,176,125,51,170,6,PANTICEU,,7,,41,129
13,431,2,1199,817,722,95,811,6,PETRESTII DE JOS,,7,,344,467
13,432,2,211,174,128,46,171,3,PETRESTII DE JOS,,7,,86,85
13,433,2,387,288,220,68,287,1,PETRESTII DE JOS,,7,,122,165
13,434,2,707,419,340,79,414,5,PLOSCOS,,7,,159,255
13,435,2,1001,780,692,88,774,6,POIENI,,7,,372,402
13,436,2,593,517,430,87,515,2,POIENI,,7,,330,185
13,437,2,771,656,573,83,645,11,POIENI,,7,,385,260
13,438,2,449,332,263,69,328,4,POIENI,,7,,135,193
13,439,2,1524,1104,961,143,1094,10,POIENI,,7,,722,372
13,440,2,516,288,235,53,288,0,POIENI,,7,,198,90
13,441,2,282,197,153,44,196,1,POIENI,,7,,141,55
13,442,2,785,492,409,83,484,8,RECEA-CRISTUR,,7,,161,323
13,443,2,710,563,491,72,559,4,RECEA-CRISTUR,,7,,366,193
13,444,2,1265,648,594,54,641,7,RISCA,,7,,335,306
13,445,2,461,279,246,33,277,2,RISCA,,7,,177,100
13,446,2,413,288,252,36,284,4,SACUIEU,,7,,194,90
13,447,2,614,411,372,39,407,4,SACUIEU,,7,,275,132
13,448,2,334,231,205,26,226,5,SACUIEU,,7,,139,87
13,449,2,455,434,368,66,428,6,SANDULESTI,,7,,171,257
13,450,2,872,801,693,108,794,7,SANDULESTI,,7,,300,494
13,451,2,848,831,698,133,826,5,SAVADISLA,,7,,19,807
13,452,2,640,503,430,73,498,5,SAVADISLA,,7,,288,210
13,453,2,508,392,343,49,389,3,SAVADISLA,,7,,155,234
13,454,2,283,269,226,43,267,2,SAVADISLA,,7,,114,153
13,455,2,403,358,334,24,357,1,SAVADISLA,,7,,16,341
13,456,2,210,205,170,35,203,2,SAVADISLA,,7,,94,109
13,457,2,98,110,90,20,109,1,SAVADISLA,,7,,56,53
13,458,2,667,663,590,73,662,1,SAVADISLA,,7,,16,646
13,459,2,2505,2455,2418,37,2439,16,SIC,,7,,65,2374
13,460,2,1596,1239,1150,89,1236,3,SANCRAIU,,7,,198,1038
13,461,2,599,412,346,66,409,3,SANMARTIN,,7,,182,227
13,462,2,276,230,195,35,226,4,SANMARTIN,,7,,117,109
13,463,2,499,362,327,35,359,3,SANMARTIN,,7,,251,108
13,464,2,440,408,351,57,401,7,SANMARTIN,,7,,274,127
13,465,2,1115,772,669,103,767,5,SANPAUL,,7,,257,510
13,466,2,859,571,489,82,569,2,SANPAUL,,7,,266,303
13,467,2,1372,1064,922,142,1054,10,SUATU,,7,,164,890
13,468,2,443,303,250,53,294,9,SUATU,,7,,179,115
13,469,2,1720,1031,953,78,1021,10,TRITENII DE JOS,,7,,429,592
13,470,2,998,681,583,98,677,4,TRITENII DE JOS,,7,,372,305
13,471,2,1143,575,557,18,569,6,TRITENII DE JOS,,7,,339,230
13,472,2,392,329,292,37,329,0,TRITENII DE JOS,,7,,40,289
13,473,2,756,573,508,65,568,5,TURENI,,7,,121,447
13,474,2,404,283,262,21,279,4,TURENI,,7,,131,148
13,475,2,422,362,307,55,361,1,TURENI,,7,,111,250
13,476,2,432,326,279,47,324,2,TURENI,,7,,110,214
13,477,2,712,625,544,81,621,4,TAGA,,7,,375,246
13,478,2,481,388,342,46,383,5,TAGA,,7,,229,154
13,479,2,460,374,305,69,368,6,TAGA,,7,,207,161
13,480,2,318,211,178,33,208,3,TAGA,,7,,112,96
13,481,2,1695,1142,1088,54,1115,27,UNGURAS,,7,,151,964
13,482,2,834,536,483,53,524,12,UNGURAS,,7,,215,309
13,483,2,266,192,160,32,189,3,UNGURAS,,7,,77,112
13,484,2,540,439,383,56,431,8,VAD,,7,,250,181
13,485,2,876,585,546,39,583,2,VAD,,7,,311,272
13,486,2,475,393,357,36,389,4,VAD,,7,,240,149
13,487,2,789,573,505,68,570,3,VALEA IERII,,7,,336,234
13,488,2,1622,1269,1047,222,1262,7,VIISOARA,,7,,219,1043
13,489,2,1753,1650,1295,355,1632,18,VIISOARA,,7,,661,971
13,490,2,907,667,585,82,661,6,VIISOARA,,7,,274,387
13,491,2,358,281,240,41,280,1,VULTURENI,,7,,142,138
13,492,2,153,129,106,23,128,1,VULTURENI,,7,,79,49
13,493,2,151,215,145,70,214,1,VULTURENI,,7,,10,204
13,494,2,239,170,145,25,166,4,VULTURENI,,7,,63,103
13,495,2,488,445,360,85,443,2,VULTURENI,,7,,256,187
14,1,2,1032,860,790,70,858,2,MUNICIPIUL CONSTANTA,,3,,369,489
14,2,2,912,720,641,79,716,4,MUNICIPIUL CONSTANTA,,3,,262,454
14,3,2,1199,1075,843,232,1066,9,MUNICIPIUL CONSTANTA,,3,,365,701
14,4,2,1027,971,753,218,966,5,MUNICIPIUL CONSTANTA,,3,,417,549
14,5,2,781,666,576,90,665,1,MUNICIPIUL CONSTANTA,,3,,206,459
14,6,2,632,540,469,71,538,2,MUNICIPIUL CONSTANTA,,3,,223,315
14,7,2,1677,1243,1139,104,1235,8,MUNICIPIUL CONSTANTA,,3,,348,887
14,8,2,1198,945,866,79,942,3,MUNICIPIUL CONSTANTA,,3,,316,626
14,9,2,1832,1461,1311,150,1451,10,MUNICIPIUL CONSTANTA,,3,,414,1037
14,10,2,1686,1337,1219,118,1329,8,MUNICIPIUL CONSTANTA,,3,,465,864
14,11,2,1731,1505,1254,251,1496,9,MUNICIPIUL CONSTANTA,,3,,620,876
14,12,2,1619,1243,1101,142,1236,7,MUNICIPIUL CONSTANTA,,3,,408,828
14,13,2,923,824,742,82,823,1,MUNICIPIUL CONSTANTA,,3,,412,411
14,14,2,1039,889,816,73,886,3,MUNICIPIUL CONSTANTA,,3,,341,545
14,15,2,1190,962,860,102,956,6,MUNICIPIUL CONSTANTA,,3,,444,512
14,16,2,1017,724,669,55,719,5,MUNICIPIUL CONSTANTA,,3,,291,428
14,17,2,1033,861,786,75,786,3,MUNICIPIUL CONSTANTA,,3,,228,558
14,18,2,1159,984,795,189,975,9,MUNICIPIUL CONSTANTA,,3,,302,673
14,19,2,1485,1180,1011,169,1175,5,MUNICIPIUL CONSTANTA,,3,,336,839
14,20,2,1382,1255,1029,226,1252,3,MUNICIPIUL CONSTANTA,,3,,396,856
14,21,2,1507,1189,1091,98,1186,3,MUNICIPIUL CONSTANTA,,3,,399,787
14,22,2,1847,1202,1130,72,1201,1,MUNICIPIUL CONSTANTA,,3,,340,861
14,23,2,1345,1009,929,80,1006,3,MUNICIPIUL CONSTANTA,,3,,378,628
14,24,2,1583,1226,1144,82,1219,7,MUNICIPIUL CONSTANTA,,3,,422,797
14,25,2,1016,929,727,202,925,4,MUNICIPIUL CONSTANTA,,3,,295,630
14,26,2,1757,1442,1319,123,1440,2,MUNICIPIUL CONSTANTA,,3,,443,997
14,27,2,1856,1265,1178,87,1259,6,MUNICIPIUL CONSTANTA,,3,,494,765
14,28,2,1889,1346,1226,120,1340,6,MUNICIPIUL CONSTANTA,,3,,524,816
14,29,2,1354,1175,1000,175,1175,0,MUNICIPIUL CONSTANTA,,3,,479,696
14,30,2,722,885,507,378,884,1,MUNICIPIUL CONSTANTA,,3,,272,612
14,31,2,1148,933,799,134,930,3,MUNICIPIUL CONSTANTA,,3,,293,637
14,32,2,940,759,659,100,757,2,MUNICIPIUL CONSTANTA,,3,,253,504
14,33,2,1482,1196,987,209,1191,5,MUNICIPIUL CONSTANTA,,3,,399,792
14,34,2,1511,1255,1061,194,1238,17,MUNICIPIUL CONSTANTA,,3,,502,736
14,35,2,1465,1260,1003,257,1255,5,MUNICIPIUL CONSTANTA,,3,,428,827
14,36,2,1400,1159,1025,134,1153,6,MUNICIPIUL CONSTANTA,,3,,376,777
14,37,2,2015,1739,1239,500,1729,10,MUNICIPIUL CONSTANTA,,3,,465,1264
14,38,2,2049,876,678,198,869,7,MUNICIPIUL CONSTANTA,,3,,241,628
14,39,2,1688,1272,1154,118,1260,12,MUNICIPIUL CONSTANTA,,3,,429,831
14,40,2,1844,1689,1172,517,1683,6,MUNICIPIUL CONSTANTA,,3,,497,1186
14,41,2,1673,1301,1117,184,1288,13,MUNICIPIUL CONSTANTA,,3,,424,864
14,42,2,1460,1044,959,85,1036,8,MUNICIPIUL CONSTANTA,,3,,323,713
14,43,2,1231,845,773,72,841,4,MUNICIPIUL CONSTANTA,,3,,276,565
14,44,2,1396,981,918,63,974,7,MUNICIPIUL CONSTANTA,,3,,306,668
14,45,2,1746,1470,1261,209,1463,7,MUNICIPIUL CONSTANTA,,3,,594,869
14,46,2,1653,1307,1142,165,1288,19,MUNICIPIUL CONSTANTA,,3,,441,847
14,47,2,1991,1518,1333,185,1504,14,MUNICIPIUL CONSTANTA,,3,,519,985
14,48,2,2040,1492,1365,127,1482,10,MUNICIPIUL CONSTANTA,,3,,514,968
14,49,2,2095,1337,1189,148,1321,16,MUNICIPIUL CONSTANTA,,3,,461,860
14,50,2,1306,972,861,111,970,2,MUNICIPIUL CONSTANTA,,3,,393,577
14,51,2,1487,1159,1045,114,1158,1,MUNICIPIUL CONSTANTA,,3,,421,737
14,52,2,1434,1096,985,111,1092,4,MUNICIPIUL CONSTANTA,,3,,413,679
14,53,2,1170,886,840,46,883,3,MUNICIPIUL CONSTANTA,,3,,361,522
14,54,2,1222,1040,826,214,1022,9,MUNICIPIUL CONSTANTA,,3,,353,669
14,55,2,1486,1075,1000,75,1066,9,MUNICIPIUL CONSTANTA,,3,,380,686
14,56,2,1355,1045,903,142,1034,11,MUNICIPIUL CONSTANTA,,3,,403,631
14,57,2,1214,894,839,55,891,3,MUNICIPIUL CONSTANTA,,3,,290,601
14,58,2,1118,875,753,122,872,3,MUNICIPIUL CONSTANTA,,3,,319,553
14,59,2,952,576,478,98,573,3,MUNICIPIUL CONSTANTA,,3,,188,385
14,60,2,1610,1241,1120,121,1240,1,MUNICIPIUL CONSTANTA,,3,,467,773
14,61,2,2334,1670,1478,192,1660,10,MUNICIPIUL CONSTANTA,,3,,522,1138
14,62,2,1736,1275,1144,131,1272,3,MUNICIPIUL CONSTANTA,,3,,456,816
14,63,2,1573,1560,1059,501,1551,9,MUNICIPIUL CONSTANTA,,3,,455,1096
14,64,2,1928,1708,1153,555,1703,5,MUNICIPIUL CONSTANTA,,3,,537,1166
14,65,2,1342,1235,809,426,1227,8,MUNICIPIUL CONSTANTA,,3,,420,807
14,66,2,1553,1282,1017,265,1275,7,MUNICIPIUL CONSTANTA,,3,,332,943
14,67,2,1962,1255,1048,207,1245,10,MUNICIPIUL CONSTANTA,,3,,451,794
14,68,2,1208,1031,837,194,1020,11,MUNICIPIUL CONSTANTA,,3,,418,602
14,69,2,1034,844,740,104,840,4,MUNICIPIUL CONSTANTA,,3,,378,462
14,70,2,1296,1028,842,186,1024,4,MUNICIPIUL CONSTANTA,,3,,450,574
14,71,2,1127,1124,785,339,1112,12,MUNICIPIUL CONSTANTA,,3,,418,694
14,72,2,1223,977,808,169,969,8,MUNICIPIUL CONSTANTA,,3,,409,560
14,73,2,1330,1154,994,160,1138,16,MUNICIPIUL CONSTANTA,,3,,581,557
14,74,2,1543,1225,1087,138,1216,9,MUNICIPIUL CONSTANTA,,3,,546,670
14,75,2,1616,1303,1169,134,1292,11,MUNICIPIUL CONSTANTA,,3,,545,747
14,76,2,1042,891,762,129,882,9,MUNICIPIUL CONSTANTA,,3,,304,578
14,77,2,640,561,424,137,560,1,MUNICIPIUL CONSTANTA,,3,,156,404
14,78,2,1585,1290,974,316,1284,6,MUNICIPIUL CONSTANTA,,3,,425,859
14,79,2,1355,1042,919,123,1041,1,MUNICIPIUL CONSTANTA,,3,,352,689
14,80,2,1895,1039,968,71,1036,3,MUNICIPIUL CONSTANTA,,3,,335,701
14,81,2,1471,1092,1018,74,1087,5,MUNICIPIUL CONSTANTA,,3,,362,725
14,82,2,1284,1262,878,384,1257,5,MUNICIPIUL CONSTANTA,,3,,427,830
14,83,2,2338,1487,1246,241,1480,7,MUNICIPIUL CONSTANTA,,3,,650,830
14,84,2,2585,1470,1178,292,1459,11,MUNICIPIUL CONSTANTA,,3,,562,897
14,85,2,1510,1181,922,259,1170,11,MUNICIPIUL CONSTANTA,,3,,467,703
14,86,2,1526,1137,1026,111,1132,5,MUNICIPIUL CONSTANTA,,3,,437,695
14,87,2,2189,1599,1444,155,1595,4,MUNICIPIUL CONSTANTA,,3,,522,1073
14,88,2,1789,1382,1160,222,1375,7,MUNICIPIUL CONSTANTA,,3,,413,962
14,89,2,2262,1693,1555,138,1685,8,MUNICIPIUL CONSTANTA,,3,,593,1092
14,90,2,2252,1906,1484,422,1893,13,MUNICIPIUL CONSTANTA,,3,,637,1256
14,91,2,1534,1255,1033,222,1243,12,MUNICIPIUL CONSTANTA,,3,,427,816
14,92,2,1468,1184,1032,152,1168,16,MUNICIPIUL CONSTANTA,,3,,432,736
14,93,2,1616,1310,1088,222,1304,6,MUNICIPIUL CONSTANTA,,3,,434,870
14,94,2,1355,1029,941,88,1028,1,MUNICIPIUL CONSTANTA,,3,,356,672
14,95,2,1301,1035,953,82,1031,4,MUNICIPIUL CONSTANTA,,3,,310,721
14,96,2,1365,1138,956,182,1133,5,MUNICIPIUL CONSTANTA,,3,,354,779
14,97,2,1824,1457,1339,118,1451,6,MUNICIPIUL CONSTANTA,,3,,522,929
14,98,2,1620,1212,1109,103,1207,5,MUNICIPIUL CONSTANTA,,3,,379,828
14,99,2,1830,1186,1077,109,1184,2,MUNICIPIUL CONSTANTA,,3,,381,803
14,100,2,1905,1333,1261,72,1331,2,MUNICIPIUL CONSTANTA,,3,,433,898
14,101,2,2001,1417,1290,127,1406,11,MUNICIPIUL CONSTANTA,,3,,501,905
14,102,2,2028,1405,1338,67,1398,7,MUNICIPIUL CONSTANTA,,3,,507,891
14,103,2,1957,1565,1451,114,1555,10,MUNICIPIUL CONSTANTA,,3,,449,1106
14,104,2,1630,1313,1219,94,1300,13,MUNICIPIUL CONSTANTA,,3,,435,865
14,105,2,1335,1072,959,113,1062,10,MUNICIPIUL CONSTANTA,,3,,323,739
14,106,2,1387,978,894,84,977,1,MUNICIPIUL CONSTANTA,,3,,297,680
14,107,2,1531,1115,977,138,1109,6,MUNICIPIUL CONSTANTA,,3,,402,707
14,108,2,1666,1233,1167,66,1224,9,MUNICIPIUL CONSTANTA,,3,,422,802
14,109,2,1751,1272,1185,87,1264,8,MUNICIPIUL CONSTANTA,,3,,460,804
14,110,2,1884,1416,1304,112,1409,7,MUNICIPIUL CONSTANTA,,3,,523,886
14,111,2,1853,1321,1242,79,1318,3,MUNICIPIUL CONSTANTA,,3,,413,905
14,112,2,1694,1230,1151,79,1220,10,MUNICIPIUL CONSTANTA,,3,,472,748
14,113,2,1849,1421,1347,74,1416,5,MUNICIPIUL CONSTANTA,,3,,500,916
14,114,2,2064,1396,1316,80,1393,3,MUNICIPIUL CONSTANTA,,3,,489,904
14,115,2,1789,1389,1271,118,1382,7,MUNICIPIUL CONSTANTA,,3,,451,931
14,116,2,1805,1434,1330,104,1429,5,MUNICIPIUL CONSTANTA,,3,,562,867
14,117,2,1430,1164,1028,136,1162,2,MUNICIPIUL CONSTANTA,,3,,412,750
14,118,2,1369,1160,899,261,1151,9,MUNICIPIUL CONSTANTA,,3,,378,773
14,119,2,1183,1051,781,270,1037,14,MUNICIPIUL CONSTANTA,,3,,355,682
14,120,2,1401,1112,1014,98,1106,6,MUNICIPIUL CONSTANTA,,3,,391,715
14,121,2,1220,1018,880,138,1017,1,MUNICIPIUL CONSTANTA,,3,,343,674
14,122,2,1609,1162,1098,64,1160,2,MUNICIPIUL CONSTANTA,,3,,431,729
14,123,2,1094,857,816,41,854,3,MUNICIPIUL CONSTANTA,,3,,309,545
14,124,2,1375,1044,1005,39,1043,1,MUNICIPIUL CONSTANTA,,3,,383,660
14,125,2,1145,915,815,100,906,9,MUNICIPIUL CONSTANTA,,3,,337,569
14,126,2,1474,1088,1025,63,1084,4,MUNICIPIUL CONSTANTA,,3,,355,729
14,127,2,1168,958,869,89,955,3,MUNICIPIUL CONSTANTA,,3,,402,553
14,128,2,1612,1235,1069,166,1228,7,MUNICIPIUL CONSTANTA,,3,,493,735
14,129,2,796,646,581,65,643,3,MUNICIPIUL CONSTANTA,,3,,250,393
14,130,2,642,540,473,67,539,1,MUNICIPIUL CONSTANTA,,3,,199,340
14,131,2,1061,822,715,107,816,6,MUNICIPIUL CONSTANTA,,3,,293,523
14,132,2,844,648,582,66,645,3,MUNICIPIUL CONSTANTA,,3,,262,383
14,133,2,925,769,729,40,763,6,MUNICIPIUL CONSTANTA,,3,,278,485
14,134,2,1021,790,739,51,782,8,MUNICIPIUL CONSTANTA,,3,,352,430
14,135,2,1512,1205,1132,73,1200,5,MUNICIPIUL CONSTANTA,,3,,466,734
14,136,2,1318,1028,958,70,1022,6,MUNICIPIUL CONSTANTA,,3,,309,713
14,137,2,1157,870,752,118,868,2,MUNICIPIUL CONSTANTA,,3,,304,564
14,138,2,1698,1345,1235,110,1339,6,MUNICIPIUL CONSTANTA,,3,,557,782
14,139,2,1480,1274,1084,190,1267,7,MUNICIPIUL CONSTANTA,,3,,513,754
14,140,2,1424,1275,1193,82,1272,3,MUNICIPIUL CONSTANTA,,3,,457,815
14,141,2,1160,943,882,61,941,2,MUNICIPIUL CONSTANTA,,3,,283,658
14,142,2,1392,1045,970,75,1042,3,MUNICIPIUL CONSTANTA,,3,,264,778
14,143,2,1119,888,837,51,885,3,MUNICIPIUL CONSTANTA,,3,,246,639
14,144,2,1396,1168,1090,78,1160,8,MUNICIPIUL CONSTANTA,,3,,450,710
14,145,2,1373,1119,1037,82,1117,2,MUNICIPIUL CONSTANTA,,3,,354,763
14,146,2,1247,967,902,65,959,8,MUNICIPIUL CONSTANTA,,3,,361,598
14,147,2,1325,1083,1004,79,1079,4,MUNICIPIUL CONSTANTA,,3,,289,790
14,148,2,1248,1037,959,78,1034,3,MUNICIPIUL CONSTANTA,,3,,295,739
14,149,2,749,615,557,58,614,1,MUNICIPIUL CONSTANTA,,3,,205,409
14,150,2,1634,1143,1077,66,1138,5,MUNICIPIUL CONSTANTA,,3,,334,804
14,151,2,1354,977,914,63,971,6,MUNICIPIUL CONSTANTA,,3,,274,697
14,152,2,1344,1030,943,87,1025,5,MUNICIPIUL CONSTANTA,,3,,284,741
14,153,2,2584,2144,1624,520,2133,11,MUNICIPIUL CONSTANTA,,3,,614,1519
14,154,2,1759,1287,1032,255,1276,11,MUNICIPIUL CONSTANTA,,3,,336,940
14,155,2,1154,987,857,130,982,5,MUNICIPIUL CONSTANTA,,3,,300,682
14,156,2,1983,1601,1437,164,1596,5,MUNICIPIUL CONSTANTA,,3,,494,1102
14,157,2,1450,1306,1197,109,1301,5,MUNICIPIUL CONSTANTA,,3,,428,873
14,158,2,1241,1038,912,126,1036,2,MUNICIPIUL CONSTANTA,,3,,371,665
14,159,2,946,729,676,53,728,1,MUNICIPIUL CONSTANTA,,3,,215,513
14,160,2,1058,813,738,75,809,4,MUNICIPIUL CONSTANTA,,3,,237,572
14,161,2,1100,832,728,104,829,3,MUNICIPIUL CONSTANTA,,3,,258,571
14,162,2,909,779,653,126,777,2,MUNICIPIUL CONSTANTA,,3,,243,534
14,163,2,859,735,628,107,732,3,MUNICIPIUL CONSTANTA,,3,,180,552
14,164,2,1064,1114,736,378,1105,9,MUNICIPIUL CONSTANTA,,3,,291,814
14,165,2,1012,929,718,211,922,7,MUNICIPIUL CONSTANTA,,3,,219,703
14,166,2,1013,819,726,93,817,2,MUNICIPIUL CONSTANTA,,3,,197,620
14,167,2,1116,848,739,109,844,4,MUNICIPIUL CONSTANTA,,3,,214,630
14,168,2,897,783,688,95,781,2,MUNICIPIUL CONSTANTA,,3,,224,557
14,169,2,832,697,628,69,695,2,MUNICIPIUL CONSTANTA,,3,,260,435
14,170,2,832,768,634,134,765,3,MUNICIPIUL CONSTANTA,,3,,339,426
14,171,2,757,634,575,59,632,2,MUNICIPIUL CONSTANTA,,3,,190,442
14,172,2,1097,805,762,43,805,0,MUNICIPIUL CONSTANTA,,3,,317,488
14,173,2,754,647,595,52,641,3,MUNICIPIUL CONSTANTA,,3,,209,432
14,174,2,797,706,584,122,703,3,MUNICIPIUL CONSTANTA,,3,,227,476
14,175,2,1090,928,826,102,928,0,MUNICIPIUL CONSTANTA,,3,,333,595
14,176,2,990,862,804,58,861,1,MUNICIPIUL CONSTANTA,,3,,336,525
14,177,2,995,841,775,66,832,9,MUNICIPIUL CONSTANTA,,3,,254,578
14,178,2,1117,884,831,53,879,5,MUNICIPIUL CONSTANTA,,3,,312,567
14,179,2,1385,1304,1144,160,1300,4,MUNICIPIUL CONSTANTA,,3,,462,838
14,180,2,1561,1218,1070,148,1214,4,MUNICIPIUL CONSTANTA,,3,,388,826
14,181,2,1500,1190,1144,46,1187,3,MUNICIPIUL CONSTANTA,,3,,299,888
14,182,2,1654,1184,1105,79,1179,5,MUNICIPIUL CONSTANTA,,3,,295,884
14,183,2,1553,1017,944,73,1016,1,MUNICIPIUL CONSTANTA,,3,,297,719
14,184,2,1032,835,769,66,831,4,MUNICIPIUL CONSTANTA,,3,,225,606
14,185,2,1143,870,797,73,864,6,MUNICIPIUL CONSTANTA,,3,,283,581
14,186,2,998,665,601,64,664,1,MUNICIPIUL CONSTANTA,,3,,237,427
14,187,2,164,178,155,23,173,5,MUNICIPIUL CONSTANTA,,3,,57,116
14,188,2,766,760,741,19,756,4,MUNICIPIUL CONSTANTA,,3,,343,413
14,189,2,0,118,0,118,116,2,MUNICIPIUL CONSTANTA,,3,,46,70
14,190,2,468,464,414,50,458,6,MUNICIPIUL CONSTANTA,,3,,186,272
14,191,2,0,427,0,427,423,4,MUNICIPIUL CONSTANTA,,3,,142,281
14,192,2,512,543,476,67,537,6,MUNICIPIUL CONSTANTA,,3,,287,250
14,193,2,0,812,0,812,794,18,MUNICIPIUL CONSTANTA,,3,,220,574
14,194,2,0,295,0,295,293,2,MUNICIPIUL CONSTANTA,,3,,115,178
14,195,2,964,793,734,59,776,17,MUNICIPIUL CONSTANTA,,3,,334,442
14,196,2,0,232,0,232,229,3,MUNICIPIUL CONSTANTA,,3,,79,150
14,197,2,0,951,0,951,947,4,MUNICIPIUL CONSTANTA,,3,,318,629
14,198,2,0,134,0,134,134,0,MUNICIPIUL CONSTANTA,,3,,38,96
14,199,2,37,110,28,82,107,3,MUNICIPIUL CONSTANTA,,3,,37,70
14,200,2,0,462,0,462,459,3,MUNICIPIUL CONSTANTA,,3,,46,413
14,201,2,0,1042,0,1042,1038,4,MUNICIPIUL CONSTANTA,,3,,266,772
14,202,2,0,219,0,219,217,2,MUNICIPIUL CONSTANTA,,3,,63,154
14,203,2,0,309,0,309,304,5,MUNICIPIUL CONSTANTA,,3,,99,205
14,204,2,0,3504,0,3504,3452,52,MUNICIPIUL CONSTANTA,,3,,189,3263
14,205,2,0,54,0,54,54,0,MUNICIPIUL CONSTANTA,,3,,19,35
14,206,2,1715,1321,1060,261,1309,12,MUNICIPIUL MANGALIA,,3,,710,599
14,207,2,1337,1111,936,175,1109,2,MUNICIPIUL MANGALIA,,3,,547,562
14,208,2,1357,1104,945,159,1096,8,MUNICIPIUL MANGALIA,,3,,500,596
14,209,2,2732,1921,1550,371,1912,9,MUNICIPIUL MANGALIA,,3,,833,1079
14,210,2,1680,1184,1112,72,1173,11,MUNICIPIUL MANGALIA,,3,,537,636
14,211,2,1467,1215,851,364,1210,5,MUNICIPIUL MANGALIA,,3,,602,608
14,212,2,1514,997,899,98,989,8,MUNICIPIUL MANGALIA,,3,,450,539
14,213,2,1575,1091,904,187,1078,13,MUNICIPIUL MANGALIA,,3,,476,602
14,214,2,1692,1132,937,195,1121,11,MUNICIPIUL MANGALIA,,3,,501,620
14,215,2,1280,927,808,119,916,11,MUNICIPIUL MANGALIA,,3,,436,480
14,216,2,1163,840,760,80,833,7,MUNICIPIUL MANGALIA,,3,,335,498
14,217,2,1753,1368,1233,135,1349,19,MUNICIPIUL MANGALIA,,3,,723,626
14,218,2,1494,1138,1009,129,1124,14,MUNICIPIUL MANGALIA,,3,,563,561
14,219,2,1406,1050,938,112,1046,4,MUNICIPIUL MANGALIA,,3,,402,644
14,220,2,1316,1036,869,167,1030,6,MUNICIPIUL MANGALIA,,3,,447,583
14,221,2,1332,1048,931,117,1043,5,MUNICIPIUL MANGALIA,,3,,461,582
14,222,2,1261,1172,971,201,1168,4,MUNICIPIUL MANGALIA,,3,,554,614
14,223,2,1160,1055,792,263,1052,3,MUNICIPIUL MANGALIA,,3,,462,590
14,224,2,806,775,496,279,770,5,MUNICIPIUL MANGALIA,,3,,395,375
14,225,2,957,704,569,135,700,4,MUNICIPIUL MANGALIA,,3,,301,399
14,226,2,2028,1445,1184,261,1432,13,MUNICIPIUL MANGALIA,,3,,686,746
14,227,2,1146,1098,767,331,1090,8,MUNICIPIUL MANGALIA,,3,,359,731
14,228,2,223,438,119,319,432,6,MUNICIPIUL MANGALIA,,3,,197,235
14,229,2,0,550,510,40,535,15,MUNICIPIUL MANGALIA,,3,,267,268
14,230,2,0,637,0,637,625,12,MUNICIPIUL MANGALIA,,3,,293,332
14,231,2,305,331,293,38,326,5,MUNICIPIUL MANGALIA,,3,,135,191
14,232,2,0,230,0,230,230,0,MUNICIPIUL MANGALIA,,3,,81,149
14,233,2,1037,825,749,76,823,2,MUNICIPIUL MEDGIDIA,,3,,463,360
14,234,2,685,497,414,83,490,7,MUNICIPIUL MEDGIDIA,,3,,269,221
14,235,2,1056,763,671,92,754,9,MUNICIPIUL MEDGIDIA,,3,,399,355
14,236,2,1004,744,660,84,736,8,MUNICIPIUL MEDGIDIA,,3,,453,283
14,237,2,1241,789,656,133,775,14,MUNICIPIUL MEDGIDIA,,3,,417,358
14,238,2,838,566,488,78,559,7,MUNICIPIUL MEDGIDIA,,3,,289,270
14,239,2,1019,787,717,70,783,4,MUNICIPIUL MEDGIDIA,,3,,382,401
14,240,2,1001,658,591,67,658,0,MUNICIPIUL MEDGIDIA,,3,,346,312
14,241,2,1189,839,760,79,836,3,MUNICIPIUL MEDGIDIA,,3,,422,414
14,242,2,800,589,504,85,579,10,MUNICIPIUL MEDGIDIA,,3,,337,242
14,243,2,956,751,692,59,748,3,MUNICIPIUL MEDGIDIA,,3,,428,320
14,244,2,803,654,548,106,652,2,MUNICIPIUL MEDGIDIA,,3,,391,261
14,245,2,938,675,631,44,672,3,MUNICIPIUL MEDGIDIA,,3,,388,284
14,246,2,1210,844,782,62,837,7,MUNICIPIUL MEDGIDIA,,3,,480,357
14,247,2,1078,839,783,56,835,4,MUNICIPIUL MEDGIDIA,,3,,504,331
14,248,2,960,764,689,75,762,2,MUNICIPIUL MEDGIDIA,,3,,434,328
14,249,2,1094,772,728,44,769,3,MUNICIPIUL MEDGIDIA,,3,,420,349
14,250,2,1019,747,690,57,742,5,MUNICIPIUL MEDGIDIA,,3,,437,305
14,251,2,889,720,632,88,716,4,MUNICIPIUL MEDGIDIA,,3,,371,345
14,252,2,1031,803,726,77,795,8,MUNICIPIUL MEDGIDIA,,3,,455,340
14,253,2,961,752,643,109,740,12,MUNICIPIUL MEDGIDIA,,3,,392,348
14,254,2,895,661,589,72,660,1,MUNICIPIUL MEDGIDIA,,3,,367,293
14,255,2,1180,820,739,81,816,4,MUNICIPIUL MEDGIDIA,,3,,449,367
14,256,2,773,591,547,44,591,0,MUNICIPIUL MEDGIDIA,,3,,305,286
14,257,2,1032,825,726,99,820,5,MUNICIPIUL MEDGIDIA,,3,,473,347
14,258,2,679,699,488,211,695,4,MUNICIPIUL MEDGIDIA,,3,,316,379
14,259,2,977,712,650,62,711,1,MUNICIPIUL MEDGIDIA,,3,,355,356
14,260,2,944,727,631,96,716,11,MUNICIPIUL MEDGIDIA,,3,,343,373
14,261,2,1144,943,722,221,889,54,MUNICIPIUL MEDGIDIA,,3,,441,448
14,262,2,1015,765,658,107,759,6,MUNICIPIUL MEDGIDIA,,3,,408,351
14,263,2,1040,810,739,71,807,3,MUNICIPIUL MEDGIDIA,,3,,422,385
14,264,2,908,751,616,135,747,4,MUNICIPIUL MEDGIDIA,,3,,421,326
14,265,2,1297,992,865,127,980,12,MUNICIPIUL MEDGIDIA,,3,,538,442
14,266,2,1169,927,825,102,919,8,MUNICIPIUL MEDGIDIA,,3,,492,427
14,267,2,1296,967,882,85,963,4,MUNICIPIUL MEDGIDIA,,3,,451,512
14,268,2,635,529,492,37,522,7,MUNICIPIUL MEDGIDIA,,3,,246,276
14,269,2,0,321,0,321,321,0,MUNICIPIUL MEDGIDIA,,3,,165,156
14,270,2,870,676,524,152,669,7,MUNICIPIUL MEDGIDIA,,3,,407,262
14,271,2,234,191,147,44,190,1,MUNICIPIUL MEDGIDIA,,3,,126,64
14,272,2,2383,1940,1383,557,1926,14,ORAS BASARABI,,3,,792,1134
14,273,2,1871,1089,749,340,1075,14,ORAS BASARABI,,3,,500,575
14,274,2,0,873,0,873,856,17,ORAS BASARABI,,3,,406,450
14,275,2,2100,1541,994,547,1530,11,ORAS BASARABI,,3,,770,760
14,276,2,503,547,286,261,541,6,ORAS BASARABI,,3,,222,319
14,277,2,717,533,456,77,527,6,ORAS BASARABI,,3,,250,277
14,278,2,1014,892,605,287,885,7,ORAS CERNAVODA,,3,,247,638
14,279,2,1062,916,656,260,911,5,ORAS CERNAVODA,,3,,290,621
14,280,2,1033,850,696,154,844,6,ORAS CERNAVODA,,3,,358,486
14,281,2,1292,1073,917,156,1067,6,ORAS CERNAVODA,,3,,558,509
14,282,2,1105,1045,748,297,1041,4,ORAS CERNAVODA,,3,,381,660
14,283,2,1489,1352,1003,349,1346,6,ORAS CERNAVODA,,3,,474,872
14,284,2,951,808,665,143,805,3,ORAS CERNAVODA,,3,,380,425
14,285,2,795,631,540,91,629,2,ORAS CERNAVODA,,3,,283,346
14,286,2,982,804,599,205,804,0,ORAS CERNAVODA,,3,,221,583
14,287,2,764,747,467,280,745,2,ORAS CERNAVODA,,3,,156,589
14,288,2,788,930,402,528,926,4,ORAS CERNAVODA,,3,,198,728
14,289,2,277,262,247,15,254,8,ORAS CERNAVODA,,3,,155,99
14,290,2,1396,1082,960,122,1077,5,ORAS EFORIE,,3,,456,621
14,291,2,1519,1237,1053,184,1233,4,ORAS EFORIE,,3,,559,674
14,292,2,862,774,601,173,772,2,ORAS EFORIE,,3,,363,409
14,293,2,1296,1375,890,485,1372,3,ORAS EFORIE,,3,,511,861
14,294,2,1022,1009,678,331,1007,2,ORAS EFORIE,,3,,309,698
14,295,2,1247,1201,912,289,1198,3,ORAS EFORIE,,3,,374,824
14,296,2,1290,908,834,74,903,5,ORAS HARSOVA,,3,,514,389
14,297,2,1148,808,764,44,801,7,ORAS HARSOVA,,3,,382,419
14,298,2,1430,986,924,62,974,12,ORAS HARSOVA,,3,,529,445
14,299,2,1427,975,887,88,966,9,ORAS HARSOVA,,3,,533,433
14,300,2,1257,947,865,82,940,7,ORAS HARSOVA,,3,,547,393
14,301,2,913,675,627,48,674,1,ORAS HARSOVA,,3,,347,327
14,302,2,313,253,212,41,250,3,ORAS HARSOVA,,3,,166,84
14,303,2,1951,1473,1232,241,1467,6,ORAS NAVODARI,,3,,378,1089
14,304,2,1675,1249,1131,118,1244,5,ORAS NAVODARI,,3,,319,925
14,305,2,1447,1034,863,171,1027,7,ORAS NAVODARI,,3,,246,781
14,306,2,1242,974,816,158,970,4,ORAS NAVODARI,,3,,270,700
14,307,2,1296,1094,899,195,1089,5,ORAS NAVODARI,,3,,341,748
14,308,2,1258,996,832,164,994,2,ORAS NAVODARI,,3,,238,756
14,309,2,1745,1203,1048,155,1198,5,ORAS NAVODARI,,3,,322,876
14,310,2,1785,1192,1047,145,1184,8,ORAS NAVODARI,,3,,379,805
14,311,2,1326,1067,927,140,1060,7,ORAS NAVODARI,,3,,308,752
14,312,2,1510,1058,899,159,1052,6,ORAS NAVODARI,,3,,329,723
14,313,2,1839,1278,1139,139,1270,8,ORAS NAVODARI,,3,,367,903
14,314,2,1349,1018,851,167,1013,5,ORAS NAVODARI,,3,,310,703
14,315,2,1563,1121,978,143,1114,7,ORAS NAVODARI,,3,,422,692
14,316,2,913,1093,611,482,1090,3,ORAS NAVODARI,,3,,245,845
14,317,2,1551,1399,911,488,1391,8,ORAS NAVODARI,,3,,337,1054
14,318,2,73,80,63,17,79,1,ORAS NAVODARI,,3,,27,52
14,319,2,239,293,239,54,287,6,ORAS NAVODARI,,3,,76,211
14,320,2,220,226,201,25,225,1,ORAS NAVODARI,,3,,106,119
14,321,2,1229,1424,1229,195,1414,10,ORAS NEGRU VODA,,3,,875,539
14,322,2,1168,967,828,139,962,5,ORAS NEGRU VODA,,3,,593,369
14,323,2,846,533,455,78,527,6,ORAS NEGRU VODA,,3,,288,239
14,324,2,1681,1296,1205,91,1284,12,ORAS OVIDIU,,3,,606,678
14,325,2,1458,1152,1005,147,1146,6,ORAS OVIDIU,,3,,407,739
14,326,2,2188,1745,1616,129,1723,22,ORAS OVIDIU,,3,,617,1106
14,327,2,2349,1933,1756,177,1923,10,ORAS OVIDIU,,3,,709,1214
14,328,2,434,410,314,96,408,2,ORAS OVIDIU,,3,,145,263
14,329,2,643,595,457,138,584,11,ORAS OVIDIU,,3,,327,257
14,330,2,0,111,0,111,111,0,ORAS OVIDIU,,3,,33,78
14,331,2,1587,1245,1140,105,1239,6,ORAS TECHIRGHIOL,,3,,415,824
14,332,2,1485,1086,990,96,1080,6,ORAS TECHIRGHIOL,,3,,375,705
14,333,2,1186,913,824,89,904,9,ORAS TECHIRGHIOL,,3,,325,579
14,334,2,959,801,692,109,795,6,ORAS TECHIRGHIOL,,3,,325,470
14,335,2,12,371,7,364,368,3,ORAS TECHIRGHIOL,,3,,190,178
14,336,2,945,645,550,95,638,7,ADAMCLISI,,3,,336,302
14,337,2,471,329,300,29,320,9,ADAMCLISI,,3,,160,160
14,338,2,228,167,140,27,162,5,ADAMCLISI,,3,,80,82
14,339,2,109,97,44,53,97,0,ADAMCLISI,,3,,40,57
14,340,2,1867,1270,1097,173,1263,7,AGIGEA,,3,,435,828
14,341,2,1342,1186,995,191,1177,9,AGIGEA,,3,,523,654
14,342,2,219,463,142,321,459,4,AGIGEA,,3,,140,319
14,343,2,1192,747,592,155,744,3,ALBESTI,,3,,494,250
14,344,2,697,500,377,123,496,4,ALBESTI,,3,,295,201
14,345,2,154,170,95,75,170,0,ALBESTI,,3,,119,51
14,346,2,114,137,62,75,136,1,ALBESTI,,3,,82,54
14,347,2,218,265,150,115,263,2,ALBESTI,,3,,148,115
14,348,2,1081,730,593,137,712,18,ALIMAN,,3,,434,278
14,349,2,1225,819,734,85,803,16,ALIMAN,,3,,603,200
14,350,2,785,592,464,128,582,10,AMZACEA,,3,,358,224
14,351,2,729,490,410,80,478,12,AMZACEA,,3,,305,173
14,352,2,367,261,215,46,260,1,AMZACEA,,3,,117,143
14,353,2,881,746,574,172,730,16,BANEASA,,3,,446,284
14,354,2,1755,1367,1075,292,1356,11,BANEASA,,3,,880,476
14,355,2,587,474,406,68,464,10,BANEASA,,3,,325,139
14,356,2,645,461,333,128,448,13,BANEASA,,3,,292,156
14,357,2,954,715,583,132,699,16,CASTELU,,3,,415,284
14,358,2,874,684,545,139,676,8,CASTELU,,3,,383,293
14,359,2,806,642,479,163,637,5,CASTELU,,3,,389,248
14,360,2,956,705,562,143,691,14,CASTELU,,3,,479,212
14,361,2,1097,746,541,205,741,5,CASTELU,,3,,340,401
14,362,2,543,390,300,90,385,5,CERCHEZU,,3,,221,164
14,363,2,576,438,334,104,427,11,CERCHEZU,,3,,278,149
14,364,2,1375,1112,927,185,1094,18,CHIRNOGENI,,3,,699,395
14,365,2,191,186,140,46,184,2,CHIRNOGENI,,3,,111,73
14,366,2,982,675,588,87,671,4,CHIRNOGENI,,3,,335,336
14,367,2,1117,785,711,74,778,7,CIOBANU,,3,,468,310
14,368,2,1202,920,860,60,918,2,CIOBANU,,3,,553,365
14,369,2,287,245,201,44,245,0,CIOBANU,,3,,163,82
14,370,2,1469,958,792,166,936,22,CIOCARLIA,,3,,530,406
14,371,2,648,528,384,144,527,1,CIOCARLIA,,3,,285,242
14,372,2,1623,1374,1161,213,1161,8,COBADIN,,3,,700,461
14,373,2,1527,1122,935,187,1113,9,COBADIN,,3,,619,494
14,374,2,1443,1034,858,176,1025,9,COBADIN,,3,,590,435
14,375,2,271,244,169,75,238,6,COBADIN,,3,,155,83
14,376,2,413,334,245,89,330,4,COBADIN,,3,,252,78
14,377,2,1042,871,650,221,858,13,COBADIN,,3,,423,435
14,378,2,1411,993,804,189,983,10,COGEALAC,,3,,664,319
14,379,2,1363,951,800,151,946,5,COGEALAC,,3,,560,386
14,380,2,768,616,472,144,608,8,COGEALAC,,3,,308,300
14,381,2,1266,835,699,136,828,7,COGEALAC,,3,,571,257
14,382,2,589,455,361,94,452,3,COGEALAC,,3,,255,197
14,383,2,647,528,439,89,522,6,COMANA,,3,,332,190
14,384,2,443,337,290,47,333,4,COMANA,,3,,208,125
14,385,2,227,173,130,43,171,1,COMANA,,3,,105,66
14,386,2,1433,1178,888,290,1170,8,CORBU,,3,,396,774
14,387,2,1139,927,713,214,923,4,CORBU,,3,,412,511
14,388,2,444,421,280,141,416,5,CORBU,,3,,161,255
14,389,2,914,688,538,150,685,3,CRUCEA,,3,,457,228
14,390,2,223,211,166,45,211,0,CRUCEA,,3,,115,96
14,391,2,357,293,240,53,286,7,CRUCEA,,3,,230,56
14,392,2,521,408,328,80,403,5,CRUCEA,,3,,318,85
14,393,2,490,313,259,54,311,2,CRUCEA,,3,,197,114
14,394,2,1949,1446,1232,214,1437,9,CUMPANA,,3,,544,893
14,395,2,1860,1441,1225,216,1427,14,CUMPANA,,3,,531,896
14,396,2,1781,1294,1134,160,1274,20,CUMPANA,,3,,477,797
14,397,2,267,233,171,62,229,4,DELENI,,3,,142,87
14,398,2,383,349,274,75,344,5,DELENI,,3,,205,139
14,399,2,427,361,272,89,359,2,DELENI,,3,,248,111
14,400,2,494,411,279,132,405,6,DELENI,,3,,238,167
14,401,2,710,324,237,87,319,5,DOBROMIR,,3,,186,133
14,402,2,326,257,185,72,255,2,DOBROMIR,,3,,166,89
14,403,2,196,226,116,110,222,4,DOBROMIR,,3,,87,135
14,404,2,472,345,191,154,344,1,DOBROMIR,,3,,236,108
14,405,2,84,110,46,64,107,3,DOBROMIR,,3,,64,43
14,406,2,2425,1455,1170,285,1443,12,23 AUGUST,,3,,773,670
14,407,2,698,680,393,287,671,9,23 AUGUST,,3,,436,235
14,408,2,607,805,402,403,802,3,23 AUGUST,,3,,440,362
14,409,2,427,324,250,74,320,4,DUMBRAVENI,,3,,164,156
14,410,2,1120,754,682,72,750,4,GHINDARESTI,,3,,282,468
14,411,2,1000,794,745,49,789,5,GHINDARESTI,,3,,172,617
14,412,2,331,248,212,36,248,0,GHINDARESTI,,3,,178,70
14,413,2,693,469,395,74,463,6,GHINDARESTI,,3,,327,136
14,414,2,1482,1061,975,86,1053,8,GARLICIU,,3,,717,336
14,415,2,969,648,564,84,641,7,INDEPENDENTA,,3,,454,187
14,416,2,433,370,302,68,362,8,INDEPENDENTA,,3,,169,193
14,417,2,362,283,239,44,280,3,INDEPENDENTA,,3,,129,151
14,418,2,280,214,182,32,212,2,INDEPENDENTA,,3,,145,67
14,419,2,253,220,188,32,218,2,INDEPENDENTA,,3,,189,29
14,420,2,368,370,258,112,363,7,ION CORVIN,,3,,246,117
14,421,2,765,584,523,61,571,13,ION CORVIN,,3,,312,259
14,422,2,167,158,118,40,149,9,ION CORVIN,,3,,96,53
14,423,2,116,148,102,46,140,8,ION CORVIN,,3,,72,68
14,424,2,970,730,588,142,727,3,ISTRIA,,3,,372,355
14,425,2,740,549,431,118,542,7,ISTRIA,,3,,286,256
14,426,2,1396,1104,865,239,1094,10,LIMANU,,3,,649,445
14,427,2,1521,1312,1050,262,1301,11,LIMANU,,3,,675,626
14,428,2,790,636,472,164,623,13,LIPNITA,,3,,495,128
14,429,2,650,467,368,99,456,11,LIPNITA,,3,,333,123
14,430,2,498,392,305,87,386,6,LIPNITA,,3,,240,146
14,431,2,141,115,91,24,101,7,LIPNITA,,3,,57,44
14,432,2,181,112,84,28,112,0,LIPNITA,,3,,72,40
14,433,2,467,330,254,76,324,6,LIPNITA,,3,,214,110
14,434,2,118,109,69,40,109,0,LIPNITA,,3,,76,33
14,435,2,1761,1507,1000,507,1483,24,LUMINA,,3,,429,1054
14,436,2,1416,1409,945,464,1402,7,LUMINA,,3,,473,929
14,437,2,396,334,267,67,331,3,LUMINA,,3,,41,290
14,438,2,282,263,227,36,262,1,LUMINA,,3,,139,123
14,439,2,862,590,498,92,579,11,MERENI,,3,,362,217
14,440,2,626,496,418,78,493,3,MERENI,,3,,320,173
14,441,2,703,477,392,85,469,8,MERENI,,3,,306,163
14,442,2,431,278,224,54,276,2,MERENI,,3,,125,151
14,443,2,255,216,175,41,216,0,MERENI,,3,,143,73
14,444,2,1850,1443,1210,233,1437,6,MIHAIL KOGALNICEANU,,3,,557,880
14,445,2,1823,1529,1153,376,1521,8,MIHAIL KOGALNICEANU,,3,,725,796
14,446,2,1269,1106,800,306,1101,5,MIHAIL KOGALNICEANU,,3,,507,594
14,447,2,322,254,212,42,253,1,MIHAIL KOGALNICEANU,,3,,125,128
14,448,2,235,232,90,142,232,0,MIHAIL KOGALNICEANU,,3,,140,92
14,449,2,574,442,365,77,438,4,MIHAIL KOGALNICEANU,,3,,221,217
14,450,2,206,195,161,34,192,3,MIHAIL KOGALNICEANU,,3,,47,145
14,451,2,981,765,719,46,755,10,MIHAIL KOGALNICEANU,,3,,349,406
14,452,2,1288,882,788,94,869,13,MIHAI VITEAZU,,3,,409,460
14,453,2,861,615,489,126,605,10,MIHAI VITEAZU,,3,,259,346
14,454,2,1354,841,651,190,823,18,MIRCEA VODA,,3,,546,277
14,455,2,1537,1370,975,395,1311,59,MIRCEA VODA,,3,,934,377
14,456,2,452,553,267,286,547,6,MIRCEA VODA,,3,,280,267
14,457,2,784,436,299,137,429,7,MIRCEA VODA,,3,,242,187
14,458,2,222,281,139,142,281,0,MIRCEA VODA,,3,,126,155
14,459,2,87,88,52,36,81,7,MIRCEA VODA,,3,,48,33
14,460,2,1014,748,551,197,733,15,NICOLAE BALCESCU,,3,,474,259
14,461,2,1235,864,648,216,855,9,NICOLAE BALCESCU,,3,,516,339
14,462,2,1465,879,719,160,864,15,NICOLAE BALCESCU,,3,,534,330
14,463,2,1614,1263,1169,94,1247,16,OLTINA,,3,,829,418
14,464,2,501,461,430,31,454,7,OLTINA,,3,,338,116
14,465,2,260,241,217,24,240,1,OLTINA,,3,,182,58
14,466,2,2245,1724,1331,393,1710,14,OSTROV,,3,,1101,609
14,467,2,740,667,482,185,659,8,OSTROV,,3,,541,118
14,468,2,295,230,175,55,228,2,OSTROV,,3,,177,51
14,469,2,291,213,143,70,209,4,OSTROV,,3,,122,87
14,470,2,374,368,265,103,363,5,OSTROV,,3,,245,118
14,471,2,158,195,113,82,195,0,OSTROV,,3,,100,95
14,472,2,474,431,351,80,425,6,PANTELIMON,,3,,211,214
14,473,2,169,157,122,35,157,0,PANTELIMON,,3,,83,74
14,474,2,255,252,203,49,247,5,PANTELIMON,,3,,165,82
14,475,2,213,169,121,48,166,3,PANTELIMON,,3,,78,88
14,476,2,2000,1455,1234,221,1430,25,PECINEAGA,,3,,840,590
14,477,2,1273,839,711,128,831,8,PESTERA,,3,,619,212
14,478,2,691,452,382,70,437,15,PESTERA,,3,,349,88
14,479,2,472,322,273,49,319,3,PESTERA,,3,,208,111
14,480,2,2022,1378,1178,200,1360,18,POARTA ALBA,,3,,738,622
14,481,2,719,1392,405,987,1377,15,POARTA ALBA,,3,,602,775
14,482,2,277,235,169,66,231,4,POARTA ALBA,,3,,106,125
14,483,2,1938,1363,1104,259,1328,35,RASOVA,,3,,929,399
14,484,2,795,646,514,132,627,19,RASOVA,,3,,451,176
14,485,2,750,578,516,62,570,8,SARAIU,,3,,473,97
14,486,2,460,340,290,50,336,4,SARAIU,,3,,191,145
14,487,2,1448,1124,932,192,1113,11,SACELE,,3,,750,363
14,488,2,572,434,348,86,424,10,SEIMENI,,3,,205,219
14,489,2,371,314,226,88,308,6,SEIMENI,,3,,206,102
14,490,2,562,464,378,86,460,4,SEIMENI,,3,,298,162
14,491,2,435,392,298,94,388,4,SILISTEA,,3,,268,120
14,492,2,461,450,366,84,444,6,SILISTEA,,3,,318,126
14,493,2,223,216,164,52,214,2,TARGUSOR,,3,,173,41
14,494,2,995,790,674,116,784,6,TARGUSOR,,3,,500,284
14,495,2,221,214,148,66,213,1,TARGUSOR,,3,,92,121
14,496,2,627,464,406,58,459,5,TARGUSOR,,3,,276,183
14,497,2,1545,999,870,129,986,13,TOPALU,,3,,703,283
14,498,2,1085,833,593,240,822,11,TOPRAISAR,,3,,574,248
14,499,2,1245,907,755,152,903,4,TOPRAISAR,,3,,512,391
14,500,2,1326,1197,1184,13,1174,23,TOPRAISAR,,3,,812,362
14,501,2,449,376,304,72,371,5,TOPRAISAR,,3,,240,131
14,502,2,515,433,278,155,425,8,TOPRAISAR,,3,,261,164
14,503,2,238,256,162,94,253,3,TOPRAISAR,,3,,174,79
14,504,2,1081,913,722,191,901,12,TORTOMAN,,3,,705,196
14,505,2,1173,899,727,172,891,8,TUZLA,,3,,350,541
14,506,2,1565,1237,1026,211,1223,14,TUZLA,,3,,588,635
14,507,2,1309,1068,826,242,1054,14,TUZLA,,3,,417,637
14,508,2,93,106,88,18,105,1,TUZLA,,3,,33,72
14,509,2,212,231,209,22,228,3,TUZLA,,3,,121,107
14,510,2,1338,1302,922,380,1288,14,TUZLA,,3,,484,804
14,511,2,2515,1821,1430,391,1807,14,VALU LUI TRAIAN,,3,,941,866
14,512,2,2006,1205,1041,164,1194,11,VALU LUI TRAIAN,,3,,606,588
14,513,2,1538,1171,966,205,1162,9,VALU LUI TRAIAN,,3,,540,622
14,514,2,0,138,0,138,137,1,VALU LUI TRAIAN,,3,,61,76
14,515,2,459,322,281,41,319,3,VULTURU,,3,,228,91
15,1,2,1283,997,941,56,995,2,MUNICIPIUL SFANTU GHEORGHE,,7,,94,901
15,2,2,1200,945,777,168,940,5,MUNICIPIUL SFANTU GHEORGHE,,7,,88,852
15,3,2,1402,1052,986,66,1049,3,MUNICIPIUL SFANTU GHEORGHE,,7,,62,987
15,4,2,1337,1138,974,164,1130,8,MUNICIPIUL SFANTU GHEORGHE,,7,,130,1000
15,5,2,1480,1169,1068,101,1167,2,MUNICIPIUL SFANTU GHEORGHE,,7,,138,1029
15,6,2,1848,1520,1392,128,1515,5,MUNICIPIUL SFANTU GHEORGHE,,7,,182,1333
15,7,2,1475,1240,1177,63,1237,3,MUNICIPIUL SFANTU GHEORGHE,,7,,78,1159
15,8,2,1411,1142,1103,39,1139,3,MUNICIPIUL SFANTU GHEORGHE,,7,,37,1102
15,9,2,1211,971,922,49,970,1,MUNICIPIUL SFANTU GHEORGHE,,7,,25,945
15,10,2,1472,1141,1057,84,1135,6,MUNICIPIUL SFANTU GHEORGHE,,7,,63,1072
15,11,2,1900,1336,1264,72,1335,1,MUNICIPIUL SFANTU GHEORGHE,,7,,82,1253
15,12,2,1548,1219,1138,81,1217,2,MUNICIPIUL SFANTU GHEORGHE,,7,,69,1148
15,13,2,1434,1360,1023,337,1359,1,MUNICIPIUL SFANTU GHEORGHE,,7,,73,1286
15,14,2,1380,1076,1002,74,1076,0,MUNICIPIUL SFANTU GHEORGHE,,7,,84,992
15,15,2,1567,1301,1237,64,1298,3,MUNICIPIUL SFANTU GHEORGHE,,7,,50,1248
15,16,2,1299,1096,955,141,1086,10,MUNICIPIUL SFANTU GHEORGHE,,7,,24,1062
15,17,2,931,792,730,62,787,5,MUNICIPIUL SFANTU GHEORGHE,,7,,60,727
15,18,2,1033,818,772,46,813,5,MUNICIPIUL SFANTU GHEORGHE,,7,,35,778
15,19,2,1252,958,844,114,956,2,MUNICIPIUL SFANTU GHEORGHE,,7,,53,903
15,20,2,1843,1313,1208,105,1307,6,MUNICIPIUL SFANTU GHEORGHE,,7,,54,1253
15,21,2,1530,1116,1008,108,1110,6,MUNICIPIUL SFANTU GHEORGHE,,7,,63,1047
15,22,2,1687,1087,968,119,1082,5,MUNICIPIUL SFANTU GHEORGHE,,7,,105,977
15,23,2,1181,903,838,65,903,0,MUNICIPIUL SFANTU GHEORGHE,,7,,89,814
15,24,2,1467,1198,995,203,1196,2,MUNICIPIUL SFANTU GHEORGHE,,7,,116,1080
15,25,2,1662,1246,1148,98,1245,1,MUNICIPIUL SFANTU GHEORGHE,,7,,111,1134
15,26,2,1902,1576,1334,242,1572,4,MUNICIPIUL SFANTU GHEORGHE,,7,,173,1399
15,27,2,1388,1045,980,65,1043,2,MUNICIPIUL SFANTU GHEORGHE,,7,,98,945
15,28,2,1551,1149,1064,85,1146,3,MUNICIPIUL SFANTU GHEORGHE,,7,,93,1053
15,29,2,1075,1436,1329,107,1430,6,MUNICIPIUL SFANTU GHEORGHE,,7,,142,1288
15,30,2,2039,1521,1363,158,1516,5,MUNICIPIUL SFANTU GHEORGHE,,7,,120,1396
15,31,2,1749,1285,1215,70,1281,4,MUNICIPIUL SFANTU GHEORGHE,,7,,154,1127
15,32,2,1375,1044,936,108,1041,3,MUNICIPIUL SFANTU GHEORGHE,,7,,124,917
15,33,2,1234,962,844,118,959,3,MUNICIPIUL SFANTU GHEORGHE,,7,,105,854
15,34,2,1053,759,686,73,756,3,MUNICIPIUL SFANTU GHEORGHE,,7,,56,700
15,35,2,482,447,392,55,447,0,MUNICIPIUL SFANTU GHEORGHE,,7,,6,441
15,36,2,344,346,300,46,345,1,MUNICIPIUL SFANTU GHEORGHE,,7,,10,335
15,37,2,346,364,330,34,360,4,MUNICIPIUL SFANTU GHEORGHE,,7,,134,226
15,38,2,1371,1122,1041,81,1116,6,ORAS TARGU SECUIESC,,7,,32,1084
15,39,2,991,791,715,76,787,4,ORAS TARGU SECUIESC,,7,,17,770
15,40,2,1694,1293,1234,59,1286,7,ORAS TARGU SECUIESC,,7,,65,1221
15,41,2,1586,1270,1177,93,1269,1,ORAS TARGU SECUIESC,,7,,39,1230
15,42,2,1800,1236,1063,173,1234,2,ORAS TARGU SECUIESC,,7,,64,1170
15,43,2,1567,1237,1131,106,1234,3,ORAS TARGU SECUIESC,,7,,48,1186
15,44,2,1319,1103,1019,84,1101,2,ORAS TARGU SECUIESC,,7,,36,1065
15,45,2,1903,1452,1362,90,1446,6,ORAS TARGU SECUIESC,,7,,31,1415
15,46,2,1619,1448,1161,287,1443,5,ORAS TARGU SECUIESC,,7,,94,1349
15,47,2,1473,1188,1121,67,1188,0,ORAS TARGU SECUIESC,,7,,31,1157
15,48,2,397,346,315,31,345,1,ORAS TARGU SECUIESC,,7,,6,339
15,49,2,142,268,116,152,266,2,ORAS TARGU SECUIESC,,7,,2,264
15,50,2,1099,763,711,52,757,6,ORAS TARGU SECUIESC,,7,,12,745
15,51,2,0,156,0,156,156,0,ORAS TARGU SECUIESC,,7,,14,142
15,52,2,1559,1301,1122,179,1300,1,ORAS COVASNA,,7,,106,1194
15,53,2,1645,1376,1147,229,1372,4,ORAS COVASNA,,7,,120,1252
15,54,2,1473,1247,1054,193,1244,3,ORAS COVASNA,,7,,95,1149
15,55,2,1866,1331,1213,118,1327,4,ORAS COVASNA,,7,,90,1237
15,56,2,1298,998,894,104,990,8,ORAS COVASNA,,7,,250,740
15,57,2,1334,1060,1005,55,1058,2,ORAS COVASNA,,7,,630,428
15,58,2,0,379,0,379,377,2,ORAS COVASNA,,7,,188,189
15,59,2,0,602,0,602,598,4,ORAS COVASNA,,7,,314,284
15,60,2,0,414,0,414,414,0,ORAS COVASNA,,7,,160,254
15,61,2,0,317,0,317,316,1,ORAS COVASNA,,7,,140,176
15,62,2,1523,1302,1119,183,1299,3,ORAS BARAOLT,,7,,31,1268
15,63,2,1672,1421,1263,158,1417,4,ORAS BARAOLT,,7,,43,1374
15,64,2,1472,1122,1041,81,1115,7,ORAS BARAOLT,,7,,21,1094
15,65,2,637,605,564,41,602,3,ORAS BARAOLT,,7,,7,595
15,66,2,319,302,271,31,297,5,ORAS BARAOLT,,7,,6,291
15,67,2,895,829,734,95,824,5,ORAS BARAOLT,,7,,15,809
15,68,2,406,370,343,27,368,2,ORAS BARAOLT,,7,,11,357
15,69,2,734,647,578,69,641,6,ORAS BARAOLT,,7,,19,622
15,70,2,1693,1249,1161,88,1240,9,ORAS INTORSURA BUZAULUI,,7,,717,523
15,71,2,1491,1035,935,100,1034,1,ORAS INTORSURA BUZAULUI,,7,,475,559
15,72,2,1470,1055,983,72,1048,7,ORAS INTORSURA BUZAULUI,,7,,730,318
15,73,2,883,695,643,52,690,5,ORAS INTORSURA BUZAULUI,,7,,372,318
15,74,2,962,743,665,78,741,2,ORAS INTORSURA BUZAULUI,,7,,445,296
15,75,2,685,628,535,93,625,3,AITA MARE,,7,,31,594
15,76,2,628,611,528,83,608,3,AITA MARE,,7,,21,587
15,77,2,1678,1215,1180,35,1200,15,BARCANI,,7,,791,409
15,78,2,499,410,371,39,406,4,BARCANI,,7,,348,58
15,79,2,515,470,431,39,468,2,BARCANI,,7,,390,78
15,80,2,796,708,671,37,703,5,BARCANI,,7,,600,103
15,81,2,1839,1467,1299,168,1455,12,BATANI,,7,,25,1430
15,82,2,703,599,550,49,594,5,BATANI,,7,,9,585
15,83,2,749,668,630,38,659,9,BATANI,,7,,29,630
15,84,2,1154,936,861,75,932,4,BELIN,,7,,62,870
15,85,2,636,411,388,23,404,7,BELIN,,7,,274,130
15,86,2,1264,1180,1070,110,1165,15,BODOC,,7,,20,1145
15,87,2,476,426,406,20,425,1,BODOC,,7,,11,414
15,88,2,97,110,91,19,110,0,BODOC,,7,,58,52
15,89,2,1120,832,711,121,825,7,BOROSNEU MARE,,7,,18,807
15,90,2,297,258,220,38,256,2,BOROSNEU MARE,,7,,30,226
15,91,2,143,187,126,61,184,3,BOROSNEU MARE,,7,,11,173
15,92,2,428,431,330,101,431,0,BOROSNEU MARE,,7,,35,396
15,93,2,1231,1040,956,84,1037,3,BRATES,,7,,8,1029
15,94,2,742,638,608,30,636,2,BRADUT,,7,,12,624
15,95,2,603,564,538,26,562,2,BRADUT,,7,,14,548
15,96,2,908,783,724,59,773,10,BRADUT,,7,,36,737
15,97,2,903,906,822,84,883,23,BRADUT,,7,,7,876
15,98,2,2241,1830,1660,170,1643,17,BRETCU,,7,,345,1298
15,99,2,641,599,554,45,590,9,BRETCU,,7,,97,493
15,100,2,290,242,207,35,237,5,BRETCU,,7,,25,212
15,101,2,245,234,203,31,231,3,BRETCU,,7,,144,87
15,102,2,1313,1148,1092,56,1144,4,CATALINA,,7,,77,1067
15,103,2,1223,1117,1066,51,1091,26,CATALINA,,7,,23,1068
15,104,2,1641,1606,1511,95,1604,2,CERNAT,,7,,18,1586
15,105,2,859,731,696,35,718,13,CERNAT,,7,,14,704
15,106,2,318,297,273,24,295,2,CERNAT,,7,,7,288
15,107,2,224,224,204,20,223,1,CERNAT,,7,,0,223
15,108,2,846,750,689,61,747,3,CHICHIS,,7,,44,703
15,109,2,480,392,330,62,388,4,CHICHIS,,7,,136,252
15,110,2,807,777,639,138,772,5,COMANDAU,,7,,85,687
15,111,2,1007,706,651,55,700,6,DOBARLAU,,7,,309,391
15,112,2,653,508,451,57,507,1,DOBARLAU,,7,,158,349
15,113,2,1996,1604,1451,153,1600,4,GHELINTA,,7,,53,1547
15,114,2,1438,1062,891,171,1036,26,GHELINTA,,7,,86,950
15,115,2,1357,1044,991,53,1033,11,GHIDFALAU,,7,,15,1018
15,116,2,478,447,399,48,440,7,GHIDFALAU,,7,,6,434
15,117,2,1091,907,719,188,900,7,HAGHIG,,7,,338,562
15,118,2,354,288,229,59,282,6,HAGHIG,,7,,168,114
15,119,2,1368,1274,1153,121,1268,6,ILIENI,,7,,99,1169
15,120,2,1665,1500,1384,116,1491,9,LEMNIA,,7,,14,1477
15,121,2,1132,1086,1012,74,1075,11,LEMNIA,,7,,25,1050
15,122,2,1450,1266,1166,100,1262,4,MALNAS,,7,,21,1241
15,123,2,1378,1262,1133,129,1256,6,MALNAS,,7,,32,1224
15,124,2,727,716,613,103,713,3,MALNAS,,7,,32,681
15,125,2,152,143,126,17,138,5,MALNAS,,7,,10,128
15,126,2,816,729,632,97,725,4,MOACSA,,7,,44,681
15,127,2,674,583,468,115,577,6,MOACSA,,7,,36,541
15,128,2,1320,1001,940,61,985,16,OJDULA,,7,,69,916
15,129,2,1241,1040,986,54,1039,1,OJDULA,,7,,32,1007
15,130,2,2105,1740,1662,78,1734,6,OZUN,,7,,82,1652
15,131,2,605,579,501,78,576,3,OZUN,,7,,12,564
15,132,2,542,430,400,30,429,1,OZUN,,7,,14,415
15,133,2,311,306,253,53,302,3,OZUN,,7,,10,292
15,134,2,1414,1140,1054,86,1136,4,POIAN,,7,,19,1117
15,135,2,855,773,684,89,766,7,POIAN,,7,,28,738
15,136,2,1053,788,753,35,783,5,RECI,,7,,22,761
15,137,2,658,517,508,9,516,1,RECI,,7,,1,515
15,138,2,1243,960,921,39,953,7,SANZIENI,,7,,12,941
15,139,2,1108,846,801,45,842,4,SANZIENI,,7,,15,827
15,140,2,662,500,482,18,497,3,SANZIENI,,7,,7,490
15,141,2,464,439,428,11,438,1,SANZIENI,,7,,1,437
15,142,2,1024,853,775,78,844,9,SITA BUZAULUI,,7,,513,331
15,143,2,740,536,483,53,534,2,SITA BUZAULUI,,7,,353,181
15,144,2,741,586,516,70,584,2,SITA BUZAULUI,,7,,477,107
15,145,2,788,603,534,69,602,1,SITA BUZAULUI,,7,,382,220
15,146,2,1645,1323,1260,63,1313,10,TURIA,,7,,43,1270
15,147,2,1084,888,817,71,868,20,TURIA,,7,,12,856
15,148,2,291,287,258,29,286,1,TURIA,,7,,7,279
15,149,2,1455,1208,1085,123,1199,9,VALEA CRISULUI,,7,,17,1182
15,150,2,942,811,685,126,807,4,VALEA CRISULUI,,7,,29,778
15,151,2,218,244,212,32,240,4,VALEA CRISULUI,,7,,165,75
15,152,2,648,666,439,227,656,10,VALCELE,,7,,345,311
15,153,2,1079,762,665,97,743,19,VALCELE,,7,,263,480
15,154,2,360,335,298,37,331,4,VALCELE,,7,,111,220
15,155,2,1571,1337,1265,72,1334,3,VARGHIS,,7,,21,1313
15,156,2,1758,1737,1574,163,1401,10,ZAGON,,7,,70,1331
15,157,2,1394,1093,961,132,1077,16,ZAGON,,7,,841,236
15,158,2,959,805,671,134,799,6,ZAGON,,7,,344,455
15,159,2,1978,1382,1225,157,1364,18,ZABALA,,7,,308,1056
15,160,2,589,453,364,89,443,10,ZABALA,,7,,60,383
15,161,2,534,573,482,91,569,4,ZABALA,,7,,4,565
15,162,2,495,482,421,61,481,1,ZABALA,,7,,9,472
16,1,2,1292,1104,958,146,1100,4,MUNICIPIUL TARGOVISTE,,5,,444,656
16,2,2,1764,1292,1079,213,1290,2,MUNICIPIUL TARGOVISTE,,5,,534,756
16,3,2,1762,1183,1052,131,1173,10,MUNICIPIUL TARGOVISTE,,5,,478,695
16,4,2,1896,1251,1095,156,1249,2,MUNICIPIUL TARGOVISTE,,5,,482,767
16,5,2,2014,1408,1284,124,1394,14,MUNICIPIUL TARGOVISTE,,5,,611,783
16,6,2,1972,1326,1195,131,1321,5,MUNICIPIUL TARGOVISTE,,5,,510,811
16,7,2,1794,1186,1073,113,1180,6,MUNICIPIUL TARGOVISTE,,5,,458,722
16,8,2,1687,1218,1072,146,1214,4,MUNICIPIUL TARGOVISTE,,5,,470,744
16,9,2,1054,857,739,118,853,4,MUNICIPIUL TARGOVISTE,,5,,324,529
16,10,2,1200,918,731,187,907,11,MUNICIPIUL TARGOVISTE,,5,,398,509
16,11,2,1300,1185,868,317,1179,6,MUNICIPIUL TARGOVISTE,,5,,449,730
16,12,2,1218,598,535,63,596,2,MUNICIPIUL TARGOVISTE,,5,,205,391
16,13,2,1601,1005,920,85,997,8,MUNICIPIUL TARGOVISTE,,5,,431,566
16,14,2,1345,972,895,77,971,1,MUNICIPIUL TARGOVISTE,,5,,436,535
16,15,2,1476,972,843,129,965,7,MUNICIPIUL TARGOVISTE,,5,,423,542
16,16,2,1596,1126,953,173,1118,8,MUNICIPIUL TARGOVISTE,,5,,480,638
16,17,2,1993,1262,1109,153,1255,7,MUNICIPIUL TARGOVISTE,,5,,536,719
16,18,2,1694,1191,975,216,1179,12,MUNICIPIUL TARGOVISTE,,5,,488,691
16,19,2,1571,1121,1013,108,1115,6,MUNICIPIUL TARGOVISTE,,5,,479,636
16,20,2,1932,1524,1322,202,1520,4,MUNICIPIUL TARGOVISTE,,5,,588,932
16,21,2,1662,1306,1126,180,1299,7,MUNICIPIUL TARGOVISTE,,5,,437,862
16,22,2,1491,1124,948,176,1118,6,MUNICIPIUL TARGOVISTE,,5,,396,722
16,23,2,1938,1562,1312,250,1558,4,MUNICIPIUL TARGOVISTE,,5,,597,961
16,24,2,1200,1160,724,436,1155,5,MUNICIPIUL TARGOVISTE,,5,,454,701
16,25,2,1663,1274,1147,127,1268,6,MUNICIPIUL TARGOVISTE,,5,,596,672
16,26,2,1078,834,699,135,831,3,MUNICIPIUL TARGOVISTE,,5,,314,517
16,27,2,2049,1639,1412,227,1635,4,MUNICIPIUL TARGOVISTE,,5,,638,997
16,28,2,1400,782,647,135,775,7,MUNICIPIUL TARGOVISTE,,5,,296,479
16,29,2,1597,1230,1044,186,1222,8,MUNICIPIUL TARGOVISTE,,5,,461,761
16,30,2,1441,1029,825,204,1015,14,MUNICIPIUL TARGOVISTE,,5,,427,588
16,31,2,1572,1062,921,141,1057,5,MUNICIPIUL TARGOVISTE,,5,,433,624
16,32,2,1943,1394,1298,96,1393,1,MUNICIPIUL TARGOVISTE,,5,,576,817
16,33,2,1653,1231,1011,220,1225,6,MUNICIPIUL TARGOVISTE,,5,,540,685
16,34,2,1350,1057,832,225,1052,5,MUNICIPIUL TARGOVISTE,,5,,484,568
16,35,2,1844,1003,846,157,996,7,MUNICIPIUL TARGOVISTE,,5,,403,593
16,36,2,1603,1429,975,454,1418,11,MUNICIPIUL TARGOVISTE,,5,,459,959
16,37,2,1014,762,607,155,754,8,MUNICIPIUL TARGOVISTE,,5,,314,440
16,38,2,1782,1271,1065,206,1265,6,MUNICIPIUL TARGOVISTE,,5,,460,805
16,39,2,1870,1325,923,402,1319,6,MUNICIPIUL TARGOVISTE,,5,,571,748
16,40,2,1719,1174,1010,164,1170,4,MUNICIPIUL TARGOVISTE,,5,,422,748
16,41,2,1657,1090,981,109,1084,6,MUNICIPIUL TARGOVISTE,,5,,412,672
16,42,2,1534,1131,930,201,1128,3,MUNICIPIUL TARGOVISTE,,5,,440,688
16,43,2,1615,1269,1016,253,1257,12,MUNICIPIUL TARGOVISTE,,5,,520,737
16,44,2,1385,1226,939,287,1220,6,MUNICIPIUL TARGOVISTE,,5,,423,797
16,45,2,1485,1130,957,173,1123,7,MUNICIPIUL TARGOVISTE,,5,,442,681
16,46,2,1487,1145,1064,81,1127,18,MUNICIPIUL TARGOVISTE,,5,,656,471
16,47,2,558,519,404,115,512,7,MUNICIPIUL TARGOVISTE,,5,,260,252
16,48,2,0,685,0,685,674,11,MUNICIPIUL TARGOVISTE,,5,,366,308
16,49,2,679,695,641,54,635,6,MUNICIPIUL TARGOVISTE,,5,,287,348
16,50,2,0,601,0,601,596,5,MUNICIPIUL TARGOVISTE,,5,,287,309
16,51,2,0,139,0,139,139,0,MUNICIPIUL TARGOVISTE,,5,,49,90
16,52,2,695,552,495,57,546,6,ORAS FIENI,,5,,404,142
16,53,2,786,697,570,127,693,4,ORAS FIENI,,5,,466,227
16,54,2,1157,1005,827,178,996,9,ORAS FIENI,,5,,580,416
16,55,2,2418,1700,1521,179,1691,9,ORAS FIENI,,5,,911,780
16,56,2,1026,815,707,108,811,4,ORAS FIENI,,5,,399,412
16,57,2,1642,1332,1200,132,1320,12,ORAS GAESTI,,5,,645,675
16,58,2,1328,1055,965,90,1049,6,ORAS GAESTI,,5,,639,410
16,59,2,1398,1051,981,70,1043,8,ORAS GAESTI,,5,,538,505
16,60,2,1848,1336,1201,135,1324,12,ORAS GAESTI,,5,,664,660
16,61,2,1982,1294,1167,127,1286,8,ORAS GAESTI,,5,,621,665
16,62,2,1664,1127,1094,33,1126,1,ORAS GAESTI,,5,,595,531
16,63,2,1507,1169,1033,136,1164,5,ORAS GAESTI,,5,,567,597
16,64,2,1485,1221,1023,198,1214,7,ORAS GAESTI,,5,,579,635
16,65,2,280,350,280,70,345,5,ORAS GAESTI,,5,,92,253
16,66,2,1378,1143,910,233,1126,17,ORAS MORENI,,5,,569,557
16,67,2,300,280,230,50,280,0,ORAS MORENI,,5,,126,154
16,68,2,2280,1881,1623,258,1873,8,ORAS MORENI,,5,,917,956
16,69,2,1820,1464,1320,144,1458,6,ORAS MORENI,,5,,707,751
16,70,2,2511,1813,1700,113,1810,3,ORAS MORENI,,5,,777,1033
16,71,2,2382,1788,1664,124,1781,7,ORAS MORENI,,5,,774,1007
16,72,2,1817,1543,1355,188,1528,15,ORAS MORENI,,5,,672,856
16,73,2,1695,1607,1177,430,1600,7,ORAS MORENI,,5,,765,835
16,74,2,1959,1790,1350,440,1787,3,ORAS MORENI,,5,,921,866
16,75,2,1228,953,862,91,945,8,ORAS PUCIOASA,,5,,481,464
16,76,2,833,622,559,63,618,4,ORAS PUCIOASA,,5,,376,242
16,77,2,1352,1166,973,193,1160,6,ORAS PUCIOASA,,5,,449,711
16,78,2,1431,1154,1028,126,1150,4,ORAS PUCIOASA,,5,,471,679
16,79,2,1644,1106,1021,85,1101,5,ORAS PUCIOASA,,5,,475,626
16,80,2,0,99,99,0,99,0,ORAS PUCIOASA,,5,,49,50
16,81,2,0,223,0,223,221,2,ORAS PUCIOASA,,5,,111,110
16,82,2,1194,1021,786,235,1019,2,ORAS PUCIOASA,,5,,383,636
16,83,2,1319,975,873,102,968,7,ORAS PUCIOASA,,5,,411,557
16,84,2,1175,876,789,87,876,0,ORAS PUCIOASA,,5,,417,459
16,85,2,1074,944,766,178,937,7,ORAS PUCIOASA,,5,,496,441
16,86,2,864,704,622,82,701,3,ORAS PUCIOASA,,5,,410,291
16,87,2,163,115,87,28,114,1,ORAS PUCIOASA,,5,,65,49
16,88,2,1329,822,726,96,810,12,ORAS TITU,,5,,457,353
16,89,2,835,603,531,72,590,13,ORAS TITU,,5,,331,259
16,90,2,1250,803,683,120,796,7,ORAS TITU,,5,,465,331
16,91,2,1174,806,621,185,803,3,ORAS TITU,,5,,406,397
16,92,2,1870,1161,1041,120,1156,5,ORAS TITU,,5,,542,614
16,93,2,1905,1213,1044,169,1207,6,ORAS TITU,,5,,568,639
16,94,2,361,372,337,35,366,6,ORAS TITU,,5,,162,204
16,95,2,2233,1262,1240,22,1254,8,ANINOASA,,5,,672,582
16,96,2,828,836,547,289,826,10,ANINOASA,,5,,572,254
16,97,2,1136,1155,750,405,1147,8,ANINOASA,,5,,600,547
16,98,2,65,155,41,114,155,0,ANINOASA,,5,,75,80
16,99,2,10,272,5,267,266,6,ANINOASA,,5,,140,126
16,100,2,1908,1501,1292,209,1501,0,BALENI,,5,,1030,471
16,101,2,1735,1033,929,104,1020,13,BALENI,,5,,750,270
16,102,2,2095,1250,1214,36,1225,25,BALENI,,5,,832,393
16,103,2,805,547,411,136,538,9,BARBULETU,,5,,364,174
16,104,2,1457,953,802,151,944,9,BARBULETU,,5,,567,377
16,105,2,1511,1017,945,72,995,22,BARBULETU,,5,,725,270
16,106,2,1650,908,687,221,898,10,BARBULETU,,5,,573,325
16,107,2,1645,1207,1004,203,1197,10,BEZDEAD,,5,,759,438
16,108,2,1526,1016,871,145,1005,11,BEZDEAD,,5,,675,330
16,109,2,957,764,648,116,757,7,BEZDEAD,,5,,546,211
16,110,2,1291,1107,913,194,1094,13,BILCIURESTI,,5,,658,436
16,111,2,168,164,118,46,163,1,BRANISTEA,,5,,36,127
16,112,2,853,621,518,103,616,5,BRANISTEA,,5,,274,342
16,113,2,1265,913,811,102,906,7,BRANISTEA,,5,,373,533
16,114,2,1208,877,788,89,870,7,BRANISTEA,,5,,438,432
16,115,2,1281,1114,968,146,1105,9,BRANESTI,,5,,605,500
16,116,2,1251,907,763,144,900,7,BRANESTI,,5,,553,347
16,117,2,2054,1505,1434,71,1489,16,BRANESTI,,5,,919,570
16,118,2,1615,1328,1077,251,1324,4,BRANESTI,,5,,858,466
16,119,2,509,739,371,368,737,2,BRANESTI,,5,,439,298
16,120,2,1338,806,685,121,792,14,BREZOAELE,,5,,303,489
16,121,2,1874,965,843,122,952,13,BREZOAELE,,5,,491,461
16,122,2,1384,1055,951,104,1051,4,BUCIUMENI,,5,,590,461
16,123,2,1161,962,882,80,955,7,BUCIUMENI,,5,,653,302
16,124,2,1222,772,715,57,770,2,BUCIUMENI,,5,,450,320
16,125,2,2958,2131,1881,250,2122,9,BUCSANI,,5,,1310,812
16,126,2,1200,840,708,132,832,8,BUCSANI,,5,,461,371
16,127,2,709,703,473,230,699,4,BUCSANI,,5,,432,267
16,128,2,362,328,230,98,326,2,BUCSANI,,5,,255,71
16,129,2,1353,751,615,136,743,8,BUTIMANU,,5,,428,315
16,130,2,375,313,233,80,310,3,BUTIMANU,,5,,201,109
16,131,2,2058,1372,1220,152,1351,21,CIOCANESTI,,5,,637,714
16,132,2,1262,840,691,149,820,20,CIOCANESTI,,5,,493,327
16,133,2,667,504,339,165,496,8,CIOCANESTI,,5,,236,260
16,134,2,1005,706,580,126,698,8,CANDESTI,,5,,435,263
16,135,2,285,215,151,64,212,3,CANDESTI,,5,,128,84
16,136,2,1140,747,660,87,737,10,CANDESTI,,5,,541,196
16,137,2,166,185,106,79,185,0,CANDESTI,,5,,140,45
16,138,2,1295,864,774,90,861,3,COBIA,,5,,437,424
16,139,2,638,501,438,63,499,2,COBIA,,5,,304,195
16,140,2,622,519,426,93,517,2,COBIA,,5,,316,201
16,141,2,1040,766,608,158,745,21,COJASCA,,5,,508,237
16,142,2,1550,776,610,166,741,35,COJASCA,,5,,450,291
16,143,2,1351,825,575,250,817,8,COJASCA,,5,,462,355
16,144,2,2700,1937,1807,130,1926,11,COMISANI,,5,,1234,692
16,145,2,1457,1084,1027,57,1077,7,COMISANI,,5,,602,475
16,146,2,1845,1135,964,171,1124,11,CONTESTI,,5,,519,605
16,147,2,1288,781,625,156,760,21,CONTESTI,,5,,450,310
16,148,2,1710,1091,744,347,1079,12,CORBII MARI,,5,,795,284
16,149,2,1119,710,488,222,692,18,CORBII MARI,,5,,467,225
16,150,2,1024,608,448,160,605,3,CORBII MARI,,5,,422,183
16,151,2,1876,1150,845,305,1124,26,CORBII MARI,,5,,641,483
16,152,2,406,414,263,151,413,1,CORNATELU,,5,,245,168
16,153,2,689,554,402,152,544,10,CORNATELU,,5,,307,237
16,154,2,262,261,200,61,256,5,CORNATELU,,5,,140,116
16,155,2,2200,1395,1116,279,1383,12,CORNESTI,,5,,383,1000
16,156,2,1323,1030,738,292,1022,8,CORNESTI,,5,,549,473
16,157,2,1885,1246,997,249,1234,12,CORNESTI,,5,,431,803
16,158,2,1443,944,863,81,941,3,COSTESTI VALE,,5,,443,498
16,159,2,1059,754,668,86,752,2,COSTESTI VALE,,5,,440,312
16,160,2,2032,1182,810,372,1163,19,CREVEDIA,,5,,678,485
16,161,2,1300,1000,681,319,989,11,CREVEDIA,,5,,478,511
16,162,2,799,712,383,329,702,10,CREVEDIA,,5,,244,458
16,163,2,280,292,138,154,284,8,CREVEDIA,,5,,163,121
16,164,2,1154,874,679,195,866,8,CRANGURILE,,5,,508,358
16,165,2,1100,766,583,183,754,12,CRANGURILE,,5,,505,249
16,166,2,2988,2099,1959,140,2088,11,DARMANESTI,,5,,972,1116
16,167,2,858,719,686,33,707,12,DARMANESTI,,5,,328,379
16,168,2,2155,1678,1618,60,1669,9,DARMANESTI,,5,,746,923
16,169,2,1564,1136,1005,131,1130,6,DOBRA,,5,,647,483
16,170,2,1408,1170,1003,167,1165,5,DOBRA,,5,,791,374
16,171,2,1541,1104,987,117,1097,7,DOICESTI,,5,,779,318
16,172,2,1949,1527,1288,239,1523,4,DOICESTI,,5,,924,599
16,173,2,1294,1005,872,133,998,7,DRAGODANA,,5,,502,496
16,174,2,1035,719,603,116,708,11,DRAGODANA,,5,,366,342
16,175,2,1598,1031,892,139,1021,10,DRAGODANA,,5,,543,478
16,176,2,1048,753,671,82,745,8,DRAGODANA,,5,,463,282
16,177,2,1248,1041,874,167,1025,16,DRAGOMIRESTI,,5,,487,538
16,178,2,1680,1203,1103,100,1193,10,DRAGOMIRESTI,,5,,636,557
16,179,2,1569,1088,965,123,1077,11,DRAGOMIRESTI,,5,,664,413
16,180,2,1253,791,682,109,780,11,DRAGOMIRESTI,,5,,355,425
16,181,2,1153,775,650,125,772,3,FINTA,,5,,320,452
16,182,2,720,632,500,132,623,9,FINTA,,5,,368,255
16,183,2,1780,1380,1226,154,1371,9,FINTA,,5,,928,443
16,184,2,1340,1037,965,72,1029,8,GLODENI,,5,,613,416
16,185,2,1251,831,752,79,815,16,GLODENI,,5,,452,363
16,186,2,699,621,542,79,617,4,GLODENI,,5,,403,214
16,187,2,1813,1217,1095,122,1211,6,GURA FOII,,5,,817,394
16,188,2,2545,1880,1611,269,1870,10,GURA OCNITEI,,5,,814,1056
16,189,2,1564,1221,1059,162,1213,8,GURA OCNITEI,,5,,750,463
16,190,2,1389,1080,946,134,1072,8,GURA OCNITEI,,5,,532,540
16,191,2,2583,1533,1383,150,1521,12,GURA SUTII,,5,,658,863
16,192,2,1428,1124,1038,86,1119,5,GURA SUTII,,5,,670,449
16,193,2,1286,811,696,115,797,14,HULUBESTI,,5,,393,404
16,194,2,1258,940,818,122,934,6,HULUBESTI,,5,,695,239
16,195,2,1445,1138,1064,74,1131,7,IEDERA,,5,,670,461
16,196,2,1409,1154,1038,116,1149,5,IEDERA,,5,,757,392
16,197,2,1376,1189,858,331,1186,3,I. L. CARAGIALE,,5,,750,436
16,198,2,1346,1105,835,270,1104,1,I. L. CARAGIALE,,5,,712,392
16,199,2,2434,1857,1507,350,1849,8,I. L. CARAGIALE,,5,,1052,797
16,200,2,0,865,0,865,860,5,I. L. CARAGIALE,,5,,180,680
16,201,2,1950,1393,1290,103,1385,8,LUCIENI,,5,,837,548
16,202,2,1000,800,734,66,797,3,LUCIENI,,5,,402,395
16,203,2,1417,769,752,17,758,11,LUCIENI,,5,,474,284
16,204,2,428,497,314,183,495,2,LUCIENI,,5,,352,143
16,205,2,1784,1076,916,160,1065,11,LUDESTI,,5,,664,401
16,206,2,1676,1218,1126,92,1187,31,LUDESTI,,5,,662,525
16,207,2,1316,728,550,178,725,3,LUNGULETU,,5,,305,420
16,208,2,1805,1095,884,211,1086,9,LUNGULETU,,5,,336,750
16,209,2,984,669,525,144,650,19,LUNGULETU,,5,,335,315
16,210,2,1310,977,817,160,965,12,MALU CU FLORI,,5,,720,245
16,211,2,923,584,489,95,579,5,MALU CU FLORI,,5,,434,145
16,212,2,997,848,707,141,839,9,MANESTI,,5,,543,296
16,213,2,690,583,446,137,581,2,MANESTI,,5,,372,209
16,214,2,1122,762,630,132,755,7,MANESTI,,5,,489,266
16,215,2,974,747,569,178,743,4,MATASARU,,5,,464,279
16,216,2,1793,1175,986,189,1169,6,MATASARU,,5,,737,432
16,217,2,1539,984,911,73,971,13,MATASARU,,5,,637,334
16,218,2,1378,889,759,130,881,8,MOGOSANI,,5,,549,332
16,219,2,1313,916,702,214,906,10,MOGOSANI,,5,,591,315
16,220,2,818,617,539,78,614,3,MOGOSANI,,5,,390,224
16,221,2,946,723,628,95,723,0,MOROENI,,5,,423,300
16,222,2,1341,961,871,90,955,6,MOROENI,,5,,562,393
16,223,2,1197,901,791,110,888,13,MOROENI,,5,,417,471
16,224,2,76,76,66,10,74,2,MOROENI,,5,,42,32
16,225,2,41,397,25,372,395,2,MOROENI,,5,,138,257
16,226,2,2385,1645,1525,120,1632,13,MORTENI,,5,,1065,567
16,227,2,1282,990,895,95,983,7,MOTAIENI,,5,,557,426
16,228,2,541,414,380,34,412,2,MOTAIENI,,5,,220,192
16,229,2,2352,1156,1018,138,1143,13,NICULESTI,,5,,493,650
16,230,2,735,587,445,142,568,19,NICULESTI,,5,,213,355
16,231,2,1641,1060,922,138,1049,11,NUCET,,5,,638,411
16,232,2,1254,859,833,26,854,5,NUCET,,5,,531,323
16,233,2,386,322,254,68,321,1,NUCET,,5,,141,180
16,234,2,2107,1510,1236,274,1505,5,OCNITA,,5,,566,939
16,235,2,982,653,454,199,642,11,OCNITA,,5,,232,410
16,236,2,1313,896,754,142,880,16,ODOBESTI,,5,,497,383
16,237,2,902,627,424,203,621,6,ODOBESTI,,5,,485,136
16,238,2,1765,1162,939,223,1151,11,ODOBESTI,,5,,836,315
16,239,2,2205,1402,1264,138,1384,18,PETRESTI,,5,,942,442
16,240,2,764,596,577,19,592,4,PETRESTI,,5,,425,167
16,241,2,2263,1464,1381,83,1447,17,PETRESTI,,5,,966,481
16,242,2,1752,1448,1231,217,1444,4,PIETROSITA,,5,,857,587
16,243,2,809,604,522,82,603,1,PIETROSITA,,5,,338,265
16,244,2,1993,1175,1040,135,1160,15,POIANA,,5,,486,674
16,245,2,988,683,608,75,669,14,POIANA,,5,,314,355
16,246,2,2555,1699,1470,229,1689,10,POTLOGI,,5,,935,754
16,247,2,798,576,425,151,575,1,POTLOGI,,5,,375,200
16,248,2,624,568,381,187,564,4,POTLOGI,,5,,379,185
16,249,2,1885,1285,1032,253,1275,10,POTLOGI,,5,,511,764
16,250,2,2081,1206,1070,136,1193,13,PRODULESTI,,5,,654,539
16,251,2,748,566,434,132,561,5,PRODULESTI,,5,,318,243
16,252,2,1903,1399,1307,92,1390,9,PUCHENI,,5,,1064,326
16,253,2,1800,1188,980,208,1182,6,RACARI,,5,,516,666
16,254,2,593,431,315,116,428,3,RACARI,,5,,209,219
16,255,2,795,457,391,66,450,7,RACARI,,5,,202,248
16,256,2,756,660,554,106,655,5,RACARI,,5,,364,291
16,257,2,970,659,564,95,648,11,RACARI,,5,,317,331
16,258,2,675,541,378,163,535,6,RACARI,,5,,302,233
16,259,2,1343,1059,884,175,1053,6,RAZVAD,,5,,528,525
16,260,2,1079,831,704,127,827,4,RAZVAD,,5,,453,374
16,261,2,1091,774,730,44,771,3,RAZVAD,,5,,385,386
16,262,2,992,709,607,102,699,10,RAZVAD,,5,,368,331
16,263,2,1708,1329,1194,135,1323,6,RAZVAD,,5,,658,665
16,264,2,2154,1627,1456,171,1623,4,RUNCU,,5,,1126,497
16,265,2,789,613,576,37,610,3,RUNCU,,5,,407,203
16,266,2,517,506,468,38,502,4,RUNCU,,5,,399,103
16,267,2,1105,600,522,78,590,10,SALCIOARA,,5,,311,279
16,268,2,1122,719,554,165,709,10,SALCIOARA,,5,,423,286
16,269,2,907,619,548,71,608,11,SALCIOARA,,5,,418,190
16,270,2,1734,1131,1005,126,1117,14,SLOBOZIA MOARA,,5,,438,679
16,271,2,1054,728,603,125,714,14,SELARU,,5,,328,386
16,272,2,1253,942,793,149,920,22,SELARU,,5,,700,220
16,273,2,667,498,412,86,491,7,SELARU,,5,,278,213
16,274,2,2246,1629,1441,188,1622,7,SOTANGA,,5,,1171,451
16,275,2,1688,1391,1254,137,1378,13,SOTANGA,,5,,857,521
16,276,2,1100,824,704,120,822,2,SOTANGA,,5,,575,247
16,277,2,1577,1090,970,120,1068,22,TARTASESTI,,5,,517,551
16,278,2,1588,963,858,105,951,12,TARTASESTI,,5,,475,476
16,279,2,791,577,529,48,569,8,TARTASESTI,,5,,322,247
16,280,2,956,772,624,148,767,5,TATARANI,,5,,579,188
16,281,2,1132,967,763,204,965,2,TATARANI,,5,,655,310
16,282,2,1237,915,764,151,911,4,TATARANI,,5,,605,306
16,283,2,852,653,533,120,650,3,TATARANI,,5,,470,180
16,284,2,1146,826,711,115,820,6,ULIESTI,,5,,569,251
16,285,2,1052,786,673,113,785,1,ULIESTI,,5,,610,175
16,286,2,1457,1004,938,66,996,8,ULIESTI,,5,,761,235
16,287,2,1264,909,788,121,906,3,ULMI,,5,,536,370
16,288,2,1481,1100,912,188,1089,11,ULMI,,5,,667,422
16,289,2,1054,840,718,122,838,2,VALEA LUNGA,,5,,477,361
16,290,2,420,333,297,36,330,3,VALEA LUNGA,,5,,169,161
16,291,2,1102,829,718,111,820,9,VALEA LUNGA,,5,,490,330
16,292,2,1054,795,708,87,786,9,VALEA LUNGA,,5,,512,274
16,293,2,382,323,274,49,318,5,VALEA LUNGA,,5,,229,89
16,294,2,1248,859,671,188,857,2,VALEA MARE,,5,,528,329
16,295,2,666,541,421,120,537,4,VALEA MARE,,5,,316,221
16,296,2,1063,795,682,113,792,3,VACARESTI,,5,,455,337
16,297,2,1111,834,679,155,831,3,VACARESTI,,5,,481,350
16,298,2,1070,631,566,65,626,5,VACARESTI,,5,,373,253
16,299,2,1150,806,763,43,796,10,VACARESTI,,5,,508,288
16,300,2,1012,765,730,35,755,10,VACARESTI,,5,,478,277
16,301,2,435,342,268,74,337,5,VACARESTI,,5,,187,150
16,302,2,2239,1535,1404,131,1529,6,VALENI-DAMBOVITA,,5,,1032,497
16,303,2,263,199,144,55,198,1,VALENI-DAMBOVITA,,5,,165,33
16,304,2,1003,668,554,114,658,10,VISINA,,5,,473,185
16,305,2,1471,1040,843,197,1022,18,VISINA,,5,,755,267
16,306,2,1000,711,540,171,704,7,VISINA,,5,,560,144
16,307,2,1850,1521,1386,135,1502,19,VISINA,,5,,712,790
16,308,2,996,763,658,105,757,6,VISINESTI,,5,,412,345
16,309,2,727,544,486,58,535,9,VISINESTI,,5,,302,233
16,310,2,313,244,197,47,243,1,VISINESTI,,5,,142,101
16,311,2,1702,1269,1240,29,1257,12,VARFURI,,5,,839,418
16,312,2,1437,910,744,166,908,2,VOINESTI,,5,,564,344
16,313,2,1424,988,808,180,983,5,VOINESTI,,5,,684,299
16,314,2,1401,989,816,173,984,5,VOINESTI,,5,,664,320
16,315,2,415,450,260,190,444,6,VOINESTI,,5,,298,146
16,316,2,1120,1175,1095,80,1167,8,VULCANA-BAI,,5,,682,485
16,317,2,994,1035,976,59,1028,7,VULCANA-BAI,,5,,581,447
17,1,2,1930,1544,1422,122,1539,5,MUNICIPIUL CRAIOVA,,6,,683,856
17,2,2,2139,1542,1413,129,1536,6,MUNICIPIUL CRAIOVA,,6,,703,833
17,3,2,1863,1327,1237,90,1324,3,MUNICIPIUL CRAIOVA,,6,,625,699
17,4,2,2015,1435,1353,82,1426,9,MUNICIPIUL CRAIOVA,,6,,550,876
17,5,2,2104,1538,1410,128,1527,11,MUNICIPIUL CRAIOVA,,6,,673,854
17,6,2,2101,1626,1531,95,1617,9,MUNICIPIUL CRAIOVA,,6,,592,1025
17,7,2,1903,1595,1505,90,1590,5,MUNICIPIUL CRAIOVA,,6,,631,959
17,8,2,2100,1817,1518,299,1812,5,MUNICIPIUL CRAIOVA,,6,,727,1085
17,9,2,1649,1244,1163,81,1239,5,MUNICIPIUL CRAIOVA,,6,,459,780
17,10,2,1796,1373,1263,110,1372,1,MUNICIPIUL CRAIOVA,,6,,562,810
17,11,2,2262,1566,1417,149,1554,12,MUNICIPIUL CRAIOVA,,6,,695,859
17,12,2,1448,1398,975,423,1396,2,MUNICIPIUL CRAIOVA,,6,,568,828
17,13,2,1574,1427,1077,350,1422,5,MUNICIPIUL CRAIOVA,,6,,524,898
17,14,2,2063,1583,1416,167,1568,15,MUNICIPIUL CRAIOVA,,6,,742,826
17,15,2,2302,1747,1660,87,1742,5,MUNICIPIUL CRAIOVA,,6,,750,992
17,16,2,1891,1333,1247,86,1330,3,MUNICIPIUL CRAIOVA,,6,,525,805
17,17,2,1886,1386,1297,89,1381,5,MUNICIPIUL CRAIOVA,,6,,572,809
17,18,2,2025,1451,1251,200,1445,6,MUNICIPIUL CRAIOVA,,6,,592,853
17,19,2,1011,688,608,80,683,5,MUNICIPIUL CRAIOVA,,6,,289,394
17,20,2,2162,1621,1374,247,1617,4,MUNICIPIUL CRAIOVA,,6,,738,879
17,21,2,1741,1303,1205,98,1301,2,MUNICIPIUL CRAIOVA,,6,,556,745
17,22,2,1350,1051,969,82,1044,7,MUNICIPIUL CRAIOVA,,6,,472,572
17,23,2,1958,1304,1159,145,1293,11,MUNICIPIUL CRAIOVA,,6,,586,707
17,24,2,2139,1514,1401,113,1506,8,MUNICIPIUL CRAIOVA,,6,,600,906
17,25,2,2024,1479,1381,98,1470,9,MUNICIPIUL CRAIOVA,,6,,581,889
17,26,2,2567,1615,1440,175,1584,31,MUNICIPIUL CRAIOVA,,6,,696,888
17,27,2,1763,1227,1065,162,1216,11,MUNICIPIUL CRAIOVA,,6,,517,699
17,28,2,711,645,498,147,640,5,MUNICIPIUL CRAIOVA,,6,,332,308
17,29,2,698,634,469,165,630,4,MUNICIPIUL CRAIOVA,,6,,390,240
17,30,2,2299,1540,1454,86,1534,6,MUNICIPIUL CRAIOVA,,6,,688,846
17,31,2,2165,1516,1432,84,1510,6,MUNICIPIUL CRAIOVA,,6,,609,901
17,32,2,1948,1285,1189,96,1281,4,MUNICIPIUL CRAIOVA,,6,,536,745
17,33,2,2303,1578,1412,166,1575,3,MUNICIPIUL CRAIOVA,,6,,594,981
17,34,2,1800,1365,1267,98,1364,1,MUNICIPIUL CRAIOVA,,6,,539,825
17,35,2,1634,1453,1077,376,1442,11,MUNICIPIUL CRAIOVA,,6,,460,982
17,36,2,1647,1331,1236,95,1324,4,MUNICIPIUL CRAIOVA,,6,,524,800
17,37,2,1310,1043,953,90,1039,4,MUNICIPIUL CRAIOVA,,6,,330,709
17,38,2,1334,996,906,90,988,7,MUNICIPIUL CRAIOVA,,6,,392,596
17,39,2,1855,1060,876,184,1057,3,MUNICIPIUL CRAIOVA,,6,,428,629
17,40,2,2637,1911,1766,145,1906,5,MUNICIPIUL CRAIOVA,,6,,738,1168
17,41,2,2064,1491,1384,107,1478,13,MUNICIPIUL CRAIOVA,,6,,645,833
17,42,2,2365,1610,1528,82,1595,15,MUNICIPIUL CRAIOVA,,6,,789,806
17,43,2,996,832,618,214,820,12,MUNICIPIUL CRAIOVA,,6,,393,427
17,44,2,1924,1101,971,130,1078,23,MUNICIPIUL CRAIOVA,,6,,444,634
17,45,2,1531,922,848,74,908,14,MUNICIPIUL CRAIOVA,,6,,384,524
17,46,2,1998,1463,1360,103,1455,8,MUNICIPIUL CRAIOVA,,6,,545,910
17,47,2,619,733,453,280,731,2,MUNICIPIUL CRAIOVA,,6,,300,431
17,48,2,1937,1499,1263,236,1489,10,MUNICIPIUL CRAIOVA,,6,,594,895
17,49,2,1883,1425,1340,85,1415,10,MUNICIPIUL CRAIOVA,,6,,449,966
17,50,2,2161,1573,1461,112,1568,5,MUNICIPIUL CRAIOVA,,6,,609,959
17,51,2,2254,1699,1482,217,1690,9,MUNICIPIUL CRAIOVA,,6,,697,993
17,52,2,1900,1228,1119,109,1220,8,MUNICIPIUL CRAIOVA,,6,,563,657
17,53,2,1696,1195,1035,160,1185,10,MUNICIPIUL CRAIOVA,,6,,502,683
17,54,2,1937,1340,1215,125,1321,19,MUNICIPIUL CRAIOVA,,6,,621,700
17,55,2,992,695,634,61,690,5,MUNICIPIUL CRAIOVA,,6,,363,327
17,56,2,1954,1362,1270,92,1356,5,MUNICIPIUL CRAIOVA,,6,,611,745
17,57,2,2374,1616,1502,114,1602,14,MUNICIPIUL CRAIOVA,,6,,664,938
17,58,2,2613,1662,1448,214,1657,5,MUNICIPIUL CRAIOVA,,6,,729,928
17,59,2,2438,1683,1572,111,1671,11,MUNICIPIUL CRAIOVA,,6,,756,915
17,60,2,2450,1705,1631,74,1704,1,MUNICIPIUL CRAIOVA,,6,,804,900
17,61,2,2410,1651,1542,109,1645,6,MUNICIPIUL CRAIOVA,,6,,782,863
17,62,2,2157,1463,1368,95,1457,6,MUNICIPIUL CRAIOVA,,6,,674,783
17,63,2,2263,1648,1562,86,1640,8,MUNICIPIUL CRAIOVA,,6,,691,949
17,64,2,1863,1205,1162,43,1198,7,MUNICIPIUL CRAIOVA,,6,,567,631
17,65,2,2388,1580,1440,140,1574,6,MUNICIPIUL CRAIOVA,,6,,751,823
17,66,2,2295,1572,1446,126,1565,7,MUNICIPIUL CRAIOVA,,6,,595,970
17,67,2,2728,1822,1679,143,1810,12,MUNICIPIUL CRAIOVA,,6,,812,998
17,68,2,2002,1308,1242,66,1299,9,MUNICIPIUL CRAIOVA,,6,,552,747
17,69,2,1906,1254,1153,101,1247,7,MUNICIPIUL CRAIOVA,,6,,582,665
17,70,2,2109,1398,1333,65,1392,6,MUNICIPIUL CRAIOVA,,6,,715,677
17,71,2,1936,1382,1284,98,1373,9,MUNICIPIUL CRAIOVA,,6,,642,731
17,72,2,2367,1783,1614,169,1771,12,MUNICIPIUL CRAIOVA,,6,,752,1019
17,73,2,2519,1813,1715,98,1808,5,MUNICIPIUL CRAIOVA,,6,,776,1032
17,74,2,2416,1740,1634,106,1733,7,MUNICIPIUL CRAIOVA,,6,,800,933
17,75,2,2109,1520,1371,149,1514,6,MUNICIPIUL CRAIOVA,,6,,668,846
17,76,2,2312,1434,1338,96,1423,11,MUNICIPIUL CRAIOVA,,6,,593,830
17,77,2,1921,1537,1248,289,1523,14,MUNICIPIUL CRAIOVA,,6,,631,892
17,78,2,2562,1812,1707,105,1811,1,MUNICIPIUL CRAIOVA,,6,,703,1108
17,79,2,2359,1664,1559,105,1662,2,MUNICIPIUL CRAIOVA,,6,,627,1035
17,80,2,2271,1641,1527,114,1630,11,MUNICIPIUL CRAIOVA,,6,,661,969
17,81,2,1938,1387,1258,129,1380,7,MUNICIPIUL CRAIOVA,,6,,557,823
17,82,2,2223,1399,1275,124,1394,5,MUNICIPIUL CRAIOVA,,6,,565,829
17,83,2,1380,981,930,51,976,5,MUNICIPIUL CRAIOVA,,6,,415,561
17,84,2,1990,1238,1090,148,1230,8,MUNICIPIUL CRAIOVA,,6,,525,705
17,85,2,1715,1261,1188,73,1254,7,MUNICIPIUL CRAIOVA,,6,,524,730
17,86,2,1734,1233,1178,55,1231,2,MUNICIPIUL CRAIOVA,,6,,493,738
17,87,2,1970,1437,1329,108,1432,5,MUNICIPIUL CRAIOVA,,6,,560,872
17,88,2,1730,1281,1200,81,1279,2,MUNICIPIUL CRAIOVA,,6,,559,720
17,89,2,1385,1042,924,118,1038,4,MUNICIPIUL CRAIOVA,,6,,441,597
17,90,2,2375,1909,1652,257,1900,9,MUNICIPIUL CRAIOVA,,6,,764,1136
17,91,2,1705,1342,1206,136,1335,7,MUNICIPIUL CRAIOVA,,6,,546,789
17,92,2,1312,1060,966,94,1058,2,MUNICIPIUL CRAIOVA,,6,,449,609
17,93,2,1387,1127,991,136,1125,2,MUNICIPIUL CRAIOVA,,6,,398,727
17,94,2,1835,1435,1290,145,1424,11,MUNICIPIUL CRAIOVA,,6,,595,829
17,95,2,1370,1208,1019,189,1207,1,MUNICIPIUL CRAIOVA,,6,,490,717
17,96,2,1457,1043,885,158,1040,3,MUNICIPIUL CRAIOVA,,6,,453,587
17,97,2,1938,1602,1411,191,1600,2,MUNICIPIUL CRAIOVA,,6,,695,905
17,98,2,2033,1499,1418,81,1496,3,MUNICIPIUL CRAIOVA,,6,,625,871
17,99,2,1926,1361,1226,135,1356,5,MUNICIPIUL CRAIOVA,,6,,615,741
17,100,2,1731,1256,1079,177,1248,8,MUNICIPIUL CRAIOVA,,6,,550,698
17,101,2,1206,889,784,105,881,8,MUNICIPIUL CRAIOVA,,6,,371,510
17,102,2,1366,1175,993,182,1160,15,MUNICIPIUL CRAIOVA,,6,,486,674
17,103,2,752,630,552,78,625,5,MUNICIPIUL CRAIOVA,,6,,321,304
17,104,2,1198,894,813,81,887,7,MUNICIPIUL CRAIOVA,,6,,445,442
17,105,2,977,745,666,79,736,9,MUNICIPIUL CRAIOVA,,6,,346,390
17,106,2,1453,1654,1080,574,1650,4,MUNICIPIUL CRAIOVA,,6,,613,1037
17,107,2,1823,1779,1325,454,1765,14,MUNICIPIUL CRAIOVA,,6,,759,1006
17,108,2,1997,1528,1422,106,1527,1,MUNICIPIUL CRAIOVA,,6,,586,941
17,109,2,1800,1303,1229,74,1299,4,MUNICIPIUL CRAIOVA,,6,,518,781
17,110,2,1620,1263,1171,92,1260,3,MUNICIPIUL CRAIOVA,,6,,516,744
17,111,2,2006,1560,1419,141,1552,8,MUNICIPIUL CRAIOVA,,6,,646,906
17,112,2,1318,1134,958,176,1129,5,MUNICIPIUL CRAIOVA,,6,,495,634
17,113,2,1721,1225,1131,94,1220,5,MUNICIPIUL CRAIOVA,,6,,558,662
17,114,2,1658,1273,1188,85,1269,4,MUNICIPIUL CRAIOVA,,6,,515,754
17,115,2,2125,1518,1455,63,1512,6,MUNICIPIUL CRAIOVA,,6,,646,866
17,116,2,2013,1519,1414,105,1512,7,MUNICIPIUL CRAIOVA,,6,,612,900
17,117,2,2170,1570,1520,50,1566,4,MUNICIPIUL CRAIOVA,,6,,691,875
17,118,2,1969,1404,1357,47,1396,8,MUNICIPIUL CRAIOVA,,6,,621,775
17,119,2,2229,1673,1528,145,1671,2,MUNICIPIUL CRAIOVA,,6,,772,899
17,120,2,2058,1478,1385,93,1473,5,MUNICIPIUL CRAIOVA,,6,,644,829
17,121,2,1862,1380,1249,131,1375,5,MUNICIPIUL CRAIOVA,,6,,617,758
17,122,2,1425,1441,962,479,1431,10,MUNICIPIUL CRAIOVA,,6,,533,898
17,123,2,1420,1090,1011,79,1088,2,MUNICIPIUL CRAIOVA,,6,,449,639
17,124,2,1660,1118,1057,61,1113,5,MUNICIPIUL CRAIOVA,,6,,449,664
17,125,2,1715,1202,1124,78,1196,6,MUNICIPIUL CRAIOVA,,6,,484,712
17,126,2,1460,972,895,77,968,4,MUNICIPIUL CRAIOVA,,6,,403,565
17,127,2,1640,1394,1060,334,1386,8,MUNICIPIUL CRAIOVA,,6,,540,846
17,128,2,1385,1156,941,215,1149,7,MUNICIPIUL CRAIOVA,,6,,471,678
17,129,2,1422,903,828,75,899,4,MUNICIPIUL CRAIOVA,,6,,434,465
17,130,2,1158,790,645,145,782,8,MUNICIPIUL CRAIOVA,,6,,359,423
17,131,2,762,597,435,162,593,4,MUNICIPIUL CRAIOVA,,6,,328,265
17,132,2,0,1148,0,1148,1130,18,MUNICIPIUL CRAIOVA,,6,,556,574
17,133,2,0,283,0,283,277,6,MUNICIPIUL CRAIOVA,,6,,120,157
17,134,2,0,343,0,343,341,2,MUNICIPIUL CRAIOVA,,6,,163,178
17,135,2,228,258,220,38,256,2,MUNICIPIUL CRAIOVA,,6,,121,135
17,136,2,0,681,0,681,671,10,MUNICIPIUL CRAIOVA,,6,,325,346
17,137,2,389,420,379,41,416,4,MUNICIPIUL CRAIOVA,,6,,201,215
17,138,2,0,209,0,209,206,3,MUNICIPIUL CRAIOVA,,6,,89,117
17,139,2,0,139,0,139,138,1,MUNICIPIUL CRAIOVA,,6,,74,64
17,140,2,100,120,99,21,120,0,MUNICIPIUL CRAIOVA,,6,,60,60
17,141,2,503,580,500,80,576,4,MUNICIPIUL CRAIOVA,,6,,257,319
17,142,2,0,576,0,576,568,8,MUNICIPIUL CRAIOVA,,6,,302,266
17,143,2,0,807,0,807,796,11,MUNICIPIUL CRAIOVA,,6,,169,627
17,144,2,1413,1004,916,88,990,14,ORAS BAILESTI,,6,,447,543
17,145,2,1438,945,845,100,940,5,ORAS BAILESTI,,6,,474,466
17,146,2,1320,663,589,74,659,4,ORAS BAILESTI,,6,,343,316
17,147,2,1604,1024,914,110,1019,5,ORAS BAILESTI,,6,,506,513
17,148,2,1292,840,752,88,831,9,ORAS BAILESTI,,6,,483,348
17,149,2,1016,675,650,25,666,9,ORAS BAILESTI,,6,,329,337
17,150,2,1448,1001,908,93,994,7,ORAS BAILESTI,,6,,553,441
17,151,2,1254,875,777,98,869,6,ORAS BAILESTI,,6,,441,428
17,152,2,1317,908,815,93,901,7,ORAS BAILESTI,,6,,443,458
17,153,2,1455,1015,913,102,998,16,ORAS BAILESTI,,6,,569,429
17,154,2,1372,910,854,56,903,7,ORAS BAILESTI,,6,,479,424
17,155,2,1407,998,843,155,987,11,ORAS BAILESTI,,6,,503,484
17,156,2,495,392,332,60,389,3,ORAS BAILESTI,,6,,234,155
17,157,2,515,433,334,99,429,4,ORAS CALAFAT,,6,,272,157
17,158,2,1059,802,693,109,787,15,ORAS CALAFAT,,6,,510,277
17,159,2,2085,1551,1426,125,1542,9,ORAS CALAFAT,,6,,1016,526
17,160,2,2407,1500,1298,202,1495,5,ORAS CALAFAT,,6,,772,723
17,161,2,2040,1435,1328,107,1424,11,ORAS CALAFAT,,6,,882,542
17,162,2,1654,1141,980,161,1129,12,ORAS CALAFAT,,6,,642,487
17,163,2,2012,1250,1147,103,1247,3,ORAS CALAFAT,,6,,617,630
17,164,2,2206,1218,1106,112,1211,7,ORAS CALAFAT,,6,,516,695
17,165,2,2448,1433,1274,159,1432,1,ORAS CALAFAT,,6,,674,758
17,166,2,2203,1487,1396,91,1478,9,ORAS FILIASI,,6,,833,645
17,167,2,2483,1702,1509,193,1690,12,ORAS FILIASI,,6,,888,802
17,168,2,2134,1506,1272,234,1498,8,ORAS FILIASI,,6,,804,694
17,169,2,2816,1911,1663,248,1900,11,ORAS FILIASI,,6,,1048,852
17,170,2,981,726,667,59,722,4,ORAS FILIASI,,6,,542,180
17,171,2,1858,1254,1125,129,1233,21,ORAS FILIASI,,6,,777,456
17,172,2,835,697,619,78,681,16,ORAS FILIASI,,6,,385,296
17,173,2,73,90,71,19,88,2,ORAS FILIASI,,6,,54,34
17,174,2,1974,1315,1224,91,1299,16,ORAS SEGARCEA,,6,,896,403
17,175,2,1299,897,796,101,894,3,ORAS SEGARCEA,,6,,552,342
17,176,2,1704,1145,1071,74,1122,22,ORAS SEGARCEA,,6,,719,403
17,177,2,1422,1022,937,85,1010,12,ORAS SEGARCEA,,6,,689,321
17,178,2,1234,935,835,100,930,5,AFUMATI,,6,,642,288
17,179,2,1046,814,687,127,800,14,AFUMATI,,6,,437,363
17,180,2,535,438,359,79,429,9,AFUMATI,,6,,257,172
17,181,2,1691,1106,945,161,1101,5,ALMAJ,,6,,545,556
17,182,2,1327,960,744,216,954,6,ALMAJ,,6,,655,299
17,183,2,1514,955,832,123,949,6,AMARASTII DE JOS,,6,,472,477
17,184,2,1138,838,541,297,835,3,AMARASTII DE JOS,,6,,537,298
17,185,2,1362,1001,933,68,990,11,AMARASTII DE JOS,,6,,649,341
17,186,2,522,422,362,60,411,11,AMARASTII DE JOS,,6,,388,23
17,187,2,2037,1260,1059,201,1248,12,AMARASTII DE SUS,,6,,779,469
17,188,2,1164,1056,828,228,1046,10,AMARASTII DE SUS,,6,,437,609
17,189,2,2051,1376,1137,239,1359,17,APELE VII,,6,,869,490
17,190,2,1824,1176,924,252,1157,19,ARGETOAIA,,6,,866,291
17,191,2,1071,760,671,89,740,20,ARGETOAIA,,6,,398,342
17,192,2,482,305,242,63,301,4,ARGETOAIA,,6,,189,112
17,193,2,356,289,217,72,276,13,ARGETOAIA,,6,,184,92
17,194,2,696,564,387,177,560,4,BECHET,,6,,373,187
17,195,2,2330,1396,1144,252,1389,7,BECHET,,6,,905,484
17,196,2,1435,842,662,180,828,14,BISTRET,,6,,524,304
17,197,2,1404,803,597,206,794,9,BISTRET,,6,,447,347
17,198,2,892,595,486,109,587,8,BISTRET,,6,,448,139
17,199,2,1923,1260,1063,197,1250,10,BARCA,,6,,958,292
17,200,2,1753,1068,883,185,1062,6,BARCA,,6,,759,303
17,201,2,924,712,610,102,698,14,BOTOSESTI-PAIA,,6,,483,215
17,202,2,597,445,354,91,442,3,BRABOVA,,6,,372,70
17,203,2,491,393,345,48,387,6,BRABOVA,,6,,270,117
17,204,2,446,397,341,56,386,11,BRABOVA,,6,,288,98
17,205,2,240,204,174,30,203,1,BRABOVA,,6,,138,65
17,206,2,1317,929,659,270,918,11,BRADESTI,,6,,555,363
17,207,2,407,325,220,105,319,6,BRADESTI,,6,,198,121
17,208,2,751,514,398,116,507,7,BRADESTI,,6,,350,157
17,209,2,666,605,469,136,600,5,BRADESTI,,6,,377,223
17,210,2,214,136,77,59,134,2,BRADESTI,,6,,96,38
17,211,2,1794,1208,1073,135,1191,17,BRALOSTITA,,6,,942,249
17,212,2,940,615,528,87,605,5,BRALOSTITA,,6,,404,201
17,213,2,1049,746,549,197,732,14,BRATOVOESTI,,6,,491,241
17,214,2,736,533,385,148,524,9,BRATOVOESTI,,6,,377,147
17,215,2,519,399,312,87,397,2,BRATOVOESTI,,6,,322,75
17,216,2,518,425,347,78,424,1,BRATOVOESTI,,6,,306,118
17,217,2,1405,964,782,182,938,26,BRATOVOESTI,,6,,726,212
17,218,2,439,467,301,166,461,6,BRATOVOESTI,,6,,321,140
17,219,2,1503,900,776,124,888,12,BREASTA,,6,,444,444
17,220,2,1297,803,688,115,784,19,BREASTA,,6,,390,394
17,221,2,1255,887,693,194,878,9,BUCOVAT,,6,,406,472
17,222,2,407,417,223,194,415,2,BUCOVAT,,6,,201,214
17,223,2,662,465,357,108,458,7,BUCOVAT,,6,,214,244
17,224,2,682,464,359,105,451,13,BUCOVAT,,6,,265,186
17,225,2,802,615,470,145,605,10,BULZESTI,,6,,441,164
17,226,2,916,587,461,126,579,7,BULZESTI,,6,,357,222
17,227,2,1158,740,609,131,734,6,CALOPAR,,6,,396,338
17,228,2,634,500,410,90,481,19,CALOPAR,,6,,303,178
17,229,2,1149,700,573,127,684,16,CALOPAR,,6,,366,318
17,230,2,2040,1442,1271,171,1434,8,CARAULA,,6,,885,549
17,231,2,1150,1271,1146,125,1263,8,CARPEN,,6,,1014,249
17,232,2,1453,1060,925,135,1007,53,CARPEN,,6,,802,205
17,233,2,1589,1069,887,182,1049,20,CASTRANOVA,,6,,617,432
17,234,2,1214,961,782,179,946,15,CASTRANOVA,,6,,616,330
17,235,2,2146,1331,1166,165,1324,7,CALARASI,,6,,756,568
17,236,2,1587,1203,1042,161,1197,6,CALARASI,,6,,605,592
17,237,2,1687,1261,1084,177,1246,15,CALARASI,,6,,737,509
17,238,2,1084,651,570,81,641,10,CELARU,,6,,450,191
17,239,2,1309,726,628,98,715,11,CELARU,,6,,462,253
17,240,2,1472,994,807,187,965,29,CELARU,,6,,609,356
17,241,2,680,504,394,110,493,11,CELARU,,6,,357,136
17,242,2,1892,1384,1223,161,1365,19,CERAT,,6,,908,457
17,243,2,1068,793,645,148,777,16,CERAT,,6,,415,362
17,244,2,662,451,384,67,446,5,CERNATESTI,,6,,329,117
17,245,2,472,456,333,123,451,5,CERNATESTI,,6,,308,143
17,246,2,818,545,477,68,539,6,CERNATESTI,,6,,315,224
17,247,2,1767,1160,1001,159,1139,21,CETATE,,6,,686,453
17,248,2,1519,1073,815,258,1059,14,CETATE,,6,,620,439
17,249,2,955,700,565,135,692,8,CETATE,,6,,431,261
17,250,2,637,494,432,62,483,11,CETATE,,6,,350,133
17,251,2,1187,781,645,136,769,12,CIOROIASI,,6,,300,469
17,252,2,574,440,351,89,436,4,CIOROIASI,,6,,303,133
17,253,2,1989,1467,1254,213,1452,15,CIUPERCENII NOI,,6,,855,597
17,254,2,1628,1089,912,177,1073,16,CIUPERCENII NOI,,6,,665,408
17,255,2,1230,996,840,156,991,5,CIUPERCENII NOI,,6,,659,332
17,256,2,1767,1339,1132,207,1313,26,COSOVENI,,6,,650,663
17,257,2,634,572,384,188,561,11,COSOVENI,,6,,272,289
17,258,2,1188,883,736,147,867,16,COSOVENI,,6,,489,378
17,259,2,989,754,689,65,740,14,COTOFENII DIN DOS,,6,,454,286
17,260,2,1130,840,765,75,828,12,COTOFENII DIN DOS,,6,,516,312
17,261,2,2014,1056,922,134,1044,12,DANETI,,6,,555,489
17,262,2,1757,920,789,131,910,10,DANETI,,6,,492,418
17,263,2,1209,881,685,196,866,15,DANETI,,6,,537,329
17,264,2,983,722,551,171,714,8,DANETI,,6,,463,251
17,265,2,1775,1282,1120,162,1267,15,DABULENI,,6,,858,409
17,266,2,2207,1477,1257,220,1466,11,DABULENI,,6,,937,529
17,267,2,1315,1040,792,248,1022,18,DABULENI,,6,,678,344
17,268,2,1907,1298,1106,192,1279,19,DABULENI,,6,,888,391
17,269,2,1531,1101,939,162,1090,11,DABULENI,,6,,716,374
17,270,2,1553,1131,917,214,1121,10,DABULENI,,6,,743,378
17,271,2,1354,991,795,196,977,14,DABULENI,,6,,666,311
17,272,2,2004,1114,1049,65,1104,10,DESA,,6,,755,349
17,273,2,1750,1171,1085,86,1164,7,DESA,,6,,860,304
17,274,2,1046,825,723,102,813,12,DIOSTI,,6,,401,412
17,275,2,671,539,449,90,524,15,DIOSTI,,6,,320,204
17,276,2,914,770,645,125,764,6,DIOSTI,,6,,556,208
17,277,2,917,655,536,119,647,8,DOBRESTI,,6,,439,208
17,278,2,485,427,313,114,421,6,DOBRESTI,,6,,318,103
17,279,2,857,594,482,112,581,13,DOBRESTI,,6,,433,148
17,280,2,1301,1034,859,175,1017,17,DRAGOTESTI,,6,,758,259
17,281,2,704,674,499,175,667,7,DRAGOTESTI,,6,,464,203
17,282,2,1404,928,787,141,925,3,DRANIC,,6,,574,351
17,283,2,933,651,572,79,644,7,DRANIC,,6,,411,233
17,284,2,430,292,258,34,284,8,DRANIC,,6,,204,80
17,285,2,1586,977,796,181,960,17,FARCAS,,6,,679,281
17,286,2,889,661,460,201,648,13,FARCAS,,6,,419,229
17,287,2,1420,948,825,123,931,17,GALICEA MARE,,6,,501,430
17,288,2,1158,728,655,73,722,6,GALICEA MARE,,6,,376,346
17,289,2,1427,917,816,101,905,12,GALICEA MARE,,6,,501,404
17,290,2,1036,859,743,116,843,16,GHERCESTI,,6,,392,451
17,291,2,468,379,318,61,379,0,GHERCESTI,,6,,255,124
17,292,2,1157,790,598,192,784,6,GIGHERA,,6,,512,272
17,293,2,1147,886,710,176,881,5,GIGHERA,,6,,647,234
17,294,2,872,649,523,126,635,14,GIGHERA,,6,,386,249
17,295,2,990,736,614,122,731,5,GIUBEGA,,6,,409,322
17,296,2,1106,785,656,129,779,6,GIUBEGA,,6,,490,289
17,297,2,1414,939,785,154,929,10,GIUBEGA,,6,,512,417
17,298,2,545,645,367,278,635,10,GIURGITA,,6,,449,186
17,299,2,1626,905,757,148,902,3,GIURGITA,,6,,663,239
17,300,2,610,444,332,112,439,5,GIURGITA,,6,,304,135
17,301,2,1567,943,830,113,925,18,GANGIOVA,,6,,625,300
17,302,2,1003,707,570,137,705,2,GANGIOVA,,6,,498,207
17,303,2,719,518,414,104,514,4,GOGOSU,,6,,317,197
17,304,2,349,283,235,48,280,3,GOGOSU,,6,,193,87
17,305,2,1059,841,624,217,831,10,GOICEA,,6,,537,294
17,306,2,1902,1101,959,142,1089,12,GOICEA,,6,,745,344
17,307,2,1425,957,825,132,936,21,GOICEA,,6,,649,287
17,308,2,1458,919,682,237,905,14,GOIESTI,,6,,549,356
17,309,2,545,449,283,166,438,11,GOIESTI,,6,,298,140
17,310,2,658,439,315,124,430,9,GOIESTI,,6,,263,167
17,311,2,983,625,509,116,613,12,GRECESTI,,6,,349,264
17,312,2,770,496,356,140,484,12,GRECESTI,,6,,334,150
17,313,2,1515,1095,958,137,1082,13,ISALNITA,,6,,502,580
17,314,2,1443,1106,973,133,1086,20,ISALNITA,,6,,496,590
17,315,2,1432,919,785,134,908,11,IZVOARE,,6,,552,356
17,316,2,371,328,255,73,324,4,IZVOARE,,6,,177,147
17,317,2,1798,1218,1102,116,1197,21,LEU,,6,,783,414
17,318,2,1817,1152,1055,97,1120,32,LEU,,6,,760,360
17,319,2,1128,828,716,112,816,12,LEU,,6,,411,405
17,320,2,1273,609,529,80,600,9,LIPOVU,,6,,318,282
17,321,2,1058,601,477,124,598,3,LIPOVU,,6,,303,295
17,322,2,1149,873,772,101,861,12,MACESU DE JOS,,6,,638,223
17,323,2,400,342,284,58,341,1,MACESU DE JOS,,6,,239,102
17,324,2,1620,1121,995,126,1109,9,MACESU DE SUS,,6,,584,525
17,325,2,1373,1437,1321,116,1420,17,MAGLAVIT,,6,,914,506
17,326,2,1993,1855,1798,57,1844,11,MAGLAVIT,,6,,1203,641
17,327,2,1435,1141,884,257,1135,6,MAGLAVIT,,6,,776,359
17,328,2,1367,881,703,178,866,15,MALU MARE,,6,,450,416
17,329,2,693,662,485,177,659,3,MALU MARE,,6,,334,325
17,330,2,1558,1375,1171,204,1345,30,MALU MARE,,6,,655,690
17,331,2,783,870,414,456,864,6,MELINESTI,,6,,598,266
17,332,2,1511,965,707,258,951,14,MELINESTI,,6,,697,254
17,333,2,950,524,379,145,518,6,MELINESTI,,6,,313,205
17,334,2,1056,740,634,106,722,18,MISCHII,,6,,332,390
17,335,2,581,459,341,118,451,8,MISCHII,,6,,234,217
17,336,2,1576,998,962,36,988,10,MARSANI,,6,,693,295
17,337,2,1664,959,905,54,954,5,MARSANI,,6,,635,319
17,338,2,1294,1130,1058,72,1122,8,MARSANI,,6,,783,339
17,339,2,763,600,515,85,593,7,MOTATEI,,6,,351,242
17,340,2,1988,1311,1206,105,1296,15,MOTATEI,,6,,822,474
17,341,2,1628,1049,964,85,1046,3,MOTATEI,,6,,645,401
17,342,2,1853,1270,1192,78,1247,23,MOTATEI,,6,,639,608
17,343,2,771,598,513,85,590,8,MOTATEI,,6,,404,186
17,344,2,1004,796,655,141,788,8,MURGASI,,6,,489,299
17,345,2,856,499,427,72,493,6,MURGASI,,6,,362,131
17,346,2,511,384,268,116,382,2,MURGASI,,6,,183,199
17,347,2,976,678,570,108,672,6,NEGOI,,6,,533,139
17,348,2,827,547,419,128,535,12,NEGOI,,6,,391,144
17,349,2,1523,919,787,132,902,17,NEGOI,,6,,574,328
17,350,2,849,656,561,95,647,9,ORODEL,,6,,388,259
17,351,2,743,439,344,95,427,12,ORODEL,,6,,271,156
17,352,2,1040,760,597,163,748,12,ORODEL,,6,,534,214
17,353,2,1505,1383,1089,294,1355,28,OSTROVENI,,6,,1107,248
17,354,2,1555,1223,930,293,1212,11,OSTROVENI,,6,,905,307
17,355,2,650,509,370,139,507,2,OSTROVENI,,6,,379,128
17,356,2,1466,908,708,200,892,16,OSTROVENI,,6,,464,428
17,357,2,1334,857,680,177,843,14,PERISOR,,6,,460,383
17,358,2,245,199,131,68,198,1,PERISOR,,6,,82,116
17,359,2,1200,880,734,146,873,7,PIELESTI,,6,,438,435
17,360,2,918,654,511,143,645,9,PIELESTI,,6,,351,294
17,361,2,722,677,579,98,651,26,PIELESTI,,6,,468,183
17,362,2,2092,1430,1225,205,1404,26,PISCU VECHI,,6,,826,578
17,363,2,1843,1177,965,212,1168,9,PISCU VECHI,,6,,585,583
17,364,2,270,221,177,44,217,4,PISCU VECHI,,6,,183,34
17,365,2,2017,1320,1024,296,1309,11,PLENITA,,6,,589,720
17,366,2,1529,898,668,230,884,14,PLENITA,,6,,412,472
17,367,2,792,603,457,146,596,7,PLENITA,,6,,413,183
17,368,2,0,256,0,256,251,5,PLENITA,,6,,150,101
17,369,2,2218,1596,1335,261,1596,0,POIANA MARE,,6,,1131,465
17,370,2,1162,822,628,194,816,6,POIANA MARE,,6,,543,273
17,371,2,1529,891,678,213,887,4,POIANA MARE,,6,,591,296
17,372,2,1472,1058,823,235,1052,6,POIANA MARE,,6,,743,309
17,373,2,2057,1485,1212,273,1474,11,POIANA MARE,,6,,1057,417
17,374,2,1200,938,753,185,930,8,POIANA MARE,,6,,640,290
17,375,2,456,411,310,101,409,2,POIANA MARE,,6,,316,93
17,376,2,794,559,423,136,551,8,PODARI,,6,,290,261
17,377,2,1237,987,837,150,974,13,PODARI,,6,,538,436
17,378,2,1621,1162,893,269,1152,10,PODARI,,6,,555,597
17,379,2,954,695,520,175,686,9,PODARI,,6,,436,250
17,380,2,1777,1227,1096,131,1210,17,PREDESTI,,6,,780,430
17,381,2,1232,747,618,129,737,10,PREDESTI,,6,,437,300
17,382,2,863,750,576,174,735,15,RADOVAN,,6,,447,288
17,383,2,1489,1034,840,194,1011,23,RADOVAN,,6,,600,411
17,384,2,216,303,162,141,296,7,RADOVAN,,6,,179,117
17,385,2,1506,910,822,88,900,10,RAST,,6,,481,419
17,386,2,1606,1039,933,106,1019,20,RAST,,6,,542,477
17,387,2,947,700,566,134,694,6,ROBANESTI,,6,,470,224
17,388,2,1405,829,696,133,815,14,ROBANESTI,,6,,491,324
17,389,2,1232,779,588,191,772,7,SADOVA,,6,,573,199
17,390,2,2291,1684,1401,283,1627,57,SADOVA,,6,,1160,467
17,391,2,1292,1065,810,255,1043,22,SADOVA,,6,,581,462
17,392,2,1105,885,653,232,873,12,SADOVA,,6,,633,240
17,393,2,1211,733,592,141,725,8,SALCUTA,,6,,459,266
17,394,2,807,486,473,13,469,17,SALCUTA,,6,,335,134
17,395,2,1064,759,644,115,752,7,SCAESTI,,6,,466,286
17,396,2,733,600,527,73,591,9,SCAESTI,,6,,422,169
17,397,2,1003,863,741,122,859,4,SEACA DE CAMP,,6,,559,300
17,398,2,993,731,587,144,717,14,SEACA DE CAMP,,6,,509,208
17,399,2,812,478,399,79,470,8,SEACA DE PADURE,,6,,362,108
17,400,2,620,385,328,57,376,9,SEACA DE PADURE,,6,,289,87
17,401,2,1162,673,576,97,663,10,SECU,,6,,391,272
17,402,2,1593,1176,998,178,1163,13,SILISTEA CRUCII,,6,,497,666
17,403,2,608,461,422,39,454,7,SOPOT,,6,,358,96
17,404,2,142,145,121,24,141,4,SOPOT,,6,,93,48
17,405,2,900,559,498,61,543,16,SOPOT,,6,,378,165
17,406,2,354,306,237,69,301,4,SOPOT,,6,,216,85
17,407,2,1415,893,751,142,881,12,SIMNICU DE SUS,,6,,420,461
17,408,2,1910,1364,1168,196,1345,19,SIMNICU DE SUS,,6,,791,554
17,409,2,1534,1169,979,190,1159,10,TEASC,,6,,678,481
17,410,2,1090,818,725,93,800,18,TEASC,,6,,396,404
17,411,2,347,301,213,88,298,3,TERPEZITA,,6,,149,149
17,412,2,1006,714,574,140,705,9,TERPEZITA,,6,,434,271
17,413,2,441,342,267,75,338,4,TERPEZITA,,6,,205,133
17,414,2,1205,907,760,147,895,12,TESLUI,,6,,628,267
17,415,2,864,652,574,78,646,6,TESLUI,,6,,491,155
17,416,2,340,317,242,75,312,5,TESLUI,,6,,180,132
17,417,2,2100,1511,1364,147,1495,16,TUGLUI,,6,,862,633
17,418,2,201,205,155,50,204,1,TUGLUI,,6,,166,38
17,419,2,1652,1116,927,189,1097,19,UNIREA,,6,,540,557
17,420,2,1425,983,824,159,976,7,UNIREA,,6,,482,494
17,421,2,2010,1287,1097,190,1276,11,URZICUTA,,6,,849,427
17,422,2,514,454,378,76,440,14,URZICUTA,,6,,285,155
17,423,2,774,552,448,104,545,7,VALEA STANCIULUI,,6,,337,208
17,424,2,825,491,383,108,486,5,VALEA STANCIULUI,,6,,327,159
17,425,2,1599,1000,814,186,994,6,VALEA STANCIULUI,,6,,611,383
17,426,2,1540,928,796,132,923,5,VALEA STANCIULUI,,6,,657,266
17,427,2,827,591,462,129,587,4,VALEA STANCIULUI,,6,,420,167
17,428,2,704,428,361,67,419,9,VELA,,6,,296,123
17,429,2,611,412,330,82,403,9,VELA,,6,,264,139
17,430,2,601,374,287,87,368,6,VELA,,6,,145,223
17,431,2,1382,864,762,102,854,10,VERBITA,,6,,564,290
17,432,2,1587,1132,1026,106,1124,8,VARTOP,,6,,763,361
17,433,2,826,548,399,149,544,4,VARVORU DE JOS,,6,,389,155
17,434,2,771,587,504,83,576,11,VARVORU DE JOS,,6,,365,211
17,435,2,1254,765,598,167,745,20,VARVORU DE JOS,,6,,583,162
18,1,2,1581,1320,1205,115,1317,3,MUNICIPIUL GALATI,,4,,609,708
18,2,2,1427,1265,1135,130,1260,5,MUNICIPIUL GALATI,,4,,566,694
18,3,2,1550,1260,1199,61,1259,1,MUNICIPIUL GALATI,,4,,465,794
18,4,2,1382,1118,1016,102,1117,1,MUNICIPIUL GALATI,,4,,425,692
18,5,2,1667,1354,1264,90,1351,2,MUNICIPIUL GALATI,,4,,523,828
18,6,2,1506,1251,1142,109,1240,11,MUNICIPIUL GALATI,,4,,506,734
18,7,2,1891,1576,1431,145,1572,4,MUNICIPIUL GALATI,,4,,533,1039
18,8,2,1750,1415,1360,55,1410,5,MUNICIPIUL GALATI,,4,,454,956
18,9,2,1905,1505,1462,43,1502,3,MUNICIPIUL GALATI,,4,,536,966
18,10,2,1993,1512,1436,76,1504,8,MUNICIPIUL GALATI,,4,,540,964
18,11,2,1499,1190,1105,85,1182,8,MUNICIPIUL GALATI,,4,,518,664
18,12,2,1303,1026,966,60,1021,5,MUNICIPIUL GALATI,,4,,391,630
18,13,2,1823,1020,910,110,1014,6,MUNICIPIUL GALATI,,4,,409,605
18,14,2,1299,1020,938,82,1016,4,MUNICIPIUL GALATI,,4,,385,631
18,15,2,1332,1018,944,74,1016,2,MUNICIPIUL GALATI,,4,,436,580
18,16,2,1377,994,935,59,991,3,MUNICIPIUL GALATI,,4,,386,605
18,17,2,1463,1200,1120,80,1199,1,MUNICIPIUL GALATI,,4,,419,780
18,18,2,1637,1279,1188,91,1274,5,MUNICIPIUL GALATI,,4,,524,750
18,19,2,1761,1323,1267,56,1321,2,MUNICIPIUL GALATI,,4,,530,791
18,20,2,1508,1087,1015,72,1082,5,MUNICIPIUL GALATI,,4,,478,604
18,21,2,1748,1565,1196,369,1554,11,MUNICIPIUL GALATI,,4,,650,904
18,22,2,1733,1157,1041,116,1153,4,MUNICIPIUL GALATI,,4,,529,624
18,23,2,1531,1096,980,116,1090,6,MUNICIPIUL GALATI,,4,,476,614
18,24,2,1991,1487,1370,117,1479,8,MUNICIPIUL GALATI,,4,,627,852
18,25,2,2056,1607,1491,116,1599,8,MUNICIPIUL GALATI,,4,,678,921
18,26,2,1707,1254,1188,66,1241,12,MUNICIPIUL GALATI,,4,,546,695
18,27,2,1499,1142,1005,137,1135,7,MUNICIPIUL GALATI,,4,,432,703
18,28,2,1372,1074,973,101,1067,7,MUNICIPIUL GALATI,,4,,461,606
18,29,2,2185,1647,1541,106,1632,15,MUNICIPIUL GALATI,,4,,657,975
18,30,2,1873,1383,1323,60,1376,7,MUNICIPIUL GALATI,,4,,594,782
18,31,2,1593,1342,1162,180,1330,12,MUNICIPIUL GALATI,,4,,586,744
18,32,2,1582,1248,1114,134,1243,5,MUNICIPIUL GALATI,,4,,524,719
18,33,2,1804,1384,1226,158,1378,6,MUNICIPIUL GALATI,,4,,581,797
18,34,2,283,282,190,92,280,2,MUNICIPIUL GALATI,,4,,109,171
18,35,2,2421,1946,1736,210,1940,6,MUNICIPIUL GALATI,,4,,856,1084
18,36,2,2233,1721,1596,125,1717,4,MUNICIPIUL GALATI,,4,,705,1012
18,37,2,2126,1675,1545,130,1667,8,MUNICIPIUL GALATI,,4,,620,1047
18,38,2,2093,1630,1550,80,1629,1,MUNICIPIUL GALATI,,4,,668,961
18,39,2,1666,1322,1205,117,1312,10,MUNICIPIUL GALATI,,4,,520,792
18,40,2,1666,1316,1245,71,1311,5,MUNICIPIUL GALATI,,4,,558,753
18,41,2,1752,1371,1299,72,1366,5,MUNICIPIUL GALATI,,4,,569,797
18,42,2,1581,1233,1166,67,1226,7,MUNICIPIUL GALATI,,4,,421,805
18,43,2,1924,1617,1365,252,1608,9,MUNICIPIUL GALATI,,4,,794,814
18,44,2,1685,1361,1243,118,1350,11,MUNICIPIUL GALATI,,4,,500,850
18,45,2,1656,1225,1115,110,1217,8,MUNICIPIUL GALATI,,4,,508,709
18,46,2,1499,1161,1101,60,1158,3,MUNICIPIUL GALATI,,4,,544,614
18,47,2,2005,1549,1472,77,1542,7,MUNICIPIUL GALATI,,4,,639,903
18,48,2,2106,1410,1345,65,1404,6,MUNICIPIUL GALATI,,4,,552,852
18,49,2,1564,1219,1155,64,1216,3,MUNICIPIUL GALATI,,4,,456,760
18,50,2,1708,1280,1178,102,1271,9,MUNICIPIUL GALATI,,4,,522,749
18,51,2,1832,1314,1201,113,1309,5,MUNICIPIUL GALATI,,4,,594,715
18,52,2,1535,1460,1051,409,1454,6,MUNICIPIUL GALATI,,4,,536,918
18,53,2,1687,1271,1110,161,1265,6,MUNICIPIUL GALATI,,4,,489,776
18,54,2,1954,1517,1384,133,1514,3,MUNICIPIUL GALATI,,4,,599,915
18,55,2,1995,1461,1296,165,1454,7,MUNICIPIUL GALATI,,4,,614,840
18,56,2,2200,1571,1401,170,1568,3,MUNICIPIUL GALATI,,4,,540,1028
18,57,2,1794,1381,1262,119,1376,5,MUNICIPIUL GALATI,,4,,529,847
18,58,2,1795,1353,1273,80,1343,8,MUNICIPIUL GALATI,,4,,558,785
18,59,2,1919,1436,1362,74,1426,10,MUNICIPIUL GALATI,,4,,625,801
18,60,2,2042,1550,1420,130,1544,6,MUNICIPIUL GALATI,,4,,663,881
18,61,2,1990,1535,1428,107,1529,6,MUNICIPIUL GALATI,,4,,651,878
18,62,2,1834,1360,1241,119,1352,8,MUNICIPIUL GALATI,,4,,542,810
18,63,2,1855,1333,1282,51,1325,8,MUNICIPIUL GALATI,,4,,537,788
18,64,2,1649,1294,1179,115,1290,4,MUNICIPIUL GALATI,,4,,533,757
18,65,2,1697,1317,1209,108,1314,3,MUNICIPIUL GALATI,,4,,544,770
18,66,2,1572,1248,1124,124,1244,4,MUNICIPIUL GALATI,,4,,478,766
18,67,2,1843,1352,1216,136,1342,10,MUNICIPIUL GALATI,,4,,596,746
18,68,2,2467,1888,1744,144,1874,12,MUNICIPIUL GALATI,,4,,737,1137
18,69,2,1575,1195,1107,88,1191,4,MUNICIPIUL GALATI,,4,,479,712
18,70,2,1681,1317,1192,125,1311,6,MUNICIPIUL GALATI,,4,,469,842
18,71,2,1581,1189,1115,74,1182,7,MUNICIPIUL GALATI,,4,,462,720
18,72,2,1895,1517,1437,80,1514,3,MUNICIPIUL GALATI,,4,,534,980
18,73,2,1536,1143,1089,54,1137,6,MUNICIPIUL GALATI,,4,,475,662
18,74,2,1893,1428,1286,142,1425,3,MUNICIPIUL GALATI,,4,,574,851
18,75,2,629,1428,388,1040,1421,7,MUNICIPIUL GALATI,,4,,617,804
18,76,2,1984,1556,1448,108,1548,8,MUNICIPIUL GALATI,,4,,630,918
18,77,2,1557,1171,1058,113,1167,4,MUNICIPIUL GALATI,,4,,529,638
18,78,2,2221,1710,1612,98,1695,8,MUNICIPIUL GALATI,,4,,742,953
18,79,2,1598,1213,1079,134,1205,8,MUNICIPIUL GALATI,,4,,548,657
18,80,2,1468,1229,1119,110,1216,13,MUNICIPIUL GALATI,,4,,499,717
18,81,2,1718,1212,1145,67,1206,6,MUNICIPIUL GALATI,,4,,579,627
18,82,2,1493,1099,1026,73,1092,7,MUNICIPIUL GALATI,,4,,480,612
18,83,2,242,245,137,108,241,4,MUNICIPIUL GALATI,,4,,127,114
18,84,2,1672,1243,1084,159,1234,9,MUNICIPIUL GALATI,,4,,521,713
18,85,2,1836,1305,1236,69,1294,11,MUNICIPIUL GALATI,,4,,584,710
18,86,2,1664,1304,1205,99,1296,8,MUNICIPIUL GALATI,,4,,581,715
18,87,2,1833,1336,1241,95,1327,9,MUNICIPIUL GALATI,,4,,578,749
18,88,2,1828,1378,1293,85,1377,1,MUNICIPIUL GALATI,,4,,618,759
18,89,2,1642,1433,1114,319,1423,10,MUNICIPIUL GALATI,,4,,622,801
18,90,2,2201,1919,1511,408,1902,17,MUNICIPIUL GALATI,,4,,884,1018
18,91,2,2054,1549,1453,96,1540,9,MUNICIPIUL GALATI,,4,,656,884
18,92,2,1783,1347,1233,114,1344,3,MUNICIPIUL GALATI,,4,,591,753
18,93,2,1554,1289,1061,228,1282,7,MUNICIPIUL GALATI,,4,,478,804
18,94,2,1810,1293,1168,125,1282,11,MUNICIPIUL GALATI,,4,,528,754
18,95,2,1907,1352,1170,182,1346,6,MUNICIPIUL GALATI,,4,,512,834
18,96,2,2117,2176,1359,817,2159,17,MUNICIPIUL GALATI,,4,,963,1196
18,97,2,1864,1660,1043,617,1638,22,MUNICIPIUL GALATI,,4,,658,980
18,98,2,2083,1505,1401,104,1494,11,MUNICIPIUL GALATI,,4,,626,868
18,99,2,2015,1467,1378,89,1457,10,MUNICIPIUL GALATI,,4,,558,899
18,100,2,2261,1701,140,1561,1694,7,MUNICIPIUL GALATI,,4,,699,995
18,101,2,1830,1506,1337,169,1500,6,MUNICIPIUL GALATI,,4,,601,899
18,102,2,1927,1499,1368,131,1492,6,MUNICIPIUL GALATI,,4,,575,917
18,103,2,1914,1433,1324,109,1425,8,MUNICIPIUL GALATI,,4,,545,880
18,104,2,1990,1542,1424,118,1533,9,MUNICIPIUL GALATI,,4,,617,916
18,105,2,2279,1635,1548,87,1628,7,MUNICIPIUL GALATI,,4,,623,1005
18,106,2,2271,1599,1490,109,1596,3,MUNICIPIUL GALATI,,4,,626,970
18,107,2,1874,1425,1249,176,1422,3,MUNICIPIUL GALATI,,4,,503,919
18,108,2,2088,1642,1487,155,1632,9,MUNICIPIUL GALATI,,4,,576,1056
18,109,2,1367,1097,1014,83,1095,2,MUNICIPIUL GALATI,,4,,436,659
18,110,2,1727,1387,1245,142,1384,3,MUNICIPIUL GALATI,,4,,572,812
18,111,2,2222,1511,1418,93,1502,9,MUNICIPIUL GALATI,,4,,676,826
18,112,2,1719,1287,1218,69,1286,1,MUNICIPIUL GALATI,,4,,523,763
18,113,2,1865,1479,1359,120,1475,4,MUNICIPIUL GALATI,,4,,546,929
18,114,2,2124,1474,1379,95,1469,5,MUNICIPIUL GALATI,,4,,565,904
18,115,2,1835,1406,1325,81,1400,5,MUNICIPIUL GALATI,,4,,592,808
18,116,2,1424,1144,1037,107,1142,2,MUNICIPIUL GALATI,,4,,409,733
18,117,2,1439,1175,1027,148,1173,2,MUNICIPIUL GALATI,,4,,385,788
18,118,2,1682,1260,1076,184,1255,5,MUNICIPIUL GALATI,,4,,513,742
18,119,2,1572,1190,1082,108,1178,12,MUNICIPIUL GALATI,,4,,415,763
18,120,2,1103,892,722,170,888,4,MUNICIPIUL GALATI,,4,,308,580
18,121,2,1580,1218,1091,127,1210,8,MUNICIPIUL GALATI,,4,,456,754
18,122,2,2211,1730,1538,192,1728,2,MUNICIPIUL GALATI,,4,,654,1074
18,123,2,2683,1798,1551,247,1772,26,MUNICIPIUL GALATI,,4,,672,1100
18,124,2,1393,1094,968,126,1090,4,MUNICIPIUL GALATI,,4,,413,677
18,125,2,1442,1130,1024,106,1123,7,MUNICIPIUL GALATI,,4,,384,739
18,126,2,2300,1828,1581,247,1817,11,MUNICIPIUL GALATI,,4,,696,1121
18,127,2,1695,1237,938,299,1228,9,MUNICIPIUL GALATI,,4,,471,757
18,128,2,2233,1763,1563,200,1752,11,MUNICIPIUL GALATI,,4,,640,1112
18,129,2,1376,1012,893,119,1001,11,MUNICIPIUL GALATI,,4,,402,599
18,130,2,1372,1043,880,163,1038,5,MUNICIPIUL GALATI,,4,,343,695
18,131,2,1943,1873,1317,556,1857,16,MUNICIPIUL GALATI,,4,,624,1233
18,132,2,1285,1770,928,842,1761,9,MUNICIPIUL GALATI,,4,,642,1119
18,133,2,1869,1712,1269,443,1701,11,MUNICIPIUL GALATI,,4,,747,954
18,134,2,1538,1131,1010,121,1118,13,MUNICIPIUL GALATI,,4,,444,674
18,135,2,2028,1645,1526,119,1640,5,MUNICIPIUL GALATI,,4,,588,1052
18,136,2,1405,1493,676,817,1488,5,MUNICIPIUL GALATI,,4,,487,1001
18,137,2,1941,1529,1305,224,1520,9,MUNICIPIUL GALATI,,4,,482,1038
18,138,2,0,1001,0,1001,1001,0,MUNICIPIUL GALATI,,4,,443,558
18,139,2,0,283,0,283,276,7,MUNICIPIUL GALATI,,4,,119,157
18,140,2,0,194,0,194,192,2,MUNICIPIUL GALATI,,4,,69,123
18,141,2,0,110,0,110,107,3,MUNICIPIUL GALATI,,4,,32,75
18,142,2,0,141,0,141,140,1,MUNICIPIUL GALATI,,4,,61,79
18,143,2,868,816,745,71,812,4,MUNICIPIUL GALATI,,4,,291,521
18,144,2,454,465,427,38,459,6,MUNICIPIUL GALATI,,4,,166,293
18,145,2,0,1226,0,1226,1223,3,MUNICIPIUL GALATI,,4,,422,801
18,146,2,1846,1254,1143,111,1245,9,MUNICIPIUL TECUCI,,4,,654,591
18,147,2,1524,1011,924,87,998,13,MUNICIPIUL TECUCI,,4,,501,497
18,148,2,1659,1286,1111,175,1267,19,MUNICIPIUL TECUCI,,4,,707,560
18,149,2,1950,1370,1256,114,1357,13,MUNICIPIUL TECUCI,,4,,749,608
18,150,2,1249,923,800,123,910,13,MUNICIPIUL TECUCI,,4,,455,455
18,151,2,2046,1636,1299,337,1622,14,MUNICIPIUL TECUCI,,4,,866,756
18,152,2,2261,1535,1367,168,1528,7,MUNICIPIUL TECUCI,,4,,775,753
18,153,2,1586,1077,925,152,1072,5,MUNICIPIUL TECUCI,,4,,582,490
18,154,2,1218,923,788,135,918,5,MUNICIPIUL TECUCI,,4,,490,428
18,155,2,1963,1504,1251,253,1490,14,MUNICIPIUL TECUCI,,4,,773,717
18,156,2,1845,1342,1171,171,1339,3,MUNICIPIUL TECUCI,,4,,601,738
18,157,2,1761,1303,1183,120,1295,7,MUNICIPIUL TECUCI,,4,,686,609
18,158,2,2087,1489,1323,166,1475,14,MUNICIPIUL TECUCI,,4,,836,639
18,159,2,1313,961,861,100,939,22,MUNICIPIUL TECUCI,,4,,526,413
18,160,2,1286,940,839,101,931,9,MUNICIPIUL TECUCI,,4,,519,412
18,161,2,2478,1784,1622,162,1776,8,MUNICIPIUL TECUCI,,4,,880,896
18,162,2,2153,1604,1364,240,1598,6,MUNICIPIUL TECUCI,,4,,791,807
18,163,2,2170,1468,1295,173,1460,8,MUNICIPIUL TECUCI,,4,,727,733
18,164,2,2330,1549,1312,237,1544,5,MUNICIPIUL TECUCI,,4,,829,715
18,165,2,838,690,633,57,670,20,MUNICIPIUL TECUCI,,4,,324,346
18,166,2,0,818,0,818,807,11,MUNICIPIUL TECUCI,,4,,495,312
18,167,2,0,115,0,115,115,0,MUNICIPIUL TECUCI,,4,,75,40
18,168,2,1273,784,698,86,783,1,ORAS BERESTI,,4,,467,316
18,169,2,1764,1223,1072,151,1204,19,ORAS BERESTI,,4,,800,404
18,170,2,1400,956,846,110,940,16,ORAS TARGU BUJOR,,4,,515,425
18,171,2,2363,1560,1428,132,1552,8,ORAS TARGU BUJOR,,4,,727,825
18,172,2,1080,764,666,98,748,16,ORAS TARGU BUJOR,,4,,445,303
18,173,2,974,635,586,49,616,19,ORAS TARGU BUJOR,,4,,314,302
18,174,2,1967,1328,1155,173,1317,11,BARCEA,,4,,696,621
18,175,2,2253,1369,1197,172,1365,4,BARCEA,,4,,701,664
18,176,2,939,463,377,86,459,4,BALABANESTI,,4,,326,133
18,177,2,380,363,210,153,359,4,BALABANESTI,,4,,235,124
18,178,2,153,132,71,61,130,2,BALABANESTI,,4,,104,26
18,179,2,402,332,218,114,329,3,BALABANESTI,,4,,233,96
18,180,2,1437,651,557,94,641,10,BALABANESTI,,4,,453,188
18,181,2,1235,701,609,92,691,10,BALASESTI,,4,,433,258
18,182,2,492,338,282,56,335,3,BALASESTI,,4,,261,74
18,183,2,426,292,229,63,281,11,BALASESTI,,4,,201,80
18,184,2,2353,1331,1201,130,1310,21,BALENI,,4,,883,427
18,185,2,1193,795,692,103,784,11,BANEASA,,4,,392,392
18,186,2,546,383,312,71,379,4,BANEASA,,4,,171,208
18,187,2,535,370,297,73,367,3,BERESTI-MERIA,,4,,226,141
18,188,2,618,448,395,53,439,9,BERESTI-MERIA,,4,,299,140
18,189,2,510,300,228,72,289,11,BERESTI-MERIA,,4,,191,98
18,190,2,652,425,352,73,416,9,BERESTI-MERIA,,4,,277,139
18,191,2,891,630,518,112,623,7,BERESTI-MERIA,,4,,376,247
18,192,2,535,275,243,32,274,1,BERESTI-MERIA,,4,,193,81
18,193,2,2099,1492,1281,211,1471,21,BRANISTEA,,4,,829,642
18,194,2,617,518,436,82,512,6,BRANISTEA,,4,,268,244
18,195,2,1770,1625,1307,318,1615,10,BRAHASESTI,,4,,1132,483
18,196,2,3042,1805,1650,155,1772,33,BRAHASESTI,,4,,1471,301
18,197,2,1055,767,633,134,751,16,BUCIUMENI,,4,,399,352
18,198,2,730,503,366,137,488,15,BUCIUMENI,,4,,259,229
18,199,2,1383,830,731,99,818,12,CAVADINESTI,,4,,480,338
18,200,2,1002,562,460,102,546,16,CAVADINESTI,,4,,299,247
18,201,2,545,409,339,70,402,7,CAVADINESTI,,4,,287,115
18,202,2,744,500,405,95,490,10,CERTESTI,,4,,341,149
18,203,2,584,396,325,71,395,1,CERTESTI,,4,,226,169
18,204,2,689,550,472,78,543,7,CERTESTI,,4,,282,261
18,205,2,736,554,474,80,550,4,CORNI,,4,,394,156
18,206,2,688,562,468,94,559,3,CORNI,,4,,308,251
18,207,2,417,329,282,47,326,3,CORNI,,4,,240,86
18,208,2,2327,1302,1187,115,1286,16,COROD,,4,,711,575
18,209,2,2045,1102,923,179,1089,13,COROD,,4,,653,436
18,210,2,1344,728,649,79,715,13,COROD,,4,,469,246
18,211,2,554,338,239,99,332,6,COROD,,4,,234,98
18,212,2,1797,1296,1042,254,1291,5,COSMESTI,,4,,739,552
18,213,2,898,695,556,139,689,6,COSMESTI,,4,,381,308
18,214,2,1051,719,565,154,715,4,COSMESTI,,4,,361,354
18,215,2,1109,775,633,142,773,2,COSMESTI,,4,,380,393
18,216,2,1801,1229,1051,178,1204,25,COSTACHE NEGRI,,4,,848,356
18,217,2,1195,754,683,71,736,18,CUCA,,4,,424,312
18,218,2,1181,722,675,47,717,5,CUCA,,4,,431,286
18,219,2,1686,1163,1071,92,1145,18,CUDALBI,,4,,810,335
18,220,2,1429,1058,959,99,1052,6,CUDALBI,,4,,654,398
18,221,2,1501,970,897,73,952,16,CUDALBI,,4,,639,313
18,222,2,1567,1128,1001,127,1108,20,CUDALBI,,4,,778,330
18,223,2,2137,1618,1474,144,1606,12,DRAGANESTI,,4,,777,829
18,224,2,1783,1371,1260,111,1354,17,DRAGANESTI,,4,,672,682
18,225,2,1967,857,744,113,850,7,DRAGUSENI,,4,,454,396
18,226,2,630,720,370,350,714,6,DRAGUSENI,,4,,370,344
18,227,2,940,474,353,121,471,3,DRAGUSENI,,4,,268,203
18,228,2,432,443,205,238,438,5,DRAGUSENI,,4,,256,182
18,229,2,2803,1397,1244,153,1380,17,FARTANESTI,,4,,673,707
18,230,2,1335,869,734,135,852,17,FARTANESTI,,4,,601,251
18,231,2,1715,1073,902,171,1058,15,FOLTESTI,,4,,560,498
18,232,2,784,528,434,94,521,7,FOLTESTI,,4,,288,233
18,233,2,2478,1411,1224,187,1383,28,FRUMUSITA,,4,,679,704
18,234,2,802,546,430,116,527,19,FRUMUSITA,,4,,276,251
18,235,2,745,458,395,63,446,12,FRUMUSITA,,4,,258,188
18,236,2,1875,1241,1060,181,1232,9,FUNDENI,,4,,768,464
18,237,2,1276,799,694,105,793,6,FUNDENI,,4,,503,290
18,238,2,2120,1407,1174,233,1397,10,GHIDICENI,,4,,842,555
18,239,2,1926,1223,1085,138,1198,25,GHIDICENI,,4,,783,415
18,240,2,1544,957,787,170,941,16,GOHOR,,4,,561,380
18,241,2,293,239,167,72,236,3,GOHOR,,4,,122,114
18,242,2,697,544,444,100,540,4,GOHOR,,4,,308,232
18,243,2,565,413,300,113,410,3,GOHOR,,4,,254,156
18,244,2,1510,949,835,114,935,14,GRIVITA,,4,,628,307
18,245,2,901,618,536,82,609,9,GRIVITA,,4,,401,208
18,246,2,481,320,264,56,313,7,GRIVITA,,4,,193,120
18,247,2,1944,1326,1131,195,1312,14,INDEPENDENTA,,4,,712,600
18,248,2,1499,1077,878,199,1072,5,INDEPENDENTA,,4,,622,450
18,249,2,1964,1094,910,184,1057,37,IVESTI,,4,,599,458
18,250,2,1523,1010,770,240,991,19,IVESTI,,4,,523,468
18,251,2,1792,1115,898,217,1100,15,IVESTI,,4,,676,424
18,252,2,1710,1100,903,197,1083,17,IVESTI,,4,,542,541
18,253,2,1139,601,521,80,592,9,JORASTI,,4,,421,171
18,254,2,223,171,144,27,166,5,JORASTI,,4,,131,35
18,255,2,283,218,174,44,214,4,JORASTI,,4,,135,79
18,256,2,1834,1143,1022,121,1129,14,LIESTI,,4,,534,595
18,257,2,1207,894,727,167,888,6,LIESTI,,4,,381,507
18,258,2,1735,1165,1037,128,1147,18,LIESTI,,4,,561,586
18,259,2,1980,1269,1171,98,1256,13,LIESTI,,4,,633,623
18,260,2,1667,1064,971,93,1049,15,LIESTI,,4,,462,587
18,261,2,2137,1125,920,205,1120,5,MATCA,,4,,667,453
18,262,2,1876,1106,852,254,1086,20,MATCA,,4,,571,515
18,263,2,2187,1379,1136,243,1371,8,MATCA,,4,,743,628
18,264,2,1764,1082,784,298,1075,7,MATCA,,4,,601,474
18,265,2,2084,994,884,110,975,19,MASTACANI,,4,,455,520
18,266,2,1260,711,670,41,705,6,MASTACANI,,4,,332,373
18,267,2,929,588,410,178,578,10,MASTACANI,,4,,261,317
18,268,2,1305,825,722,103,817,8,MOVILENI,,4,,488,329
18,269,2,1132,756,652,104,742,14,MOVILENI,,4,,325,417
18,270,2,1311,1002,827,175,986,16,MUNTENI,,4,,586,400
18,271,2,1859,1086,939,147,1078,8,MUNTENI,,4,,703,375
18,272,2,1444,1123,821,302,1108,15,MUNTENI,,4,,524,584
18,273,2,1917,1228,1013,215,1200,28,MUNTENI,,4,,614,586
18,274,2,1122,701,625,76,690,11,NAMOLOASA,,4,,485,205
18,275,2,1252,866,784,82,854,12,NAMOLOASA,,4,,658,196
18,276,2,1275,892,731,161,877,15,NICORESTI,,4,,478,399
18,277,2,535,499,394,105,492,7,NICORESTI,,4,,297,195
18,278,2,583,329,259,70,322,7,NICORESTI,,4,,181,141
18,279,2,668,505,422,83,494,11,NICORESTI,,4,,200,294
18,280,2,1561,1213,989,224,1201,12,NICORESTI,,4,,789,412
18,281,2,1301,967,757,210,937,30,OANCEA,,4,,453,484
18,282,2,1785,1139,1040,99,1126,13,PECHEA,,4,,792,334
18,283,2,2330,1484,1405,79,1470,14,PECHEA,,4,,1016,454
18,284,2,2014,1215,1141,74,1199,16,PECHEA,,4,,853,346
18,285,2,2316,1421,1308,113,1410,11,PECHEA,,4,,1015,395
18,286,2,1941,1376,1181,195,1356,20,PISCU,,4,,886,470
18,287,2,1726,1234,1105,129,1223,11,PISCU,,4,,826,397
18,288,2,1086,738,554,184,721,17,PRIPONESTI,,4,,395,326
18,289,2,975,638,530,108,636,2,PRIPONESTI,,4,,502,134
18,290,2,2102,1407,1249,158,1384,23,REDIU,,4,,877,507
18,291,2,1340,818,743,75,811,7,REDIU,,4,,484,327
18,292,2,1861,1439,1234,205,1431,8,SCHELA,,4,,679,752
18,293,2,472,393,325,68,389,4,SCHELA,,4,,230,159
18,294,2,1492,830,765,65,810,20,SCANTEIESTI,,4,,550,260
18,295,2,861,558,462,96,544,14,SCANTEIESTI,,4,,330,214
18,296,2,1425,927,815,112,921,6,SLOBOZIA CONACHI,,4,,638,283
18,297,2,1275,757,667,90,751,6,SLOBOZIA CONACHI,,4,,519,232
18,298,2,2274,1547,1410,137,1527,20,SLOBOZIA CONACHI,,4,,1198,329
18,299,2,790,534,459,75,528,6,SLOBOZIA CONACHI,,4,,327,201
18,300,2,1012,773,619,154,771,2,SMARDAN,,4,,534,237
18,301,2,393,437,244,193,434,3,SMARDAN,,4,,314,120
18,302,2,675,529,454,75,522,7,SMARDAN,,4,,350,172
18,303,2,1508,1169,1050,119,1150,19,SMULTI,,4,,746,404
18,304,2,1303,831,701,130,821,10,SUCEVENI,,4,,585,236
18,305,2,461,456,291,165,450,6,SUCEVENI,,4,,290,160
18,306,2,1640,1234,1042,192,1227,7,SENDRENI,,4,,715,512
18,307,2,326,400,213,187,397,3,SENDRENI,,4,,271,126
18,308,2,2117,1599,1228,371,1590,9,TUDOR VLADIMIRESCU,,4,,744,846
18,309,2,1744,1444,1245,199,1431,13,TUDOR VLADIMIRESCU,,4,,925,506
18,310,2,1874,1255,1117,138,1239,16,TULUCESTI,,4,,700,539
18,311,2,1339,907,749,158,897,10,TULUCESTI,,4,,506,391
18,312,2,1749,926,777,149,909,17,TULUCESTI,,4,,460,449
18,313,2,1124,735,622,113,720,15,TULUCESTI,,4,,360,360
18,314,2,2074,1426,1280,146,1414,12,TEPU,,4,,887,527
18,315,2,1700,1233,992,241,1222,11,UMBRARESTI,,4,,793,429
18,316,2,1874,1178,963,215,1158,20,UMBRARESTI,,4,,695,463
18,317,2,1443,828,701,127,812,16,UMBRARESTI,,4,,485,327
18,318,2,2081,1251,1168,83,1230,21,VALEA MARULUI,,4,,730,500
18,319,2,904,603,512,91,584,19,VALEA MARULUI,,4,,391,193
18,320,2,1594,1165,1038,127,1159,6,VINATORI,,4,,678,481
18,321,2,1187,814,736,78,809,5,VINATORI,,4,,514,295
18,322,2,1087,757,657,100,749,8,VARLEZI,,4,,417,332
18,323,2,788,543,463,80,535,8,VARLEZI,,4,,271,264
18,324,2,1216,743,649,94,726,17,VLADESTI,,4,,503,223
18,325,2,849,600,504,96,593,7,VLADESTI,,4,,402,191
19,1,2,1860,1331,1223,108,1326,5,MUNICIPIUL GIURGIU,,5,,693,633
19,2,2,2184,1519,1362,157,1515,4,MUNICIPIUL GIURGIU,,5,,670,845
19,3,2,1419,949,896,53,940,9,MUNICIPIUL GIURGIU,,5,,516,424
19,4,2,1320,978,907,71,967,11,MUNICIPIUL GIURGIU,,5,,513,454
19,5,2,1227,1017,758,259,1004,13,MUNICIPIUL GIURGIU,,5,,508,496
19,6,2,1609,996,964,32,991,5,MUNICIPIUL GIURGIU,,5,,587,404
19,7,2,1408,1050,962,88,1043,7,MUNICIPIUL GIURGIU,,5,,563,480
19,8,2,1579,1032,978,54,1028,4,MUNICIPIUL GIURGIU,,5,,592,436
19,9,2,1453,985,946,39,974,11,MUNICIPIUL GIURGIU,,5,,615,359
19,10,2,2142,1414,1386,28,1404,10,MUNICIPIUL GIURGIU,,5,,782,622
19,11,2,2211,1288,1218,70,1264,24,MUNICIPIUL GIURGIU,,5,,668,596
19,12,2,1374,871,806,65,865,6,MUNICIPIUL GIURGIU,,5,,489,376
19,13,2,1580,991,872,119,983,8,MUNICIPIUL GIURGIU,,5,,532,451
19,14,2,1934,1370,1108,262,1361,9,MUNICIPIUL GIURGIU,,5,,656,705
19,15,2,2466,1672,1517,155,1669,3,MUNICIPIUL GIURGIU,,5,,816,853
19,16,2,2402,1603,1517,86,1596,7,MUNICIPIUL GIURGIU,,5,,801,795
19,17,2,2099,1425,1302,123,1415,10,MUNICIPIUL GIURGIU,,5,,673,742
19,18,2,1299,896,832,64,892,4,MUNICIPIUL GIURGIU,,5,,377,515
19,19,2,1974,1285,1206,79,1282,3,MUNICIPIUL GIURGIU,,5,,605,677
19,20,2,2584,1586,1419,167,1580,6,MUNICIPIUL GIURGIU,,5,,782,798
19,21,2,2111,1392,1135,257,1387,5,MUNICIPIUL GIURGIU,,5,,625,762
19,22,2,2159,1471,1187,284,1465,6,MUNICIPIUL GIURGIU,,5,,707,758
19,23,2,1113,820,692,128,815,5,MUNICIPIUL GIURGIU,,5,,420,395
19,24,2,2373,1387,1301,86,1380,7,MUNICIPIUL GIURGIU,,5,,692,688
19,25,2,2070,1194,1024,170,1188,6,MUNICIPIUL GIURGIU,,5,,558,630
19,26,2,1899,1271,1172,99,1262,9,MUNICIPIUL GIURGIU,,5,,618,644
19,27,2,1690,1338,1163,175,1335,3,MUNICIPIUL GIURGIU,,5,,666,669
19,28,2,1629,1210,1102,108,1208,2,MUNICIPIUL GIURGIU,,5,,597,611
19,29,2,1365,1017,922,95,1007,10,MUNICIPIUL GIURGIU,,5,,463,544
19,30,2,1708,1199,1131,68,1178,21,MUNICIPIUL GIURGIU,,5,,664,514
19,31,2,2112,1220,1136,84,1210,10,MUNICIPIUL GIURGIU,,5,,676,534
19,32,2,1568,1153,992,161,1146,7,MUNICIPIUL GIURGIU,,5,,630,516
19,33,2,0,1482,0,1482,1461,21,MUNICIPIUL GIURGIU,,5,,788,673
19,34,2,0,265,0,265,259,6,MUNICIPIUL GIURGIU,,5,,159,100
19,35,2,0,260,0,260,259,1,MUNICIPIUL GIURGIU,,5,,98,161
19,36,2,0,183,0,183,182,1,MUNICIPIUL GIURGIU,,5,,39,143
19,37,2,0,186,0,186,185,1,MUNICIPIUL GIURGIU,,5,,87,98
19,38,2,1125,744,639,105,742,2,ORAS BOLINTIN-VALE,,5,,354,388
19,39,2,1690,591,525,66,572,19,ORAS BOLINTIN-VALE,,5,,327,245
19,40,2,780,475,417,58,470,5,ORAS BOLINTIN-VALE,,5,,233,237
19,41,2,1583,734,635,99,729,5,ORAS BOLINTIN-VALE,,5,,321,408
19,42,2,1360,706,656,50,691,15,ORAS BOLINTIN-VALE,,5,,385,306
19,43,2,1280,666,604,62,652,14,ORAS BOLINTIN-VALE,,5,,372,280
19,44,2,645,450,361,89,447,3,ORAS BOLINTIN-VALE,,5,,272,175
19,45,2,2033,1344,1024,320,1334,10,ORAS MIHAILESTI,,5,,641,693
19,46,2,1069,639,438,201,626,13,ORAS MIHAILESTI,,5,,278,348
19,47,2,397,273,227,46,267,6,ORAS MIHAILESTI,,5,,167,100
19,48,2,889,607,514,93,580,27,ORAS MIHAILESTI,,5,,264,316
19,49,2,1099,659,576,83,635,24,ORAS MIHAILESTI,,5,,280,355
19,50,2,1197,796,607,189,789,7,ADUNATII-COPACENI,,5,,318,471
19,51,2,1350,750,631,119,743,7,ADUNATII-COPACENI,,5,,340,403
19,52,2,1983,985,760,225,961,24,ADUNATII-COPACENI,,5,,472,489
19,53,2,477,325,288,37,318,7,ADUNATII-COPACENI,,5,,173,145
19,54,2,408,299,243,56,293,6,ADUNATII-COPACENI,,5,,105,188
19,55,2,1914,1076,876,200,1062,14,BANEASA,,5,,562,500
19,56,2,817,579,353,226,578,1,BANEASA,,5,,258,320
19,57,2,1229,768,662,106,759,9,BANEASA,,5,,607,152
19,58,2,756,489,366,123,480,9,BANEASA,,5,,252,228
19,59,2,1289,758,620,138,752,6,BOLINTIN-DEAL,,5,,405,347
19,60,2,1887,1059,915,144,1047,12,BOLINTIN-DEAL,,5,,408,639
19,61,2,1459,980,836,144,974,6,BOLINTIN-DEAL,,5,,491,483
19,62,2,723,540,379,161,529,11,BUCSANI,,5,,274,255
19,63,2,659,483,365,118,479,4,BUCSANI,,5,,275,204
19,64,2,485,375,312,63,374,1,BUCSANI,,5,,233,141
19,65,2,384,274,215,59,271,3,BUCSANI,,5,,168,103
19,66,2,363,257,226,31,254,3,BUCSANI,,5,,168,86
19,67,2,487,353,297,56,349,4,BUCSANI,,5,,224,125
19,68,2,1257,806,675,131,786,20,BULBUCATA,,5,,480,306
19,69,2,1579,1143,1021,122,1132,11,BUTURUGENI,,5,,417,715
19,70,2,1116,856,733,123,841,15,BUTURUGENI,,5,,398,443
19,71,2,261,265,195,70,263,2,BUTURUGENI,,5,,134,129
19,72,2,1510,833,640,193,817,16,CALUGARENI,,5,,446,371
19,73,2,918,659,473,186,658,1,CALUGARENI,,5,,430,228
19,74,2,1175,826,646,180,814,12,CALUGARENI,,5,,545,269
19,75,2,1553,943,775,168,919,24,CALUGARENI,,5,,476,443
19,76,2,1466,991,824,167,973,17,CLEJANI,,5,,395,578
19,77,2,1026,704,595,109,699,5,CLEJANI,,5,,468,231
19,78,2,1061,629,539,90,610,19,COLIBASI,,5,,252,358
19,79,2,1085,691,602,89,678,13,COLIBASI,,5,,339,339
19,80,2,893,575,481,94,568,7,COLIBASI,,5,,264,304
19,81,2,1511,1041,805,236,1036,5,COMANA,,5,,448,588
19,82,2,733,533,408,125,510,23,COMANA,,5,,229,281
19,83,2,1354,769,592,177,748,21,COMANA,,5,,406,342
19,84,2,728,497,331,166,491,6,COMANA,,5,,286,205
19,85,2,1410,1072,896,176,1055,17,COMANA,,5,,588,467
19,86,2,0,380,0,380,377,3,COMANA,,5,,196,181
19,87,2,1235,878,736,142,867,11,CREVEDIA MARE,,5,,608,259
19,88,2,763,566,473,93,557,9,CREVEDIA MARE,,5,,311,246
19,89,2,1572,876,734,142,867,9,CREVEDIA MARE,,5,,573,294
19,90,2,1011,777,641,136,762,15,DAIA,,5,,414,348
19,91,2,1644,1099,921,178,1081,18,DAIA,,5,,521,560
19,92,2,3045,2054,1787,267,2024,30,FLORESTI-STOENESTI,,5,,1153,871
19,93,2,1522,725,583,142,711,14,FLORESTI-STOENESTI,,5,,320,391
19,94,2,1810,1173,1049,124,1161,12,FLORESTI-STOENESTI,,5,,383,778
19,95,2,2136,1260,1100,160,1247,13,FRATESTI,,5,,803,444
19,96,2,1218,1001,723,278,992,9,FRATESTI,,5,,689,303
19,97,2,831,496,380,116,492,4,FRATESTI,,5,,343,149
19,98,2,1296,839,665,174,830,9,GAISENI,,5,,521,309
19,99,2,1766,975,801,174,955,20,GAISENI,,5,,571,384
19,100,2,495,446,343,103,443,3,GAISENI,,5,,288,155
19,101,2,1291,905,749,156,899,6,GAUJANI,,5,,517,382
19,102,2,218,193,141,52,193,0,GAUJANI,,5,,134,59
19,103,2,811,552,460,92,544,8,GAUJANI,,5,,374,170
19,104,2,1371,810,577,233,752,58,GHIMPATI,,5,,464,288
19,105,2,700,383,280,103,370,13,GHIMPATI,,5,,252,118
19,106,2,854,607,463,144,588,19,GHIMPATI,,5,,429,159
19,107,2,1467,1063,856,207,1043,20,GHIMPATI,,5,,709,334
19,108,2,432,338,259,79,335,3,GHIMPATI,,5,,224,111
19,109,2,1122,732,562,170,718,14,GOGOSARI,,5,,489,229
19,110,2,688,499,364,135,493,6,GOGOSARI,,5,,207,286
19,111,2,1523,983,819,164,957,26,GOSTINARI,,5,,563,394
19,112,2,607,469,335,134,464,5,GOSTINARI,,5,,323,141
19,113,2,1108,823,786,37,814,9,GOSTINU,,5,,523,291
19,114,2,1065,719,671,48,716,3,GOSTINU,,5,,413,303
19,115,2,799,659,558,101,644,15,GRADINARI,,5,,253,391
19,116,2,688,595,505,90,591,4,GRADINARI,,5,,277,314
19,117,2,866,751,609,142,747,4,GRADINARI,,5,,283,464
19,118,2,1761,1263,1072,191,1242,21,GREACA,,5,,594,648
19,119,2,373,321,260,61,317,4,GREACA,,5,,244,73
19,120,2,325,232,184,48,229,3,GREACA,,5,,173,56
19,121,2,1303,906,763,143,889,17,HOTARELE,,5,,417,472
19,122,2,1537,1023,845,178,1016,7,HOTARELE,,5,,550,466
19,123,2,736,551,449,102,545,6,HOTARELE,,5,,304,241
19,124,2,1613,1109,906,203,1073,36,HOTARELE,,5,,605,468
19,125,2,1160,1192,908,284,1180,12,HOTARELE,,5,,496,684
19,126,2,1160,756,630,126,747,9,IEPURESTI,,5,,499,248
19,127,2,711,530,436,94,525,5,IEPURESTI,,5,,261,264
19,128,2,1431,768,714,54,753,15,IZVOARELE,,5,,560,193
19,129,2,1496,780,689,91,772,8,IZVOARELE,,5,,554,218
19,130,2,170,166,97,69,162,4,IZVOARELE,,5,,120,42
19,131,2,526,372,296,76,364,8,IZVOARELE,,5,,270,94
19,132,2,291,226,180,46,225,1,IZVOARELE,,5,,149,76
19,133,2,314,201,162,39,193,8,IZVOARELE,,5,,99,94
19,134,2,1557,956,818,138,947,9,JOITA,,5,,268,679
19,135,2,954,681,588,93,675,6,JOITA,,5,,302,373
19,136,2,1727,979,853,126,965,14,JOITA,,5,,492,473
19,137,2,1828,1314,1179,135,1288,26,JOITA,,5,,586,702
19,138,2,889,639,519,120,618,21,LETCA NOUA,,5,,471,147
19,139,2,1067,819,699,120,804,15,LETCA NOUA,,5,,518,286
19,140,2,1041,685,591,94,673,12,LETCA NOUA,,5,,452,221
19,141,2,992,569,569,0,562,7,MARSA,,5,,430,132
19,142,2,1023,763,636,127,755,8,MARSA,,5,,513,242
19,143,2,1045,560,476,84,550,10,MIHAI BRAVU,,5,,331,219
19,144,2,1122,669,558,111,651,18,MIHAI BRAVU,,5,,346,305
19,145,2,0,592,0,592,575,17,MIHAI BRAVU,,5,,337,238
19,146,2,856,655,555,100,647,8,OGREZENI,,5,,405,242
19,147,2,1076,659,556,103,657,2,OGREZENI,,5,,359,298
19,148,2,807,581,490,91,576,5,OGREZENI,,5,,325,251
19,149,2,684,565,495,70,558,7,OGREZENI,,5,,358,200
19,150,2,1778,1113,1000,113,1100,13,OINACU,,5,,677,423
19,151,2,1005,707,549,158,700,7,OINACU,,5,,364,336
19,152,2,531,419,271,148,409,10,OINACU,,5,,208,201
19,153,2,1668,840,772,68,824,16,PRUNDU,,5,,537,287
19,154,2,1604,861,772,89,851,10,PRUNDU,,5,,506,345
19,155,2,788,512,457,55,502,10,PRUNDU,,5,,318,184
19,156,2,1173,867,744,123,850,17,PUTINEIU,,5,,516,334
19,157,2,390,347,291,56,339,8,PUTINEIU,,5,,159,180
19,158,2,804,710,614,96,672,38,PUTINEIU,,5,,355,317
19,159,2,1121,752,664,88,723,29,RASUCENI,,5,,471,252
19,160,2,585,466,362,104,456,10,RASUCENI,,5,,353,103
19,161,2,1128,852,703,149,816,32,RASUCENI,,5,,611,205
19,162,2,2386,1365,1171,194,1335,30,ROATA DE JOS,,5,,981,354
19,163,2,870,582,462,120,570,12,ROATA DE JOS,,5,,401,169
19,164,2,947,592,537,55,581,11,ROATA DE JOS,,5,,385,196
19,165,2,933,605,556,49,598,7,ROATA DE JOS,,5,,414,184
19,166,2,927,509,471,38,500,9,ROATA DE JOS,,5,,360,140
19,167,2,317,207,170,37,199,8,SCHITU,,5,,150,49
19,168,2,500,398,333,65,388,10,SCHITU,,5,,253,135
19,169,2,661,411,335,76,402,9,SCHITU,,5,,264,138
19,170,2,519,399,343,56,392,7,SCHITU,,5,,298,94
19,171,2,1536,810,699,111,800,10,SINGURENI,,5,,470,330
19,172,2,646,438,357,81,430,8,SINGURENI,,5,,268,162
19,173,2,733,480,436,44,479,1,SINGURENI,,5,,274,205
19,174,2,738,523,425,98,516,7,SLOBOZIA,,5,,316,200
19,175,2,1183,772,605,167,765,7,SLOBOZIA,,5,,480,285
19,176,2,1225,824,700,124,812,12,STANESTI,,5,,474,338
19,177,2,528,412,348,64,407,5,STANESTI,,5,,288,119
19,178,2,363,304,205,99,295,9,STANESTI,,5,,204,91
19,179,2,375,306,249,57,302,4,STANESTI,,5,,210,92
19,180,2,1540,849,746,103,835,14,STOENESTI,,5,,568,267
19,181,2,773,663,556,107,642,21,STOENESTI,,5,,477,165
19,182,2,1525,1017,893,124,1007,10,TOPORU,,5,,754,253
19,183,2,724,480,357,123,469,11,TOPORU,,5,,318,151
19,184,2,1725,989,826,163,976,13,ULMI,,5,,491,485
19,185,2,1120,705,547,158,696,9,ULMI,,5,,370,326
19,186,2,1962,1075,890,185,1067,8,ULMI,,5,,549,518
19,187,2,421,435,243,192,429,6,ULMI,,5,,267,162
19,188,2,1750,1019,873,146,1001,18,VALEA DRAGULUI,,5,,586,415
19,189,2,862,705,556,149,693,12,VALEA DRAGULUI,,5,,425,268
19,190,2,1227,864,761,103,853,11,VARASTI,,5,,453,400
19,191,2,1041,720,635,85,711,9,VARASTI,,5,,392,319
19,192,2,1027,700,590,110,689,11,VARASTI,,5,,419,270
19,193,2,1607,1025,882,143,1003,22,VARASTI,,5,,535,468
19,194,2,1342,960,798,162,949,11,VEDEA,,5,,628,321
19,195,2,1292,906,793,113,893,13,VEDEA,,5,,598,295
19,196,2,928,690,576,114,686,4,VEDEA,,5,,529,157
19,197,2,1388,924,815,109,908,16,VEDEA,,5,,694,214
19,198,2,880,586,496,90,578,8,VANATORII MICI,,5,,409,169
19,199,2,1085,698,582,116,672,26,VANATORII MICI,,5,,503,169
19,200,2,1392,864,749,115,851,13,VANATORII MICI,,5,,674,177
19,201,2,492,357,297,60,357,0,VANATORII MICI,,5,,248,109
20,1,2,1954,1439,1229,210,1439,0,MUNICIPIUL TARGU JIU,,6,,647,792
20,2,2,2244,1578,1318,260,1577,1,MUNICIPIUL TARGU JIU,,6,,718,859
20,3,2,1526,1128,986,142,1127,1,MUNICIPIUL TARGU JIU,,6,,542,585
20,4,2,1442,1016,897,119,1012,4,MUNICIPIUL TARGU JIU,,6,,537,475
20,5,2,726,518,449,69,512,6,MUNICIPIUL TARGU JIU,,6,,277,235
20,6,2,1326,868,785,83,861,7,MUNICIPIUL TARGU JIU,,6,,470,391
20,7,2,879,630,557,73,625,5,MUNICIPIUL TARGU JIU,,6,,341,284
20,8,2,1077,802,700,102,792,10,MUNICIPIUL TARGU JIU,,6,,473,319
20,9,2,1029,760,646,114,757,3,MUNICIPIUL TARGU JIU,,6,,484,273
20,10,2,1572,1021,950,71,1016,5,MUNICIPIUL TARGU JIU,,6,,514,502
20,11,2,1379,918,891,27,915,3,MUNICIPIUL TARGU JIU,,6,,501,414
20,12,2,936,688,578,110,683,5,MUNICIPIUL TARGU JIU,,6,,372,311
20,13,2,1992,1286,1158,128,1276,10,MUNICIPIUL TARGU JIU,,6,,664,612
20,14,2,1948,1303,1148,155,1292,11,MUNICIPIUL TARGU JIU,,6,,689,603
20,15,2,1944,1161,1013,148,1156,5,MUNICIPIUL TARGU JIU,,6,,667,489
20,16,2,1792,1094,957,137,1091,3,MUNICIPIUL TARGU JIU,,6,,585,506
20,17,2,1248,699,647,52,697,2,MUNICIPIUL TARGU JIU,,6,,398,299
20,18,2,1636,940,852,88,937,3,MUNICIPIUL TARGU JIU,,6,,545,392
20,19,2,1542,1015,903,112,1013,2,MUNICIPIUL TARGU JIU,,6,,578,435
20,20,2,1474,848,776,72,843,5,MUNICIPIUL TARGU JIU,,6,,477,366
20,21,2,1402,868,788,80,864,4,MUNICIPIUL TARGU JIU,,6,,465,399
20,22,2,1334,851,763,88,849,2,MUNICIPIUL TARGU JIU,,6,,459,390
20,23,2,1642,1067,954,113,1062,5,MUNICIPIUL TARGU JIU,,6,,602,460
20,24,2,1971,1164,1073,91,1159,5,MUNICIPIUL TARGU JIU,,6,,666,493
20,25,2,1825,1030,937,93,1024,6,MUNICIPIUL TARGU JIU,,6,,584,440
20,26,2,1827,1205,1097,108,1201,4,MUNICIPIUL TARGU JIU,,6,,671,530
20,27,2,1804,1150,967,183,1144,6,MUNICIPIUL TARGU JIU,,6,,615,529
20,28,2,1312,886,793,93,882,4,MUNICIPIUL TARGU JIU,,6,,439,443
20,29,2,1351,885,797,88,881,4,MUNICIPIUL TARGU JIU,,6,,437,444
20,30,2,777,553,422,131,553,0,MUNICIPIUL TARGU JIU,,6,,259,294
20,31,2,717,540,446,94,540,0,MUNICIPIUL TARGU JIU,,6,,292,248
20,32,2,1514,1063,994,69,1057,6,MUNICIPIUL TARGU JIU,,6,,537,520
20,33,2,1415,895,852,43,890,5,MUNICIPIUL TARGU JIU,,6,,471,419
20,34,2,1362,809,768,41,804,5,MUNICIPIUL TARGU JIU,,6,,467,337
20,35,2,1248,866,768,98,865,1,MUNICIPIUL TARGU JIU,,6,,403,462
20,36,2,1729,1429,1109,320,1428,1,MUNICIPIUL TARGU JIU,,6,,600,828
20,37,2,1357,828,746,82,822,6,MUNICIPIUL TARGU JIU,,6,,422,400
20,38,2,1194,792,702,90,792,0,MUNICIPIUL TARGU JIU,,6,,425,367
20,39,2,1562,1129,967,162,1124,5,MUNICIPIUL TARGU JIU,,6,,547,577
20,40,2,1249,794,711,83,778,16,MUNICIPIUL TARGU JIU,,6,,555,223
20,41,2,1544,1099,898,201,1092,7,MUNICIPIUL TARGU JIU,,6,,627,465
20,42,2,1229,816,718,98,815,1,MUNICIPIUL TARGU JIU,,6,,405,410
20,43,2,1073,682,575,107,678,4,MUNICIPIUL TARGU JIU,,6,,357,321
20,44,2,1247,1230,524,706,1225,5,MUNICIPIUL TARGU JIU,,6,,570,655
20,45,2,1392,1140,905,235,1129,11,MUNICIPIUL TARGU JIU,,6,,672,457
20,46,2,1187,975,785,190,971,4,MUNICIPIUL TARGU JIU,,6,,569,402
20,47,2,2082,1420,1261,159,1405,15,MUNICIPIUL TARGU JIU,,6,,896,509
20,48,2,1841,1299,1128,171,1291,8,MUNICIPIUL TARGU JIU,,6,,775,516
20,49,2,1372,939,792,147,933,6,MUNICIPIUL TARGU JIU,,6,,640,293
20,50,2,0,324,0,324,323,1,MUNICIPIUL TARGU JIU,,6,,215,108
20,51,2,0,386,0,386,383,3,MUNICIPIUL TARGU JIU,,6,,224,159
20,52,2,0,221,0,221,220,1,MUNICIPIUL TARGU JIU,,6,,133,87
20,53,2,0,716,0,716,713,3,MUNICIPIUL TARGU JIU,,6,,320,393
20,54,2,0,367,0,367,363,4,MUNICIPIUL TARGU JIU,,6,,236,127
20,55,2,0,369,0,369,367,2,MUNICIPIUL TARGU JIU,,6,,267,100
20,56,2,1921,1187,775,412,1180,7,ORAS BUMBESTI-JIU,,6,,778,402
20,57,2,1561,1169,842,327,1163,6,ORAS BUMBESTI-JIU,,6,,680,483
20,58,2,1843,1426,973,453,1417,9,ORAS BUMBESTI-JIU,,6,,861,556
20,59,2,949,640,438,202,635,5,ORAS BUMBESTI-JIU,,6,,377,258
20,60,2,847,698,525,173,694,4,ORAS BUMBESTI-JIU,,6,,401,293
20,61,2,552,518,429,89,515,3,ORAS BUMBESTI-JIU,,6,,361,154
20,62,2,0,154,0,154,152,2,ORAS BUMBESTI-JIU,,6,,92,60
20,63,2,364,383,363,20,381,2,ORAS BUMBESTI-JIU,,6,,253,128
20,64,2,2102,1807,1132,675,1800,7,ORAS MOTRU,,6,,1006,794
20,65,2,3831,2406,2125,281,2396,10,ORAS MOTRU,,6,,1322,1074
20,66,2,1801,1134,999,135,1130,4,ORAS MOTRU,,6,,653,477
20,67,2,3685,2266,2032,234,2251,15,ORAS MOTRU,,6,,1395,856
20,68,2,3740,2342,1934,408,2336,6,ORAS MOTRU,,6,,1518,818
20,69,2,393,303,247,56,300,3,ORAS MOTRU,,6,,192,108
20,70,2,561,409,298,111,406,3,ORAS MOTRU,,6,,282,124
20,71,2,1114,827,676,151,814,13,ORAS MOTRU,,6,,582,232
20,72,2,709,512,378,134,508,4,ORAS MOTRU,,6,,400,108
20,73,2,317,263,224,39,263,0,ORAS MOTRU,,6,,185,78
20,74,2,1634,1069,970,99,1061,8,ORAS NOVACI,,6,,483,578
20,75,2,1788,1008,891,117,998,10,ORAS NOVACI,,6,,586,412
20,76,2,1497,999,904,95,984,15,ORAS NOVACI,,6,,581,403
20,77,2,0,90,0,90,90,0,ORAS NOVACI,,6,,50,40
20,78,2,1700,1580,848,732,1568,12,ORAS ROVINARI,,6,,687,881
20,79,2,1686,1574,876,698,1563,11,ORAS ROVINARI,,6,,674,889
20,80,2,2200,1786,1169,617,1780,6,ORAS ROVINARI,,6,,754,1026
20,81,2,253,213,166,47,212,1,ORAS ROVINARI,,6,,136,76
20,82,2,208,243,127,116,239,4,ORAS ROVINARI,,6,,163,76
20,83,2,2923,1954,1479,475,1945,9,ORAS TARGU CARBUNESTI,,6,,1071,874
20,84,2,856,568,342,226,566,2,ORAS TARGU CARBUNESTI,,6,,381,185
20,85,2,979,421,334,87,420,1,ORAS TARGU CARBUNESTI,,6,,264,156
20,86,2,876,447,369,78,443,4,ORAS TARGU CARBUNESTI,,6,,259,184
20,87,2,469,390,290,100,390,0,ORAS TARGU CARBUNESTI,,6,,289,101
20,88,2,573,465,352,113,462,3,ORAS TARGU CARBUNESTI,,6,,349,113
20,89,2,181,190,174,16,190,0,ORAS TARGU CARBUNESTI,,6,,116,74
20,90,2,0,94,0,94,94,0,ORAS TARGU CARBUNESTI,,6,,64,30
20,91,2,715,594,452,142,587,7,ORAS TICLENI,,6,,389,198
20,92,2,2076,1507,1208,299,1497,10,ORAS TICLENI,,6,,953,544
20,93,2,807,562,434,128,559,3,ORAS TICLENI,,6,,405,154
20,94,2,1350,804,673,131,797,7,ALBENI,,6,,594,203
20,95,2,672,467,345,122,464,3,ALBENI,,6,,374,90
20,96,2,1008,724,633,91,719,5,ALIMPESTI,,6,,492,227
20,97,2,762,588,531,57,584,4,ALIMPESTI,,6,,397,187
20,98,2,1226,773,626,147,763,10,ANINOASA,,6,,568,195
20,99,2,813,463,379,84,461,2,ANINOASA,,6,,326,135
20,100,2,771,556,457,99,535,21,ANINOASA,,6,,446,89
20,101,2,502,428,324,104,421,7,ANINOASA,,6,,339,82
20,102,2,1098,785,620,165,779,6,ARCANI,,6,,456,323
20,103,2,2812,1981,1874,107,1974,7,BAIA DE FIER,,6,,1549,425
20,104,2,692,482,399,83,480,2,BAIA DE FIER,,6,,310,170
20,105,2,546,390,283,107,385,5,BALANESTI,,6,,269,116
20,106,2,516,397,293,104,396,1,BALANESTI,,6,,291,105
20,107,2,740,533,413,120,529,4,BALANESTI,,6,,355,174
20,108,2,1854,1093,839,254,1087,6,BALESTI,,6,,702,385
20,109,2,2305,1389,1151,238,1384,5,BALESTI,,6,,963,421
20,110,2,1259,739,540,199,735,4,BALESTI,,6,,543,192
20,111,2,1421,901,744,157,892,9,BARBATESTI,,6,,538,354
20,112,2,1154,746,604,142,737,9,BENGESTI-CIOCADIA,,6,,510,227
20,113,2,863,551,441,110,546,5,BENGESTI-CIOCADIA,,6,,392,154
20,114,2,662,548,410,138,546,2,BENGESTI-CIOCADIA,,6,,409,137
20,115,2,1147,583,455,128,581,2,BERLESTI,,6,,440,141
20,116,2,783,341,269,72,339,2,BERLESTI,,6,,228,111
20,117,2,1605,1139,844,295,1135,4,BALTENI,,6,,618,517
20,118,2,2418,1437,1278,159,1393,44,BALTENI,,6,,962,431
20,119,2,1458,915,784,131,911,4,BALTENI,,6,,563,348
20,120,2,1320,750,635,115,741,9,BOLBOSI,,6,,572,169
20,121,2,858,547,451,96,534,11,BOLBOSI,,6,,423,111
20,122,2,1636,844,728,116,840,4,BORASCU,,6,,532,308
20,123,2,1068,606,522,84,596,10,BORASCU,,6,,434,162
20,124,2,737,517,439,78,511,6,BRANESTI,,6,,346,165
20,125,2,580,361,297,64,356,5,BRANESTI,,6,,200,156
20,126,2,479,355,283,72,353,2,BRANESTI,,6,,299,54
20,127,2,248,182,128,54,179,3,BRANESTI,,6,,121,58
20,128,2,2053,1200,1057,143,1189,11,BUMBESTI-PITIC,,6,,807,382
20,129,2,1048,759,557,202,757,2,BUSTUCHIN,,6,,561,196
20,130,2,697,483,384,99,479,4,BUSTUCHIN,,6,,329,150
20,131,2,416,358,249,109,352,6,BUSTUCHIN,,6,,325,27
20,132,2,360,282,219,63,279,3,BUSTUCHIN,,6,,194,85
20,133,2,1559,1016,789,227,1009,7,CAPRENI,,6,,702,307
20,134,2,497,296,204,92,291,5,CAPRENI,,6,,142,149
20,135,2,989,636,538,98,626,10,CATUNELE,,6,,477,149
20,136,2,887,766,636,130,756,10,CATUNELE,,6,,541,215
20,137,2,357,333,235,98,330,3,CIUPERCENI,,6,,222,108
20,138,2,244,237,167,70,235,2,CIUPERCENI,,6,,175,60
20,139,2,277,288,219,69,288,0,CIUPERCENI,,6,,189,99
20,140,2,293,291,207,84,287,4,CIUPERCENI,,6,,214,73
20,141,2,722,544,385,159,540,4,CALNIC,,6,,350,190
20,142,2,373,345,266,79,342,3,CALNIC,,6,,265,77
20,143,2,596,353,280,73,348,5,CALNIC,,6,,245,103
20,144,2,2501,1635,1466,169,1617,18,CRASNA,,6,,1188,429
20,145,2,1950,1322,1129,193,1316,6,CRASNA,,6,,957,359
20,146,2,1385,957,705,252,949,8,CRUSET,,6,,598,351
20,147,2,919,465,397,68,462,3,CRUSET,,6,,349,113
20,148,2,719,449,382,67,446,3,CRUSET,,6,,274,172
20,149,2,850,661,506,155,653,8,DANCIULESTI,,6,,387,266
20,150,2,1295,784,701,83,768,16,DANCIULESTI,,6,,410,358
20,151,2,888,574,433,141,569,5,DANESTI,,6,,370,199
20,152,2,543,370,286,84,367,3,DANESTI,,6,,235,132
20,153,2,512,375,266,109,367,8,DANESTI,,6,,218,149
20,154,2,782,434,348,86,427,7,DANESTI,,6,,299,128
20,155,2,916,659,549,110,653,6,DRAGOTESTI,,6,,441,212
20,156,2,957,645,554,91,641,4,DRAGOTESTI,,6,,494,147
20,157,2,1307,1115,879,236,1109,6,DRAGUTESTI,,6,,727,382
20,158,2,640,479,385,94,475,4,DRAGUTESTI,,6,,263,212
20,159,2,1496,1007,886,121,998,9,DRAGUTESTI,,6,,741,257
20,160,2,54,62,53,9,62,0,DRAGUTESTI,,6,,39,23
20,161,2,770,501,404,97,497,4,FARCASESTI,,6,,357,140
20,162,2,536,431,335,96,423,8,FARCASESTI,,6,,233,190
20,163,2,584,388,294,94,386,2,FARCASESTI,,6,,253,133
20,164,2,862,639,412,227,636,3,FARCASESTI,,6,,411,225
20,165,2,282,193,124,69,187,6,FARCASESTI,,6,,88,99
20,166,2,1342,907,729,178,894,13,GLOGOVA,,6,,649,245
20,167,2,972,733,574,159,724,9,GODINESTI,,6,,491,233
20,168,2,799,595,451,144,588,7,GODINESTI,,6,,419,169
20,169,2,1151,763,577,186,758,5,HUREZANI,,6,,504,254
20,170,2,248,169,132,37,166,3,HUREZANI,,6,,115,51
20,171,2,2009,1226,1102,124,1214,12,IONESTI,,6,,868,346
20,172,2,1099,632,517,115,628,4,JUPANESTI,,6,,455,173
20,173,2,748,419,314,105,410,9,JUPANESTI,,6,,280,130
20,174,2,1409,993,845,148,982,11,LELESTI,,6,,570,412
20,175,2,715,397,298,99,393,4,LICURICI,,6,,247,146
20,176,2,619,385,260,125,378,7,LICURICI,,6,,272,106
20,177,2,667,274,197,77,269,5,LICURICI,,6,,185,84
20,178,2,624,383,237,146,376,7,LOGRESTI,,6,,261,115
20,179,2,944,521,375,146,518,3,LOGRESTI,,6,,349,169
20,180,2,304,266,195,71,265,1,LOGRESTI,,6,,199,66
20,181,2,418,305,216,89,252,53,LOGRESTI,,6,,173,79
20,182,2,1922,1983,903,1080,1972,11,MATASARI,,6,,1131,841
20,183,2,519,395,266,129,392,3,MATASARI,,6,,267,125
20,184,2,334,284,208,76,279,5,MATASARI,,6,,227,52
20,185,2,326,242,197,45,237,5,MATASARI,,6,,176,61
20,186,2,1290,836,690,146,833,3,MUSETESTI,,6,,605,228
20,187,2,566,334,280,54,332,2,MUSETESTI,,6,,249,83
20,188,2,1159,725,609,116,719,6,NEGOMIR,,6,,523,196
20,189,2,822,462,393,69,450,12,NEGOMIR,,6,,347,103
20,190,2,741,561,458,103,559,2,NEGOMIR,,6,,371,188
20,191,2,1159,774,618,156,768,6,PADES,,6,,540,228
20,192,2,2423,1546,1352,194,1526,20,PADES,,6,,1026,500
20,193,2,210,127,56,71,127,0,PADES,,6,,58,69
20,194,2,1233,919,671,248,913,6,PESTISANI,,6,,591,322
20,195,2,1626,1086,824,262,1075,11,PESTISANI,,6,,685,390
20,196,2,1996,996,870,126,991,5,PLOPSORU,,6,,651,340
20,197,2,811,457,365,92,452,5,PLOPSORU,,6,,277,175
20,198,2,1153,688,616,72,684,4,PLOPSORU,,6,,473,211
20,199,2,702,439,377,62,435,4,PLOPSORU,,6,,252,183
20,200,2,1902,1577,1448,129,1569,8,POLOVRAGI,,6,,1123,446
20,201,2,450,399,377,22,397,2,POLOVRAGI,,6,,316,81
20,202,2,1711,1055,908,147,1050,5,PRIGORIA,,6,,807,243
20,203,2,966,552,494,58,542,10,PRIGORIA,,6,,429,113
20,204,2,2401,1423,1208,215,1409,14,ROSIA DE AMARADIA,,6,,917,492
20,205,2,1098,747,573,174,737,10,RUNCU,,6,,441,296
20,206,2,1200,841,660,181,830,11,RUNCU,,6,,562,268
20,207,2,750,471,350,121,466,5,RUNCU,,6,,302,164
20,208,2,1034,893,816,77,883,10,RUNCU,,6,,582,301
20,209,2,220,246,162,84,246,0,RUNCU,,6,,159,87
20,210,2,0,199,0,199,197,2,RUNCU,,6,,90,107
20,211,2,0,39,0,39,39,0,RUNCU,,6,,35,4
20,212,2,889,698,562,136,695,3,SAMARINESTI,,6,,536,159
20,213,2,425,289,219,70,283,6,SAMARINESTI,,6,,212,71
20,214,2,1542,903,718,185,895,8,SACELU,,6,,609,286
20,215,2,1991,883,727,156,879,4,SAULESTI,,6,,545,334
20,216,2,796,758,397,361,745,13,SCOARTA,,6,,515,230
20,217,2,595,427,241,186,423,4,SCOARTA,,6,,246,177
20,218,2,870,498,325,173,490,8,SCOARTA,,6,,305,185
20,219,2,804,776,527,249,770,6,SCOARTA,,6,,552,218
20,220,2,552,411,356,55,405,6,SCHELA,,6,,256,149
20,221,2,584,410,386,24,405,5,SCHELA,,6,,304,101
20,222,2,702,461,393,68,458,3,SCHELA,,6,,326,132
20,223,2,762,604,443,161,594,10,SLIVILESTI,,6,,377,217
20,224,2,878,585,465,120,584,1,SLIVILESTI,,6,,450,134
20,225,2,527,296,233,63,293,3,SLIVILESTI,,6,,197,96
20,226,2,435,239,180,59,237,2,SLIVILESTI,,6,,156,81
20,227,2,1203,754,617,137,749,5,STANESTI,,6,,455,294
20,228,2,966,606,443,163,595,11,STANESTI,,6,,357,238
20,229,2,969,564,440,124,559,5,STEJARI,,6,,386,173
20,230,2,454,332,245,87,330,2,STEJARI,,6,,236,94
20,231,2,863,461,381,80,458,3,STEJARI,,6,,289,169
20,232,2,1852,1481,989,492,1466,15,STOINA,,6,,915,551
20,233,2,1854,1129,959,170,1078,51,TELESTI,,6,,668,410
20,234,2,1691,1200,924,276,1192,8,TISMANA,,6,,597,595
20,235,2,1107,823,640,183,817,6,TISMANA,,6,,449,368
20,236,2,998,700,634,66,692,8,TISMANA,,6,,511,181
20,237,2,1345,758,540,218,752,6,TISMANA,,6,,439,313
20,238,2,995,548,479,69,545,3,TISMANA,,6,,358,187
20,239,2,1086,854,647,207,845,9,TURBUREA,,6,,608,237
20,240,2,705,471,365,106,465,6,TURBUREA,,6,,346,119
20,241,2,1615,917,778,139,909,8,TURBUREA,,6,,631,278
20,242,2,2760,2140,1306,834,2121,19,TURCENI,,6,,1122,999
20,243,2,1243,827,710,117,822,5,TURCENI,,6,,599,223
20,244,2,1125,796,648,148,794,2,TURCENI,,6,,571,223
20,245,2,1149,840,712,128,832,8,TURCINESTI,,6,,561,271
20,246,2,645,425,347,78,424,1,TURCINESTI,,6,,273,151
20,247,2,1644,1210,1062,148,1197,13,TINTARENI,,6,,750,447
20,248,2,873,605,472,133,602,3,TINTARENI,,6,,364,238
20,249,2,1215,805,667,138,792,13,TINTARENI,,6,,501,291
20,250,2,278,185,127,58,184,1,TINTARENI,,6,,143,41
20,251,2,2526,1464,1323,141,1456,8,URDARI,,6,,1140,316
20,252,2,1140,721,628,93,715,6,VAGIULESTI,,6,,528,187
20,253,2,1194,755,658,97,739,16,VAGIULESTI,,6,,541,198
20,254,2,1161,720,543,177,716,4,VLADIMIR,,6,,527,189
20,255,2,1137,580,436,144,572,8,VLADIMIR,,6,,427,145
20,256,2,432,280,213,67,279,1,VLADIMIR,,6,,195,84
21,1,2,1979,1426,1278,148,1424,2,MUNICIPIUL MIERCUREA CIUC,,7,,118,1306
21,2,2,2160,1715,1466,249,1709,6,MUNICIPIUL MIERCUREA CIUC,,7,,185,1524
21,3,2,1588,1289,1065,224,1287,2,MUNICIPIUL MIERCUREA CIUC,,7,,105,1182
21,4,2,2475,1696,1656,40,1690,6,MUNICIPIUL MIERCUREA CIUC,,7,,184,1506
21,5,2,2149,1607,1447,160,1607,0,MUNICIPIUL MIERCUREA CIUC,,7,,207,1400
21,6,2,2059,1581,1434,147,1577,4,MUNICIPIUL MIERCUREA CIUC,,7,,153,1424
21,7,2,1904,1545,1293,252,1542,3,MUNICIPIUL MIERCUREA CIUC,,7,,97,1445
21,8,2,982,855,675,180,854,1,MUNICIPIUL MIERCUREA CIUC,,7,,29,825
21,9,2,1800,1425,1160,265,1422,3,MUNICIPIUL MIERCUREA CIUC,,7,,106,1316
21,10,2,889,788,668,120,787,1,MUNICIPIUL MIERCUREA CIUC,,7,,14,773
21,11,2,2494,1886,1711,175,1884,2,MUNICIPIUL MIERCUREA CIUC,,7,,207,1677
21,12,2,2429,1809,1675,134,1809,0,MUNICIPIUL MIERCUREA CIUC,,7,,104,1705
21,13,2,1695,1489,1090,399,1487,2,MUNICIPIUL MIERCUREA CIUC,,7,,214,1273
21,14,2,3130,2230,1941,289,2225,5,MUNICIPIUL MIERCUREA CIUC,,7,,230,1995
21,15,2,842,638,586,52,637,1,MUNICIPIUL MIERCUREA CIUC,,7,,34,603
21,16,2,2435,1892,1638,254,1888,4,MUNICIPIUL MIERCUREA CIUC,,7,,162,1726
21,17,2,1491,1276,1139,137,1268,8,MUNICIPIUL MIERCUREA CIUC,,7,,22,1246
21,18,2,1228,1076,991,85,1074,2,MUNICIPIUL MIERCUREA CIUC,,7,,10,1064
21,19,2,121,192,72,120,192,0,MUNICIPIUL MIERCUREA CIUC,,7,,11,181
21,20,2,0,563,0,563,554,9,MUNICIPIUL MIERCUREA CIUC,,7,,309,245
21,21,2,0,525,0,525,523,2,MUNICIPIUL MIERCUREA CIUC,,7,,34,489
21,22,2,57,80,54,26,80,0,MUNICIPIUL MIERCUREA CIUC,,7,,25,55
21,23,2,240,248,221,27,248,0,MUNICIPIUL MIERCUREA CIUC,,7,,131,117
21,24,2,1309,1341,1068,273,1340,1,MUNICIPIUL ODORHEIU SECUIESC,,7,,22,1318
21,25,2,1554,1456,1214,242,1452,4,MUNICIPIUL ODORHEIU SECUIESC,,7,,27,1425
21,26,2,1536,1456,1177,279,1453,3,MUNICIPIUL ODORHEIU SECUIESC,,7,,23,1430
21,27,2,1279,1211,998,213,1206,5,MUNICIPIUL ODORHEIU SECUIESC,,7,,49,1157
21,28,2,1114,1145,905,240,1143,2,MUNICIPIUL ODORHEIU SECUIESC,,7,,18,1125
21,29,2,1210,1340,1008,332,1337,3,MUNICIPIUL ODORHEIU SECUIESC,,7,,17,1320
21,30,2,1157,1225,933,292,1221,4,MUNICIPIUL ODORHEIU SECUIESC,,7,,22,1199
21,31,2,1800,1553,1384,169,1553,0,MUNICIPIUL ODORHEIU SECUIESC,,7,,26,1527
21,32,2,1869,1643,1439,204,1641,2,MUNICIPIUL ODORHEIU SECUIESC,,7,,18,1623
21,33,2,1892,1663,1459,204,1661,2,MUNICIPIUL ODORHEIU SECUIESC,,7,,19,1642
21,34,2,1486,1270,1169,101,1268,2,MUNICIPIUL ODORHEIU SECUIESC,,7,,10,1258
21,35,2,1650,1537,1348,189,1537,0,MUNICIPIUL ODORHEIU SECUIESC,,7,,12,1525
21,36,2,1357,1116,924,192,1113,3,MUNICIPIUL ODORHEIU SECUIESC,,7,,25,1088
21,37,2,1941,1771,1464,307,1769,2,MUNICIPIUL ODORHEIU SECUIESC,,7,,23,1746
21,38,2,1232,935,810,125,933,2,MUNICIPIUL ODORHEIU SECUIESC,,7,,7,926
21,39,2,1857,1627,1522,105,1623,4,MUNICIPIUL ODORHEIU SECUIESC,,7,,18,1605
21,40,2,994,1108,813,295,1102,6,MUNICIPIUL ODORHEIU SECUIESC,,7,,15,1087
21,41,2,0,263,0,263,263,0,MUNICIPIUL ODORHEIU SECUIESC,,7,,155,108
21,42,2,65,333,58,275,333,0,MUNICIPIUL ODORHEIU SECUIESC,,7,,28,305
21,43,2,1509,1353,1113,240,1348,5,ORAS BAILE TUSNAD,,7,,105,1243
21,44,2,2252,1715,1320,395,1711,4,ORAS BALAN,,7,,553,1158
21,45,2,2156,1401,1156,245,1388,13,ORAS BALAN,,7,,568,820
21,46,2,2669,1615,1310,305,1605,10,ORAS BALAN,,7,,757,848
21,47,2,2243,2041,1829,212,2033,8,ORAS BORSEC,,7,,226,1807
21,48,2,1140,973,900,73,970,3,ORAS CRISTURU SECUIESC,,7,,8,962
21,49,2,1099,926,881,45,926,0,ORAS CRISTURU SECUIESC,,7,,15,911
21,50,2,1301,1161,1014,147,1161,0,ORAS CRISTURU SECUIESC,,7,,20,1141
21,51,2,1357,1215,1146,69,1211,4,ORAS CRISTURU SECUIESC,,7,,14,1197
21,52,2,2068,1712,1647,65,1704,8,ORAS CRISTURU SECUIESC,,7,,15,1689
21,53,2,750,719,689,30,716,3,ORAS CRISTURU SECUIESC,,7,,6,710
21,54,2,3261,2511,2234,277,2508,3,ORAS GHEORGHENI,,7,,196,2312
21,55,2,2219,1686,1544,142,1681,5,ORAS GHEORGHENI,,7,,59,1622
21,56,2,3121,2373,2035,338,2371,2,ORAS GHEORGHENI,,7,,117,2254
21,57,2,2506,2163,1800,363,2153,10,ORAS GHEORGHENI,,7,,102,2051
21,58,2,2468,2223,1840,383,2211,12,ORAS GHEORGHENI,,7,,69,2142
21,59,2,2211,1865,1723,142,1852,13,ORAS GHEORGHENI,,7,,18,1834
21,60,2,63,149,52,97,148,1,ORAS GHEORGHENI,,7,,45,103
21,61,2,0,375,0,375,372,3,ORAS GHEORGHENI,,7,,198,174
21,62,2,1859,1490,1330,160,1482,8,ORAS TOPLITA,,7,,490,992
21,63,2,1134,1033,797,236,1022,11,ORAS TOPLITA,,7,,382,640
21,64,2,2259,1706,1519,187,1688,18,ORAS TOPLITA,,7,,589,1099
21,65,2,1371,966,913,53,961,5,ORAS TOPLITA,,7,,396,565
21,66,2,1533,1249,1154,95,1246,3,ORAS TOPLITA,,7,,693,553
21,67,2,2073,1550,1373,177,1541,9,ORAS TOPLITA,,7,,464,1077
21,68,2,1328,889,754,135,882,7,ORAS TOPLITA,,7,,237,645
21,69,2,915,746,690,56,739,7,ORAS TOPLITA,,7,,488,251
21,70,2,59,115,47,68,114,1,ORAS TOPLITA,,7,,51,63
21,71,2,1128,912,856,56,912,0,ORAS VLAHITA,,7,,11,901
21,72,2,1347,1269,1203,66,1261,8,ORAS VLAHITA,,7,,5,1256
21,73,2,1873,1624,1533,91,1621,3,ORAS VLAHITA,,7,,20,1601
21,74,2,1173,1038,952,86,1038,0,ORAS VLAHITA,,7,,13,1025
21,75,2,824,764,711,53,762,2,ATID,,7,,12,750
21,76,2,589,432,397,35,428,4,ATID,,7,,10,418
21,77,2,381,364,330,34,364,0,ATID,,7,,0,364
21,78,2,328,288,264,24,288,0,ATID,,7,,1,287
21,79,2,210,191,181,10,191,0,ATID,,7,,1,190
21,80,2,743,680,655,25,676,4,AVRAMESTI,,7,,9,667
21,81,2,370,347,335,12,345,2,AVRAMESTI,,7,,3,342
21,82,2,459,434,421,13,434,0,AVRAMESTI,,7,,0,434
21,83,2,255,221,209,12,221,0,AVRAMESTI,,7,,2,219
21,84,2,2132,1587,1516,71,1584,3,BILBOR,,7,,1236,348
21,85,2,664,668,620,48,667,1,BRADESTI,,7,,2,665
21,86,2,505,530,490,40,524,6,BRADESTI,,7,,3,521
21,87,2,1366,1326,1195,131,1319,7,BRADESTI,,7,,43,1276
21,88,2,1443,1415,1379,36,1414,1,CAPALNITA,,7,,5,1409
21,89,2,1466,1288,1244,44,1271,17,CIUCSANGEORGIU,,7,,19,1252
21,90,2,1026,961,913,48,946,15,CIUCSANGEORGIU,,7,,18,928
21,91,2,1312,1117,1065,52,1111,6,CIUCSANGEORGIU,,7,,23,1088
21,92,2,2082,1774,1674,100,1772,2,CIUMANI,,7,,11,1761
21,93,2,1552,1295,1202,93,1286,9,CIUMANI,,7,,32,1254
21,94,2,2295,2215,2151,64,2211,4,CARTA,,7,,8,2203
21,95,2,2049,2066,2019,47,2058,8,CARTA,,7,,5,2053
21,96,2,804,630,580,50,624,6,CORBU,,7,,376,248
21,97,2,408,332,308,24,327,5,CORBU,,7,,211,116
21,98,2,1674,1370,1321,49,1361,9,CORUND,,7,,16,1345
21,99,2,1643,1359,1316,43,1354,5,CORUND,,7,,3,1351
21,100,2,250,253,216,37,253,0,CORUND,,7,,1,252
21,101,2,271,233,216,17,233,0,CORUND,,7,,0,233
21,102,2,312,260,253,7,260,0,CORUND,,7,,1,259
21,103,2,1843,1730,1691,39,1723,7,DANESTI,,7,,11,1712
21,104,2,1717,1687,1646,41,1678,9,DANESTI,,7,,25,1653
21,105,2,1384,1328,1296,32,1326,2,DEALU,,7,,14,1312
21,106,2,929,814,798,16,813,1,DEALU,,7,,7,806
21,107,2,486,491,450,41,485,6,DEALU,,7,,14,471
21,108,2,1503,1362,1226,136,1356,6,DITRAU,,7,,14,1342
21,109,2,849,795,722,73,794,1,DITRAU,,7,,2,792
21,110,2,956,835,760,75,835,0,DITRAU,,7,,4,831
21,111,2,888,663,626,37,659,4,DITRAU,,7,,3,656
21,112,2,448,408,362,46,406,2,DITRAU,,7,,4,402
21,113,2,638,636,589,47,636,0,DARJIU,,7,,7,629
21,114,2,347,345,323,22,344,1,DARJIU,,7,,8,336
21,115,2,646,644,606,38,644,0,FELICENI,,7,,2,642
21,116,2,499,503,457,46,499,4,FELICENI,,7,,4,495
21,117,2,632,649,611,38,649,0,FELICENI,,7,,3,646
21,118,2,243,249,209,40,249,0,FELICENI,,7,,2,247
21,119,2,215,221,202,19,221,0,FELICENI,,7,,0,221
21,120,2,1385,1370,1312,58,1368,2,FRUMOASA,,7,,19,1349
21,121,2,1418,1282,1226,56,1277,5,FRUMOASA,,7,,3,1274
21,122,2,119,114,104,10,114,0,FRUMOASA,,7,,5,109
21,123,2,1839,1560,1417,143,1548,12,GALAUTAS,,7,,722,826
21,124,2,1904,1725,1623,102,1722,3,JOSENI,,7,,20,1702
21,125,2,2147,1967,1849,118,1956,11,JOSENI,,7,,38,1918
21,126,2,640,566,510,56,563,3,JOSENI,,7,,8,555
21,127,2,1120,962,893,69,959,3,LAZAREA,,7,,9,950
21,128,2,814,743,633,110,743,0,LAZAREA,,7,,9,734
21,129,2,863,856,775,81,855,1,LAZAREA,,7,,14,841
21,130,2,113,110,79,31,110,0,LAZAREA,,7,,2,108
21,131,2,1489,1048,990,58,1046,2,LUETA,,7,,9,1037
21,132,2,1485,1054,985,69,1054,0,LUETA,,7,,11,1043
21,133,2,1244,1239,1215,24,1237,2,LUNCA DE JOS,,7,,8,1229
21,134,2,1287,1217,1159,58,1196,21,LUNCA DE JOS,,7,,6,1190
21,135,2,1167,1187,1113,74,1180,7,LUNCA DE JOS,,7,,5,1175
21,136,2,1632,1643,1591,52,1634,9,LUNCA DE SUS,,7,,49,1585
21,137,2,776,714,689,25,709,5,LUNCA DE SUS,,7,,6,703
21,138,2,474,390,338,52,379,11,LUNCA DE SUS,,7,,233,146
21,139,2,1759,1653,1625,28,1649,4,LUPENI,,7,,11,1638
21,140,2,1217,1248,1188,60,1248,0,LUPENI,,7,,3,1245
21,141,2,311,326,295,31,326,0,LUPENI,,7,,2,324
21,142,2,586,615,561,54,613,2,MARTINIS,,7,,17,596
21,143,2,415,409,377,32,407,2,MARTINIS,,7,,2,405
21,144,2,192,212,190,22,212,0,MARTINIS,,7,,3,209
21,145,2,188,182,178,4,180,2,MARTINIS,,7,,3,177
21,146,2,641,651,617,34,651,0,MARTINIS,,7,,9,642
21,147,2,250,265,246,19,264,1,MARTINIS,,7,,2,262
21,148,2,1148,1054,979,75,1054,0,MERESTI,,7,,15,1039
21,149,2,1498,1498,1410,88,1490,8,MIHAILENI,,7,,9,1481
21,150,2,442,447,411,36,444,3,MIHAILENI,,7,,356,88
21,151,2,951,861,789,72,861,0,MUGENI,,7,,19,842
21,152,2,1010,952,884,68,949,3,MUGENI,,7,,2,947
21,153,2,720,691,645,46,690,1,MUGENI,,7,,15,675
21,154,2,903,829,748,81,827,2,MUGENI,,7,,10,817
21,155,2,339,349,304,45,346,3,MUGENI,,7,,2,344
21,156,2,467,438,402,36,435,3,MUGENI,,7,,8,427
21,157,2,610,623,594,29,623,0,OCLAND,,7,,12,611
21,158,2,379,377,343,34,377,0,OCLAND,,7,,8,369
21,159,2,455,421,389,32,420,1,PAULENI-CIUC,,7,,8,412
21,160,2,453,417,373,44,416,1,PAULENI-CIUC,,7,,2,414
21,161,2,369,374,326,48,373,1,PAULENI-CIUC,,7,,7,366
21,162,2,1217,1148,998,150,1136,12,PLAIESII DE JOS,,7,,62,1074
21,163,2,359,321,312,9,312,9,PLAIESII DE JOS,,7,,60,252
21,164,2,646,650,612,38,646,4,PLAIESII DE JOS,,7,,13,633
21,165,2,1286,1239,1183,56,1235,4,PRAID,,7,,18,1217
21,166,2,1405,1394,1333,61,1378,16,PRAID,,7,,7,1371
21,167,2,1260,1191,1150,41,1176,15,PRAID,,7,,6,1170
21,168,2,999,979,942,37,972,7,PRAID,,7,,7,965
21,169,2,113,79,73,6,79,0,PRAID,,7,,0,79
21,170,2,1504,1403,1376,27,1396,7,REMETEA,,7,,12,1384
21,171,2,1758,1549,1483,66,1545,4,REMETEA,,7,,15,1530
21,172,2,1512,1321,1295,26,1319,2,REMETEA,,7,,16,1303
21,173,2,133,137,118,19,135,2,SACEL,,7,,89,46
21,174,2,222,216,196,20,213,3,SACEL,,7,,50,163
21,175,2,401,367,357,10,365,2,SACEL,,7,,21,344
21,176,2,301,270,257,13,268,2,SACEL,,7,,10,258
21,177,2,781,757,706,51,752,5,SACEL,,7,,8,744
21,178,2,1566,1303,1197,106,1298,5,SARMAS,,7,,770,528
21,179,2,383,362,314,48,362,0,SARMAS,,7,,267,95
21,180,2,1120,938,806,132,927,11,SARMAS,,7,,366,561
21,181,2,1054,928,878,50,925,3,SECUIENI,,7,,21,904
21,182,2,822,814,734,80,810,4,SICULENI,,7,,62,748
21,183,2,1242,939,918,21,934,5,SICULENI,,7,,7,927
21,184,2,1978,1750,1716,34,1748,2,SICULENI,,7,,17,1731
21,185,2,817,737,694,43,733,4,SICULENI,,7,,11,722
21,186,2,341,335,324,11,335,0,SICULENI,,7,,3,332
21,187,2,1841,1661,1578,83,1644,17,SANCRAIENI,,7,,27,1617
21,188,2,1457,1254,1180,74,1250,4,SANCRAIENI,,7,,7,1243
21,189,2,734,647,598,49,646,1,SANCRAIENI,,7,,6,640
21,190,2,448,458,396,62,457,1,SANCRAIENI,,7,,2,455
21,191,2,2925,2580,2509,71,2557,23,SANDOMINIC,,7,,17,2540
21,192,2,2040,1910,1850,60,1893,17,SANDOMINIC,,7,,6,1887
21,193,2,1676,1642,1532,110,1640,2,SANMARTIN,,7,,16,1624
21,194,2,976,946,865,81,942,4,SANMARTIN,,7,,14,928
21,195,2,446,452,422,30,450,2,SANMARTIN,,7,,14,436
21,196,2,2519,2361,2247,114,2356,5,SANSIMION,,7,,17,2339
21,197,2,1778,1271,1160,111,1260,11,SUBCETATE,,7,,738,522
21,198,2,1642,1575,1537,38,1572,3,SUSENI,,7,,24,1548
21,199,2,715,675,663,12,672,3,SUSENI,,7,,7,665
21,200,2,650,578,543,35,569,9,SUSENI,,7,,12,557
21,201,2,1145,1071,1017,54,1052,19,SUSENI,,7,,14,1038
21,202,2,1049,867,791,76,863,4,SIMONESTI,,7,,17,846
21,203,2,407,414,381,33,413,1,SIMONESTI,,7,,1,412
21,204,2,579,591,537,54,589,2,SIMONESTI,,7,,2,587
21,205,2,381,388,354,34,388,0,SIMONESTI,,7,,3,385
21,206,2,450,444,410,34,444,0,SIMONESTI,,7,,2,442
21,207,2,1316,1165,945,220,1159,6,TULGHES,,7,,405,754
21,208,2,395,366,338,28,361,5,TULGHES,,7,,249,112
21,209,2,255,211,192,19,210,1,TULGHES,,7,,69,141
21,210,2,593,523,489,34,514,9,TULGHES,,7,,261,253
21,211,2,850,734,676,58,730,4,TUSNAD,,7,,11,719
21,212,2,749,674,596,78,671,3,TUSNAD,,7,,9,662
21,213,2,263,283,243,40,283,0,ULIES,,7,,0,283
21,214,2,261,262,222,40,262,0,ULIES,,7,,4,258
21,215,2,173,176,141,35,173,3,ULIES,,7,,1,172
21,216,2,222,250,188,62,249,1,ULIES,,7,,0,249
21,217,2,1264,1047,1010,37,1046,1,VARSAG,,7,,6,1040
21,218,2,960,768,676,92,763,5,VOSLOBENI,,7,,383,380
21,219,2,624,523,418,105,520,3,VOSLOBENI,,7,,193,327
21,220,2,2008,1821,1761,60,1817,4,ZETEA,,7,,5,1812
21,221,2,1434,1303,1281,22,1301,2,ZETEA,,7,,3,1298
21,222,2,515,501,452,49,501,0,ZETEA,,7,,10,491
21,223,2,146,183,143,40,183,0,ZETEA,,7,,3,180
21,224,2,312,288,250,38,287,1,ZETEA,,7,,0,287
22,1,2,1709,1395,1166,229,1390,5,MUNICIPIUL DEVA,,7,,537,853
22,2,2,1728,1168,1058,110,1164,4,MUNICIPIUL DEVA,,7,,504,660
22,3,2,1236,960,903,57,958,2,MUNICIPIUL DEVA,,7,,335,623
22,4,2,1497,1192,1063,129,1190,2,MUNICIPIUL DEVA,,7,,425,765
22,5,2,1417,1166,1051,115,1163,3,MUNICIPIUL DEVA,,7,,420,743
22,6,2,1693,1280,1114,166,1273,7,MUNICIPIUL DEVA,,7,,412,861
22,7,2,1955,1505,1354,151,1502,3,MUNICIPIUL DEVA,,7,,518,984
22,8,2,1700,1377,1201,176,1373,4,MUNICIPIUL DEVA,,7,,546,827
22,9,2,1718,1353,1231,122,1352,1,MUNICIPIUL DEVA,,7,,487,865
22,10,2,1713,1382,1190,192,1378,4,MUNICIPIUL DEVA,,7,,483,895
22,11,2,1585,1235,1148,87,1233,2,MUNICIPIUL DEVA,,7,,377,856
22,12,2,1263,1120,740,380,1115,5,MUNICIPIUL DEVA,,7,,257,858
22,13,2,1582,1295,1009,286,1291,4,MUNICIPIUL DEVA,,7,,442,849
22,14,2,1829,1249,1112,137,1238,11,MUNICIPIUL DEVA,,7,,430,808
22,15,2,1604,1642,1170,472,1636,6,MUNICIPIUL DEVA,,7,,597,1039
22,16,2,1655,1273,1202,71,1269,4,MUNICIPIUL DEVA,,7,,406,863
22,17,2,1354,1016,916,100,1012,4,MUNICIPIUL DEVA,,7,,335,677
22,18,2,1527,1127,1008,119,1123,4,MUNICIPIUL DEVA,,7,,400,723
22,19,2,1657,1249,1152,97,1242,7,MUNICIPIUL DEVA,,7,,397,845
22,20,2,2007,1494,1386,108,1488,6,MUNICIPIUL DEVA,,7,,565,923
22,21,2,1099,1050,704,346,1036,14,MUNICIPIUL DEVA,,7,,342,694
22,22,2,1275,1176,934,242,1171,5,MUNICIPIUL DEVA,,7,,289,882
22,23,2,1536,1243,1016,227,1241,2,MUNICIPIUL DEVA,,7,,487,754
22,24,2,1507,1142,1063,79,1142,0,MUNICIPIUL DEVA,,7,,307,835
22,25,2,1936,1326,1165,161,1317,9,MUNICIPIUL DEVA,,7,,410,907
22,26,2,1659,1256,910,346,1250,6,MUNICIPIUL DEVA,,7,,353,897
22,27,2,1605,1025,889,136,1020,5,MUNICIPIUL DEVA,,7,,314,706
22,28,2,1894,1628,1110,518,1624,4,MUNICIPIUL DEVA,,7,,494,1130
22,29,2,1391,1105,989,116,1102,3,MUNICIPIUL DEVA,,7,,338,764
22,30,2,1689,1268,1083,185,1264,4,MUNICIPIUL DEVA,,7,,532,732
22,31,2,1897,1312,1120,192,1307,5,MUNICIPIUL DEVA,,7,,392,915
22,32,2,1565,1133,879,254,1129,4,MUNICIPIUL DEVA,,7,,301,828
22,33,2,2072,1346,1140,206,1338,8,MUNICIPIUL DEVA,,7,,400,938
22,34,2,1876,992,759,233,985,7,MUNICIPIUL DEVA,,7,,254,731
22,35,2,1835,1232,1038,194,1225,5,MUNICIPIUL DEVA,,7,,334,891
22,36,2,2132,1389,1166,223,1386,3,MUNICIPIUL DEVA,,7,,498,888
22,37,2,1605,1368,1085,283,1358,10,MUNICIPIUL DEVA,,7,,455,903
22,38,2,1114,953,768,185,950,3,MUNICIPIUL DEVA,,7,,181,769
22,39,2,419,396,307,89,395,1,MUNICIPIUL DEVA,,7,,189,206
22,40,2,184,380,110,270,375,5,MUNICIPIUL DEVA,,7,,93,282
22,41,2,70,86,55,31,85,1,MUNICIPIUL DEVA,,7,,34,51
22,42,2,244,258,241,17,250,8,MUNICIPIUL DEVA,,7,,86,164
22,43,2,0,482,0,482,476,6,MUNICIPIUL DEVA,,7,,176,300
22,44,2,1233,1000,875,125,996,4,MUNICIPIU BRAD,,7,,437,559
22,45,2,1381,1081,989,92,1076,5,MUNICIPIU BRAD,,7,,454,622
22,46,2,1566,1125,1036,89,1122,3,MUNICIPIU BRAD,,7,,541,581
22,47,2,1764,1260,1179,81,1252,8,MUNICIPIU BRAD,,7,,581,671
22,48,2,1569,1149,1045,104,1145,4,MUNICIPIU BRAD,,7,,511,634
22,49,2,1401,964,902,62,962,2,MUNICIPIU BRAD,,7,,487,475
22,50,2,959,671,639,32,668,3,MUNICIPIU BRAD,,7,,364,304
22,51,2,1006,691,630,61,686,5,MUNICIPIU BRAD,,7,,328,358
22,52,2,1133,850,766,84,845,5,MUNICIPIU BRAD,,7,,406,439
22,53,2,1211,811,782,29,808,3,MUNICIPIU BRAD,,7,,431,377
22,54,2,799,583,542,41,575,8,MUNICIPIU BRAD,,7,,258,317
22,55,2,658,521,487,34,518,3,MUNICIPIU BRAD,,7,,256,262
22,56,2,484,371,327,44,364,7,MUNICIPIU BRAD,,7,,219,145
22,57,2,192,173,131,42,170,3,MUNICIPIU BRAD,,7,,67,103
22,58,2,0,309,0,309,306,3,MUNICIPIU BRAD,,7,,153,153
22,59,2,0,135,0,135,135,0,MUNICIPIU BRAD,,7,,55,80
22,60,2,0,171,0,171,171,0,MUNICIPIU BRAD,,7,,61,110
22,61,2,1585,1158,1050,108,1147,11,MUNICIPIUL HUNEDOARA,,7,,385,762
22,62,2,585,449,408,41,444,5,MUNICIPIUL HUNEDOARA,,7,,126,318
22,63,2,443,379,338,41,377,2,MUNICIPIUL HUNEDOARA,,7,,134,243
22,64,2,1723,1248,1198,50,1242,6,MUNICIPIUL HUNEDOARA,,7,,364,878
22,65,2,1006,753,712,41,751,2,MUNICIPIUL HUNEDOARA,,7,,207,544
22,66,2,1780,1197,1139,58,1191,5,MUNICIPIUL HUNEDOARA,,7,,357,834
22,67,2,1420,1061,998,63,1055,6,MUNICIPIUL HUNEDOARA,,7,,296,759
22,68,2,2253,1393,1301,92,1385,8,MUNICIPIUL HUNEDOARA,,7,,412,973
22,69,2,1727,1206,1099,107,1200,6,MUNICIPIUL HUNEDOARA,,7,,454,746
22,70,2,636,450,417,33,447,3,MUNICIPIUL HUNEDOARA,,7,,183,264
22,71,2,1376,1009,918,91,1004,5,MUNICIPIUL HUNEDOARA,,7,,372,632
22,72,2,1100,1099,995,104,1094,5,MUNICIPIUL HUNEDOARA,,7,,373,721
22,73,2,1600,1056,996,60,1048,8,MUNICIPIUL HUNEDOARA,,7,,441,607
22,74,2,1404,1029,901,128,1022,7,MUNICIPIUL HUNEDOARA,,7,,364,658
22,75,2,1300,890,825,65,887,3,MUNICIPIUL HUNEDOARA,,7,,332,555
22,76,2,1359,940,841,99,938,2,MUNICIPIUL HUNEDOARA,,7,,327,611
22,77,2,1280,942,846,96,939,3,MUNICIPIUL HUNEDOARA,,7,,380,559
22,78,2,1651,1205,1124,81,1199,6,MUNICIPIUL HUNEDOARA,,7,,416,783
22,79,2,1258,914,816,98,907,7,MUNICIPIUL HUNEDOARA,,7,,354,553
22,80,2,1521,1124,1053,71,1122,2,MUNICIPIUL HUNEDOARA,,7,,482,640
22,81,2,1843,1251,1169,82,1242,9,MUNICIPIUL HUNEDOARA,,7,,501,741
22,82,2,1471,1049,974,75,1048,1,MUNICIPIUL HUNEDOARA,,7,,344,704
22,83,2,1152,841,755,86,840,1,MUNICIPIUL HUNEDOARA,,7,,319,521
22,84,2,1650,1291,1096,195,1286,5,MUNICIPIUL HUNEDOARA,,7,,542,744
22,85,2,1568,1220,1155,65,1217,3,MUNICIPIUL HUNEDOARA,,7,,415,802
22,86,2,1457,1129,955,174,1126,3,MUNICIPIUL HUNEDOARA,,7,,412,714
22,87,2,0,586,0,586,580,6,MUNICIPIUL HUNEDOARA,,7,,239,341
22,88,2,1264,881,792,89,875,4,MUNICIPIUL HUNEDOARA,,7,,309,566
22,89,2,1737,1240,1155,85,1237,3,MUNICIPIUL HUNEDOARA,,7,,464,773
22,90,2,1950,1402,1321,81,1378,15,MUNICIPIUL HUNEDOARA,,7,,487,891
22,91,2,935,520,483,37,516,4,MUNICIPIUL HUNEDOARA,,7,,166,350
22,92,2,828,986,564,422,982,4,MUNICIPIUL HUNEDOARA,,7,,319,663
22,93,2,982,844,725,119,837,7,MUNICIPIUL HUNEDOARA,,7,,307,530
22,94,2,1222,926,884,42,919,7,MUNICIPIUL HUNEDOARA,,7,,373,546
22,95,2,1576,1269,1126,143,1262,7,MUNICIPIUL HUNEDOARA,,7,,497,765
22,96,2,1810,1359,1192,167,1351,8,MUNICIPIUL HUNEDOARA,,7,,508,843
22,97,2,1475,1038,862,176,1034,4,MUNICIPIUL HUNEDOARA,,7,,407,627
22,98,2,1591,1186,1046,140,1179,7,MUNICIPIUL HUNEDOARA,,7,,384,795
22,99,2,1373,933,874,59,928,5,MUNICIPIUL HUNEDOARA,,7,,371,557
22,100,2,1356,944,881,63,936,8,MUNICIPIUL HUNEDOARA,,7,,335,601
22,101,2,1513,1010,943,67,1004,6,MUNICIPIUL HUNEDOARA,,7,,287,717
22,102,2,1637,1135,1084,51,1129,6,MUNICIPIUL HUNEDOARA,,7,,334,795
22,103,2,1376,908,843,65,903,5,MUNICIPIUL HUNEDOARA,,7,,294,609
22,104,2,1441,912,839,73,906,6,MUNICIPIUL HUNEDOARA,,7,,255,651
22,105,2,1207,828,729,99,827,1,MUNICIPIUL HUNEDOARA,,7,,210,617
22,106,2,1515,1010,946,64,1002,8,MUNICIPIUL HUNEDOARA,,7,,281,721
22,107,2,343,262,216,46,259,3,MUNICIPIUL HUNEDOARA,,7,,76,183
22,108,2,454,352,298,54,349,3,MUNICIPIUL HUNEDOARA,,7,,75,274
22,109,2,407,307,260,47,304,3,MUNICIPIUL HUNEDOARA,,7,,155,149
22,110,2,449,395,328,67,368,27,MUNICIPIUL HUNEDOARA,,7,,177,191
22,111,2,970,777,670,107,775,2,MUNICIPIUL HUNEDOARA,,7,,286,489
22,112,2,229,231,210,21,227,4,MUNICIPIUL HUNEDOARA,,7,,110,117
22,113,2,1825,1417,1293,124,1404,13,MUNICIPIUL ORASTIE,,7,,571,833
22,114,2,1794,1334,1199,135,1323,11,MUNICIPIUL ORASTIE,,7,,352,971
22,115,2,1814,1356,1086,270,1347,9,MUNICIPIUL ORASTIE,,7,,355,992
22,116,2,1763,1314,1212,102,1310,4,MUNICIPIUL ORASTIE,,7,,480,830
22,117,2,1660,1230,1121,109,1222,8,MUNICIPIUL ORASTIE,,7,,348,874
22,118,2,1224,1002,905,97,998,4,MUNICIPIUL ORASTIE,,7,,360,638
22,119,2,1609,1177,1041,136,1168,9,MUNICIPIUL ORASTIE,,7,,481,687
22,120,2,1215,957,878,79,954,3,MUNICIPIUL ORASTIE,,7,,390,564
22,121,2,1925,1410,1245,165,1398,12,MUNICIPIUL ORASTIE,,7,,456,942
22,122,2,1558,1221,1092,129,1210,11,MUNICIPIUL ORASTIE,,7,,362,848
22,123,2,1725,1537,1459,78,1516,21,MUNICIPIUL ORASTIE,,7,,765,751
22,124,2,0,810,0,810,800,10,MUNICIPIUL ORASTIE,,7,,320,480
22,125,2,135,145,106,39,143,2,MUNICIPIUL ORASTIE,,7,,61,82
22,126,2,1944,1616,1482,134,1479,3,MUNICIPIUL PETROSANI,,7,,889,590
22,127,2,1614,1193,1101,92,1185,8,MUNICIPIUL PETROSANI,,7,,728,457
22,128,2,1778,1392,1262,130,1383,9,MUNICIPIUL PETROSANI,,7,,839,544
22,129,2,1845,1409,1269,140,1408,1,MUNICIPIUL PETROSANI,,7,,865,543
22,130,2,0,324,0,324,321,3,MUNICIPIUL PETROSANI,,7,,169,152
22,131,2,1284,1019,891,128,1011,8,MUNICIPIUL PETROSANI,,7,,585,426
22,132,2,1287,1005,898,107,1004,1,MUNICIPIUL PETROSANI,,7,,606,398
22,133,2,1723,1222,1120,102,1216,6,MUNICIPIUL PETROSANI,,7,,725,491
22,134,2,1928,1400,1229,171,1382,18,MUNICIPIUL PETROSANI,,7,,924,458
22,135,2,1196,912,865,47,908,3,MUNICIPIUL PETROSANI,,7,,532,376
22,136,2,1694,1255,1157,98,1245,10,MUNICIPIUL PETROSANI,,7,,748,497
22,137,2,1807,1322,1248,74,1318,4,MUNICIPIUL PETROSANI,,7,,865,453
22,138,2,1663,1293,1101,192,1287,6,MUNICIPIUL PETROSANI,,7,,854,433
22,139,2,1857,1349,1248,101,1340,9,MUNICIPIUL PETROSANI,,7,,865,475
22,140,2,2190,1693,1470,223,1685,8,MUNICIPIUL PETROSANI,,7,,1130,555
22,141,2,1710,1152,947,205,1144,8,MUNICIPIUL PETROSANI,,7,,785,359
22,142,2,985,719,670,49,667,3,MUNICIPIUL PETROSANI,,7,,494,173
22,143,2,1670,1179,1091,88,1176,3,MUNICIPIUL PETROSANI,,7,,831,345
22,144,2,1241,1062,834,228,1060,2,MUNICIPIUL PETROSANI,,7,,758,302
22,145,2,1764,1266,1009,257,1253,13,MUNICIPIUL PETROSANI,,7,,878,375
22,146,2,2218,1572,1403,169,1565,7,MUNICIPIUL PETROSANI,,7,,1063,502
22,147,2,620,432,380,52,427,5,MUNICIPIUL PETROSANI,,7,,208,219
22,148,2,1821,1443,1200,243,1431,12,MUNICIPIUL PETROSANI,,7,,869,562
22,149,2,1197,903,712,191,893,10,MUNICIPIUL PETROSANI,,7,,552,341
22,150,2,1744,1185,1070,115,1168,17,MUNICIPIUL PETROSANI,,7,,718,450
22,151,2,224,174,150,24,170,4,MUNICIPIUL PETROSANI,,7,,161,9
22,152,2,353,379,347,32,369,10,MUNICIPIUL PETROSANI,,7,,228,141
22,153,2,0,423,0,423,419,4,MUNICIPIUL PETROSANI,,7,,302,117
22,154,2,0,283,0,283,281,2,MUNICIPIUL PETROSANI,,7,,136,145
22,155,2,2103,1883,1558,325,1874,9,ORAS ANINOASA,,7,,1595,279
22,156,2,1589,1278,1004,274,1272,6,ORAS ANINOASA,,7,,965,307
22,157,2,1163,824,708,116,812,12,ORAS CALAN,,7,,318,494
22,158,2,1638,1141,1047,94,1138,3,ORAS CALAN,,7,,481,657
22,159,2,1555,1158,972,186,1145,13,ORAS CALAN,,7,,364,781
22,160,2,2865,1950,1773,177,1940,10,ORAS CALAN,,7,,681,1259
22,161,2,1051,808,718,90,805,3,ORAS CALAN,,7,,256,549
22,162,2,304,243,203,40,243,0,ORAS CALAN,,7,,99,144
22,163,2,495,393,321,72,392,1,ORAS CALAN,,7,,169,223
22,164,2,459,360,330,30,357,3,ORAS CALAN,,7,,140,217
22,165,2,310,226,193,33,225,1,ORAS CALAN,,7,,107,118
22,166,2,140,135,104,31,133,2,ORAS CALAN,,7,,48,85
22,167,2,170,141,121,20,140,1,ORAS CALAN,,7,,62,78
22,168,2,600,532,494,38,529,3,ORAS CALAN,,7,,230,299
22,169,2,260,219,197,22,218,1,ORAS CALAN,,7,,70,148
22,170,2,270,245,211,34,242,3,ORAS CALAN,,7,,173,69
22,171,2,2124,1747,1600,147,1735,12,ORAS HATEG,,7,,729,1006
22,172,2,2054,1485,1402,83,1475,10,ORAS HATEG,,7,,695,780
22,173,2,1938,1580,1370,210,1569,11,ORAS HATEG,,7,,624,945
22,174,2,2173,1594,1388,206,1589,5,ORAS HATEG,,7,,573,1016
22,175,2,708,523,423,100,521,2,ORAS HATEG,,7,,242,279
22,176,2,0,91,0,91,91,0,ORAS HATEG,,7,,53,38
22,177,2,167,150,138,12,145,5,ORAS HATEG,,7,,58,87
22,178,2,1986,1377,1216,161,1360,17,ORAS LUPENI,,7,,1013,347
22,179,2,1981,1419,1219,200,1415,4,ORAS LUPENI,,7,,957,458
22,180,2,2307,1466,1249,217,1459,7,ORAS LUPENI,,7,,1052,407
22,181,2,1679,1505,1122,383,1491,14,ORAS LUPENI,,7,,1133,358
22,182,2,1908,1473,1322,151,1470,3,ORAS LUPENI,,7,,968,502
22,183,2,1765,1320,1168,152,1304,16,ORAS LUPENI,,7,,910,394
22,184,2,2050,1706,1410,296,1695,11,ORAS LUPENI,,7,,1232,463
22,185,2,1854,1575,1090,485,1564,11,ORAS LUPENI,,7,,1196,368
22,186,2,2051,1606,1148,458,1593,13,ORAS LUPENI,,7,,1130,463
22,187,2,2725,1952,1805,147,1943,9,ORAS LUPENI,,7,,1411,532
22,188,2,2075,1461,1240,221,1450,11,ORAS LUPENI,,7,,1036,414
22,189,2,1814,1424,1095,329,1419,5,ORAS LUPENI,,7,,961,458
22,190,2,1559,1320,1054,266,1311,9,ORAS PETRILA,,7,,985,326
22,191,2,1524,1150,1066,84,1147,3,ORAS PETRILA,,7,,860,287
22,192,2,1229,897,809,88,895,2,ORAS PETRILA,,7,,670,225
22,193,2,1447,1176,986,190,1171,5,ORAS PETRILA,,7,,854,317
22,194,2,1259,1110,1025,85,1102,8,ORAS PETRILA,,7,,816,286
22,195,2,1357,993,924,69,991,2,ORAS PETRILA,,7,,754,237
22,196,2,1267,912,845,67,904,8,ORAS PETRILA,,7,,666,238
22,197,2,1518,1092,1030,62,1084,8,ORAS PETRILA,,7,,795,289
22,198,2,1442,982,915,67,979,3,ORAS PETRILA,,7,,704,275
22,199,2,1544,1095,917,178,1081,14,ORAS PETRILA,,7,,777,304
22,200,2,1092,761,697,64,758,3,ORAS PETRILA,,7,,559,199
22,201,2,915,716,591,125,708,8,ORAS PETRILA,,7,,537,171
22,202,2,1810,1336,1087,249,1328,8,ORAS PETRILA,,7,,1037,291
22,203,2,1323,1053,936,117,1043,10,ORAS PETRILA,,7,,823,220
22,204,2,1556,1288,1181,107,1278,10,ORAS PETRILA,,7,,1093,185
22,205,2,618,494,435,59,492,2,ORAS PETRILA,,7,,399,93
22,206,2,2028,1587,1321,266,1581,6,ORAS SIMERIA,,7,,532,1049
22,207,2,2110,1660,1345,315,1644,16,ORAS SIMERIA,,7,,633,1011
22,208,2,1560,1144,991,153,1140,4,ORAS SIMERIA,,7,,374,766
22,209,2,1184,843,740,103,834,9,ORAS SIMERIA,,7,,333,501
22,210,2,1476,1136,1045,91,1131,5,ORAS SIMERIA,,7,,487,644
22,211,2,1578,1198,1022,176,1188,10,ORAS SIMERIA,,7,,453,735
22,212,2,715,953,471,482,945,8,ORAS SIMERIA,,7,,357,588
22,213,2,782,658,521,137,654,4,ORAS SIMERIA,,7,,304,350
22,214,2,2015,1421,1119,302,1403,18,ORAS URICANI,,7,,984,419
22,215,2,2257,1552,1263,289,1545,7,ORAS URICANI,,7,,1052,493
22,216,2,1861,1499,940,559,1496,3,ORAS URICANI,,7,,1024,472
22,217,2,1936,1325,1092,233,1316,9,ORAS URICANI,,7,,919,397
22,218,2,421,403,245,158,397,6,ORAS URICANI,,7,,249,148
22,219,2,1313,985,759,226,981,4,ORAS VULCAN,,7,,722,259
22,220,2,1588,1194,984,210,1186,8,ORAS VULCAN,,7,,878,308
22,221,2,1707,1298,1097,201,1282,16,ORAS VULCAN,,7,,999,283
22,222,2,676,480,425,55,477,3,ORAS VULCAN,,7,,365,112
22,223,2,1511,1070,975,95,1052,18,ORAS VULCAN,,7,,746,306
22,224,2,1091,825,733,92,823,2,ORAS VULCAN,,7,,607,216
22,225,2,983,831,658,173,829,2,ORAS VULCAN,,7,,627,202
22,226,2,1565,1178,986,192,1175,3,ORAS VULCAN,,7,,910,265
22,227,2,1797,1265,961,304,1260,5,ORAS VULCAN,,7,,965,295
22,228,2,1700,1090,959,131,1084,6,ORAS VULCAN,,7,,800,284
22,229,2,1977,1371,1016,355,1364,7,ORAS VULCAN,,7,,1136,228
22,230,2,2511,1715,1425,290,1704,11,ORAS VULCAN,,7,,1382,322
22,231,2,1773,1314,906,408,1308,6,ORAS VULCAN,,7,,1030,278
22,232,2,1334,907,792,115,895,12,ORAS VULCAN,,7,,693,202
22,233,2,991,756,656,100,752,4,ORAS VULCAN,,7,,557,195
22,234,2,1051,894,659,235,885,9,ORAS VULCAN,,7,,616,269
22,235,2,955,668,578,90,662,6,ORAS VULCAN,,7,,518,144
22,236,2,1633,1231,1105,126,1216,15,ORAS VULCAN,,7,,816,400
22,237,2,0,48,0,48,48,0,ORAS VULCAN,,7,,24,24
22,238,2,981,788,679,109,786,2,BAIA DE CRIS,,7,,406,380
22,239,2,504,357,324,33,355,2,BAIA DE CRIS,,7,,162,193
22,240,2,575,406,372,34,401,5,BAIA DE CRIS,,7,,239,162
22,241,2,673,591,515,76,589,2,BAIA DE CRIS,,7,,363,226
22,242,2,365,228,177,51,227,1,BALSA,,7,,104,123
22,243,2,94,74,58,16,73,1,BALSA,,7,,38,35
22,244,2,60,73,46,27,72,1,BALSA,,7,,35,37
22,245,2,184,109,78,31,109,0,BALSA,,7,,38,71
22,246,2,324,217,177,40,215,2,BALSA,,7,,122,93
22,247,2,98,97,77,20,95,1,BALSA,,7,,64,31
22,248,2,151,147,119,28,145,2,BALSA,,7,,74,71
22,249,2,1475,1175,945,230,1162,13,BARU,,7,,644,518
22,250,2,849,598,515,83,597,1,BARU,,7,,357,240
22,251,2,1257,982,811,171,974,8,BACIA,,7,,373,601
22,252,2,1606,1078,944,134,1065,13,BAITA,,7,,597,468
22,253,2,839,580,497,83,570,10,BAITA,,7,,354,216
22,254,2,618,375,329,46,374,1,BAITA,,7,,194,180
22,255,2,563,421,339,82,417,4,BAITA,,7,,227,190
22,256,2,993,766,643,123,758,8,BANITA,,7,,394,364
22,257,2,187,154,133,21,153,1,BATRANA,,7,,79,74
22,258,2,624,459,413,46,456,3,BERIU,,7,,190,266
22,259,2,911,620,587,33,613,7,BERIU,,7,,215,398
22,260,2,647,469,447,22,467,2,BERIU,,7,,228,239
22,261,2,140,103,92,11,103,0,BERIU,,7,,59,44
22,262,2,277,247,220,27,245,2,BERIU,,7,,89,156
22,263,2,864,457,440,17,453,4,BLAJENI,,7,,244,209
22,264,2,410,235,217,18,230,5,BLAJENI,,7,,146,84
22,265,2,160,114,87,27,114,0,BLAJENI,,7,,56,58
22,266,2,784,596,552,44,588,8,BOSOROD,,7,,359,229
22,267,2,477,360,324,36,355,5,BOSOROD,,7,,185,170
22,268,2,303,125,113,12,124,1,BOSOROD,,7,,78,46
22,269,2,246,211,177,34,207,4,BOSOROD,,7,,175,32
22,270,2,553,565,373,192,563,2,BRANISCA,,7,,267,296
22,271,2,552,373,306,67,372,1,BRANISCA,,7,,177,195
22,272,2,186,108,77,31,108,0,BRANISCA,,7,,47,61
22,273,2,156,68,50,18,67,1,BRANISCA,,7,,43,24
22,274,2,384,319,293,26,318,1,BRETEA ROMANA,,7,,183,135
22,275,2,538,366,316,50,364,2,BRETEA ROMANA,,7,,173,191
22,276,2,436,324,303,21,317,7,BRETEA ROMANA,,7,,150,167
22,277,2,308,279,254,25,276,3,BRETEA ROMANA,,7,,178,98
22,278,2,218,205,167,38,204,1,BRETEA ROMANA,,7,,102,102
22,279,2,700,391,370,21,390,1,BRETEA ROMANA,,7,,158,232
22,280,2,904,603,550,53,598,5,BUCES,,7,,333,265
22,281,2,399,324,288,36,322,2,BUCES,,7,,157,165
22,282,2,870,484,433,51,480,4,BUCES,,7,,279,201
22,283,2,585,393,354,39,390,3,BUCURESCI,,7,,217,173
22,284,2,388,251,228,23,251,0,BUCURESCI,,7,,147,104
22,285,2,84,96,62,34,96,0,BUCURESCI,,7,,54,42
22,286,2,234,146,138,8,144,2,BUCURESCI,,7,,91,53
22,287,2,431,276,254,22,270,6,BUCURESCI,,7,,149,121
22,288,2,284,174,146,28,170,4,BULZESTII DE SUS,,7,,94,76
22,289,2,193,100,83,17,100,0,BULZESTII DE SUS,,7,,68,32
22,290,2,90,100,70,30,99,1,BUNILA,,7,,83,16
22,291,2,40,53,31,22,53,0,BUNILA,,7,,45,8
22,292,2,90,112,86,26,112,0,BUNILA,,7,,89,23
22,293,2,178,206,151,55,206,0,BUNILA,,7,,99,107
22,294,2,39,90,34,56,89,1,BUNILA,,7,,42,47
22,295,2,125,144,95,49,142,2,BURJUC,,7,,90,52
22,296,2,128,147,96,51,144,3,BURJUC,,7,,68,76
22,297,2,132,184,110,74,183,1,BURJUC,,7,,103,80
22,298,2,187,168,137,31,167,1,BURJUC,,7,,53,114
22,299,2,189,173,149,24,172,1,BURJUC,,7,,78,94
22,300,2,296,200,165,35,199,1,CERBAL,,7,,129,70
22,301,2,230,198,178,20,196,2,CERBAL,,7,,146,50
22,302,2,160,126,111,15,125,1,CERBAL,,7,,98,27
22,303,2,1111,1023,840,183,1018,5,CERTEJU DE SUS,,7,,593,425
22,304,2,513,463,378,85,460,3,CERTEJU DE SUS,,7,,242,218
22,305,2,191,166,119,47,165,1,CERTEJU DE SUS,,7,,61,104
22,306,2,260,248,201,47,246,2,CERTEJU DE SUS,,7,,172,74
22,307,2,364,293,253,40,290,3,CERTEJU DE SUS,,7,,173,117
22,308,2,197,185,154,31,182,3,CERTEJU DE SUS,,7,,137,45
22,309,2,356,203,163,40,203,0,CARJITI,,7,,111,92
22,310,2,164,180,149,31,180,0,CARJITI,,7,,97,83
22,311,2,160,176,141,35,172,4,CARJITI,,7,,73,99
22,312,2,1480,1088,1005,83,1082,6,CRISCIOR,,7,,613,469
22,313,2,1120,1038,787,251,1027,11,CRISCIOR,,7,,475,552
22,314,2,865,699,670,29,691,8,CRISCIOR,,7,,423,268
22,315,2,584,381,341,40,375,6,DENSUS,,7,,209,166
22,316,2,611,432,381,51,428,4,DENSUS,,7,,152,276
22,317,2,408,224,208,16,223,1,DENSUS,,7,,109,114
22,318,2,1355,1077,901,176,1067,10,DOBRA,,7,,590,477
22,319,2,340,280,198,82,276,4,DOBRA,,7,,103,173
22,320,2,312,218,179,39,218,0,DOBRA,,7,,139,79
22,321,2,599,481,403,78,473,8,DOBRA,,7,,304,169
22,322,2,234,189,163,26,184,5,DOBRA,,7,,60,124
22,323,2,1058,799,653,146,795,4,GEOAGIU,,7,,330,465
22,324,2,909,720,627,93,713,7,GEOAGIU,,7,,204,509
22,325,2,579,505,378,127,502,3,GEOAGIU,,7,,237,265
22,326,2,230,160,142,18,159,1,GEOAGIU,,7,,95,64
22,327,2,107,98,77,21,97,1,GEOAGIU,,7,,59,38
22,328,2,432,510,266,244,510,0,GEOAGIU,,7,,201,309
22,329,2,359,243,208,35,242,1,GEOAGIU,,7,,126,116
22,330,2,393,264,234,30,260,4,GEOAGIU,,7,,111,149
22,331,2,267,168,137,31,168,0,GEOAGIU,,7,,61,107
22,332,2,80,46,26,20,46,0,GEOAGIU,,7,,16,30
22,333,2,78,193,48,145,193,0,GEOAGIU,,7,,62,131
22,334,2,786,680,571,109,675,5,GHELARI,,7,,445,230
22,335,2,1245,979,805,174,974,5,GHELARI,,7,,643,331
22,336,2,99,119,66,53,119,0,GHELARI,,7,,56,63
22,337,2,760,568,439,129,566,2,GURASADA,,7,,287,279
22,338,2,370,310,247,63,308,2,GURASADA,,7,,154,154
22,339,2,191,157,145,12,155,2,GURASADA,,7,,68,87
22,340,2,191,92,84,8,89,3,GURASADA,,7,,40,49
22,341,2,894,622,520,102,616,6,HARAU,,7,,272,344
22,342,2,718,488,424,64,478,10,HARAU,,7,,185,293
22,343,2,2114,1551,1304,247,1545,6,ILIA,,7,,896,649
22,344,2,534,416,354,62,410,6,ILIA,,7,,166,244
22,345,2,506,425,342,83,421,4,ILIA,,7,,245,176
22,346,2,467,430,335,95,400,30,LAPUGIU DE JOS,,7,,220,180
22,347,2,362,276,244,32,272,4,LAPUGIU DE JOS,,7,,175,97
22,348,2,463,300,257,43,294,6,LAPUGIU DE JOS,,7,,142,152
22,349,2,204,159,122,37,158,1,LELESE,,7,,123,35
22,350,2,116,97,58,39,97,0,LELESE,,7,,75,22
22,351,2,140,90,70,20,88,2,LELESE,,7,,50,38
22,352,2,525,335,284,51,332,3,LUNCA CERNII DE JOS,,7,,213,119
22,353,2,304,147,140,7,147,0,LUNCA CERNII DE JOS,,7,,79,68
22,354,2,227,116,80,36,113,3,LUNCA CERNII DE JOS,,7,,71,42
22,355,2,1246,823,779,44,814,9,LUNCOIU DE JOS,,7,,391,423
22,356,2,506,324,292,32,319,5,LUNCOIU DE JOS,,7,,215,104
22,357,2,190,163,134,29,163,0,MARTINESTI,,7,,76,87
22,358,2,239,221,167,54,218,3,MARTINESTI,,7,,97,121
22,359,2,115,128,80,48,125,3,MARTINESTI,,7,,45,80
22,360,2,231,158,128,30,158,0,MARTINESTI,,7,,45,113
22,361,2,109,118,88,30,117,1,MARTINESTI,,7,,62,55
22,362,2,444,335,301,34,335,0,ORASTIOARA DE SUS,,7,,218,117
22,363,2,292,223,211,12,221,2,ORASTIOARA DE SUS,,7,,124,97
22,364,2,322,216,189,27,216,0,ORASTIOARA DE SUS,,7,,79,137
22,365,2,482,332,304,28,327,5,ORASTIOARA DE SUS,,7,,195,132
22,366,2,204,168,134,34,166,2,ORASTIOARA DE SUS,,7,,113,53
22,367,2,359,261,228,33,260,1,ORASTIOARA DE SUS,,7,,82,178
22,368,2,283,293,229,64,292,1,PESTISU MIC,,7,,163,129
22,369,2,224,223,188,35,222,1,PESTISU MIC,,7,,118,104
22,370,2,53,79,37,42,79,0,PESTISU MIC,,7,,34,45
22,371,2,266,262,201,61,262,0,PESTISU MIC,,7,,169,93
22,372,2,84,115,65,50,115,0,PESTISU MIC,,7,,71,44
22,373,2,703,554,416,138,548,6,PUI,,7,,213,335
22,374,2,417,215,193,22,212,3,PUI,,7,,100,112
22,375,2,310,110,95,15,109,1,PUI,,7,,69,40
22,376,2,366,291,235,56,287,4,PUI,,7,,134,153
22,377,2,245,136,102,34,136,0,PUI,,7,,105,31
22,378,2,364,284,215,69,284,0,PUI,,7,,161,123
22,379,2,461,355,281,74,352,3,PUI,,7,,189,163
22,380,2,151,144,101,43,143,1,PUI,,7,,63,80
22,381,2,471,269,242,27,266,3,PUI,,7,,121,145
22,382,2,392,303,244,59,300,3,PUI,,7,,144,156
22,383,2,847,688,576,112,684,4,RAPOLTU MARE,,7,,283,401
22,384,2,393,349,295,54,345,4,RAPOLTU MARE,,7,,197,148
22,385,2,314,254,207,47,251,3,RAPOLTU MARE,,7,,117,134
22,386,2,758,422,394,28,414,8,RACHITOVA,,7,,211,203
22,387,2,429,255,221,34,254,1,RACHITOVA,,7,,108,146
22,388,2,249,177,159,18,176,1,RACHITOVA,,7,,91,85
22,389,2,643,447,420,27,443,4,RIBITA,,7,,297,146
22,390,2,486,334,315,19,330,4,RIBITA,,7,,224,106
22,391,2,263,182,148,34,180,2,RIBITA,,7,,130,50
22,392,2,109,59,46,13,58,1,RIBITA,,7,,45,13
22,393,2,804,831,508,323,824,7,RAU DE MORI,,7,,329,495
22,394,2,740,572,508,64,568,4,RAU DE MORI,,7,,217,351
22,395,2,475,383,365,18,381,2,RAU DE MORI,,7,,130,251
22,396,2,154,130,109,21,130,0,RAU DE MORI,,7,,51,79
22,397,2,297,226,213,13,226,0,RAU DE MORI,,7,,54,172
22,398,2,354,202,184,18,198,3,RAU DE MORI,,7,,73,125
22,399,2,948,716,668,48,712,4,ROMOS,,7,,206,506
22,400,2,679,426,373,53,422,4,ROMOS,,7,,123,299
22,401,2,534,402,345,57,396,6,ROMOS,,7,,181,215
22,402,2,205,191,160,31,190,1,ROMOS,,7,,119,71
22,403,2,1036,741,687,54,740,1,SARMIZEGETUSA,,7,,393,347
22,404,2,168,123,103,20,123,0,SARMIZEGETUSA,,7,,46,77
22,405,2,1043,663,595,68,661,2,SALASU DE SUS,,7,,337,324
22,406,2,463,356,307,49,355,1,SALASU DE SUS,,7,,146,209
22,407,2,575,336,307,29,334,2,SALASU DE SUS,,7,,174,160
22,408,2,467,282,266,16,273,9,SALASU DE SUS,,7,,107,166
22,409,2,803,781,491,290,774,7,SANTAMARIA-ORLEA,,7,,310,464
22,410,2,800,701,587,114,686,15,SANTAMARIA-ORLEA,,7,,346,340
22,411,2,821,727,656,71,719,8,SANTAMARIA-ORLEA,,7,,355,364
22,412,2,1126,942,824,118,931,11,SOIMUS,,7,,480,451
22,413,2,250,275,230,45,273,2,SOIMUS,,7,,134,139
22,414,2,784,653,544,109,653,0,SOIMUS,,7,,306,347
22,415,2,224,200,158,42,197,3,SOIMUS,,7,,112,85
22,416,2,288,281,235,46,278,3,SOIMUS,,7,,154,124
22,417,2,1125,931,727,204,921,10,TELIUCU INFERIOR,,7,,499,422
22,418,2,580,482,404,78,477,5,TELIUCU INFERIOR,,7,,272,205
22,419,2,145,138,102,36,138,0,TELIUCU INFERIOR,,7,,94,44
22,420,2,280,198,162,36,193,5,TELIUCU INFERIOR,,7,,129,64
22,421,2,751,454,418,36,451,3,TOMESTI,,7,,243,208
22,422,2,443,373,332,41,371,2,TOMESTI,,7,,211,160
22,423,2,309,206,157,49,204,2,TOPLITA,,7,,121,83
22,424,2,201,160,137,23,159,1,TOPLITA,,7,,119,40
22,425,2,343,277,247,30,276,1,TOPLITA,,7,,160,116
22,426,2,346,307,291,16,307,0,TOTESTI,,7,,198,109
22,427,2,422,352,328,24,349,3,TOTESTI,,7,,159,190
22,428,2,290,260,234,26,260,0,TOTESTI,,7,,133,127
22,429,2,395,377,345,32,374,3,TOTESTI,,7,,179,195
22,430,2,349,338,262,76,336,2,TURDAS,,7,,124,212
22,431,2,758,724,588,136,718,6,TURDAS,,7,,324,394
22,432,2,220,198,151,47,197,1,TURDAS,,7,,78,119
22,433,2,855,519,478,41,513,6,UNIREA,,7,,260,253
22,434,2,1876,1249,1162,87,1244,5,VATA DE JOS,,7,,855,389
22,435,2,662,442,406,36,441,1,VATA DE JOS,,7,,315,126
22,436,2,210,170,148,22,170,0,VATA DE JOS,,7,,101,69
22,437,2,300,167,156,11,167,0,VATA DE JOS,,7,,142,25
22,438,2,324,213,194,19,210,3,VATA DE JOS,,7,,129,81
22,439,2,517,312,284,28,309,3,VATA DE JOS,,7,,190,119
22,440,2,716,512,435,77,507,5,VALISOARA,,7,,234,273
22,441,2,206,251,162,89,250,1,VALISOARA,,7,,119,131
22,442,2,275,220,195,25,214,6,VALISOARA,,7,,91,123
22,443,2,614,540,446,94,538,1,VETEL,,7,,233,305
22,444,2,141,132,101,31,129,3,VETEL,,7,,29,100
22,445,2,339,331,257,74,329,2,VETEL,,7,,142,187
22,446,2,487,469,295,174,466,3,VETEL,,7,,172,294
22,447,2,157,171,80,91,168,3,VETEL,,7,,75,93
22,448,2,123,99,78,21,99,0,VETEL,,7,,22,77
22,449,2,222,163,142,21,162,1,VORTA,,7,,112,50
22,450,2,225,137,120,17,133,4,VORTA,,7,,92,41
22,451,2,622,376,354,22,374,2,VORTA,,7,,302,72
22,452,2,579,516,413,103,513,3,ZAM,,7,,238,275
22,453,2,348,256,210,46,255,1,ZAM,,7,,139,116
22,454,2,244,160,139,21,157,3,ZAM,,7,,48,109
22,455,2,380,375,294,81,372,3,ZAM,,7,,177,195
22,456,2,194,129,120,9,127,2,ZAM,,7,,54,73
22,457,2,0,168,0,168,161,7,ZAM,,7,,49,112
23,1,2,1701,1252,1125,127,1245,7,MUNICIPIUL SLOBOZIA,,5,,616,629
23,2,2,1665,1154,1069,85,1142,12,MUNICIPIUL SLOBOZIA,,5,,538,604
23,3,2,1694,1199,1107,92,1186,13,MUNICIPIUL SLOBOZIA,,5,,580,606
23,4,2,1727,1230,1125,105,1222,8,MUNICIPIUL SLOBOZIA,,5,,610,612
23,5,2,1156,808,752,56,802,6,MUNICIPIUL SLOBOZIA,,5,,396,406
23,6,2,1600,1237,1179,58,1232,5,MUNICIPIUL SLOBOZIA,,5,,602,630
23,7,2,1387,1123,985,138,1120,3,MUNICIPIUL SLOBOZIA,,5,,528,592
23,8,2,1643,1185,1116,69,1184,1,MUNICIPIUL SLOBOZIA,,5,,589,595
23,9,2,1450,1083,976,107,1078,5,MUNICIPIUL SLOBOZIA,,5,,545,533
23,10,2,1092,810,732,78,809,1,MUNICIPIUL SLOBOZIA,,5,,410,399
23,11,2,1224,912,836,76,907,5,MUNICIPIUL SLOBOZIA,,5,,423,484
23,12,2,1400,929,853,76,927,2,MUNICIPIUL SLOBOZIA,,5,,511,416
23,13,2,1649,1129,1006,123,1113,16,MUNICIPIUL SLOBOZIA,,5,,502,611
23,14,2,1287,896,800,96,894,2,MUNICIPIUL SLOBOZIA,,5,,407,487
23,15,2,1722,1201,1119,82,1195,6,MUNICIPIUL SLOBOZIA,,5,,535,660
23,16,2,1522,1037,925,112,1032,5,MUNICIPIUL SLOBOZIA,,5,,498,534
23,17,2,1754,1159,1035,124,1144,15,MUNICIPIUL SLOBOZIA,,5,,514,630
23,18,2,1790,1311,1215,96,1304,7,MUNICIPIUL SLOBOZIA,,5,,647,657
23,19,2,1055,806,740,66,799,7,MUNICIPIUL SLOBOZIA,,5,,369,430
23,20,2,1511,1164,1112,52,1159,5,MUNICIPIUL SLOBOZIA,,5,,610,549
23,21,2,1299,1027,922,105,1024,3,MUNICIPIUL SLOBOZIA,,5,,488,536
23,22,2,360,1012,945,67,1005,7,MUNICIPIUL SLOBOZIA,,5,,458,547
23,23,2,1545,1168,1101,67,1161,7,MUNICIPIUL SLOBOZIA,,5,,521,640
23,24,2,1476,1114,1016,98,1107,7,MUNICIPIUL SLOBOZIA,,5,,509,598
23,25,2,1036,847,756,91,845,2,MUNICIPIUL SLOBOZIA,,5,,415,430
23,26,2,555,482,423,59,481,1,MUNICIPIUL SLOBOZIA,,5,,189,292
23,27,2,1453,988,902,86,974,14,MUNICIPIUL SLOBOZIA,,5,,515,459
23,28,2,1015,787,604,183,768,19,MUNICIPIUL SLOBOZIA,,5,,383,385
23,29,2,1433,1081,973,108,1072,9,MUNICIPIUL SLOBOZIA,,5,,600,472
23,30,2,397,472,305,167,470,2,MUNICIPIUL SLOBOZIA,,5,,247,223
23,31,2,282,284,262,22,278,6,MUNICIPIUL SLOBOZIA,,5,,117,161
23,32,2,88,98,86,12,98,0,MUNICIPIUL SLOBOZIA,,5,,58,40
23,33,2,543,540,540,0,533,7,MUNICIPIUL SLOBOZIA,,5,,97,436
23,34,2,947,764,684,80,761,3,MUNICIPIUL FETESTI,,5,,581,180
23,35,2,1621,1221,1107,114,1207,14,MUNICIPIUL FETESTI,,5,,809,398
23,36,2,1686,1233,1100,133,1229,4,MUNICIPIUL FETESTI,,5,,847,382
23,37,2,892,776,634,142,765,11,MUNICIPIUL FETESTI,,5,,496,269
23,38,2,1932,1508,1257,251,1496,12,MUNICIPIUL FETESTI,,5,,1032,464
23,39,2,1491,1095,974,121,1081,14,MUNICIPIUL FETESTI,,5,,754,327
23,40,2,1641,1184,1072,112,1178,6,MUNICIPIUL FETESTI,,5,,713,465
23,41,2,2074,1485,1286,199,1472,13,MUNICIPIUL FETESTI,,5,,803,669
23,42,2,2080,1553,1284,269,1550,3,MUNICIPIUL FETESTI,,5,,859,691
23,43,2,1968,1451,1338,113,1445,6,MUNICIPIUL FETESTI,,5,,904,541
23,44,2,1009,851,707,144,847,4,MUNICIPIUL FETESTI,,5,,587,260
23,45,2,1582,1236,1087,149,1234,2,MUNICIPIUL FETESTI,,5,,697,537
23,46,2,1610,1172,1045,127,1170,2,MUNICIPIUL FETESTI,,5,,682,488
23,47,2,1489,1157,1044,113,1151,6,MUNICIPIUL FETESTI,,5,,653,498
23,48,2,1317,990,920,70,980,10,MUNICIPIUL FETESTI,,5,,667,313
23,49,2,1338,1012,914,98,1001,11,MUNICIPIUL FETESTI,,5,,679,322
23,50,2,1818,1387,1282,105,1365,22,MUNICIPIUL FETESTI,,5,,895,470
23,51,2,449,464,418,46,454,10,MUNICIPIUL FETESTI,,5,,315,139
23,52,2,1522,1033,925,108,1018,15,MUNICIPIUL URZICENI,,5,,534,484
23,53,2,1542,1085,997,88,1083,2,MUNICIPIUL URZICENI,,5,,488,595
23,54,2,747,586,498,88,581,5,MUNICIPIUL URZICENI,,5,,283,298
23,55,2,990,771,703,68,768,3,MUNICIPIUL URZICENI,,5,,354,414
23,56,2,1208,892,860,32,890,2,MUNICIPIUL URZICENI,,5,,434,456
23,57,2,1376,1052,944,108,1047,5,MUNICIPIUL URZICENI,,5,,468,579
23,58,2,1445,1120,1019,101,1114,6,MUNICIPIUL URZICENI,,5,,569,545
23,59,2,1396,996,937,59,989,7,MUNICIPIUL URZICENI,,5,,462,527
23,60,2,1420,959,909,50,948,11,MUNICIPIUL URZICENI,,5,,502,446
23,61,2,1357,1010,918,92,999,11,MUNICIPIUL URZICENI,,5,,501,498
23,62,2,1194,816,710,106,802,14,MUNICIPIUL URZICENI,,5,,398,404
23,63,2,1595,1164,1058,106,1155,9,ORAS TANDAREI,,5,,632,523
23,64,2,254,903,842,61,893,10,ORAS TANDAREI,,5,,560,333
23,65,2,1938,1281,1214,67,1277,4,ORAS TANDAREI,,5,,658,619
23,66,2,1212,882,837,45,871,11,ORAS TANDAREI,,5,,595,276
23,67,2,1149,1138,1053,85,1125,13,ORAS TANDAREI,,5,,677,448
23,68,2,1387,1114,934,180,1105,9,ORAS TANDAREI,,5,,711,394
23,69,2,1275,810,728,82,795,15,ORAS TANDAREI,,5,,554,241
23,70,2,1800,1314,1154,160,1301,13,ADANCATA,,5,,863,438
23,71,2,893,708,563,145,687,21,ADANCATA,,5,,377,310
23,72,2,39,53,39,14,53,0,ADANCATA,,5,,26,27
23,73,2,675,441,342,99,436,5,ALBESTI,,5,,247,189
23,74,2,1023,703,599,104,695,8,ALBESTI,,5,,384,311
23,75,2,538,432,334,98,425,7,ALBESTI,,5,,276,149
23,76,2,1930,1204,1115,89,1191,13,ALEXENI,,5,,742,449
23,77,2,181,170,170,0,168,2,ALEXENI,,5,,90,78
23,78,2,1880,1221,1096,125,1210,11,AMARA,,5,,666,544
23,79,2,1932,1252,1122,130,1236,16,AMARA,,5,,683,553
23,80,2,1695,1050,951,99,1040,10,AMARA,,5,,541,499
23,81,2,0,189,0,189,186,3,AMARA,,5,,128,58
23,82,2,0,223,0,223,220,3,AMARA,,5,,143,77
23,83,2,1729,1206,1021,185,1191,15,ANDRASESTI,,5,,701,490
23,84,2,545,390,317,73,382,8,ARMASESTI,,5,,248,134
23,85,2,1120,620,571,49,604,16,ARMASESTI,,5,,466,138
23,86,2,1190,731,676,55,583,148,ARMASESTI,,5,,324,259
23,87,2,1517,1419,1310,109,1389,30,ARMASESTI,,5,,421,968
23,88,2,747,486,386,100,475,11,AXINTELE,,5,,373,102
23,89,2,993,671,568,103,663,8,AXINTELE,,5,,378,285
23,90,2,611,466,377,89,463,3,AXINTELE,,5,,364,99
23,91,2,957,674,520,154,659,15,BALACIU,,5,,409,250
23,92,2,1127,868,675,193,855,13,BALACIU,,5,,584,271
23,93,2,862,521,431,90,509,12,BALACIU,,5,,298,211
23,94,2,1975,1236,1054,182,1223,13,BARCANESTI,,5,,867,356
23,95,2,1279,913,658,255,899,14,BARCANESTI,,5,,617,282
23,96,2,1696,1087,955,132,1078,9,BORDUSANI,,5,,666,412
23,97,2,1285,689,628,61,675,14,BORDUSANI,,5,,403,272
23,98,2,972,786,677,109,775,11,BORDUSANI,,5,,449,326
23,99,2,1303,811,726,85,790,21,BRAZII,,5,,482,308
23,100,2,1677,1140,1048,92,1123,17,BRAZII,,5,,736,387
23,101,2,1884,1321,1129,192,1313,8,BUCU,,5,,809,504
23,102,2,1851,1395,1096,299,1375,20,BUCU,,5,,739,636
23,103,2,1543,1105,908,197,1091,14,CAZANESTI,,5,,612,479
23,104,2,1122,834,713,121,829,5,CAZANESTI,,5,,517,312
23,105,2,482,914,759,155,906,8,CIOCHINA,,5,,557,349
23,106,2,751,563,467,96,553,10,CIOCHINA,,5,,360,193
23,107,2,750,566,499,67,560,6,CIOCHINA,,5,,381,179
23,108,2,728,520,450,70,511,9,CIOCARLIA,,5,,314,197
23,109,2,1018,766,649,117,752,14,CIULNITA,,5,,489,263
23,110,2,787,532,442,90,529,3,CIULNITA,,5,,358,171
23,111,2,2042,1235,1112,123,1216,19,COCORA,,5,,880,336
23,112,2,1135,803,657,146,797,6,COCORA,,5,,568,229
23,113,2,757,534,449,85,525,9,COSAMBESTI,,5,,323,202
23,114,2,700,526,456,70,518,8,COSAMBESTI,,5,,328,190
23,115,2,1240,937,791,146,930,7,COSAMBESTI,,5,,668,262
23,116,2,1579,1363,1094,269,1355,8,COSERENI,,5,,776,579
23,117,2,1108,864,730,134,849,15,COSERENI,,5,,622,227
23,118,2,990,848,706,142,843,5,COSERENI,,5,,577,266
23,119,2,1681,1197,986,211,1153,44,COSERENI,,5,,686,467
23,120,2,900,533,417,116,517,16,DRAGOESTI,,5,,282,235
23,121,2,2059,1398,1135,263,1383,15,DRIDU,,5,,702,681
23,122,2,849,528,430,98,524,4,DRIDU,,5,,272,252
23,123,2,415,289,257,32,287,2,DRIDU,,5,,183,104
23,124,2,180,835,723,112,826,9,DRIDU,,5,,510,316
23,125,2,2150,1563,1317,246,1542,21,FACAENI,,5,,1098,444
23,126,2,2002,1469,1236,233,1455,14,FACAENI,,5,,1078,377
23,127,2,455,406,295,111,403,3,FACAENI,,5,,293,110
23,128,2,1569,868,685,183,859,9,FIERBINTI-TARG,,5,,421,438
23,129,2,1598,1062,934,128,1052,10,FIERBINTI-TARG,,5,,649,403
23,130,2,1042,797,712,85,780,17,FIERBINTI-TARG,,5,,501,279
23,131,2,1379,1036,937,99,1025,11,GHEORGHE DOJA,,5,,675,350
23,132,2,1031,754,681,73,746,8,GHEORGHE DOJA,,5,,501,245
23,133,2,1951,1373,1229,144,1355,18,GHEORGHE LAZAR,,5,,795,560
23,134,2,1220,937,802,135,931,6,GIURGENI,,5,,643,288
23,135,2,2072,1240,1143,97,1228,12,GARBOVI,,5,,737,491
23,136,2,1805,1080,1004,76,1056,24,GARBOVI,,5,,750,306
23,137,2,2042,1407,1294,113,1397,10,GRINDU,,5,,1076,321
23,138,2,1243,730,637,93,722,8,GRIVITA,,5,,480,242
23,139,2,1339,689,622,67,682,7,GRIVITA,,5,,435,247
23,140,2,1100,779,640,139,767,12,GRIVITA,,5,,518,249
23,141,2,1145,930,745,185,910,20,GRIVITA,,5,,623,287
23,142,2,874,708,530,178,694,14,GRIVITA,,5,,455,239
23,143,2,948,747,583,164,737,10,ION ROATA,,5,,436,301
23,144,2,995,655,528,127,652,3,ION ROATA,,5,,435,217
23,145,2,1027,760,650,110,752,8,ION ROATA,,5,,476,276
23,146,2,1597,1097,1018,79,1088,9,JILAVELE,,5,,816,272
23,147,2,1654,1055,991,64,1041,14,JILAVELE,,5,,764,277
23,148,2,1818,1237,1063,174,1224,13,MANASIA,,5,,810,414
23,149,2,1629,1118,976,142,1105,13,MANASIA,,5,,692,413
23,150,2,1354,1015,862,153,1004,11,MIHAIL KOGALNICEANU,,5,,715,289
23,151,2,1474,996,812,184,987,9,MIHAIL KOGALNICEANU,,5,,750,237
23,152,2,1112,913,779,134,903,10,MIHAIL KOGALNICEANU,,5,,723,180
23,153,2,1006,823,693,130,801,22,MIHAIL KOGALNICEANU,,5,,624,177
23,154,2,1696,1153,1059,94,1140,13,MILOSESTI,,5,,890,250
23,155,2,472,301,252,49,299,2,MILOSESTI,,5,,207,92
23,156,2,410,341,253,88,335,6,MILOSESTI,,5,,204,131
23,157,2,1537,1093,986,107,1079,14,MOVILA,,5,,735,344
23,158,2,1104,797,683,114,775,22,MOVILITA,,5,,535,240
23,159,2,908,485,408,77,478,7,MOVILITA,,5,,277,201
23,160,2,1634,1282,1099,183,1272,10,MOVILITA,,5,,970,302
23,161,2,1727,1061,904,157,1048,13,MUNTENI-BUZAU,,5,,701,347
23,162,2,1516,1022,891,131,1009,13,MUNTENI-BUZAU,,5,,672,337
23,163,2,1696,1039,898,141,1028,11,PERIETI,,5,,716,312
23,164,2,688,464,357,107,459,5,PERIETI,,5,,290,169
23,165,2,203,220,106,114,214,6,PERIETI,,5,,79,135
23,166,2,1540,959,753,206,941,18,REVIGA,,5,,647,294
23,167,2,926,782,664,118,768,14,REVIGA,,5,,507,261
23,168,2,558,477,375,102,469,8,REVIGA,,5,,300,169
23,169,2,947,669,568,101,654,15,SALCIOARA,,5,,397,257
23,170,2,1100,794,711,83,778,16,SALCIOARA,,5,,534,244
23,171,2,1342,853,781,72,842,11,SAVENI,,5,,613,229
23,172,2,1348,922,830,92,915,7,SAVENI,,5,,662,253
23,173,2,380,410,321,89,410,0,SAVENI,,5,,238,172
23,174,2,1460,1119,950,169,1103,16,SAVENI,,5,,869,234
23,175,2,2528,1691,1505,186,1680,11,SCANTEIA,,5,,1337,343
23,176,2,834,756,588,168,747,9,SCANTEIA,,5,,606,141
23,177,2,779,603,508,95,595,8,SFANTU GHEORGHE,,5,,392,203
23,178,2,961,754,608,146,748,6,SFANTU GHEORGHE,,5,,502,246
23,179,2,1098,703,576,127,698,5,SINESTI,,5,,259,439
23,180,2,937,585,386,199,581,4,SINESTI,,5,,317,264
23,181,2,1400,971,855,116,955,16,STELNICA,,5,,676,279
23,182,2,1837,1336,1253,83,1331,5,SUDITI,,5,,1027,304
23,183,2,1440,1001,860,141,987,14,VALEA CIORII,,5,,680,307
23,184,2,1325,963,873,90,955,8,VALEA MACRISULUI,,5,,761,194
23,185,2,538,462,378,84,461,1,VALEA MACRISULUI,,5,,324,137
23,186,2,1706,1338,1158,180,1323,15,VLADENI,,5,,888,435
24,1,2,1912,1382,1233,149,1376,6,MUNICIPIUL IASI,,4,,550,826
24,2,2,1471,1142,1044,98,1139,3,MUNICIPIUL IASI,,4,,510,629
24,3,2,1166,1000,886,114,996,4,MUNICIPIUL IASI,,4,,372,624
24,4,2,1581,1189,1100,89,1179,10,MUNICIPIUL IASI,,4,,538,641
24,5,2,1516,1262,1060,202,1256,6,MUNICIPIUL IASI,,4,,527,729
24,6,2,1376,1042,934,108,1035,7,MUNICIPIUL IASI,,4,,487,548
24,7,2,1204,1123,862,261,1117,6,MUNICIPIUL IASI,,4,,453,664
24,8,2,1209,981,843,138,976,5,MUNICIPIUL IASI,,4,,399,577
24,9,2,1452,1223,956,267,1215,8,MUNICIPIUL IASI,,4,,605,610
24,10,2,1260,975,899,76,972,3,MUNICIPIUL IASI,,4,,422,550
24,11,2,1643,1400,1097,303,1388,12,MUNICIPIUL IASI,,4,,560,828
24,12,2,1177,934,840,94,929,5,MUNICIPIUL IASI,,4,,352,577
24,13,2,1080,925,832,93,922,3,MUNICIPIUL IASI,,4,,356,566
24,14,2,1184,922,865,57,915,7,MUNICIPIUL IASI,,4,,351,564
24,15,2,1001,940,730,210,931,9,MUNICIPIUL IASI,,4,,346,585
24,16,2,1162,922,834,88,917,5,MUNICIPIUL IASI,,4,,340,577
24,17,2,1210,1106,933,173,1102,4,MUNICIPIUL IASI,,4,,410,692
24,18,2,1363,1096,987,109,1093,3,MUNICIPIUL IASI,,4,,439,654
24,19,2,1064,926,854,72,908,18,MUNICIPIUL IASI,,4,,335,573
24,20,2,1319,1086,958,128,1084,2,MUNICIPIUL IASI,,4,,363,721
24,21,2,1209,1038,855,183,1035,3,MUNICIPIUL IASI,,4,,385,650
24,22,2,1374,1153,1063,90,1149,4,MUNICIPIUL IASI,,4,,430,719
24,23,2,1375,1088,972,116,1084,4,MUNICIPIUL IASI,,4,,445,639
24,24,2,1077,971,843,128,968,3,MUNICIPIUL IASI,,4,,454,514
24,25,2,1340,1235,1133,102,1129,4,MUNICIPIUL IASI,,4,,547,582
24,26,2,971,758,634,124,754,4,MUNICIPIUL IASI,,4,,329,425
24,27,2,1037,881,714,167,877,4,MUNICIPIUL IASI,,4,,370,507
24,28,2,1000,905,763,142,900,5,MUNICIPIUL IASI,,4,,421,479
24,29,2,1038,885,828,57,883,2,MUNICIPIUL IASI,,4,,370,513
24,30,2,1002,889,799,90,885,4,MUNICIPIUL IASI,,4,,408,477
24,31,2,809,759,649,110,756,3,MUNICIPIUL IASI,,4,,271,485
24,32,2,1090,937,839,98,936,1,MUNICIPIUL IASI,,4,,339,597
24,33,2,952,849,703,146,844,5,MUNICIPIUL IASI,,4,,329,515
24,34,2,1148,960,894,66,953,7,MUNICIPIUL IASI,,4,,346,607
24,35,2,1101,955,854,101,955,0,MUNICIPIUL IASI,,4,,352,603
24,36,2,1136,1005,870,135,1001,4,MUNICIPIUL IASI,,4,,347,654
24,37,2,1277,1084,1019,65,1080,4,MUNICIPIUL IASI,,4,,359,721
24,38,2,1293,979,866,113,975,4,MUNICIPIUL IASI,,4,,392,583
24,39,2,937,819,693,126,819,0,MUNICIPIUL IASI,,4,,305,514
24,40,2,1016,883,815,68,883,0,MUNICIPIUL IASI,,4,,357,526
24,41,2,1406,1086,991,95,1085,1,MUNICIPIUL IASI,,4,,472,613
24,42,2,1219,937,739,198,929,8,MUNICIPIUL IASI,,4,,344,585
24,43,2,1025,724,642,82,723,1,MUNICIPIUL IASI,,4,,264,459
24,44,2,964,765,696,69,761,4,MUNICIPIUL IASI,,4,,290,471
24,45,2,1299,1007,937,70,993,14,MUNICIPIUL IASI,,4,,431,562
24,46,2,1300,1080,939,141,1071,9,MUNICIPIUL IASI,,4,,455,616
24,47,2,1188,904,808,96,896,8,MUNICIPIUL IASI,,4,,378,518
24,48,2,1092,984,854,130,979,5,MUNICIPIUL IASI,,4,,389,590
24,49,2,1036,848,772,76,847,1,MUNICIPIUL IASI,,4,,333,514
24,50,2,1224,1037,908,129,1031,6,MUNICIPIUL IASI,,4,,485,546
24,51,2,880,695,608,87,688,7,MUNICIPIUL IASI,,4,,311,377
24,52,2,1561,1176,1062,114,1169,7,MUNICIPIUL IASI,,4,,519,650
24,53,2,1089,852,793,59,849,3,MUNICIPIUL IASI,,4,,397,452
24,54,2,1167,966,919,47,962,4,MUNICIPIUL IASI,,4,,418,544
24,55,2,1308,1204,945,259,1194,10,MUNICIPIUL IASI,,4,,559,635
24,56,2,1258,977,808,169,972,5,MUNICIPIUL IASI,,4,,406,566
24,57,2,1491,1180,1070,110,1172,8,MUNICIPIUL IASI,,4,,531,641
24,58,2,1390,1101,974,127,1089,12,MUNICIPIUL IASI,,4,,449,640
24,59,2,1791,1323,1181,142,1313,10,MUNICIPIUL IASI,,4,,540,773
24,60,2,1205,822,712,110,814,8,MUNICIPIUL IASI,,4,,374,440
24,61,2,905,726,616,110,721,5,MUNICIPIUL IASI,,4,,339,382
24,62,2,1003,820,708,112,816,4,MUNICIPIUL IASI,,4,,400,416
24,63,2,1077,888,779,109,883,5,MUNICIPIUL IASI,,4,,380,503
24,64,2,1788,1367,1189,178,1361,6,MUNICIPIUL IASI,,4,,610,751
24,65,2,1276,1040,940,100,1036,4,MUNICIPIUL IASI,,4,,450,586
24,66,2,941,1043,624,419,1035,8,MUNICIPIUL IASI,,4,,424,611
24,67,2,1300,1076,960,116,1071,5,MUNICIPIUL IASI,,4,,426,645
24,68,2,1305,1074,960,114,1070,4,MUNICIPIUL IASI,,4,,490,580
24,69,2,1533,1290,1209,81,1286,4,MUNICIPIUL IASI,,4,,490,796
24,70,2,1017,828,617,211,816,12,MUNICIPIUL IASI,,4,,306,510
24,71,2,1029,1200,818,382,1196,4,MUNICIPIUL IASI,,4,,523,673
24,72,2,1034,836,647,189,831,5,MUNICIPIUL IASI,,4,,358,473
24,73,2,1284,1024,884,140,1016,8,MUNICIPIUL IASI,,4,,426,590
24,74,2,1159,983,921,62,979,4,MUNICIPIUL IASI,,4,,397,582
24,75,2,1453,1240,1166,74,1237,3,MUNICIPIUL IASI,,4,,402,835
24,76,2,919,875,728,147,870,5,MUNICIPIUL IASI,,4,,323,547
24,77,2,1299,1143,1053,90,1140,3,MUNICIPIUL IASI,,4,,487,653
24,78,2,1205,939,911,28,937,2,MUNICIPIUL IASI,,4,,395,542
24,79,2,1380,1130,1029,101,1123,7,MUNICIPIUL IASI,,4,,381,742
24,80,2,1227,1070,975,95,1064,6,MUNICIPIUL IASI,,4,,449,615
24,81,2,1265,912,851,61,909,3,MUNICIPIUL IASI,,4,,378,531
24,82,2,1026,834,771,63,831,3,MUNICIPIUL IASI,,4,,376,455
24,83,2,1251,1030,936,94,1028,2,MUNICIPIUL IASI,,4,,487,541
24,84,2,1331,1008,932,76,1000,6,MUNICIPIUL IASI,,4,,365,635
24,85,2,1267,1073,959,114,1069,4,MUNICIPIUL IASI,,4,,499,570
24,86,2,1199,1014,849,165,1002,12,MUNICIPIUL IASI,,4,,446,556
24,87,2,1114,875,790,85,870,5,MUNICIPIUL IASI,,4,,360,510
24,88,2,1357,1181,1019,162,1177,4,MUNICIPIUL IASI,,4,,517,660
24,89,2,1324,1092,994,98,1088,4,MUNICIPIUL IASI,,4,,487,601
24,90,2,1285,982,912,70,974,8,MUNICIPIUL IASI,,4,,380,594
24,91,2,867,786,670,116,780,6,MUNICIPIUL IASI,,4,,345,435
24,92,2,1261,1048,954,94,1045,3,MUNICIPIUL IASI,,4,,469,576
24,93,2,877,753,677,76,749,4,MUNICIPIUL IASI,,4,,333,416
24,94,2,1754,1477,1375,102,1471,6,MUNICIPIUL IASI,,4,,585,886
24,95,2,1109,886,756,130,878,8,MUNICIPIUL IASI,,4,,388,490
24,96,2,1018,829,737,92,825,4,MUNICIPIUL IASI,,4,,334,491
24,97,2,900,733,646,87,730,3,MUNICIPIUL IASI,,4,,348,382
24,98,2,799,679,596,83,679,0,MUNICIPIUL IASI,,4,,305,374
24,99,2,849,696,621,75,688,8,MUNICIPIUL IASI,,4,,323,365
24,100,2,1090,967,847,120,962,5,MUNICIPIUL IASI,,4,,461,501
24,101,2,924,769,681,88,766,3,MUNICIPIUL IASI,,4,,355,411
24,102,2,1102,857,775,82,850,7,MUNICIPIUL IASI,,4,,371,479
24,103,2,1146,927,734,193,916,11,MUNICIPIUL IASI,,4,,429,487
24,104,2,1743,1934,1234,700,1925,9,MUNICIPIUL IASI,,4,,738,1187
24,105,2,590,644,557,87,626,18,MUNICIPIUL IASI,,4,,361,265
24,106,2,1340,1717,820,897,1706,11,MUNICIPIUL IASI,,4,,637,1069
24,107,2,0,372,0,372,368,4,MUNICIPIUL IASI,,4,,165,203
24,108,2,1609,1442,1164,278,1437,5,MUNICIPIUL IASI,,4,,663,774
24,109,2,1697,1304,1119,185,1284,20,MUNICIPIUL IASI,,4,,536,748
24,110,2,1258,1490,842,648,1480,10,MUNICIPIUL IASI,,4,,628,852
24,111,2,1501,1413,1053,360,1390,23,MUNICIPIUL IASI,,4,,703,687
24,112,2,1699,1285,1027,258,1282,3,MUNICIPIUL IASI,,4,,471,811
24,113,2,1339,1270,805,465,1206,44,MUNICIPIUL IASI,,4,,429,777
24,114,2,1362,1192,948,244,1184,8,MUNICIPIUL IASI,,4,,463,721
24,115,2,1689,1333,1200,133,1330,3,MUNICIPIUL IASI,,4,,482,848
24,116,2,753,730,672,58,721,9,MUNICIPIUL IASI,,4,,328,393
24,117,2,1470,1209,1031,178,1206,3,MUNICIPIUL IASI,,4,,513,693
24,118,2,1407,1187,1053,134,1184,3,MUNICIPIUL IASI,,4,,506,678
24,119,2,1443,1137,1017,120,1134,3,MUNICIPIUL IASI,,4,,459,675
24,120,2,1142,905,804,101,898,7,MUNICIPIUL IASI,,4,,411,487
24,121,2,1554,1227,1127,100,1217,10,MUNICIPIUL IASI,,4,,464,753
24,122,2,1666,1265,1195,70,1259,6,MUNICIPIUL IASI,,4,,479,780
24,123,2,1059,810,741,69,807,3,MUNICIPIUL IASI,,4,,273,534
24,124,2,1514,1169,1064,105,1161,8,MUNICIPIUL IASI,,4,,433,728
24,125,2,1698,1276,1191,85,1268,8,MUNICIPIUL IASI,,4,,406,862
24,126,2,1192,991,873,118,988,3,MUNICIPIUL IASI,,4,,314,674
24,127,2,1358,1038,928,110,1035,3,MUNICIPIUL IASI,,4,,356,679
24,128,2,1610,1245,1095,150,1239,6,MUNICIPIUL IASI,,4,,410,829
24,129,2,1720,1286,1170,116,1284,2,MUNICIPIUL IASI,,4,,411,873
24,130,2,1794,1213,1157,56,1210,3,MUNICIPIUL IASI,,4,,379,831
24,131,2,1195,1034,865,169,1029,5,MUNICIPIUL IASI,,4,,339,690
24,132,2,1715,1320,1198,122,1313,7,MUNICIPIUL IASI,,4,,549,764
24,133,2,1655,1306,1194,112,1301,5,MUNICIPIUL IASI,,4,,534,767
24,134,2,1369,1042,987,55,1039,3,MUNICIPIUL IASI,,4,,404,635
24,135,2,1156,979,828,151,974,5,MUNICIPIUL IASI,,4,,375,599
24,136,2,1296,1031,941,90,1027,4,MUNICIPIUL IASI,,4,,374,653
24,137,2,1795,1122,1122,0,1107,15,MUNICIPIUL IASI,,4,,449,658
24,138,2,1337,1130,985,145,1125,5,MUNICIPIUL IASI,,4,,474,651
24,139,2,1298,1107,1010,97,1097,10,MUNICIPIUL IASI,,4,,523,574
24,140,2,1435,1126,1025,101,1119,7,MUNICIPIUL IASI,,4,,496,623
24,141,2,1172,869,824,45,866,3,MUNICIPIUL IASI,,4,,410,456
24,142,2,1386,939,824,115,927,12,MUNICIPIUL IASI,,4,,400,527
24,143,2,1108,825,687,138,821,4,MUNICIPIUL IASI,,4,,361,460
24,144,2,1216,972,897,75,970,2,MUNICIPIUL IASI,,4,,369,601
24,145,2,1377,1107,1002,105,1100,7,MUNICIPIUL IASI,,4,,466,634
24,146,2,1345,1110,1004,106,1108,2,MUNICIPIUL IASI,,4,,434,674
24,147,2,1520,1193,1074,119,1190,3,MUNICIPIUL IASI,,4,,523,667
24,148,2,1175,858,795,63,855,3,MUNICIPIUL IASI,,4,,376,479
24,149,2,762,527,490,37,517,10,MUNICIPIUL IASI,,4,,59,458
24,150,2,1291,1200,923,277,1198,2,MUNICIPIUL IASI,,4,,508,690
24,151,2,1401,1136,850,286,1127,9,MUNICIPIUL IASI,,4,,485,642
24,152,2,1796,1218,1069,149,1212,6,MUNICIPIUL IASI,,4,,482,730
24,153,2,1251,918,865,53,910,8,MUNICIPIUL IASI,,4,,364,546
24,154,2,1864,1378,1249,129,1369,8,MUNICIPIUL IASI,,4,,624,745
24,155,2,1344,966,897,69,963,3,MUNICIPIUL IASI,,4,,409,554
24,156,2,1411,1064,997,67,1058,6,MUNICIPIUL IASI,,4,,449,609
24,157,2,1383,1055,952,103,1053,2,MUNICIPIUL IASI,,4,,435,618
24,158,2,1575,1259,1182,77,1255,4,MUNICIPIUL IASI,,4,,519,736
24,159,2,1406,1116,1034,82,1110,6,MUNICIPIUL IASI,,4,,452,658
24,160,2,1361,1086,969,117,1075,9,MUNICIPIUL IASI,,4,,470,605
24,161,2,1268,991,903,88,982,9,MUNICIPIUL IASI,,4,,420,562
24,162,2,1443,1135,1040,95,1125,10,MUNICIPIUL IASI,,4,,488,637
24,163,2,1753,1313,1183,130,1306,7,MUNICIPIUL IASI,,4,,537,769
24,164,2,1721,1153,1027,126,1144,9,MUNICIPIUL IASI,,4,,538,606
24,165,2,1268,1062,949,113,1053,9,MUNICIPIUL IASI,,4,,430,623
24,166,2,1649,1305,1200,105,1296,9,MUNICIPIUL IASI,,4,,567,729
24,167,2,1869,1538,1407,131,1531,7,MUNICIPIUL IASI,,4,,705,826
24,168,2,1541,1138,1043,95,1133,5,MUNICIPIUL IASI,,4,,545,588
24,169,2,1598,1198,1132,66,1187,11,MUNICIPIUL IASI,,4,,499,688
24,170,2,1923,1509,1398,111,1502,7,MUNICIPIUL IASI,,4,,606,896
24,171,2,1902,1409,1325,84,1403,6,MUNICIPIUL IASI,,4,,675,728
24,172,2,1938,1483,1382,101,1476,7,MUNICIPIUL IASI,,4,,634,842
24,173,2,1336,1125,996,129,1119,3,MUNICIPIUL IASI,,4,,406,713
24,174,2,1606,1307,1219,88,1302,5,MUNICIPIUL IASI,,4,,511,791
24,175,2,1138,901,829,72,894,7,MUNICIPIUL IASI,,4,,371,523
24,176,2,1336,1044,951,93,1037,7,MUNICIPIUL IASI,,4,,426,611
24,177,2,2131,1316,1180,136,1308,8,MUNICIPIUL IASI,,4,,523,785
24,178,2,1705,1331,1093,238,1327,4,MUNICIPIUL IASI,,4,,603,724
24,179,2,1532,1093,1000,93,1087,6,MUNICIPIUL IASI,,4,,461,626
24,180,2,1559,1200,1064,136,1193,7,MUNICIPIUL IASI,,4,,544,649
24,181,2,1496,1156,1091,65,1151,5,MUNICIPIUL IASI,,4,,465,686
24,182,2,0,193,0,193,187,6,MUNICIPIUL IASI,,4,,107,80
24,183,2,1574,1180,1118,62,1179,1,MUNICIPIUL IASI,,4,,535,644
24,184,2,1369,1181,1055,126,1173,8,MUNICIPIUL IASI,,4,,437,736
24,185,2,110,136,105,31,135,1,MUNICIPIUL IASI,,4,,103,32
24,186,2,0,958,0,958,957,1,MUNICIPIUL IASI,,4,,232,725
24,187,2,0,977,0,977,972,5,MUNICIPIUL IASI,,4,,247,725
24,188,2,0,888,0,888,882,6,MUNICIPIUL IASI,,4,,191,691
24,189,2,0,906,0,906,906,0,MUNICIPIUL IASI,,4,,152,754
24,190,2,0,552,0,552,550,2,MUNICIPIUL IASI,,4,,102,448
24,191,2,0,874,0,874,873,1,MUNICIPIUL IASI,,4,,299,574
24,192,2,0,1099,0,1099,1091,8,MUNICIPIUL IASI,,4,,255,836
24,193,2,0,793,0,793,792,1,MUNICIPIUL IASI,,4,,103,689
24,194,2,0,1244,0,1244,1233,11,MUNICIPIUL IASI,,4,,367,866
24,195,2,0,1019,0,1019,1017,2,MUNICIPIUL IASI,,4,,160,857
24,196,2,0,284,0,284,283,1,MUNICIPIUL IASI,,4,,113,170
24,197,2,0,172,0,172,171,1,MUNICIPIUL IASI,,4,,86,85
24,198,2,0,149,0,149,148,1,MUNICIPIUL IASI,,4,,42,106
24,199,2,0,277,0,277,275,2,MUNICIPIUL IASI,,4,,74,201
24,200,2,0,208,0,208,206,2,MUNICIPIUL IASI,,4,,108,98
24,201,2,0,179,0,179,178,1,MUNICIPIUL IASI,,4,,54,124
24,202,2,0,442,0,442,440,2,MUNICIPIUL IASI,,4,,207,233
24,203,2,0,127,0,127,126,1,MUNICIPIUL IASI,,4,,60,66
24,204,2,0,109,0,109,109,0,MUNICIPIUL IASI,,4,,62,47
24,205,2,0,785,0,785,779,6,MUNICIPIUL IASI,,4,,430,349
24,206,2,0,272,0,272,270,2,MUNICIPIUL IASI,,4,,129,141
24,207,2,0,107,0,107,106,1,MUNICIPIUL IASI,,4,,58,48
24,208,2,0,513,0,513,510,3,MUNICIPIUL IASI,,4,,244,266
24,209,2,0,337,0,337,329,8,MUNICIPIUL IASI,,4,,161,168
24,210,2,0,520,0,520,515,5,MUNICIPIUL IASI,,4,,292,223
24,211,2,0,78,0,78,77,1,MUNICIPIUL IASI,,4,,31,46
24,212,2,0,1886,0,1886,1879,7,MUNICIPIUL IASI,,4,,637,1242
24,213,2,0,149,0,149,147,2,MUNICIPIUL IASI,,4,,51,96
24,214,2,522,542,507,35,541,1,MUNICIPIUL IASI,,4,,326,215
24,215,2,1103,953,810,143,949,4,MUNICIPIUL PASCANI,,4,,492,457
24,216,2,1627,1261,1161,100,1254,7,MUNICIPIUL PASCANI,,4,,679,575
24,217,2,1088,854,767,87,847,7,MUNICIPIUL PASCANI,,4,,481,366
24,218,2,1314,1025,935,90,1019,6,MUNICIPIUL PASCANI,,4,,594,425
24,219,2,1645,1358,1119,239,1348,10,MUNICIPIUL PASCANI,,4,,767,581
24,220,2,1188,1088,883,205,1080,8,MUNICIPIUL PASCANI,,4,,637,443
24,221,2,1790,1366,1265,101,1358,8,MUNICIPIUL PASCANI,,4,,782,576
24,222,2,787,689,535,154,682,7,MUNICIPIUL PASCANI,,4,,351,331
24,223,2,1663,1353,1148,205,1348,5,MUNICIPIUL PASCANI,,4,,677,671
24,224,2,1242,1067,965,102,1062,5,MUNICIPIUL PASCANI,,4,,424,638
24,225,2,1191,903,816,87,898,5,MUNICIPIUL PASCANI,,4,,497,401
24,226,2,1231,997,855,142,994,3,MUNICIPIUL PASCANI,,4,,565,429
24,227,2,1270,1029,894,135,1025,4,MUNICIPIUL PASCANI,,4,,547,478
24,228,2,2140,1661,1454,207,1648,13,MUNICIPIUL PASCANI,,4,,864,784
24,229,2,2283,1701,1473,228,1690,11,MUNICIPIUL PASCANI,,4,,921,769
24,230,2,1155,991,895,96,984,7,MUNICIPIUL PASCANI,,4,,503,481
24,231,2,1184,939,833,106,938,1,MUNICIPIUL PASCANI,,4,,500,438
24,232,2,1084,827,762,65,811,16,MUNICIPIUL PASCANI,,4,,461,350
24,233,2,1024,814,764,50,803,11,MUNICIPIUL PASCANI,,4,,421,382
24,234,2,812,627,594,33,621,6,MUNICIPIUL PASCANI,,4,,332,289
24,235,2,852,650,588,62,647,3,MUNICIPIUL PASCANI,,4,,316,331
24,236,2,1210,1007,944,63,993,14,MUNICIPIUL PASCANI,,4,,552,441
24,237,2,889,760,707,53,760,0,MUNICIPIUL PASCANI,,4,,519,241
24,238,2,988,846,770,76,835,11,MUNICIPIUL PASCANI,,4,,552,283
24,239,2,0,485,0,485,479,6,MUNICIPIUL PASCANI,,4,,225,254
24,240,2,1875,1338,1237,101,1332,6,ORAS HARLAU,,4,,875,457
24,241,2,1903,1474,1369,105,1467,7,ORAS HARLAU,,4,,1005,462
24,242,2,1911,1406,1339,67,1403,3,ORAS HARLAU,,4,,962,441
24,243,2,2351,1650,1583,67,1628,22,ORAS HARLAU,,4,,1104,524
24,244,2,1234,958,825,133,947,11,ORAS TARGU FRUMOS,,4,,539,408
24,245,2,1439,1063,957,106,1056,7,ORAS TARGU FRUMOS,,4,,653,403
24,246,2,1137,887,768,119,879,8,ORAS TARGU FRUMOS,,4,,506,373
24,247,2,1604,1155,1027,128,1140,15,ORAS TARGU FRUMOS,,4,,676,464
24,248,2,1600,1194,958,236,1189,5,ORAS TARGU FRUMOS,,4,,697,492
24,249,2,1440,1096,974,122,1090,6,ORAS TARGU FRUMOS,,4,,649,441
24,250,2,530,470,402,68,468,2,ALEXANDRU I. CUZA,,4,,358,110
24,251,2,656,605,546,59,601,4,ALEXANDRU I. CUZA,,4,,498,103
24,252,2,956,914,841,73,899,15,ALEXANDRU I. CUZA,,4,,564,335
24,253,2,1573,945,843,102,926,19,ANDRIESENI,,4,,634,292
24,254,2,585,395,360,35,391,4,ANDRIESENI,,4,,258,133
24,255,2,936,592,530,62,581,11,ANDRIESENI,,4,,406,175
24,256,2,704,498,439,59,495,3,ANDRIESENI,,4,,398,97
24,257,2,845,629,553,76,620,9,ARONEANU,,4,,348,272
24,258,2,705,530,492,38,522,7,ARONEANU,,4,,286,236
24,259,2,280,220,203,17,217,3,ARONEANU,,4,,147,70
24,260,2,111,127,86,41,127,0,ARONEANU,,4,,59,68
24,261,2,1189,857,785,72,846,11,BALTATI,,4,,599,247
24,262,2,638,488,446,42,484,4,BALTATI,,4,,337,147
24,263,2,779,602,561,41,595,7,BALTATI,,4,,441,154
24,264,2,427,335,321,14,332,3,BALTATI,,4,,269,63
24,265,2,539,406,376,30,403,3,BALTATI,,4,,278,125
24,266,2,979,656,565,91,637,19,BELCESTI,,4,,475,162
24,267,2,1316,908,708,200,898,10,BELCESTI,,4,,696,202
24,268,2,1362,870,722,148,861,9,BELCESTI,,4,,712,149
24,269,2,1550,840,719,121,834,6,BELCESTI,,4,,612,222
24,270,2,947,836,768,68,816,20,BELCESTI,,4,,631,185
24,271,2,803,565,447,118,556,9,BELCESTI,,4,,428,128
24,272,2,903,698,592,106,683,15,BELCESTI,,4,,584,99
24,273,2,595,491,408,83,480,11,BELCESTI,,4,,392,88
24,274,2,1496,1000,823,177,986,14,BARNOVA,,4,,639,347
24,275,2,570,436,354,82,427,9,BARNOVA,,4,,231,196
24,276,2,2356,1533,1288,245,1512,21,BIVOLARI,,4,,885,627
24,277,2,937,748,571,177,729,19,BIVOLARI,,4,,502,227
24,278,2,1312,900,799,101,886,14,UNGHENI,,4,,506,380
24,279,2,544,421,330,91,419,2,UNGHENI,,4,,254,165
24,280,2,1000,651,545,106,643,8,UNGHENI,,4,,399,244
24,281,2,1182,925,797,128,903,22,BRAESTI,,4,,642,261
24,282,2,1486,1032,957,75,1009,23,BRAESTI,,4,,785,224
24,283,2,1658,1054,988,66,1035,19,BUTEA,,4,,451,584
24,284,2,1171,676,633,43,670,6,BUTEA,,4,,317,353
24,285,2,304,281,214,67,277,4,BUTEA,,4,,169,108
24,286,2,1108,853,757,96,838,15,CEPLENITA,,4,,635,203
24,287,2,1207,800,704,96,781,19,CEPLENITA,,4,,541,240
24,288,2,763,488,424,64,470,18,CEPLENITA,,4,,337,133
24,289,2,247,189,162,27,187,2,CEPLENITA,,4,,133,54
24,290,2,1664,1008,842,166,984,24,CIORTESTI,,4,,725,259
24,291,2,1125,758,641,117,749,9,CIORTESTI,,4,,614,135
24,292,2,671,598,521,77,493,105,CIORTESTI,,4,,418,75
24,293,2,1511,899,801,98,891,8,CIUREA,,4,,445,446
24,294,2,2103,1758,1249,509,1735,23,CIUREA,,4,,841,894
24,295,2,855,618,521,97,609,9,CIUREA,,4,,249,360
24,296,2,677,447,397,50,438,9,CIUREA,,4,,275,163
24,297,2,392,342,293,49,339,3,CIUREA,,4,,227,112
24,298,2,1942,1253,1160,93,1228,25,COARNELE CAPREI,,4,,984,244
24,299,2,619,401,341,60,392,9,COARNELE CAPREI,,4,,301,91
24,300,2,1327,902,840,62,883,19,COMARNA,,4,,434,449
24,301,2,1086,728,611,117,699,20,COMARNA,,4,,461,238
24,302,2,894,609,562,47,589,20,COMARNA,,4,,423,166
24,303,2,140,132,105,27,129,3,COMARNA,,4,,80,49
24,304,2,1280,851,734,117,834,17,COSTULENI,,4,,570,264
24,305,2,1129,823,624,199,799,24,COSTULENI,,4,,590,209
24,306,2,917,674,565,109,655,19,COSTULENI,,4,,416,239
24,307,2,682,510,412,98,492,18,COSTULENI,,4,,251,241
24,308,2,1477,981,857,124,973,8,COTNARI,,4,,633,340
24,309,2,1193,770,725,45,763,7,COTNARI,,4,,573,190
24,310,2,780,499,400,99,491,8,COTNARI,,4,,320,171
24,311,2,1835,1057,950,107,1038,19,COTNARI,,4,,659,379
24,312,2,642,476,410,66,471,5,COTNARI,,4,,378,93
24,313,2,1220,749,633,116,738,11,COZMESTI,,4,,451,287
24,314,2,753,511,411,100,503,8,COZMESTI,,4,,336,167
24,315,2,282,200,184,16,194,6,COZMESTI,,4,,120,74
24,316,2,2258,1611,1501,110,1594,17,CRISTESTI,,4,,1367,227
24,317,2,603,502,409,93,490,12,CRISTESTI,,4,,411,79
24,318,2,372,272,237,35,271,1,CRISTESTI,,4,,213,58
24,319,2,1124,671,603,68,655,16,CUCUTENI,,4,,438,217
24,320,2,2127,1368,1120,248,1352,16,DAGATA,,4,,902,450
24,321,2,1195,835,696,139,827,8,DAGATA,,4,,696,131
24,322,2,1707,1096,884,212,1088,8,DELENI,,4,,752,336
24,323,2,1114,832,644,188,820,12,DELENI,,4,,611,209
24,324,2,947,775,523,252,760,15,DELENI,,4,,528,232
24,325,2,714,501,347,154,496,5,DELENI,,4,,365,131
24,326,2,873,625,518,107,617,8,DELENI,,4,,426,191
24,327,2,695,478,411,67,471,7,DELENI,,4,,344,127
24,328,2,845,662,559,103,653,9,DELENI,,4,,483,170
24,329,2,1339,814,723,91,794,20,DOBROVAT,,4,,491,303
24,330,2,836,599,506,93,580,19,DOBROVAT,,4,,422,158
24,331,2,578,458,413,45,451,7,DOLHESTI,,4,,304,147
24,332,2,950,701,625,76,689,12,DOLHESTI,,4,,563,126
24,333,2,622,445,391,54,440,5,DOLHESTI,,4,,211,229
24,334,2,1668,874,744,130,868,6,DUMESTI,,4,,490,378
24,335,2,1419,785,714,71,774,11,DUMESTI,,4,,599,175
24,336,2,535,430,307,123,429,1,DUMESTI,,4,,276,153
24,337,2,2033,1198,1069,129,1175,23,ERBICENI,,4,,777,398
24,338,2,1236,830,725,105,803,27,ERBICENI,,4,,561,242
24,339,2,232,214,162,52,206,8,ERBICENI,,4,,132,74
24,340,2,457,440,312,128,431,9,ERBICENI,,4,,274,157
24,341,2,1643,944,818,126,934,10,FOCURI,,4,,669,265
24,342,2,1416,871,794,77,859,12,FOCURI,,4,,638,221
24,343,2,1529,1023,944,79,1007,16,FOCURI,,4,,779,228
24,344,2,1474,917,775,142,904,13,GOLAIESTI,,4,,552,352
24,345,2,949,570,490,80,556,14,GOLAIESTI,,4,,360,196
24,346,2,348,267,222,45,262,5,GOLAIESTI,,4,,205,57
24,347,2,632,498,394,104,489,9,GORBAN,,4,,353,136
24,348,2,606,412,351,61,406,6,GORBAN,,4,,294,112
24,349,2,497,381,319,62,379,2,GORBAN,,4,,239,140
24,350,2,511,435,352,83,432,3,GORBAN,,4,,286,146
24,351,2,1288,813,640,173,799,14,GRAJDURI,,4,,421,378
24,352,2,534,456,246,210,451,5,GRAJDURI,,4,,257,194
24,353,2,899,622,558,64,614,8,GROPNITA,,4,,395,219
24,354,2,712,628,547,81,616,12,GROPNITA,,4,,354,262
24,355,2,778,556,477,79,552,4,GROPNITA,,4,,383,169
24,356,2,1028,738,672,66,731,7,GROZESTI,,4,,589,142
24,357,2,566,357,327,30,347,10,GROZESTI,,4,,277,70
24,358,2,1761,1100,1025,75,1088,12,HALAUCESTI,,4,,497,591
24,359,2,1794,1121,1025,96,1106,15,HALAUCESTI,,4,,507,599
24,360,2,772,520,455,65,515,5,HALAUCESTI,,4,,240,275
24,361,2,804,648,588,60,638,10,HELESTENI,,4,,443,195
24,362,2,634,451,420,31,437,14,HELESTENI,,4,,275,162
24,363,2,644,486,456,30,477,9,HELESTENI,,4,,359,118
24,364,2,2030,1276,1063,213,1263,13,HOLBOCA,,4,,649,614
24,365,2,905,640,529,111,626,14,HOLBOCA,,4,,375,251
24,366,2,1005,673,497,176,667,6,HOLBOCA,,4,,324,343
24,367,2,1498,1124,927,197,1117,7,HOLBOCA,,4,,546,571
24,368,2,1500,1260,1067,193,1257,3,HOLBOCA,,4,,564,693
24,369,2,1621,985,883,102,975,10,HORLESTI,,4,,575,400
24,370,2,490,354,263,91,352,2,HORLESTI,,4,,266,86
24,371,2,231,165,146,19,163,2,HORLESTI,,4,,127,36
24,372,2,647,426,387,39,422,4,IPATELE,,4,,322,100
24,373,2,542,389,347,42,385,4,IPATELE,,4,,290,95
24,374,2,406,335,267,68,332,3,IPATELE,,4,,240,92
24,375,2,1017,526,437,89,513,13,LESPEZI,,4,,357,156
24,376,2,556,665,556,109,658,7,LESPEZI,,4,,441,217
24,377,2,1649,1183,1010,173,1176,7,LESPEZI,,4,,863,313
24,378,2,677,513,380,133,505,8,LESPEZI,,4,,344,161
24,379,2,428,403,245,158,401,2,LESPEZI,,4,,300,101
24,380,2,2070,1381,1150,231,1349,32,LETCANI,,4,,777,572
24,381,2,1331,754,689,65,737,17,LETCANI,,4,,559,178
24,382,2,400,274,226,48,272,2,LETCANI,,4,,207,65
24,383,2,445,320,263,57,319,1,LETCANI,,4,,256,63
24,384,2,755,528,455,73,522,6,LUNGANI,,4,,378,144
24,385,2,853,559,502,57,555,4,LUNGANI,,4,,431,124
24,386,2,925,631,541,90,628,3,LUNGANI,,4,,506,122
24,387,2,841,551,472,79,539,12,LUNGANI,,4,,408,131
24,388,2,1271,802,719,83,797,5,MADARJAC,,4,,616,181
24,389,2,1062,733,644,89,727,6,MIRCESTI,,4,,375,352
24,390,2,1366,955,889,66,944,11,MIRCESTI,,4,,313,631
24,391,2,1082,676,577,99,659,17,MIRCESTI,,4,,378,281
24,392,2,1456,948,816,132,931,13,MIRCESTI,,4,,544,387
24,393,2,1203,755,666,89,729,26,MIRONEASA,,4,,520,209
24,394,2,1007,562,517,45,545,17,MIRONEASA,,4,,358,187
24,395,2,398,262,218,44,259,3,MIRONEASA,,4,,164,95
24,396,2,1157,843,658,185,832,11,MIROSLAVA,,4,,494,338
24,397,2,699,470,396,74,466,4,MIROSLAVA,,4,,305,161
24,398,2,685,429,370,59,422,7,MIROSLAVA,,4,,287,135
24,399,2,698,449,339,110,442,7,MIROSLAVA,,4,,138,304
24,400,2,968,613,496,117,601,12,MIROSLAVA,,4,,322,279
24,401,2,1705,1120,1018,102,1109,11,MIROSLOVESTI,,4,,855,254
24,402,2,1480,1052,963,89,1039,13,MIROSLOVESTI,,4,,836,203
24,403,2,1202,953,890,63,946,7,MIROSLOVESTI,,4,,753,193
24,404,2,985,693,594,99,683,10,MIROSLOVESTI,,4,,523,160
24,405,2,1776,1145,1015,130,1129,16,MOGOSESTI-IASI,,4,,670,459
24,406,2,770,452,398,54,440,12,MOGOSESTI-IASI,,4,,272,168
24,407,2,799,525,467,58,516,9,MOGOSESTI-IASI,,4,,298,218
24,408,2,1375,1118,945,173,1101,17,MOGOSESTI-SIRET,,4,,798,303
24,409,2,1651,1215,1069,146,1207,8,MOGOSESTI-SIRET,,4,,981,226
24,410,2,1598,976,899,77,948,28,MOSNA,,4,,629,319
24,411,2,2502,2205,2103,102,2174,31,MOTCA,,4,,1816,358
24,412,2,1057,801,750,51,784,17,MOTCA,,4,,568,216
24,413,2,979,679,597,82,658,21,MOVILENI,,4,,439,219
24,414,2,664,545,494,51,537,8,MOVILENI,,4,,382,155
24,415,2,770,507,456,51,495,12,MOVILENI,,4,,343,152
24,416,2,2126,1144,1050,94,1121,23,OTELENI,,4,,769,352
24,417,2,1024,635,564,71,624,11,OTELENI,,4,,347,277
24,418,2,1401,945,913,32,940,5,PLUGARI,,4,,761,179
24,419,2,1189,823,755,68,808,15,PLUGARI,,4,,628,180
24,420,2,1219,977,711,266,972,5,PODU ILOAIEI,,4,,537,435
24,421,2,1258,941,648,293,936,5,PODU ILOAIEI,,4,,593,343
24,422,2,1072,760,506,254,755,5,PODU ILOAIEI,,4,,416,339
24,423,2,1041,794,571,223,778,16,PODU ILOAIEI,,4,,477,301
24,424,2,923,654,533,121,644,10,PODU ILOAIEI,,4,,432,212
24,425,2,917,617,538,79,613,4,POPESTI,,4,,384,229
24,426,2,790,508,460,48,498,10,POPESTI,,4,,313,185
24,427,2,511,339,294,45,328,11,POPESTI,,4,,211,117
24,428,2,608,409,356,53,404,5,POPESTI,,4,,329,75
24,429,2,1377,1074,913,161,1064,10,POPRICANI,,4,,716,348
24,430,2,768,568,441,127,558,10,POPRICANI,,4,,393,165
24,431,2,1188,822,653,169,815,7,POPRICANI,,4,,440,375
24,432,2,328,328,224,104,324,4,POPRICANI,,4,,149,175
24,433,2,299,292,222,70,291,1,POPRICANI,,4,,186,105
24,434,2,1612,1093,1023,70,1071,22,PRISACANI,,4,,847,224
24,435,2,576,397,328,69,385,12,PRISACANI,,4,,289,96
24,436,2,745,540,493,47,531,9,PRISACANI,,4,,406,125
24,437,2,1011,576,496,80,569,7,PROBOTA,,4,,331,238
24,438,2,444,357,270,87,349,8,PROBOTA,,4,,192,157
24,439,2,1352,788,671,117,773,15,PROBOTA,,4,,470,303
24,440,2,1142,794,718,76,779,15,RADUCANENI,,4,,489,290
24,441,2,1931,1296,1199,97,1289,7,RADUCANENI,,4,,616,673
24,442,2,910,636,552,84,629,7,RADUCANENI,,4,,278,351
24,443,2,469,304,263,41,297,7,RADUCANENI,,4,,259,38
24,444,2,1213,789,727,62,778,11,RADUCANENI,,4,,542,236
24,445,2,274,221,188,33,221,0,RADUCANENI,,4,,127,94
24,446,2,1450,932,797,135,924,8,REDIU,,4,,677,247
24,447,2,1836,1344,1039,305,1330,14,REDIU,,4,,741,589
24,448,2,598,441,303,138,436,5,REDIU,,4,,275,161
24,449,2,807,603,538,65,592,11,ROMANESTI,,4,,447,145
24,450,2,478,387,316,71,380,7,ROMANESTI,,4,,271,109
24,451,2,333,279,154,125,277,2,ROMANESTI,,4,,181,96
24,452,2,1532,1004,784,220,992,12,RUGINOASA,,4,,675,317
24,453,2,868,598,500,98,585,13,RUGINOASA,,4,,435,150
24,454,2,728,564,454,110,562,2,RUGINOASA,,4,,400,162
24,455,2,379,292,233,59,288,4,RUGINOASA,,4,,214,74
24,456,2,780,528,389,139,521,7,RUGINOASA,,4,,352,169
24,457,2,1448,982,798,184,972,10,SCHEIA,,4,,724,248
24,458,2,1145,681,597,84,674,7,SCHEIA,,4,,534,140
24,459,2,673,440,352,88,433,7,SCHEIA,,4,,298,135
24,460,2,1661,856,719,137,842,14,SCHITU DUCA,,4,,469,373
24,461,2,888,597,493,104,589,8,SCHITU DUCA,,4,,393,196
24,462,2,800,488,394,94,482,6,SCHITU DUCA,,4,,301,181
24,463,2,1181,821,701,120,808,13,SCANTEIA,,4,,437,371
24,464,2,977,602,544,58,590,12,SCANTEIA,,4,,295,295
24,465,2,706,592,547,45,583,9,SCANTEIA,,4,,258,325
24,466,2,1298,786,696,90,777,9,SCOBINTI,,4,,578,199
24,467,2,1030,739,687,52,730,9,SCOBINTI,,4,,560,170
24,468,2,1236,836,769,67,827,9,SCOBINTI,,4,,588,239
24,469,2,1780,1107,1006,101,1091,16,SCOBINTI,,4,,748,343
24,470,2,1381,946,816,130,936,10,SINESTI,,4,,711,225
24,471,2,838,547,444,103,546,1,SINESTI,,4,,428,118
24,472,2,617,290,127,163,285,5,SINESTI,,4,,260,25
24,473,2,1521,1001,900,101,987,14,SIPOTE,,4,,632,355
24,474,2,1415,911,809,102,900,11,SIPOTE,,4,,667,233
24,475,2,1199,877,798,79,859,18,SIPOTE,,4,,629,230
24,476,2,1601,844,783,61,831,13,SIRETEL,,4,,531,300
24,477,2,661,367,326,41,364,3,SIRETEL,,4,,232,132
24,478,2,514,367,326,41,357,10,SIRETEL,,4,,258,99
24,479,2,1172,772,654,118,760,12,STOLNICENI-PRAJESCU,,4,,563,197
24,480,2,1460,1021,925,96,1003,18,STOLNICENI-PRAJESCU,,4,,706,297
24,481,2,1540,1056,893,163,1043,13,STOLNICENI-PRAJESCU,,4,,593,450
24,482,2,506,427,347,80,425,2,STRUNGA,,4,,304,121
24,483,2,736,563,487,76,544,19,STRUNGA,,4,,437,107
24,484,2,306,281,218,63,280,1,STRUNGA,,4,,201,79
24,485,2,1400,919,840,79,900,19,STRUNGA,,4,,526,374
24,486,2,391,334,295,39,332,2,STRUNGA,,4,,263,69
24,487,2,1494,1065,928,137,1055,10,TANSA,,4,,755,300
24,488,2,1219,863,725,138,851,12,TANSA,,4,,547,304
24,489,2,1684,986,851,135,976,10,TATARUSI,,4,,776,200
24,490,2,1114,833,651,182,824,9,TATARUSI,,4,,593,231
24,491,2,649,516,411,105,513,3,TATARUSI,,4,,423,90
24,492,2,1009,776,603,173,769,7,TATARUSI,,4,,562,207
24,493,2,2192,1124,942,182,1103,21,TIBANA,,4,,725,378
24,494,2,1894,919,792,127,911,8,TIBANA,,4,,599,312
24,495,2,476,359,278,81,348,11,TIBANA,,4,,182,166
24,496,2,1513,1088,950,138,1076,12,TIBANESTI,,4,,603,473
24,497,2,592,502,432,70,498,4,TIBANESTI,,4,,426,72
24,498,2,1238,946,803,143,930,16,TIBANESTI,,4,,748,182
24,499,2,794,539,452,87,529,10,TIBANESTI,,4,,373,156
24,500,2,834,642,530,112,636,6,TIBANESTI,,4,,450,186
24,501,2,817,646,551,95,640,6,TIGANASI,,4,,452,188
24,502,2,964,705,618,87,690,15,TIGANASI,,4,,519,171
24,503,2,652,475,425,50,467,8,TIGANASI,,4,,330,137
24,504,2,287,242,202,40,240,2,TIGANASI,,4,,175,65
24,505,2,886,736,621,115,729,7,TARGU FRUMOS,,4,,527,202
24,506,2,691,429,382,47,424,5,TARGU FRUMOS,,4,,337,87
24,507,2,779,659,514,145,653,6,TARGU FRUMOS,,4,,476,177
24,508,2,773,440,389,51,428,12,TARGU FRUMOS,,4,,362,66
24,509,2,964,649,533,116,631,18,TARGU FRUMOS,,4,,507,124
24,510,2,367,258,189,69,254,4,TARGU FRUMOS,,4,,201,53
24,511,2,1038,759,653,106,733,26,TARGU FRUMOS,,4,,555,178
24,512,2,983,695,595,100,683,12,TARGU FRUMOS,,4,,470,213
24,513,2,178,151,115,36,150,1,TARGU FRUMOS,,4,,90,60
24,514,2,195,140,116,24,135,5,TARGU FRUMOS,,4,,100,35
24,515,2,1810,1075,984,91,1070,5,TODIRESTI,,4,,779,291
24,516,2,1255,776,686,90,768,8,TODIRESTI,,4,,551,217
24,517,2,766,504,480,24,495,9,TODIRESTI,,4,,328,167
24,518,2,528,378,333,45,372,6,TODIRESTI,,4,,246,126
24,519,2,667,444,411,33,437,7,TODIRESTI,,4,,284,153
24,520,2,1080,647,647,0,647,0,TOMESTI,,4,,273,374
24,521,2,1293,860,830,30,858,2,TOMESTI,,4,,404,454
24,522,2,1242,1067,829,238,1062,5,TOMESTI,,4,,440,622
24,523,2,876,657,587,70,653,4,TOMESTI,,4,,281,372
24,524,2,1193,858,810,48,857,1,TOMESTI,,4,,360,497
24,525,2,873,660,600,60,652,8,TOMESTI,,4,,314,338
24,526,2,671,467,346,121,460,7,TOMESTI,,4,,250,210
24,527,2,1739,1107,971,136,1100,7,TRIFESTI,,4,,768,332
24,528,2,867,594,480,114,580,14,TRIFESTI,,4,,298,282
24,529,2,536,397,345,52,383,14,TRIFESTI,,4,,250,133
24,530,2,582,463,390,73,453,10,TRIFESTI,,4,,287,166
24,531,2,1730,1121,1035,86,1098,23,TUTORA,,4,,711,387
24,532,2,1322,1003,914,89,992,11,VALEA SEACA,,4,,646,346
24,533,2,1559,1073,975,98,1063,10,VALEA SEACA,,4,,685,378
24,534,2,1176,926,906,20,915,11,VALEA SEACA,,4,,610,305
24,535,2,1804,1156,954,202,1146,10,SCULENI,,4,,824,322
24,536,2,949,573,478,95,555,18,SCULENI,,4,,451,104
24,537,2,404,318,226,92,314,4,SCULENI,,4,,170,144
24,538,2,998,710,636,74,704,6,VANATORI,,4,,506,198
24,539,2,1118,840,770,70,833,7,VANATORI,,4,,645,188
24,540,2,453,403,351,52,400,3,VANATORI,,4,,309,91
24,541,2,1032,754,684,70,749,5,VANATORI,,4,,517,232
24,542,2,1436,946,863,83,932,14,VLADENI,,4,,638,294
24,543,2,1047,720,631,89,714,6,VLADENI,,4,,562,152
24,544,2,989,578,501,77,569,9,VLADENI,,4,,441,128
24,545,2,959,586,513,73,580,6,VOINESTI,,4,,351,229
24,546,2,1167,710,609,101,705,5,VOINESTI,,4,,450,255
24,547,2,333,297,251,46,294,3,VOINESTI,,4,,234,60
24,548,2,892,444,388,56,443,1,VOINESTI,,4,,377,66
24,549,2,295,238,185,53,237,1,VOINESTI,,4,,205,32
24,550,2,147,106,76,30,104,2,VOINESTI,,4,,63,41
25,1,2,1092,866,811,55,861,5,MUNICIPIUL BAIA MARE,,2,,395,466
25,2,2,2268,1661,1445,216,1658,3,MUNICIPIUL BAIA MARE,,2,,530,1128
25,3,2,2052,1351,1249,102,1344,7,MUNICIPIUL BAIA MARE,,2,,379,965
25,4,2,2033,1458,1384,74,1454,4,MUNICIPIUL BAIA MARE,,2,,404,1050
25,5,2,2332,1680,1594,86,1675,5,MUNICIPIUL BAIA MARE,,2,,500,1175
25,6,2,2258,1574,1484,90,1567,7,MUNICIPIUL BAIA MARE,,2,,515,1052
25,7,2,2264,1638,1579,59,1632,6,MUNICIPIUL BAIA MARE,,2,,466,1166
25,8,2,2416,1755,1679,76,1747,8,MUNICIPIUL BAIA MARE,,2,,519,1228
25,9,2,2131,1619,1518,101,1614,5,MUNICIPIUL BAIA MARE,,2,,497,1117
25,10,2,2571,1994,1857,137,1989,5,MUNICIPIUL BAIA MARE,,2,,547,1442
25,11,2,2079,1536,1454,82,1532,4,MUNICIPIUL BAIA MARE,,2,,361,1171
25,12,2,1108,798,723,75,794,4,MUNICIPIUL BAIA MARE,,2,,184,610
25,13,2,1731,1304,1193,111,1299,5,MUNICIPIUL BAIA MARE,,2,,359,940
25,14,2,1999,1550,1412,138,1534,16,MUNICIPIUL BAIA MARE,,2,,553,981
25,15,2,1774,1350,1245,105,1339,11,MUNICIPIUL BAIA MARE,,2,,755,584
25,16,2,1219,975,846,129,966,9,MUNICIPIUL BAIA MARE,,2,,606,360
25,17,2,2082,1619,1468,151,1604,15,MUNICIPIUL BAIA MARE,,2,,378,1226
25,18,2,2034,1601,1409,192,1593,8,MUNICIPIUL BAIA MARE,,2,,440,1153
25,19,2,2135,1547,1471,76,1544,3,MUNICIPIUL BAIA MARE,,2,,493,1051
25,20,2,1871,1395,1296,99,1392,3,MUNICIPIUL BAIA MARE,,2,,441,951
25,21,2,1765,1395,1297,98,1394,1,MUNICIPIUL BAIA MARE,,2,,384,1010
25,22,2,2148,1647,1523,124,1639,8,MUNICIPIUL BAIA MARE,,2,,511,1128
25,23,2,1623,1142,893,249,1139,3,MUNICIPIUL BAIA MARE,,2,,276,863
25,24,2,1091,916,722,194,913,3,MUNICIPIUL BAIA MARE,,2,,238,675
25,25,2,1375,1047,997,50,1041,6,MUNICIPIUL BAIA MARE,,2,,261,780
25,26,2,1135,733,705,28,730,3,MUNICIPIUL BAIA MARE,,2,,154,576
25,27,2,1449,860,806,54,856,4,MUNICIPIUL BAIA MARE,,2,,162,694
25,28,2,1567,1009,909,100,1003,6,MUNICIPIUL BAIA MARE,,2,,207,796
25,29,2,2123,1429,1287,142,1418,11,MUNICIPIUL BAIA MARE,,2,,271,1147
25,30,2,2088,1414,1269,145,1405,9,MUNICIPIUL BAIA MARE,,2,,337,1068
25,31,2,1602,986,881,105,986,0,MUNICIPIUL BAIA MARE,,2,,227,759
25,32,2,1289,833,733,100,825,8,MUNICIPIUL BAIA MARE,,2,,165,660
25,33,2,1599,1098,1003,95,1089,9,MUNICIPIUL BAIA MARE,,2,,256,833
25,34,2,2010,1199,1061,138,1194,5,MUNICIPIUL BAIA MARE,,2,,318,876
25,35,2,1448,1064,1007,57,1062,2,MUNICIPIUL BAIA MARE,,2,,315,747
25,36,2,2286,1486,1328,158,1482,4,MUNICIPIUL BAIA MARE,,2,,424,1058
25,37,2,1992,1258,1174,84,1255,3,MUNICIPIUL BAIA MARE,,2,,398,857
25,38,2,2029,1413,1300,113,1406,7,MUNICIPIUL BAIA MARE,,2,,456,950
25,39,2,2348,1686,1613,73,1681,5,MUNICIPIUL BAIA MARE,,2,,693,988
25,40,2,2005,1510,1367,143,1495,15,MUNICIPIUL BAIA MARE,,2,,442,1053
25,41,2,2429,1698,1545,153,1692,6,MUNICIPIUL BAIA MARE,,2,,537,1155
25,42,2,1381,892,834,58,891,1,MUNICIPIUL BAIA MARE,,2,,276,615
25,43,2,1615,1086,990,96,1081,5,MUNICIPIUL BAIA MARE,,2,,361,720
25,44,2,1586,1235,1157,78,1230,5,MUNICIPIUL BAIA MARE,,2,,400,830
25,45,2,1426,989,917,72,986,3,MUNICIPIUL BAIA MARE,,2,,300,686
25,46,2,1429,1048,986,62,1042,6,MUNICIPIUL BAIA MARE,,2,,318,724
25,47,2,1734,1146,1029,117,1143,3,MUNICIPIUL BAIA MARE,,2,,367,776
25,48,2,1524,1048,985,63,1046,2,MUNICIPIUL BAIA MARE,,2,,337,709
25,49,2,2970,1963,1830,133,1953,10,MUNICIPIUL BAIA MARE,,2,,650,1303
25,50,2,2752,1945,1796,149,1938,7,MUNICIPIUL BAIA MARE,,2,,640,1298
25,51,2,2811,1835,1648,187,1830,5,MUNICIPIUL BAIA MARE,,2,,628,1202
25,52,2,2545,1777,1579,198,1772,5,MUNICIPIUL BAIA MARE,,2,,636,1136
25,53,2,2557,1690,1579,111,1685,5,MUNICIPIUL BAIA MARE,,2,,571,1114
25,54,2,2332,1591,1456,135,1587,4,MUNICIPIUL BAIA MARE,,2,,530,1057
25,55,2,1921,1332,1276,56,1328,3,MUNICIPIUL BAIA MARE,,2,,453,875
25,56,2,1510,1147,995,152,1143,4,MUNICIPIUL BAIA MARE,,2,,372,771
25,57,2,1818,1436,1105,331,1426,10,MUNICIPIUL BAIA MARE,,2,,422,1004
25,58,2,2548,1744,1650,94,1741,3,MUNICIPIUL BAIA MARE,,2,,597,1144
25,59,2,2781,2029,1526,503,2023,6,MUNICIPIUL BAIA MARE,,2,,569,1454
25,60,2,1654,970,785,185,969,1,MUNICIPIUL BAIA MARE,,2,,312,657
25,61,2,0,683,0,683,681,2,MUNICIPIUL BAIA MARE,,2,,284,397
25,62,2,0,130,0,130,129,1,MUNICIPIUL BAIA MARE,,2,,44,85
25,63,2,0,163,0,163,162,1,MUNICIPIUL BAIA MARE,,2,,60,102
25,64,2,0,89,0,89,88,1,MUNICIPIUL BAIA MARE,,2,,28,60
25,65,2,0,731,0,731,723,8,MUNICIPIUL BAIA MARE,,2,,332,391
25,66,2,1267,787,744,43,780,7,MUNICIPIUL SIGHETU MARMATIEI,,2,,451,329
25,67,2,1176,723,688,35,715,8,MUNICIPIUL SIGHETU MARMATIEI,,2,,390,325
25,68,2,966,641,590,51,637,4,MUNICIPIUL SIGHETU MARMATIEI,,2,,269,368
25,69,2,1472,1024,964,60,1018,6,MUNICIPIUL SIGHETU MARMATIEI,,2,,275,743
25,70,2,1903,1646,1239,407,1632,14,MUNICIPIUL SIGHETU MARMATIEI,,2,,508,1124
25,71,2,1892,1314,1160,154,1307,7,MUNICIPIUL SIGHETU MARMATIEI,,2,,421,886
25,72,2,1602,1102,1036,66,1098,4,MUNICIPIUL SIGHETU MARMATIEI,,2,,377,721
25,73,2,1299,947,812,135,945,2,MUNICIPIUL SIGHETU MARMATIEI,,2,,291,654
25,74,2,1385,960,849,111,955,5,MUNICIPIUL SIGHETU MARMATIEI,,2,,254,701
25,75,2,2197,1571,1378,193,1567,4,MUNICIPIUL SIGHETU MARMATIEI,,2,,510,1057
25,76,2,1512,1071,978,93,1070,1,MUNICIPIUL SIGHETU MARMATIEI,,2,,239,831
25,77,2,1488,1135,1013,122,1129,6,MUNICIPIUL SIGHETU MARMATIEI,,2,,383,746
25,78,2,1471,1016,884,132,1013,3,MUNICIPIUL SIGHETU MARMATIEI,,2,,338,675
25,79,2,1548,1188,990,198,1180,8,MUNICIPIUL SIGHETU MARMATIEI,,2,,428,752
25,80,2,1314,898,809,89,893,5,MUNICIPIUL SIGHETU MARMATIEI,,2,,367,526
25,81,2,1487,1067,925,142,1059,8,MUNICIPIUL SIGHETU MARMATIEI,,2,,381,678
25,82,2,1794,1221,1096,125,1208,13,MUNICIPIUL SIGHETU MARMATIEI,,2,,369,839
25,83,2,1771,1116,982,134,1112,4,MUNICIPIUL SIGHETU MARMATIEI,,2,,374,738
25,84,2,2190,1406,1347,59,1402,4,MUNICIPIUL SIGHETU MARMATIEI,,2,,474,928
25,85,2,1724,1215,1115,100,1191,24,MUNICIPIUL SIGHETU MARMATIEI,,2,,456,735
25,86,2,2182,1395,1309,86,1390,5,MUNICIPIUL SIGHETU MARMATIEI,,2,,732,658
25,87,2,835,493,446,47,491,2,MUNICIPIUL SIGHETU MARMATIEI,,2,,246,245
25,88,2,336,318,0,318,317,1,MUNICIPIUL SIGHETU MARMATIEI,,2,,184,133
25,89,2,2768,2114,1920,194,2103,11,ORAS BAIA SPRIE,,2,,435,1668
25,90,2,3378,2414,2130,284,2409,5,ORAS BAIA SPRIE,,2,,609,1800
25,91,2,2803,1853,1624,229,1832,21,ORAS BAIA SPRIE,,2,,540,1292
25,92,2,588,541,485,56,536,5,ORAS BAIA SPRIE,,2,,366,170
25,93,2,1881,1412,1260,152,1403,9,ORAS BAIA SPRIE,,2,,550,853
25,94,2,1067,979,871,108,975,4,ORAS BAIA SPRIE,,2,,305,670
25,95,2,1089,733,677,56,729,4,ORAS BORSA,,2,,339,390
25,96,2,969,624,584,40,619,5,ORAS BORSA,,2,,342,277
25,97,2,793,663,480,183,656,7,ORAS BORSA,,2,,300,356
25,98,2,1800,1056,985,71,1043,13,ORAS BORSA,,2,,482,561
25,99,2,1566,960,888,72,954,6,ORAS BORSA,,2,,333,621
25,100,2,2292,1692,1405,287,1688,4,ORAS BORSA,,2,,663,1025
25,101,2,835,493,478,15,492,1,ORAS BORSA,,2,,273,219
25,102,2,755,485,443,42,479,6,ORAS BORSA,,2,,215,264
25,103,2,1483,951,916,35,948,3,ORAS BORSA,,2,,416,532
25,104,2,1471,834,809,25,829,5,ORAS BORSA,,2,,322,507
25,105,2,986,658,614,44,652,6,ORAS BORSA,,2,,243,409
25,106,2,889,578,520,58,567,11,ORAS BORSA,,2,,171,396
25,107,2,1592,976,931,45,974,2,ORAS BORSA,,2,,575,399
25,108,2,1576,980,937,43,975,5,ORAS BORSA,,2,,492,483
25,109,2,1647,1092,962,130,1086,6,ORAS BORSA,,2,,589,497
25,110,2,2254,1545,1462,83,1536,9,ORAS CAVNIC,,2,,713,823
25,111,2,1322,1036,960,76,1031,5,ORAS CAVNIC,,2,,576,455
25,112,2,899,606,544,62,602,4,ORAS CAVNIC,,2,,117,485
25,113,2,2165,1539,1418,121,1529,10,ORAS SEINI,,2,,569,960
25,114,2,1867,1380,1270,110,1363,17,ORAS SEINI,,2,,342,1021
25,115,2,1692,1298,1143,155,1290,8,ORAS SEINI,,2,,401,889
25,116,2,566,424,370,54,420,4,ORAS SEINI,,2,,253,167
25,117,2,469,358,313,45,356,2,ORAS SEINI,,2,,120,236
25,118,2,1886,1265,1165,100,1262,3,ORAS TARGU LAPUS,,2,,574,688
25,119,2,1617,1124,1028,96,1120,4,ORAS TARGU LAPUS,,2,,507,613
25,120,2,1329,905,845,60,896,9,ORAS TARGU LAPUS,,2,,373,523
25,121,2,441,344,302,42,338,6,ORAS TARGU LAPUS,,2,,178,160
25,122,2,429,348,323,25,345,3,ORAS TARGU LAPUS,,2,,154,191
25,123,2,190,163,142,21,163,0,ORAS TARGU LAPUS,,2,,55,108
25,124,2,792,532,502,30,525,7,ORAS TARGU LAPUS,,2,,31,494
25,125,2,384,280,246,34,277,3,ORAS TARGU LAPUS,,2,,97,180
25,126,2,192,173,151,22,172,1,ORAS TARGU LAPUS,,2,,108,64
25,127,2,287,196,178,18,193,3,ORAS TARGU LAPUS,,2,,120,73
25,128,2,258,172,150,22,171,1,ORAS TARGU LAPUS,,2,,64,107
25,129,2,1095,668,623,45,667,1,ORAS TARGU LAPUS,,2,,479,188
25,130,2,1257,973,896,77,969,4,ORAS TARGU LAPUS,,2,,590,379
25,131,2,674,421,373,48,420,1,ORAS TARGU LAPUS,,2,,168,252
25,132,2,251,219,200,19,218,1,ORAS TARGU LAPUS,,2,,119,99
25,133,2,2410,1437,1384,53,1426,11,ORAS VISEU DE SUS,,2,,608,818
25,134,2,1960,1453,1177,276,1444,9,ORAS VISEU DE SUS,,2,,546,898
25,135,2,3090,2008,1880,128,1989,19,ORAS VISEU DE SUS,,2,,887,1102
25,136,2,783,523,468,55,519,4,ORAS VISEU DE SUS,,2,,147,372
25,137,2,2036,1459,1396,63,1452,7,ORAS VISEU DE SUS,,2,,840,612
25,138,2,2461,1479,1397,82,1473,6,ORAS VISEU DE SUS,,2,,571,902
25,139,2,1918,1132,1046,86,1116,16,ORAS VISEU DE SUS,,2,,772,344
25,140,2,1410,1017,853,164,1007,10,ARDUSAT,,2,,560,447
25,141,2,365,320,280,40,318,2,ARDUSAT,,2,,185,133
25,142,2,656,553,481,72,549,4,ARINIS,,2,,242,307
25,143,2,277,248,189,59,248,0,ARINIS,,2,,133,115
25,144,2,950,838,769,69,818,20,ASUAJU DE SUS,,2,,454,364
25,145,2,388,360,312,48,359,1,ASUAJU DE SUS,,2,,181,178
25,146,2,1113,864,725,139,856,8,BAITA DE SUB CODRU,,2,,551,305
25,147,2,451,350,295,55,345,5,BAITA DE SUB CODRU,,2,,210,135
25,148,2,297,249,215,34,247,2,BAITA DE SUB CODRU,,2,,132,115
25,149,2,1466,1108,1031,77,1102,6,BAIUT,,2,,417,685
25,150,2,627,492,469,23,489,3,BAIUT,,2,,262,227
25,151,2,277,241,212,29,239,2,BAIUT,,2,,167,72
25,152,2,659,592,506,86,585,7,BASESTI,,2,,309,276
25,153,2,287,241,183,58,241,0,BASESTI,,2,,97,144
25,154,2,562,358,321,37,356,2,BICAZ,,2,,234,122
25,155,2,239,219,195,24,217,2,BICAZ,,2,,124,93
25,156,2,410,328,295,33,325,3,BICAZ,,2,,203,122
25,157,2,828,472,404,68,462,10,BISTRA,,2,,229,233
25,158,2,1495,1285,1197,88,1277,8,BISTRA,,2,,516,761
25,159,2,1217,823,782,41,805,18,BISTRA,,2,,195,610
25,160,2,2933,1595,1469,126,1582,13,BIRSANA,,2,,1032,550
25,161,2,593,353,333,20,349,4,BIRSANA,,2,,275,74
25,162,2,1393,928,872,56,921,7,BIRSANA,,2,,534,387
25,163,2,648,444,417,27,444,0,BIRSANA,,2,,357,87
25,164,2,430,390,305,85,389,1,BOCICOIU MARE,,2,,110,279
25,165,2,777,604,545,59,599,5,BOCICOIU MARE,,2,,255,344
25,166,2,1155,758,693,65,751,7,BOCICOIU MARE,,2,,203,548
25,167,2,996,662,585,77,657,5,BOCICOIU MARE,,2,,241,416
25,168,2,2139,1330,1253,77,1326,4,BOGDAN VODA,,2,,847,479
25,169,2,843,589,506,83,583,6,BOGDAN VODA,,2,,422,161
25,170,2,688,464,421,43,462,2,BOIU MARE,,2,,306,156
25,171,2,383,315,285,30,314,1,BOIU MARE,,2,,220,94
25,172,2,2244,1825,1772,53,1822,3,BOTIZA,,2,,1621,201
25,173,2,1302,913,894,19,908,5,BUDESTI,,2,,640,268
25,174,2,793,559,539,20,558,1,BUDESTI,,2,,479,79
25,175,2,776,495,465,30,490,5,BUDESTI,,2,,322,168
25,176,2,1301,875,820,55,875,0,CALINESTI,,2,,376,499
25,177,2,387,239,214,25,238,1,CALINESTI,,2,,165,73
25,178,2,1128,675,616,59,671,4,CALINESTI,,2,,517,154
25,179,2,974,808,753,55,798,10,CERNESTI,,2,,543,255
25,180,2,895,814,766,48,809,5,CERNESTI,,2,,408,401
25,181,2,564,451,432,19,449,2,CERNESTI,,2,,258,191
25,182,2,537,471,436,35,470,1,CERNESTI,,2,,341,129
25,183,2,1441,1151,1060,91,1142,9,CICIRLAU,,2,,579,563
25,184,2,1325,993,890,103,982,11,CICIRLAU,,2,,571,411
25,185,2,1923,1240,1151,89,1234,6,CIMPULUNG LA TISA,,2,,143,1091
25,186,2,613,486,408,78,481,5,COPALNIC-MANASTUR,,2,,205,276
25,187,2,257,269,229,40,269,0,COPALNIC-MANASTUR,,2,,170,99
25,188,2,743,501,374,127,496,5,COPALNIC-MANASTUR,,2,,233,263
25,189,2,1231,846,681,165,844,2,COPALNIC-MANASTUR,,2,,356,488
25,190,2,623,479,410,69,476,3,COPALNIC-MANASTUR,,2,,266,210
25,191,2,420,352,305,47,347,5,COPALNIC-MANASTUR,,2,,209,138
25,192,2,275,195,148,47,192,3,COPALNIC-MANASTUR,,2,,116,76
25,193,2,299,281,245,36,280,1,COPALNIC-MANASTUR,,2,,140,140
25,194,2,583,384,360,24,378,6,COROIENI,,2,,246,132
25,195,2,483,329,317,12,327,2,COROIENI,,2,,169,158
25,196,2,309,234,222,12,232,2,COROIENI,,2,,174,58
25,197,2,509,391,365,26,386,5,COROIENI,,2,,246,140
25,198,2,689,555,533,22,552,3,CUPSENI,,2,,408,144
25,199,2,411,329,316,13,327,2,CUPSENI,,2,,51,276
25,200,2,963,815,794,21,807,8,CUPSENI,,2,,542,265
25,201,2,1122,1099,1077,22,1097,2,CUPSENI,,2,,911,186
25,202,2,814,694,673,21,689,5,DESESTI,,2,,355,334
25,203,2,825,743,705,38,738,5,DESESTI,,2,,358,380
25,204,2,503,370,349,21,370,0,DESESTI,,2,,197,173
25,205,2,2661,1770,1663,107,1765,5,DRAGOMIRESTI,,2,,1069,696
25,206,2,896,828,804,24,817,11,DUMBRAVITA,,2,,337,480
25,207,2,743,630,594,36,624,6,DUMBRAVITA,,2,,391,233
25,208,2,454,327,311,16,326,1,DUMBRAVITA,,2,,185,141
25,209,2,1342,1014,961,53,1013,1,DUMBRAVITA,,2,,495,518
25,210,2,1667,1266,1174,92,1260,6,FARCASA,,2,,773,487
25,211,2,1225,1128,1077,51,1120,8,FARCASA,,2,,637,483
25,212,2,1589,900,837,63,894,6,GIULESTI,,2,,580,314
25,213,2,1301,736,659,77,725,11,GIULESTI,,2,,504,221
25,214,2,973,677,624,53,670,7,GROSI,,2,,277,393
25,215,2,403,193,161,32,190,3,GROSI,,2,,99,91
25,216,2,611,457,433,24,453,4,GROSI,,2,,211,242
25,217,2,3103,1838,1715,123,1829,9,IEUD,,2,,952,877
25,218,2,1516,1204,1166,38,1199,5,LAPUS,,2,,849,350
25,219,2,1516,1115,1066,49,1107,8,LAPUS,,2,,630,477
25,220,2,1962,1390,1285,105,1382,8,LEORDINA,,2,,947,435
25,221,2,2086,1420,1232,188,1411,9,MIRESU MARE,,2,,715,696
25,222,2,828,703,646,57,699,4,MIRESU MARE,,2,,381,318
25,223,2,847,620,556,64,613,7,MIRESU MARE,,2,,375,238
25,224,2,2150,1490,1323,167,1482,8,MOISEI,,2,,1102,380
25,225,2,2065,1548,1355,193,1538,10,MOISEI,,2,,1112,426
25,226,2,2054,1414,1210,204,1406,8,MOISEI,,2,,959,447
25,227,2,502,415,397,18,414,1,OARTA DE JOS,,2,,314,100
25,228,2,695,640,572,68,631,9,OARTA DE JOS,,2,,340,291
25,229,2,939,870,598,272,866,4,OCNA SUGATAG,,2,,276,590
25,230,2,949,759,712,47,754,5,OCNA SUGATAG,,2,,396,358
25,231,2,295,252,229,23,250,2,OCNA SUGATAG,,2,,66,184
25,232,2,905,678,617,61,674,4,OCNA SUGATAG,,2,,418,256
25,233,2,2248,1333,1238,95,1319,14,PETROVA,,2,,944,375
25,234,2,865,800,778,22,798,2,POIENILE IZEI,,2,,632,166
25,235,2,1984,1370,1230,140,1354,16,POIENILE DE SUB MUNTE,,2,,828,526
25,236,2,2063,1241,1176,65,1225,16,POIENILE DE SUB MUNTE,,2,,901,324
25,237,2,821,464,425,39,457,7,POIENILE DE SUB MUNTE,,2,,319,138
25,238,2,1692,974,876,98,963,11,POIENILE DE SUB MUNTE,,2,,622,341
25,239,2,780,674,594,80,666,6,RECEA,,2,,384,282
25,240,2,296,293,252,41,292,1,RECEA,,2,,143,149
25,241,2,922,894,806,88,891,3,RECEA,,2,,370,521
25,242,2,547,504,455,49,503,1,RECEA,,2,,265,238
25,243,2,1309,1160,1094,66,1157,3,RECEA,,2,,634,523
25,244,2,1417,1029,938,91,1020,9,REMETEA CHIOARULUI,,2,,519,501
25,245,2,324,232,216,16,232,0,REMETEA CHIOARULUI,,2,,136,96
25,246,2,414,232,203,29,231,1,REMETEA CHIOARULUI,,2,,127,104
25,247,2,1791,1250,1203,47,1241,9,REMETI,,2,,689,552
25,248,2,468,299,266,33,296,3,REMETI,,2,,73,223
25,249,2,2133,1282,1149,133,1265,17,REPEDEA,,2,,917,348
25,250,2,868,543,434,109,533,10,REPEDEA,,2,,251,282
25,251,2,1786,984,874,110,977,7,RONA DE JOS,,2,,605,372
25,252,2,3156,1537,1504,33,1524,13,RONA DE SUS,,2,,1128,396
25,253,2,617,437,404,33,433,4,RONA DE SUS,,2,,92,341
25,254,2,2699,1796,1694,102,1789,7,ROZAVLEA,,2,,1468,321
25,255,2,1948,1355,1226,129,1354,1,ROZAVLEA,,2,,1048,306
25,256,2,2568,1435,1324,111,1421,14,RUSCOVA,,2,,548,873
25,257,2,846,525,481,44,522,3,RUSCOVA,,2,,285,237
25,258,2,1727,1373,1295,78,1365,5,SARASAU,,2,,497,868
25,259,2,1098,794,697,97,792,2,SATULUNG,,2,,458,334
25,260,2,166,158,115,43,157,1,SATULUNG,,2,,76,81
25,261,2,562,475,414,61,475,0,SATULUNG,,2,,235,240
25,262,2,482,415,343,72,414,1,SATULUNG,,2,,191,223
25,263,2,385,318,268,50,317,1,SATULUNG,,2,,181,136
25,264,2,523,402,339,63,398,4,SATULUNG,,2,,231,167
25,265,2,507,406,338,68,402,4,SATULUNG,,2,,241,161
25,266,2,1639,928,772,156,923,5,SACALASENI,,2,,488,435
25,267,2,1036,900,837,63,895,5,SACALASENI,,2,,390,505
25,268,2,1297,1300,1197,103,1294,6,SACALASENI,,2,,23,1271
25,269,2,55,78,45,33,77,1,SACALASENI,,2,,62,15
25,270,2,1583,1112,1044,68,1102,10,SACEL,,2,,818,284
25,271,2,1340,803,739,64,796,7,SACEL,,2,,579,217
25,272,2,2309,1631,1543,88,1613,18,SALISTEA DE SUS,,2,,938,675
25,273,2,1943,1391,1296,95,1377,14,SALISTEA DE SUS,,2,,929,448
25,274,2,1136,928,807,121,919,9,SALSIG,,2,,478,441
25,275,2,1069,908,785,123,899,9,SALSIG,,2,,506,393
25,276,2,2376,2093,1825,268,2086,7,SAPINTA,,2,,1118,968
25,277,2,1892,1148,1101,47,1141,7,STRIMTURA,,2,,581,560
25,278,2,571,373,351,22,371,2,STRIMTURA,,2,,182,189
25,279,2,534,276,252,24,271,5,STRIMTURA,,2,,193,78
25,280,2,643,352,339,13,351,1,STRIMTURA,,2,,270,81
25,281,2,1378,919,885,34,912,7,SUCIU DE SUS,,2,,575,337
25,282,2,712,494,459,35,493,1,SUCIU DE SUS,,2,,349,144
25,283,2,1281,959,930,29,954,5,SUCIU DE SUS,,2,,679,275
25,284,2,545,396,363,33,395,1,SUCIU DE SUS,,2,,269,126
25,285,2,1075,716,682,34,712,4,SUCIU DE SUS,,2,,431,281
25,286,2,314,215,201,14,215,0,SUCIU DE SUS,,2,,131,84
25,287,2,1175,930,909,21,925,5,SISESTI,,2,,342,583
25,288,2,651,490,451,39,487,3,SISESTI,,2,,186,301
25,289,2,1084,781,756,25,773,8,SISESTI,,2,,320,453
25,290,2,567,477,456,21,475,2,SISESTI,,2,,208,267
25,291,2,405,331,327,4,328,3,SISESTI,,2,,110,218
25,292,2,367,320,314,6,317,3,SISESTI,,2,,166,151
25,293,2,1487,1184,1033,151,1181,3,SOMCUTA MARE,,2,,517,664
25,294,2,1212,935,835,100,932,3,SOMCUTA MARE,,2,,451,481
25,295,2,926,777,760,17,769,8,SOMCUTA MARE,,2,,550,219
25,296,2,798,817,796,21,808,9,SOMCUTA MARE,,2,,518,290
25,297,2,570,515,476,39,515,0,SOMCUTA MARE,,2,,333,182
25,298,2,457,304,287,17,303,1,SOMCUTA MARE,,2,,175,128
25,299,2,316,262,251,11,262,0,SOMCUTA MARE,,2,,152,110
25,300,2,236,212,199,13,208,4,SOMCUTA MARE,,2,,73,135
25,301,2,1449,1253,1068,185,1244,9,TAUTII-MAGHERAUS,,2,,482,762
25,302,2,1476,1191,1130,61,1186,5,TAUTII-MAGHERAUS,,2,,373,813
25,303,2,661,593,502,91,588,5,TAUTII-MAGHERAUS,,2,,185,403
25,304,2,573,569,505,64,566,3,TAUTII-MAGHERAUS,,2,,270,296
25,305,2,448,360,331,29,357,3,TAUTII-MAGHERAUS,,2,,267,90
25,306,2,1898,1334,1227,107,1326,8,ULMENI,,2,,648,678
25,307,2,1021,681,618,63,675,6,ULMENI,,2,,129,546
25,308,2,818,640,592,48,639,1,ULMENI,,2,,368,271
25,309,2,912,668,617,51,661,7,ULMENI,,2,,207,454
25,310,2,705,585,435,150,582,3,ULMENI,,2,,296,286
25,311,2,1723,1289,1092,197,1281,8,VADU IZEI,,2,,773,508
25,312,2,439,314,289,25,313,1,VADU IZEI,,2,,204,109
25,313,2,1261,1049,981,68,1042,7,VALEA CHIOARULUI,,2,,543,499
25,314,2,695,696,635,61,692,4,VALEA CHIOARULUI,,2,,385,307
25,315,2,554,409,337,72,406,3,VIMA MICA,,2,,288,118
25,316,2,370,276,195,81,276,0,VIMA MICA,,2,,143,133
25,317,2,472,259,220,39,259,0,VIMA MICA,,2,,156,103
25,318,2,1365,907,831,76,902,5,VISEU DE JOS,,2,,545,357
25,319,2,1960,1341,1271,70,1338,3,VISEU DE JOS,,2,,865,473
25,320,2,1187,757,714,43,750,7,VISEU DE JOS,,2,,517,233
26,1,2,1635,1088,1005,83,1085,3,MUNICIPIUL DROBETA TURNU SEVERIN,,6,,559,526
26,2,2,1416,937,861,76,924,13,MUNICIPIUL DROBETA TURNU SEVERIN,,6,,438,486
26,3,2,1760,1320,1109,211,1315,5,MUNICIPIUL DROBETA TURNU SEVERIN,,6,,624,691
26,4,2,1646,1184,1022,162,1176,8,MUNICIPIUL DROBETA TURNU SEVERIN,,6,,526,650
26,5,2,1545,1139,1004,135,1134,5,MUNICIPIUL DROBETA TURNU SEVERIN,,6,,461,673
26,6,2,1896,1464,1291,173,1459,5,MUNICIPIUL DROBETA TURNU SEVERIN,,6,,704,755
26,7,2,1965,1404,1210,194,1398,6,MUNICIPIUL DROBETA TURNU SEVERIN,,6,,646,752
26,8,2,1716,1278,1188,90,1274,4,MUNICIPIUL DROBETA TURNU SEVERIN,,6,,635,639
26,9,2,1677,1276,1071,205,1268,6,MUNICIPIUL DROBETA TURNU SEVERIN,,6,,587,681
26,10,2,2207,1358,1214,144,1352,6,MUNICIPIUL DROBETA TURNU SEVERIN,,6,,603,749
26,11,2,2010,1402,1225,177,1392,10,MUNICIPIUL DROBETA TURNU SEVERIN,,6,,681,711
26,12,2,2083,1301,1224,77,1294,7,MUNICIPIUL DROBETA TURNU SEVERIN,,6,,697,597
26,13,2,2177,1417,1249,168,1407,10,MUNICIPIUL DROBETA TURNU SEVERIN,,6,,633,774
26,14,2,1700,1064,1000,64,1056,8,MUNICIPIUL DROBETA TURNU SEVERIN,,6,,519,537
26,15,2,1950,1472,1289,183,1463,9,MUNICIPIUL DROBETA TURNU SEVERIN,,6,,765,698
26,16,2,1926,1199,1093,106,1192,7,MUNICIPIUL DROBETA TURNU SEVERIN,,6,,586,606
26,17,2,1818,1364,966,398,1358,6,MUNICIPIUL DROBETA TURNU SEVERIN,,6,,612,746
26,18,2,1794,1192,1090,102,1189,3,MUNICIPIUL DROBETA TURNU SEVERIN,,6,,548,641
26,19,2,1323,889,706,183,886,3,MUNICIPIUL DROBETA TURNU SEVERIN,,6,,403,483
26,20,2,1828,1017,866,151,1016,1,MUNICIPIUL DROBETA TURNU SEVERIN,,6,,445,571
26,21,2,1515,1041,785,256,1037,4,MUNICIPIUL DROBETA TURNU SEVERIN,,6,,507,530
26,22,2,1780,1053,992,61,1049,4,MUNICIPIUL DROBETA TURNU SEVERIN,,6,,528,521
26,23,2,1915,1190,1096,94,1184,6,MUNICIPIUL DROBETA TURNU SEVERIN,,6,,518,666
26,24,2,1679,1095,971,124,1092,3,MUNICIPIUL DROBETA TURNU SEVERIN,,6,,534,558
26,25,2,1185,830,737,93,826,4,MUNICIPIUL DROBETA TURNU SEVERIN,,6,,371,455
26,26,2,1179,1007,913,94,1005,2,MUNICIPIUL DROBETA TURNU SEVERIN,,6,,557,448
26,27,2,1728,1005,915,90,999,6,MUNICIPIUL DROBETA TURNU SEVERIN,,6,,516,483
26,28,2,1930,1150,1064,86,1145,5,MUNICIPIUL DROBETA TURNU SEVERIN,,6,,579,566
26,29,2,1654,1092,1005,87,1088,4,MUNICIPIUL DROBETA TURNU SEVERIN,,6,,560,528
26,30,2,1865,1210,1144,66,1206,4,MUNICIPIUL DROBETA TURNU SEVERIN,,6,,600,606
26,31,2,1881,1200,1090,110,1200,0,MUNICIPIUL DROBETA TURNU SEVERIN,,6,,666,534
26,32,2,1994,1225,1079,146,1224,1,MUNICIPIUL DROBETA TURNU SEVERIN,,6,,579,645
26,33,2,1479,1421,842,579,1415,6,MUNICIPIUL DROBETA TURNU SEVERIN,,6,,716,699
26,34,2,1142,741,577,164,738,3,MUNICIPIUL DROBETA TURNU SEVERIN,,6,,332,406
26,35,2,1441,861,781,80,858,3,MUNICIPIUL DROBETA TURNU SEVERIN,,6,,425,433
26,36,2,1558,929,834,95,928,1,MUNICIPIUL DROBETA TURNU SEVERIN,,6,,468,460
26,37,2,1998,1307,1194,113,1305,2,MUNICIPIUL DROBETA TURNU SEVERIN,,6,,655,650
26,38,2,1987,1389,1248,141,1384,5,MUNICIPIUL DROBETA TURNU SEVERIN,,6,,748,636
26,39,2,1929,1185,1066,119,1180,5,MUNICIPIUL DROBETA TURNU SEVERIN,,6,,566,614
26,40,2,1589,1022,898,124,1018,4,MUNICIPIUL DROBETA TURNU SEVERIN,,6,,512,506
26,41,2,1933,1367,1269,98,1363,4,MUNICIPIUL DROBETA TURNU SEVERIN,,6,,648,715
26,42,2,2025,1368,1220,148,1361,7,MUNICIPIUL DROBETA TURNU SEVERIN,,6,,695,666
26,43,2,1776,1084,1011,73,1077,7,MUNICIPIUL DROBETA TURNU SEVERIN,,6,,457,620
26,44,2,1997,1406,1144,262,1403,3,MUNICIPIUL DROBETA TURNU SEVERIN,,6,,720,683
26,45,2,1895,1270,1144,126,1263,7,MUNICIPIUL DROBETA TURNU SEVERIN,,6,,614,649
26,46,2,1688,1001,880,121,996,5,MUNICIPIUL DROBETA TURNU SEVERIN,,6,,509,487
26,47,2,1901,1274,1120,154,1267,7,MUNICIPIUL DROBETA TURNU SEVERIN,,6,,630,637
26,48,2,2969,2083,2083,0,2079,4,MUNICIPIUL DROBETA TURNU SEVERIN,,6,,1003,1076
26,49,2,1261,919,828,91,906,13,MUNICIPIUL DROBETA TURNU SEVERIN,,6,,578,328
26,50,2,739,887,464,423,883,4,MUNICIPIUL DROBETA TURNU SEVERIN,,6,,314,569
26,51,2,0,607,0,607,605,2,MUNICIPIUL DROBETA TURNU SEVERIN,,6,,249,356
26,52,2,1447,985,848,137,982,3,ORAS BAIA DE ARAMA,,6,,611,371
26,53,2,913,566,493,73,564,2,ORAS BAIA DE ARAMA,,6,,356,208
26,54,2,659,495,428,67,493,2,ORAS BAIA DE ARAMA,,6,,374,119
26,55,2,1168,706,659,47,702,4,ORAS BAIA DE ARAMA,,6,,413,289
26,56,2,1607,1168,1085,83,1164,4,ORAS ORSOVA,,6,,423,741
26,57,2,2586,1575,1437,138,1566,9,ORAS ORSOVA,,6,,576,990
26,58,2,1163,840,781,59,837,3,ORAS ORSOVA,,6,,291,546
26,59,2,1110,776,682,94,765,11,ORAS ORSOVA,,6,,229,536
26,60,2,1937,1340,1166,174,1335,5,ORAS ORSOVA,,6,,515,820
26,61,2,1606,1095,974,121,1088,7,ORAS ORSOVA,,6,,444,644
26,62,2,1588,1163,1069,94,1152,11,ORAS ORSOVA,,6,,454,698
26,63,2,278,220,195,25,220,0,ORAS ORSOVA,,6,,74,146
26,64,2,1358,956,821,135,950,6,ORAS STREHAIA,,6,,575,375
26,65,2,1526,988,878,110,983,5,ORAS STREHAIA,,6,,532,451
26,66,2,1479,1016,848,168,1005,11,ORAS STREHAIA,,6,,572,433
26,67,2,1297,853,744,109,850,3,ORAS STREHAIA,,6,,439,411
26,68,2,1077,706,596,110,700,6,ORAS STREHAIA,,6,,403,297
26,69,2,395,272,222,50,269,3,ORAS STREHAIA,,6,,160,109
26,70,2,573,378,324,54,374,4,ORAS STREHAIA,,6,,236,138
26,71,2,919,644,544,100,640,4,ORAS STREHAIA,,6,,397,243
26,72,2,301,159,128,31,154,5,ORAS STREHAIA,,6,,108,46
26,73,2,1356,930,807,123,925,5,ORAS VANJU MARE,,6,,579,346
26,74,2,1728,1119,1032,87,1115,4,ORAS VANJU MARE,,6,,733,382
26,75,2,285,237,177,60,233,4,ORAS VANJU MARE,,6,,100,133
26,76,2,787,547,464,83,540,7,ORAS VANJU MARE,,6,,358,182
26,77,2,936,578,466,112,576,2,ORAS VANJU MARE,,6,,439,137
26,78,2,493,410,302,108,405,5,ORAS VANJU MARE,,6,,234,171
26,79,2,833,718,464,254,709,9,BALA,,6,,541,168
26,80,2,597,414,324,90,408,6,BALA,,6,,271,137
26,81,2,652,426,346,80,420,6,BALA,,6,,269,151
26,82,2,389,285,193,92,285,0,BALA,,6,,212,73
26,83,2,881,611,477,134,608,3,BALA,,6,,476,132
26,84,2,534,377,321,56,373,4,BALTA,,6,,142,231
26,85,2,820,501,401,100,495,6,BALTA,,6,,315,180
26,86,2,1318,905,772,133,899,6,BALACITA,,6,,506,393
26,87,2,1321,776,630,146,768,8,BALACITA,,6,,446,322
26,88,2,523,399,305,94,396,3,BALACITA,,6,,315,81
26,89,2,728,458,317,141,445,13,BACLES,,6,,262,183
26,90,2,521,352,290,62,349,3,BACLES,,6,,197,152
26,91,2,475,440,354,86,435,5,BACLES,,6,,338,97
26,92,2,668,391,311,80,389,2,BACLES,,6,,211,178
26,93,2,943,532,424,108,525,7,BALVANESTI,,6,,329,196
26,94,2,1085,825,696,129,822,3,BREZNITA-MOTRU,,6,,512,310
26,95,2,431,260,194,66,254,6,BREZNITA-MOTRU,,6,,175,79
26,96,2,1468,863,799,64,854,9,BREZNITA-OCOL,,6,,357,497
26,97,2,560,380,298,82,376,4,BREZNITA-OCOL,,6,,159,217
26,98,2,957,586,459,127,582,4,BREZNITA-OCOL,,6,,286,296
26,99,2,1048,771,562,209,766,5,BROSTENI,,6,,480,286
26,100,2,1048,636,488,148,630,6,BROSTENI,,6,,468,162
26,101,2,604,479,365,114,472,7,BURILA MARE,,6,,312,160
26,102,2,641,527,342,185,521,6,BURILA MARE,,6,,273,248
26,103,2,548,406,288,118,398,8,BURILA MARE,,6,,222,176
26,104,2,187,208,120,88,204,4,BURILA MARE,,6,,129,75
26,105,2,1258,776,590,186,767,9,BUTOIESTI,,6,,445,322
26,106,2,804,442,339,103,434,8,BUTOIESTI,,6,,229,205
26,107,2,237,247,189,58,244,3,BUTOIESTI,,6,,188,56
26,108,2,301,250,186,64,245,5,BUTOIESTI,,6,,151,94
26,109,2,944,524,382,142,514,10,CAZANESTI,,6,,356,158
26,110,2,1126,698,533,165,690,8,CAZANESTI,,6,,467,223
26,111,2,655,353,284,69,343,10,CIRESU,,6,,201,142
26,112,2,1459,976,776,200,966,10,CORCOVA,,6,,694,272
26,113,2,809,533,406,127,527,6,CORCOVA,,6,,428,99
26,114,2,1387,890,731,159,878,12,CORCOVA,,6,,594,284
26,115,2,441,319,221,98,314,5,CORCOVA,,6,,180,134
26,116,2,1198,888,703,185,882,6,CORLATEL,,6,,572,310
26,117,2,1024,676,533,143,671,5,CUJMIR,,6,,358,313
26,118,2,1024,638,533,105,636,2,CUJMIR,,6,,332,304
26,119,2,1124,703,586,117,697,6,CUJMIR,,6,,361,336
26,120,2,1013,982,662,320,978,4,DEVESEL,,6,,596,382
26,121,2,488,497,313,184,493,4,DEVESEL,,6,,264,229
26,122,2,496,571,378,193,567,4,DEVESEL,,6,,448,119
26,123,2,593,625,442,183,618,7,DEVESEL,,6,,399,219
26,124,2,1470,913,808,105,898,15,DARVARI,,6,,343,555
26,125,2,1087,771,673,98,766,5,DARVARI,,6,,317,449
26,126,2,478,368,306,62,363,5,DUBOVA,,6,,138,225
26,127,2,408,362,285,77,358,4,DUBOVA,,6,,250,108
26,128,2,553,379,274,105,373,6,DUMBRAVA,,6,,253,120
26,129,2,822,610,487,123,607,3,DUMBRAVA,,6,,407,200
26,130,2,264,258,154,104,255,3,DUMBRAVA,,6,,189,66
26,131,2,1178,756,640,116,747,9,FLORESTI,,6,,583,164
26,132,2,919,586,498,88,578,8,FLORESTI,,6,,412,166
26,133,2,1566,859,768,91,852,7,GARLA MARE,,6,,514,338
26,134,2,1278,759,654,105,746,13,GARLA MARE,,6,,468,278
26,135,2,1298,1011,766,245,1002,9,GARLA MARE,,6,,591,411
26,136,2,582,339,234,105,330,9,GODEANU,,6,,199,131
26,137,2,939,804,652,152,797,7,GOGOSU,,6,,493,304
26,138,2,956,770,646,124,762,8,GOGOSU,,6,,329,433
26,139,2,612,410,337,73,406,4,GOGOSU,,6,,220,186
26,140,2,395,480,264,216,473,7,GOGOSU,,6,,170,303
26,141,2,0,761,0,761,758,3,GOGOSU,,6,,145,613
26,142,2,721,584,481,103,580,4,GRECI,,6,,414,166
26,143,2,365,308,246,62,306,2,GRECI,,6,,147,159
26,144,2,247,232,191,41,232,0,GRECI,,6,,153,79
26,145,2,1099,567,505,62,552,15,GROZESTI,,6,,381,171
26,146,2,567,479,405,74,470,9,GROZESTI,,6,,320,150
26,147,2,1400,1027,901,126,1018,9,GRUIA,,6,,695,323
26,148,2,1025,723,609,114,720,3,GRUIA,,6,,404,316
26,149,2,250,241,206,35,240,1,GRUIA,,6,,198,42
26,150,2,777,553,468,85,550,3,HINOVA,,6,,382,168
26,151,2,982,703,586,117,694,9,HINOVA,,6,,289,405
26,152,2,387,365,294,71,362,3,HINOVA,,6,,153,209
26,153,2,715,441,323,118,435,6,HUSNICIOARA,,6,,278,157
26,154,2,584,349,234,115,344,5,HUSNICIOARA,,6,,172,172
26,155,2,992,774,676,98,769,5,ESELNITA,,6,,242,527
26,156,2,1144,824,763,61,816,8,ESELNITA,,6,,269,547
26,157,2,1312,1072,805,267,1061,11,ILOVAT,,6,,787,274
26,158,2,719,450,388,62,448,2,ILOVITA,,6,,198,250
26,159,2,481,276,227,49,268,8,ILOVITA,,6,,165,103
26,160,2,1457,651,589,62,643,8,ISVERNA,,6,,346,297
26,161,2,632,362,310,52,354,8,ISVERNA,,6,,252,102
26,162,2,986,644,573,71,629,15,IZVORU BARZII,,6,,327,302
26,163,2,501,257,197,60,249,8,IZVORU BARZII,,6,,155,94
26,164,2,628,638,282,356,636,2,IZVORU BARZII,,6,,293,343
26,165,2,618,465,375,90,457,8,JIANA,,6,,271,186
26,166,2,1479,1012,874,138,997,15,JIANA,,6,,610,387
26,167,2,1055,785,686,99,776,9,JIANA,,6,,456,320
26,168,2,710,572,463,109,566,6,JIANA,,6,,295,271
26,169,2,935,746,556,190,738,8,LIVEZILE,,6,,517,221
26,170,2,544,438,332,106,435,0,LIVEZILE,,6,,258,177
26,171,2,233,209,137,72,201,8,LIVEZILE,,6,,119,82
26,172,2,959,554,423,131,548,6,MALOVAT,,6,,337,211
26,173,2,675,375,290,85,368,7,MALOVAT,,6,,237,131
26,174,2,681,424,342,82,417,7,MALOVAT,,6,,245,172
26,175,2,965,615,520,95,612,3,OBARSIA DE CAMP,,6,,320,292
26,176,2,1076,729,628,101,723,6,OBARSIA DE CAMP,,6,,496,227
26,177,2,825,509,459,50,505,4,OBARSIA CLOSANI,,6,,236,269
26,178,2,1074,772,695,77,766,6,OPRISOR,,6,,487,279
26,179,2,1163,804,703,101,792,12,OPRISOR,,6,,478,314
26,180,2,534,496,372,124,489,7,OPRISOR,,6,,281,208
26,181,2,306,229,140,89,226,3,PADINA,,6,,151,75
26,182,2,423,268,211,57,262,6,PADINA,,6,,145,117
26,183,2,407,297,204,93,294,3,PADINA,,6,,216,78
26,184,2,717,511,407,104,505,6,PADINA,,6,,314,191
26,185,2,1533,1039,918,121,1025,14,PATULELE,,6,,373,652
26,186,2,1501,919,846,73,903,16,PATULELE,,6,,325,578
26,187,2,535,371,296,75,367,4,PATULELE,,6,,242,125
26,188,2,999,760,657,103,748,12,PODENI,,6,,420,328
26,189,2,1027,503,429,74,496,7,PONOARELE,,6,,308,188
26,190,2,597,395,341,54,384,11,PONOARELE,,6,,308,76
26,191,2,454,382,301,81,379,3,PONOARELE,,6,,256,123
26,192,2,731,464,367,97,460,4,POROINA MARE,,6,,283,177
26,193,2,507,468,351,117,464,4,POROINA MARE,,6,,355,109
26,194,2,1154,977,841,136,970,7,PRISTOL,,6,,612,358
26,195,2,599,491,425,66,487,4,PRISTOL,,6,,298,189
26,196,2,600,471,335,136,469,2,PRUNISOR,,6,,276,193
26,197,2,450,325,240,85,321,4,PRUNISOR,,6,,202,119
26,198,2,502,372,247,125,367,5,PRUNISOR,,6,,195,172
26,199,2,331,259,178,81,256,3,PRUNISOR,,6,,161,95
26,200,2,287,299,178,121,297,1,PRUNISOR,,6,,155,142
26,201,2,1066,732,595,137,722,10,PUNGHINA,,6,,457,265
26,202,2,559,475,349,126,473,2,PUNGHINA,,6,,281,192
26,203,2,696,491,419,72,483,8,PUNGHINA,,6,,361,122
26,204,2,1219,944,777,167,935,9,ROGOVA,,6,,534,401
26,205,2,1510,884,806,78,880,4,SALCIA,,6,,431,449
26,206,2,1642,946,850,96,936,9,SALCIA,,6,,381,555
26,207,2,857,514,436,78,508,6,STANGACEAUA,,6,,302,206
26,208,2,432,297,228,69,292,5,STANGACEAUA,,6,,176,116
26,209,2,994,669,620,49,660,9,SVINITA,,6,,377,283
26,210,2,1345,958,698,260,951,7,SIMIAN,,6,,437,514
26,211,2,1295,938,771,167,936,2,SIMIAN,,6,,496,440
26,212,2,1062,888,727,161,878,10,SIMIAN,,6,,349,529
26,213,2,1160,884,718,166,872,12,SIMIAN,,6,,450,422
26,214,2,582,475,300,175,463,12,SIMIAN,,6,,199,264
26,215,2,650,405,291,114,401,4,SIMIAN,,6,,255,146
26,216,2,1117,789,594,195,786,3,SISESTI,,6,,500,286
26,217,2,677,600,446,154,591,9,SISESTI,,6,,446,145
26,218,2,718,733,644,89,726,7,SISESTI,,6,,554,172
26,219,2,1155,846,709,137,840,6,SOVARNA,,6,,626,214
26,220,2,972,512,358,154,508,4,TAMNA,,6,,269,239
26,221,2,679,461,329,132,456,5,TAMNA,,6,,323,133
26,222,2,393,301,214,87,291,10,TAMNA,,6,,204,87
26,223,2,559,411,307,104,409,2,TAMNA,,6,,286,123
26,224,2,1079,758,655,103,753,5,VANATORI,,6,,424,329
26,225,2,942,681,605,76,678,3,VANATORI,,6,,326,352
26,226,2,489,395,359,36,393,2,VANATORI,,6,,213,180
26,227,2,1341,978,907,71,971,7,VANATORI,,6,,198,773
26,228,2,1364,967,698,269,954,13,VANJULET,,6,,494,460
26,229,2,1045,764,646,118,756,8,VLADAIA,,6,,606,150
26,230,2,652,446,373,73,442,4,VLADAIA,,6,,300,142
26,231,2,325,238,197,41,235,3,VLADAIA,,6,,124,111
26,232,2,1031,709,573,136,702,7,VOLOIAC,,6,,445,257
26,233,2,501,344,260,84,338,6,VOLOIAC,,6,,209,129
26,234,2,173,195,171,24,193,2,MUNICIPIUL DROBETA TURNU SEVERIN,,6,,109,84
26,235,2,0,777,0,777,773,4,MUNICIPIUL DROBETA TURNU SEVERIN,,6,,433,340
26,236,2,279,290,276,14,289,1,MUNICIPIUL DROBETA TURNU SEVERIN,,6,,148,141
26,237,2,136,139,129,10,138,0,MUNICIPIUL DROBETA TURNU SEVERIN,,6,,18,120
26,238,2,87,124,85,39,122,2,ORAS ORSOVA,,6,,57,65
26,239,2,0,372,0,372,367,5,ORAS VANJU MARE,,6,,193,174
27,1,2,1931,1530,1368,162,1524,6,MUNICIPIUL TARGU MURES,,7,,346,1178
27,2,2,1844,1430,1323,107,1428,2,MUNICIPIUL TARGU MURES,,7,,288,1140
27,3,2,1906,1489,1340,149,1481,8,MUNICIPIUL TARGU MURES,,7,,284,1197
27,4,2,1909,1506,1340,166,1503,3,MUNICIPIUL TARGU MURES,,7,,345,1158
27,5,2,1848,1419,1331,88,1412,7,MUNICIPIUL TARGU MURES,,7,,301,1111
27,6,2,1094,772,666,106,769,3,MUNICIPIUL TARGU MURES,,7,,228,541
27,7,2,1231,942,864,78,939,3,MUNICIPIUL TARGU MURES,,7,,260,679
27,8,2,1977,1520,1393,127,1512,8,MUNICIPIUL TARGU MURES,,7,,245,1267
27,9,2,1817,1209,1087,122,1202,7,MUNICIPIUL TARGU MURES,,7,,267,935
27,10,2,1921,1514,1392,122,1511,3,MUNICIPIUL TARGU MURES,,7,,237,1274
27,11,2,1573,1270,1175,95,1263,6,MUNICIPIUL TARGU MURES,,7,,232,1031
27,12,2,1672,1293,1194,99,1289,4,MUNICIPIUL TARGU MURES,,7,,299,990
27,13,2,1529,1263,1169,94,1260,3,MUNICIPIUL TARGU MURES,,7,,386,874
27,14,2,1657,1365,1260,105,1362,3,MUNICIPIUL TARGU MURES,,7,,431,931
27,15,2,1816,1359,1205,154,1351,8,MUNICIPIUL TARGU MURES,,7,,352,999
27,16,2,1577,1312,1129,183,1299,13,MUNICIPIUL TARGU MURES,,7,,245,1054
27,17,2,1905,1441,1390,51,1435,6,MUNICIPIUL TARGU MURES,,7,,468,967
27,18,2,1549,1225,1108,117,1222,3,MUNICIPIUL TARGU MURES,,7,,306,916
27,19,2,1540,1225,1157,68,1220,5,MUNICIPIUL TARGU MURES,,7,,252,968
27,20,2,1756,1347,1196,151,1339,8,MUNICIPIUL TARGU MURES,,7,,204,1135
27,21,2,1910,1483,1406,77,1474,9,MUNICIPIUL TARGU MURES,,7,,338,1136
27,22,2,1437,1208,1090,118,1203,5,MUNICIPIUL TARGU MURES,,7,,267,936
27,23,2,1155,1264,865,399,1261,3,MUNICIPIUL TARGU MURES,,7,,289,972
27,24,2,1883,1486,1377,109,1475,11,MUNICIPIUL TARGU MURES,,7,,327,1148
27,25,2,1164,1139,813,326,1131,8,MUNICIPIUL TARGU MURES,,7,,262,869
27,26,2,1524,1139,1078,61,1130,9,MUNICIPIUL TARGU MURES,,7,,231,899
27,27,2,1938,1612,1353,259,1610,2,MUNICIPIUL TARGU MURES,,7,,389,1221
27,28,2,1264,1327,985,342,1325,2,MUNICIPIUL TARGU MURES,,7,,228,1097
27,29,2,1868,1467,1344,123,1463,4,MUNICIPIUL TARGU MURES,,7,,304,1159
27,30,2,1797,1337,1269,68,1333,4,MUNICIPIUL TARGU MURES,,7,,392,941
27,31,2,1898,1401,1303,98,1396,5,MUNICIPIUL TARGU MURES,,7,,401,995
27,32,2,1919,1503,1426,77,1500,3,MUNICIPIUL TARGU MURES,,7,,466,1034
27,33,2,1959,1509,1458,51,1506,3,MUNICIPIUL TARGU MURES,,7,,504,1002
27,34,2,1998,1465,1404,61,1460,5,MUNICIPIUL TARGU MURES,,7,,437,1023
27,35,2,1906,1398,1339,59,1393,5,MUNICIPIUL TARGU MURES,,7,,412,981
27,36,2,1922,1446,1400,46,1440,6,MUNICIPIUL TARGU MURES,,7,,457,983
27,37,2,1696,1349,1277,72,1345,4,MUNICIPIUL TARGU MURES,,7,,396,949
27,38,2,1950,1524,1459,65,1522,2,MUNICIPIUL TARGU MURES,,7,,462,1060
27,39,2,1550,1208,1114,94,1202,6,MUNICIPIUL TARGU MURES,,7,,350,852
27,40,2,1679,1297,1226,71,1296,1,MUNICIPIUL TARGU MURES,,7,,405,891
27,41,2,1837,1387,1279,108,1387,0,MUNICIPIUL TARGU MURES,,7,,475,912
27,42,2,1785,1389,1330,59,1388,1,MUNICIPIUL TARGU MURES,,7,,498,890
27,43,2,1935,1458,1393,65,1451,7,MUNICIPIUL TARGU MURES,,7,,451,1000
27,44,2,1559,1240,1175,65,1234,6,MUNICIPIUL TARGU MURES,,7,,407,827
27,45,2,1860,1455,1375,80,1453,2,MUNICIPIUL TARGU MURES,,7,,470,983
27,46,2,1754,1350,1257,93,1348,2,MUNICIPIUL TARGU MURES,,7,,267,1081
27,47,2,1617,1259,1184,75,1258,1,MUNICIPIUL TARGU MURES,,7,,222,1036
27,48,2,1720,1304,1219,85,1296,8,MUNICIPIUL TARGU MURES,,7,,316,980
27,49,2,1954,1460,1350,110,1453,7,MUNICIPIUL TARGU MURES,,7,,407,1046
27,50,2,1457,1155,1081,74,1152,3,MUNICIPIUL TARGU MURES,,7,,327,825
27,51,2,1870,1516,1346,170,1503,13,MUNICIPIUL TARGU MURES,,7,,240,1263
27,52,2,1933,1487,1406,81,1483,4,MUNICIPIUL TARGU MURES,,7,,477,1006
27,53,2,1985,1525,1455,70,1523,2,MUNICIPIUL TARGU MURES,,7,,361,1162
27,54,2,1646,1301,1194,107,1299,2,MUNICIPIUL TARGU MURES,,7,,251,1048
27,55,2,1950,1472,1370,102,1465,7,MUNICIPIUL TARGU MURES,,7,,361,1104
27,56,2,1944,1475,1405,70,1471,4,MUNICIPIUL TARGU MURES,,7,,306,1165
27,57,2,1886,1479,1394,85,1476,3,MUNICIPIUL TARGU MURES,,7,,437,1039
27,58,2,1943,1497,1409,88,1492,5,MUNICIPIUL TARGU MURES,,7,,353,1139
27,59,2,1958,1530,1461,69,1527,3,MUNICIPIUL TARGU MURES,,7,,359,1168
27,60,2,1776,1422,1352,70,1422,0,MUNICIPIUL TARGU MURES,,7,,324,1098
27,61,2,1607,1224,1174,50,1217,7,MUNICIPIUL TARGU MURES,,7,,341,876
27,62,2,1598,1252,1169,83,1247,5,MUNICIPIUL TARGU MURES,,7,,316,931
27,63,2,1649,1331,1238,93,1327,4,MUNICIPIUL TARGU MURES,,7,,367,960
27,64,2,1704,1324,1277,47,1320,4,MUNICIPIUL TARGU MURES,,7,,290,1030
27,65,2,1963,1444,1372,72,1440,4,MUNICIPIUL TARGU MURES,,7,,411,1029
27,66,2,1843,1331,1210,121,1328,3,MUNICIPIUL TARGU MURES,,7,,271,1057
27,67,2,1743,1283,1242,41,1278,5,MUNICIPIUL TARGU MURES,,7,,304,974
27,68,2,1706,1268,1172,96,1264,4,MUNICIPIUL TARGU MURES,,7,,347,917
27,69,2,1760,1330,1241,89,1328,2,MUNICIPIUL TARGU MURES,,7,,226,1102
27,70,2,1726,1163,1093,70,1158,5,MUNICIPIUL TARGU MURES,,7,,344,814
27,71,2,1541,1285,1009,276,1284,1,MUNICIPIUL TARGU MURES,,7,,400,884
27,72,2,2002,1416,1280,136,1405,11,MUNICIPIUL TARGU MURES,,7,,329,1076
27,73,2,1627,1183,1055,128,1178,5,MUNICIPIUL TARGU MURES,,7,,303,875
27,74,2,1466,1169,952,217,1166,3,MUNICIPIUL TARGU MURES,,7,,381,785
27,75,2,0,223,0,223,220,3,MUNICIPIUL TARGU MURES,,7,,94,126
27,76,2,0,549,0,549,540,9,MUNICIPIUL TARGU MURES,,7,,294,246
27,77,2,0,632,0,632,625,7,MUNICIPIUL TARGU MURES,,7,,203,422
27,78,2,319,322,300,22,316,6,MUNICIPIUL TARGU MURES,,7,,148,168
27,79,2,0,177,0,177,175,2,MUNICIPIUL TARGU MURES,,7,,55,120
27,80,2,0,1118,0,1118,1106,12,MUNICIPIUL TARGU MURES,,7,,356,750
27,81,2,0,510,0,510,508,2,MUNICIPIUL TARGU MURES,,7,,162,346
27,82,2,0,724,0,724,720,4,MUNICIPIUL TARGU MURES,,7,,189,531
27,83,2,2334,1786,1710,76,1781,5,MUNICIPIUL REGHIN,,7,,612,1169
27,84,2,1031,956,748,208,952,4,MUNICIPIUL REGHIN,,7,,337,615
27,85,2,1891,1564,1342,222,1560,4,MUNICIPIUL REGHIN,,7,,471,1089
27,86,2,1149,944,885,59,942,2,MUNICIPIUL REGHIN,,7,,335,607
27,87,2,1951,1545,1500,45,1541,4,MUNICIPIUL REGHIN,,7,,510,1031
27,88,2,1478,1124,1049,75,1116,8,MUNICIPIUL REGHIN,,7,,354,762
27,89,2,2264,1701,1603,98,1697,4,MUNICIPIUL REGHIN,,7,,592,1105
27,90,2,1346,1053,975,78,1046,7,MUNICIPIUL REGHIN,,7,,301,745
27,91,2,1662,1428,1170,258,1419,9,MUNICIPIUL REGHIN,,7,,477,942
27,92,2,1281,969,911,58,964,5,MUNICIPIUL REGHIN,,7,,291,673
27,93,2,1702,1446,1280,166,1411,35,MUNICIPIUL REGHIN,,7,,406,1005
27,94,2,2400,1745,1520,225,1741,4,MUNICIPIUL REGHIN,,7,,618,1123
27,95,2,1852,1354,1226,128,1350,4,MUNICIPIUL REGHIN,,7,,389,961
27,96,2,1872,1383,1240,143,1375,8,MUNICIPIUL REGHIN,,7,,455,920
27,97,2,2083,1682,1550,132,1672,10,MUNICIPIUL REGHIN,,7,,601,1071
27,98,2,2020,1484,1424,60,1479,5,MUNICIPIUL REGHIN,,7,,500,979
27,99,2,1722,1369,1256,113,1360,9,MUNICIPIUL REGHIN,,7,,428,932
27,100,2,0,56,0,56,56,0,MUNICIPIUL REGHIN,,7,,32,24
27,101,2,1483,1205,1119,86,1198,7,MUNICIPIUL SIGHISOARA,,7,,382,816
27,102,2,2029,1501,1374,127,1492,9,MUNICIPIUL SIGHISOARA,,7,,387,1105
27,103,2,1641,1243,1091,152,1238,5,MUNICIPIUL SIGHISOARA,,7,,266,972
27,104,2,508,410,349,61,408,2,MUNICIPIUL SIGHISOARA,,7,,92,316
27,105,2,1773,1339,1212,127,1332,7,MUNICIPIUL SIGHISOARA,,7,,356,976
27,106,2,1306,1011,959,52,1009,2,MUNICIPIUL SIGHISOARA,,7,,231,778
27,107,2,1168,827,762,65,822,5,MUNICIPIUL SIGHISOARA,,7,,181,641
27,108,2,1160,862,822,40,857,5,MUNICIPIUL SIGHISOARA,,7,,187,670
27,109,2,1546,1165,1052,113,1156,9,MUNICIPIUL SIGHISOARA,,7,,210,946
27,110,2,1516,1198,1022,176,1194,4,MUNICIPIUL SIGHISOARA,,7,,291,903
27,111,2,1321,1041,983,58,1038,3,MUNICIPIUL SIGHISOARA,,7,,168,870
27,112,2,1828,1345,1238,107,1341,4,MUNICIPIUL SIGHISOARA,,7,,190,1151
27,113,2,1157,1014,911,103,1010,4,MUNICIPIUL SIGHISOARA,,7,,112,898
27,114,2,1338,1049,855,194,1043,6,MUNICIPIUL SIGHISOARA,,7,,167,876
27,115,2,1092,927,809,118,919,8,MUNICIPIUL SIGHISOARA,,7,,178,741
27,116,2,1047,857,741,116,853,4,MUNICIPIUL SIGHISOARA,,7,,194,659
27,117,2,1914,1493,1329,164,1486,7,MUNICIPIUL SIGHISOARA,,7,,311,1175
27,118,2,1684,1272,1177,95,1269,3,MUNICIPIUL SIGHISOARA,,7,,387,882
27,119,2,1091,935,815,120,926,9,MUNICIPIUL SIGHISOARA,,7,,261,665
27,120,2,1018,787,618,169,782,5,MUNICIPIUL SIGHISOARA,,7,,194,588
27,121,2,632,590,405,185,585,5,MUNICIPIUL SIGHISOARA,,7,,246,339
27,122,2,114,146,114,32,145,1,MUNICIPIUL SIGHISOARA,,7,,95,50
27,123,2,0,128,0,128,128,0,MUNICIPIUL SIGHISOARA,,7,,26,102
27,124,2,1025,902,738,164,901,1,ORAS IERNUT,,7,,378,523
27,125,2,1663,1250,1085,165,1247,3,ORAS IERNUT,,7,,470,777
27,126,2,1886,1458,1314,144,1443,15,ORAS IERNUT,,7,,732,711
27,127,2,722,591,454,137,586,5,ORAS IERNUT,,7,,325,261
27,128,2,399,305,258,47,299,6,ORAS IERNUT,,7,,228,71
27,129,2,653,510,427,83,504,6,ORAS IERNUT,,7,,347,157
27,130,2,201,128,107,21,128,0,ORAS IERNUT,,7,,103,25
27,131,2,802,588,544,44,579,9,ORAS IERNUT,,7,,445,134
27,132,2,247,214,179,35,212,2,ORAS IERNUT,,7,,94,118
27,133,2,1083,891,798,93,889,2,ORAS LUDUS,,7,,329,560
27,134,2,817,710,594,116,709,1,ORAS LUDUS,,7,,279,430
27,135,2,1175,908,819,89,895,13,ORAS LUDUS,,7,,423,472
27,136,2,1425,1113,1035,78,1112,1,ORAS LUDUS,,7,,485,627
27,137,2,1571,1197,1108,89,1191,6,ORAS LUDUS,,7,,527,664
27,138,2,1624,1181,1111,70,1173,8,ORAS LUDUS,,7,,540,633
27,139,2,1673,1317,1214,103,1312,5,ORAS LUDUS,,7,,569,743
27,140,2,1710,1298,1205,93,1294,4,ORAS LUDUS,,7,,600,694
27,141,2,1323,987,968,19,982,5,ORAS LUDUS,,7,,416,566
27,142,2,1146,968,858,110,955,13,ORAS LUDUS,,7,,581,374
27,143,2,908,662,626,36,656,6,ORAS LUDUS,,7,,80,576
27,144,2,912,679,597,82,674,5,ORAS SOVATA,,7,,52,622
27,145,2,1502,1151,994,157,1149,2,ORAS SOVATA,,7,,55,1094
27,146,2,1677,1452,1325,127,1449,3,ORAS SOVATA,,7,,97,1352
27,147,2,1266,1363,788,575,1355,8,ORAS SOVATA,,7,,257,1098
27,148,2,1160,918,839,79,916,2,ORAS SOVATA,,7,,31,885
27,149,2,1237,879,780,99,864,15,ORAS SOVATA,,7,,21,843
27,150,2,287,281,198,83,276,5,ORAS SOVATA,,7,,27,249
27,151,2,1219,960,870,90,946,14,ORAS SOVATA,,7,,7,939
27,152,2,1513,1422,1138,284,1409,13,ORAS TARNAVENI,,7,,547,862
27,153,2,1211,982,915,67,979,3,ORAS TARNAVENI,,7,,385,594
27,154,2,1289,1000,937,63,994,6,ORAS TARNAVENI,,7,,414,580
27,155,2,1445,1227,1017,210,1219,8,ORAS TARNAVENI,,7,,526,693
27,156,2,1363,1078,993,85,1067,11,ORAS TARNAVENI,,7,,547,520
27,157,2,1509,1199,1064,135,1196,3,ORAS TARNAVENI,,7,,500,696
27,158,2,989,796,724,72,793,3,ORAS TARNAVENI,,7,,331,462
27,159,2,1090,799,721,78,795,4,ORAS TARNAVENI,,7,,291,504
27,160,2,878,611,542,69,606,5,ORAS TARNAVENI,,7,,287,319
27,161,2,1382,1272,1027,245,1267,5,ORAS TARNAVENI,,7,,530,737
27,162,2,1524,1143,1051,92,1136,7,ORAS TARNAVENI,,7,,452,684
27,163,2,1494,1056,947,109,1050,6,ORAS TARNAVENI,,7,,281,769
27,164,2,1364,911,825,86,909,2,ORAS TARNAVENI,,7,,279,630
27,165,2,1150,914,857,57,906,8,ORAS TARNAVENI,,7,,513,393
27,166,2,1306,1006,930,76,1000,6,ORAS TARNAVENI,,7,,352,648
27,167,2,875,701,648,53,699,2,ORAS TARNAVENI,,7,,262,437
27,168,2,294,284,224,60,282,2,ORAS TARNAVENI,,7,,127,155
27,169,2,1097,858,787,71,850,8,ORAS TARNAVENI,,7,,487,363
27,170,2,1189,908,818,90,902,6,ORAS TARNAVENI,,7,,382,520
27,171,2,1420,1156,1061,95,1145,11,ACATARI,,7,,51,1094
27,172,2,284,290,234,56,290,0,ACATARI,,7,,0,290
27,173,2,677,650,614,36,644,6,ACATARI,,7,,7,637
27,174,2,237,254,230,24,253,1,ACATARI,,7,,3,250
27,175,2,889,733,686,47,732,1,ACATARI,,7,,4,728
27,176,2,1666,1328,1166,162,1312,16,ADAMUS,,7,,383,929
27,177,2,985,870,783,87,855,15,ADAMUS,,7,,396,459
27,178,2,1214,858,738,120,853,5,ADAMUS,,7,,210,643
27,179,2,944,831,737,94,826,5,ADAMUS,,7,,204,622
27,180,2,1066,987,783,204,981,6,ALBESTI,,7,,272,709
27,181,2,1365,1113,954,159,1109,4,ALBESTI,,7,,368,741
27,182,2,1364,1131,941,190,1117,14,ALBESTI,,7,,395,722
27,183,2,1689,1482,1426,56,1463,19,ALUNIS,,7,,210,1253
27,184,2,402,387,365,22,380,7,ALUNIS,,7,,25,355
27,185,2,603,573,528,45,570,3,ALUNIS,,7,,44,526
27,186,2,503,409,286,123,408,1,APOLD,,7,,95,313
27,187,2,395,356,243,113,354,2,APOLD,,7,,85,269
27,188,2,639,589,427,162,580,9,APOLD,,7,,178,402
27,189,2,621,524,437,87,518,6,ATINTIS,,7,,317,201
27,190,2,166,137,115,22,136,1,ATINTIS,,7,,64,72
27,191,2,362,272,233,39,271,1,ATINTIS,,7,,89,182
27,192,2,177,155,134,21,154,1,ATINTIS,,7,,7,147
27,193,2,710,655,512,143,650,5,BAGACIU,,7,,212,438
27,194,2,968,885,820,65,880,5,BAGACIU,,7,,116,764
27,195,2,1328,1084,917,167,1078,6,BAHNEA,,7,,257,821
27,196,2,139,164,112,52,163,1,BAHNEA,,7,,96,67
27,197,2,92,117,44,73,116,1,BAHNEA,,7,,44,72
27,198,2,203,162,143,19,159,3,BAHNEA,,7,,40,119
27,199,2,591,451,400,51,448,3,BAHNEA,,7,,65,383
27,200,2,259,232,188,44,231,1,BAHNEA,,7,,93,138
27,201,2,250,184,164,20,184,0,BAHNEA,,7,,106,78
27,202,2,739,559,502,57,552,7,BALA,,7,,433,119
27,203,2,233,171,149,22,167,4,BALA,,7,,102,65
27,204,2,920,750,653,97,746,4,BALAUSERI,,7,,18,728
27,205,2,463,425,357,68,415,10,BALAUSERI,,7,,36,379
27,206,2,1167,993,981,12,991,2,BALAUSERI,,7,,17,974
27,207,2,451,457,390,67,457,0,BALAUSERI,,7,,2,455
27,208,2,175,179,139,40,178,1,BALAUSERI,,7,,42,136
27,209,2,481,502,442,60,495,7,BALAUSERI,,7,,121,374
27,210,2,2561,2025,1936,89,1991,34,BAND,,7,,511,1480
27,211,2,1273,933,833,100,906,27,BAND,,7,,189,717
27,212,2,146,104,83,21,103,1,BAND,,7,,69,34
27,213,2,259,281,168,113,276,5,BAND,,7,,203,73
27,214,2,350,380,317,63,379,1,BAND,,7,,270,109
27,215,2,353,236,203,33,235,1,BAND,,7,,201,34
27,216,2,729,548,495,53,545,3,BAND,,7,,442,103
27,217,2,201,220,166,54,220,0,BAND,,7,,149,71
27,218,2,946,828,705,123,822,6,BATOS,,7,,254,568
27,219,2,966,822,695,127,813,9,BATOS,,7,,318,495
27,220,2,514,492,444,48,490,2,BATOS,,7,,204,286
27,221,2,422,421,334,87,418,3,BATOS,,7,,118,300
27,222,2,1075,948,808,140,938,10,BEICA DE JOS,,7,,527,411
27,223,2,738,668,572,96,666,2,BEICA DE JOS,,7,,430,236
27,224,2,347,292,257,35,287,5,BICHIS,,7,,79,208
27,225,2,353,323,292,31,313,10,BICHIS,,7,,25,288
27,226,2,167,163,140,23,159,4,BICHIS,,7,,119,40
27,227,2,1471,1108,1000,108,1101,7,BOGATA,,7,,315,786
27,228,2,892,765,692,73,757,8,BREAZA,,7,,193,564
27,229,2,670,539,480,59,528,11,BREAZA,,7,,271,257
27,230,2,399,332,323,9,329,3,BREAZA,,7,,124,205
27,231,2,1092,966,868,98,960,6,BRANCOVENESTI,,7,,79,881
27,232,2,390,337,289,48,332,5,BRANCOVENESTI,,7,,232,100
27,233,2,578,515,476,39,513,2,BRANCOVENESTI,,7,,316,197
27,234,2,374,363,311,52,350,13,BRANCOVENESTI,,7,,245,105
27,235,2,1075,1022,942,80,1022,0,BRANCOVENESTI,,7,,74,948
27,236,2,1902,1517,1387,130,1506,11,CEUASU DE CAMPIE,,7,,358,1148
27,237,2,309,279,231,48,278,1,CEUASU DE CAMPIE,,7,,67,211
27,238,2,728,609,515,94,604,5,CEUASU DE CAMPIE,,7,,123,481
27,239,2,981,910,792,118,908,2,CEUASU DE CAMPIE,,7,,473,435
27,240,2,1024,823,753,70,817,6,CHETANI,,7,,530,287
27,241,2,575,432,393,39,430,2,CHETANI,,7,,229,201
27,242,2,617,525,425,100,520,5,CHETANI,,7,,251,269
27,243,2,773,597,527,70,595,2,CHIHERU DE JOS,,7,,434,161
27,244,2,884,671,622,49,665,6,CHIHERU DE JOS,,7,,519,146
27,245,2,794,640,538,102,640,0,COROISANMARTIN,,7,,260,380
27,246,2,424,365,326,39,362,3,COROISANMARTIN,,7,,232,130
27,247,2,398,275,242,33,274,1,COZMA,,7,,192,82
27,248,2,196,149,123,26,145,4,COZMA,,7,,94,51
27,249,2,1798,1514,1389,125,1506,8,CRACIUNESTI,,7,,57,1449
27,250,2,686,582,535,47,578,4,CRACIUNESTI,,7,,24,554
27,251,2,425,372,329,43,368,4,CRACIUNESTI,,7,,26,342
27,252,2,310,154,119,35,152,2,CRACIUNESTI,,7,,7,145
27,253,2,564,436,378,58,432,4,CRAIESTI,,7,,292,140
27,254,2,325,267,247,20,262,5,CRAIESTI,,7,,208,54
27,255,2,1940,1592,1397,195,1583,9,CRISTESTI,,7,,502,1081
27,256,2,1398,1125,971,154,1115,10,CRISTESTI,,7,,300,815
27,257,2,828,482,437,45,477,5,CRISTESTI,,7,,18,459
27,258,2,889,624,570,54,620,4,CUCERDEA,,7,,361,259
27,259,2,722,531,461,70,525,6,CUCERDEA,,7,,305,220
27,260,2,870,752,633,119,747,5,CUCI,,7,,340,407
27,261,2,380,290,242,48,288,2,CUCI,,7,,182,106
27,262,2,608,478,438,40,473,5,CUCI,,7,,377,96
27,263,2,1622,1317,1090,227,1309,8,DANES,,7,,395,914
27,264,2,1049,929,733,196,922,7,DANES,,7,,216,706
27,265,2,386,335,247,88,333,2,DANES,,7,,204,129
27,266,2,221,161,99,62,158,3,DANES,,7,,69,89
27,267,2,1397,1279,1142,137,1266,13,DEDA,,7,,782,484
27,268,2,800,723,644,79,714,9,DEDA,,7,,416,298
27,269,2,627,506,451,55,504,2,DEDA,,7,,291,213
27,270,2,435,377,327,50,373,2,DEDA,,7,,225,148
27,271,2,1298,1167,1013,154,1161,6,EREMITU,,7,,37,1124
27,272,2,434,470,346,124,470,0,EREMITU,,7,,10,460
27,273,2,358,289,259,30,288,1,EREMITU,,7,,4,284
27,274,2,216,214,177,37,214,0,EREMITU,,7,,4,210
27,275,2,543,483,385,98,478,5,EREMITU,,7,,6,472
27,276,2,1384,1098,979,119,1093,5,ERNEI,,7,,67,1026
27,277,2,1109,855,745,110,844,11,ERNEI,,7,,23,821
27,278,2,419,290,240,50,285,5,ERNEI,,7,,4,281
27,279,2,479,424,368,56,422,2,ERNEI,,7,,4,418
27,280,2,218,215,153,62,214,1,ERNEI,,7,,88,126
27,281,2,562,411,376,35,405,6,FARAGAU,,7,,248,157
27,282,2,293,207,180,27,202,5,FARAGAU,,7,,112,90
27,283,2,526,431,379,52,420,11,FARAGAU,,7,,42,378
27,284,2,994,850,793,57,846,4,FANTANELE,,7,,21,825
27,285,2,1014,912,845,67,910,2,FANTANELE,,7,,11,899
27,286,2,439,385,342,43,385,0,FANTANELE,,7,,4,381
27,287,2,680,682,616,66,674,8,FANTANELE,,7,,16,658
27,288,2,341,319,287,32,318,1,FANTANELE,,7,,9,309
27,289,2,669,664,589,75,659,5,FANTANELE,,7,,5,654
27,290,2,990,835,763,72,826,9,GALESTI,,7,,4,822
27,291,2,847,819,739,80,813,6,GALESTI,,7,,5,808
27,292,2,265,263,217,46,263,0,GALESTI,,7,,0,263
27,293,2,166,174,143,31,173,1,GALESTI,,7,,0,173
27,294,2,1057,1162,890,272,1150,12,GANESTI,,7,,170,980
27,295,2,716,538,443,95,537,1,GANESTI,,7,,119,418
27,296,2,1123,877,719,158,866,11,GANESTI,,7,,225,641
27,297,2,464,436,359,77,436,0,GANESTI,,7,,268,168
27,298,2,1520,1207,1078,129,1194,13,GHEORGHE DOJA,,7,,39,1155
27,299,2,573,495,412,83,492,3,GHEORGHE DOJA,,7,,219,273
27,300,2,1322,1055,931,124,1053,2,GHINDARI,,7,,4,1049
27,301,2,172,168,149,19,168,0,GHINDARI,,7,,6,162
27,302,2,1438,1238,1148,90,1235,3,GHINDARI,,7,,5,1230
27,303,2,373,365,291,74,365,0,GHINDARI,,7,,2,363
27,304,2,956,874,725,149,873,1,GHINDARI,,7,,15,858
27,305,2,1635,1108,1017,91,1102,6,GLODENI,,7,,21,1081
27,306,2,225,219,189,30,216,3,GLODENI,,7,,157,59
27,307,2,317,280,243,37,275,5,GLODENI,,7,,111,164
27,308,2,227,208,177,31,207,1,GLODENI,,7,,5,202
27,309,2,414,340,309,31,334,6,GLODENI,,7,,41,293
27,310,2,1453,1215,1086,129,1213,2,GORNESTI,,7,,140,1073
27,311,2,382,352,286,66,350,2,GORNESTI,,7,,6,344
27,312,2,340,295,259,36,292,3,GORNESTI,,7,,13,279
27,313,2,1315,1240,1136,104,1235,5,GORNESTI,,7,,72,1163
27,314,2,397,345,321,24,341,4,GORNESTI,,7,,62,279
27,315,2,470,412,365,47,410,2,GORNESTI,,7,,300,110
27,316,2,0,96,0,96,96,0,GORNESTI,,7,,39,57
27,317,2,1147,761,681,80,756,5,GREBENISU DE CAMPIE,,7,,552,204
27,318,2,1351,1089,937,152,1083,6,GURGHIU,,7,,412,671
27,319,2,236,193,170,23,193,0,GURGHIU,,7,,126,67
27,320,2,707,599,533,66,594,5,GURGHIU,,7,,383,211
27,321,2,247,227,215,12,224,3,GURGHIU,,7,,151,73
27,322,2,1365,1007,938,69,1000,7,GURGHIU,,7,,132,868
27,323,2,186,151,118,33,150,1,GURGHIU,,7,,105,45
27,324,2,850,647,594,53,641,6,GURGHIU,,7,,376,265
27,325,2,1896,1440,1289,151,1427,13,HODAC,,7,,1034,393
27,326,2,1844,1252,1140,112,1236,16,HODAC,,7,,852,384
27,327,2,275,293,246,47,290,3,HODOSA,,7,,0,290
27,328,2,275,243,218,25,241,2,HODOSA,,7,,7,234
27,329,2,666,594,562,32,591,3,HODOSA,,7,,12,579
27,330,2,1358,1093,1008,85,1089,4,IBANESTI,,7,,727,362
27,331,2,464,390,337,53,382,8,IBANESTI,,7,,266,116
27,332,2,805,651,582,69,646,5,IBANESTI,,7,,496,150
27,333,2,873,662,595,67,656,6,IBANESTI,,7,,421,235
27,334,2,1136,956,828,128,953,3,ICLANZEL,,7,,804,149
27,335,2,603,430,322,108,425,5,ICLANZEL,,7,,347,78
27,336,2,705,622,469,153,617,5,IDECIU DE JOS,,7,,268,349
27,337,2,535,455,412,43,454,1,IDECIU DE JOS,,7,,242,212
27,338,2,318,273,256,17,271,2,IDECIU DE JOS,,7,,173,98
27,339,2,942,769,676,93,748,21,LIVEZENI,,7,,120,628
27,340,2,1233,1091,953,138,1082,9,LIVEZENI,,7,,66,1016
27,341,2,337,301,239,62,295,6,LIVEZENI,,7,,60,235
27,342,2,541,454,438,16,453,1,LUNCA,,7,,222,231
27,343,2,727,557,531,26,552,5,LUNCA,,7,,336,216
27,344,2,392,320,297,23,317,3,LUNCA,,7,,146,171
27,345,2,423,387,345,42,386,1,LUNCA,,7,,252,134
27,346,2,349,337,311,26,336,1,LUNCA,,7,,201,135
27,347,2,1282,1078,933,145,1067,11,LUNCA BRADULUI,,7,,450,617
27,348,2,410,322,282,40,319,3,LUNCA BRADULUI,,7,,220,99
27,349,2,811,625,576,49,621,4,MAGHERANI,,7,,14,607
27,350,2,619,528,490,38,520,8,MAGHERANI,,7,,13,507
27,351,2,523,491,452,39,490,1,MAGHERANI,,7,,3,487
27,352,2,475,374,347,27,371,3,MAGHERANI,,7,,6,365
27,353,2,889,689,608,81,679,10,MICA,,7,,160,519
27,354,2,1039,877,797,80,876,1,MICA,,7,,108,768
27,355,2,643,590,532,58,585,5,MICA,,7,,104,481
27,356,2,646,597,543,54,590,7,MICA,,7,,11,579
27,357,2,223,212,167,45,210,2,MICA,,7,,134,76
27,358,2,1228,813,729,84,804,9,MIERCUREA NIRAJULUI,,7,,17,787
27,359,2,1924,1508,1372,136,1501,7,MIERCUREA NIRAJULUI,,7,,48,1453
27,360,2,805,514,413,101,510,4,MIERCUREA NIRAJULUI,,7,,94,416
27,361,2,423,289,221,68,286,3,MIERCUREA NIRAJULUI,,7,,144,142
27,362,2,1243,847,718,129,838,9,MIHESU DE CAMPIE,,7,,539,299
27,363,2,791,478,385,93,474,4,MIHESU DE CAMPIE,,7,,325,149
27,364,2,840,704,569,135,700,4,NADES,,7,,150,550
27,365,2,519,465,342,123,459,6,NADES,,7,,147,312
27,366,2,151,116,91,25,116,0,NADES,,7,,66,50
27,367,2,942,814,729,85,805,9,NEAUA,,7,,7,798
27,368,2,318,284,255,29,283,1,NEAUA,,7,,0,283
27,369,2,1076,935,828,107,925,10,OGRA,,7,,287,638
27,370,2,220,167,144,23,165,2,OGRA,,7,,60,105
27,371,2,195,180,152,28,170,10,OGRA,,7,,147,23
27,372,2,178,190,134,56,190,0,OGRA,,7,,100,90
27,373,2,151,159,125,34,159,0,OGRA,,7,,129,30
27,374,2,1779,1521,1400,121,1516,5,PANET,,7,,40,1476
27,375,2,880,776,695,81,773,3,PANET,,7,,189,584
27,376,2,527,388,362,26,375,13,PANET,,7,,53,322
27,377,2,250,173,136,37,173,0,PANET,,7,,44,129
27,378,2,1016,915,789,126,907,8,PANET,,7,,104,803
27,379,2,821,573,515,58,564,9,PAPIU ILARIAN,,7,,222,342
27,380,2,910,862,783,79,859,3,PASARENI,,7,,51,808
27,381,2,597,636,573,63,636,0,PASARENI,,7,,0,636
27,382,2,1629,1315,1159,156,1295,20,PETELEA,,7,,702,593
27,383,2,295,269,222,47,264,5,PETELEA,,7,,179,85
27,384,2,1047,725,639,86,714,11,POGACEAUA,,7,,548,166
27,385,2,503,383,307,76,377,4,POGACEAUA,,7,,278,99
27,386,2,1316,1361,942,419,1357,4,RASTOLITA,,7,,392,965
27,387,2,1300,1045,872,173,1036,9,RACIU,,7,,770,266
27,388,2,227,173,143,30,172,1,RACIU,,7,,108,64
27,389,2,766,629,535,94,624,5,RACIU,,7,,462,162
27,390,2,681,495,416,79,488,7,RACIU,,7,,333,155
27,391,2,1789,1598,1489,109,1593,5,RUSII-MUNTI,,7,,1013,580
27,392,2,1822,1373,1272,101,1363,10,SARMASU,,7,,402,961
27,393,2,1398,888,809,79,875,13,SARMASU,,7,,357,518
27,394,2,871,713,613,100,712,1,SARMASU,,7,,382,330
27,395,2,598,486,385,101,485,1,SARMASU,,7,,224,261
27,396,2,550,430,351,79,423,7,SARMASU,,7,,224,199
27,397,2,512,438,383,55,435,3,SARMASU,,7,,335,100
27,398,2,1010,799,621,178,793,6,SASCHIZ,,7,,324,469
27,399,2,348,353,241,112,346,7,SASCHIZ,,7,,161,185
27,400,2,1587,1169,1036,133,1155,14,SAULIA,,7,,720,435
27,401,2,984,748,674,74,739,9,SINCAI,,7,,282,457
27,402,2,359,310,261,49,303,7,SINCAI,,7,,242,61
27,403,2,1785,1323,1079,244,1315,8,SANCRAIU DE MURES,,7,,402,913
27,404,2,1467,1214,973,241,1209,5,SANCRAIU DE MURES,,7,,311,898
27,405,2,1380,1250,960,290,1245,5,SANCRAIU DE MURES,,7,,759,486
27,406,2,2354,1617,1410,207,1600,17,SANGEORGIU DE MURES,,7,,242,1358
27,407,2,1311,1332,1026,306,1328,4,SANGEORGIU DE MURES,,7,,214,1114
27,408,2,1670,1215,1069,146,1200,15,SANGEORGIU DE MURES,,7,,376,824
27,409,2,205,194,149,45,192,2,SANGEORGIU DE MURES,,7,,7,185
27,410,2,1193,997,799,198,991,6,SANGEORGIU DE PADURE,,7,,92,899
27,411,2,2276,1614,1409,205,1600,14,SANGEORGIU DE PADURE,,7,,232,1368
27,412,2,698,394,339,55,384,10,SANGEORGIU DE PADURE,,7,,19,365
27,413,2,1127,800,692,108,792,8,SANGER,,7,,406,386
27,414,2,784,537,470,67,533,4,SANGER,,7,,416,117
27,415,2,1182,998,855,143,989,9,SANPAUL,,7,,274,715
27,416,2,592,568,451,117,557,11,SANPAUL,,7,,368,189
27,417,2,771,760,660,100,752,8,SANPAUL,,7,,113,639
27,418,2,968,698,569,129,691,7,SANPETRU DE CAMPIE,,7,,493,198
27,419,2,742,494,432,62,490,4,SANPETRU DE CAMPIE,,7,,320,170
27,420,2,363,292,266,26,286,6,SANPETRU DE CAMPIE,,7,,217,69
27,421,2,610,418,365,53,415,3,SANPETRU DE CAMPIE,,7,,253,162
27,422,2,1461,1176,1026,150,1163,13,SANTANA DE MURES,,7,,482,681
27,423,2,666,616,529,87,613,3,SANTANA DE MURES,,7,,21,592
27,424,2,412,387,307,80,378,9,SANTANA DE MURES,,7,,113,265
27,425,2,245,254,204,50,252,2,SANTANA DE MURES,,7,,176,76
27,426,2,1220,976,896,80,974,2,SOLOVASTRU,,7,,632,342
27,427,2,910,793,703,90,790,3,SOLOVASTRU,,7,,507,283
27,428,2,1153,909,797,112,905,4,STANCENI,,7,,429,476
27,429,2,667,555,455,100,547,8,SUPLAC,,7,,143,404
27,430,2,557,530,469,61,529,1,SUPLAC,,7,,17,512
27,431,2,650,577,443,134,569,8,SUPLAC,,7,,345,224
27,432,2,1083,935,855,80,929,6,SUSENI,,7,,250,679
27,433,2,639,582,534,48,581,1,SUSENI,,7,,401,180
27,434,2,877,574,490,84,571,3,TAURENI,,7,,376,195
27,435,2,1182,870,712,158,866,4,UNGHENI,,7,,425,441
27,436,2,1460,1180,1055,125,1172,8,UNGHENI,,7,,652,520
27,437,2,397,355,275,80,354,1,UNGHENI,,7,,280,74
27,438,2,330,321,261,60,319,2,UNGHENI,,7,,243,76
27,439,2,484,445,380,65,436,9,UNGHENI,,7,,231,205
27,440,2,172,172,141,31,172,0,UNGHENI,,7,,129,43
27,441,2,658,641,513,128,635,6,UNGHENI,,7,,443,192
27,442,2,2156,877,813,64,869,8,VALEA LARGA,,7,,567,302
27,443,2,630,226,220,6,224,2,VALEA LARGA,,7,,109,115
27,444,2,1131,959,837,122,956,3,VARGATA,,7,,13,943
27,445,2,152,166,148,18,166,0,VARGATA,,7,,3,163
27,446,2,214,206,173,33,204,2,VARGATA,,7,,7,197
27,447,2,732,537,517,20,534,3,VATAVA,,7,,321,213
27,448,2,662,536,517,19,533,3,VATAVA,,7,,344,189
27,449,2,452,385,334,51,378,7,VATAVA,,7,,219,159
27,450,2,463,381,340,41,379,2,VETCA,,7,,9,370
27,451,2,244,253,214,39,249,4,VETCA,,7,,7,242
27,452,2,489,329,279,50,327,2,VIISOARA,,7,,81,246
27,453,2,216,222,143,79,219,3,VIISOARA,,7,,91,128
27,454,2,378,359,294,65,356,3,VIISOARA,,7,,113,243
27,455,2,1111,891,754,137,880,11,VANATORI,,7,,165,715
27,456,2,439,402,294,108,398,4,VANATORI,,7,,156,242
27,457,2,198,195,162,33,195,0,VANATORI,,7,,126,69
27,458,2,290,239,208,31,236,3,VANATORI,,7,,13,223
27,459,2,422,367,301,66,363,4,VANATORI,,7,,96,267
27,460,2,1335,939,866,73,930,9,VOIVODENI,,7,,138,792
27,461,2,267,224,188,36,221,3,VOIVODENI,,7,,99,122
27,462,2,694,645,533,112,640,5,ZAGAR,,7,,340,300
27,463,2,2118,1356,1188,168,1346,10,ZAU DE CAMPIE,,7,,939,407
27,464,2,415,291,247,44,290,1,ZAU DE CAMPIE,,7,,215,75
28,1,2,1389,1096,981,115,1095,1,MUNICIPIUL PIATRA NEAMT,,4,,521,574
28,2,2,1349,1041,972,69,1039,2,MUNICIPIUL PIATRA NEAMT,,4,,484,555
28,3,2,1293,966,904,62,963,3,MUNICIPIUL PIATRA NEAMT,,4,,422,541
28,4,2,1591,1183,1100,83,1178,5,MUNICIPIUL PIATRA NEAMT,,4,,410,768
28,5,2,1236,959,907,52,954,5,MUNICIPIUL PIATRA NEAMT,,4,,349,605
28,6,2,2290,1654,1525,129,1642,12,MUNICIPIUL PIATRA NEAMT,,4,,656,986
28,7,2,1505,1124,1000,124,1120,4,MUNICIPIUL PIATRA NEAMT,,4,,504,616
28,8,2,1199,949,858,91,947,2,MUNICIPIUL PIATRA NEAMT,,4,,343,604
28,9,2,1486,1244,1010,234,1240,4,MUNICIPIUL PIATRA NEAMT,,4,,480,760
28,10,2,1571,1237,1118,119,1225,12,MUNICIPIUL PIATRA NEAMT,,4,,481,744
28,11,2,1316,1075,965,110,1064,7,MUNICIPIUL PIATRA NEAMT,,4,,340,724
28,12,2,1746,1298,1202,96,1289,9,MUNICIPIUL PIATRA NEAMT,,4,,445,844
28,13,2,1589,1261,1153,108,1256,5,MUNICIPIUL PIATRA NEAMT,,4,,472,784
28,14,2,1449,1047,980,67,1041,6,MUNICIPIUL PIATRA NEAMT,,4,,376,665
28,15,2,1924,1460,1358,102,1449,11,MUNICIPIUL PIATRA NEAMT,,4,,538,911
28,16,2,1593,1199,1152,47,1185,14,MUNICIPIUL PIATRA NEAMT,,4,,416,769
28,17,2,1213,1039,906,133,1031,8,MUNICIPIUL PIATRA NEAMT,,4,,464,567
28,18,2,1400,1089,1028,61,1084,5,MUNICIPIUL PIATRA NEAMT,,4,,512,572
28,19,2,889,655,622,33,654,1,MUNICIPIUL PIATRA NEAMT,,4,,282,372
28,20,2,1683,1351,1187,164,1345,6,MUNICIPIUL PIATRA NEAMT,,4,,490,855
28,21,2,1516,1153,1102,51,1148,5,MUNICIPIUL PIATRA NEAMT,,4,,420,728
28,22,2,1378,1081,996,85,1077,4,MUNICIPIUL PIATRA NEAMT,,4,,421,656
28,23,2,1105,882,795,87,878,4,MUNICIPIUL PIATRA NEAMT,,4,,319,559
28,24,2,1629,1145,1068,77,1141,4,MUNICIPIUL PIATRA NEAMT,,4,,431,710
28,25,2,1292,1006,906,100,1000,6,MUNICIPIUL PIATRA NEAMT,,4,,383,617
28,26,2,1338,942,906,36,937,5,MUNICIPIUL PIATRA NEAMT,,4,,354,583
28,27,2,1284,967,891,76,958,9,MUNICIPIUL PIATRA NEAMT,,4,,335,623
28,28,2,1477,1127,1044,83,1123,4,MUNICIPIUL PIATRA NEAMT,,4,,423,700
28,29,2,1845,1309,1159,150,1304,5,MUNICIPIUL PIATRA NEAMT,,4,,580,724
28,30,2,1563,1111,1051,60,1107,4,MUNICIPIUL PIATRA NEAMT,,4,,448,659
28,31,2,2404,1642,1458,184,1638,4,MUNICIPIUL PIATRA NEAMT,,4,,670,968
28,32,2,1422,1028,970,58,1019,9,MUNICIPIUL PIATRA NEAMT,,4,,467,552
28,33,2,949,1001,644,357,996,5,MUNICIPIUL PIATRA NEAMT,,4,,399,597
28,34,2,1461,1023,908,115,1017,6,MUNICIPIUL PIATRA NEAMT,,4,,432,585
28,35,2,1759,1179,1085,94,1172,7,MUNICIPIUL PIATRA NEAMT,,4,,448,724
28,36,2,2214,1409,1257,152,1404,5,MUNICIPIUL PIATRA NEAMT,,4,,586,818
28,37,2,603,520,302,218,517,3,MUNICIPIUL PIATRA NEAMT,,4,,222,295
28,38,2,1463,1087,999,88,1081,6,MUNICIPIUL PIATRA NEAMT,,4,,477,604
28,39,2,1491,1029,970,59,1026,3,MUNICIPIUL PIATRA NEAMT,,4,,475,551
28,40,2,1448,1042,958,84,1030,12,MUNICIPIUL PIATRA NEAMT,,4,,418,612
28,41,2,1846,1245,1192,53,1229,16,MUNICIPIUL PIATRA NEAMT,,4,,572,657
28,42,2,1949,1451,1272,179,1435,16,MUNICIPIUL PIATRA NEAMT,,4,,561,874
28,43,2,879,744,612,132,735,9,MUNICIPIUL PIATRA NEAMT,,4,,276,459
28,44,2,1421,1075,1009,66,1067,8,MUNICIPIUL PIATRA NEAMT,,4,,421,646
28,45,2,1805,1290,1158,132,1284,6,MUNICIPIUL PIATRA NEAMT,,4,,462,822
28,46,2,1737,1118,1000,118,1112,6,MUNICIPIUL PIATRA NEAMT,,4,,384,728
28,47,2,1549,1185,1103,82,1177,8,MUNICIPIUL PIATRA NEAMT,,4,,439,738
28,48,2,1723,1363,1288,75,1283,5,MUNICIPIUL PIATRA NEAMT,,4,,513,770
28,49,2,1803,1236,1123,113,1228,8,MUNICIPIUL PIATRA NEAMT,,4,,518,710
28,50,2,1487,1196,1125,71,1194,2,MUNICIPIUL PIATRA NEAMT,,4,,438,756
28,51,2,1699,1298,1096,202,1289,9,MUNICIPIUL PIATRA NEAMT,,4,,436,853
28,52,2,1307,1051,945,106,1046,5,MUNICIPIUL PIATRA NEAMT,,4,,360,686
28,53,2,1826,1358,1253,105,1344,14,MUNICIPIUL PIATRA NEAMT,,4,,631,713
28,54,2,2053,1361,1286,75,1342,19,MUNICIPIUL PIATRA NEAMT,,4,,653,689
28,55,2,1881,1173,1093,80,1165,8,MUNICIPIUL PIATRA NEAMT,,4,,394,771
28,56,2,1574,1257,1033,224,1243,14,MUNICIPIUL PIATRA NEAMT,,4,,412,831
28,57,2,1143,873,679,194,872,1,MUNICIPIUL PIATRA NEAMT,,4,,315,557
28,58,2,957,756,686,70,751,5,MUNICIPIUL PIATRA NEAMT,,4,,272,479
28,59,2,2424,1781,1647,134,1773,8,MUNICIPIUL PIATRA NEAMT,,4,,672,1101
28,60,2,1722,1198,1136,62,1197,1,MUNICIPIUL PIATRA NEAMT,,4,,460,737
28,61,2,1411,1154,1037,117,1145,9,MUNICIPIUL PIATRA NEAMT,,4,,487,658
28,62,2,1398,1265,1169,96,1261,4,MUNICIPIUL PIATRA NEAMT,,4,,489,772
28,63,2,988,790,654,136,784,6,MUNICIPIUL PIATRA NEAMT,,4,,320,464
28,64,2,0,474,0,474,471,3,MUNICIPIUL PIATRA NEAMT,,4,,167,304
28,65,2,0,739,0,739,734,5,MUNICIPIUL PIATRA NEAMT,,4,,352,382
28,66,2,1191,926,857,69,923,3,MUNICIPIUL ROMAN,,4,,479,444
28,67,2,1858,1378,1281,97,1374,4,MUNICIPIUL ROMAN,,4,,686,688
28,68,2,946,857,701,156,852,5,MUNICIPIUL ROMAN,,4,,455,397
28,69,2,1724,1257,1180,77,1253,4,MUNICIPIUL ROMAN,,4,,640,613
28,70,2,1263,1009,932,77,1004,5,MUNICIPIUL ROMAN,,4,,555,449
28,71,2,1286,1063,917,146,1058,5,MUNICIPIUL ROMAN,,4,,638,420
28,72,2,1947,1625,1292,333,1621,4,MUNICIPIUL ROMAN,,4,,833,788
28,73,2,2164,1505,1315,190,1488,17,MUNICIPIUL ROMAN,,4,,689,799
28,74,2,1631,1224,1029,195,1219,5,MUNICIPIUL ROMAN,,4,,678,541
28,75,2,1133,823,745,78,810,13,MUNICIPIUL ROMAN,,4,,442,368
28,76,2,1347,949,835,114,930,19,MUNICIPIUL ROMAN,,4,,518,412
28,77,2,1380,1069,960,109,1059,10,MUNICIPIUL ROMAN,,4,,531,528
28,78,2,1253,1006,826,180,1001,5,MUNICIPIUL ROMAN,,4,,542,459
28,79,2,1561,1108,1024,84,1103,5,MUNICIPIUL ROMAN,,4,,613,490
28,80,2,1376,1040,983,57,1030,10,MUNICIPIUL ROMAN,,4,,569,461
28,81,2,1602,1096,1022,74,1089,7,MUNICIPIUL ROMAN,,4,,571,518
28,82,2,1641,1166,1045,121,1162,4,MUNICIPIUL ROMAN,,4,,646,516
28,83,2,2000,1446,1335,111,1436,10,MUNICIPIUL ROMAN,,4,,766,670
28,84,2,2013,1427,1332,95,1419,8,MUNICIPIUL ROMAN,,4,,771,648
28,85,2,1341,1016,916,100,1010,6,MUNICIPIUL ROMAN,,4,,570,440
28,86,2,1828,1297,1137,160,1281,16,MUNICIPIUL ROMAN,,4,,664,617
28,87,2,1290,1013,938,75,1009,4,MUNICIPIUL ROMAN,,4,,528,481
28,88,2,1636,1241,1163,78,1240,1,MUNICIPIUL ROMAN,,4,,729,511
28,89,2,1163,950,808,142,941,9,MUNICIPIUL ROMAN,,4,,589,352
28,90,2,1180,941,878,63,932,9,MUNICIPIUL ROMAN,,4,,551,381
28,91,2,1363,1031,910,121,1028,3,MUNICIPIUL ROMAN,,4,,540,488
28,92,2,1522,1129,1072,57,1126,3,MUNICIPIUL ROMAN,,4,,596,530
28,93,2,356,1011,961,50,1005,6,MUNICIPIUL ROMAN,,4,,524,481
28,94,2,1337,1009,932,77,1004,5,MUNICIPIUL ROMAN,,4,,557,447
28,95,2,1232,1046,933,113,1043,3,MUNICIPIUL ROMAN,,4,,438,605
28,96,2,1673,1261,1143,118,1254,7,MUNICIPIUL ROMAN,,4,,622,632
28,97,2,1210,956,888,68,946,10,MUNICIPIUL ROMAN,,4,,559,387
28,98,2,1420,1125,1023,102,1117,8,MUNICIPIUL ROMAN,,4,,496,621
28,99,2,977,760,705,55,758,2,MUNICIPIUL ROMAN,,4,,349,409
28,100,2,2065,1524,1445,79,1520,4,MUNICIPIUL ROMAN,,4,,763,757
28,101,2,1277,956,916,40,953,3,MUNICIPIUL ROMAN,,4,,513,440
28,102,2,1881,1427,1316,111,1418,9,MUNICIPIUL ROMAN,,4,,751,667
28,103,2,1425,1072,931,141,1061,11,MUNICIPIUL ROMAN,,4,,501,560
28,104,2,1152,870,738,132,860,10,MUNICIPIUL ROMAN,,4,,501,359
28,105,2,941,789,666,123,786,3,MUNICIPIUL ROMAN,,4,,499,287
28,106,2,0,458,0,458,450,8,MUNICIPIUL ROMAN,,4,,241,209
28,107,2,119,494,68,426,493,1,MUNICIPIUL ROMAN,,4,,175,318
28,108,2,553,548,484,64,541,7,MUNICIPIUL ROMAN,,4,,214,327
28,109,2,337,331,298,33,331,0,MUNICIPIUL ROMAN,,4,,152,179
28,110,2,0,91,0,91,90,1,MUNICIPIUL ROMAN,,4,,31,59
28,111,2,1273,927,859,68,922,5,ORAS BICAZ,,4,,434,488
28,112,2,713,524,482,42,519,5,ORAS BICAZ,,4,,283,236
28,113,2,1463,1040,939,101,1034,6,ORAS BICAZ,,4,,463,571
28,114,2,453,339,301,38,337,2,ORAS BICAZ,,4,,198,139
28,115,2,669,528,478,50,521,7,ORAS BICAZ,,4,,273,248
28,116,2,1657,1207,1013,194,1203,4,ORAS BICAZ,,4,,486,717
28,117,2,385,288,246,42,287,1,ORAS BICAZ,,4,,142,145
28,118,2,243,177,156,21,176,1,ORAS BICAZ,,4,,107,69
28,119,2,259,191,169,22,186,5,ORAS BICAZ,,4,,113,73
28,120,2,94,100,69,31,99,1,ORAS BICAZ,,4,,77,22
28,121,2,1451,1073,980,93,1063,10,ORAS TARGU NEAMT,,4,,629,434
28,122,2,1487,1150,1059,91,1149,1,ORAS TARGU NEAMT,,4,,608,541
28,123,2,1585,1135,1035,100,1130,5,ORAS TARGU NEAMT,,4,,541,589
28,124,2,1633,1122,1045,77,1115,7,ORAS TARGU NEAMT,,4,,548,567
28,125,2,1829,1279,1162,117,1274,5,ORAS TARGU NEAMT,,4,,671,603
28,126,2,1725,1275,1189,86,1264,11,ORAS TARGU NEAMT,,4,,730,534
28,127,2,1695,1277,1151,126,1268,9,ORAS TARGU NEAMT,,4,,676,592
28,128,2,1657,1369,1123,246,1358,11,ORAS TARGU NEAMT,,4,,739,619
28,129,2,703,566,515,51,559,7,ORAS TARGU NEAMT,,4,,367,192
28,130,2,1385,1067,993,74,1056,11,ORAS TARGU NEAMT,,4,,598,458
28,131,2,1378,1018,945,73,1002,16,ORAS TARGU NEAMT,,4,,625,377
28,132,2,385,323,288,35,319,4,ORAS TARGU NEAMT,,4,,221,98
28,133,2,0,233,0,233,229,4,ORAS TARGU NEAMT,,4,,142,87
28,134,2,1495,1036,838,198,1008,28,AGAPIA,,4,,657,351
28,135,2,824,661,608,53,660,1,AGAPIA,,4,,424,236
28,136,2,530,409,352,57,405,4,AGAPIA,,4,,221,184
28,137,2,770,618,523,95,609,9,AGAPIA,,4,,457,152
28,138,2,751,474,439,35,468,6,BAHNA,,4,,313,155
28,139,2,576,405,372,33,401,4,BAHNA,,4,,297,104
28,140,2,330,241,210,31,238,3,BAHNA,,4,,172,66
28,141,2,1450,954,862,92,946,8,BAHNA,,4,,712,234
28,142,2,1623,1400,1079,321,1392,8,BALTATESTI,,4,,898,494
28,143,2,1411,984,790,194,976,8,BALTATESTI,,4,,746,230
28,144,2,651,465,341,124,461,4,BALTATESTI,,4,,359,102
28,145,2,1366,926,861,65,917,9,BALTATESTI,,4,,664,253
28,146,2,548,393,361,32,390,3,BALTATESTI,,4,,280,110
28,147,2,1949,1273,1076,197,1257,15,BICAZ-CHEI,,4,,683,574
28,148,2,803,553,452,101,547,6,BICAZ-CHEI,,4,,273,274
28,149,2,604,490,380,110,482,8,BICAZ-CHEI,,4,,299,183
28,150,2,282,218,197,21,216,2,BICAZU ARDELEAN,,4,,98,118
28,151,2,1331,937,845,92,927,10,BICAZU ARDELEAN,,4,,459,468
28,152,2,1252,822,791,31,815,7,BICAZU ARDELEAN,,4,,531,284
28,153,2,462,344,316,28,338,6,BICAZU ARDELEAN,,4,,235,103
28,154,2,798,562,472,90,557,5,BARA,,4,,331,226
28,155,2,746,477,436,41,472,5,BARA,,4,,270,202
28,156,2,1162,819,669,150,813,6,BARA,,4,,561,252
28,157,2,750,518,437,81,514,4,BARA,,4,,375,139
28,158,2,1309,883,798,85,878,5,BARGAUANI,,4,,563,315
28,159,2,767,722,605,117,710,12,BARGAUANI,,4,,458,252
28,160,2,876,682,613,69,678,4,BARGAUANI,,4,,406,272
28,161,2,585,479,407,72,470,9,BARGAUANI,,4,,359,111
28,162,2,1740,1250,1058,192,1236,14,BODESTI,,4,,934,302
28,163,2,593,421,351,70,415,6,BODESTI,,4,,318,97
28,164,2,1011,696,587,109,683,13,BODESTI,,4,,542,141
28,165,2,746,630,482,148,618,12,BODESTI,,4,,498,120
28,166,2,816,657,566,91,655,2,BORCA,,4,,368,287
28,167,2,905,760,688,72,752,8,BORCA,,4,,517,235
28,168,2,580,428,395,33,425,3,BORCA,,4,,265,160
28,169,2,1542,1207,1048,159,1200,6,BORCA,,4,,719,481
28,170,2,448,410,349,61,408,2,BORCA,,4,,266,142
28,171,2,677,494,437,57,493,1,BORCA,,4,,288,205
28,172,2,1443,996,917,79,988,8,BORLESTI,,4,,610,378
28,173,2,828,556,518,38,544,12,BORLESTI,,4,,319,225
28,174,2,1440,951,879,72,944,7,BORLESTI,,4,,482,462
28,175,2,221,169,145,24,168,1,BORLESTI,,4,,100,68
28,176,2,1436,966,853,113,957,9,BORLESTI,,4,,584,373
28,177,2,1150,740,639,101,726,14,BORLESTI,,4,,431,295
28,178,2,511,321,282,39,318,3,BORLESTI,,4,,180,138
28,179,2,468,455,371,84,447,8,BOTESTI,,4,,349,98
28,180,2,1540,1080,976,104,1070,10,BOTESTI,,4,,379,691
28,181,2,1631,1029,934,95,1013,16,BOTESTI,,4,,489,524
28,182,2,449,395,295,100,392,3,BOTESTI,,4,,307,85
28,183,2,772,567,488,79,565,2,BOTESTI,,4,,487,78
28,184,2,937,622,565,57,617,5,BOZIENI,,4,,481,136
28,185,2,693,519,447,72,513,6,BOZIENI,,4,,389,124
28,186,2,721,571,476,95,566,5,BOZIENI,,4,,455,111
28,187,2,1539,1030,937,93,1024,6,BRUSTURI-DRAGANESTI,,4,,776,248
28,188,2,891,647,587,60,643,4,BRUSTURI-DRAGANESTI,,4,,434,209
28,189,2,388,268,218,50,265,3,BRUSTURI-DRAGANESTI,,4,,162,103
28,190,2,602,476,417,59,471,5,BRUSTURI-DRAGANESTI,,4,,370,101
28,191,2,411,318,258,60,314,4,BRUSTURI-DRAGANESTI,,4,,216,98
28,192,2,572,371,320,51,369,2,BRUSTURI-DRAGANESTI,,4,,285,84
28,193,2,1417,1090,984,106,1087,3,CEAHLAU,,4,,769,318
28,194,2,619,495,432,63,492,3,CEAHLAU,,4,,326,166
28,195,2,1243,789,675,114,779,10,CANDESTI,,4,,489,290
28,196,2,912,617,543,74,609,8,CANDESTI,,4,,415,194
28,197,2,761,451,402,49,448,3,CANDESTI,,4,,276,172
28,198,2,318,221,199,22,220,1,CANDESTI,,4,,126,94
28,199,2,1267,896,802,94,892,4,COSTISA,,4,,636,256
28,200,2,769,554,499,55,553,1,COSTISA,,4,,386,167
28,201,2,494,335,295,40,333,2,COSTISA,,4,,175,158
28,202,2,253,232,178,54,228,4,COSTISA,,4,,180,48
28,203,2,1223,914,758,156,909,5,CORDUN,,4,,652,257
28,204,2,695,622,456,166,617,5,CORDUN,,4,,459,158
28,205,2,565,502,387,115,497,5,CORDUN,,4,,365,132
28,206,2,1518,1042,967,75,1034,8,CORDUN,,4,,299,735
28,207,2,1344,850,803,47,844,6,CORDUN,,4,,265,579
28,208,2,1667,1172,1056,116,1156,16,CRACAOANI,,4,,785,371
28,209,2,541,481,418,63,479,2,CRACAOANI,,4,,364,115
28,210,2,981,845,791,54,836,9,CRACAOANI,,4,,664,172
28,211,2,275,225,204,21,224,1,CRACAOANI,,4,,189,35
28,212,2,1244,692,640,52,679,13,DAMUC,,4,,382,297
28,213,2,553,316,284,32,310,6,DAMUC,,4,,214,96
28,214,2,566,330,292,38,325,5,DAMUC,,4,,263,62
28,215,2,1288,1069,925,144,1060,9,DOBRENI,,4,,721,339
28,216,2,1287,946,812,134,938,8,DOBRENI,,4,,659,279
28,217,2,278,243,202,41,238,5,DOBRENI,,4,,170,68
28,218,2,1011,949,903,46,901,48,DOLJESTI,,4,,771,130
28,219,2,432,289,244,45,286,3,DOLJESTI,,4,,126,160
28,220,2,1148,823,762,61,813,10,DOLJESTI,,4,,341,472
28,221,2,987,609,551,58,600,9,DOLJESTI,,4,,173,427
28,222,2,1451,840,792,48,826,14,DOLJESTI,,4,,216,610
28,223,2,1056,795,659,136,787,8,DRAGOMIRESTI,,4,,590,197
28,224,2,939,563,496,67,560,3,DRAGOMIRESTI,,4,,395,165
28,225,2,790,765,599,166,720,45,DULCESTI,,4,,561,159
28,226,2,219,205,162,43,204,1,DULCESTI,,4,,146,58
28,227,2,193,296,146,150,295,1,DULCESTI,,4,,261,34
28,228,2,591,487,440,47,483,4,DULCESTI,,4,,291,192
28,229,2,580,559,458,101,553,6,DULCESTI,,4,,426,127
28,230,2,1613,1229,1087,142,1223,6,DULCESTI,,4,,937,286
28,231,2,454,394,301,93,392,2,DUMBRAVA ROSIE,,4,,171,221
28,232,2,1947,1302,1071,231,1281,21,DUMBRAVA ROSIE,,4,,502,779
28,233,2,1557,1192,822,370,1182,10,DUMBRAVA ROSIE,,4,,545,637
28,234,2,877,667,542,125,660,7,DUMBRAVA ROSIE,,4,,304,356
28,235,2,1065,810,742,68,804,6,FARCASA,,4,,440,364
28,236,2,797,642,564,78,638,4,FARCASA,,4,,394,244
28,237,2,614,496,455,41,491,5,FARCASA,,4,,262,229
28,238,2,741,541,447,94,533,8,FAUREI,,4,,403,130
28,239,2,979,736,647,89,733,3,FAUREI,,4,,549,184
28,240,2,305,235,196,39,233,2,FAUREI,,4,,182,51
28,241,2,1841,1182,1089,93,1174,8,GHERAESTI,,4,,664,510
28,242,2,1744,1109,1056,53,1098,11,GHERAESTI,,4,,644,454
28,243,2,467,351,301,50,346,5,GHERAESTI,,4,,235,111
28,244,2,698,454,389,65,450,4,GHERAESTI,,4,,226,224
28,245,2,1145,884,506,378,875,9,GIROV,,4,,484,391
28,246,2,1654,1341,955,386,1326,15,GIROV,,4,,891,435
28,247,2,596,372,330,42,370,2,GIROV,,4,,223,147
28,248,2,795,521,367,154,516,5,GIROV,,4,,296,220
28,249,2,675,473,341,132,464,9,GIROV,,4,,311,153
28,250,2,211,199,120,79,197,2,GIROV,,4,,128,69
28,251,2,342,249,187,62,246,3,GIROV,,4,,154,92
28,252,2,239,277,173,104,271,6,GIROV,,4,,204,67
28,253,2,1005,822,723,99,819,3,GARCINA,,4,,496,323
28,254,2,856,705,606,99,696,9,GARCINA,,4,,441,255
28,255,2,448,427,352,75,421,6,GARCINA,,4,,251,170
28,256,2,955,733,651,82,720,13,GARCINA,,4,,383,337
28,257,2,1453,1006,894,112,988,18,GRINTIES,,4,,522,466
28,258,2,616,506,460,46,499,7,GRINTIES,,4,,242,257
28,259,2,1384,920,881,39,916,4,GRUMAZESTI,,4,,662,254
28,260,2,1111,828,751,77,819,9,GRUMAZESTI,,4,,629,190
28,261,2,549,401,371,30,399,2,GRUMAZESTI,,4,,300,99
28,262,2,1326,1036,986,50,1027,9,GRUMAZESTI,,4,,754,273
28,263,2,1528,985,879,106,969,16,HANGU,,4,,614,355
28,264,2,531,399,330,69,396,3,HANGU,,4,,253,143
28,265,2,1023,738,677,61,726,12,HANGU,,4,,470,256
28,266,2,435,293,252,41,289,4,HANGU,,4,,191,98
28,267,2,1355,1088,939,149,1080,8,HORIA,,4,,652,428
28,268,2,1329,947,869,78,938,9,HORIA,,4,,628,310
28,269,2,1244,938,867,71,925,13,HORIA,,4,,625,300
28,270,2,1249,954,860,94,947,7,HORIA,,4,,594,353
28,271,2,743,519,433,86,509,10,ICUSESTI,,4,,332,177
28,272,2,698,508,386,122,505,3,ICUSESTI,,4,,331,174
28,273,2,1036,756,671,85,751,5,ICUSESTI,,4,,400,351
28,274,2,378,311,275,36,271,4,ICUSESTI,,4,,189,82
28,275,2,441,367,266,101,360,7,ICUSESTI,,4,,254,106
28,276,2,233,216,167,49,214,2,ICUSESTI,,4,,173,41
28,277,2,1762,1348,1196,152,1331,17,ION CREANGA,,4,,922,409
28,278,2,1074,966,853,113,948,18,ION CREANGA,,4,,712,236
28,279,2,562,480,388,92,479,1,ION CREANGA,,4,,358,121
28,280,2,688,541,481,60,539,2,ION CREANGA,,4,,415,124
28,281,2,1974,1272,1076,196,1258,14,MARGINENI,,4,,1044,214
28,282,2,929,617,512,105,604,13,MARGINENI,,4,,479,125
28,283,2,204,196,128,68,194,2,MARGINENI,,4,,162,32
28,284,2,304,228,165,63,223,5,MARGINENI,,4,,190,33
28,285,2,1208,846,746,100,832,14,MOLDOVENI,,4,,540,292
28,286,2,1020,689,594,95,678,11,MOLDOVENI,,4,,433,245
28,287,2,660,402,337,65,399,3,ONICENI,,4,,302,97
28,288,2,384,293,243,50,291,2,ONICENI,,4,,250,41
28,289,2,738,494,451,43,487,7,ONICENI,,4,,390,97
28,290,2,541,377,330,47,372,5,ONICENI,,4,,320,52
28,291,2,1324,950,841,109,946,4,PASTRAVENI,,4,,782,164
28,292,2,1339,832,745,87,822,10,PASTRAVENI,,4,,638,184
28,293,2,238,222,168,54,221,1,PASTRAVENI,,4,,182,39
28,294,2,1464,949,819,130,939,10,PETRICANI,,4,,696,243
28,295,2,706,561,518,43,555,6,PETRICANI,,4,,467,88
28,296,2,997,759,654,105,750,9,PETRICANI,,4,,503,247
28,297,2,811,567,468,99,560,7,PETRICANI,,4,,453,107
28,298,2,1320,1008,892,116,1002,6,PIATRA SOIMULUI,,4,,542,460
28,299,2,1399,1044,962,82,1035,9,PIATRA SOIMULUI,,4,,494,541
28,300,2,1992,1431,1330,101,1424,7,PIATRA SOIMULUI,,4,,818,606
28,301,2,484,398,363,35,394,4,PIATRA SOIMULUI,,4,,208,186
28,302,2,994,669,631,38,657,12,PIATRA SOIMULUI,,4,,439,218
28,303,2,1986,1347,1267,80,1341,6,PIPIRIG,,4,,895,446
28,304,2,799,514,491,23,511,3,PIPIRIG,,4,,352,159
28,305,2,1273,835,811,24,830,5,PIPIRIG,,4,,619,211
28,306,2,386,297,258,39,297,0,PIPIRIG,,4,,208,89
28,307,2,836,527,481,46,521,6,PIPIRIG,,4,,303,218
28,308,2,797,493,459,34,480,13,PIPIRIG,,4,,307,173
28,309,2,1270,938,766,172,930,8,PANGARATI,,4,,618,312
28,310,2,515,478,378,100,476,2,PANGARATI,,4,,269,207
28,311,2,730,680,541,139,673,7,PANGARATI,,4,,336,337
28,312,2,1200,845,710,135,841,4,PANGARATI,,4,,472,369
28,313,2,1810,1348,1163,185,1341,7,PODOLENI,,4,,856,485
28,314,2,1218,829,762,67,826,3,PODOLENI,,4,,510,316
28,315,2,1005,712,637,75,708,4,PODOLENI,,4,,457,251
28,316,2,386,293,266,27,291,2,PODOLENI,,4,,213,78
28,317,2,1082,714,612,102,710,4,POIENARI,,4,,604,106
28,318,2,1005,658,578,80,651,7,POIENARI,,4,,498,153
28,319,2,320,262,224,38,258,4,POIENARI,,4,,203,55
28,320,2,356,278,225,53,277,1,POIENARI,,4,,215,62
28,321,2,1237,1126,960,166,1113,13,POIANA TEIULUI,,4,,631,482
28,322,2,1026,839,734,105,834,5,POIANA TEIULUI,,4,,560,274
28,323,2,781,648,557,91,640,8,POIANA TEIULUI,,4,,441,199
28,324,2,807,634,561,73,630,4,POIANA TEIULUI,,4,,471,159
28,325,2,1110,862,740,122,853,9,RAUCESTI,,4,,693,160
28,326,2,1219,895,796,99,889,6,RAUCESTI,,4,,704,185
28,327,2,705,579,483,96,577,2,RAUCESTI,,4,,461,116
28,328,2,1690,1313,1160,153,1300,13,RAUCESTI,,4,,1066,234
28,329,2,390,316,271,45,312,4,RAUCESTI,,4,,261,51
28,330,2,452,417,352,65,413,4,RAUCESTI,,4,,327,86
28,331,2,1114,776,589,187,761,15,RAZBOIENI,,4,,554,207
28,332,2,803,732,576,156,721,11,RAZBOIENI,,4,,563,158
28,333,2,1654,1029,860,169,1013,16,REDIU,,4,,612,401
28,334,2,1013,642,501,141,638,4,REDIU,,4,,295,343
28,335,2,567,423,331,92,421,2,REDIU,,4,,268,153
28,336,2,632,391,304,87,384,7,REDIU,,4,,267,117
28,337,2,813,674,581,93,663,11,ROMANI,,4,,475,188
28,338,2,1048,777,691,86,769,8,ROMANI,,4,,608,161
28,339,2,752,588,523,65,584,4,ROMANI,,4,,415,169
28,340,2,946,717,641,76,705,12,ROMANI,,4,,572,133
28,341,2,1327,974,742,232,967,7,ROZNOV,,4,,516,451
28,342,2,1093,837,637,200,827,10,ROZNOV,,4,,445,382
28,343,2,1044,802,627,175,787,14,ROZNOV,,4,,499,288
28,344,2,881,617,541,76,604,13,ROZNOV,,4,,331,273
28,345,2,1560,1125,984,141,1108,17,ROZNOV,,4,,644,464
28,346,2,935,742,587,155,738,4,ROZNOV,,4,,432,306
28,347,2,1330,933,866,67,928,5,SAGNA,,4,,288,640
28,348,2,1193,944,857,87,939,5,SAGNA,,4,,370,569
28,349,2,1624,1283,1146,137,1272,11,SAGNA,,4,,785,487
28,350,2,316,294,244,50,294,0,SAGNA,,4,,214,80
28,351,2,664,542,439,103,538,4,SAGNA,,4,,415,123
28,352,2,1924,1166,1127,39,1157,9,SABAOANI,,4,,435,722
28,353,2,2078,1350,1260,90,1327,23,SABAOANI,,4,,441,886
28,354,2,1549,944,896,48,926,18,SABAOANI,,4,,323,603
28,355,2,1800,1114,1077,37,1096,18,SABAOANI,,4,,329,767
28,356,2,795,637,577,60,627,10,SABAOANI,,4,,315,312
28,357,2,2037,1552,1159,393,1543,9,SAVINESTI,,4,,665,878
28,358,2,1388,1065,870,195,1055,10,SAVINESTI,,4,,487,568
28,359,2,994,848,689,159,836,12,SAVINESTI,,4,,439,397
28,360,2,352,293,247,46,291,2,SAVINESTI,,4,,165,126
28,361,2,1006,756,619,137,751,5,SECUIENI,,4,,511,240
28,362,2,503,435,359,76,430,5,SECUIENI,,4,,274,156
28,363,2,1081,822,684,138,817,5,SECUIENI,,4,,659,158
28,364,2,309,205,152,53,204,1,SECUIENI,,4,,159,45
28,365,2,978,720,617,103,712,8,STANITA,,4,,398,314
28,366,2,991,625,534,91,612,13,STANITA,,4,,421,191
28,367,2,1353,1156,1025,131,1150,6,STEFAN CEL MARE,,4,,909,241
28,368,2,521,439,366,73,432,7,STEFAN CEL MARE,,4,,290,142
28,369,2,767,524,424,100,522,2,STEFAN CEL MARE,,4,,367,155
28,370,2,1489,1146,996,150,1142,4,TARCAU,,4,,560,582
28,371,2,531,430,343,87,425,5,TARCAU,,4,,225,200
28,372,2,390,333,254,79,330,3,TARCAU,,4,,148,182
28,373,2,290,255,175,80,252,3,TARCAU,,4,,72,180
28,374,2,1342,1130,1027,103,1123,7,TASCA,,4,,569,554
28,375,2,685,543,473,70,539,4,TASCA,,4,,311,228
28,376,2,1060,790,750,40,786,4,TAZLAU,,4,,538,248
28,377,2,1273,995,935,60,985,10,TAZLAU,,4,,682,303
28,378,2,1128,820,741,79,805,15,TAMASENI,,4,,344,461
28,379,2,689,480,435,45,474,6,TAMASENI,,4,,185,289
28,380,2,1057,711,654,57,703,8,TAMASENI,,4,,322,381
28,381,2,1306,844,743,101,830,14,TAMASENI,,4,,208,622
28,382,2,898,514,462,52,506,8,TAMASENI,,4,,111,395
28,383,2,884,559,482,77,555,4,TAMASENI,,4,,169,386
28,384,2,1092,849,762,87,839,10,TIMISESTI,,4,,563,276
28,385,2,830,699,594,105,694,5,TIMISESTI,,4,,544,150
28,386,2,585,479,439,40,475,4,TIMISESTI,,4,,346,129
28,387,2,482,388,342,46,386,2,TIMISESTI,,4,,301,85
28,388,2,1824,1264,1092,172,1256,8,TRIFESTI,,4,,982,274
28,389,2,668,608,418,190,594,14,TRIFESTI,,4,,422,172
28,390,2,833,776,597,179,766,10,TRIFESTI,,4,,603,163
28,391,2,827,589,476,113,583,6,TRIFESTI,,4,,466,117
28,392,2,1631,1153,991,162,1143,10,TUPILATI,,4,,813,330
28,393,2,330,264,184,80,259,5,TUPILATI,,4,,181,78
28,394,2,1356,1000,812,188,982,18,TIBUCANI,,4,,724,258
28,395,2,965,724,569,155,713,11,TIBUCANI,,4,,559,154
28,396,2,412,339,256,83,336,3,TIBUCANI,,4,,234,102
28,397,2,823,657,527,130,650,7,TIBUCANI,,4,,479,171
28,398,2,1713,1142,880,262,1117,25,URECHENI,,4,,855,262
28,399,2,653,562,304,258,553,9,URECHENI,,4,,483,70
28,400,2,742,658,572,86,653,5,URECHENI,,4,,474,179
28,401,2,678,417,328,89,411,6,VALEA URSULUI,,4,,329,82
28,402,2,483,431,352,79,428,3,VALEA URSULUI,,4,,343,85
28,403,2,796,565,469,96,559,6,VALEA URSULUI,,4,,365,194
28,404,2,605,411,358,53,407,4,VALEA URSULUI,,4,,245,162
28,405,2,287,293,190,103,293,0,VALEA URSULUI,,4,,215,78
28,406,2,756,438,386,52,436,2,VIISOARA,,4,,220,216
28,407,2,1283,1008,866,142,995,13,VIISOARA,,4,,511,484
28,408,2,651,568,486,82,562,6,VIISOARA,,4,,311,251
28,409,2,1018,856,792,64,846,10,VIISOARA,,4,,522,324
28,410,2,53,369,31,338,364,5,VIISOARA,,4,,200,164
28,411,2,1194,1015,839,176,1005,10,VANATORI-NEAMT,,4,,623,382
28,412,2,1078,848,736,112,837,11,VANATORI-NEAMT,,4,,570,267
28,413,2,1242,1000,918,82,988,12,VANATORI-NEAMT,,4,,683,305
28,414,2,929,755,714,41,751,4,VANATORI-NEAMT,,4,,492,259
28,415,2,257,282,186,96,279,3,VANATORI-NEAMT,,4,,183,96
28,416,2,1127,967,822,145,960,7,VANATORI-NEAMT,,4,,677,283
28,417,2,197,260,101,159,249,11,VANATORI-NEAMT,,4,,87,162
28,418,2,1514,1135,959,176,1109,26,ZANESTI,,4,,728,381
28,419,2,1396,1036,857,179,1029,7,ZANESTI,,4,,681,348
28,420,2,996,734,617,117,723,11,ZANESTI,,4,,494,229
28,421,2,748,669,535,134,664,5,ZANESTI,,4,,519,145
29,1,2,2150,1474,1370,104,1465,9,MUNICIPIUL SLATINA,,6,,687,778
29,2,2,1626,1094,986,108,1078,16,MUNICIPIUL SLATINA,,6,,567,511
29,3,2,1776,1280,1126,154,1275,5,MUNICIPIUL SLATINA,,6,,636,639
29,4,2,2270,1333,1213,120,1327,6,MUNICIPIUL SLATINA,,6,,676,651
29,5,2,2463,1596,1471,125,1587,9,MUNICIPIUL SLATINA,,6,,712,875
29,6,2,1930,1254,1147,107,1243,11,MUNICIPIUL SLATINA,,6,,699,544
29,7,2,1834,1084,1009,75,1080,4,MUNICIPIUL SLATINA,,6,,557,523
29,8,2,2452,1554,1255,299,1550,4,MUNICIPIUL SLATINA,,6,,759,791
29,9,2,2397,1739,1482,257,1732,7,MUNICIPIUL SLATINA,,6,,879,853
29,10,2,2008,1289,1115,174,1286,3,MUNICIPIUL SLATINA,,6,,684,602
29,11,2,1712,1191,1101,90,1185,6,MUNICIPIUL SLATINA,,6,,613,572
29,12,2,2323,1486,1310,176,1472,14,MUNICIPIUL SLATINA,,6,,784,688
29,13,2,2406,1531,1399,132,1525,6,MUNICIPIUL SLATINA,,6,,826,699
29,14,2,2587,1607,1465,142,1595,12,MUNICIPIUL SLATINA,,6,,834,761
29,15,2,2434,1554,1431,123,1544,10,MUNICIPIUL SLATINA,,6,,906,638
29,16,2,2122,1290,1176,114,1283,7,MUNICIPIUL SLATINA,,6,,652,631
29,17,2,1408,1113,866,247,1106,7,MUNICIPIUL SLATINA,,6,,612,494
29,18,2,1386,885,707,178,880,5,MUNICIPIUL SLATINA,,6,,423,457
29,19,2,3008,1946,1694,252,1945,1,MUNICIPIUL SLATINA,,6,,1070,875
29,20,2,2600,1696,1374,322,1692,4,MUNICIPIUL SLATINA,,6,,850,842
29,21,2,2088,1222,1131,91,1213,9,MUNICIPIUL SLATINA,,6,,640,573
29,22,2,2529,1668,1386,282,1664,4,MUNICIPIUL SLATINA,,6,,879,785
29,23,2,506,464,304,160,461,3,MUNICIPIUL SLATINA,,6,,217,244
29,24,2,2829,1733,1543,190,1719,14,MUNICIPIUL SLATINA,,6,,807,912
29,25,2,2605,1745,1529,216,1732,13,MUNICIPIUL SLATINA,,6,,799,933
29,26,2,1916,1241,1141,100,1235,6,MUNICIPIUL SLATINA,,6,,570,665
29,27,2,2096,1251,1183,68,1241,10,MUNICIPIUL SLATINA,,6,,596,645
29,28,2,954,646,584,62,636,10,MUNICIPIUL SLATINA,,6,,404,232
29,29,2,913,793,508,285,789,4,MUNICIPIUL SLATINA,,6,,350,439
29,30,2,2824,1581,1478,103,1578,3,MUNICIPIUL SLATINA,,6,,760,818
29,31,2,933,615,559,56,608,7,MUNICIPIUL SLATINA,,6,,404,204
29,32,2,1368,1073,825,248,1061,12,MUNICIPIUL SLATINA,,6,,536,525
29,33,2,0,793,0,793,784,9,MUNICIPIUL SLATINA,,6,,450,334
29,34,2,0,248,0,248,244,4,MUNICIPIUL SLATINA,,6,,154,90
29,35,2,0,305,0,305,301,4,MUNICIPIUL SLATINA,,6,,180,121
29,36,2,1680,1138,1046,92,1131,7,MUNICIPIUL CARACAL,,6,,660,471
29,37,2,1520,1182,1045,137,1167,15,MUNICIPIUL CARACAL,,6,,695,472
29,38,2,1775,1298,1098,200,1294,4,MUNICIPIUL CARACAL,,6,,763,531
29,39,2,1802,1112,1008,104,1101,11,MUNICIPIUL CARACAL,,6,,650,451
29,40,2,1410,1165,806,359,1156,9,MUNICIPIUL CARACAL,,6,,615,541
29,41,2,1928,1016,823,193,1011,5,MUNICIPIUL CARACAL,,6,,585,426
29,42,2,1797,1030,888,142,1024,6,MUNICIPIUL CARACAL,,6,,582,442
29,43,2,1530,1192,916,276,1186,6,MUNICIPIUL CARACAL,,6,,680,506
29,44,2,1838,1222,938,284,1217,5,MUNICIPIUL CARACAL,,6,,742,475
29,45,2,1632,1227,1034,193,1207,20,MUNICIPIUL CARACAL,,6,,644,563
29,46,2,2108,1305,1157,148,1298,7,MUNICIPIUL CARACAL,,6,,745,553
29,47,2,2270,1399,1290,109,1377,22,MUNICIPIUL CARACAL,,6,,840,537
29,48,2,1485,1192,959,233,1190,2,MUNICIPIUL CARACAL,,6,,609,581
29,49,2,1721,1265,1202,63,1256,9,MUNICIPIUL CARACAL,,6,,804,452
29,50,2,1675,1232,1145,87,1222,10,MUNICIPIUL CARACAL,,6,,656,566
29,51,2,1750,1264,1188,76,1253,11,MUNICIPIUL CARACAL,,6,,831,422
29,52,2,1600,1230,1155,75,1227,3,MUNICIPIUL CARACAL,,6,,750,477
29,53,2,0,258,0,258,254,4,MUNICIPIUL CARACAL,,6,,124,130
29,54,2,0,393,0,393,385,8,MUNICIPIUL CARACAL,,6,,135,250
29,55,2,422,431,407,24,427,4,MUNICIPIUL CARACAL,,6,,226,201
29,56,2,0,179,0,179,177,2,MUNICIPIUL CARACAL,,6,,58,119
29,57,2,1005,699,663,36,686,13,ORAS BALS,,6,,428,258
29,58,2,1240,916,844,72,908,8,ORAS BALS,,6,,579,329
29,59,2,907,671,627,44,664,7,ORAS BALS,,6,,416,248
29,60,2,1798,1271,1174,97,1256,15,ORAS BALS,,6,,788,468
29,61,2,2994,1990,1729,261,1979,11,ORAS BALS,,6,,1070,909
29,62,2,2793,1851,1641,210,1839,12,ORAS BALS,,6,,876,963
29,63,2,2930,1688,1314,374,1673,15,ORAS BALS,,6,,839,834
29,64,2,3242,1974,1665,309,1966,8,ORAS BALS,,6,,982,984
29,65,2,1755,1123,1033,90,1114,9,ORAS CORABIA,,6,,690,424
29,66,2,1308,1060,865,195,1051,9,ORAS CORABIA,,6,,666,385
29,67,2,1851,1172,964,208,1168,4,ORAS CORABIA,,6,,682,486
29,68,2,1884,1102,991,111,1091,11,ORAS CORABIA,,6,,631,460
29,69,2,2100,1358,1193,165,1346,12,ORAS CORABIA,,6,,773,573
29,70,2,2415,1478,1375,103,1463,15,ORAS CORABIA,,6,,913,550
29,71,2,2100,1201,1065,136,1196,5,ORAS CORABIA,,6,,638,558
29,72,2,1704,1080,986,94,1072,8,ORAS CORABIA,,6,,732,340
29,73,2,552,390,333,57,386,4,ORAS CORABIA,,6,,195,191
29,74,2,558,401,326,75,396,5,ORAS CORABIA,,6,,240,156
29,75,2,559,397,364,33,392,5,ORAS CORABIA,,6,,252,140
29,76,2,3289,2160,2022,138,2139,21,ORAS DRAGANESTI-OLT,,6,,1210,929
29,77,2,2131,1448,1236,212,1427,21,ORAS DRAGANESTI-OLT,,6,,775,652
29,78,2,1638,1249,1095,154,1231,18,ORAS DRAGANESTI-OLT,,6,,814,417
29,79,2,2687,1888,1700,188,1868,20,ORAS DRAGANESTI-OLT,,6,,1117,751
29,80,2,1546,1242,1045,197,1235,7,ORAS PIATRA-OLT,,6,,813,422
29,81,2,1810,1453,1302,151,1448,5,ORAS PIATRA-OLT,,6,,927,521
29,82,2,938,716,616,100,708,8,ORAS PIATRA-OLT,,6,,477,231
29,83,2,536,453,410,43,448,5,ORAS PIATRA-OLT,,6,,304,144
29,84,2,3372,1768,1274,494,1751,17,ORAS SCORNICESTI,,6,,922,829
29,85,2,1467,914,726,188,908,6,ORAS SCORNICESTI,,6,,439,469
29,86,2,981,768,559,209,760,8,ORAS SCORNICESTI,,6,,404,356
29,87,2,1044,706,581,125,701,5,ORAS SCORNICESTI,,6,,395,306
29,88,2,429,350,259,91,346,4,ORAS SCORNICESTI,,6,,240,106
29,89,2,1203,635,514,121,627,8,ORAS SCORNICESTI,,6,,396,231
29,90,2,384,317,196,121,311,6,ORAS SCORNICESTI,,6,,161,150
29,91,2,241,176,130,46,176,0,ORAS SCORNICESTI,,6,,94,82
29,92,2,909,593,523,70,576,17,BALDOVINESTI,,6,,374,202
29,93,2,788,577,516,61,568,9,BALDOVINESTI,,6,,399,169
29,94,2,925,613,517,96,600,13,BALDOVINESTI,,6,,362,238
29,95,2,2014,1365,1175,190,1354,11,BABICIU,,6,,922,432
29,96,2,1032,777,604,173,771,6,BARASTI,,6,,442,329
29,97,2,692,509,404,105,506,3,BARASTI,,6,,315,191
29,98,2,124,131,87,44,127,4,BARASTI,,6,,86,41
29,99,2,1200,988,892,96,978,10,BARZA,,6,,565,413
29,100,2,742,572,449,123,569,3,BARZA,,6,,336,233
29,101,2,1387,802,696,106,791,11,BOBICESTI,,6,,472,319
29,102,2,1204,1109,985,124,1100,9,BOBICESTI,,6,,599,501
29,103,2,1611,844,764,80,841,3,BRASTAVATU,,6,,404,437
29,104,2,1611,936,808,128,926,10,BRASTAVATU,,6,,515,411
29,105,2,1166,723,655,68,716,7,BRASTAVATU,,6,,493,223
29,106,2,2203,1731,1451,280,1709,22,BREBENI,,6,,1259,450
29,107,2,1450,1150,928,222,1115,35,BRANCOVENI,,6,,907,208
29,108,2,1298,932,868,64,929,3,BRANCOVENI,,6,,710,219
29,109,2,1942,1352,1107,245,1336,16,BUCINISU,,6,,946,390
29,110,2,1282,1062,951,111,1052,10,CEZIENI,,6,,827,225
29,111,2,617,479,427,52,473,6,CEZIENI,,6,,328,145
29,112,2,3023,1896,1725,171,1878,18,CILIENI,,6,,1339,539
29,113,2,1302,877,701,176,868,9,CARLOGANI,,6,,551,317
29,114,2,984,701,526,175,692,9,CARLOGANI,,6,,491,201
29,115,2,649,621,495,126,614,7,COLONESTI,,6,,336,278
29,116,2,599,682,566,116,617,65,COLONESTI,,6,,467,150
29,117,2,405,533,384,149,530,3,COLONESTI,,6,,398,132
29,118,2,864,602,463,139,595,7,CORBU,,6,,328,267
29,119,2,1045,726,601,125,721,5,CORBU,,6,,408,313
29,120,2,2280,1765,1542,223,1743,22,COTEANA,,6,,1227,516
29,121,2,1765,1597,1130,467,1567,30,CRAMPOIA,,6,,977,590
29,122,2,406,424,292,132,415,9,CRAMPOIA,,6,,213,202
29,123,2,908,597,462,135,590,7,CUNGREA,,6,,438,152
29,124,2,282,305,195,110,304,1,CUNGREA,,6,,211,93
29,125,2,886,517,422,95,515,2,CUNGREA,,6,,363,152
29,126,2,1299,1056,952,104,1040,16,CURTISOARA,,6,,795,245
29,127,2,1287,958,882,76,936,22,CURTISOARA,,6,,661,275
29,128,2,870,656,589,67,651,5,CURTISOARA,,6,,454,197
29,129,2,986,855,688,167,844,11,DANEASA,,6,,537,307
29,130,2,967,941,815,126,933,8,DANEASA,,6,,725,208
29,131,2,458,417,352,65,414,3,DANEASA,,6,,306,108
29,132,2,354,329,280,49,328,1,DANEASA,,6,,256,72
29,133,2,1388,1005,922,83,989,16,DEVESELU,,6,,476,513
29,134,2,995,825,737,88,821,4,DEVESELU,,6,,509,312
29,135,2,0,311,0,311,305,6,DEVESELU,,6,,140,165
29,136,2,1218,742,575,167,739,3,DOBRETU,,6,,502,237
29,137,2,2088,1362,1275,87,1351,11,DOBROSLOVENI,,6,,905,446
29,138,2,992,739,654,85,725,14,DOBROSLOVENI,,6,,512,213
29,139,2,1655,1146,938,208,1137,9,DOBROTEASA,,6,,860,277
29,140,2,1398,1073,959,114,1063,10,DOBRUN,,6,,784,279
29,141,2,1253,941,820,121,931,10,DOBRUN,,6,,703,228
29,142,2,1514,1134,1022,112,1134,0,DRAGHICENI,,6,,909,225
29,143,2,667,692,550,142,683,9,FAGETELU,,6,,497,186
29,144,2,404,447,327,120,438,9,FAGETELU,,6,,353,85
29,145,2,1982,1353,1193,160,1327,26,FALCOIU,,6,,936,391
29,146,2,1196,1080,947,133,1069,11,FALCOIU,,6,,838,231
29,147,2,2240,1507,1426,81,1488,19,FARCASELE,,6,,1145,343
29,148,2,1400,967,886,81,957,10,FARCASELE,,6,,644,313
29,149,2,1330,1073,898,175,1061,12,GANEASA,,6,,653,408
29,150,2,948,631,485,146,625,6,GANEASA,,6,,368,257
29,151,2,970,594,477,117,585,9,GANEASA,,6,,355,230
29,152,2,2206,1548,1366,182,1533,15,GIUVARASTI,,6,,1038,495
29,153,2,1300,927,837,90,914,13,GARCOV,,6,,684,230
29,154,2,847,670,600,70,654,16,GARCOV,,6,,471,183
29,155,2,1557,1074,895,179,1064,10,GOSTAVATU,,6,,788,276
29,156,2,1248,923,815,108,909,14,GOSTAVATU,,6,,675,234
29,157,2,1607,1092,906,186,1084,8,GRADINARI,,6,,829,255
29,158,2,0,35,0,35,35,0,GRADINARI,,6,,29,6
29,159,2,1773,1454,1285,169,1444,10,GROJDIBODU,,6,,994,450
29,160,2,941,770,643,127,762,8,GROJDIBODU,,6,,519,243
29,161,2,2606,1858,1620,238,1831,27,IANCA,,6,,838,993
29,162,2,1246,938,806,132,926,12,IANCA,,6,,583,343
29,163,2,1463,1022,940,82,1014,8,IANCU JIANU,,6,,624,390
29,164,2,1210,829,749,80,823,6,IANCU JIANU,,6,,435,388
29,165,2,784,591,503,88,583,8,IANCU JIANU,,6,,347,236
29,166,2,1224,740,570,170,735,5,ICOANA,,6,,455,280
29,167,2,628,490,377,113,482,8,ICOANA,,6,,201,281
29,168,2,2053,1496,1429,67,1496,0,IZBICENI,,6,,937,559
29,169,2,2033,1660,1583,77,1644,16,IZBICENI,,6,,967,677
29,170,2,1058,855,626,229,842,13,IZVOARELE,,6,,570,272
29,171,2,1974,1604,1419,185,1579,25,IZVOARELE,,6,,951,628
29,172,2,556,519,436,83,516,3,LELEASCA,,6,,398,118
29,173,2,593,598,450,148,586,12,LELEASCA,,6,,327,259
29,174,2,458,380,297,83,379,1,LELEASCA,,6,,233,146
29,175,2,2280,1530,1322,208,1518,12,MARUNTEI,,6,,1022,496
29,176,2,1236,960,723,237,943,17,MARUNTEI,,6,,529,414
29,177,2,956,728,644,84,720,8,MIHAESTI,,6,,501,219
29,178,2,872,620,548,72,607,13,MIHAESTI,,6,,379,228
29,179,2,1206,659,595,64,653,6,MILCOV,,6,,453,200
29,180,2,1150,818,758,60,804,14,MILCOV,,6,,568,236
29,181,2,1346,870,764,106,858,12,MORUNGLAV,,6,,556,302
29,182,2,570,355,292,63,348,7,MORUNGLAV,,6,,276,72
29,183,2,321,260,202,58,254,6,MORUNGLAV,,6,,189,65
29,184,2,1808,1157,1006,151,1142,15,MOVILENI,,6,,721,421
29,185,2,1205,796,726,70,784,12,MOVILENI,,6,,467,317
29,186,2,1195,1006,880,126,994,12,NICOLAE TITULESCU,,6,,698,296
29,187,2,1313,1145,1019,126,1135,10,NICOLAE TITULESCU,,6,,762,373
29,188,2,1546,969,885,84,951,18,OBARSIA,,6,,669,282
29,189,2,1165,828,729,99,820,8,OBARSIA,,6,,441,379
29,190,2,1305,895,751,144,887,8,OBOGA,,6,,479,408
29,191,2,1384,926,751,175,889,37,OBOGA,,6,,506,383
29,192,2,1169,727,531,196,721,6,OPORELU,,6,,494,227
29,193,2,1303,942,772,170,929,13,OPTASI-MAGURA,,6,,706,223
29,194,2,940,696,498,198,685,11,OPTASI-MAGURA,,6,,524,161
29,195,2,815,726,506,220,718,8,OPTASI-MAGURA,,6,,475,243
29,196,2,2267,1431,1262,169,1418,13,ORLEA,,6,,872,546
29,197,2,1521,1160,1007,153,1148,12,ORLEA,,6,,795,353
29,198,2,2839,1864,1717,147,1843,21,OSICA DE SUS,,6,,1175,668
29,199,2,1395,890,801,89,884,6,OSICA DE SUS,,6,,611,273
29,200,2,1861,1900,1773,127,1863,37,PERIETI,,6,,1250,613
29,201,2,1461,1318,1232,86,1308,10,PERIETI,,6,,946,362
29,202,2,1494,1163,1053,110,1144,19,PARSCOVENI,,6,,723,421
29,203,2,1194,876,773,103,865,11,PARSCOVENI,,6,,505,360
29,204,2,982,743,707,36,735,8,PARSCOVENI,,6,,484,251
29,205,2,1414,1037,919,118,1027,10,PLESOIU,,6,,707,320
29,206,2,1491,1743,1491,252,1725,18,PLESOIU,,6,,1376,349
29,207,2,705,520,438,82,512,8,POBORU,,6,,343,169
29,208,2,1059,825,667,158,819,6,POBORU,,6,,627,192
29,209,2,2750,1622,1449,173,1609,13,POTCOAVA,,6,,1036,573
29,210,2,1750,1108,925,183,1096,12,POTCOAVA,,6,,647,449
29,211,2,1728,1339,1230,109,1328,11,PRISEACA,,6,,785,543
29,212,2,1653,1074,946,128,1057,17,RADOMIRESTI,,6,,661,396
29,213,2,895,627,556,71,619,8,RADOMIRESTI,,6,,413,206
29,214,2,406,338,271,67,336,2,RADOMIRESTI,,6,,221,115
29,215,2,1227,735,662,73,728,7,RADOMIRESTI,,6,,459,269
29,216,2,2080,1171,1060,111,1151,20,REDEA,,6,,716,435
29,217,2,780,394,300,94,391,3,REDEA,,6,,308,83
29,218,2,2563,1694,1541,153,1677,17,ROTUNDA,,6,,1138,539
29,219,2,973,700,610,90,692,8,RUSANESTI,,6,,478,214
29,220,2,1482,1015,906,109,1006,9,RUSANESTI,,6,,718,288
29,221,2,1400,962,867,95,954,8,RUSANESTI,,6,,741,213
29,222,2,1813,1255,1072,183,1230,25,SCARISOARA,,6,,885,345
29,223,2,577,498,394,104,495,3,SCARISOARA,,6,,343,152
29,224,2,1754,942,842,100,929,13,SCHITU,,6,,593,336
29,225,2,804,553,463,90,550,3,SCHITU,,6,,356,194
29,226,2,2264,1491,1382,109,1479,12,SEACA,,6,,1092,387
29,227,2,1036,581,500,81,568,13,SAMBURESTI,,6,,387,181
29,228,2,2056,1592,1424,168,1570,22,SLATIOARA,,6,,882,688
29,229,2,550,442,316,126,436,6,SPINENI,,6,,314,122
29,230,2,590,419,296,123,419,0,SPINENI,,6,,297,122
29,231,2,739,547,404,143,540,7,SPINENI,,6,,384,156
29,232,2,1959,1110,972,138,1100,10,SPRANCENATA,,6,,775,325
29,233,2,632,538,398,140,536,2,SPRANCENATA,,6,,392,144
29,234,2,1866,1414,1185,229,1402,12,STOENESTI,,6,,962,440
29,235,2,2836,2074,1913,161,2058,16,STOICANESTI,,6,,1579,479
29,236,2,1357,969,824,145,946,23,STREJESTI,,6,,679,267
29,237,2,1420,1082,935,147,1072,10,STREJESTI,,6,,852,220
29,238,2,1398,1010,926,84,1000,10,STUDINA,,6,,645,355
29,239,2,1038,1057,922,135,1052,5,STUDINA,,6,,630,422
29,240,2,945,678,596,82,667,11,STUDINA,,6,,496,171
29,241,2,2453,1638,1467,171,1612,26,SERBANESTI,,6,,935,677
29,242,2,1976,1287,1174,113,1276,11,STEFAN CEL MARE,,6,,708,568
29,243,2,587,406,287,119,398,8,TATULESTI,,6,,231,167
29,244,2,199,193,135,58,192,1,TATULESTI,,6,,113,79
29,245,2,320,236,173,63,236,0,TATULESTI,,6,,167,69
29,246,2,1335,892,795,97,881,11,TESLUI,,6,,647,234
29,247,2,894,708,583,125,705,3,TESLUI,,6,,542,163
29,248,2,1102,705,616,89,698,7,TIA MARE,,6,,481,217
29,249,2,1371,1020,920,100,1015,0,TIA MARE,,6,,881,134
29,250,2,1223,886,757,129,878,8,TIA MARE,,6,,687,191
29,251,2,697,490,357,133,484,6,TOPANA,,6,,295,189
29,252,2,350,282,229,53,279,3,TOPANA,,6,,161,118
29,253,2,2775,1962,1833,129,1946,16,TRAIAN,,6,,1421,525
29,254,2,1531,969,829,140,951,18,TUFENI,,6,,635,316
29,255,2,1027,722,624,98,711,11,TUFENI,,6,,465,246
29,256,2,1361,975,839,136,962,13,URZICA,,6,,586,376
29,257,2,811,632,548,84,627,5,URZICA,,6,,437,190
29,258,2,2075,1074,967,107,1066,8,VALEA MARE,,6,,626,440
29,259,2,1047,593,501,92,588,5,VALEA MARE,,6,,388,200
29,260,2,1475,977,813,164,968,9,VADASTRA,,6,,697,271
29,261,2,1640,1095,903,192,1087,8,VADASTRA,,6,,814,273
29,262,2,3160,1952,1815,137,1933,19,VADASTRITA,,6,,1379,554
29,263,2,2343,1374,1211,163,1342,32,VALENI,,6,,984,358
29,264,2,744,516,449,67,506,10,VALENI,,6,,340,166
29,265,2,834,566,485,81,564,2,VERGULEASA,,6,,389,175
29,266,2,1032,763,654,109,758,5,VERGULEASA,,6,,536,222
29,267,2,702,692,511,181,683,9,VERGULEASA,,6,,464,219
29,268,2,2804,1910,1763,147,1891,19,VISINA,,6,,1014,877
29,269,2,1185,705,597,108,700,5,VITOMIRESTI,,6,,392,308
29,270,2,1096,754,681,73,743,11,VITOMIRESTI,,6,,596,147
29,271,2,1601,1192,918,274,1172,20,VALCELE,,6,,768,404
29,272,2,719,555,459,96,550,5,VALCELE,,6,,343,207
29,273,2,1725,1163,1073,90,1146,17,VLADILA,,6,,735,411
29,274,2,809,528,480,48,517,11,VOINEASA,,6,,354,163
29,275,2,934,778,661,117,768,10,VOINEASA,,6,,544,224
29,276,2,1357,1031,906,125,1011,20,VULPENI,,6,,490,521
29,277,2,814,550,478,72,540,10,VULPENI,,6,,260,280
29,278,2,1244,909,791,118,908,1,VULTURESTI,,6,,709,199
29,279,2,977,706,588,118,703,3,VULTURESTI,,6,,547,156
29,280,2,216,347,185,162,343,4,GRADINARI,,6,,174,169
30,1,2,1461,1281,1094,187,1276,5,MUNICIPIUL PLOIESTI,,5,,487,789
30,2,2,1889,1316,1134,182,1313,3,MUNICIPIUL PLOIESTI,,5,,534,779
30,3,2,1663,1494,1167,327,1489,5,MUNICIPIUL PLOIESTI,,5,,539,950
30,4,2,999,771,712,59,769,2,MUNICIPIUL PLOIESTI,,5,,256,513
30,5,2,1894,1581,1393,188,1572,9,MUNICIPIUL PLOIESTI,,5,,552,1020
30,6,2,1756,1309,1215,94,1308,1,MUNICIPIUL PLOIESTI,,5,,416,892
30,7,2,1771,1305,1216,89,1302,3,MUNICIPIUL PLOIESTI,,5,,530,772
30,8,2,1833,1403,1148,255,1398,5,MUNICIPIUL PLOIESTI,,5,,510,888
30,9,2,825,634,571,63,629,5,MUNICIPIUL PLOIESTI,,5,,178,451
30,10,2,946,1089,644,445,1085,4,MUNICIPIUL PLOIESTI,,5,,387,698
30,11,2,1586,1272,1128,144,1265,7,MUNICIPIUL PLOIESTI,,5,,425,840
30,12,2,1055,1027,914,113,1018,9,MUNICIPIUL PLOIESTI,,5,,438,580
30,13,2,1178,1035,802,233,1029,6,MUNICIPIUL PLOIESTI,,5,,403,626
30,14,2,1012,913,769,144,911,2,MUNICIPIUL PLOIESTI,,5,,328,583
30,15,2,1038,940,768,172,939,1,MUNICIPIUL PLOIESTI,,5,,316,623
30,16,2,824,688,633,55,686,2,MUNICIPIUL PLOIESTI,,5,,250,436
30,17,2,1074,874,798,76,871,3,MUNICIPIUL PLOIESTI,,5,,285,586
30,18,2,1184,991,877,114,984,7,MUNICIPIUL PLOIESTI,,5,,296,688
30,19,2,1556,1198,1096,102,1191,7,MUNICIPIUL PLOIESTI,,5,,370,821
30,20,2,1467,1103,1023,80,1096,7,MUNICIPIUL PLOIESTI,,5,,351,745
30,21,2,1627,1357,1280,77,1355,2,MUNICIPIUL PLOIESTI,,5,,474,881
30,22,2,1402,1218,1087,131,1213,5,MUNICIPIUL PLOIESTI,,5,,401,812
30,23,2,953,746,667,79,742,4,MUNICIPIUL PLOIESTI,,5,,249,493
30,24,2,1568,1197,1101,96,1188,9,MUNICIPIUL PLOIESTI,,5,,338,850
30,25,2,1964,1568,1461,107,1557,11,MUNICIPIUL PLOIESTI,,5,,558,999
30,26,2,1592,1348,1111,237,1341,7,MUNICIPIUL PLOIESTI,,5,,512,829
30,27,2,1896,1405,1312,93,1384,21,MUNICIPIUL PLOIESTI,,5,,542,842
30,28,2,2165,1561,1374,187,1541,20,MUNICIPIUL PLOIESTI,,5,,659,882
30,29,2,1662,1272,1169,103,1265,7,MUNICIPIUL PLOIESTI,,5,,486,779
30,30,2,1554,1191,1075,116,1190,1,MUNICIPIUL PLOIESTI,,5,,503,687
30,31,2,2035,1728,1355,373,1722,6,MUNICIPIUL PLOIESTI,,5,,574,1148
30,32,2,2100,1435,1202,233,1418,17,MUNICIPIUL PLOIESTI,,5,,541,877
30,33,2,2081,1586,1424,162,1570,16,MUNICIPIUL PLOIESTI,,5,,568,1002
30,34,2,754,616,570,46,615,1,MUNICIPIUL PLOIESTI,,5,,232,383
30,35,2,1910,1370,1273,97,1362,8,MUNICIPIUL PLOIESTI,,5,,595,767
30,36,2,1128,950,859,91,947,3,MUNICIPIUL PLOIESTI,,5,,328,619
30,37,2,1597,1238,1156,82,1233,5,MUNICIPIUL PLOIESTI,,5,,408,825
30,38,2,1808,1467,1379,88,1460,7,MUNICIPIUL PLOIESTI,,5,,480,980
30,39,2,1443,1101,1017,84,1098,3,MUNICIPIUL PLOIESTI,,5,,390,708
30,40,2,1441,1161,1093,68,1156,5,MUNICIPIUL PLOIESTI,,5,,470,686
30,41,2,1408,1129,1049,80,1121,8,MUNICIPIUL PLOIESTI,,5,,388,733
30,42,2,1254,992,914,78,988,4,MUNICIPIUL PLOIESTI,,5,,374,614
30,43,2,1552,1182,1117,65,1173,9,MUNICIPIUL PLOIESTI,,5,,541,632
30,44,2,1548,1201,1094,107,1190,11,MUNICIPIUL PLOIESTI,,5,,537,653
30,45,2,1666,1260,1136,124,1252,8,MUNICIPIUL PLOIESTI,,5,,449,803
30,46,2,1887,1385,1286,99,1378,7,MUNICIPIUL PLOIESTI,,5,,436,942
30,47,2,1577,1200,1037,163,1186,14,MUNICIPIUL PLOIESTI,,5,,457,729
30,48,2,1578,1294,1183,111,1288,6,MUNICIPIUL PLOIESTI,,5,,429,859
30,49,2,1280,989,927,62,986,3,MUNICIPIUL PLOIESTI,,5,,364,622
30,50,2,758,538,376,162,527,11,MUNICIPIUL PLOIESTI,,5,,145,382
30,51,2,1276,1015,970,45,1008,7,MUNICIPIUL PLOIESTI,,5,,382,626
30,52,2,1231,997,932,65,995,2,MUNICIPIUL PLOIESTI,,5,,342,653
30,53,2,1400,1191,1028,163,1189,2,MUNICIPIUL PLOIESTI,,5,,372,817
30,54,2,856,708,659,49,704,4,MUNICIPIUL PLOIESTI,,5,,232,472
30,55,2,713,771,549,222,763,8,MUNICIPIUL PLOIESTI,,5,,275,488
30,56,2,1478,996,917,79,994,2,MUNICIPIUL PLOIESTI,,5,,410,584
30,57,2,2200,1344,1193,151,1339,5,MUNICIPIUL PLOIESTI,,5,,517,822
30,58,2,1720,1271,1170,101,1267,4,MUNICIPIUL PLOIESTI,,5,,467,800
30,59,2,586,666,395,271,663,3,MUNICIPIUL PLOIESTI,,5,,255,408
30,60,2,1137,1373,794,579,1368,5,MUNICIPIUL PLOIESTI,,5,,452,916
30,61,2,2041,1562,1441,121,1550,12,MUNICIPIUL PLOIESTI,,5,,485,1065
30,62,2,1280,928,858,70,924,4,MUNICIPIUL PLOIESTI,,5,,306,618
30,63,2,1743,1261,1210,51,1256,5,MUNICIPIUL PLOIESTI,,5,,414,842
30,64,2,1718,1446,1192,254,1441,5,MUNICIPIUL PLOIESTI,,5,,492,949
30,65,2,1801,1370,1295,75,1358,12,MUNICIPIUL PLOIESTI,,5,,496,862
30,66,2,1606,1200,1136,64,1199,1,MUNICIPIUL PLOIESTI,,5,,500,699
30,67,2,1666,1244,1123,121,1236,8,MUNICIPIUL PLOIESTI,,5,,446,790
30,68,2,1822,1351,1279,72,1344,7,MUNICIPIUL PLOIESTI,,5,,554,790
30,69,2,1473,1116,1047,69,1113,3,MUNICIPIUL PLOIESTI,,5,,415,698
30,70,2,1462,1140,1084,56,1134,6,MUNICIPIUL PLOIESTI,,5,,418,716
30,71,2,1360,1171,1109,62,1168,3,MUNICIPIUL PLOIESTI,,5,,418,750
30,72,2,1667,1219,1159,60,1213,6,MUNICIPIUL PLOIESTI,,5,,482,731
30,73,2,1670,1100,1054,46,1097,3,MUNICIPIUL PLOIESTI,,5,,448,649
30,74,2,1920,1437,1287,150,1432,5,MUNICIPIUL PLOIESTI,,5,,533,899
30,75,2,1764,1219,1100,119,1212,7,MUNICIPIUL PLOIESTI,,5,,438,774
30,76,2,1887,1250,1161,89,1248,2,MUNICIPIUL PLOIESTI,,5,,486,762
30,77,2,1684,1211,1110,101,1204,7,MUNICIPIUL PLOIESTI,,5,,367,837
30,78,2,1836,1142,1071,71,1132,10,MUNICIPIUL PLOIESTI,,5,,479,653
30,79,2,1271,924,845,79,918,6,MUNICIPIUL PLOIESTI,,5,,309,609
30,80,2,1811,1340,1244,96,1331,9,MUNICIPIUL PLOIESTI,,5,,544,787
30,81,2,1934,1450,1364,86,1438,12,MUNICIPIUL PLOIESTI,,5,,541,897
30,82,2,1964,1328,1231,97,1326,2,MUNICIPIUL PLOIESTI,,5,,492,834
30,83,2,1933,1353,1261,92,1347,6,MUNICIPIUL PLOIESTI,,5,,487,860
30,84,2,2152,1512,1442,70,1504,8,MUNICIPIUL PLOIESTI,,5,,574,930
30,85,2,1211,902,855,47,899,3,MUNICIPIUL PLOIESTI,,5,,343,556
30,86,2,1666,1316,1201,115,1312,4,MUNICIPIUL PLOIESTI,,5,,484,828
30,87,2,2202,1483,1391,92,1480,3,MUNICIPIUL PLOIESTI,,5,,523,957
30,88,2,1656,1235,1172,63,1229,4,MUNICIPIUL PLOIESTI,,5,,415,814
30,89,2,2078,1536,1462,74,1532,4,MUNICIPIUL PLOIESTI,,5,,551,981
30,90,2,1559,1187,1104,83,1172,6,MUNICIPIUL PLOIESTI,,5,,411,761
30,91,2,1760,1295,1177,118,1290,5,MUNICIPIUL PLOIESTI,,5,,505,785
30,92,2,1568,1186,1082,104,1186,0,MUNICIPIUL PLOIESTI,,5,,466,720
30,93,2,914,688,635,53,685,3,MUNICIPIUL PLOIESTI,,5,,273,412
30,94,2,829,685,607,78,682,3,MUNICIPIUL PLOIESTI,,5,,231,451
30,95,2,657,434,391,43,433,1,MUNICIPIUL PLOIESTI,,5,,149,284
30,96,2,2016,1550,1468,82,1541,9,MUNICIPIUL PLOIESTI,,5,,590,951
30,97,2,1950,1582,1463,119,1572,10,MUNICIPIUL PLOIESTI,,5,,606,966
30,98,2,1996,1344,1250,94,1337,7,MUNICIPIUL PLOIESTI,,5,,512,825
30,99,2,1658,1112,1026,86,1104,8,MUNICIPIUL PLOIESTI,,5,,388,716
30,100,2,1185,1117,884,233,1114,3,MUNICIPIUL PLOIESTI,,5,,431,683
30,101,2,1856,1219,1137,82,1212,7,MUNICIPIUL PLOIESTI,,5,,451,761
30,102,2,1520,1109,1034,75,1105,4,MUNICIPIUL PLOIESTI,,5,,439,666
30,103,2,1654,1288,1129,159,1281,7,MUNICIPIUL PLOIESTI,,5,,494,787
30,104,2,2071,1640,1507,133,1634,6,MUNICIPIUL PLOIESTI,,5,,630,1004
30,105,2,1209,977,870,107,968,7,MUNICIPIUL PLOIESTI,,5,,358,610
30,106,2,1857,1488,1382,106,1483,4,MUNICIPIUL PLOIESTI,,5,,521,962
30,107,2,1707,1397,1286,111,1392,5,MUNICIPIUL PLOIESTI,,5,,411,981
30,108,2,1650,1389,1307,82,1384,5,MUNICIPIUL PLOIESTI,,5,,445,939
30,109,2,1587,1238,1168,70,1232,6,MUNICIPIUL PLOIESTI,,5,,436,796
30,110,2,1299,1029,930,99,1028,1,MUNICIPIUL PLOIESTI,,5,,423,605
30,111,2,1176,928,863,65,924,4,MUNICIPIUL PLOIESTI,,5,,382,542
30,112,2,1499,1255,1089,166,1253,2,MUNICIPIUL PLOIESTI,,5,,412,841
30,113,2,1570,1271,1208,63,1267,4,MUNICIPIUL PLOIESTI,,5,,471,796
30,114,2,1214,893,848,45,890,3,MUNICIPIUL PLOIESTI,,5,,360,530
30,115,2,1113,899,776,123,896,3,MUNICIPIUL PLOIESTI,,5,,365,531
30,116,2,1119,865,813,52,861,4,MUNICIPIUL PLOIESTI,,5,,313,548
30,117,2,1412,993,923,70,977,16,MUNICIPIUL PLOIESTI,,5,,430,547
30,118,2,1369,1045,978,67,1039,6,MUNICIPIUL PLOIESTI,,5,,415,624
30,119,2,1114,869,818,51,868,1,MUNICIPIUL PLOIESTI,,5,,380,488
30,120,2,1094,864,798,66,860,4,MUNICIPIUL PLOIESTI,,5,,350,510
30,121,2,1703,1227,1126,101,1225,2,MUNICIPIUL PLOIESTI,,5,,433,792
30,122,2,1409,1146,1064,82,1140,5,MUNICIPIUL PLOIESTI,,5,,431,709
30,123,2,1110,908,847,61,903,5,MUNICIPIUL PLOIESTI,,5,,346,557
30,124,2,1358,1108,1020,88,1104,4,MUNICIPIUL PLOIESTI,,5,,429,675
30,125,2,1629,1224,1144,80,1219,5,MUNICIPIUL PLOIESTI,,5,,450,769
30,126,2,1418,1159,1049,110,1155,4,MUNICIPIUL PLOIESTI,,5,,397,758
30,127,2,1611,1209,1147,62,1204,5,MUNICIPIUL PLOIESTI,,5,,519,685
30,128,2,1779,1381,1303,78,1371,10,MUNICIPIUL PLOIESTI,,5,,645,726
30,129,2,1848,1366,1241,125,1362,4,MUNICIPIUL PLOIESTI,,5,,539,823
30,130,2,819,615,525,90,607,8,MUNICIPIUL PLOIESTI,,5,,233,374
30,131,2,0,330,0,330,329,1,MUNICIPIUL PLOIESTI,,5,,129,200
30,132,2,0,209,0,209,208,1,MUNICIPIUL PLOIESTI,,5,,119,89
30,133,2,0,291,0,291,289,2,MUNICIPIUL PLOIESTI,,5,,89,200
30,134,2,0,266,0,266,265,1,MUNICIPIUL PLOIESTI,,5,,125,140
30,135,2,0,171,0,171,171,0,MUNICIPIUL PLOIESTI,,5,,63,108
30,136,2,0,119,0,119,119,0,MUNICIPIUL PLOIESTI,,5,,37,82
30,137,2,0,527,0,527,518,9,MUNICIPIUL PLOIESTI,,5,,172,346
30,138,2,0,202,0,202,200,2,MUNICIPIUL PLOIESTI,,5,,121,79
30,139,2,0,707,0,707,698,9,MUNICIPIUL PLOIESTI,,5,,283,415
30,140,2,0,276,0,276,275,1,MUNICIPIUL PLOIESTI,,5,,74,201
30,141,2,0,1139,0,1139,1133,6,MUNICIPIUL PLOIESTI,,5,,400,733
30,142,2,0,376,0,376,374,2,MUNICIPIUL PLOIESTI,,5,,98,276
30,143,2,1501,1223,1160,63,1218,5,MUNICIPIUL CAMPINA,,5,,423,795
30,144,2,917,780,712,68,776,4,MUNICIPIUL CAMPINA,,5,,297,479
30,145,2,1889,1758,1418,340,1751,7,MUNICIPIUL CAMPINA,,5,,639,1112
30,146,2,1138,938,829,109,931,7,MUNICIPIUL CAMPINA,,5,,333,598
30,147,2,1249,1044,914,130,1038,6,MUNICIPIUL CAMPINA,,5,,377,661
30,148,2,1408,1118,999,119,1115,3,MUNICIPIUL CAMPINA,,5,,407,708
30,149,2,1679,1257,1176,81,1246,11,MUNICIPIUL CAMPINA,,5,,436,810
30,150,2,1178,916,859,57,909,7,MUNICIPIUL CAMPINA,,5,,331,578
30,151,2,1606,1168,1131,37,1164,4,MUNICIPIUL CAMPINA,,5,,476,688
30,152,2,1134,880,826,54,875,5,MUNICIPIUL CAMPINA,,5,,320,555
30,153,2,1439,1117,1017,100,1110,7,MUNICIPIUL CAMPINA,,5,,409,701
30,154,2,1356,1100,1007,93,1099,1,MUNICIPIUL CAMPINA,,5,,370,729
30,155,2,1309,1053,936,117,1051,2,MUNICIPIUL CAMPINA,,5,,394,657
30,156,2,2142,1546,1435,111,1541,5,MUNICIPIUL CAMPINA,,5,,525,1016
30,157,2,1447,1089,1034,55,1085,4,MUNICIPIUL CAMPINA,,5,,373,712
30,158,2,1783,1499,1319,180,1489,10,MUNICIPIUL CAMPINA,,5,,494,995
30,159,2,895,868,649,219,856,12,MUNICIPIUL CAMPINA,,5,,344,512
30,160,2,1313,1044,963,81,1038,6,MUNICIPIUL CAMPINA,,5,,353,685
30,161,2,1378,1132,1049,83,1129,3,MUNICIPIUL CAMPINA,,5,,427,702
30,162,2,1538,1377,1129,248,1373,4,MUNICIPIUL CAMPINA,,5,,550,823
30,163,2,1346,1223,956,267,1215,8,MUNICIPIUL CAMPINA,,5,,479,736
30,164,2,1403,1114,914,200,1103,11,MUNICIPIUL CAMPINA,,5,,371,732
30,165,2,1657,1282,1219,63,1274,8,MUNICIPIUL CAMPINA,,5,,488,786
30,166,2,0,939,0,939,931,8,MUNICIPIUL CAMPINA,,5,,565,366
30,167,2,0,546,0,546,543,3,MUNICIPIUL CAMPINA,,5,,260,283
30,168,2,0,51,0,51,48,3,MUNICIPIUL CAMPINA,,5,,17,31
30,169,2,1700,1446,1211,235,1438,8,ORAS AZUGA,,5,,587,851
30,170,2,1083,956,716,240,946,10,ORAS AZUGA,,5,,417,529
30,171,2,1531,1285,1072,213,1280,5,ORAS AZUGA,,5,,547,733
30,172,2,1816,1376,1237,139,1372,4,ORAS BAICOI,,5,,666,706
30,173,2,1874,1459,1346,113,1451,8,ORAS BAICOI,,5,,633,818
30,174,2,1066,1178,759,419,1170,8,ORAS BAICOI,,5,,507,663
30,175,2,1181,865,795,70,865,0,ORAS BAICOI,,5,,378,487
30,176,2,2404,1760,1611,149,1755,5,ORAS BAICOI,,5,,658,1097
30,177,2,1575,1149,1075,74,1140,9,ORAS BAICOI,,5,,510,630
30,178,2,1282,1045,867,178,1040,5,ORAS BAICOI,,5,,437,603
30,179,2,1106,786,745,41,778,8,ORAS BAICOI,,5,,349,429
30,180,2,1264,945,863,82,939,5,ORAS BAICOI,,5,,507,432
30,181,2,1091,888,820,68,880,8,ORAS BAICOI,,5,,471,409
30,182,2,1073,772,699,73,770,2,ORAS BAICOI,,5,,432,338
30,183,2,0,68,0,68,68,0,ORAS BAICOI,,5,,26,42
30,184,2,1186,925,803,122,917,8,ORAS BOLDESTI-SCAENI,,5,,355,562
30,185,2,1657,1225,1159,66,1220,5,ORAS BOLDESTI-SCAENI,,5,,424,796
30,186,2,1470,1013,949,64,1008,5,ORAS BOLDESTI-SCAENI,,5,,329,679
30,187,2,1245,944,836,108,937,7,ORAS BOLDESTI-SCAENI,,5,,358,579
30,188,2,1128,869,765,104,866,3,ORAS BOLDESTI-SCAENI,,5,,330,536
30,189,2,1122,832,762,70,828,4,ORAS BOLDESTI-SCAENI,,5,,341,487
30,190,2,890,594,527,67,591,3,ORAS BOLDESTI-SCAENI,,5,,244,347
30,191,2,0,270,0,270,270,0,ORAS BOLDESTI-SCAENI,,5,,155,115
30,192,2,1533,1189,1062,127,1181,8,ORAS BREAZA,,5,,531,650
30,193,2,1040,854,759,95,848,6,ORAS BREAZA,,5,,410,438
30,194,2,1092,878,765,113,873,5,ORAS BREAZA,,5,,444,429
30,195,2,1433,1180,1053,127,1175,5,ORAS BREAZA,,5,,559,616
30,196,2,1600,1091,893,198,1084,7,ORAS BREAZA,,5,,457,627
30,197,2,1633,1278,1111,167,1274,4,ORAS BREAZA,,5,,633,641
30,198,2,1089,833,739,94,828,5,ORAS BREAZA,,5,,319,509
30,199,2,1050,810,745,65,804,6,ORAS BREAZA,,5,,304,500
30,200,2,1321,1084,988,96,1081,3,ORAS BREAZA,,5,,509,572
30,201,2,1028,824,702,122,815,9,ORAS BREAZA,,5,,410,405
30,202,2,1118,888,763,125,878,10,ORAS BREAZA,,5,,478,400
30,203,2,1147,835,765,70,826,9,ORAS BREAZA,,5,,452,374
30,204,2,0,153,0,153,152,1,ORAS BREAZA,,5,,36,116
30,205,2,1233,1033,837,196,1029,4,ORAS BUSTENI,,5,,351,678
30,206,2,1162,1129,809,320,1123,6,ORAS BUSTENI,,5,,411,712
30,207,2,900,836,673,163,831,5,ORAS BUSTENI,,5,,300,531
30,208,2,1153,990,842,148,984,6,ORAS BUSTENI,,5,,310,674
30,209,2,1156,984,772,212,982,2,ORAS BUSTENI,,5,,399,583
30,210,2,1241,1191,875,316,1184,7,ORAS BUSTENI,,5,,474,710
30,211,2,1292,1040,875,165,1037,3,ORAS BUSTENI,,5,,411,626
30,212,2,1324,1125,964,161,1121,4,ORAS BUSTENI,,5,,441,680
30,213,2,1585,1223,1015,208,1217,6,ORAS COMARNIC,,5,,625,592
30,214,2,917,685,629,56,678,7,ORAS COMARNIC,,5,,372,306
30,215,2,1404,917,860,57,907,10,ORAS COMARNIC,,5,,473,434
30,216,2,1547,1026,950,76,1012,14,ORAS COMARNIC,,5,,584,428
30,217,2,861,671,612,59,665,6,ORAS COMARNIC,,5,,387,278
30,218,2,508,407,387,20,406,1,ORAS COMARNIC,,5,,234,172
30,219,2,1579,1050,990,60,1043,7,ORAS COMARNIC,,5,,514,529
30,220,2,1130,799,722,77,796,3,ORAS COMARNIC,,5,,493,303
30,221,2,1091,851,721,130,845,6,ORAS COMARNIC,,5,,467,378
30,222,2,1727,1352,1058,294,1345,7,ORAS MIZIL,,5,,727,618
30,223,2,2190,1605,1411,194,1585,20,ORAS MIZIL,,5,,988,597
30,224,2,2404,1355,1211,144,1347,8,ORAS MIZIL,,5,,710,637
30,225,2,1889,1353,1216,137,1347,6,ORAS MIZIL,,5,,682,665
30,226,2,1871,1325,1175,150,1319,6,ORAS MIZIL,,5,,705,614
30,227,2,1346,992,869,123,987,5,ORAS MIZIL,,5,,503,484
30,228,2,1263,918,860,58,918,0,ORAS MIZIL,,5,,492,426
30,229,2,0,0,0,0,0,0,ORAS MIZIL,,5,,0,0
30,230,2,1335,1192,1019,173,1187,5,ORAS PLOPENI,,5,,668,519
30,231,2,1511,1411,1127,284,1406,5,ORAS PLOPENI,,5,,832,574
30,232,2,1503,1181,1102,79,1178,3,ORAS PLOPENI,,5,,626,552
30,233,2,1517,1089,977,112,1080,9,ORAS PLOPENI,,5,,655,425
30,234,2,1430,1094,1029,65,1091,3,ORAS PLOPENI,,5,,611,480
30,235,2,0,77,0,77,76,1,ORAS PLOPENI,,5,,35,41
30,236,2,1250,1680,887,793,1673,7,ORAS SINAIA,,5,,602,1071
30,237,2,1270,1330,953,377,1324,6,ORAS SINAIA,,5,,459,865
30,238,2,1003,1106,729,377,1100,6,ORAS SINAIA,,5,,355,745
30,239,2,1179,956,831,125,947,9,ORAS SINAIA,,5,,349,598
30,240,2,1068,943,796,147,938,5,ORAS SINAIA,,5,,401,537
30,241,2,1019,875,764,111,864,11,ORAS SINAIA,,5,,353,511
30,242,2,1497,1309,1113,196,1302,7,ORAS SINAIA,,5,,468,834
30,243,2,1595,1317,1179,138,1311,6,ORAS SINAIA,,5,,463,848
30,244,2,1114,890,796,94,885,5,ORAS SINAIA,,5,,259,626
30,245,2,756,646,560,86,640,6,ORAS SINAIA,,5,,230,410
30,246,2,0,458,0,458,454,4,ORAS SINAIA,,5,,181,273
30,247,2,1297,1034,968,66,1024,10,ORAS SLANIC,,5,,695,329
30,248,2,1314,1157,973,184,1148,9,ORAS SLANIC,,5,,574,574
30,249,2,1869,1406,1305,101,1394,12,ORAS SLANIC,,5,,800,594
30,250,2,1534,1254,1162,92,1247,7,ORAS SLANIC,,5,,944,303
30,251,2,1186,829,782,47,822,7,ORAS URLATI,,5,,342,480
30,252,2,1524,1153,1041,112,1144,9,ORAS URLATI,,5,,557,587
30,253,2,1280,901,798,103,896,5,ORAS URLATI,,5,,424,472
30,254,2,1318,919,832,87,909,10,ORAS URLATI,,5,,493,416
30,255,2,1522,972,887,85,965,7,ORAS URLATI,,5,,459,506
30,256,2,1183,827,741,86,821,6,ORAS URLATI,,5,,400,421
30,257,2,875,526,425,101,516,10,ORAS URLATI,,5,,267,249
30,258,2,1534,1160,1048,112,1153,7,ORAS VALENII DE MUNTE,,5,,596,557
30,259,2,1535,1155,1027,128,1145,10,ORAS VALENII DE MUNTE,,5,,588,557
30,260,2,1453,1083,1025,58,1077,6,ORAS VALENII DE MUNTE,,5,,618,459
30,261,2,1598,1333,1170,163,1326,7,ORAS VALENII DE MUNTE,,5,,702,624
30,262,2,979,747,704,43,742,4,ORAS VALENII DE MUNTE,,5,,420,322
30,263,2,1241,860,794,66,858,2,ORAS VALENII DE MUNTE,,5,,451,407
30,264,2,1387,1087,994,93,1078,9,ORAS VALENII DE MUNTE,,5,,550,528
30,265,2,790,608,552,56,600,8,ORAS VALENII DE MUNTE,,5,,363,237
30,266,2,1813,1411,1346,65,1397,14,ADUNATI,,5,,856,541
30,267,2,1576,1077,907,170,1061,16,ALBESTI-PALEOLOGU,,5,,469,592
30,268,2,1694,1120,915,205,1108,12,ALBESTI-PALEOLOGU,,5,,459,649
30,269,2,816,656,520,136,653,3,ALBESTI-PALEOLOGU,,5,,243,410
30,270,2,624,536,465,71,532,4,ALBESTI-PALEOLOGU,,5,,280,252
30,271,2,1467,1151,935,216,1145,6,ALUNIS,,5,,735,410
30,272,2,752,576,461,115,567,9,ALUNIS,,5,,360,207
30,273,2,838,676,497,179,671,5,ALUNIS,,5,,435,236
30,274,2,1885,1068,948,120,1052,16,APOSTOLACHE,,5,,594,458
30,275,2,1065,769,676,93,760,9,ARICESTII RAHTIVANI,,5,,310,450
30,276,2,1056,725,624,101,720,5,ARICESTII RAHTIVANI,,5,,261,459
30,277,2,1854,1356,1211,145,1344,12,ARICESTII RAHTIVANI,,5,,698,646
30,278,2,219,276,146,130,275,1,ARICESTII RAHTIVANI,,5,,165,110
30,279,2,950,715,598,117,710,5,ARICESTII RAHTIVANI,,5,,381,329
30,280,2,982,791,683,108,781,10,ARICESTII RAHTIVANI,,5,,434,347
30,281,2,62,70,58,12,70,0,ARICESTII RAHTIVANI,,5,,33,37
30,282,2,1246,739,645,94,734,4,ARICESTII ZELETIN,,5,,493,241
30,283,2,1633,1120,1024,96,1111,8,BABA ANA,,5,,717,394
30,284,2,1006,780,702,78,771,9,BABA ANA,,5,,554,217
30,285,2,761,511,455,56,505,6,BABA ANA,,5,,340,165
30,286,2,1195,992,916,76,976,16,BALTA DOAMNEI,,5,,519,457
30,287,2,953,673,580,93,661,12,BALTA DOAMNEI,,5,,446,215
30,288,2,1188,869,737,132,858,11,BALTESTI,,5,,320,538
30,289,2,1492,989,918,71,978,11,BALTESTI,,5,,431,547
30,290,2,1205,1014,844,170,1002,12,BANESTI,,5,,444,558
30,291,2,1103,975,786,189,971,4,BANESTI,,5,,373,598
30,292,2,936,802,662,140,797,5,BANESTI,,5,,397,400
30,293,2,875,850,675,175,844,6,BANESTI,,5,,463,381
30,294,2,1188,631,504,127,620,11,BARCANESTI,,5,,229,391
30,295,2,1001,776,574,202,768,8,BARCANESTI,,5,,300,468
30,296,2,1685,1143,935,208,1133,10,BARCANESTI,,5,,448,685
30,297,2,1282,872,751,121,863,9,BARCANESTI,,5,,305,558
30,298,2,1103,856,706,150,846,10,BARCANESTI,,5,,350,496
30,299,2,490,402,312,90,399,3,BARCANESTI,,5,,199,200
30,300,2,1223,661,563,98,655,6,BERCENI,,5,,303,352
30,301,2,662,662,576,86,654,8,BERCENI,,5,,256,398
30,302,2,1035,831,725,106,821,10,BERCENI,,5,,316,505
30,303,2,346,314,269,45,310,4,BERCENI,,5,,130,180
30,304,2,446,378,264,114,371,7,BERCENI,,5,,185,186
30,305,2,527,479,367,112,475,4,BERCENI,,5,,200,275
30,306,2,0,149,0,149,147,2,BERCENI,,5,,69,78
30,307,2,1595,1060,972,88,1051,9,BERTEA,,5,,854,197
30,308,2,1268,823,770,53,821,2,BERTEA,,5,,706,115
30,309,2,1427,1010,771,239,1000,10,BLEJOI,,5,,365,635
30,310,2,1412,960,668,292,949,11,BLEJOI,,5,,352,597
30,311,2,1121,736,585,151,729,7,BLEJOI,,5,,285,444
30,312,2,1076,771,577,194,763,8,BLEJOI,,5,,252,511
30,313,2,934,884,454,430,879,5,BLEJOI,,5,,392,487
30,314,2,934,717,667,50,705,12,BOLDESTI-GRADISTEA,,5,,480,225
30,315,2,913,675,623,52,668,7,BOLDESTI-GRADISTEA,,5,,476,192
30,316,2,1615,1181,969,212,1177,4,BRAZI,,5,,487,690
30,317,2,1275,983,857,126,977,6,BRAZI,,5,,450,527
30,318,2,1400,980,862,118,972,8,BRAZI,,5,,404,568
30,319,2,449,307,246,61,300,7,BRAZI,,5,,133,167
30,320,2,1428,1138,981,157,1124,14,BRAZI,,5,,648,476
30,321,2,0,621,0,621,616,5,BRAZI,,5,,257,359
30,322,2,864,632,600,32,626,6,BREBU,,5,,357,269
30,323,2,1452,1024,957,67,1019,5,BREBU,,5,,532,487
30,324,2,1571,1093,1018,75,1083,10,BREBU,,5,,603,480
30,325,2,1258,909,853,56,900,9,BREBU,,5,,529,371
30,326,2,1092,674,636,38,669,5,BREBU,,5,,474,195
30,327,2,1600,1107,924,183,1097,10,BUCOV,,5,,459,638
30,328,2,2039,1135,946,189,1135,0,BUCOV,,5,,439,696
30,329,2,1045,800,662,138,795,5,BUCOV,,5,,321,474
30,330,2,1076,848,702,146,839,9,BUCOV,,5,,316,523
30,331,2,984,737,572,165,726,11,BUCOV,,5,,320,406
30,332,2,840,690,449,241,682,8,BUCOV,,5,,158,524
30,333,2,0,108,0,108,104,4,BUCOV,,5,,54,50
30,334,2,1173,818,689,129,807,11,CALUGARENI,,5,,455,352
30,335,2,1550,984,896,88,973,11,CARBUNESTI,,5,,639,334
30,336,2,2174,1396,1262,134,1380,16,CEPTURA,,5,,881,499
30,337,2,690,482,363,119,480,2,CEPTURA,,5,,341,139
30,338,2,793,480,419,61,476,4,CEPTURA,,5,,324,152
30,339,2,1001,619,549,70,610,9,CEPTURA,,5,,357,253
30,340,2,2044,1474,1362,112,1465,9,CERASU,,5,,1031,434
30,341,2,1740,1220,1137,83,1208,12,CERASU,,5,,989,219
30,342,2,1079,681,620,61,669,12,CHIOJDEANCA,,5,,356,313
30,343,2,483,397,265,132,391,6,CHIOJDEANCA,,5,,240,151
30,344,2,1023,771,725,46,766,5,CIORANI,,5,,518,248
30,345,2,1742,1172,1067,105,1149,23,CIORANI,,5,,763,386
30,346,2,1033,789,690,99,776,13,CIORANI,,5,,553,223
30,347,2,904,769,706,63,760,9,CIORANI,,5,,518,242
30,348,2,1011,795,717,78,790,5,CIORANI,,5,,544,246
30,349,2,0,94,0,94,94,0,CIORANI,,5,,76,18
30,350,2,1678,1263,1180,83,1259,4,COCORASTII MISLII,,5,,881,378
30,351,2,1211,1024,874,150,1015,9,COCORASTII MISLII,,5,,744,271
30,352,2,2175,1212,1095,117,1203,9,COLCEAG,,5,,756,447
30,353,2,1938,1164,1071,93,1153,11,COLCEAG,,5,,680,473
30,354,2,1139,777,699,78,766,11,COLCEAG,,5,,600,166
30,355,2,1352,958,879,79,954,4,CORNU,,5,,443,511
30,356,2,1292,1017,937,80,1014,3,CORNU,,5,,504,510
30,357,2,838,676,616,60,668,8,CORNU,,5,,358,310
30,358,2,1127,828,741,87,822,6,COSMINELE,,5,,514,308
30,359,2,1230,823,710,113,821,2,DRAJNA,,5,,438,383
30,360,2,1098,703,587,116,698,5,DRAJNA,,5,,398,300
30,361,2,653,500,436,64,497,3,DRAJNA,,5,,342,155
30,362,2,1700,1143,1022,121,1132,11,DRAJNA,,5,,784,348
30,363,2,0,171,0,171,169,2,DRAJNA,,5,,68,101
30,364,2,929,658,548,110,649,9,DRAGANESTI,,5,,282,367
30,365,2,753,640,564,76,631,9,DRAGANESTI,,5,,291,340
30,366,2,757,634,568,66,630,4,DRAGANESTI,,5,,370,260
30,367,2,516,412,337,75,401,11,DRAGANESTI,,5,,206,195
30,368,2,493,440,333,107,436,4,DRAGANESTI,,5,,212,224
30,369,2,488,414,363,51,411,3,DRAGANESTI,,5,,208,203
30,370,2,1507,1007,877,130,999,8,DUMBRAVA,,5,,559,440
30,371,2,660,549,432,117,545,4,DUMBRAVA,,5,,279,266
30,372,2,1249,831,657,174,819,12,DUMBRAVA,,5,,354,465
30,373,2,1622,1155,964,191,1148,7,DUMBRAVESTI,,5,,703,445
30,374,2,1203,937,801,136,927,10,DUMBRAVESTI,,5,,525,402
30,375,2,1100,670,551,119,665,5,FILIPESTII DE PADURE,,5,,306,359
30,376,2,1391,869,718,151,862,7,FILIPESTII DE PADURE,,5,,471,391
30,377,2,1789,1312,1137,175,1302,10,FILIPESTII DE PADURE,,5,,624,678
30,378,2,1113,749,565,184,743,6,FILIPESTII DE PADURE,,5,,303,440
30,379,2,1544,1053,775,278,1047,6,FILIPESTII DE PADURE,,5,,336,711
30,380,2,1019,711,542,169,706,5,FILIPESTII DE PADURE,,5,,418,288
30,381,2,1110,743,594,149,738,5,FILIPESTII DE TARG,,5,,332,406
30,382,2,1006,707,589,118,701,6,FILIPESTII DE TARG,,5,,324,377
30,383,2,1359,997,843,154,990,7,FILIPESTII DE TARG,,5,,438,552
30,384,2,738,550,424,126,548,2,FILIPESTII DE TARG,,5,,237,311
30,385,2,1498,864,686,178,846,18,FILIPESTII DE TARG,,5,,418,428
30,386,2,1836,1201,1097,104,1191,10,FANTANELE,,5,,675,516
30,387,2,1440,1040,900,140,1028,12,FANTANELE,,5,,519,509
30,388,2,1092,907,616,291,902,5,FLORESTI,,5,,338,564
30,389,2,1442,1135,823,312,1120,15,FLORESTI,,5,,490,630
30,390,2,992,797,644,153,796,1,FLORESTI,,5,,389,407
30,391,2,813,601,490,111,596,5,FLORESTI,,5,,308,288
30,392,2,876,712,598,114,706,6,FLORESTI,,5,,377,329
30,393,2,1454,1036,918,118,1026,10,FULGA,,5,,744,282
30,394,2,1796,1429,1287,142,1409,20,FULGA,,5,,1041,368
30,395,2,1200,733,590,143,717,16,GHERGHITA,,5,,409,308
30,396,2,366,311,252,59,308,3,GHERGHITA,,5,,176,132
30,397,2,771,535,331,204,529,6,GHERGHITA,,5,,305,224
30,398,2,941,645,440,205,639,6,GHERGHITA,,5,,387,252
30,399,2,1012,757,623,134,750,7,GORGOTA,,5,,330,420
30,400,2,1294,872,720,152,865,7,GORGOTA,,5,,380,485
30,401,2,1235,851,738,113,843,8,GORGOTA,,5,,334,509
30,402,2,852,675,570,105,670,5,GORGOTA,,5,,274,396
30,403,2,932,563,530,33,558,5,GORNET,,5,,252,306
30,404,2,1025,721,666,55,714,7,GORNET,,5,,330,384
30,405,2,370,266,235,31,262,4,GORNET,,5,,112,150
30,406,2,220,171,147,24,167,4,GORNET,,5,,54,113
30,407,2,969,612,538,74,604,8,GORNET-CRICOV,,5,,309,295
30,408,2,1228,650,598,52,646,4,GORNET-CRICOV,,5,,316,330
30,409,2,1249,857,699,158,846,11,GURA VADULUI,,5,,455,391
30,410,2,820,597,511,86,588,9,GURA VADULUI,,5,,332,256
30,411,2,1548,1042,925,117,1035,7,GURA VITIOAREI,,5,,601,434
30,412,2,746,484,429,55,477,7,GURA VITIOAREI,,5,,243,234
30,413,2,594,474,431,43,468,6,GURA VITIOAREI,,5,,237,231
30,414,2,973,660,599,61,646,14,GURA VITIOAREI,,5,,372,274
30,415,2,742,611,548,63,597,14,GURA VITIOAREI,,5,,371,226
30,416,2,924,584,502,82,578,6,IORDACHEANU,,5,,305,273
30,417,2,877,540,440,100,537,3,IORDACHEANU,,5,,248,289
30,418,2,1017,699,607,92,694,5,IORDACHEANU,,5,,427,267
30,419,2,995,576,480,96,561,15,IORDACHEANU,,5,,199,362
30,420,2,1920,1391,1249,142,1388,3,IZVOARELE,,5,,840,548
30,421,2,1818,1239,1089,150,1232,7,IZVOARELE,,5,,761,471
30,422,2,580,531,381,150,529,2,IZVOARELE,,5,,310,219
30,423,2,987,800,728,72,795,5,IZVOARELE,,5,,616,179
30,424,2,689,514,443,71,509,5,JUGURENI,,5,,321,188
30,425,2,1208,672,614,58,664,8,LAPOS,,5,,450,214
30,426,2,1093,795,635,160,790,5,LIPANESTI,,5,,290,500
30,427,2,969,755,639,116,746,9,LIPANESTI,,5,,372,374
30,428,2,1596,1226,943,283,1218,8,LIPANESTI,,5,,460,758
30,429,2,1719,1324,1145,179,1316,8,MAGURELE,,5,,538,778
30,430,2,1294,911,840,71,907,4,MAGURELE,,5,,417,490
30,431,2,608,506,445,61,498,8,MAGURELE,,5,,293,205
30,432,2,1363,957,858,99,954,3,MAGURENI,,5,,513,441
30,433,2,965,712,643,69,703,9,MAGURENI,,5,,387,316
30,434,2,1515,897,836,61,890,7,MAGURENI,,5,,475,415
30,435,2,737,606,508,98,598,8,MAGURENI,,5,,328,270
30,436,2,665,515,431,84,511,4,MAGURENI,,5,,212,299
30,437,2,1361,1069,803,266,1061,8,MANECIU,,5,,792,269
30,438,2,934,1109,576,533,1102,7,MANECIU,,5,,699,403
30,439,2,748,700,492,208,692,8,MANECIU,,5,,499,193
30,440,2,1226,1036,678,358,1032,4,MANECIU,,5,,649,383
30,441,2,1362,1111,683,428,1100,11,MANECIU,,5,,742,358
30,442,2,1878,1032,978,54,1027,5,MANECIU,,5,,600,427
30,443,2,246,428,182,246,424,4,MANECIU,,5,,259,165
30,444,2,1640,947,819,128,939,8,MANESTI,,5,,443,496
30,445,2,783,513,451,62,499,14,MANESTI,,5,,255,244
30,446,2,829,516,459,57,512,4,MANESTI,,5,,302,210
30,447,2,1018,702,629,73,688,14,MANESTI,,5,,317,371
30,448,2,1426,962,820,142,946,16,MANESTI,,5,,369,577
30,449,2,1122,646,514,132,640,6,PACURETI,,5,,384,256
30,450,2,674,485,388,97,479,6,PACURETI,,5,,229,250
30,451,2,1025,700,607,93,694,6,PAULESTI,,5,,275,419
30,452,2,789,736,562,174,728,8,PAULESTI,,5,,289,439
30,453,2,600,451,377,74,448,3,PAULESTI,,5,,160,288
30,454,2,815,597,516,81,593,4,PAULESTI,,5,,280,313
30,455,2,737,679,510,169,675,4,PAULESTI,,5,,329,346
30,456,2,963,543,463,80,534,9,PLOPU,,5,,294,240
30,457,2,789,438,394,44,433,5,PLOPU,,5,,243,190
30,458,2,1083,641,521,120,635,6,PODENII NOI,,5,,273,362
30,459,2,1343,990,836,154,981,9,PODENII NOI,,5,,446,535
30,460,2,1089,703,557,146,703,0,PODENII NOI,,5,,328,375
30,461,2,1079,961,706,255,956,5,POIANA CAMPINA,,5,,482,474
30,462,2,1668,1348,990,358,1347,1,POIANA CAMPINA,,5,,596,751
30,463,2,464,414,327,87,411,3,POIANA CAMPINA,,5,,198,213
30,464,2,684,617,411,206,615,2,POIANA CAMPINA,,5,,250,365
30,465,2,1200,783,610,173,769,14,POIENARII BURCHII,,5,,329,440
30,466,2,482,489,227,262,485,4,POIENARII BURCHII,,5,,192,293
30,467,2,1007,839,640,199,832,7,POIENARII BURCHII,,5,,388,444
30,468,2,1295,826,666,160,811,15,POIENARII BURCHII,,5,,492,319
30,469,2,370,370,223,147,368,2,POIENARII BURCHII,,5,,214,154
30,470,2,839,610,524,86,601,9,POSESTI,,5,,320,281
30,471,2,1250,885,816,69,880,5,POSESTI,,5,,579,301
30,472,2,672,488,455,33,483,5,POSESTI,,5,,360,123
30,473,2,599,458,418,40,453,5,POSESTI,,5,,309,144
30,474,2,851,647,549,98,639,8,PREDEAL-SARARI,,5,,309,330
30,475,2,204,167,120,47,166,1,PREDEAL-SARARI,,5,,125,41
30,476,2,988,691,609,82,684,7,PREDEAL-SARARI,,5,,401,283
30,477,2,1062,791,689,102,781,10,PROVITA DE JOS,,5,,378,403
30,478,2,963,712,619,93,705,7,PROVITA DE JOS,,5,,364,341
30,479,2,1695,1204,1085,119,1187,17,PROVITA DE SUS,,5,,609,578
30,480,2,391,320,263,57,313,7,PROVITA DE SUS,,5,,193,120
30,481,2,1258,888,750,138,878,10,PUCHENII MARI,,5,,409,469
30,482,2,1022,681,622,59,674,7,PUCHENII MARI,,5,,339,335
30,483,2,939,742,646,96,737,5,PUCHENII MARI,,5,,364,373
30,484,2,1172,855,658,197,847,8,PUCHENII MARI,,5,,475,372
30,485,2,1477,1242,995,247,1227,15,PUCHENII MARI,,5,,636,591
30,486,2,1348,973,821,152,963,10,PUCHENII MARI,,5,,473,490
30,487,2,907,589,525,64,583,6,RAFOV,,5,,298,285
30,488,2,738,556,490,66,551,5,RAFOV,,5,,260,291
30,489,2,875,585,507,78,579,6,RAFOV,,5,,249,330
30,490,2,866,620,537,83,613,7,RAFOV,,5,,262,351
30,491,2,482,374,323,51,372,2,RAFOV,,5,,168,204
30,492,2,359,272,212,60,268,4,RAFOV,,5,,126,142
30,493,2,1093,703,668,35,695,8,SALCIA,,5,,467,228
30,494,2,1131,758,699,59,739,19,SALCIILE,,5,,524,215
30,495,2,987,677,631,46,666,11,SALCIILE,,5,,461,205
30,496,2,1189,879,637,242,873,6,SCORTENI,,5,,419,454
30,497,2,1378,1000,702,298,993,7,SCORTENI,,5,,569,424
30,498,2,846,598,437,161,591,7,SCORTENI,,5,,297,294
30,499,2,1228,896,645,251,885,11,SCORTENI,,5,,474,411
30,500,2,1060,734,690,44,725,9,SECARIA,,5,,333,392
30,501,2,2600,1467,1308,159,1440,27,SANGERU,,5,,850,590
30,502,2,1734,1095,1020,75,1075,20,SANGERU,,5,,697,378
30,503,2,1666,1035,865,170,1029,6,STARCHIOJD,,5,,720,309
30,504,2,1185,791,680,111,784,7,STARCHIOJD,,5,,577,207
30,505,2,611,453,371,82,451,2,STARCHIOJD,,5,,347,104
30,506,2,1689,1284,1174,110,1273,11,STARCHIOJD,,5,,995,278
30,507,2,1427,898,802,96,889,9,SURANI,,5,,528,361
30,508,2,804,599,483,116,595,4,SIRNA,,5,,232,363
30,509,2,895,556,497,59,551,5,SIRNA,,5,,201,350
30,510,2,1628,973,780,193,961,12,SIRNA,,5,,339,622
30,511,2,1207,784,643,141,781,3,SIRNA,,5,,323,458
30,512,2,1329,941,770,171,927,14,SOIMARI,,5,,464,463
30,513,2,580,386,330,56,380,6,SOIMARI,,5,,186,194
30,514,2,467,329,273,56,328,1,SOIMARI,,5,,199,129
30,515,2,0,50,0,50,50,0,SOIMARI,,5,,13,37
30,516,2,1243,758,667,91,749,9,SOTRILE,,5,,380,369
30,517,2,1183,691,568,123,682,9,SOTRILE,,5,,346,336
30,518,2,1888,1244,1192,52,1234,10,STEFESTI,,5,,767,467
30,519,2,990,859,814,45,853,6,TALEA,,5,,521,332
30,520,2,1059,683,603,80,673,10,TATARU,,5,,300,373
30,521,2,1483,1185,1040,145,1176,9,TEISANI,,5,,686,490
30,522,2,1607,1180,1072,108,1175,5,TEISANI,,5,,675,500
30,523,2,93,88,65,23,88,0,TEISANI,,5,,55,33
30,524,2,1470,912,818,94,905,7,TELEGA,,5,,387,518
30,525,2,1275,949,844,105,941,8,TELEGA,,5,,410,531
30,526,2,1553,1143,1006,137,1131,12,TELEGA,,5,,516,615
30,527,2,612,466,392,74,460,6,TELEGA,,5,,243,217
30,528,2,499,331,297,34,331,0,TELEGA,,5,,149,182
30,529,2,1540,1021,882,139,1013,8,TINOSU,,5,,508,505
30,530,2,551,464,390,74,460,4,TINOSU,,5,,227,233
30,531,2,1585,1231,949,282,1220,11,TARGSORU VECHI,,5,,539,681
30,532,2,1577,1146,982,164,1135,11,TARGSORU VECHI,,5,,522,613
30,533,2,2356,1090,862,228,1082,8,TARGSORU VECHI,,5,,612,470
30,534,2,354,499,212,287,495,4,TARGSORU VECHI,,5,,267,228
30,535,2,0,241,0,241,238,3,TARGSORU VECHI,,5,,114,124
30,536,2,1155,788,721,67,782,6,TOMSANI,,5,,435,347
30,537,2,1098,793,700,93,783,10,TOMSANI,,5,,420,363
30,538,2,1170,792,704,88,788,4,TOMSANI,,5,,384,404
30,539,2,2502,1310,886,424,1299,11,VALEA CALUGAREASCA,,5,,635,664
30,540,2,946,681,446,235,672,9,VALEA CALUGAREASCA,,5,,324,348
30,541,2,910,695,466,229,687,8,VALEA CALUGAREASCA,,5,,316,371
30,542,2,1389,814,690,124,811,3,VALEA CALUGAREASCA,,5,,401,410
30,543,2,793,641,447,194,631,10,VALEA CALUGAREASCA,,5,,327,304
30,544,2,1627,939,655,284,932,7,VALEA CALUGAREASCA,,5,,388,544
30,545,2,75,66,17,49,65,1,VALEA CALUGAREASCA,,5,,29,36
30,546,2,1197,817,743,74,815,2,VALEA DOFTANEI,,5,,391,424
30,547,2,975,663,644,19,657,6,VALEA DOFTANEI,,5,,357,300
30,548,2,1418,911,873,38,902,9,VALEA DOFTANEI,,5,,400,502
30,549,2,1127,788,739,49,779,9,VALEA DOFTANEI,,5,,507,272
30,550,2,1066,782,761,21,782,0,VALEA DOFTANEI,,5,,528,254
30,551,2,1576,1328,1197,131,1314,14,VARBILAU,,5,,1009,305
30,552,2,1283,945,817,128,937,8,VARBILAU,,5,,693,244
30,553,2,907,741,658,83,728,13,VARBILAU,,5,,523,205
30,554,2,938,720,589,131,703,17,VARBILAU,,5,,404,299
30,555,2,728,593,518,75,586,7,VARBILAU,,5,,397,189
30,556,2,1347,1000,938,62,986,14,VALCANESTI,,5,,607,379
30,557,2,858,697,676,21,692,5,VALCANESTI,,5,,507,185
30,558,2,609,488,454,34,488,0,VALCANESTI,,5,,333,155
30,559,2,450,348,330,18,347,1,VALCANESTI,,5,,222,125
31,1,2,2082,1541,1448,93,1530,11,MUNICIPIUL SATU MARE,,2,,86,1444
31,2,2,1250,900,844,56,900,0,MUNICIPIUL SATU MARE,,2,,82,818
31,3,2,1750,1345,1284,61,1339,6,MUNICIPIUL SATU MARE,,2,,102,1237
31,4,2,1229,954,891,63,951,3,MUNICIPIUL SATU MARE,,2,,81,870
31,5,2,1783,1178,1104,74,1173,5,MUNICIPIUL SATU MARE,,2,,176,997
31,6,2,1363,1109,881,228,1104,5,MUNICIPIUL SATU MARE,,2,,146,958
31,7,2,1010,782,706,76,778,4,MUNICIPIUL SATU MARE,,2,,104,674
31,8,2,1659,1237,1140,97,1234,3,MUNICIPIUL SATU MARE,,2,,180,1054
31,9,2,1601,1262,1132,130,1262,0,MUNICIPIUL SATU MARE,,2,,214,1048
31,10,2,1802,1231,1152,79,1228,3,MUNICIPIUL SATU MARE,,2,,190,1038
31,11,2,1760,1369,1200,169,1360,9,MUNICIPIUL SATU MARE,,2,,269,1091
31,12,2,1709,1295,1228,67,1292,3,MUNICIPIUL SATU MARE,,2,,156,1136
31,13,2,1283,1241,929,312,1236,5,MUNICIPIUL SATU MARE,,2,,205,1031
31,14,2,1648,1336,1140,196,1331,5,MUNICIPIUL SATU MARE,,2,,305,1026
31,15,2,2318,1578,1368,210,1569,9,MUNICIPIUL SATU MARE,,2,,377,1192
31,16,2,804,597,546,51,596,1,MUNICIPIUL SATU MARE,,2,,126,470
31,17,2,1066,1118,720,398,1118,0,MUNICIPIUL SATU MARE,,2,,177,941
31,18,2,1294,958,901,57,953,5,MUNICIPIUL SATU MARE,,2,,136,817
31,19,2,1271,922,873,49,919,3,MUNICIPIUL SATU MARE,,2,,129,790
31,20,2,1425,1061,988,73,1054,7,MUNICIPIUL SATU MARE,,2,,184,870
31,21,2,1891,1697,1316,381,1685,12,MUNICIPIUL SATU MARE,,2,,428,1257
31,22,2,2182,1534,1338,196,1527,7,MUNICIPIUL SATU MARE,,2,,294,1233
31,23,2,1105,969,767,202,960,9,MUNICIPIUL SATU MARE,,2,,194,766
31,24,2,2279,1626,1516,110,1620,6,MUNICIPIUL SATU MARE,,2,,222,1398
31,25,2,1033,775,676,99,771,4,MUNICIPIUL SATU MARE,,2,,130,641
31,26,2,1619,1433,899,534,1429,4,MUNICIPIUL SATU MARE,,2,,261,1168
31,27,2,1675,1107,716,391,1104,3,MUNICIPIUL SATU MARE,,2,,191,913
31,28,2,1836,1409,1057,352,1406,3,MUNICIPIUL SATU MARE,,2,,240,1166
31,29,2,1780,1453,1214,239,1449,4,MUNICIPIUL SATU MARE,,2,,232,1217
31,30,2,2698,1682,1589,93,1681,1,MUNICIPIUL SATU MARE,,2,,287,1394
31,31,2,1445,1086,1011,75,1079,7,MUNICIPIUL SATU MARE,,2,,162,917
31,32,2,1353,1017,887,130,1012,5,MUNICIPIUL SATU MARE,,2,,193,819
31,33,2,2506,1266,1161,105,1264,2,MUNICIPIUL SATU MARE,,2,,152,1112
31,34,2,1571,1399,412,987,1398,1,MUNICIPIUL SATU MARE,,2,,264,1134
31,35,2,2509,1451,996,455,1449,2,MUNICIPIUL SATU MARE,,2,,295,1154
31,36,2,2502,1760,1338,422,1754,6,MUNICIPIUL SATU MARE,,2,,303,1451
31,37,2,1293,809,641,168,804,5,MUNICIPIUL SATU MARE,,2,,189,615
31,38,2,1242,1150,817,333,1140,10,MUNICIPIUL SATU MARE,,2,,266,874
31,39,2,1254,1380,412,968,1375,5,MUNICIPIUL SATU MARE,,2,,234,1141
31,40,2,2348,1132,1061,71,1128,4,MUNICIPIUL SATU MARE,,2,,279,849
31,41,2,1902,1471,930,541,1464,7,MUNICIPIUL SATU MARE,,2,,296,1168
31,42,2,3200,1043,929,114,1036,7,MUNICIPIUL SATU MARE,,2,,197,839
31,43,2,1758,2192,1758,434,2180,12,MUNICIPIUL SATU MARE,,2,,305,1875
31,44,2,2045,1655,1417,238,1651,4,MUNICIPIUL SATU MARE,,2,,298,1353
31,45,2,1898,1669,1165,504,1663,6,MUNICIPIUL SATU MARE,,2,,260,1403
31,46,2,2095,1591,1441,150,1586,5,MUNICIPIUL SATU MARE,,2,,325,1261
31,47,2,1627,1209,1126,83,1203,6,MUNICIPIUL SATU MARE,,2,,214,989
31,48,2,2288,1552,1412,140,1545,7,MUNICIPIUL SATU MARE,,2,,192,1353
31,49,2,2124,1489,1311,178,1483,6,MUNICIPIUL SATU MARE,,2,,151,1332
31,50,2,2002,1287,1132,155,1281,6,MUNICIPIUL SATU MARE,,2,,264,1017
31,51,2,2331,1650,1354,296,1645,5,MUNICIPIUL SATU MARE,,2,,290,1355
31,52,2,2451,1840,1567,273,1834,6,MUNICIPIUL SATU MARE,,2,,414,1420
31,53,2,2424,1385,1238,147,1384,1,MUNICIPIUL SATU MARE,,2,,250,1134
31,54,2,2861,1973,1681,292,1970,3,MUNICIPIUL SATU MARE,,2,,413,1557
31,55,2,2812,1626,1348,278,1621,5,MUNICIPIUL SATU MARE,,2,,287,1334
31,56,2,2854,1980,1845,135,1977,3,MUNICIPIUL SATU MARE,,2,,346,1631
31,57,2,1552,1147,1087,60,1146,1,MUNICIPIUL SATU MARE,,2,,197,949
31,58,2,1022,914,791,123,910,4,MUNICIPIUL SATU MARE,,2,,282,628
31,59,2,1485,1074,931,143,1068,6,MUNICIPIUL CAREI,,2,,149,919
31,60,2,1521,1055,973,82,1048,7,MUNICIPIUL CAREI,,2,,224,824
31,61,2,1925,1293,1208,85,1285,8,MUNICIPIUL CAREI,,2,,175,1110
31,62,2,2021,1088,811,277,1083,5,MUNICIPIUL CAREI,,2,,162,921
31,63,2,1565,1065,341,724,1060,5,MUNICIPIUL CAREI,,2,,159,901
31,64,2,1329,980,535,445,977,3,MUNICIPIUL CAREI,,2,,175,802
31,65,2,1272,1251,566,685,1247,4,MUNICIPIUL CAREI,,2,,209,1038
31,66,2,1409,1141,938,203,1138,3,MUNICIPIUL CAREI,,2,,255,883
31,67,2,2134,1633,1244,389,1625,8,MUNICIPIUL CAREI,,2,,241,1384
31,68,2,1595,1187,911,276,1175,12,MUNICIPIUL CAREI,,2,,181,994
31,69,2,1887,1189,1041,148,1186,3,MUNICIPIUL CAREI,,2,,175,1011
31,70,2,2935,1487,1346,141,1481,6,MUNICIPIUL CAREI,,2,,231,1250
31,71,2,866,824,801,23,814,10,MUNICIPIUL CAREI,,2,,463,351
31,72,2,378,390,292,98,389,1,MUNICIPIUL CAREI,,2,,253,136
31,73,2,3620,1977,1727,250,1972,5,ORAS NEGRESTI-OAS,,2,,519,1453
31,74,2,1752,784,731,53,775,9,ORAS NEGRESTI-OAS,,2,,236,539
31,75,2,2309,1357,1109,248,1351,6,ORAS NEGRESTI-OAS,,2,,454,897
31,76,2,2900,1584,1394,190,1577,7,ORAS NEGRESTI-OAS,,2,,436,1141
31,77,2,1395,668,616,52,663,5,ORAS NEGRESTI-OAS,,2,,303,360
31,78,2,1380,992,902,90,987,5,ORAS TASNAD,,2,,247,740
31,79,2,1604,1117,996,121,1114,3,ORAS TASNAD,,2,,296,818
31,80,2,1778,1228,1145,83,1227,1,ORAS TASNAD,,2,,273,954
31,81,2,1549,1145,1015,130,1134,11,ORAS TASNAD,,2,,234,900
31,82,2,192,164,135,29,164,0,ORAS TASNAD,,2,,80,84
31,83,2,430,321,256,65,318,3,ORAS TASNAD,,2,,175,143
31,84,2,775,611,498,113,595,16,ORAS TASNAD,,2,,306,289
31,85,2,152,152,116,36,149,3,ORAS TASNAD,,2,,64,85
31,86,2,420,414,414,0,413,1,ORAS TASNAD,,2,,184,229
31,87,2,1260,941,786,155,928,13,ACIS,,2,,134,794
31,88,2,420,331,256,75,328,3,ACIS,,2,,28,300
31,89,2,508,384,291,93,381,3,ACIS,,2,,225,156
31,90,2,1152,799,671,128,789,10,ANDRID,,2,,210,579
31,91,2,602,490,371,119,486,4,ANDRID,,2,,167,319
31,92,2,400,275,201,74,269,6,ANDRID,,2,,8,261
31,93,2,1746,1525,1407,118,1520,5,APA,,2,,561,959
31,94,2,272,278,240,38,278,0,APA,,2,,171,107
31,95,2,1747,1158,1088,70,1152,6,ARDUD,,2,,356,796
31,96,2,1408,926,859,67,921,5,ARDUD,,2,,78,843
31,97,2,535,436,383,53,427,9,ARDUD,,2,,232,195
31,98,2,509,482,458,24,479,3,ARDUD,,2,,219,260
31,99,2,819,706,669,37,702,4,ARDUD,,2,,365,337
31,100,2,1994,1091,986,105,1081,10,BATARCI,,2,,459,622
31,101,2,827,630,538,92,628,2,BATARCI,,2,,282,346
31,102,2,1123,953,870,83,945,8,BELTIUG,,2,,202,743
31,103,2,137,120,99,21,116,4,BELTIUG,,2,,72,44
31,104,2,517,477,430,47,475,2,BELTIUG,,2,,46,429
31,105,2,161,174,134,40,171,3,BELTIUG,,2,,48,123
31,106,2,581,454,358,96,442,12,BELTIUG,,2,,90,352
31,107,2,1969,1745,1675,70,1737,8,BERVENI,,2,,58,1679
31,108,2,822,639,594,45,632,7,BERVENI,,2,,406,226
31,109,2,2083,1310,1223,87,1303,7,BIXAD,,2,,250,1053
31,110,2,1149,629,559,70,627,2,BIXAD,,2,,199,428
31,111,2,2073,1174,1005,169,1164,10,BIXAD,,2,,333,831
31,112,2,634,490,454,36,485,5,BARSAU,,2,,246,239
31,113,2,1395,1102,1025,77,1094,8,BARSAU,,2,,404,690
31,114,2,941,665,624,41,662,3,BOGDAND,,2,,16,646
31,115,2,807,599,537,62,590,9,BOGDAND,,2,,366,224
31,116,2,449,379,353,26,365,7,BOGDAND,,2,,245,120
31,117,2,663,473,445,28,463,10,BOGDAND,,2,,34,429
31,118,2,714,592,518,74,590,2,BOTIZ,,2,,20,570
31,119,2,1176,985,918,67,979,6,BOTIZ,,2,,83,896
31,120,2,1023,910,790,120,905,5,BOTIZ,,2,,60,845
31,121,2,338,296,253,43,294,2,BOTIZ,,2,,24,270
31,122,2,2102,1140,1059,81,1138,2,CALINESTI-OAS,,2,,188,950
31,123,2,592,394,360,34,393,1,CALINESTI-OAS,,2,,81,312
31,124,2,877,483,455,28,478,5,CALINESTI-OAS,,2,,68,410
31,125,2,2369,1747,1715,32,1737,10,CAPLENI,,2,,20,1717
31,126,2,1101,993,965,28,989,4,CAPLENI,,2,,31,958
31,127,2,1045,598,570,28,593,5,CAMARZANA,,2,,50,543
31,128,2,884,515,479,36,514,1,CAMARZANA,,2,,44,470
31,129,2,464,360,295,65,355,5,CAUAS,,2,,139,216
31,130,2,930,665,582,83,655,10,CAUAS,,2,,64,591
31,131,2,185,180,136,44,177,3,CAUAS,,2,,79,98
31,132,2,148,122,97,25,122,0,CAUAS,,2,,33,89
31,133,2,121,97,81,16,97,0,CAUAS,,2,,45,52
31,134,2,100,104,73,31,103,1,CAUAS,,2,,53,50
31,135,2,962,584,518,66,577,7,CEHAL,,2,,301,276
31,136,2,646,453,404,49,448,5,CEHAL,,2,,48,400
31,137,2,346,285,238,47,284,1,CEHAL,,2,,172,112
31,138,2,2535,911,757,154,904,7,CERTEZE,,2,,507,397
31,139,2,831,561,480,81,558,3,CERTEZE,,2,,155,403
31,140,2,924,486,396,90,478,8,CERTEZE,,2,,174,304
31,141,2,1077,839,678,161,833,6,CRAIDOROLT,,2,,270,563
31,142,2,716,480,369,111,475,5,CRAIDOROLT,,2,,217,258
31,143,2,558,497,472,25,494,3,CRUCISOR,,2,,198,296
31,144,2,466,434,393,41,433,1,CRUCISOR,,2,,209,224
31,145,2,1067,879,759,120,875,4,CRUCISOR,,2,,457,418
31,146,2,1108,657,559,98,647,10,CULCIU,,2,,174,473
31,147,2,929,763,646,117,757,6,CULCIU,,2,,90,667
31,148,2,607,428,353,75,424,4,CULCIU,,2,,73,351
31,149,2,518,461,356,105,454,7,CULCIU,,2,,211,243
31,150,2,1169,954,757,197,945,9,DOBA,,2,,289,656
31,151,2,803,587,466,121,583,4,DOBA,,2,,155,428
31,152,2,1526,1102,939,163,1097,5,DOROLT,,2,,41,1056
31,153,2,862,753,735,18,752,1,DOROLT,,2,,6,746
31,154,2,1508,1258,1227,31,1249,9,FOIENI,,2,,21,1228
31,155,2,900,565,486,79,560,5,GHERTA MICA,,2,,174,386
31,156,2,914,478,432,46,474,4,GHERTA MICA,,2,,173,301
31,157,2,292,239,206,33,235,4,HALMEU,,2,,16,219
31,158,2,714,573,546,27,571,2,HALMEU,,2,,8,563
31,159,2,262,209,192,17,206,3,HALMEU,,2,,9,197
31,160,2,1124,798,742,56,788,10,HALMEU,,2,,113,675
31,161,2,1340,967,896,71,958,9,HALMEU,,2,,80,878
31,162,2,312,200,174,26,199,1,HALMEU,,2,,114,85
31,163,2,1156,915,896,19,907,8,HALMEU,,2,,12,895
31,164,2,709,539,503,36,538,1,HODOD,,2,,30,508
31,165,2,683,632,578,54,617,15,HODOD,,2,,517,100
31,166,2,548,375,358,17,363,12,HODOD,,2,,34,329
31,167,2,600,478,425,53,473,5,HODOD,,2,,13,460
31,168,2,987,779,702,77,769,10,HOMOROADE,,2,,416,353
31,169,2,365,323,293,30,319,4,HOMOROADE,,2,,206,113
31,170,2,522,407,331,76,395,12,HOMOROADE,,2,,216,179
31,171,2,464,312,278,34,310,2,LAZURI,,2,,12,298
31,172,2,1594,1204,1031,173,1196,8,LAZURI,,2,,81,1115
31,173,2,590,461,438,23,456,5,LAZURI,,2,,7,449
31,174,2,227,187,172,15,186,1,LAZURI,,2,,13,173
31,175,2,609,436,411,25,433,3,LAZURI,,2,,32,401
31,176,2,171,163,130,33,163,0,LAZURI,,2,,3,160
31,177,2,2002,1454,1406,48,1436,18,LIVADA,,2,,110,1326
31,178,2,1492,1088,1045,43,1077,11,LIVADA,,2,,78,999
31,179,2,673,509,459,50,507,2,LIVADA,,2,,155,352
31,180,2,375,363,346,17,359,4,LIVADA,,2,,10,349
31,181,2,240,214,197,17,210,4,LIVADA,,2,,105,105
31,182,2,1967,1428,1344,84,1415,13,MEDIESU AURIT,,2,,537,878
31,183,2,653,459,430,29,454,5,MEDIESU AURIT,,2,,112,342
31,184,2,508,411,376,35,408,3,MEDIESU AURIT,,2,,228,180
31,185,2,675,625,431,194,620,5,MEDIESU AURIT,,2,,213,407
31,186,2,832,646,576,70,638,8,MEDIESU AURIT,,2,,124,514
31,187,2,442,292,256,36,291,1,MEDIESU AURIT,,2,,70,221
31,188,2,2104,1500,1283,217,1492,8,MICULA,,2,,144,1348
31,189,2,504,375,289,86,373,2,MICULA,,2,,124,249
31,190,2,914,701,604,97,698,3,MOFTIN,,2,,173,525
31,191,2,790,626,576,50,615,11,MOFTIN,,2,,44,571
31,192,2,993,832,696,136,824,8,MOFTIN,,2,,133,691
31,193,2,342,366,213,153,359,7,MOFTIN,,2,,198,161
31,194,2,1867,1124,1114,10,1121,3,ODOREU,,2,,165,956
31,195,2,2130,1231,1177,54,1226,5,ODOREU,,2,,202,1024
31,196,2,1612,1209,1163,46,1203,6,ORASU NOU,,2,,35,1168
31,197,2,535,507,468,39,501,6,ORASU NOU,,2,,291,210
31,198,2,762,440,418,22,435,5,ORASU NOU,,2,,92,343
31,199,2,1905,1211,1159,52,1198,13,ORASU NOU,,2,,752,446
31,200,2,469,457,443,14,454,3,ORASU NOU,,2,,14,440
31,201,2,593,502,458,44,500,2,PAULESTI,,2,,72,428
31,202,2,770,539,511,28,532,7,PAULESTI,,2,,7,525
31,203,2,462,436,384,52,436,0,PAULESTI,,2,,7,429
31,204,2,632,531,490,41,525,6,PAULESTI,,2,,91,434
31,205,2,234,216,188,28,214,2,PAULESTI,,2,,99,115
31,206,2,445,340,306,34,338,2,PAULESTI,,2,,58,280
31,207,2,1128,991,878,113,976,15,PETRESTI,,2,,58,918
31,208,2,1465,972,923,49,959,13,PIR,,2,,289,670
31,209,2,1545,1190,1124,66,1174,16,PISCOLT,,2,,241,933
31,210,2,332,322,280,42,318,4,PISCOLT,,2,,115,203
31,211,2,398,413,329,84,406,7,PISCOLT,,2,,276,130
31,212,2,1051,625,549,76,620,5,POMI,,2,,320,300
31,213,2,741,535,410,125,528,7,POMI,,2,,211,317
31,214,2,1164,896,824,72,886,10,SANISLAU,,2,,52,834
31,215,2,1425,1000,876,124,992,8,SANISLAU,,2,,270,722
31,216,2,1218,955,807,148,952,3,SANISLAU,,2,,86,866
31,217,2,197,237,167,70,212,25,SANISLAU,,2,,132,80
31,218,2,248,227,186,41,224,3,SANISLAU,,2,,170,54
31,219,2,1438,1177,1042,135,1169,8,SANTAU,,2,,457,712
31,220,2,540,480,356,124,476,4,SANTAU,,2,,196,280
31,221,2,174,170,126,44,170,0,SANTAU,,2,,59,111
31,222,2,282,238,184,54,236,2,SACASENI,,2,,106,130
31,223,2,842,621,534,87,611,10,SACASENI,,2,,70,541
31,224,2,444,386,351,35,386,0,SAUCA,,2,,35,351
31,225,2,266,214,176,38,212,2,SAUCA,,2,,99,113
31,226,2,499,406,337,69,405,1,SAUCA,,2,,210,195
31,227,2,277,211,134,77,206,5,SOCOND,,2,,84,122
31,228,2,473,336,302,34,332,4,SOCOND,,2,,165,167
31,229,2,346,295,236,59,294,1,SOCOND,,2,,155,139
31,230,2,791,583,520,63,576,7,SOCOND,,2,,190,386
31,231,2,415,259,220,39,252,7,SOCOND,,2,,77,175
31,232,2,1418,933,770,163,919,14,SUPUR,,2,,389,530
31,233,2,1014,769,731,38,761,8,SUPUR,,2,,13,748
31,234,2,662,459,409,50,454,5,SUPUR,,2,,220,234
31,235,2,654,496,397,99,491,5,SUPUR,,2,,227,264
31,236,2,1428,1022,901,121,1011,11,TARNA MARE,,2,,470,541
31,237,2,828,560,520,40,550,10,TARNA MARE,,2,,212,338
31,238,2,449,338,327,11,333,5,TARNA MARE,,2,,154,179
31,239,2,499,456,386,70,451,5,TEREBESTI,,2,,89,362
31,240,2,364,351,285,66,349,2,TEREBESTI,,2,,201,148
31,241,2,397,373,320,53,373,0,TEREBESTI,,2,,217,156
31,242,2,1176,1054,947,107,1040,14,TIREAM,,2,,183,857
31,243,2,604,502,412,90,499,3,TIREAM,,2,,230,269
31,244,2,2086,957,913,44,943,14,TARSOLT,,2,,133,810
31,245,2,2048,1281,1249,32,1273,8,TURT,,2,,417,856
31,246,2,1144,712,694,18,709,3,TURT,,2,,181,528
31,247,2,833,554,532,22,551,3,TURT,,2,,202,349
31,248,2,1086,666,627,39,656,10,TURT,,2,,194,462
31,249,2,925,797,765,32,792,5,TURULUNG,,2,,7,785
31,250,2,1229,824,769,55,817,7,TURULUNG,,2,,27,790
31,251,2,748,611,544,67,607,4,TURULUNG,,2,,246,361
31,252,2,1192,1045,982,63,1043,2,URZICENI,,2,,40,1003
31,253,2,743,532,458,74,530,2,VALEA VINULUI,,2,,201,329
31,254,2,273,243,195,48,239,4,VALEA VINULUI,,2,,87,152
31,255,2,485,402,361,41,397,5,VALEA VINULUI,,2,,207,190
31,256,2,337,318,214,104,314,4,VALEA VINULUI,,2,,192,122
31,257,2,1952,1214,1153,61,1204,10,VAMA,,2,,370,834
31,258,2,574,304,280,24,301,3,VAMA,,2,,86,215
31,259,2,1260,949,848,101,940,9,VETIS,,2,,83,857
31,260,2,1119,943,883,60,938,5,VETIS,,2,,18,920
31,261,2,751,627,556,71,617,10,VETIS,,2,,225,392
31,262,2,1456,997,751,246,986,11,VIILE SATU MARE,,2,,58,928
31,263,2,726,409,325,84,395,14,VIILE SATU MARE,,2,,207,188
31,264,2,256,208,170,38,206,2,VIILE SATU MARE,,2,,158,48
31,265,2,122,135,97,38,134,1,VIILE SATU MARE,,2,,52,82
32,1,2,1805,1468,1371,97,1463,5,MUNICIPIUL ZALAU,,7,,232,1231
32,2,2,2195,1694,1620,74,1690,4,MUNICIPIUL ZALAU,,7,,470,1220
32,3,2,2300,1908,1745,163,1904,4,MUNICIPIUL ZALAU,,7,,483,1421
32,4,2,2068,1563,1469,94,1562,1,MUNICIPIUL ZALAU,,7,,403,1159
32,5,2,2100,1738,1656,82,1732,6,MUNICIPIUL ZALAU,,7,,492,1240
32,6,2,2015,1719,1520,199,1716,3,MUNICIPIUL ZALAU,,7,,590,1126
32,7,2,2147,1623,1472,151,1617,6,MUNICIPIUL ZALAU,,7,,518,1099
32,8,2,2078,1592,1454,138,1589,3,MUNICIPIUL ZALAU,,7,,465,1124
32,9,2,2362,1715,1591,124,1709,6,MUNICIPIUL ZALAU,,7,,483,1226
32,10,2,2134,1470,1272,198,1463,7,MUNICIPIUL ZALAU,,7,,431,1032
32,11,2,2098,1520,1400,120,1514,6,MUNICIPIUL ZALAU,,7,,455,1059
32,12,2,1996,1386,1244,142,1383,3,MUNICIPIUL ZALAU,,7,,424,959
32,13,2,2188,1668,1572,96,1660,5,MUNICIPIUL ZALAU,,7,,384,1276
32,14,2,2332,1842,1690,152,1840,2,MUNICIPIUL ZALAU,,7,,410,1430
32,15,2,1898,1583,1468,115,1583,0,MUNICIPIUL ZALAU,,7,,368,1215
32,16,2,1868,1553,1346,207,1550,3,MUNICIPIUL ZALAU,,7,,349,1201
32,17,2,1713,1351,1182,169,1345,6,MUNICIPIUL ZALAU,,7,,333,1012
32,18,2,2152,1596,1479,117,1596,0,MUNICIPIUL ZALAU,,7,,470,1126
32,19,2,2273,1549,1386,163,1544,5,MUNICIPIUL ZALAU,,7,,440,1104
32,20,2,2223,1625,1491,134,1623,2,MUNICIPIUL ZALAU,,7,,493,1130
32,21,2,2072,1663,1506,157,1658,5,MUNICIPIUL ZALAU,,7,,506,1152
32,22,2,1988,1617,1500,117,1615,2,MUNICIPIUL ZALAU,,7,,495,1120
32,23,2,1190,819,771,48,813,6,MUNICIPIUL ZALAU,,7,,293,520
32,24,2,323,292,237,55,288,4,MUNICIPIUL ZALAU,,7,,172,116
32,25,2,0,493,0,493,493,0,MUNICIPIUL ZALAU,,7,,153,340
32,26,2,0,1212,0,1212,1201,11,MUNICIPIUL ZALAU,,7,,552,649
32,27,2,1535,1120,1036,84,1118,2,ORAS CEHU SILVANIEI,,7,,204,914
32,28,2,1421,1019,968,51,1015,4,ORAS CEHU SILVANIEI,,7,,205,810
32,29,2,1571,1145,1079,66,1144,1,ORAS CEHU SILVANIEI,,7,,237,907
32,30,2,179,196,149,47,196,0,ORAS CEHU SILVANIEI,,7,,116,80
32,31,2,552,485,434,51,482,3,ORAS CEHU SILVANIEI,,7,,355,127
32,32,2,540,467,414,53,461,6,ORAS CEHU SILVANIEI,,7,,241,220
32,33,2,819,611,554,57,609,2,ORAS CEHU SILVANIEI,,7,,141,468
32,34,2,0,60,0,60,59,1,ORAS CEHU SILVANIEI,,7,,18,41
32,35,2,2008,1464,1314,150,1457,7,ORAS JIBOU,,7,,600,857
32,36,2,1791,1163,1074,89,1157,6,ORAS JIBOU,,7,,541,616
32,37,2,1709,1267,1141,126,1261,6,ORAS JIBOU,,7,,624,637
32,38,2,1959,1311,1232,79,1295,16,ORAS JIBOU,,7,,475,820
32,39,2,431,318,272,46,318,0,ORAS JIBOU,,7,,148,170
32,40,2,543,354,316,38,347,7,ORAS JIBOU,,7,,253,94
32,41,2,456,361,334,27,359,2,ORAS JIBOU,,7,,230,129
32,42,2,1426,1082,1016,66,1070,12,ORAS SIMLEU SILVANIEI,,7,,329,741
32,43,2,1532,1177,1095,82,1167,10,ORAS SIMLEU SILVANIEI,,7,,251,916
32,44,2,1492,1200,1072,128,1198,2,ORAS SIMLEU SILVANIEI,,7,,231,967
32,45,2,1414,1154,1025,129,1151,3,ORAS SIMLEU SILVANIEI,,7,,246,905
32,46,2,1738,1346,1130,216,1337,9,ORAS SIMLEU SILVANIEI,,7,,254,1083
32,47,2,1627,1251,1129,122,1250,1,ORAS SIMLEU SILVANIEI,,7,,231,1019
32,48,2,1728,1129,1018,111,1126,3,ORAS SIMLEU SILVANIEI,,7,,200,926
32,49,2,784,643,590,53,634,9,ORAS SIMLEU SILVANIEI,,7,,187,447
32,50,2,765,611,550,61,593,18,ORAS SIMLEU SILVANIEI,,7,,379,214
32,51,2,434,448,432,16,440,8,ORAS SIMLEU SILVANIEI,,7,,208,232
32,52,2,724,605,528,77,601,4,AGRIJ,,7,,238,363
32,53,2,331,304,247,57,301,3,AGRIJ,,7,,106,195
32,54,2,965,745,628,117,742,3,ALMASU,,7,,322,420
32,55,2,593,472,411,61,468,4,ALMASU,,7,,229,239
32,56,2,403,369,326,43,367,2,ALMASU,,7,,43,324
32,57,2,433,440,381,59,439,1,ALMASU,,7,,58,381
32,58,2,215,220,184,36,217,3,ALMASU,,7,,66,151
32,59,2,840,599,528,71,596,3,BABENI,,7,,314,282
32,60,2,634,489,404,85,481,8,BABENI,,7,,241,240
32,61,2,203,210,172,38,210,0,BABENI,,7,,165,45
32,62,2,345,312,273,39,307,5,BABENI,,7,,239,68
32,63,2,965,617,554,63,611,6,BALAN,,7,,315,296
32,64,2,575,450,347,103,450,0,BALAN,,7,,234,216
32,65,2,710,515,477,38,510,5,BALAN,,7,,336,174
32,66,2,489,415,374,41,414,1,BALAN,,7,,291,123
32,67,2,782,549,449,100,547,2,BALAN,,7,,350,197
32,68,2,1177,793,692,101,780,13,BANISOR,,7,,363,417
32,69,2,866,642,604,38,638,4,BANISOR,,7,,222,416
32,70,2,445,340,298,42,340,0,BENESAT,,7,,144,196
32,71,2,585,519,460,59,517,2,BENESAT,,7,,294,223
32,72,2,476,318,289,29,315,3,BENESAT,,7,,97,218
32,73,2,1243,1043,893,150,1028,15,BOBOTA,,7,,510,518
32,74,2,1275,963,810,153,945,18,BOBOTA,,7,,452,493
32,75,2,576,385,333,52,380,5,BOBOTA,,7,,193,187
32,76,2,790,599,535,64,595,4,BOCSA,,7,,279,316
32,77,2,1163,900,875,25,896,4,BOCSA,,7,,9,887
32,78,2,711,562,491,71,558,4,BOCSA,,7,,301,257
32,79,2,1403,1059,932,127,1047,12,BUCIUMI,,7,,319,728
32,80,2,359,362,253,109,357,5,BUCIUMI,,7,,180,177
32,81,2,393,344,253,91,340,4,BUCIUMI,,7,,110,230
32,82,2,277,216,175,41,211,5,BUCIUMI,,7,,91,120
32,83,2,1587,1248,1217,31,1242,6,CAMAR,,7,,57,1185
32,84,2,957,936,837,99,924,12,CARASTELEC,,7,,23,901
32,85,2,129,103,93,10,100,3,CARASTELEC,,7,,37,63
32,86,2,1461,937,858,79,922,15,CHIESD,,7,,376,546
32,87,2,544,392,316,76,390,2,CHIESD,,7,,223,167
32,88,2,1582,1107,918,189,1092,15,CIZER,,7,,349,743
32,89,2,470,364,251,113,356,8,CIZER,,7,,133,223
32,90,2,434,363,309,54,361,2,COSEIU,,7,,154,207
32,91,2,394,333,306,27,331,2,COSEIU,,7,,4,327
32,92,2,296,334,215,119,333,1,COSEIU,,7,,172,161
32,93,2,2000,1558,1292,266,1554,4,CRASNA,,7,,71,1483
32,94,2,1395,1200,1121,79,1190,10,CRASNA,,7,,36,1154
32,95,2,870,609,511,98,601,8,CRASNA,,7,,210,391
32,96,2,657,500,446,54,491,9,CRASNA,,7,,170,321
32,97,2,626,485,402,83,478,7,CREACA,,7,,233,245
32,98,2,462,367,307,60,365,2,CREACA,,7,,138,227
32,99,2,164,197,125,72,196,1,CREACA,,7,,109,87
32,100,2,165,174,119,55,173,0,CREACA,,7,,72,101
32,101,2,595,504,424,80,500,4,CREACA,,7,,175,325
32,102,2,417,304,275,29,302,2,CREACA,,7,,163,139
32,103,2,781,526,488,38,521,5,CRISTOLT,,7,,285,236
32,104,2,232,216,188,28,216,0,CRISTOLT,,7,,104,112
32,105,2,482,327,295,32,322,5,CRISTOLT,,7,,192,130
32,106,2,865,655,585,70,649,6,CRISENI,,7,,365,284
32,107,2,310,292,227,65,288,4,CRISENI,,7,,7,281
32,108,2,508,433,342,91,428,5,CRISENI,,7,,124,304
32,109,2,902,738,679,59,729,9,CUZAPLAC,,7,,373,356
32,110,2,170,146,117,29,145,1,CUZAPLAC,,7,,49,96
32,111,2,197,169,152,17,167,2,CUZAPLAC,,7,,140,27
32,112,2,486,399,357,42,391,8,CUZAPLAC,,7,,151,240
32,113,2,173,129,99,30,128,1,CUZAPLAC,,7,,75,53
32,114,2,392,359,314,45,358,1,DOBRIN,,7,,127,231
32,115,2,154,184,130,54,184,0,DOBRIN,,7,,47,137
32,116,2,573,502,466,36,496,6,DOBRIN,,7,,16,480
32,117,2,366,327,303,24,324,3,DOBRIN,,7,,3,321
32,118,2,511,447,330,117,444,3,DRAGU,,7,,302,142
32,119,2,170,170,102,68,170,0,DRAGU,,7,,105,65
32,120,2,77,80,47,33,80,0,DRAGU,,7,,26,54
32,121,2,316,298,185,113,294,4,DRAGU,,7,,176,118
32,122,2,527,455,392,63,454,1,FILDU DE JOS,,7,,113,341
32,123,2,803,649,572,77,637,12,FILDU DE JOS,,7,,245,392
32,124,2,929,743,604,139,740,3,GALGAU,,7,,455,285
32,125,2,634,527,423,104,519,8,GALGAU,,7,,294,225
32,126,2,640,541,428,113,539,2,GALGAU,,7,,241,298
32,127,2,742,503,445,58,497,6,GARBOU,,7,,241,256
32,128,2,233,225,188,37,223,2,GARBOU,,7,,162,61
32,129,2,385,337,285,52,333,4,GARBOU,,7,,187,146
32,130,2,248,220,184,36,215,5,GARBOU,,7,,118,97
32,131,2,379,230,204,26,229,1,GARBOU,,7,,100,129
32,132,2,447,360,327,33,359,1,GARBOU,,7,,231,128
32,133,2,1003,756,676,80,750,6,HALMASD,,7,,351,399
32,134,2,334,227,201,26,226,1,HALMASD,,7,,121,105
32,135,2,457,332,292,40,327,5,HALMASD,,7,,146,181
32,136,2,465,318,282,36,311,7,HALMASD,,7,,124,187
32,137,2,884,644,581,63,638,6,HERECLEAN,,7,,307,331
32,138,2,891,620,508,112,613,7,HERECLEAN,,7,,39,574
32,139,2,469,347,318,29,340,7,HERECLEAN,,7,,27,313
32,140,2,650,567,536,31,561,6,HERECLEAN,,7,,36,525
32,141,2,1127,850,746,104,846,4,HIDA,,7,,464,382
32,142,2,526,377,329,48,374,3,HIDA,,7,,195,179
32,143,2,829,683,543,140,671,12,HIDA,,7,,434,237
32,144,2,314,243,214,29,241,2,HIDA,,7,,165,76
32,145,2,788,638,557,81,632,6,HOROATU CRASNEI,,7,,143,489
32,146,2,377,266,206,60,261,5,HOROATU CRASNEI,,7,,110,151
32,147,2,844,646,502,144,635,11,HOROATU CRASNEI,,7,,236,399
32,148,2,374,235,181,54,232,3,HOROATU CRASNEI,,7,,101,131
32,149,2,1033,818,640,178,808,10,ILEANDA,,7,,390,418
32,150,2,170,165,104,61,163,2,ILEANDA,,7,,95,68
32,151,2,110,118,91,27,115,3,ILEANDA,,7,,60,55
32,152,2,164,152,121,31,152,0,ILEANDA,,7,,72,80
32,153,2,256,158,126,32,158,0,ILEANDA,,7,,52,106
32,154,2,276,263,212,51,263,0,ILEANDA,,7,,148,115
32,155,2,100,98,77,21,95,3,ILEANDA,,7,,44,51
32,156,2,1418,1006,920,86,998,8,IP,,7,,140,858
32,157,2,907,711,632,79,706,5,IP,,7,,22,684
32,158,2,912,644,582,62,633,11,IP,,7,,253,380
32,159,2,840,737,663,74,731,6,LETCA,,7,,530,201
32,160,2,614,388,344,44,383,5,LETCA,,7,,264,119
32,161,2,590,461,425,36,458,3,LETCA,,7,,289,169
32,162,2,229,184,141,43,181,3,LETCA,,7,,129,52
32,163,2,620,566,466,100,565,1,LOZNA,,7,,362,203
32,164,2,268,220,173,47,219,1,LOZNA,,7,,170,49
32,165,2,182,180,154,26,179,1,LOZNA,,7,,133,46
32,166,2,1515,957,888,69,948,9,MARCA,,7,,508,440
32,167,2,968,581,542,39,572,9,MARCA,,7,,184,388
32,168,2,691,529,483,46,524,5,MAERISTE,,7,,299,225
32,169,2,510,482,438,44,477,5,MAERISTE,,7,,288,189
32,170,2,262,209,183,26,209,0,MAERISTE,,7,,142,67
32,171,2,893,622,544,78,617,5,MAERISTE,,7,,205,412
32,172,2,258,158,133,25,156,2,MAERISTE,,7,,51,105
32,173,2,407,382,324,58,379,3,MAERISTE,,7,,28,351
32,174,2,557,417,381,36,413,4,MESESENII DE JOS,,7,,111,302
32,175,2,867,705,626,79,699,6,MESESENII DE JOS,,7,,172,527
32,176,2,85,107,52,55,104,3,MESESENII DE JOS,,7,,62,42
32,177,2,772,576,459,117,566,10,MESESENII DE JOS,,7,,142,424
32,178,2,698,443,410,33,438,5,MIRSID,,7,,200,238
32,179,2,388,231,197,34,231,0,MIRSID,,7,,81,150
32,180,2,645,380,339,41,375,5,MIRSID,,7,,165,210
32,181,2,788,628,553,75,624,4,NAPRADEA,,7,,415,209
32,182,2,659,500,413,87,493,7,NAPRADEA,,7,,339,154
32,183,2,388,348,282,66,344,4,NAPRADEA,,7,,218,126
32,184,2,522,415,352,63,415,0,NAPRADEA,,7,,261,154
32,185,2,2462,2023,1681,342,2010,13,NUSFALAU,,7,,149,1861
32,186,2,1395,1200,1093,107,1196,4,NUSFALAU,,7,,46,1150
32,187,2,407,396,358,38,395,1,NUSFALAU,,7,,3,392
32,188,2,2232,1868,1774,94,1859,9,PERICEI,,7,,140,1719
32,189,2,625,588,495,93,579,9,PERICEI,,7,,138,441
32,190,2,257,247,184,63,242,5,PERICEI,,7,,92,150
32,191,2,897,635,547,88,631,4,PLOPIS,,7,,255,376
32,192,2,646,378,325,53,368,10,PLOPIS,,7,,153,215
32,193,2,596,372,312,60,369,3,PLOPIS,,7,,36,333
32,194,2,759,513,467,46,513,0,POIANA BLENCHII,,7,,292,221
32,195,2,491,360,318,42,358,2,POIANA BLENCHII,,7,,223,135
32,196,2,1017,881,760,121,871,10,ROMANASI,,7,,494,377
32,197,2,443,375,318,57,375,0,ROMANASI,,7,,255,120
32,198,2,381,336,287,49,332,4,ROMANASI,,7,,161,171
32,199,2,480,366,313,53,363,3,ROMANASI,,7,,209,154
32,200,2,1102,829,722,107,823,6,RUS,,7,,537,286
32,201,2,423,346,314,32,340,6,RUS,,7,,191,149
32,202,2,955,698,610,88,691,7,RUS,,7,,447,244
32,203,2,408,334,290,44,334,0,SALATIG,,7,,104,230
32,204,2,228,209,189,20,201,8,SALATIG,,7,,83,118
32,205,2,1040,846,824,22,844,2,SALATIG,,7,,15,829
32,206,2,356,322,272,50,320,2,SALATIG,,7,,136,184
32,207,2,629,450,417,33,443,7,SALATIG,,7,,268,175
32,208,2,1088,772,695,77,768,4,SAG,,7,,308,460
32,209,2,836,596,539,57,593,3,SAG,,7,,250,343
32,210,2,946,450,413,37,441,9,SAG,,7,,195,246
32,211,2,939,666,564,102,660,6,SANMIHAIU ALMASULUI,,7,,327,333
32,212,2,509,427,371,56,418,9,SANMIHAIU ALMASULUI,,7,,221,197
32,213,2,1076,847,752,95,839,8,SOMES-ODORHEI,,7,,450,389
32,214,2,470,365,260,105,358,7,SOMES-ODORHEI,,7,,187,171
32,215,2,607,481,415,66,473,8,SOMES-ODORHEI,,7,,242,231
32,216,2,342,326,264,62,322,4,SOMES-ODORHEI,,7,,215,107
32,217,2,1075,860,786,74,855,5,SURDUC,,7,,565,290
32,218,2,895,672,608,64,669,3,SURDUC,,7,,397,272
32,219,2,415,349,308,41,346,3,SURDUC,,7,,232,114
32,220,2,334,203,166,37,199,4,SURDUC,,7,,162,37
32,221,2,338,285,258,27,284,1,SURDUC,,7,,203,81
32,222,2,378,337,307,30,335,2,SURDUC,,7,,250,85
32,223,2,1257,1074,1006,68,1065,9,SAMSUD,,7,,26,1039
32,224,2,1962,1846,1775,71,1843,3,SARMASAG,,7,,27,1816
32,225,2,1487,1232,1147,85,1220,12,SARMASAG,,7,,229,991
32,226,2,617,496,472,24,496,0,SARMASAG,,7,,6,490
32,227,2,675,583,549,34,581,2,SARMASAG,,7,,73,508
32,228,2,190,176,160,16,175,1,SARMASAG,,7,,83,92
32,229,2,522,454,340,114,449,5,TREZNEA,,7,,238,211
32,230,2,254,250,199,51,248,2,TREZNEA,,7,,102,146
32,231,2,1832,1117,1023,94,1107,10,VALCAU DE JOS,,7,,466,641
32,232,2,843,432,399,33,428,4,VALCAU DE JOS,,7,,228,200
32,233,2,1338,1038,974,64,1028,10,VARSOLT,,7,,103,925
32,234,2,679,517,432,85,511,6,VARSOLT,,7,,240,271
32,235,2,516,417,340,77,416,1,ZALHA,,7,,226,190
32,236,2,309,283,231,52,283,0,ZALHA,,7,,114,169
32,237,2,183,132,100,32,128,4,ZALHA,,7,,49,79
32,238,2,168,145,114,31,139,6,ZALHA,,7,,77,62
32,239,2,769,569,494,75,562,7,ZIMBOR,,7,,373,189
32,240,2,107,119,73,46,116,3,ZIMBOR,,7,,60,56
32,241,2,234,236,168,68,232,4,ZIMBOR,,7,,129,103
33,1,2,1394,1113,999,114,1107,6,MUNICIPIUL SIBIU,,7,,215,892
33,2,2,1378,1169,1027,142,1152,17,MUNICIPIUL SIBIU,,7,,275,877
33,3,2,1892,1465,1371,94,1461,4,MUNICIPIUL SIBIU,,7,,292,1169
33,4,2,1067,918,815,103,913,5,MUNICIPIUL SIBIU,,7,,229,684
33,5,2,1221,1039,952,87,1038,1,MUNICIPIUL SIBIU,,7,,291,747
33,6,2,1190,1010,945,65,1008,2,MUNICIPIUL SIBIU,,7,,317,691
33,7,2,1336,1104,853,251,1103,1,MUNICIPIUL SIBIU,,7,,302,801
33,8,2,1144,962,858,104,955,7,MUNICIPIUL SIBIU,,7,,280,675
33,9,2,1472,1155,1023,132,1153,2,MUNICIPIUL SIBIU,,7,,321,832
33,10,2,1191,969,905,64,962,7,MUNICIPIUL SIBIU,,7,,208,754
33,11,2,1832,1355,1258,97,1349,6,MUNICIPIUL SIBIU,,7,,272,1077
33,12,2,1481,1492,1051,441,1480,12,MUNICIPIUL SIBIU,,7,,315,1165
33,13,2,1459,1244,1136,108,1242,2,MUNICIPIUL SIBIU,,7,,331,911
33,14,2,1828,1544,1391,153,1540,4,MUNICIPIUL SIBIU,,7,,398,1142
33,15,2,1557,1275,1178,97,1269,6,MUNICIPIUL SIBIU,,7,,338,931
33,16,2,1705,1395,1175,220,1391,4,MUNICIPIUL SIBIU,,7,,321,1070
33,17,2,1165,971,898,73,967,4,MUNICIPIUL SIBIU,,7,,220,747
33,18,2,1277,1087,979,108,1078,9,MUNICIPIUL SIBIU,,7,,267,811
33,19,2,1263,1030,957,73,1025,5,MUNICIPIUL SIBIU,,7,,297,728
33,20,2,1848,1787,1379,408,1782,5,MUNICIPIUL SIBIU,,7,,249,1533
33,21,2,1346,1076,1030,46,1073,3,MUNICIPIUL SIBIU,,7,,248,825
33,22,2,1452,1187,1080,107,1181,6,MUNICIPIUL SIBIU,,7,,279,902
33,23,2,1356,1096,989,107,1088,8,MUNICIPIUL SIBIU,,7,,275,813
33,24,2,1386,1141,1040,101,1137,4,MUNICIPIUL SIBIU,,7,,271,866
33,25,2,1578,1403,1212,191,1396,7,MUNICIPIUL SIBIU,,7,,296,1100
33,26,2,1725,1453,1338,115,1450,3,MUNICIPIUL SIBIU,,7,,314,1136
33,27,2,996,788,704,84,776,12,MUNICIPIUL SIBIU,,7,,218,558
33,28,2,1591,1348,1174,174,1341,4,MUNICIPIUL SIBIU,,7,,447,894
33,29,2,1030,841,756,85,835,6,MUNICIPIUL SIBIU,,7,,222,613
33,30,2,1579,1264,1159,105,1259,5,MUNICIPIUL SIBIU,,7,,363,896
33,31,2,1508,1288,1144,144,1280,8,MUNICIPIUL SIBIU,,7,,373,907
33,32,2,1280,1206,986,220,1201,5,MUNICIPIUL SIBIU,,7,,386,815
33,33,2,1256,1069,928,141,1061,8,MUNICIPIUL SIBIU,,7,,318,743
33,34,2,1527,1299,1149,150,1293,6,MUNICIPIUL SIBIU,,7,,371,922
33,35,2,1342,1119,1027,92,1115,4,MUNICIPIUL SIBIU,,7,,346,769
33,36,2,1328,1175,1001,174,1171,4,MUNICIPIUL SIBIU,,7,,311,860
33,37,2,1720,1442,1332,110,1437,5,MUNICIPIUL SIBIU,,7,,271,1166
33,38,2,1288,1065,998,67,1064,1,MUNICIPIUL SIBIU,,7,,193,871
33,39,2,1657,1397,1321,76,1392,5,MUNICIPIUL SIBIU,,7,,290,1102
33,40,2,1880,1540,1445,95,1533,7,MUNICIPIUL SIBIU,,7,,364,1169
33,41,2,1600,1267,1212,55,1264,3,MUNICIPIUL SIBIU,,7,,359,905
33,42,2,1687,1399,1311,88,1394,5,MUNICIPIUL SIBIU,,7,,300,1094
33,43,2,1783,1402,1348,54,1398,4,MUNICIPIUL SIBIU,,7,,271,1127
33,44,2,1729,1447,1326,121,1440,7,MUNICIPIUL SIBIU,,7,,312,1128
33,45,2,1700,1398,1314,84,1394,4,MUNICIPIUL SIBIU,,7,,238,1156
33,46,2,1126,971,894,77,968,3,MUNICIPIUL SIBIU,,7,,246,722
33,47,2,1033,856,750,106,853,3,MUNICIPIUL SIBIU,,7,,200,653
33,48,2,1264,1091,1027,64,1089,2,MUNICIPIUL SIBIU,,7,,265,824
33,49,2,1636,1377,1233,144,1371,6,MUNICIPIUL SIBIU,,7,,469,902
33,50,2,1780,1433,1305,128,1428,5,MUNICIPIUL SIBIU,,7,,402,1026
33,51,2,1552,1229,1151,78,1225,4,MUNICIPIUL SIBIU,,7,,296,929
33,52,2,1247,1039,947,92,1039,0,MUNICIPIUL SIBIU,,7,,303,736
33,53,2,1546,1220,1120,100,1210,10,MUNICIPIUL SIBIU,,7,,352,858
33,54,2,1248,992,904,88,990,2,MUNICIPIUL SIBIU,,7,,291,699
33,55,2,950,815,742,73,812,3,MUNICIPIUL SIBIU,,7,,306,506
33,56,2,1483,1255,1111,144,1248,6,MUNICIPIUL SIBIU,,7,,273,975
33,57,2,1526,1265,1191,74,1260,5,MUNICIPIUL SIBIU,,7,,369,891
33,58,2,1726,1142,1016,126,1137,5,MUNICIPIUL SIBIU,,7,,307,830
33,59,2,1956,1959,1472,487,1953,6,MUNICIPIUL SIBIU,,7,,332,1621
33,60,2,1427,1321,973,348,1320,1,MUNICIPIUL SIBIU,,7,,283,1037
33,61,2,1941,1547,1448,99,1543,4,MUNICIPIUL SIBIU,,7,,350,1193
33,62,2,1995,1598,1523,75,1589,9,MUNICIPIUL SIBIU,,7,,318,1271
33,63,2,1956,1510,1443,67,1509,1,MUNICIPIUL SIBIU,,7,,294,1215
33,64,2,1859,1418,1320,98,1417,1,MUNICIPIUL SIBIU,,7,,299,1118
33,65,2,1818,1470,1362,108,1467,3,MUNICIPIUL SIBIU,,7,,355,1112
33,66,2,1960,1579,1446,133,1576,3,MUNICIPIUL SIBIU,,7,,300,1276
33,67,2,1834,1459,1379,80,1452,6,MUNICIPIUL SIBIU,,7,,451,1001
33,68,2,1585,1280,1186,94,1273,7,MUNICIPIUL SIBIU,,7,,388,885
33,69,2,1607,1243,1135,108,1240,3,MUNICIPIUL SIBIU,,7,,365,875
33,70,2,1162,915,863,52,913,2,MUNICIPIUL SIBIU,,7,,271,642
33,71,2,1805,1396,1317,79,1391,5,MUNICIPIUL SIBIU,,7,,394,997
33,72,2,1805,1394,1304,90,1386,8,MUNICIPIUL SIBIU,,7,,321,1065
33,73,2,1434,1142,1071,71,1140,2,MUNICIPIUL SIBIU,,7,,301,839
33,74,2,1354,1089,1003,86,1087,2,MUNICIPIUL SIBIU,,7,,304,783
33,75,2,1879,1550,1410,140,1543,7,MUNICIPIUL SIBIU,,7,,330,1213
33,76,2,1518,1197,1097,100,1194,3,MUNICIPIUL SIBIU,,7,,279,915
33,77,2,1274,1037,974,63,1037,0,MUNICIPIUL SIBIU,,7,,303,734
33,78,2,1922,1501,1417,84,1492,9,MUNICIPIUL SIBIU,,7,,379,1113
33,79,2,2040,1607,1536,71,1600,7,MUNICIPIUL SIBIU,,7,,452,1148
33,80,2,1402,1095,1008,87,1087,8,MUNICIPIUL SIBIU,,7,,190,897
33,81,2,1541,1216,1150,66,1216,0,MUNICIPIUL SIBIU,,7,,369,847
33,82,2,1889,1435,1339,96,1432,3,MUNICIPIUL SIBIU,,7,,290,1142
33,83,2,1679,1296,1166,130,1290,6,MUNICIPIUL SIBIU,,7,,262,1028
33,84,2,31,142,21,121,139,3,MUNICIPIUL SIBIU,,7,,16,123
33,85,2,0,273,0,273,272,1,MUNICIPIUL SIBIU,,7,,59,213
33,86,2,0,955,0,955,947,8,MUNICIPIUL SIBIU,,7,,365,582
33,87,2,0,471,0,471,466,5,MUNICIPIUL SIBIU,,7,,109,357
33,88,2,0,366,0,366,358,8,MUNICIPIUL SIBIU,,7,,73,285
33,89,2,0,405,0,405,401,4,MUNICIPIUL SIBIU,,7,,90,311
33,90,2,0,63,0,63,63,0,MUNICIPIUL SIBIU,,7,,24,39
33,91,2,230,243,219,24,240,3,MUNICIPIUL SIBIU,,7,,56,184
33,92,2,0,459,0,459,458,1,MUNICIPIUL SIBIU,,7,,197,261
33,93,2,0,626,0,626,622,4,MUNICIPIUL SIBIU,,7,,134,488
33,94,2,0,724,0,724,723,1,MUNICIPIUL SIBIU,,7,,183,540
33,95,2,0,112,0,112,110,2,MUNICIPIUL SIBIU,,7,,15,95
33,96,2,0,185,0,185,185,0,MUNICIPIUL SIBIU,,7,,20,165
33,97,2,0,109,0,109,109,0,MUNICIPIUL SIBIU,,7,,13,96
33,98,2,0,110,0,110,105,5,MUNICIPIUL SIBIU,,7,,46,59
33,99,2,0,127,0,127,126,1,MUNICIPIUL SIBIU,,7,,16,110
33,100,2,924,733,658,75,730,3,MUNICIPIUL MEDIAS,,7,,203,527
33,101,2,1283,1001,888,113,994,7,MUNICIPIUL MEDIAS,,7,,278,716
33,102,2,1193,892,848,44,890,2,MUNICIPIUL MEDIAS,,7,,172,718
33,103,2,1267,1075,991,84,1071,4,MUNICIPIUL MEDIAS,,7,,241,830
33,104,2,753,624,579,45,619,5,MUNICIPIUL MEDIAS,,7,,125,494
33,105,2,910,711,650,61,707,4,MUNICIPIUL MEDIAS,,7,,116,591
33,106,2,1124,861,817,44,857,4,MUNICIPIUL MEDIAS,,7,,190,667
33,107,2,930,723,673,50,720,3,MUNICIPIUL MEDIAS,,7,,183,537
33,108,2,1210,952,926,26,950,2,MUNICIPIUL MEDIAS,,7,,211,739
33,109,2,1161,895,852,43,895,0,MUNICIPIUL MEDIAS,,7,,188,707
33,110,2,1077,789,749,40,787,2,MUNICIPIUL MEDIAS,,7,,160,627
33,111,2,1025,775,736,39,774,1,MUNICIPIUL MEDIAS,,7,,139,635
33,112,2,1159,888,853,35,886,2,MUNICIPIUL MEDIAS,,7,,183,703
33,113,2,966,742,685,57,738,4,MUNICIPIUL MEDIAS,,7,,161,577
33,114,2,876,661,639,22,660,1,MUNICIPIUL MEDIAS,,7,,187,473
33,115,2,1243,966,936,30,958,8,MUNICIPIUL MEDIAS,,7,,279,679
33,116,2,1230,974,925,49,971,3,MUNICIPIUL MEDIAS,,7,,159,812
33,117,2,1259,923,881,42,918,5,MUNICIPIUL MEDIAS,,7,,198,720
33,118,2,1355,1039,897,142,1029,10,MUNICIPIUL MEDIAS,,7,,204,825
33,119,2,1182,900,844,56,892,8,MUNICIPIUL MEDIAS,,7,,262,630
33,120,2,806,588,541,47,582,6,MUNICIPIUL MEDIAS,,7,,164,418
33,121,2,879,641,607,34,640,1,MUNICIPIUL MEDIAS,,7,,156,484
33,122,2,1017,814,759,55,811,3,MUNICIPIUL MEDIAS,,7,,220,591
33,123,2,1003,830,734,96,827,3,MUNICIPIUL MEDIAS,,7,,123,704
33,124,2,910,758,696,62,755,3,MUNICIPIUL MEDIAS,,7,,289,466
33,125,2,1058,887,825,62,884,3,MUNICIPIUL MEDIAS,,7,,206,678
33,126,2,1400,1118,1050,68,1116,2,MUNICIPIUL MEDIAS,,7,,303,813
33,127,2,950,757,706,51,751,6,MUNICIPIUL MEDIAS,,7,,193,558
33,128,2,1397,1085,1034,51,1079,6,MUNICIPIUL MEDIAS,,7,,225,854
33,129,2,1667,1294,1237,57,1285,9,MUNICIPIUL MEDIAS,,7,,282,1003
33,130,2,1131,843,749,94,839,4,MUNICIPIUL MEDIAS,,7,,208,631
33,131,2,977,753,702,51,751,2,MUNICIPIUL MEDIAS,,7,,206,545
33,132,2,832,677,599,78,675,2,MUNICIPIUL MEDIAS,,7,,137,538
33,133,2,713,561,514,47,560,1,MUNICIPIUL MEDIAS,,7,,141,419
33,134,2,945,739,700,39,737,2,MUNICIPIUL MEDIAS,,7,,190,547
33,135,2,1128,831,801,30,830,1,MUNICIPIUL MEDIAS,,7,,139,691
33,136,2,1790,1298,1244,54,1294,4,MUNICIPIUL MEDIAS,,7,,178,1116
33,137,2,1058,802,761,41,801,1,MUNICIPIUL MEDIAS,,7,,134,667
33,138,2,1288,994,938,56,993,1,MUNICIPIUL MEDIAS,,7,,119,874
33,139,2,1403,1060,978,82,1058,2,MUNICIPIUL MEDIAS,,7,,132,926
33,140,2,1010,775,713,62,773,2,MUNICIPIUL MEDIAS,,7,,116,657
33,141,2,1061,815,781,34,812,3,MUNICIPIUL MEDIAS,,7,,134,678
33,142,2,1294,1006,949,57,1001,5,MUNICIPIUL MEDIAS,,7,,131,870
33,143,2,1079,825,786,39,818,7,MUNICIPIUL MEDIAS,,7,,117,701
33,144,2,951,755,655,100,745,10,MUNICIPIUL MEDIAS,,7,,98,647
33,145,2,0,615,0,615,609,6,MUNICIPIUL MEDIAS,,7,,224,385
33,146,2,0,367,0,367,366,1,MUNICIPIUL MEDIAS,,7,,81,285
33,147,2,0,277,0,277,276,1,MUNICIPIUL MEDIAS,,7,,56,220
33,148,2,916,743,635,108,741,2,ORAS AGNITA,,7,,186,555
33,149,2,902,793,662,131,793,0,ORAS AGNITA,,7,,185,608
33,150,2,1178,996,879,117,994,2,ORAS AGNITA,,7,,242,752
33,151,2,934,801,730,71,801,0,ORAS AGNITA,,7,,283,518
33,152,2,893,729,653,76,727,2,ORAS AGNITA,,7,,246,481
33,153,2,1089,862,769,93,859,3,ORAS AGNITA,,7,,304,555
33,154,2,961,786,701,85,783,3,ORAS AGNITA,,7,,306,477
33,155,2,460,488,363,125,486,2,ORAS AGNITA,,7,,181,305
33,156,2,656,564,450,114,556,8,ORAS AGNITA,,7,,174,382
33,157,2,1216,1101,792,309,1093,8,ORAS AVRIG,,7,,350,743
33,158,2,1126,903,802,101,894,9,ORAS AVRIG,,7,,316,578
33,159,2,1006,752,690,62,750,2,ORAS AVRIG,,7,,290,460
33,160,2,1514,1145,1000,145,1131,14,ORAS AVRIG,,7,,366,765
33,161,2,1510,1063,942,121,1060,3,ORAS AVRIG,,7,,234,826
33,162,2,998,891,601,290,888,3,ORAS AVRIG,,7,,289,599
33,163,2,896,715,605,110,713,2,ORAS AVRIG,,7,,211,502
33,164,2,0,137,0,137,135,2,ORAS AVRIG,,7,,28,107
33,165,2,703,573,476,97,568,5,ORAS AVRIG,,7,,216,352
33,166,2,483,461,377,84,459,2,ORAS AVRIG,,7,,148,311
33,167,2,199,175,137,38,174,1,ORAS AVRIG,,7,,36,138
33,168,2,237,202,150,52,200,2,ORAS CISNADIE,,7,,34,166
33,169,2,1251,965,893,72,961,4,ORAS CISNADIE,,7,,183,778
33,170,2,1316,1061,993,68,1054,7,ORAS CISNADIE,,7,,235,819
33,171,2,1202,1006,911,95,999,7,ORAS CISNADIE,,7,,205,794
33,172,2,1124,1016,845,171,1010,6,ORAS CISNADIE,,7,,336,674
33,173,2,1393,1117,1003,114,1110,7,ORAS CISNADIE,,7,,305,805
33,174,2,1080,966,821,145,954,12,ORAS CISNADIE,,7,,259,695
33,175,2,1185,960,909,51,944,16,ORAS CISNADIE,,7,,280,664
33,176,2,1446,1241,1039,202,1234,4,ORAS CISNADIE,,7,,317,917
33,177,2,1511,1284,1117,167,1275,9,ORAS CISNADIE,,7,,352,923
33,178,2,1067,991,806,185,983,8,ORAS COPSA MICA,,7,,161,822
33,179,2,420,462,326,136,460,2,ORAS COPSA MICA,,7,,124,336
33,180,2,1430,1301,1166,135,1295,6,ORAS COPSA MICA,,7,,256,1039
33,181,2,1184,1025,932,93,1021,4,ORAS DUMBRAVENI,,7,,215,806
33,182,2,1013,840,777,63,831,9,ORAS DUMBRAVENI,,7,,197,634
33,183,2,1155,948,877,71,938,10,ORAS DUMBRAVENI,,7,,236,702
33,184,2,1120,909,818,91,906,3,ORAS DUMBRAVENI,,7,,126,780
33,185,2,172,177,110,67,175,2,ORAS DUMBRAVENI,,7,,42,133
33,186,2,358,288,251,37,280,8,ORAS DUMBRAVENI,,7,,109,171
33,187,2,1028,923,790,133,919,4,ORAS DUMBRAVENI,,7,,94,825
33,188,2,812,610,506,104,604,6,ORAS OCNA SIBIULUI,,7,,182,422
33,189,2,874,678,590,88,672,6,ORAS OCNA SIBIULUI,,7,,157,515
33,190,2,1377,1117,980,137,1106,11,ORAS OCNA SIBIULUI,,7,,247,859
33,191,2,157,166,101,65,166,0,ORAS OCNA SIBIULUI,,7,,35,131
33,192,2,978,675,520,155,662,13,ORAS TALMACIU,,7,,229,433
33,193,2,1233,1132,877,255,1128,4,ORAS TALMACIU,,7,,329,799
33,194,2,1049,816,701,115,812,4,ORAS TALMACIU,,7,,280,532
33,195,2,858,717,602,115,716,1,ORAS TALMACIU,,7,,214,502
33,196,2,1183,901,794,107,898,3,ORAS TALMACIU,,7,,145,753
33,197,2,994,756,669,87,747,9,ORAS TALMACIU,,7,,233,514
33,198,2,796,643,525,118,639,4,ALTINA,,7,,187,452
33,199,2,162,175,115,60,174,1,ALTINA,,7,,74,100
33,200,2,166,194,130,64,192,2,ALTINA,,7,,107,85
33,201,2,900,747,632,115,743,4,APOLDU DE JOS,,7,,283,460
33,202,2,289,266,223,43,263,3,APOLDU DE JOS,,7,,119,144
33,203,2,815,704,579,125,697,7,ARPASU DE JOS,,7,,163,534
33,204,2,912,770,631,139,767,3,ARPASU DE JOS,,7,,249,518
33,205,2,323,318,257,61,317,1,ARPASU DE JOS,,7,,189,128
33,206,2,763,734,560,174,732,2,ATEL,,7,,183,549
33,207,2,123,152,93,59,150,2,ATEL,,7,,58,92
33,208,2,601,589,487,102,582,7,ATEL,,7,,171,411
33,209,2,249,225,190,35,224,1,ATEL,,7,,102,122
33,210,2,717,641,577,64,636,5,ATEL,,7,,189,447
33,211,2,1568,1255,1064,191,1249,6,AXENTE SEVER,,7,,396,853
33,212,2,890,861,663,198,858,3,AXENTE SEVER,,7,,236,622
33,213,2,198,201,140,61,200,1,AXENTE SEVER,,7,,38,162
33,214,2,1046,944,702,242,939,5,BAZNA,,7,,208,731
33,215,2,1105,853,741,112,844,9,BAZNA,,7,,231,613
33,216,2,414,389,287,102,380,9,BAZNA,,7,,109,271
33,217,2,956,873,757,116,866,7,BIERTAN,,7,,204,662
33,218,2,540,432,301,131,430,2,BIERTAN,,7,,129,301
33,219,2,276,299,216,83,297,2,BIERTAN,,7,,68,229
33,220,2,565,518,418,100,517,1,BARGHIS,,7,,176,341
33,221,2,111,115,72,43,115,0,BARGHIS,,7,,50,65
33,222,2,306,311,231,80,308,3,BARGHIS,,7,,149,159
33,223,2,99,138,83,55,135,3,BARGHIS,,7,,70,65
33,224,2,268,237,201,36,235,2,BARGHIS,,7,,116,119
33,225,2,110,122,92,30,122,0,BARGHIS,,7,,67,55
33,226,2,1441,1174,1027,147,1158,16,BLAJEL,,7,,284,874
33,227,2,349,349,286,63,347,2,BLAJEL,,7,,95,252
33,228,2,1152,1058,841,217,1041,17,BRATEIU,,7,,154,887
33,229,2,431,428,307,121,427,1,BRATEIU,,7,,49,378
33,230,2,370,385,281,104,385,0,BRADENI,,7,,98,287
33,231,2,477,408,363,45,406,2,BRADENI,,7,,252,154
33,232,2,104,108,84,24,106,2,BRADENI,,7,,43,63
33,233,2,479,432,345,87,430,2,BRUIU,,7,,189,241
33,234,2,433,374,293,81,370,4,CHIRPAR,,7,,131,239
33,235,2,117,143,91,52,140,3,CHIRPAR,,7,,63,77
33,236,2,162,203,126,77,201,2,CHIRPAR,,7,,45,156
33,237,2,82,75,39,36,74,1,CHIRPAR,,7,,18,56
33,238,2,676,521,444,77,513,8,CARTA,,7,,270,243
33,239,2,896,820,653,167,818,2,CARTISOARA,,7,,278,540
33,240,2,1068,910,703,207,906,4,CRISTIAN,,7,,142,764
33,241,2,848,764,590,174,762,2,CRISTIAN,,7,,185,577
33,242,2,1564,1386,1235,151,1380,6,DARLOS,,7,,405,975
33,243,2,462,427,375,52,411,16,DARLOS,,7,,155,256
33,244,2,1383,994,915,79,983,11,GURA RAULUI,,7,,342,641
33,245,2,1234,885,785,100,874,11,GURA RAULUI,,7,,261,613
33,246,2,627,557,464,93,555,2,HOGHILAG,,7,,136,419
33,247,2,246,198,168,30,196,2,HOGHILAG,,7,,103,93
33,248,2,355,378,274,104,377,1,HOGHILAG,,7,,46,331
33,249,2,398,351,289,62,347,4,IACOBENI,,7,,93,254
33,250,2,275,261,211,50,257,4,IACOBENI,,7,,124,133
33,251,2,229,228,171,57,226,2,IACOBENI,,7,,111,115
33,252,2,225,225,160,65,224,1,IACOBENI,,7,,75,149
33,253,2,189,187,142,45,186,1,IACOBENI,,7,,74,112
33,254,2,1169,642,592,50,625,17,JINA,,7,,174,451
33,255,2,1622,827,755,72,816,11,JINA,,7,,250,566
33,256,2,780,714,534,180,707,7,LASLEA,,7,,193,514
33,257,2,88,92,65,27,91,1,LASLEA,,7,,22,69
33,258,2,640,506,456,50,500,6,LASLEA,,7,,198,302
33,259,2,323,293,258,35,289,4,LASLEA,,7,,160,129
33,260,2,88,120,62,58,117,3,LASLEA,,7,,51,66
33,261,2,770,628,565,63,627,1,LOAMNES,,7,,311,316
33,262,2,786,577,534,43,568,9,LOAMNES,,7,,283,285
33,263,2,640,398,368,30,397,1,LOAMNES,,7,,85,312
33,264,2,382,361,287,74,360,1,LOAMNES,,7,,139,221
33,265,2,730,536,452,84,523,13,LUDOS,,7,,224,299
33,266,2,462,523,299,224,519,4,MARPOD,,7,,204,315
33,267,2,473,424,325,99,401,23,MERGHINDEAL,,7,,68,333
33,268,2,330,298,203,95,295,3,MERGHINDEAL,,7,,95,200
33,269,2,1188,976,890,86,973,3,MICASASA,,7,,280,693
33,270,2,559,502,455,47,495,7,MICASASA,,7,,184,311
33,271,2,155,135,112,23,135,0,MICASASA,,7,,78,57
33,272,2,1389,1147,970,177,1139,8,MIERCUREA SIBIULUI,,7,,402,737
33,273,2,1031,746,659,87,739,7,MIERCUREA SIBIULUI,,7,,378,361
33,274,2,401,309,251,58,308,1,MIERCUREA SIBIULUI,,7,,75,233
33,275,2,374,385,319,66,384,1,MIHAILENI,,7,,125,259
33,276,2,230,207,147,60,206,1,MIHAILENI,,7,,63,143
33,277,2,1269,1100,910,190,1094,6,MOSNA,,7,,276,818
33,278,2,335,315,263,52,311,4,MOSNA,,7,,51,260
33,279,2,196,204,150,54,201,3,MOSNA,,7,,55,146
33,280,2,715,623,493,130,616,7,NOCRICH,,7,,185,431
33,281,2,424,436,314,122,432,4,NOCRICH,,7,,128,304
33,282,2,200,246,165,81,246,0,NOCRICH,,7,,61,185
33,283,2,98,98,67,31,97,1,NOCRICH,,7,,26,71
33,284,2,108,93,59,34,93,0,NOCRICH,,7,,8,85
33,285,2,1251,1014,886,128,1011,3,ORLAT,,7,,156,855
33,286,2,994,748,697,51,741,7,ORLAT,,7,,149,592
33,287,2,594,473,421,52,470,3,PAUCA,,7,,231,239
33,288,2,632,399,368,31,391,8,PAUCA,,7,,165,226
33,289,2,371,340,309,31,323,17,PAUCA,,7,,113,210
33,290,2,448,352,311,41,347,5,PAUCA,,7,,181,166
33,291,2,859,477,404,73,466,11,POIANA SIBIULUI,,7,,171,295
33,292,2,1061,560,464,96,557,3,POIANA SIBIULUI,,7,,210,347
33,293,2,1183,911,788,123,897,14,POPLACA,,7,,169,728
33,294,2,833,661,507,154,651,10,PORUMBACU DE JOS,,7,,268,383
33,295,2,625,648,470,178,642,6,PORUMBACU DE JOS,,7,,206,436
33,296,2,475,504,322,182,497,7,PORUMBACU DE JOS,,7,,176,321
33,297,2,287,306,224,82,300,6,PORUMBACU DE JOS,,7,,65,235
33,298,2,133,137,69,68,137,0,PORUMBACU DE JOS,,7,,53,84
33,299,2,1608,1334,1222,112,1319,15,RACOVITA,,7,,349,970
33,300,2,546,518,458,60,516,2,RACOVITA,,7,,111,405
33,301,2,1391,902,753,149,892,10,RASINARI,,7,,123,769
33,302,2,1252,992,814,178,989,3,RASINARI,,7,,188,801
33,303,2,1167,897,697,200,885,12,RASINARI,,7,,146,739
33,304,2,537,325,288,37,320,5,RAU SADULUI,,7,,92,228
33,305,2,755,627,460,167,624,3,ROSIA,,7,,212,412
33,306,2,890,700,576,124,692,8,ROSIA,,7,,229,463
33,307,2,474,430,339,91,428,2,ROSIA,,7,,136,292
33,308,2,411,335,248,87,330,5,ROSIA,,7,,131,199
33,309,2,257,287,188,99,287,0,ROSIA,,7,,92,195
33,310,2,87,100,66,34,98,2,ROSIA,,7,,38,60
33,311,2,1853,1503,1373,130,1494,9,SADU,,7,,377,1117
33,312,2,930,738,567,171,731,7,SALISTEA,,7,,220,511
33,313,2,1034,834,691,143,828,6,SALISTEA,,7,,288,540
33,314,2,240,235,171,64,234,1,SALISTEA,,7,,95,139
33,315,2,296,269,210,59,268,1,SALISTEA,,7,,137,131
33,316,2,317,294,242,52,294,0,SALISTEA,,7,,82,212
33,317,2,251,217,185,32,211,6,SALISTEA,,7,,86,125
33,318,2,392,319,281,38,318,1,SALISTEA,,7,,77,241
33,319,2,251,218,169,49,217,1,SALISTEA,,7,,45,172
33,320,2,227,227,165,62,226,1,SALISTEA,,7,,64,162
33,321,2,307,285,238,47,282,3,SALISTEA,,7,,81,201
33,322,2,1208,1006,825,181,1001,5,SELIMBAR,,7,,243,758
33,323,2,1156,972,841,131,966,6,SELIMBAR,,7,,324,642
33,324,2,501,437,352,85,430,7,SELIMBAR,,7,,122,308
33,325,2,355,305,233,72,304,1,SELIMBAR,,7,,74,230
33,326,2,1692,1277,1027,250,1261,16,SEICA MARE,,7,,331,930
33,327,2,780,837,570,267,826,11,SEICA MARE,,7,,174,652
33,328,2,341,303,243,60,303,0,SEICA MARE,,7,,73,230
33,329,2,472,475,371,104,475,0,SEICA MARE,,7,,118,357
33,330,2,62,71,34,37,69,2,SEICA MARE,,7,,20,49
33,331,2,142,156,113,43,156,0,SEICA MARE,,7,,79,77
33,332,2,715,669,534,135,663,6,SEICA MICA,,7,,138,525
33,333,2,476,388,324,64,386,2,SEICA MICA,,7,,172,214
33,334,2,791,534,448,86,530,4,SLIMNIC,,7,,166,364
33,335,2,940,606,531,75,602,4,SLIMNIC,,7,,126,476
33,336,2,527,508,357,151,500,8,SLIMNIC,,7,,191,309
33,337,2,212,192,142,50,189,3,SLIMNIC,,7,,74,115
33,338,2,1454,1148,877,271,1144,4,SURA MARE,,7,,294,850
33,339,2,381,365,263,102,360,5,SURA MARE,,7,,83,277
33,340,2,952,849,679,170,843,6,SURA MICA,,7,,204,639
33,341,2,359,315,265,50,314,1,SURA MICA,,7,,33,281
33,342,2,934,587,534,53,583,4,TILISCA,,7,,279,304
33,343,2,390,328,272,56,323,5,TILISCA,,7,,141,182
33,344,2,974,735,635,100,731,4,TARNAVA,,7,,144,587
33,345,2,856,791,650,141,779,12,TARNAVA,,7,,140,639
33,346,2,1275,1109,946,163,1099,10,TURNU ROSU,,7,,287,812
33,347,2,590,574,484,90,569,5,TURNU ROSU,,7,,162,407
33,348,2,1071,926,822,104,914,12,VALEA VIILOR,,7,,226,688
33,349,2,229,299,183,116,298,1,VALEA VIILOR,,7,,50,248
33,350,2,1453,1053,922,131,1040,13,VURPAR,,7,,318,722
34,1,2,1328,1176,1013,163,1168,8,MUNICIPIUL SUCEAVA,,4,,516,652
34,2,2,1361,1087,1009,78,1081,6,MUNICIPIUL SUCEAVA,,4,,393,688
34,3,2,1269,1118,949,169,1113,5,MUNICIPIUL SUCEAVA,,4,,500,613
34,4,2,1510,1197,1107,90,1192,5,MUNICIPIUL SUCEAVA,,4,,505,687
34,5,2,1393,1083,1013,70,1079,4,MUNICIPIUL SUCEAVA,,4,,444,635
34,6,2,1529,1213,1151,62,1205,8,MUNICIPIUL SUCEAVA,,4,,523,682
34,7,2,1314,1071,1014,57,1066,5,MUNICIPIUL SUCEAVA,,4,,504,562
34,8,2,1154,941,876,65,938,3,MUNICIPIUL SUCEAVA,,4,,415,523
34,9,2,1227,998,884,114,994,4,MUNICIPIUL SUCEAVA,,4,,444,550
34,10,2,1284,1024,947,77,1018,6,MUNICIPIUL SUCEAVA,,4,,388,630
34,11,2,1334,1047,906,141,1045,2,MUNICIPIUL SUCEAVA,,4,,452,593
34,12,2,1295,1133,949,184,1128,5,MUNICIPIUL SUCEAVA,,4,,469,659
34,13,2,1798,1324,1248,76,1317,7,MUNICIPIUL SUCEAVA,,4,,516,801
34,14,2,1528,1116,978,138,1110,6,MUNICIPIUL SUCEAVA,,4,,466,644
34,15,2,1627,1567,1088,479,1557,10,MUNICIPIUL SUCEAVA,,4,,598,959
34,16,2,1866,1413,1322,91,1404,9,MUNICIPIUL SUCEAVA,,4,,587,817
34,17,2,1759,1316,1203,113,1307,9,MUNICIPIUL SUCEAVA,,4,,504,803
34,18,2,1848,1361,1297,64,1353,8,MUNICIPIUL SUCEAVA,,4,,571,782
34,19,2,1676,1286,1226,60,1283,3,MUNICIPIUL SUCEAVA,,4,,435,848
34,20,2,1236,992,894,98,988,4,MUNICIPIUL SUCEAVA,,4,,330,658
34,21,2,1332,982,902,80,978,4,MUNICIPIUL SUCEAVA,,4,,341,637
34,22,2,1362,1115,1030,85,1106,9,MUNICIPIUL SUCEAVA,,4,,381,725
34,23,2,1433,1129,1050,79,1126,3,MUNICIPIUL SUCEAVA,,4,,360,766
34,24,2,1805,1408,1320,88,1402,6,MUNICIPIUL SUCEAVA,,4,,436,966
34,25,2,1362,995,922,73,993,2,MUNICIPIUL SUCEAVA,,4,,278,715
34,26,2,2095,1566,1450,116,1562,4,MUNICIPIUL SUCEAVA,,4,,627,935
34,27,2,1554,1184,1088,96,1177,7,MUNICIPIUL SUCEAVA,,4,,478,699
34,28,2,1915,1364,1314,50,1352,12,MUNICIPIUL SUCEAVA,,4,,581,771
34,29,2,1995,1501,1440,61,1491,10,MUNICIPIUL SUCEAVA,,4,,664,827
34,30,2,1684,1219,1147,72,1212,7,MUNICIPIUL SUCEAVA,,4,,495,717
34,31,2,1764,1321,1247,74,1313,8,MUNICIPIUL SUCEAVA,,4,,522,791
34,32,2,1319,1081,1004,77,1076,5,MUNICIPIUL SUCEAVA,,4,,387,689
34,33,2,1909,1469,1365,104,1463,6,MUNICIPIUL SUCEAVA,,4,,558,905
34,34,2,1565,1299,1152,147,1293,6,MUNICIPIUL SUCEAVA,,4,,520,773
34,35,2,1927,1516,1425,91,1510,6,MUNICIPIUL SUCEAVA,,4,,580,930
34,36,2,1719,1392,1179,213,1386,6,MUNICIPIUL SUCEAVA,,4,,457,929
34,37,2,1328,995,880,115,984,11,MUNICIPIUL SUCEAVA,,4,,416,568
34,38,2,1504,1221,1013,208,1212,9,MUNICIPIUL SUCEAVA,,4,,655,557
34,39,2,1644,1216,1107,109,1205,11,MUNICIPIUL SUCEAVA,,4,,590,615
34,40,2,1203,848,768,80,836,12,MUNICIPIUL SUCEAVA,,4,,359,477
34,41,2,2079,2160,1378,782,2148,12,MUNICIPIUL SUCEAVA,,4,,860,1288
34,42,2,1376,1031,958,73,1026,5,MUNICIPIUL SUCEAVA,,4,,461,565
34,43,2,1330,1004,951,53,1000,4,MUNICIPIUL SUCEAVA,,4,,389,611
34,44,2,1436,1005,948,57,999,6,MUNICIPIUL SUCEAVA,,4,,400,599
34,45,2,1408,1002,945,57,996,6,MUNICIPIUL SUCEAVA,,4,,460,536
34,46,2,1483,1135,1050,85,1123,12,MUNICIPIUL SUCEAVA,,4,,471,652
34,47,2,1437,1012,927,85,1006,6,MUNICIPIUL SUCEAVA,,4,,392,614
34,48,2,1301,986,871,115,978,8,MUNICIPIUL SUCEAVA,,4,,394,584
34,49,2,1528,1122,1047,75,1117,5,MUNICIPIUL SUCEAVA,,4,,455,662
34,50,2,1830,1328,1240,88,1318,10,MUNICIPIUL SUCEAVA,,4,,502,816
34,51,2,1388,1104,999,105,1095,9,MUNICIPIUL SUCEAVA,,4,,396,699
34,52,2,1609,1189,1085,104,1182,7,MUNICIPIUL SUCEAVA,,4,,469,713
34,53,2,1301,1030,948,82,1026,4,MUNICIPIUL SUCEAVA,,4,,466,560
34,54,2,1094,794,729,65,784,10,MUNICIPIUL SUCEAVA,,4,,439,345
34,55,2,1437,995,923,72,976,19,MUNICIPIUL SUCEAVA,,4,,495,481
34,56,2,0,216,0,216,214,2,MUNICIPIUL SUCEAVA,,4,,99,115
34,57,2,0,768,0,768,755,13,MUNICIPIUL SUCEAVA,,4,,368,387
34,58,2,1398,1196,1099,97,1190,6,MUNICIPIUL CAMPULUNG MOLDOVENESC,,4,,455,735
34,59,2,997,816,714,102,813,3,MUNICIPIUL CAMPULUNG MOLDOVENESC,,4,,329,484
34,60,2,1323,1055,989,66,1053,2,MUNICIPIUL CAMPULUNG MOLDOVENESC,,4,,546,507
34,61,2,938,733,664,69,729,4,MUNICIPIUL CAMPULUNG MOLDOVENESC,,4,,326,403
34,62,2,1072,801,745,56,798,3,MUNICIPIUL CAMPULUNG MOLDOVENESC,,4,,336,462
34,63,2,1826,1422,1309,113,1415,7,MUNICIPIUL CAMPULUNG MOLDOVENESC,,4,,551,864
34,64,2,1655,1335,1176,159,1330,5,MUNICIPIUL CAMPULUNG MOLDOVENESC,,4,,453,877
34,65,2,614,532,473,59,526,6,MUNICIPIUL CAMPULUNG MOLDOVENESC,,4,,192,334
34,66,2,2073,1477,1364,113,1468,9,MUNICIPIUL CAMPULUNG MOLDOVENESC,,4,,546,922
34,67,2,2160,1690,1609,81,1684,6,MUNICIPIUL CAMPULUNG MOLDOVENESC,,4,,650,1034
34,68,2,1013,842,800,42,834,8,MUNICIPIUL CAMPULUNG MOLDOVENESC,,4,,387,447
34,69,2,980,839,779,60,830,9,MUNICIPIUL CAMPULUNG MOLDOVENESC,,4,,403,427
34,70,2,1069,878,792,86,871,7,MUNICIPIUL CAMPULUNG MOLDOVENESC,,4,,421,450
34,71,2,0,175,0,175,172,3,MUNICIPIUL CAMPULUNG MOLDOVENESC,,4,,85,87
34,72,2,0,225,0,225,222,3,MUNICIPIUL CAMPULUNG MOLDOVENESC,,4,,94,128
34,73,2,1320,1115,979,136,1109,6,MUNICIPIUL FALTICENI,,4,,641,468
34,74,2,1310,1095,959,136,1086,9,MUNICIPIUL FALTICENI,,4,,653,433
34,75,2,1296,1128,975,153,1118,10,MUNICIPIUL FALTICENI,,4,,664,454
34,76,2,1244,1075,958,117,1064,11,MUNICIPIUL FALTICENI,,4,,618,446
34,77,2,1069,995,778,217,989,6,MUNICIPIUL FALTICENI,,4,,543,446
34,78,2,1380,1220,1064,156,1210,10,MUNICIPIUL FALTICENI,,4,,634,576
34,79,2,1514,1290,1092,198,1285,5,MUNICIPIUL FALTICENI,,4,,678,607
34,80,2,1139,1018,852,166,1009,9,MUNICIPIUL FALTICENI,,4,,567,442
34,81,2,1860,1530,1318,212,1514,16,MUNICIPIUL FALTICENI,,4,,870,644
34,82,2,1004,916,755,161,904,12,MUNICIPIUL FALTICENI,,4,,538,366
34,83,2,1167,976,817,159,970,6,MUNICIPIUL FALTICENI,,4,,531,439
34,84,2,1540,1198,1038,160,1191,7,MUNICIPIUL FALTICENI,,4,,699,492
34,85,2,1509,1271,1132,139,1262,9,MUNICIPIUL FALTICENI,,4,,804,458
34,86,2,1073,806,728,78,804,2,MUNICIPIUL FALTICENI,,4,,484,320
34,87,2,1246,1003,911,92,998,5,MUNICIPIUL FALTICENI,,4,,753,245
34,88,2,594,448,416,32,443,5,MUNICIPIUL FALTICENI,,4,,240,203
34,89,2,1278,1109,933,176,1100,9,MUNICIPIUL FALTICENI,,4,,677,423
34,90,2,0,610,0,610,605,5,MUNICIPIUL FALTICENI,,4,,317,288
34,91,2,0,222,0,222,219,3,MUNICIPIUL FALTICENI,,4,,159,60
34,92,2,2149,1588,1494,94,1577,11,MUNICIPIUL RADAUTI,,4,,558,1019
34,93,2,2276,1826,1719,107,1815,11,MUNICIPIUL RADAUTI,,4,,789,1026
34,94,2,2086,1547,1477,70,1541,6,MUNICIPIUL RADAUTI,,4,,654,887
34,95,2,1984,1384,1197,187,1374,10,MUNICIPIUL RADAUTI,,4,,520,854
34,96,2,2641,1599,1386,213,1588,11,MUNICIPIUL RADAUTI,,4,,537,1051
34,97,2,1626,1577,1018,559,1570,7,MUNICIPIUL RADAUTI,,4,,593,977
34,98,2,2054,1468,1349,119,1459,9,MUNICIPIUL RADAUTI,,4,,507,952
34,99,2,1941,1387,1299,88,1383,4,MUNICIPIUL RADAUTI,,4,,503,880
34,100,2,2160,1650,1423,227,1631,19,MUNICIPIUL RADAUTI,,4,,640,991
34,101,2,2249,1581,1485,96,1566,15,MUNICIPIUL RADAUTI,,4,,645,921
34,102,2,2203,1589,1533,56,1578,11,MUNICIPIUL RADAUTI,,4,,645,933
34,103,2,303,319,286,33,310,9,MUNICIPIUL RADAUTI,,4,,173,137
34,104,2,2390,1924,1735,189,1911,13,ORAS GURA HUMORULUI,,4,,943,968
34,105,2,1878,1407,1341,66,1398,9,ORAS GURA HUMORULUI,,4,,723,675
34,106,2,1056,807,732,75,796,11,ORAS GURA HUMORULUI,,4,,375,421
34,107,2,2846,2028,1865,163,2023,5,ORAS GURA HUMORULUI,,4,,953,1070
34,108,2,2069,1485,1320,165,1481,4,ORAS GURA HUMORULUI,,4,,683,798
34,109,2,1647,1272,1129,143,1268,4,ORAS GURA HUMORULUI,,4,,644,624
34,110,2,590,535,462,73,529,6,ORAS GURA HUMORULUI,,4,,294,235
34,111,2,1668,1374,1190,184,1372,2,ORAS SIRET,,4,,533,839
34,112,2,1417,1021,945,76,1016,5,ORAS SIRET,,4,,321,695
34,113,2,1705,1176,1115,61,1171,5,ORAS SIRET,,4,,406,765
34,114,2,1001,830,718,112,823,7,ORAS SIRET,,4,,251,572
34,115,2,411,355,311,44,351,4,ORAS SIRET,,4,,223,128
34,116,2,447,389,353,36,387,2,ORAS SIRET,,4,,271,116
34,117,2,1986,1619,1424,195,1606,13,ORAS SOLCA,,4,,1017,589
34,118,2,1528,1167,1036,131,1158,9,ORAS SOLCA,,4,,903,255
34,119,2,1738,1468,1162,306,1454,14,ORAS VATRA DORNEI,,4,,655,799
34,120,2,2019,1943,1336,607,1937,6,ORAS VATRA DORNEI,,4,,870,1067
34,121,2,1050,864,767,97,860,4,ORAS VATRA DORNEI,,4,,341,519
34,122,2,1193,916,829,87,913,3,ORAS VATRA DORNEI,,4,,390,523
34,123,2,547,412,379,33,409,3,ORAS VATRA DORNEI,,4,,173,236
34,124,2,1503,1217,1031,186,1209,8,ORAS VATRA DORNEI,,4,,510,699
34,125,2,2155,1649,1485,164,1641,8,ORAS VATRA DORNEI,,4,,724,917
34,126,2,970,727,658,69,718,9,ORAS VATRA DORNEI,,4,,322,396
34,127,2,1880,1382,1282,100,1367,15,ORAS VATRA DORNEI,,4,,516,851
34,128,2,885,719,579,140,717,2,ORAS VATRA DORNEI,,4,,251,466
34,129,2,575,480,414,66,476,4,ORAS VATRA DORNEI,,4,,245,231
34,130,2,0,380,0,380,379,1,ORAS VATRA DORNEI,,4,,131,248
34,131,2,2197,1655,1530,125,1641,14,ADANCATA,,4,,1040,601
34,132,2,523,414,361,53,412,2,ADANCATA,,4,,300,112
34,133,2,539,450,380,70,441,9,ADANCATA,,4,,282,159
34,134,2,445,354,309,45,347,7,ADANCATA,,4,,212,135
34,135,2,2283,2060,1870,190,2039,21,ADANCATA,,4,,1597,442
34,136,2,1297,956,888,68,947,9,ARBORE,,4,,420,527
34,137,2,1688,1297,1209,88,1290,7,ARBORE,,4,,640,650
34,138,2,1357,999,934,65,993,6,ARBORE,,4,,600,393
34,139,2,904,766,669,97,766,0,ARBORE,,4,,525,241
34,140,2,1908,1494,1372,122,1471,23,BAIA,,4,,1188,283
34,141,2,1772,1377,1317,60,1369,8,BAIA,,4,,1101,268
34,142,2,980,733,689,44,731,2,BAIA,,4,,592,139
34,143,2,1499,1020,869,151,1005,15,BALCAUTI,,4,,628,377
34,144,2,958,807,674,133,800,7,BALCAUTI,,4,,516,284
34,145,2,714,514,503,11,513,1,BILCA,,4,,361,152
34,146,2,1013,802,777,25,790,12,BILCA,,4,,528,262
34,147,2,924,780,756,24,772,8,BILCA,,4,,441,331
34,148,2,1667,1206,1119,87,1201,5,BOGDANESTI,,4,,904,297
34,149,2,1223,947,830,117,939,8,BOGDANESTI,,4,,698,241
34,150,2,1463,1142,1041,101,1131,11,BOROAIA,,4,,847,284
34,151,2,438,418,370,48,414,4,BOROAIA,,4,,295,119
34,152,2,673,616,550,66,604,12,BOROAIA,,4,,458,146
34,153,2,1032,823,725,98,816,7,BOROAIA,,4,,596,220
34,154,2,1787,1030,943,87,1018,12,BOSANCI,,4,,609,409
34,155,2,1033,1079,1033,46,681,8,BOSANCI,,4,,370,311
34,156,2,1590,991,924,67,975,16,BOSANCI,,4,,544,431
34,157,2,179,140,116,24,134,6,BOSANCI,,4,,83,51
34,158,2,2046,1654,1571,83,1649,5,BOTOSANA,,4,,1012,637
34,159,2,1023,861,783,78,851,10,BOTOSANA,,4,,575,276
34,160,2,745,615,544,71,607,8,BOTOSANA,,4,,350,257
34,161,2,1454,1093,984,109,1082,11,BREAZA,,4,,673,409
34,162,2,1105,778,664,114,770,8,BRODINA,,4,,380,390
34,163,2,723,345,309,36,343,2,BRODINA,,4,,113,230
34,164,2,922,779,616,163,777,2,BRODINA,,4,,383,394
34,165,2,1029,825,733,92,818,7,BROSTENI,,4,,527,291
34,166,2,1255,986,870,116,982,4,BROSTENI,,4,,574,408
34,167,2,1243,1046,656,390,1040,6,BROSTENI,,4,,587,453
34,168,2,1305,979,911,68,976,3,BROSTENI,,4,,518,458
34,169,2,120,148,92,56,147,1,BROSTENI,,4,,88,59
34,170,2,807,668,621,47,664,4,BUNESTI,,4,,506,158
34,171,2,716,488,460,28,485,3,BUNESTI,,4,,401,84
34,172,2,586,419,373,46,411,8,BUNESTI,,4,,302,109
34,173,2,1476,1204,1155,49,1183,21,CACICA,,4,,630,553
34,174,2,1078,891,803,88,883,8,CACICA,,4,,539,344
34,175,2,786,578,546,32,571,7,CACICA,,4,,236,335
34,176,2,2627,1686,1652,34,1673,13,CAJVANA,,4,,809,864
34,177,2,2111,1138,1103,35,1132,6,CAJVANA,,4,,515,617
34,178,2,1764,1346,1304,42,1330,16,CALAFINDESTI,,4,,750,580
34,179,2,296,264,238,26,260,4,CALAFINDESTI,,4,,179,81
34,180,2,1523,1103,1063,40,1090,13,CALAFINDESTI,,4,,680,410
34,181,2,843,604,576,28,598,6,CALAFINDESTI,,4,,424,174
34,182,2,1871,1460,1227,233,1452,8,CIPRIAN PORUMBESCU,,4,,851,601
34,183,2,1290,1020,854,166,1012,8,CIPRIAN PORUMBESCU,,4,,674,338
34,184,2,1343,1335,1101,234,1272,63,CIPRIAN PORUMBESCU,,4,,561,711
34,185,2,1395,1031,903,128,1024,7,CARLIBABA,,4,,443,581
34,186,2,1082,931,767,164,926,5,CORNU LUNCII,,4,,627,299
34,187,2,1229,952,913,39,947,5,CORNU LUNCII,,4,,613,334
34,188,2,916,783,675,108,779,4,CORNU LUNCII,,4,,428,351
34,189,2,607,533,425,108,527,6,CORNU LUNCII,,4,,318,209
34,190,2,1171,798,687,111,790,8,CORNU LUNCII,,4,,549,241
34,191,2,1145,968,765,203,964,4,CRUCEA,,4,,538,426
34,192,2,446,389,339,50,384,5,CRUCEA,,4,,209,175
34,193,2,972,762,698,64,758,4,DARMANESTI,,4,,527,231
34,194,2,655,540,480,60,537,3,DARMANESTI,,4,,355,182
34,195,2,1291,1047,970,77,1042,5,DARMANESTI,,4,,633,409
34,196,2,592,505,454,51,501,4,DARMANESTI,,4,,372,129
34,197,2,766,607,536,71,606,1,DARMANESTI,,4,,356,250
34,198,2,2159,1155,1038,117,1144,11,DOLHASCA,,4,,646,498
34,199,2,1438,1158,1000,158,1146,12,DOLHASCA,,4,,707,439
34,200,2,424,307,271,36,305,2,DOLHASCA,,4,,184,121
34,201,2,1298,932,865,67,922,10,DOLHASCA,,4,,706,216
34,202,2,1865,1238,1092,146,1234,4,DOLHASCA,,4,,885,349
34,203,2,1062,774,698,76,766,8,DOLHASCA,,4,,621,145
34,204,2,632,409,378,31,404,5,DOLHASCA,,4,,323,81
34,205,2,1661,1318,1210,108,1305,13,DOLHESTI,,4,,909,396
34,206,2,990,754,674,80,744,10,DOLHESTI,,4,,433,311
34,207,2,626,550,486,64,547,3,DOLHESTI,,4,,420,127
34,208,2,1726,1357,1231,126,1351,6,DORNA-ARINI,,4,,577,774
34,209,2,705,632,560,72,632,0,DORNA-ARINI,,4,,278,354
34,210,2,1625,1241,1108,133,1240,1,DORNA CANDRENILOR,,4,,640,600
34,211,2,1219,1003,861,142,999,4,DORNA CANDRENILOR,,4,,513,486
34,212,2,652,569,496,73,565,4,DORNA CANDRENILOR,,4,,210,355
34,213,2,1797,1394,1212,182,1383,11,DORNESTI,,4,,735,648
34,214,2,1288,853,724,129,847,6,DORNESTI,,4,,535,312
34,215,2,805,570,508,62,564,6,DRAGOIESTI,,4,,360,204
34,216,2,1558,1150,1033,117,1140,10,DRAGOIESTI,,4,,592,548
34,217,2,419,331,288,43,329,2,DRAGOIESTI,,4,,211,118
34,218,2,1524,1026,945,81,1010,16,DRAGOIESTI,,4,,638,372
34,219,2,1854,1168,1047,121,1153,15,DRAGUSENI,,4,,788,365
34,220,2,269,278,174,104,277,1,DRAGUSENI,,4,,213,64
34,221,2,2605,1615,1429,186,1603,12,DUMBRAVENI,,4,,1009,594
34,222,2,1323,1055,869,186,1046,9,DUMBRAVENI,,4,,720,326
34,223,2,1183,962,834,128,952,10,DUMBRAVENI,,4,,670,282
34,224,2,416,316,268,48,310,6,DUMBRAVENI,,4,,190,120
34,225,2,1197,842,764,78,838,4,FANTANELE,,4,,562,276
34,226,2,1052,830,751,79,824,6,FANTANELE,,4,,598,226
34,227,2,1590,1220,1144,76,1163,57,FANTANELE,,4,,868,295
34,228,2,1344,922,822,100,913,9,FORASTI,,4,,778,135
34,229,2,1067,861,754,107,859,2,FORASTI,,4,,676,183
34,230,2,1664,1591,1485,106,1452,139,FORASTI,,4,,1199,253
34,231,2,2238,1618,1348,270,1608,10,FRASIN,,4,,765,843
34,232,2,1132,942,742,200,934,8,FRASIN,,4,,558,376
34,233,2,1576,1246,1068,178,1236,10,FRASIN,,4,,795,441
34,234,2,1640,1124,1017,107,1113,11,FRATAUTII NOI,,4,,663,450
34,235,2,1202,868,783,85,857,11,FRATAUTII NOI,,4,,575,282
34,236,2,1246,845,736,109,836,9,FRATAUTII NOI,,4,,516,320
34,237,2,2088,1305,1218,87,1295,10,FRATAUTII VECHI,,4,,762,533
34,238,2,1373,931,869,62,923,8,FRATAUTII VECHI,,4,,537,386
34,239,2,1757,1414,1325,89,1407,7,FRUMOSU,,4,,861,546
34,240,2,695,582,562,20,577,5,FRUMOSU,,4,,298,279
34,241,2,297,276,254,22,276,0,FRUMOSU,,4,,112,164
34,242,2,1414,1194,1100,94,1188,6,FUNDU MOLDOVEI,,4,,714,474
34,243,2,792,651,590,61,648,3,FUNDU MOLDOVEI,,4,,448,200
34,244,2,953,788,702,86,786,2,FUNDU MOLDOVEI,,4,,520,266
34,245,2,1809,1341,1225,116,1335,6,GALANESTI,,4,,817,518
34,246,2,2114,1384,1271,113,1367,17,GALANESTI,,4,,713,654
34,247,2,1668,1282,1153,129,1266,16,GRAMESTI,,4,,822,444
34,248,2,755,650,560,90,552,8,GRAMESTI,,4,,342,210
34,249,2,1884,1182,1112,70,1172,10,GRANICESTI,,4,,668,504
34,250,2,906,672,601,71,664,8,GRANICESTI,,4,,379,285
34,251,2,761,576,499,77,573,3,GRANICESTI,,4,,377,196
34,252,2,1262,797,780,17,789,8,HORODNIC,,4,,387,402
34,253,2,784,594,585,9,590,4,HORODNIC,,4,,363,227
34,254,2,1334,966,951,15,958,8,HORODNIC,,4,,514,444
34,255,2,689,492,492,0,485,7,HORODNIC,,4,,243,242
34,256,2,938,737,720,17,728,9,HORODNIC,,4,,448,280
34,257,2,1466,1021,900,121,1008,13,HORODNICENI,,4,,758,250
34,258,2,1873,1216,1124,92,1208,8,HORODNICENI,,4,,1019,189
34,259,2,1834,1446,1283,163,1434,12,IACOBENI,,4,,825,609
34,260,2,1177,1044,990,54,1038,6,IACOBENI,,4,,520,518
34,261,2,2255,1660,1516,144,1643,17,IPOTESTI,,4,,642,1001
34,262,2,621,500,417,83,495,5,IPOTESTI,,4,,321,174
34,263,2,578,502,418,84,494,8,IPOTESTI,,4,,257,237
34,264,2,778,513,449,64,502,11,IZVOARELE SUCEVEI,,4,,230,272
34,265,2,374,267,218,49,261,6,IZVOARELE SUCEVEI,,4,,125,136
34,266,2,572,442,356,86,437,5,IZVOARELE SUCEVEI,,4,,55,382
34,267,2,1418,1043,897,146,1035,8,LITENI,,4,,618,417
34,268,2,1999,1271,1136,135,1266,5,LITENI,,4,,783,483
34,269,2,1569,1051,948,103,1042,9,LITENI,,4,,680,362
34,270,2,1080,775,685,90,757,18,LITENI,,4,,490,267
34,271,2,626,508,436,72,503,5,LITENI,,4,,285,218
34,272,2,615,442,367,75,438,4,LITENI,,4,,287,151
34,273,2,1173,874,780,94,866,8,MALINI,,4,,505,361
34,274,2,1183,974,830,144,968,6,MALINI,,4,,727,241
34,275,2,1254,866,803,63,858,8,MALINI,,4,,468,390
34,276,2,912,634,579,55,629,5,MALINI,,4,,480,149
34,277,2,590,520,464,56,517,3,MALINI,,4,,395,122
34,278,2,1989,1491,1396,95,1481,10,MANASTIREA HUMORULUI,,4,,533,948
34,279,2,696,581,559,22,580,1,MANASTIREA HUMORULUI,,4,,221,359
34,280,2,1777,1090,1051,39,1081,9,MARGINEA,,4,,367,714
34,281,2,777,502,478,24,498,4,MARGINEA,,4,,197,301
34,282,2,1716,1067,1027,40,1053,14,MARGINEA,,4,,434,619
34,283,2,1523,1093,1039,54,1087,6,MARGINEA,,4,,426,661
34,284,2,2827,2005,1917,88,1984,21,MILISAUTI,,4,,809,1175
34,285,2,1106,784,765,19,775,9,MILISAUTI,,4,,414,361
34,286,2,2238,1529,1438,91,1511,18,MILISAUTI,,4,,788,723
34,287,2,1268,916,800,116,908,8,MITOCU DRAGOMIRNEI,,4,,527,381
34,288,2,1009,838,664,174,816,22,MITOCU DRAGOMIRNEI,,4,,565,251
34,289,2,328,274,231,43,272,2,MITOCU DRAGOMIRNEI,,4,,138,134
34,290,2,1561,1174,1088,86,1161,13,MOARA,,4,,822,339
34,291,2,568,508,475,33,506,2,MOARA,,4,,412,94
34,292,2,852,656,563,93,652,4,MOARA,,4,,355,297
34,293,2,1074,739,669,70,727,12,MOLDOVA-SULITA,,4,,457,270
34,294,2,526,425,350,75,423,2,MOLDOVA-SULITA,,4,,188,235
34,295,2,1960,1579,1421,158,1565,14,MOLDOVITA,,4,,575,990
34,296,2,943,724,667,57,717,7,MOLDOVITA,,4,,213,504
34,297,2,731,657,605,52,654,3,MOLDOVITA,,4,,160,494
34,298,2,1011,755,675,80,749,6,MUSENITA,,4,,440,309
34,299,2,767,623,547,76,620,3,MUSENITA,,4,,376,244
34,300,2,2069,1657,1279,378,1648,9,OSTRA,,4,,821,827
34,301,2,2265,1755,1629,126,1748,5,PALTINOASA,,4,,967,781
34,302,2,1871,1501,1384,117,1494,7,PALTINOASA,,4,,950,544
34,303,2,1258,992,896,96,985,7,PANACI,,4,,461,524
34,304,2,610,420,388,32,417,3,PANACI,,4,,191,226
34,305,2,1426,1079,960,119,1075,4,PATRAUTI,,4,,714,361
34,306,2,1011,786,726,60,774,12,PATRAUTI,,4,,578,196
34,307,2,1589,1201,1086,115,1199,2,PARTESTII DE JOS,,4,,692,507
34,308,2,689,571,521,50,562,9,PARTESTII DE JOS,,4,,324,238
34,309,2,1474,1037,925,112,1028,9,POIANA STAMPEI,,4,,527,501
34,310,2,212,253,142,111,248,5,POIANA STAMPEI,,4,,175,73
34,311,2,807,770,622,148,768,2,POJORATA,,4,,444,324
34,312,2,1141,1007,925,82,1004,3,POJORATA,,4,,592,412
34,313,2,233,259,182,77,258,1,POJORATA,,4,,118,140
34,314,2,1508,1498,1384,114,1490,8,PREUTESTI,,4,,1053,437
34,315,2,1475,1474,1309,165,1467,7,PREUTESTI,,4,,1085,382
34,316,2,853,696,592,104,687,6,PREUTESTI,,4,,425,262
34,317,2,1252,829,739,90,824,5,PREUTESTI,,4,,618,206
34,318,2,693,761,662,99,750,11,PREUTESTI,,4,,550,200
34,319,2,513,447,376,71,444,3,PREUTESTI,,4,,397,47
34,320,2,1965,1504,1394,110,1488,16,PUTNA,,4,,964,524
34,321,2,891,698,666,32,690,8,PUTNA,,4,,454,236
34,322,2,2051,1605,1471,134,1600,5,RADASENI,,4,,933,667
34,323,2,1158,900,861,39,895,5,RADASENI,,4,,621,274
34,324,2,188,158,136,22,154,4,RADASENI,,4,,108,46
34,325,2,2232,1603,1544,59,1587,16,RASCA,,4,,1052,535
34,326,2,1274,885,763,122,878,7,RASCA,,4,,674,204
34,327,2,1795,1412,1336,76,1402,10,SADOVA,,4,,794,608
34,328,2,1919,1489,1259,230,1474,15,SALCEA,,4,,845,629
34,329,2,2199,1467,1343,124,1452,15,SALCEA,,4,,896,556
34,330,2,874,679,619,60,666,13,SALCEA,,4,,353,313
34,331,2,1024,777,697,80,762,15,SALCEA,,4,,446,316
34,332,2,886,645,622,23,639,6,SATU MARE,,4,,396,243
34,333,2,1121,831,795,36,824,7,SATU MARE,,4,,496,328
34,334,2,960,669,615,54,663,6,SATU MARE,,4,,386,277
34,335,2,1316,960,904,56,941,19,SIMINICEA,,4,,469,472
34,336,2,1188,930,849,81,919,11,SIMINICEA,,4,,538,381
34,337,2,1380,947,858,89,936,11,SLATINA,,4,,734,202
34,338,2,1582,1160,1060,100,1153,7,SLATINA,,4,,975,178
34,339,2,955,653,608,45,641,12,SLATINA,,4,,473,168
34,340,2,1887,1245,1180,65,1236,9,STRAJA,,4,,606,630
34,341,2,2316,1340,1276,64,1328,12,STRAJA,,4,,609,719
34,342,2,2031,1448,1374,74,1439,9,STROIESTI,,4,,864,575
34,343,2,716,556,517,39,553,3,STROIESTI,,4,,334,219
34,344,2,2487,1544,1479,65,1533,11,STULPICANI,,4,,948,585
34,345,2,746,685,660,25,682,3,STULPICANI,,4,,403,279
34,346,2,407,358,318,40,357,1,STULPICANI,,4,,233,124
34,347,2,732,640,618,22,637,3,STULPICANI,,4,,430,207
34,348,2,473,433,417,16,429,4,STULPICANI,,4,,306,123
34,349,2,1035,852,799,53,843,9,SUCEVITA,,4,,443,400
34,350,2,785,642,614,28,635,7,SUCEVITA,,4,,296,339
34,351,2,1851,1450,1276,174,1441,9,SARU DORNEI,,4,,733,708
34,352,2,1282,1021,895,126,1018,3,SARU DORNEI,,4,,520,498
34,353,2,1489,1222,1053,169,1209,13,SCHEIA,,4,,595,614
34,354,2,1778,1314,1195,119,1296,18,SCHEIA,,4,,655,641
34,355,2,1811,1316,1166,150,1303,13,SCHEIA,,4,,644,659
34,356,2,1208,1059,960,99,1053,6,TODIRESTI,,4,,755,298
34,357,2,847,719,624,95,713,6,TODIRESTI,,4,,492,221
34,358,2,1007,848,749,99,840,8,TODIRESTI,,4,,564,276
34,359,2,1336,1100,1028,72,1089,11,TODIRESTI,,4,,691,398
34,360,2,1739,1465,1331,134,1453,12,UDESTI,,4,,1063,390
34,361,2,1428,1231,1039,192,1212,19,UDESTI,,4,,883,329
34,362,2,1977,1475,1327,148,1459,16,UDESTI,,4,,1014,445
34,363,2,1004,634,576,58,630,4,ULMA,,4,,396,234
34,364,2,722,524,475,49,518,6,ULMA,,4,,284,234
34,365,2,1152,909,733,176,904,5,VADU MOLDOVEI,,4,,721,183
34,366,2,1766,1383,1197,186,1375,8,VADU MOLDOVEI,,4,,963,412
34,367,2,1152,815,679,136,805,10,VADU MOLDOVEI,,4,,621,184
34,368,2,1129,941,812,129,933,8,VADU MOLDOVEI,,4,,717,216
34,369,2,2125,1511,1386,125,1490,21,VALEA MOLDOVEI,,4,,752,738
34,370,2,1709,1357,1277,80,1345,12,VALEA MOLDOVEI,,4,,664,681
34,371,2,2456,1936,1739,197,1929,7,VAMA,,4,,738,1191
34,372,2,827,682,581,101,676,6,VAMA,,4,,283,393
34,373,2,465,449,379,70,447,2,VAMA,,4,,141,306
34,374,2,611,561,440,121,556,5,VAMA,,4,,241,315
34,375,2,660,535,479,56,533,2,VATRA MOLDOVITEI,,4,,263,270
34,376,2,1156,924,820,104,919,5,VATRA MOLDOVITEI,,4,,365,554
34,377,2,1261,866,816,50,851,15,VATRA MOLDOVITEI,,4,,492,359
34,378,2,377,281,258,23,274,7,VATRA MOLDOVITEI,,4,,102,172
34,379,2,1731,1359,1156,203,1334,25,VERESTI,,4,,815,519
34,380,2,2070,1454,1337,117,1424,30,VERESTI,,4,,879,545
34,381,2,1123,868,802,66,849,19,VERESTI,,4,,449,400
34,382,2,2337,1685,1560,125,1677,8,VICOVU DE JOS,,4,,998,679
34,383,2,1727,1255,1168,87,1239,16,VICOVU DE JOS,,4,,706,533
34,384,2,2010,1311,1266,45,1296,15,VICOVU DE SUS,,4,,873,423
34,385,2,2202,1625,1618,7,1606,19,VICOVU DE SUS,,4,,943,663
34,386,2,1674,1075,1042,33,1057,18,VICOVU DE SUS,,4,,680,377
34,387,2,1895,1302,1282,20,1293,9,VICOVU DE SUS,,4,,791,502
34,388,2,1812,1078,1078,0,1064,14,VICOVU DE SUS,,4,,639,425
34,389,2,1554,1083,1063,20,1068,15,VOLOVAT,,4,,438,630
34,390,2,1437,1007,971,36,988,19,VOLOVAT,,4,,445,543
34,391,2,1348,978,926,52,966,12,VOLOVAT,,4,,464,502
34,392,2,732,567,492,75,563,4,VULTURESTI,,4,,399,164
34,393,2,1071,802,724,78,790,12,VULTURESTI,,4,,586,204
34,394,2,591,509,440,69,508,1,VULTURESTI,,4,,419,89
34,395,2,245,250,197,53,248,2,VULTURESTI,,4,,181,67
34,396,2,331,291,252,39,290,1,VULTURESTI,,4,,215,75
34,397,2,1944,1455,1321,134,1441,14,ZAMOSTEA,,4,,908,533
34,398,2,438,352,332,20,349,3,ZAMOSTEA,,4,,247,102
34,399,2,683,536,489,47,529,7,ZVORISTEA,,4,,360,169
34,400,2,1408,1115,996,119,1106,9,ZVORISTEA,,4,,765,341
34,401,2,497,427,379,48,423,4,ZVORISTEA,,4,,306,117
34,402,2,503,495,430,65,489,6,ZVORISTEA,,4,,335,154
34,403,2,523,461,414,47,449,12,ZVORISTEA,,4,,346,103
34,404,2,845,688,637,51,681,7,ZVORISTEA,,4,,485,196
35,1,2,1577,1035,952,83,1030,5,MUNICIPIUL ALEXANDRIA,,5,,642,388
35,2,2,1268,799,702,97,795,4,MUNICIPIUL ALEXANDRIA,,5,,479,316
35,3,2,1377,1027,925,102,1012,15,MUNICIPIUL ALEXANDRIA,,5,,559,453
35,4,2,1568,1179,1094,85,1167,12,MUNICIPIUL ALEXANDRIA,,5,,677,490
35,5,2,1687,1243,1106,137,1240,3,MUNICIPIUL ALEXANDRIA,,5,,738,502
35,6,2,1612,1149,1089,60,1141,8,MUNICIPIUL ALEXANDRIA,,5,,709,432
35,7,2,1715,1243,1143,100,1237,6,MUNICIPIUL ALEXANDRIA,,5,,722,515
35,8,2,1740,1249,1169,80,1240,9,MUNICIPIUL ALEXANDRIA,,5,,669,571
35,9,2,1588,1134,1034,100,1128,6,MUNICIPIUL ALEXANDRIA,,5,,655,473
35,10,2,1754,1365,1167,198,1360,5,MUNICIPIUL ALEXANDRIA,,5,,782,578
35,11,2,1483,1099,1007,92,1094,5,MUNICIPIUL ALEXANDRIA,,5,,610,484
35,12,2,1260,928,860,68,923,5,MUNICIPIUL ALEXANDRIA,,5,,479,444
35,13,2,1016,732,672,60,727,5,MUNICIPIUL ALEXANDRIA,,5,,418,309
35,14,2,1480,1069,936,133,1056,13,MUNICIPIUL ALEXANDRIA,,5,,619,437
35,15,2,1421,1026,904,122,1021,5,MUNICIPIUL ALEXANDRIA,,5,,533,488
35,16,2,1186,921,828,93,917,4,MUNICIPIUL ALEXANDRIA,,5,,524,393
35,17,2,1769,1183,1089,94,1181,2,MUNICIPIUL ALEXANDRIA,,5,,712,469
35,18,2,1363,971,873,98,968,3,MUNICIPIUL ALEXANDRIA,,5,,538,430
35,19,2,1156,846,790,56,840,6,MUNICIPIUL ALEXANDRIA,,5,,518,322
35,20,2,1206,914,838,76,913,1,MUNICIPIUL ALEXANDRIA,,5,,584,329
35,21,2,1158,808,737,71,805,3,MUNICIPIUL ALEXANDRIA,,5,,491,314
35,22,2,939,659,617,42,657,2,MUNICIPIUL ALEXANDRIA,,5,,412,245
35,23,2,1165,789,714,75,784,5,MUNICIPIUL ALEXANDRIA,,5,,462,322
35,24,2,1624,1140,1056,84,1136,4,MUNICIPIUL ALEXANDRIA,,5,,638,498
35,25,2,1282,906,814,92,901,5,MUNICIPIUL ALEXANDRIA,,5,,551,350
35,26,2,1669,1096,1001,95,1081,15,MUNICIPIUL ALEXANDRIA,,5,,727,354
35,27,2,1288,916,852,64,905,11,MUNICIPIUL ALEXANDRIA,,5,,549,356
35,28,2,1334,819,751,68,817,2,MUNICIPIUL ALEXANDRIA,,5,,533,284
35,29,2,2253,1599,1530,69,1566,33,MUNICIPIUL ALEXANDRIA,,5,,1058,508
35,30,2,2274,1491,1327,164,1458,33,MUNICIPIUL ALEXANDRIA,,5,,992,466
35,31,2,0,358,0,358,349,9,MUNICIPIUL ALEXANDRIA,,5,,201,148
35,32,2,0,504,0,504,504,0,MUNICIPIUL ALEXANDRIA,,5,,344,160
35,33,2,1262,952,848,104,948,4,MUNICIPIUL ROSIORI DE VEDE,,5,,518,430
35,34,2,1283,906,834,72,894,12,MUNICIPIUL ROSIORI DE VEDE,,5,,504,390
35,35,2,1162,1112,1004,108,1111,1,MUNICIPIUL ROSIORI DE VEDE,,5,,536,575
35,36,2,1418,1068,993,75,1065,3,MUNICIPIUL ROSIORI DE VEDE,,5,,555,510
35,37,2,1217,919,848,71,916,3,MUNICIPIUL ROSIORI DE VEDE,,5,,524,392
35,38,2,1367,949,886,63,945,4,MUNICIPIUL ROSIORI DE VEDE,,5,,515,430
35,39,2,1131,768,666,102,767,1,MUNICIPIUL ROSIORI DE VEDE,,5,,419,348
35,40,2,1104,851,747,104,851,0,MUNICIPIUL ROSIORI DE VEDE,,5,,471,380
35,41,2,1450,907,824,83,902,5,MUNICIPIUL ROSIORI DE VEDE,,5,,560,342
35,42,2,1435,1080,1003,77,1070,10,MUNICIPIUL ROSIORI DE VEDE,,5,,662,408
35,43,2,1496,961,912,49,953,8,MUNICIPIUL ROSIORI DE VEDE,,5,,565,388
35,44,2,1450,1076,1002,74,1061,15,MUNICIPIUL ROSIORI DE VEDE,,5,,653,408
35,45,2,1126,800,758,42,789,11,MUNICIPIUL ROSIORI DE VEDE,,5,,459,330
35,46,2,1320,985,923,62,982,3,MUNICIPIUL ROSIORI DE VEDE,,5,,576,406
35,47,2,1576,1038,967,71,1032,6,MUNICIPIUL ROSIORI DE VEDE,,5,,649,383
35,48,2,1231,845,792,53,840,5,MUNICIPIUL ROSIORI DE VEDE,,5,,476,364
35,49,2,1353,1008,871,137,1003,5,MUNICIPIUL ROSIORI DE VEDE,,5,,547,456
35,50,2,1659,1141,1037,104,1133,8,MUNICIPIUL ROSIORI DE VEDE,,5,,678,455
35,51,2,1547,1049,858,191,1042,7,MUNICIPIUL ROSIORI DE VEDE,,5,,626,416
35,52,2,1174,794,704,90,792,2,MUNICIPIUL ROSIORI DE VEDE,,5,,473,319
35,53,2,1404,936,874,62,931,5,MUNICIPIUL ROSIORI DE VEDE,,5,,570,361
35,54,2,0,358,0,358,354,4,MUNICIPIUL ROSIORI DE VEDE,,5,,233,121
35,55,2,1737,1154,1086,68,1138,16,MUNICIPIUL TURNU MAGURELE,,5,,782,356
35,56,2,1245,862,780,82,852,10,MUNICIPIUL TURNU MAGURELE,,5,,529,323
35,57,2,1770,1257,1025,232,1249,8,MUNICIPIUL TURNU MAGURELE,,5,,713,536
35,58,2,1559,1063,894,169,1054,9,MUNICIPIUL TURNU MAGURELE,,5,,602,452
35,59,2,2082,1354,1238,116,1349,5,MUNICIPIUL TURNU MAGURELE,,5,,789,560
35,60,2,1689,1098,928,170,1096,2,MUNICIPIUL TURNU MAGURELE,,5,,650,446
35,61,2,1565,1076,931,145,1060,16,MUNICIPIUL TURNU MAGURELE,,5,,614,446
35,62,2,1173,841,751,90,840,1,MUNICIPIUL TURNU MAGURELE,,5,,440,400
35,63,2,1711,1129,1064,65,1126,3,MUNICIPIUL TURNU MAGURELE,,5,,527,599
35,64,2,1432,927,841,86,917,10,MUNICIPIUL TURNU MAGURELE,,5,,514,403
35,65,2,1806,1301,1075,226,1299,2,MUNICIPIUL TURNU MAGURELE,,5,,623,676
35,66,2,1266,864,802,62,862,2,MUNICIPIUL TURNU MAGURELE,,5,,465,397
35,67,2,1123,793,687,106,789,4,MUNICIPIUL TURNU MAGURELE,,5,,407,382
35,68,2,1503,1030,966,64,1021,9,MUNICIPIUL TURNU MAGURELE,,5,,609,412
35,69,2,1107,793,701,92,792,1,MUNICIPIUL TURNU MAGURELE,,5,,392,400
35,70,2,1449,912,831,81,891,21,MUNICIPIUL TURNU MAGURELE,,5,,515,376
35,71,2,1632,1058,988,70,1044,14,MUNICIPIUL TURNU MAGURELE,,5,,607,437
35,72,2,1589,1145,1067,78,1130,15,MUNICIPIUL TURNU MAGURELE,,5,,675,455
35,73,2,0,241,0,241,240,1,MUNICIPIUL TURNU MAGURELE,,5,,147,93
35,74,2,0,211,0,211,207,4,MUNICIPIUL TURNU MAGURELE,,5,,115,92
35,75,2,1657,1229,942,287,1224,5,ORAS VIDELE,,5,,616,608
35,76,2,1244,907,722,185,902,5,ORAS VIDELE,,5,,508,394
35,77,2,1677,1152,1018,134,1148,4,ORAS VIDELE,,5,,613,535
35,78,2,840,714,518,196,705,9,ORAS VIDELE,,5,,460,245
35,79,2,1456,934,836,98,923,11,ORAS VIDELE,,5,,615,308
35,80,2,728,564,477,87,559,5,ORAS VIDELE,,5,,354,205
35,81,2,1319,712,632,80,706,6,ORAS VIDELE,,5,,371,335
35,82,2,412,279,221,58,276,3,ORAS VIDELE,,5,,178,98
35,83,2,1492,1055,991,64,1046,9,ORAS ZIMNICEA,,5,,699,347
35,84,2,1704,1190,1126,64,1180,10,ORAS ZIMNICEA,,5,,807,373
35,85,2,1586,1078,1011,67,1069,9,ORAS ZIMNICEA,,5,,704,365
35,86,2,1671,1110,954,156,1101,9,ORAS ZIMNICEA,,5,,562,539
35,87,2,1534,946,838,108,943,3,ORAS ZIMNICEA,,5,,472,471
35,88,2,1309,965,764,201,961,4,ORAS ZIMNICEA,,5,,499,462
35,89,2,1581,1091,1042,49,1071,20,ORAS ZIMNICEA,,5,,658,413
35,90,2,1626,1127,1063,64,1109,18,ORAS ZIMNICEA,,5,,636,473
35,91,2,1471,1045,954,91,1040,5,ORAS ZIMNICEA,,5,,588,452
35,92,2,1263,956,839,117,946,10,BALACI,,5,,754,192
35,93,2,951,736,572,164,728,8,BALACI,,5,,525,203
35,94,2,1717,1016,927,89,996,20,BABAITA,,5,,611,385
35,95,2,1806,1060,952,108,1046,14,BABAITA,,5,,682,364
35,96,2,956,710,657,53,695,15,BABAITA,,5,,516,179
35,97,2,727,524,459,65,519,5,BABAITA,,5,,273,246
35,98,2,2084,1218,1033,185,1202,16,BLEJESTI,,5,,855,347
35,99,2,887,696,544,152,685,11,BLEJESTI,,5,,429,256
35,100,2,322,244,188,56,243,1,BLEJESTI,,5,,168,75
35,101,2,1047,805,584,221,803,2,BOGDANA,,5,,628,175
35,102,2,759,600,449,151,591,9,BOGDANA,,5,,429,162
35,103,2,755,642,476,166,639,3,BOGDANA,,5,,474,165
35,104,2,1323,927,858,69,917,10,BOTOROAGA,,5,,609,308
35,105,2,981,593,569,24,585,8,BOTOROAGA,,5,,441,144
35,106,2,1625,1113,1038,75,1089,24,BOTOROAGA,,5,,783,306
35,107,2,248,200,195,5,194,6,BOTOROAGA,,5,,136,58
35,108,2,1558,948,845,103,940,8,BOTOROAGA,,5,,607,333
35,109,2,1440,747,603,144,743,4,BRAGADIRU,,5,,480,263
35,110,2,1607,803,587,216,798,5,BRAGADIRU,,5,,533,265
35,111,2,1223,691,572,119,687,4,BRAGADIRU,,5,,516,171
35,112,2,1280,926,852,74,908,18,BRANCENI,,5,,696,212
35,113,2,1117,870,807,63,863,7,BRANCENI,,5,,563,300
35,114,2,653,574,472,102,568,6,BUJORENI,,5,,401,167
35,115,2,411,404,323,81,395,9,BUJORENI,,5,,259,136
35,116,2,889,541,469,72,537,4,BUJORU,,5,,330,207
35,117,2,874,638,516,122,632,6,BUJORU,,5,,399,233
35,118,2,1098,768,685,83,757,11,BUZESCU,,5,,525,232
35,119,2,1306,744,712,32,739,5,BUZESCU,,5,,543,196
35,120,2,1068,724,671,53,714,10,BUZESCU,,5,,539,175
35,121,2,1593,1310,1188,122,1294,16,CALINESTI,,5,,1058,236
35,122,2,1036,837,734,103,828,9,CALINESTI,,5,,630,198
35,123,2,952,789,650,139,780,9,CALINESTI,,5,,584,196
35,124,2,851,593,503,90,584,9,CALMATUIUL,,5,,411,173
35,125,2,394,314,268,46,313,1,CALMATUIUL,,5,,230,83
35,126,2,497,393,317,76,388,5,CALMATUIUL,,5,,283,105
35,127,2,869,619,523,96,607,12,CALMATUIUL,,5,,394,213
35,128,2,1422,841,737,104,829,12,CALMATUIUL DE SUS,,5,,476,353
35,129,2,1133,750,640,110,736,14,CALMATUIUL DE SUS,,5,,417,319
35,130,2,1492,1173,985,188,1161,12,CERVENIA,,5,,760,401
35,131,2,1363,1021,850,171,1012,9,CERVENIA,,5,,609,403
35,132,2,1223,719,573,146,709,10,CIOLANESTI,,5,,511,198
35,133,2,990,650,520,130,639,11,CIOLANESTI,,5,,493,146
35,134,2,760,616,541,75,610,6,CIOLANESTI,,5,,492,118
35,135,2,459,331,274,57,327,4,CIOLANESTI,,5,,241,86
35,136,2,1048,681,607,74,674,7,CIUPERCENI,,5,,423,251
35,137,2,820,551,448,103,545,6,CIUPERCENI,,5,,335,210
35,138,2,1632,1137,912,225,1135,2,CONTESTI,,5,,850,285
35,139,2,1502,1101,919,182,1097,4,CONTESTI,,5,,785,312
35,140,2,948,614,555,59,610,4,COSMESTI,,5,,459,151
35,141,2,1298,1068,947,121,1054,14,COSMESTI,,5,,763,291
35,142,2,1917,1519,1500,19,1513,6,CRANGENI,,5,,1108,405
35,143,2,783,600,498,102,586,14,CRANGENI,,5,,454,132
35,144,2,480,420,306,114,414,6,CRANGENI,,5,,273,141
35,145,2,1410,1018,837,181,1001,17,CRANGU,,5,,729,272
35,146,2,1269,815,663,152,804,11,CRANGU,,5,,558,246
35,147,2,427,335,254,81,332,3,CRANGU,,5,,246,86
35,148,2,1025,791,712,79,780,11,CREVENICU,,5,,567,213
35,149,2,518,444,359,85,435,9,CREVENICU,,5,,280,155
35,150,2,1323,984,855,129,974,10,DIDESTI,,5,,682,292
35,151,2,1601,1119,934,185,1099,20,DOBROTESTI,,5,,607,492
35,152,2,1548,990,873,117,979,11,DOBROTESTI,,5,,632,347
35,153,2,1205,937,809,128,927,10,DOBROTESTI,,5,,671,256
35,154,2,1359,957,857,100,953,4,DRACSENEI,,5,,725,228
35,155,2,1200,799,700,99,791,8,DRACSENEI,,5,,483,308
35,156,2,445,409,330,79,405,4,DRACSENEI,,5,,343,62
35,157,2,252,292,246,46,287,5,DRACSENEI,,5,,116,171
35,158,2,1223,846,711,135,841,5,DRAGANESTI DE VEDE,,5,,635,206
35,159,2,498,387,282,105,385,2,DRAGANESTI DE VEDE,,5,,271,114
35,160,2,2096,1403,1224,179,1396,7,DRAGANESTI-VLASCA,,5,,1102,294
35,161,2,1191,818,627,191,809,9,DRAGANESTI-VLASCA,,5,,603,206
35,162,2,325,253,198,55,248,5,DRAGANESTI-VLASCA,,5,,180,68
35,163,2,687,510,425,85,496,14,DRAGANESTI-VLASCA,,5,,372,124
35,164,2,1556,1175,936,239,1162,13,FURCULESTI,,5,,875,287
35,165,2,1085,943,755,188,939,4,FURCULESTI,,5,,708,231
35,166,2,713,633,523,110,628,5,FURCULESTI,,5,,429,199
35,167,2,1724,1187,1093,94,1182,5,FRUMOASA,,5,,871,311
35,168,2,589,449,390,59,444,5,FRUMOASA,,5,,306,138
35,169,2,1547,952,820,132,941,11,GALATENI,,5,,456,485
35,170,2,1249,718,573,145,706,12,GALATENI,,5,,500,206
35,171,2,1074,752,590,162,746,6,GRATIA,,5,,530,216
35,172,2,1394,788,634,154,779,9,GRATIA,,5,,487,292
35,173,2,1794,1124,1012,112,1110,14,ISLAZ,,5,,740,370
35,174,2,1563,1012,898,114,997,15,ISLAZ,,5,,661,336
35,175,2,1028,655,523,132,652,3,ISLAZ,,5,,443,209
35,176,2,1043,712,646,66,699,13,ISLAZ,,5,,451,248
35,177,2,1240,1146,1020,126,1139,7,IZVOARELE,,5,,702,437
35,178,2,1203,1145,1018,127,1139,6,IZVOARELE,,5,,734,405
35,179,2,1543,1047,948,99,1034,13,LISA,,5,,754,280
35,180,2,764,575,515,60,569,6,LISA,,5,,340,229
35,181,2,1575,961,792,169,952,9,LITA,,5,,558,394
35,182,2,1373,990,758,232,975,15,LITA,,5,,611,364
35,183,2,1420,839,557,282,833,6,LUNCA,,5,,519,314
35,184,2,763,549,249,300,538,11,LUNCA,,5,,328,210
35,185,2,685,527,386,141,508,19,LUNCA,,5,,380,128
35,186,2,975,623,405,218,613,10,LUNCA,,5,,408,205
35,187,2,885,618,298,320,609,9,LUNCA,,5,,368,241
35,188,2,809,564,306,258,564,0,LUNCA,,5,,335,229
35,189,2,1275,892,790,102,885,7,MAVRODIN,,5,,725,160
35,190,2,1020,901,774,127,769,5,MAVRODIN,,5,,616,153
35,191,2,1679,1227,1039,188,1210,17,MAVRODIN,,5,,908,302
35,192,2,555,385,303,82,380,5,MAVRODIN,,5,,295,85
35,193,2,1750,1199,1083,116,1181,18,MAGURA,,5,,770,411
35,194,2,949,665,577,88,661,4,MAGURA,,5,,464,197
35,195,2,1247,819,777,42,812,7,MALDAENI,,5,,531,281
35,196,2,1096,764,716,48,758,6,MALDAENI,,5,,479,279
35,197,2,1473,1047,987,60,1036,11,MALDAENI,,5,,641,395
35,198,2,996,731,603,128,712,19,MARZANESTI,,5,,458,254
35,199,2,646,571,445,126,564,7,MARZANESTI,,5,,400,164
35,200,2,837,687,558,129,679,8,MARZANESTI,,5,,428,251
35,201,2,1149,1009,820,189,1003,6,MARZANESTI,,5,,762,241
35,202,2,1567,1087,899,188,1068,19,MERENI,,5,,666,402
35,203,2,1146,884,685,199,872,12,MERENI,,5,,672,200
35,204,2,1488,911,830,81,901,10,MOSTENI,,5,,551,350
35,205,2,1422,1034,960,74,1022,12,NANOV,,5,,758,264
35,206,2,1342,975,931,44,960,15,NANOV,,5,,713,247
35,207,2,1351,998,898,100,985,13,NASTURELU,,5,,710,275
35,208,2,986,784,702,82,774,10,NASTURELU,,5,,528,246
35,209,2,773,545,483,62,538,7,NECSESTI,,5,,418,120
35,210,2,818,546,433,113,529,17,NECSESTI,,5,,367,162
35,211,2,1705,1254,1029,225,1242,12,OLTENI,,5,,866,376
35,212,2,899,688,522,166,679,9,OLTENI,,5,,433,246
35,213,2,926,823,566,257,818,5,ORBEASCA,,5,,589,229
35,214,2,1244,850,663,187,842,8,ORBEASCA,,5,,620,222
35,215,2,1320,802,664,138,796,6,ORBEASCA,,5,,502,294
35,216,2,1425,1008,728,280,994,14,ORBEASCA,,5,,678,316
35,217,2,1997,1494,1207,287,1480,14,ORBEASCA,,5,,1222,258
35,218,2,1095,808,703,105,803,5,PERETU,,5,,621,182
35,219,2,1400,963,836,127,953,10,PERETU,,5,,640,313
35,220,2,1504,939,844,95,937,2,PERETU,,5,,683,254
35,221,2,1309,960,850,110,953,7,PERETU,,5,,709,244
35,222,2,1208,878,768,110,865,13,PERETU,,5,,567,298
35,223,2,1236,883,797,86,873,10,PIATRA,,5,,622,251
35,224,2,1105,800,709,91,795,5,PIATRA,,5,,521,274
35,225,2,1075,726,660,66,725,1,PIATRA,,5,,521,204
35,226,2,1377,955,784,171,942,13,PIETROSANI,,5,,539,403
35,227,2,1453,1048,902,146,1044,4,PIETROSANI,,5,,585,459
35,228,2,785,564,461,103,560,4,PLOPII-SLAVITESTI,,5,,363,197
35,229,2,997,667,518,149,663,4,PLOPII-SLAVITESTI,,5,,521,142
35,230,2,748,562,453,109,559,3,PLOPII-SLAVITESTI,,5,,374,185
35,231,2,1321,636,504,132,625,11,PLOPII-SLAVITESTI,,5,,385,240
35,232,2,401,326,185,141,322,4,PLOPII-SLAVITESTI,,5,,194,128
35,233,2,1382,992,641,351,984,8,PLOSCA,,5,,757,227
35,234,2,1112,737,474,263,731,6,PLOSCA,,5,,548,183
35,235,2,1276,900,716,184,894,6,PLOSCA,,5,,591,303
35,236,2,1315,993,733,260,988,5,PLOSCA,,5,,745,243
35,237,2,1144,795,588,207,788,7,POENI,,5,,568,220
35,238,2,977,611,518,93,605,6,POENI,,5,,364,241
35,239,2,441,352,278,74,346,6,POENI,,5,,262,84
35,240,2,1431,1042,930,112,1032,10,POROSCHIA,,5,,747,285
35,241,2,1324,1084,969,115,1077,7,POROSCHIA,,5,,714,363
35,242,2,919,862,708,154,848,14,POROSCHIA,,5,,564,284
35,243,2,2549,1191,1005,186,1175,16,PUTINEIU,,5,,798,377
35,244,2,927,783,601,182,774,9,PUTINEIU,,5,,572,202
35,245,2,1248,847,749,98,835,12,RADOIESTI,,5,,654,181
35,246,2,1052,731,635,96,717,14,RADOIESTI,,5,,474,243
35,247,2,992,684,537,147,671,13,RASMIRESTI,,5,,456,215
35,248,2,1123,734,607,127,726,8,SALCIA,,5,,450,276
35,249,2,931,686,525,161,673,13,SALCIA,,5,,490,183
35,250,2,972,773,599,174,764,9,SALCIA,,5,,547,217
35,251,2,837,642,585,57,638,4,SACENI,,5,,459,179
35,252,2,750,522,453,69,514,8,SACENI,,5,,362,152
35,253,2,727,444,376,68,438,6,SARBENI,,5,,306,132
35,254,2,888,539,483,56,536,3,SARBENI,,5,,412,124
35,255,2,2049,1577,1404,173,1569,8,SCRIOASTEA,,5,,1023,546
35,256,2,711,567,473,94,563,4,SCRIOASTEA,,5,,423,140
35,257,2,760,626,506,120,620,6,SCRIOASTEA,,5,,463,157
35,258,2,1240,1219,1110,109,1215,4,SCURTU MARE,,5,,1037,178
35,259,2,420,362,318,44,359,3,SCURTU MARE,,5,,247,112
35,260,2,314,350,290,60,346,4,SCURTU MARE,,5,,286,60
35,261,2,1469,968,868,100,956,12,SEACA,,5,,670,286
35,262,2,986,698,601,97,692,6,SEACA,,5,,503,189
35,263,2,1239,754,641,113,751,3,SEGARCEA-VALE,,5,,504,247
35,264,2,1008,692,573,119,685,7,SEGARCEA-VALE,,5,,469,216
35,265,2,1380,819,707,112,804,15,SEGARCEA-VALE,,5,,353,451
35,266,2,1343,884,789,95,880,4,SFINTESTI,,5,,636,244
35,267,2,1534,995,882,113,990,5,SILISTEA,,5,,731,259
35,268,2,1347,946,832,114,937,9,SILISTEA,,5,,567,370
35,269,2,727,654,576,78,653,1,SILISTEA,,5,,524,129
35,270,2,1491,1046,892,154,1031,15,SILISTEA GUMESTI,,5,,701,330
35,271,2,1117,837,767,70,828,9,SILISTEA GUMESTI,,5,,634,194
35,272,2,0,107,0,107,105,2,SILISTEA GUMESTI,,5,,55,50
35,273,2,1087,806,613,193,795,11,SLOBOZIA MANDRA,,5,,671,124
35,274,2,1097,866,683,183,862,4,SLOBOZIA MANDRA,,5,,708,154
35,275,2,949,658,587,71,651,7,SLOBOZIA MANDRA,,5,,444,207
35,276,2,1035,623,536,87,618,5,SLOBOZIA MANDRA,,5,,355,263
35,277,2,1573,1311,1080,231,1296,15,SMARDIOASA,,5,,841,455
35,278,2,490,450,370,80,432,18,SMARDIOASA,,5,,287,145
35,279,2,953,677,590,87,675,2,STEJARU,,5,,542,133
35,280,2,909,674,582,92,667,7,STEJARU,,5,,515,152
35,281,2,191,174,140,34,173,1,STEJARU,,5,,128,45
35,282,2,1345,943,820,123,937,6,SUHAIA,,5,,716,221
35,283,2,1381,929,839,90,914,15,SUHAIA,,5,,696,218
35,284,2,1799,1200,1081,119,1196,4,SUHAIA,,5,,952,244
35,285,2,1691,1310,1211,99,1291,19,STOROBANEASA,,5,,986,305
35,286,2,1615,1257,1173,84,1239,18,STOROBANEASA,,5,,927,312
35,287,2,1116,900,729,171,890,10,TALPA,,5,,612,278
35,288,2,988,708,615,93,696,12,TALPA,,5,,562,134
35,289,2,1769,1268,1110,158,1240,28,TATARASTII DE JOS,,5,,908,332
35,290,2,968,699,676,23,688,11,TATARASTII DE JOS,,5,,472,216
35,291,2,1140,895,777,118,872,23,TATARASTII DE JOS,,5,,633,239
35,292,2,1299,940,778,162,931,9,TATARASTII DE SUS,,5,,720,211
35,293,2,1435,1017,830,187,1007,10,TATARASTII DE SUS,,5,,791,216
35,294,2,953,749,653,96,738,11,TRAIAN,,5,,393,345
35,295,2,1073,852,742,110,843,9,TRAIAN,,5,,453,390
35,296,2,995,518,420,98,514,4,TRIVALEA-MOSTENI,,5,,301,213
35,297,2,719,458,357,101,456,2,TRIVALEA-MOSTENI,,5,,354,102
35,298,2,1182,783,600,183,775,8,TRIVALEA-MOSTENI,,5,,549,226
35,299,2,1869,1408,1150,258,1393,15,TROIANUL,,5,,1039,354
35,300,2,1184,953,812,141,942,11,TROIANUL,,5,,756,186
35,301,2,258,258,207,51,258,0,TROIANUL,,5,,214,44
35,302,2,1664,1188,1038,150,1181,7,TIGANESTI,,5,,887,294
35,303,2,1511,1088,916,172,1085,3,TIGANESTI,,5,,793,292
35,304,2,1553,1573,1288,285,1566,7,TIGANESTI,,5,,1038,528
35,305,2,1283,839,699,140,824,15,VARTOAPE,,5,,568,256
35,306,2,1004,716,596,120,707,9,VARTOAPE,,5,,475,232
35,307,2,783,502,419,83,486,16,VARTOAPE,,5,,359,127
35,308,2,1023,756,681,75,748,8,VEDEA,,5,,557,191
35,309,2,1238,1008,918,90,1000,8,VEDEA,,5,,782,218
35,310,2,432,396,303,93,391,5,VEDEA,,5,,206,185
35,311,2,1087,801,702,99,785,16,VIISOARA,,5,,508,277
35,312,2,890,719,640,79,708,11,VIISOARA,,5,,439,269
35,313,2,659,557,459,98,549,8,VITANESTI,,5,,366,183
35,314,2,1087,843,698,145,835,8,VITANESTI,,5,,582,253
35,315,2,934,754,631,123,748,6,VITANESTI,,5,,577,171
35,316,2,1187,961,845,116,948,13,ZAMBREASCA,,5,,665,283
35,317,2,595,399,364,35,397,2,ZAMBREASCA,,5,,325,72
36,1,2,1452,1435,1059,376,1433,2,MUNICIPIUL TIMISOARA,,1,,487,946
36,2,2,1422,1218,956,262,1217,1,MUNICIPIUL TIMISOARA,,1,,420,797
36,3,2,1162,896,815,81,892,4,MUNICIPIUL TIMISOARA,,1,,227,665
36,4,2,1178,951,845,106,945,6,MUNICIPIUL TIMISOARA,,1,,418,527
36,5,2,1230,1075,856,219,1071,4,MUNICIPIUL TIMISOARA,,1,,393,678
36,6,2,908,670,562,108,670,0,MUNICIPIUL TIMISOARA,,1,,173,497
36,7,2,1313,878,808,70,872,6,MUNICIPIUL TIMISOARA,,1,,218,654
36,8,2,170,130,112,18,129,1,MUNICIPIUL TIMISOARA,,1,,18,111
36,9,2,1042,851,669,182,848,3,MUNICIPIUL TIMISOARA,,1,,264,584
36,10,2,1210,982,768,214,981,1,MUNICIPIUL TIMISOARA,,1,,267,714
36,11,2,1359,1157,968,189,1154,3,MUNICIPIUL TIMISOARA,,1,,397,757
36,12,2,1027,986,708,278,984,2,MUNICIPIUL TIMISOARA,,1,,382,602
36,13,2,874,732,647,85,729,3,MUNICIPIUL TIMISOARA,,1,,221,508
36,14,2,1455,1494,1027,467,1492,2,MUNICIPIUL TIMISOARA,,1,,468,1024
36,15,2,570,472,414,58,470,2,MUNICIPIUL TIMISOARA,,1,,167,303
36,16,2,1113,891,826,65,879,12,MUNICIPIUL TIMISOARA,,1,,324,555
36,17,2,1167,906,777,129,899,7,MUNICIPIUL TIMISOARA,,1,,273,626
36,18,2,1107,860,741,119,856,4,MUNICIPIUL TIMISOARA,,1,,187,669
36,19,2,977,695,589,106,692,3,MUNICIPIUL TIMISOARA,,1,,104,588
36,20,2,1421,1089,893,196,1085,4,MUNICIPIUL TIMISOARA,,1,,179,906
36,21,2,1313,1021,868,153,1020,1,MUNICIPIUL TIMISOARA,,1,,193,827
36,22,2,1510,1160,976,184,1158,2,MUNICIPIUL TIMISOARA,,1,,286,872
36,23,2,1745,1268,1127,141,1263,5,MUNICIPIUL TIMISOARA,,1,,282,981
36,24,2,1107,846,764,82,843,3,MUNICIPIUL TIMISOARA,,1,,159,684
36,25,2,869,542,513,29,540,2,MUNICIPIUL TIMISOARA,,1,,101,439
36,26,2,1797,1429,1093,336,1426,3,MUNICIPIUL TIMISOARA,,1,,277,1149
36,27,2,534,732,699,33,726,6,MUNICIPIUL TIMISOARA,,1,,120,606
36,28,2,1275,932,707,225,927,5,MUNICIPIUL TIMISOARA,,1,,213,714
36,29,2,1972,1326,973,353,1324,2,MUNICIPIUL TIMISOARA,,1,,247,1077
36,30,2,625,976,229,747,975,1,MUNICIPIUL TIMISOARA,,1,,160,815
36,31,2,1015,784,203,581,784,0,MUNICIPIUL TIMISOARA,,1,,150,634
36,32,2,2010,1429,1000,429,1418,11,MUNICIPIUL TIMISOARA,,1,,290,1128
36,33,2,1643,1453,784,669,1444,9,MUNICIPIUL TIMISOARA,,1,,353,1091
36,34,2,1437,1116,940,176,1116,0,MUNICIPIUL TIMISOARA,,1,,238,878
36,35,2,980,845,546,299,843,2,MUNICIPIUL TIMISOARA,,1,,158,685
36,36,2,985,770,610,160,767,3,MUNICIPIUL TIMISOARA,,1,,143,624
36,37,2,654,472,343,129,468,4,MUNICIPIUL TIMISOARA,,1,,92,376
36,38,2,1240,914,658,256,909,5,MUNICIPIUL TIMISOARA,,1,,181,728
36,39,2,1284,956,860,96,950,6,MUNICIPIUL TIMISOARA,,1,,194,756
36,40,2,1515,1275,1058,217,1275,0,MUNICIPIUL TIMISOARA,,1,,238,1037
36,41,2,1172,845,755,90,828,17,MUNICIPIUL TIMISOARA,,1,,172,656
36,42,2,979,671,600,71,667,4,MUNICIPIUL TIMISOARA,,1,,110,557
36,43,2,1861,1509,1303,206,1502,7,MUNICIPIUL TIMISOARA,,1,,366,1136
36,44,2,1197,269,96,173,268,1,MUNICIPIUL TIMISOARA,,1,,64,204
36,45,2,1536,1168,1052,116,1166,2,MUNICIPIUL TIMISOARA,,1,,295,871
36,46,2,791,709,606,103,708,1,MUNICIPIUL TIMISOARA,,1,,167,541
36,47,2,2531,1776,1759,17,1770,6,MUNICIPIUL TIMISOARA,,1,,398,1372
36,48,2,1294,1021,907,114,1018,3,MUNICIPIUL TIMISOARA,,1,,242,776
36,49,2,1295,1014,912,102,1012,2,MUNICIPIUL TIMISOARA,,1,,222,790
36,50,2,1133,914,814,100,912,2,MUNICIPIUL TIMISOARA,,1,,188,724
36,51,2,1277,856,719,137,852,4,MUNICIPIUL TIMISOARA,,1,,200,652
36,52,2,1170,986,719,267,986,0,MUNICIPIUL TIMISOARA,,1,,190,796
36,53,2,1554,1195,1102,93,1193,2,MUNICIPIUL TIMISOARA,,1,,335,858
36,54,2,1692,1243,1195,48,1238,5,MUNICIPIUL TIMISOARA,,1,,340,898
36,55,2,886,721,610,111,720,1,MUNICIPIUL TIMISOARA,,1,,243,477
36,56,2,1059,832,740,92,831,1,MUNICIPIUL TIMISOARA,,1,,209,622
36,57,2,1217,862,761,101,860,2,MUNICIPIUL TIMISOARA,,1,,205,655
36,58,2,802,637,545,92,636,1,MUNICIPIUL TIMISOARA,,1,,141,495
36,59,2,1543,969,848,121,965,4,MUNICIPIUL TIMISOARA,,1,,188,777
36,60,2,1663,1013,959,54,1013,0,MUNICIPIUL TIMISOARA,,1,,209,804
36,61,2,1135,713,690,23,711,2,MUNICIPIUL TIMISOARA,,1,,194,517
36,62,2,1710,1287,1111,176,1286,1,MUNICIPIUL TIMISOARA,,1,,408,878
36,63,2,1172,872,819,53,867,5,MUNICIPIUL TIMISOARA,,1,,228,639
36,64,2,1101,880,823,57,879,1,MUNICIPIUL TIMISOARA,,1,,248,631
36,65,2,1534,1180,1047,133,1178,2,MUNICIPIUL TIMISOARA,,1,,279,899
36,66,2,1395,1102,992,110,1090,12,MUNICIPIUL TIMISOARA,,1,,358,732
36,67,2,1419,1153,1010,143,1149,4,MUNICIPIUL TIMISOARA,,1,,344,805
36,68,2,1026,813,751,62,811,2,MUNICIPIUL TIMISOARA,,1,,264,547
36,69,2,1350,950,886,64,945,5,MUNICIPIUL TIMISOARA,,1,,261,684
36,70,2,800,695,606,89,692,3,MUNICIPIUL TIMISOARA,,1,,186,506
36,71,2,1313,1026,901,125,1023,3,MUNICIPIUL TIMISOARA,,1,,268,755
36,72,2,1083,752,722,30,749,3,MUNICIPIUL TIMISOARA,,1,,180,569
36,73,2,1376,1070,938,132,1064,6,MUNICIPIUL TIMISOARA,,1,,253,811
36,74,2,1756,1362,1101,261,1356,6,MUNICIPIUL TIMISOARA,,1,,277,1079
36,75,2,2290,1213,1038,175,1208,5,MUNICIPIUL TIMISOARA,,1,,283,925
36,76,2,1369,997,902,95,991,6,MUNICIPIUL TIMISOARA,,1,,282,709
36,77,2,1242,892,823,69,885,7,MUNICIPIUL TIMISOARA,,1,,196,689
36,78,2,1169,886,798,88,884,2,MUNICIPIUL TIMISOARA,,1,,221,663
36,79,2,1028,787,696,91,787,0,MUNICIPIUL TIMISOARA,,1,,206,581
36,80,2,1017,749,647,102,744,5,MUNICIPIUL TIMISOARA,,1,,205,539
36,81,2,1458,1135,1058,77,1130,5,MUNICIPIUL TIMISOARA,,1,,289,841
36,82,2,988,848,634,214,845,3,MUNICIPIUL TIMISOARA,,1,,153,692
36,83,2,1208,701,641,60,695,6,MUNICIPIUL TIMISOARA,,1,,147,548
36,84,2,1071,645,525,120,642,3,MUNICIPIUL TIMISOARA,,1,,106,536
36,85,2,1422,1208,988,220,1200,8,MUNICIPIUL TIMISOARA,,1,,179,1021
36,86,2,2646,994,803,191,990,4,MUNICIPIUL TIMISOARA,,1,,172,818
36,87,2,1149,978,838,140,973,5,MUNICIPIUL TIMISOARA,,1,,198,775
36,88,2,1373,1142,945,197,1140,2,MUNICIPIUL TIMISOARA,,1,,246,894
36,89,2,934,733,648,85,728,5,MUNICIPIUL TIMISOARA,,1,,144,584
36,90,2,1102,777,710,67,776,1,MUNICIPIUL TIMISOARA,,1,,178,598
36,91,2,830,652,592,60,649,3,MUNICIPIUL TIMISOARA,,1,,138,511
36,92,2,2235,1574,1374,200,1567,7,MUNICIPIUL TIMISOARA,,1,,285,1282
36,93,2,1211,972,848,124,969,3,MUNICIPIUL TIMISOARA,,1,,312,657
36,94,2,780,609,493,116,606,3,MUNICIPIUL TIMISOARA,,1,,126,480
36,95,2,1594,1166,1047,119,1161,5,MUNICIPIUL TIMISOARA,,1,,332,829
36,96,2,1213,777,704,73,771,6,MUNICIPIUL TIMISOARA,,1,,193,578
36,97,2,1124,906,707,199,902,4,MUNICIPIUL TIMISOARA,,1,,280,622
36,98,2,1159,847,719,128,844,3,MUNICIPIUL TIMISOARA,,1,,168,676
36,99,2,1055,885,706,179,883,2,MUNICIPIUL TIMISOARA,,1,,252,631
36,100,2,1187,855,763,92,852,3,MUNICIPIUL TIMISOARA,,1,,230,622
36,101,2,1622,1031,907,124,1024,7,MUNICIPIUL TIMISOARA,,1,,207,817
36,102,2,831,558,458,100,556,2,MUNICIPIUL TIMISOARA,,1,,116,440
36,103,2,1743,1319,1222,97,1316,3,MUNICIPIUL TIMISOARA,,1,,344,972
36,104,2,1074,806,739,67,804,2,MUNICIPIUL TIMISOARA,,1,,291,513
36,105,2,1267,950,827,123,946,4,MUNICIPIUL TIMISOARA,,1,,316,630
36,106,2,1346,996,862,134,994,2,MUNICIPIUL TIMISOARA,,1,,239,755
36,107,2,1248,870,764,106,870,0,MUNICIPIUL TIMISOARA,,1,,208,662
36,108,2,1463,1083,1010,73,1079,4,MUNICIPIUL TIMISOARA,,1,,286,793
36,109,2,1113,855,781,74,850,5,MUNICIPIUL TIMISOARA,,1,,295,555
36,110,2,1160,749,707,42,747,2,MUNICIPIUL TIMISOARA,,1,,188,559
36,111,2,680,511,436,75,509,2,MUNICIPIUL TIMISOARA,,1,,115,394
36,112,2,1136,991,813,178,989,2,MUNICIPIUL TIMISOARA,,1,,232,757
36,113,2,809,679,566,113,677,2,MUNICIPIUL TIMISOARA,,1,,205,472
36,114,2,1405,991,900,91,983,8,MUNICIPIUL TIMISOARA,,1,,145,838
36,115,2,1329,1051,984,67,1048,3,MUNICIPIUL TIMISOARA,,1,,171,877
36,116,2,1283,963,921,42,959,4,MUNICIPIUL TIMISOARA,,1,,207,752
36,117,2,1075,680,620,60,678,2,MUNICIPIUL TIMISOARA,,1,,139,539
36,118,2,1299,636,540,96,634,2,MUNICIPIUL TIMISOARA,,1,,150,484
36,119,2,1245,911,865,46,909,2,MUNICIPIUL TIMISOARA,,1,,202,707
36,120,2,1128,922,698,224,918,4,MUNICIPIUL TIMISOARA,,1,,154,764
36,121,2,1079,1418,673,745,1413,5,MUNICIPIUL TIMISOARA,,1,,246,1167
36,122,2,1128,905,769,136,898,7,MUNICIPIUL TIMISOARA,,1,,208,690
36,123,2,995,741,635,106,737,4,MUNICIPIUL TIMISOARA,,1,,192,545
36,124,2,990,808,705,103,807,1,MUNICIPIUL TIMISOARA,,1,,262,545
36,125,2,1026,807,743,64,806,1,MUNICIPIUL TIMISOARA,,1,,227,579
36,126,2,1086,817,729,88,811,6,MUNICIPIUL TIMISOARA,,1,,120,691
36,127,2,1101,777,650,127,770,7,MUNICIPIUL TIMISOARA,,1,,117,653
36,128,2,1026,776,712,64,773,3,MUNICIPIUL TIMISOARA,,1,,157,616
36,129,2,1074,715,596,119,708,7,MUNICIPIUL TIMISOARA,,1,,95,613
36,130,2,1296,903,804,99,898,5,MUNICIPIUL TIMISOARA,,1,,151,747
36,131,2,1542,1123,964,159,1122,1,MUNICIPIUL TIMISOARA,,1,,208,914
36,132,2,793,608,551,57,608,0,MUNICIPIUL TIMISOARA,,1,,153,455
36,133,2,942,713,651,62,713,0,MUNICIPIUL TIMISOARA,,1,,215,498
36,134,2,983,765,643,122,761,4,MUNICIPIUL TIMISOARA,,1,,111,650
36,135,2,1071,889,724,165,883,6,MUNICIPIUL TIMISOARA,,1,,219,664
36,136,2,1142,847,784,63,844,3,MUNICIPIUL TIMISOARA,,1,,157,687
36,137,2,1787,1364,1194,170,1360,4,MUNICIPIUL TIMISOARA,,1,,249,1111
36,138,2,1229,987,901,86,983,4,MUNICIPIUL TIMISOARA,,1,,191,792
36,139,2,1235,889,838,51,886,3,MUNICIPIUL TIMISOARA,,1,,207,679
36,140,2,1118,779,720,59,777,2,MUNICIPIUL TIMISOARA,,1,,151,626
36,141,2,2276,1774,1532,242,1767,7,MUNICIPIUL TIMISOARA,,1,,382,1385
36,142,2,1229,1018,870,148,1013,5,MUNICIPIUL TIMISOARA,,1,,206,807
36,143,2,1202,1002,826,176,997,5,MUNICIPIUL TIMISOARA,,1,,214,783
36,144,2,1402,1076,912,164,1072,4,MUNICIPIUL TIMISOARA,,1,,201,871
36,145,2,1758,1324,1212,112,1322,2,MUNICIPIUL TIMISOARA,,1,,219,1103
36,146,2,1333,1050,942,108,1050,0,MUNICIPIUL TIMISOARA,,1,,196,854
36,147,2,1335,1041,913,128,1039,2,MUNICIPIUL TIMISOARA,,1,,214,825
36,148,2,1648,1237,1152,85,1230,7,MUNICIPIUL TIMISOARA,,1,,262,968
36,149,2,1371,975,905,70,972,3,MUNICIPIUL TIMISOARA,,1,,200,772
36,150,2,1590,1132,1012,120,1131,1,MUNICIPIUL TIMISOARA,,1,,245,886
36,151,2,498,459,305,154,458,1,MUNICIPIUL TIMISOARA,,1,,90,368
36,152,2,727,550,473,77,547,3,MUNICIPIUL TIMISOARA,,1,,113,434
36,153,2,1136,825,758,67,822,3,MUNICIPIUL TIMISOARA,,1,,156,666
36,154,2,1461,803,731,72,798,5,MUNICIPIUL TIMISOARA,,1,,177,621
36,155,2,668,560,390,170,558,2,MUNICIPIUL TIMISOARA,,1,,99,459
36,156,2,1041,680,588,92,677,3,MUNICIPIUL TIMISOARA,,1,,148,529
36,157,2,1021,761,683,78,756,5,MUNICIPIUL TIMISOARA,,1,,177,579
36,158,2,1444,1099,959,140,1095,4,MUNICIPIUL TIMISOARA,,1,,244,851
36,159,2,1851,1305,1221,84,1303,2,MUNICIPIUL TIMISOARA,,1,,372,931
36,160,2,1367,1003,932,71,998,5,MUNICIPIUL TIMISOARA,,1,,186,812
36,161,2,1577,1169,1094,75,1166,3,MUNICIPIUL TIMISOARA,,1,,212,954
36,162,2,1289,929,790,139,925,4,MUNICIPIUL TIMISOARA,,1,,228,697
36,163,2,1334,964,908,56,961,3,MUNICIPIUL TIMISOARA,,1,,179,782
36,164,2,1006,729,669,60,728,1,MUNICIPIUL TIMISOARA,,1,,151,577
36,165,2,1400,859,785,74,857,2,MUNICIPIUL TIMISOARA,,1,,165,692
36,166,2,1130,893,721,172,890,3,MUNICIPIUL TIMISOARA,,1,,166,724
36,167,2,1289,810,694,116,806,4,MUNICIPIUL TIMISOARA,,1,,173,633
36,168,2,1193,946,716,230,945,1,MUNICIPIUL TIMISOARA,,1,,216,729
36,169,2,1195,898,810,88,895,3,MUNICIPIUL TIMISOARA,,1,,242,653
36,170,2,876,696,609,87,693,3,MUNICIPIUL TIMISOARA,,1,,151,542
36,171,2,1100,820,742,78,818,1,MUNICIPIUL TIMISOARA,,1,,187,631
36,172,2,1452,1274,928,346,1258,16,MUNICIPIUL TIMISOARA,,1,,243,1015
36,173,2,1216,939,832,107,931,8,MUNICIPIUL TIMISOARA,,1,,123,808
36,174,2,865,659,551,108,659,0,MUNICIPIUL TIMISOARA,,1,,159,500
36,175,2,1433,1027,921,106,1025,2,MUNICIPIUL TIMISOARA,,1,,226,799
36,176,2,1459,1013,910,103,997,16,MUNICIPIUL TIMISOARA,,1,,178,819
36,177,2,1276,920,741,179,913,7,MUNICIPIUL TIMISOARA,,1,,162,751
36,178,2,1568,1174,971,203,1174,0,MUNICIPIUL TIMISOARA,,1,,210,964
36,179,2,2448,1839,1569,270,1835,4,MUNICIPIUL TIMISOARA,,1,,249,1586
36,180,2,1370,869,636,233,863,6,MUNICIPIUL TIMISOARA,,1,,122,741
36,181,2,807,568,412,156,564,4,MUNICIPIUL TIMISOARA,,1,,89,475
36,182,2,1347,1108,1008,100,1105,3,MUNICIPIUL TIMISOARA,,1,,257,848
36,183,2,739,407,329,78,406,1,MUNICIPIUL TIMISOARA,,1,,97,309
36,184,2,745,550,480,70,547,3,MUNICIPIUL TIMISOARA,,1,,83,464
36,185,2,1339,1028,911,117,1027,1,MUNICIPIUL TIMISOARA,,1,,304,723
36,186,2,1249,1000,826,174,995,5,MUNICIPIUL TIMISOARA,,1,,221,774
36,187,2,1854,1344,1235,109,1336,8,MUNICIPIUL TIMISOARA,,1,,350,986
36,188,2,1287,971,824,147,968,3,MUNICIPIUL TIMISOARA,,1,,241,727
36,189,2,1419,1028,933,95,1026,2,MUNICIPIUL TIMISOARA,,1,,248,778
36,190,2,1504,1076,975,101,1076,0,MUNICIPIUL TIMISOARA,,1,,277,799
36,191,2,1188,938,747,191,936,2,MUNICIPIUL TIMISOARA,,1,,252,684
36,192,2,1276,966,841,125,960,6,MUNICIPIUL TIMISOARA,,1,,231,729
36,193,2,1492,1201,1058,143,1196,5,MUNICIPIUL TIMISOARA,,1,,269,927
36,194,2,1125,783,637,146,783,0,MUNICIPIUL TIMISOARA,,1,,167,616
36,195,2,1177,911,784,127,907,4,MUNICIPIUL TIMISOARA,,1,,150,757
36,196,2,1159,831,765,66,828,3,MUNICIPIUL TIMISOARA,,1,,131,697
36,197,2,1191,884,754,130,882,2,MUNICIPIUL TIMISOARA,,1,,110,772
36,198,2,942,740,624,116,737,3,MUNICIPIUL TIMISOARA,,1,,123,614
36,199,2,1096,964,671,293,960,4,MUNICIPIUL TIMISOARA,,1,,135,825
36,200,2,1052,882,780,102,876,6,MUNICIPIUL TIMISOARA,,1,,97,779
36,201,2,1060,840,745,95,831,9,MUNICIPIUL TIMISOARA,,1,,125,706
36,202,2,667,626,464,162,623,3,MUNICIPIUL TIMISOARA,,1,,81,542
36,203,2,1060,883,791,92,880,3,MUNICIPIUL TIMISOARA,,1,,133,747
36,204,2,1048,814,733,81,810,4,MUNICIPIUL TIMISOARA,,1,,198,612
36,205,2,1489,1273,973,300,1271,2,MUNICIPIUL TIMISOARA,,1,,160,1111
36,206,2,1001,733,651,82,730,3,MUNICIPIUL TIMISOARA,,1,,161,569
36,207,2,1707,1318,1077,241,1313,5,MUNICIPIUL TIMISOARA,,1,,236,1077
36,208,2,1555,1174,1067,107,1171,3,MUNICIPIUL TIMISOARA,,1,,259,912
36,209,2,1553,1196,1098,98,1191,5,MUNICIPIUL TIMISOARA,,1,,222,969
36,210,2,1361,1021,941,80,1017,4,MUNICIPIUL TIMISOARA,,1,,184,833
36,211,2,387,775,277,498,768,7,MUNICIPIUL TIMISOARA,,1,,189,579
36,212,2,980,838,811,27,803,35,MUNICIPIUL TIMISOARA,,1,,267,536
36,213,2,726,712,690,22,701,11,MUNICIPIUL TIMISOARA,,1,,239,462
36,214,2,0,717,0,717,711,6,MUNICIPIUL TIMISOARA,,1,,275,436
36,215,2,1271,1150,1125,25,1137,13,MUNICIPIUL TIMISOARA,,1,,463,674
36,216,2,592,522,442,80,516,6,MUNICIPIUL TIMISOARA,,1,,172,344
36,217,2,0,717,0,717,715,2,MUNICIPIUL TIMISOARA,,1,,113,602
36,218,2,0,1298,0,1298,1290,8,MUNICIPIUL TIMISOARA,,1,,218,1072
36,219,2,0,1677,0,1677,1674,3,MUNICIPIUL TIMISOARA,,1,,294,1380
36,220,2,0,637,0,637,634,3,MUNICIPIUL TIMISOARA,,1,,118,516
36,221,2,150,28,5,23,28,0,MUNICIPIUL TIMISOARA,,1,,8,20
36,222,2,0,704,0,704,698,6,MUNICIPIUL TIMISOARA,,1,,161,537
36,223,2,0,222,0,222,222,0,MUNICIPIUL TIMISOARA,,1,,35,187
36,224,2,371,437,287,150,431,6,MUNICIPIUL TIMISOARA,,1,,101,330
36,225,2,0,204,0,204,202,2,MUNICIPIUL TIMISOARA,,1,,64,138
36,226,2,0,257,0,257,254,3,MUNICIPIUL TIMISOARA,,1,,54,200
36,227,2,0,159,0,159,156,3,MUNICIPIUL TIMISOARA,,1,,19,137
36,228,2,0,132,0,132,132,0,MUNICIPIUL TIMISOARA,,1,,35,97
36,229,2,0,1770,0,1770,1767,3,MUNICIPIUL TIMISOARA,,1,,411,1356
36,230,2,0,70,0,70,69,1,MUNICIPIUL TIMISOARA,,1,,18,51
36,231,2,1565,1184,1041,143,1173,11,MUNICIPIUL LUGOJ,,1,,402,771
36,232,2,1910,1383,1272,111,1372,11,MUNICIPIUL LUGOJ,,1,,441,931
36,233,2,1472,1038,945,93,1027,11,MUNICIPIUL LUGOJ,,1,,288,739
36,234,2,2485,1793,1685,108,1784,9,MUNICIPIUL LUGOJ,,1,,621,1163
36,235,2,1281,937,837,100,929,8,MUNICIPIUL LUGOJ,,1,,278,651
36,236,2,3001,2030,1876,154,2016,14,MUNICIPIUL LUGOJ,,1,,599,1417
36,237,2,1514,1169,954,215,1159,10,MUNICIPIUL LUGOJ,,1,,301,858
36,238,2,936,715,552,163,711,4,MUNICIPIUL LUGOJ,,1,,153,558
36,239,2,1663,1233,1138,95,1225,8,MUNICIPIUL LUGOJ,,1,,354,871
36,240,2,2315,1706,1595,111,1695,11,MUNICIPIUL LUGOJ,,1,,465,1230
36,241,2,1456,1126,1007,119,1123,3,MUNICIPIUL LUGOJ,,1,,279,844
36,242,2,1081,833,727,106,825,8,MUNICIPIUL LUGOJ,,1,,207,618
36,243,2,2722,1944,1746,198,1939,5,MUNICIPIUL LUGOJ,,1,,444,1495
36,244,2,1874,1347,1241,106,1339,8,MUNICIPIUL LUGOJ,,1,,437,902
36,245,2,777,849,542,307,848,1,MUNICIPIUL LUGOJ,,1,,207,641
36,246,2,1678,1312,1073,239,1299,13,MUNICIPIUL LUGOJ,,1,,347,952
36,247,2,1358,893,813,80,888,5,MUNICIPIUL LUGOJ,,1,,250,638
36,248,2,1359,1092,869,223,1088,4,MUNICIPIUL LUGOJ,,1,,371,717
36,249,2,1346,918,823,95,911,7,MUNICIPIUL LUGOJ,,1,,304,607
36,250,2,1376,1009,925,84,1005,4,MUNICIPIUL LUGOJ,,1,,253,752
36,251,2,2654,1920,1688,232,1909,11,MUNICIPIUL LUGOJ,,1,,469,1440
36,252,2,1581,1043,968,75,1034,9,MUNICIPIUL LUGOJ,,1,,301,733
36,253,2,1565,1134,1015,119,1117,17,MUNICIPIUL LUGOJ,,1,,261,856
36,254,2,293,219,169,50,217,2,MUNICIPIUL LUGOJ,,1,,70,147
36,255,2,593,506,441,65,504,2,MUNICIPIUL LUGOJ,,1,,84,420
36,256,2,0,336,0,336,333,3,MUNICIPIUL LUGOJ,,1,,160,173
36,257,2,738,738,714,24,727,11,MUNICIPIUL LUGOJ,,1,,298,429
36,258,2,2317,2119,1447,672,2110,9,ORAS BUZIAS,,1,,998,1112
36,259,2,1990,1505,1304,201,1498,7,ORAS BUZIAS,,1,,679,819
36,260,2,676,575,452,123,568,7,ORAS BUZIAS,,1,,259,309
36,261,2,973,696,503,193,690,6,ORAS BUZIAS,,1,,239,451
36,262,2,0,222,0,222,221,1,ORAS BUZIAS,,1,,134,87
36,263,2,1644,1266,1105,161,1262,4,ORAS DETA,,1,,268,994
36,264,2,1954,1545,1339,206,1530,15,ORAS DETA,,1,,341,1189
36,265,2,1322,935,835,100,930,5,ORAS DETA,,1,,193,737
36,266,2,456,353,308,45,351,2,ORAS DETA,,1,,113,238
36,267,2,128,142,123,19,142,0,ORAS DETA,,1,,45,97
36,268,2,1860,1550,1209,341,1544,6,ORAS FAGET,,1,,650,894
36,269,2,1297,1065,916,149,1056,9,ORAS FAGET,,1,,456,600
36,270,2,309,269,225,44,267,2,ORAS FAGET,,1,,172,95
36,271,2,357,329,281,48,324,5,ORAS FAGET,,1,,129,195
36,272,2,605,438,373,65,435,3,ORAS FAGET,,1,,153,282
36,273,2,603,480,430,50,474,6,ORAS FAGET,,1,,288,186
36,274,2,238,216,177,39,206,10,ORAS FAGET,,1,,120,86
36,275,2,456,391,349,42,385,6,ORAS FAGET,,1,,271,114
36,276,2,1487,1278,1052,226,1274,4,ORAS JIMBOLIA,,1,,243,1031
36,277,2,1160,1096,804,292,1093,3,ORAS JIMBOLIA,,1,,204,889
36,278,2,1866,1668,1293,375,1664,4,ORAS JIMBOLIA,,1,,356,1308
36,279,2,1339,1100,955,145,1096,4,ORAS JIMBOLIA,,1,,245,851
36,280,2,1581,1453,1130,323,1443,10,ORAS JIMBOLIA,,1,,207,1236
36,281,2,137,152,134,18,152,0,ORAS JIMBOLIA,,1,,46,106
36,282,2,2070,1915,1709,206,1911,4,ORAS SANNICOLAU MARE,,1,,490,1421
36,283,2,2021,1601,1448,153,1589,12,ORAS SANNICOLAU MARE,,1,,436,1153
36,284,2,2000,1676,1548,128,1668,8,ORAS SANNICOLAU MARE,,1,,538,1130
36,285,2,1489,1238,1035,203,1235,3,ORAS SANNICOLAU MARE,,1,,351,884
36,286,2,1405,1170,1007,163,1158,12,ORAS SANNICOLAU MARE,,1,,294,864
36,287,2,797,635,513,122,631,4,BALINT,,1,,267,364
36,288,2,408,341,267,74,338,3,BALINT,,1,,29,309
36,289,2,211,214,182,32,209,5,BALINT,,1,,66,143
36,290,2,1506,1006,827,179,1003,3,BANLOC,,1,,494,509
36,291,2,803,602,494,108,599,2,BANLOC,,1,,304,295
36,292,2,458,289,188,101,288,1,BANLOC,,1,,95,193
36,293,2,329,281,201,80,279,2,BANLOC,,1,,128,151
36,294,2,378,301,244,57,291,10,BANLOC,,1,,158,133
36,295,2,119,152,101,51,150,2,BARA,,1,,50,100
36,296,2,31,50,25,25,50,0,BARA,,1,,11,39
36,297,2,53,63,42,21,61,2,BARA,,1,,21,40
36,298,2,58,68,43,25,68,0,BARA,,1,,24,44
36,299,2,832,601,482,119,596,5,BEBA VECHE,,1,,288,308
36,300,2,421,320,264,56,317,3,BEBA VECHE,,1,,45,272
36,301,2,1892,1270,1045,225,1262,8,BECICHERECU MIC,,1,,379,883
36,302,2,1379,1084,787,297,1075,9,BECICHERECU MIC,,1,,316,759
36,303,2,1252,1115,909,206,1109,6,BELINT,,1,,372,737
36,304,2,692,636,523,113,634,2,BELINT,,1,,172,462
36,305,2,223,198,157,41,197,1,BELINT,,1,,104,93
36,306,2,251,253,206,47,253,0,BELINT,,1,,114,139
36,307,2,510,447,348,99,445,2,BETHAUSEN,,1,,166,279
36,308,2,358,286,276,10,284,2,BETHAUSEN,,1,,114,170
36,309,2,397,353,302,51,351,2,BETHAUSEN,,1,,121,230
36,310,2,293,277,236,41,274,3,BETHAUSEN,,1,,135,139
36,311,2,415,322,269,53,321,1,BETHAUSEN,,1,,132,189
36,312,2,200,130,97,33,128,2,BETHAUSEN,,1,,45,83
36,313,2,1268,1060,686,374,1049,11,BILED,,1,,393,656
36,314,2,1085,904,609,295,889,15,BILED,,1,,240,649
36,315,2,1403,1209,946,263,1195,14,BILED,,1,,547,648
36,316,2,298,263,193,70,262,1,BILED,,1,,116,146
36,317,2,473,347,293,54,342,5,BARNA,,1,,125,217
36,318,2,307,212,174,38,212,0,BARNA,,1,,71,141
36,319,2,354,292,236,56,289,3,BARNA,,1,,140,149
36,320,2,214,212,131,81,212,0,BOGDA,,1,,59,153
36,321,2,205,196,142,54,196,0,BOGDA,,1,,100,96
36,322,2,492,498,403,95,494,4,BOLDUR,,1,,174,320
36,323,2,360,346,277,69,345,1,BOLDUR,,1,,198,147
36,324,2,644,556,448,108,551,5,BOLDUR,,1,,175,376
36,325,2,472,444,359,85,439,5,BOLDUR,,1,,164,275
36,326,2,239,239,198,41,236,3,BRESTOVAT,,1,,63,173
36,327,2,131,158,118,40,156,2,BRESTOVAT,,1,,79,77
36,328,2,215,202,163,39,199,3,BRESTOVAT,,1,,68,131
36,329,2,1479,1027,885,142,1021,6,CARPINIS,,1,,302,719
36,330,2,1341,853,712,141,847,6,CARPINIS,,1,,317,530
36,331,2,515,635,379,256,635,0,CARPINIS,,1,,142,493
36,332,2,1589,1092,843,249,1083,9,CARPINIS,,1,,436,647
36,333,2,1477,1222,984,238,1211,11,CENAD,,1,,351,860
36,334,2,1437,1007,811,196,1002,5,CENAD,,1,,303,699
36,335,2,1479,1219,980,239,1208,11,CENEI,,1,,322,886
36,336,2,1157,1007,788,219,992,15,CENEI,,1,,310,682
36,337,2,553,595,409,186,589,6,CENEI,,1,,250,339
36,338,2,779,532,410,122,523,9,CHEVERESU MARE,,1,,217,306
36,339,2,339,362,219,143,358,4,CHEVERESU MARE,,1,,83,275
36,340,2,324,292,237,55,292,0,CHEVERESU MARE,,1,,153,139
36,341,2,1164,902,758,144,894,8,CIACOVA,,1,,299,595
36,342,2,814,704,503,201,700,4,CIACOVA,,1,,242,458
36,343,2,587,424,331,93,420,4,CIACOVA,,1,,188,232
36,344,2,199,147,113,34,147,0,CIACOVA,,1,,54,93
36,345,2,1415,1004,863,141,996,8,CIACOVA,,1,,194,802
36,346,2,307,304,250,54,300,4,CIACOVA,,1,,134,166
36,347,2,411,315,267,48,309,6,CIACOVA,,1,,104,205
36,348,2,525,418,310,108,414,4,CIACOVA,,1,,145,269
36,349,2,1502,1239,1105,134,1229,10,COMLOSU MARE,,1,,485,744
36,350,2,1338,985,885,100,976,9,COMLOSU MARE,,1,,298,678
36,351,2,603,549,477,72,546,3,COMLOSU MARE,,1,,94,452
36,352,2,1760,1293,1137,156,1284,9,COSTEIU,,1,,345,939
36,353,2,723,599,493,106,593,6,COSTEIU,,1,,89,504
36,354,2,304,285,245,40,284,1,COSTEIU,,1,,70,214
36,355,2,547,496,431,65,492,4,CRICIOVA,,1,,245,247
36,356,2,508,401,334,67,400,1,CRICIOVA,,1,,94,306
36,357,2,312,287,245,42,286,1,CRICIOVA,,1,,100,186
36,358,2,604,530,478,52,528,2,CURTEA,,1,,260,268
36,359,2,456,374,312,62,370,4,CURTEA,,1,,157,213
36,360,2,901,734,600,134,725,9,DAROVA,,1,,187,538
36,361,2,317,276,240,36,272,4,DAROVA,,1,,73,199
36,362,2,873,630,533,97,626,4,DAROVA,,1,,195,431
36,363,2,1644,1198,1019,179,1189,9,DENTA,,1,,318,871
36,364,2,454,422,342,80,413,9,DENTA,,1,,99,314
36,365,2,339,295,243,52,295,0,DENTA,,1,,36,259
36,366,2,1814,1200,1049,151,1194,6,DUDESTII VECHI,,1,,260,934
36,367,2,1617,1160,963,197,1146,14,DUDESTII VECHI,,1,,162,984
36,368,2,1082,802,702,100,794,8,DUDESTII VECHI,,1,,298,496
36,369,2,402,365,226,139,359,6,DUDESTII VECHI,,1,,75,284
36,370,2,698,575,520,55,572,3,DUMBRAVA,,1,,89,483
36,371,2,925,586,527,59,581,5,DUMBRAVA,,1,,191,390
36,372,2,425,332,282,50,329,3,DUMBRAVA,,1,,113,216
36,373,2,1914,1518,1386,132,1511,7,DUMBRAVITA,,1,,217,1294
36,374,2,855,657,576,81,654,3,FARDEA,,1,,197,457
36,375,2,300,254,180,74,254,0,FARDEA,,1,,125,129
36,376,2,571,420,354,66,417,3,FARDEA,,1,,264,153
36,377,2,840,718,611,107,711,7,FOENI,,1,,157,554
36,378,2,363,374,280,94,371,3,FOENI,,1,,24,347
36,379,2,975,729,640,89,727,2,GAVOJDIA,,1,,328,399
36,380,2,545,446,377,69,443,3,GAVOJDIA,,1,,132,311
36,381,2,412,353,288,65,349,4,GAVOJDIA,,1,,143,206
36,382,2,266,200,169,31,198,2,GAVOJDIA,,1,,82,116
36,383,2,930,1001,613,388,994,7,GATAIA,,1,,188,806
36,384,2,900,740,531,209,733,7,GATAIA,,1,,200,533
36,385,2,1353,1148,847,301,1140,8,GATAIA,,1,,205,935
36,386,2,707,571,410,161,568,3,GATAIA,,1,,91,477
36,387,2,303,276,175,101,273,3,GATAIA,,1,,70,203
36,388,2,357,346,258,88,340,6,GATAIA,,1,,97,243
36,389,2,314,252,188,64,247,5,GATAIA,,1,,107,140
36,390,2,153,140,96,44,139,1,GATAIA,,1,,91,48
36,391,2,367,279,226,53,274,5,GATAIA,,1,,82,192
36,392,2,260,238,171,67,234,4,GATAIA,,1,,89,145
36,393,2,2653,1929,1706,223,1916,13,GHIRODA,,1,,435,1481
36,394,2,1025,817,661,156,809,8,GHIRODA,,1,,229,580
36,395,2,306,305,223,82,303,2,GHIZELA,,1,,80,223
36,396,2,229,232,183,49,231,1,GHIZELA,,1,,122,109
36,397,2,415,350,311,39,344,6,GHIZELA,,1,,159,185
36,398,2,1491,1179,1021,158,1171,8,GIARMATA,,1,,311,860
36,399,2,1225,979,812,167,969,10,GIARMATA,,1,,287,682
36,400,2,527,485,379,106,480,5,GIARMATA,,1,,181,299
36,401,2,458,413,325,88,407,6,GIERA,,1,,67,340
36,402,2,136,154,92,62,152,2,GIERA,,1,,28,124
36,403,2,254,286,190,96,284,2,GIERA,,1,,65,219
36,404,2,1652,1175,991,184,1170,5,GIROC,,1,,216,954
36,405,2,1262,1111,847,264,1103,8,GIROC,,1,,288,815
36,406,2,838,588,580,8,583,5,GIULVAZ,,1,,271,312
36,407,2,407,294,234,60,291,3,GIULVAZ,,1,,85,206
36,408,2,468,411,296,115,405,6,GIULVAZ,,1,,98,307
36,409,2,393,348,269,79,345,3,GIULVAZ,,1,,62,283
36,410,2,1128,842,667,175,836,6,JAMU MARE,,1,,300,536
36,411,2,502,457,365,92,453,4,JAMU MARE,,1,,110,343
36,412,2,474,366,289,77,364,2,JAMU MARE,,1,,109,255
36,413,2,269,222,177,45,222,0,JAMU MARE,,1,,76,146
36,414,2,237,239,169,70,237,2,JAMU MARE,,1,,84,153
36,415,2,1049,1071,733,338,1064,7,JEBEL,,1,,232,832
36,416,2,1040,995,761,234,988,7,JEBEL,,1,,276,712
36,417,2,1062,949,717,232,940,9,JEBEL,,1,,277,663
36,418,2,997,881,653,228,874,7,LENAUHEIM,,1,,193,681
36,419,2,1142,937,709,228,926,11,LENAUHEIM,,1,,316,610
36,420,2,1030,1004,738,266,989,15,LENAUHEIM,,1,,353,636
36,421,2,2147,1655,1434,221,1646,9,LIEBLING,,1,,776,870
36,422,2,194,257,177,80,252,2,LIEBLING,,1,,56,196
36,423,2,172,203,124,79,200,3,LIEBLING,,1,,25,175
36,424,2,2833,1792,1481,311,1779,13,LOVRIN,,1,,805,974
36,425,2,2020,1586,1418,168,1571,15,LOVRIN,,1,,512,1059
36,426,2,1396,986,904,82,979,7,LOVRIN,,1,,433,546
36,427,2,191,176,106,70,172,4,LOVRIN,,1,,55,117
36,428,2,922,670,599,71,665,5,MARGINA,,1,,339,326
36,429,2,407,403,362,41,400,3,MARGINA,,1,,164,236
36,430,2,193,190,167,23,188,2,MARGINA,,1,,91,97
36,431,2,213,242,202,40,241,1,MARGINA,,1,,99,142
36,432,2,154,169,138,31,169,0,MARGINA,,1,,67,102
36,433,2,671,383,284,99,380,3,MASLOC,,1,,132,248
36,434,2,653,492,388,104,487,5,MASLOC,,1,,158,329
36,435,2,1137,974,712,262,964,10,MASLOC,,1,,286,678
36,436,2,330,275,196,79,273,2,MASLOC,,1,,61,212
36,437,2,792,707,588,119,701,6,MANASTIUR,,1,,282,419
36,438,2,125,94,60,34,94,0,MANASTIUR,,1,,38,56
36,439,2,323,274,226,48,271,3,MANASTIUR,,1,,120,151
36,440,2,711,631,476,155,626,5,MORAVITA,,1,,169,457
36,441,2,461,508,329,179,503,5,MORAVITA,,1,,169,334
36,442,2,126,191,152,39,189,2,MORAVITA,,1,,84,105
36,443,2,161,158,127,31,158,0,MORAVITA,,1,,70,88
36,444,2,1069,806,649,157,801,5,MOSNITA NOUA,,1,,180,621
36,445,2,785,639,488,151,637,2,MOSNITA NOUA,,1,,174,463
36,446,2,873,756,575,181,749,7,MOSNITA NOUA,,1,,140,609
36,447,2,210,227,162,65,227,0,MOSNITA NOUA,,1,,102,125
36,448,2,1203,916,853,63,915,1,NADRAG,,1,,483,432
36,449,2,1167,815,764,51,810,5,NADRAG,,1,,370,440
36,450,2,254,240,207,33,235,5,NADRAG,,1,,136,99
36,451,2,672,535,449,86,532,3,NITCHIDORF,,1,,182,350
36,452,2,156,139,118,21,136,3,NITCHIDORF,,1,,66,70
36,453,2,189,170,142,28,170,0,NITCHIDORF,,1,,66,104
36,454,2,286,249,197,52,247,2,OHABA LUNGA,,1,,137,110
36,455,2,231,171,150,21,165,6,OHABA LUNGA,,1,,67,98
36,456,2,175,160,128,32,157,3,OHABA LUNGA,,1,,115,42
36,457,2,244,266,214,52,263,3,OHABA LUNGA,,1,,96,167
36,458,2,1510,1179,979,200,1172,7,ORTISOARA,,1,,418,754
36,459,2,509,415,333,82,411,4,ORTISOARA,,1,,151,260
36,460,2,373,342,264,78,339,3,ORTISOARA,,1,,101,238
36,461,2,455,427,291,136,423,4,ORTISOARA,,1,,267,156
36,462,2,1142,898,568,330,896,2,PECIU NOU,,1,,345,551
36,463,2,938,847,494,353,840,7,PECIU NOU,,1,,285,555
36,464,2,720,607,450,157,602,5,PECIU NOU,,1,,239,363
36,465,2,730,570,437,133,569,1,PECIU NOU,,1,,143,426
36,466,2,2005,1309,1086,223,1302,7,PERIAM,,1,,348,954
36,467,2,1715,1164,975,189,1161,3,PERIAM,,1,,366,795
36,468,2,1389,1124,929,195,1111,13,PERIAM,,1,,443,668
36,469,2,429,343,293,50,342,1,PIETROASA,,1,,209,133
36,470,2,237,181,161,20,179,2,PIETROASA,,1,,127,52
36,471,2,214,166,146,20,162,4,PIETROASA,,1,,80,82
36,472,2,768,639,484,155,636,3,PISCHIA,,1,,205,431
36,473,2,600,434,359,75,429,5,PISCHIA,,1,,140,289
36,474,2,318,249,180,69,248,1,PISCHIA,,1,,113,135
36,475,2,420,379,302,77,376,3,PISCHIA,,1,,98,278
36,476,2,1017,825,712,113,820,5,RACOVITA,,1,,385,435
36,477,2,695,544,370,174,538,6,RACOVITA,,1,,192,346
36,478,2,847,697,570,127,692,5,RACOVITA,,1,,378,314
36,479,2,2073,1523,1339,184,1504,19,RECAS,,1,,450,1054
36,480,2,1317,1054,890,164,1049,5,RECAS,,1,,310,739
36,481,2,1015,885,717,168,874,11,RECAS,,1,,251,623
36,482,2,624,606,454,152,600,6,RECAS,,1,,156,444
36,483,2,276,273,230,43,271,2,RECAS,,1,,114,157
36,484,2,331,301,263,38,293,8,RECAS,,1,,141,152
36,485,2,290,308,228,80,303,5,RECAS,,1,,109,194
36,486,2,748,718,551,167,714,4,REMETEA MARE,,1,,270,444
36,487,2,692,678,421,257,670,8,REMETEA MARE,,1,,152,518
36,488,2,188,200,116,84,199,1,REMETEA MARE,,1,,103,96
36,489,2,606,475,377,98,471,4,REMETEA MARE,,1,,180,291
36,490,2,543,465,328,137,464,1,SACOSU TURCESC,,1,,126,338
36,491,2,368,271,196,75,264,7,SACOSU TURCESC,,1,,97,167
36,492,2,203,223,134,89,223,0,SACOSU TURCESC,,1,,52,171
36,493,2,185,220,147,73,220,0,SACOSU TURCESC,,1,,21,199
36,494,2,257,276,177,99,274,2,SACOSU TURCESC,,1,,69,205
36,495,2,435,420,325,95,417,3,SACOSU TURCESC,,1,,103,314
36,496,2,177,200,127,73,200,0,SACOSU TURCESC,,1,,79,121
36,497,2,1939,1471,1226,245,1467,4,SATCHINEZ,,1,,573,894
36,498,2,797,626,520,106,622,4,SATCHINEZ,,1,,157,465
36,499,2,393,343,258,85,341,2,SATCHINEZ,,1,,124,217
36,500,2,1498,924,785,139,916,8,SACALAZ,,1,,275,641
36,501,2,1050,913,561,352,907,6,SACALAZ,,1,,200,707
36,502,2,1273,976,733,243,967,9,SACALAZ,,1,,236,731
36,503,2,465,447,284,163,444,3,SACALAZ,,1,,137,307
36,504,2,487,505,485,20,498,7,SACALAZ,,1,,197,301
36,505,2,214,208,164,44,207,1,SECAS,,1,,102,105
36,506,2,902,708,538,170,705,3,SANANDREI,,1,,158,547
36,507,2,882,693,571,122,690,3,SANANDREI,,1,,160,530
36,508,2,1073,878,625,253,873,5,SANANDREI,,1,,229,644
36,509,2,448,365,292,73,362,3,SANANDREI,,1,,73,289
36,510,2,1293,888,666,222,878,10,SANMIHAIU ROMAN,,1,,300,578
36,511,2,416,363,265,98,363,0,SANMIHAIU ROMAN,,1,,65,298
36,512,2,1212,937,673,264,930,7,SANMIHAIU ROMAN,,1,,184,746
36,513,2,1527,1034,907,127,1021,13,SANPETRU MARE,,1,,359,662
36,514,2,1039,840,747,93,816,24,SANPETRU MARE,,1,,219,597
36,515,2,1703,1352,1219,133,1335,17,SANPETRU MARE,,1,,286,1049
36,516,2,1790,1390,1078,312,1387,3,SAG,,1,,287,1100
36,517,2,1119,885,664,221,875,10,SAG,,1,,227,648
36,518,2,399,366,293,73,361,5,STIUCA,,1,,89,272
36,519,2,285,209,186,23,206,3,STIUCA,,1,,79,127
36,520,2,196,251,175,76,249,2,STIUCA,,1,,78,171
36,521,2,223,245,184,61,245,0,STIUCA,,1,,124,121
36,522,2,1504,1197,952,245,1183,14,TEREMIA MARE,,1,,369,814
36,523,2,319,266,165,101,261,1,TEREMIA MARE,,1,,69,192
36,524,2,680,578,471,107,571,7,TEREMIA MARE,,1,,185,386
36,525,2,813,604,555,49,600,4,TOMESTI,,1,,341,259
36,526,2,468,370,340,30,368,2,TOMESTI,,1,,198,170
36,527,2,543,411,382,29,408,3,TOMESTI,,1,,187,221
36,528,2,421,320,282,38,319,1,TOMESTI,,1,,187,132
36,529,2,958,844,655,189,842,2,TOPOLOVATU MARE,,1,,190,652
36,530,2,393,384,290,94,384,0,TOPOLOVATU MARE,,1,,93,291
36,531,2,373,341,259,82,337,4,TOPOLOVATU MARE,,1,,105,232
36,532,2,217,184,141,43,183,1,TOPOLOVATU MARE,,1,,74,109
36,533,2,360,287,215,72,287,0,TOPOLOVATU MARE,,1,,97,190
36,534,2,230,229,173,56,225,4,TORMAC,,1,,110,115
36,535,2,624,560,481,79,553,7,TORMAC,,1,,358,195
36,536,2,1197,1000,861,139,993,7,TORMAC,,1,,76,917
36,537,2,586,451,403,48,447,4,TRAIAN VUIA,,1,,170,277
36,538,2,312,263,220,43,261,2,TRAIAN VUIA,,1,,65,196
36,539,2,350,318,272,46,316,2,TRAIAN VUIA,,1,,124,192
36,540,2,339,265,234,31,265,0,TRAIAN VUIA,,1,,85,180
36,541,2,162,186,141,45,186,0,TRAIAN VUIA,,1,,67,119
36,542,2,1254,813,662,151,806,7,UIVAR,,1,,163,643
36,543,2,370,321,237,84,318,3,UIVAR,,1,,32,286
36,544,2,480,476,334,142,473,3,UIVAR,,1,,129,344
36,545,2,603,551,426,125,550,1,UIVAR,,1,,14,536
36,546,2,599,520,392,128,516,4,UIVAR,,1,,62,454
36,547,2,1488,1161,978,183,1156,5,VARIAS,,1,,505,651
36,548,2,1257,1124,981,143,1117,7,VARIAS,,1,,388,729
36,549,2,1006,799,687,112,795,4,VARIAS,,1,,283,512
36,550,2,351,210,185,25,209,1,VARIAS,,1,,72,137
36,551,2,667,513,390,123,509,4,VICTOR VLAD DELAMARINA,,1,,182,327
36,552,2,397,397,316,81,395,2,VICTOR VLAD DELAMARINA,,1,,97,298
36,553,2,400,325,221,104,321,4,VICTOR VLAD DELAMARINA,,1,,100,221
36,554,2,207,193,137,56,191,2,VICTOR VLAD DELAMARINA,,1,,41,150
36,555,2,348,342,240,102,340,2,VICTOR VLAD DELAMARINA,,1,,72,268
36,556,2,1342,1072,904,168,1067,5,VOITEG,,1,,357,710
36,557,2,380,318,249,69,313,5,VOITEG,,1,,139,174
37,1,2,1531,1149,1001,148,1142,7,MUNICIPIUL TULCEA,,3,,569,573
37,2,2,2322,1637,1488,149,1622,15,MUNICIPIUL TULCEA,,3,,724,898
37,3,2,2083,1484,1311,173,1473,11,MUNICIPIUL TULCEA,,3,,654,819
37,4,2,2359,1627,1472,155,1608,19,MUNICIPIUL TULCEA,,3,,740,868
37,5,2,2307,1607,1491,116,1597,10,MUNICIPIUL TULCEA,,3,,780,817
37,6,2,2420,1759,1553,206,1753,6,MUNICIPIUL TULCEA,,3,,716,1037
37,7,2,2336,1618,1512,106,1610,8,MUNICIPIUL TULCEA,,3,,785,825
37,8,2,2208,1512,1369,143,1500,12,MUNICIPIUL TULCEA,,3,,692,808
37,9,2,2577,1573,1450,123,1559,14,MUNICIPIUL TULCEA,,3,,666,893
37,10,2,2708,1741,1610,131,1732,9,MUNICIPIUL TULCEA,,3,,754,978
37,11,2,2087,1390,1247,143,1381,9,MUNICIPIUL TULCEA,,3,,610,771
37,12,2,1332,995,880,115,991,4,MUNICIPIUL TULCEA,,3,,487,504
37,13,2,1983,1371,1271,100,1366,5,MUNICIPIUL TULCEA,,3,,592,774
37,14,2,2020,1516,1271,245,1511,5,MUNICIPIUL TULCEA,,3,,588,923
37,15,2,2315,1611,1509,102,1599,12,MUNICIPIUL TULCEA,,3,,670,929
37,16,2,2354,1567,1462,105,1564,3,MUNICIPIUL TULCEA,,3,,529,1035
37,17,2,2153,1534,1451,83,1527,7,MUNICIPIUL TULCEA,,3,,601,926
37,18,2,2191,1728,1566,162,1727,1,MUNICIPIUL TULCEA,,3,,837,890
37,19,2,2383,1667,1534,133,1659,8,MUNICIPIUL TULCEA,,3,,687,972
37,20,2,1406,976,897,79,962,14,MUNICIPIUL TULCEA,,3,,373,589
37,21,2,965,792,646,146,788,4,MUNICIPIUL TULCEA,,3,,326,462
37,22,2,2242,1662,1511,151,1648,14,MUNICIPIUL TULCEA,,3,,686,962
37,23,2,2916,2005,1856,149,2005,0,MUNICIPIUL TULCEA,,3,,625,1380
37,24,2,2649,1941,1822,119,1929,12,MUNICIPIUL TULCEA,,3,,672,1257
37,25,2,2357,1614,1463,151,1611,3,MUNICIPIUL TULCEA,,3,,652,959
37,26,2,3125,1992,1806,186,1986,6,MUNICIPIUL TULCEA,,3,,879,1107
37,27,2,2230,1359,1251,108,1349,10,MUNICIPIUL TULCEA,,3,,527,822
37,28,2,2568,1963,1485,478,1956,7,MUNICIPIUL TULCEA,,3,,722,1234
37,29,2,1785,1223,1065,158,1215,8,MUNICIPIUL TULCEA,,3,,520,695
37,30,2,1670,1338,1149,189,1333,5,MUNICIPIUL TULCEA,,3,,560,773
37,31,2,2159,1930,1079,851,1920,10,MUNICIPIUL TULCEA,,3,,638,1282
37,32,2,2023,1618,1361,257,1609,9,MUNICIPIUL TULCEA,,3,,708,901
37,33,2,0,558,0,558,554,4,MUNICIPIUL TULCEA,,3,,273,281
37,34,2,0,1072,0,1072,1050,22,MUNICIPIUL TULCEA,,3,,483,567
37,35,2,1867,1314,1159,155,1289,25,ORAS BABADAG,,3,,739,550
37,36,2,1550,1240,1010,230,1235,5,ORAS BABADAG,,3,,661,574
37,37,2,1353,936,771,165,911,25,ORAS BABADAG,,3,,575,336
37,38,2,1606,1053,904,149,1040,13,ORAS BABADAG,,3,,610,430
37,39,2,1062,749,630,119,744,5,ORAS BABADAG,,3,,339,405
37,40,2,448,338,315,23,331,7,ORAS BABADAG,,3,,190,141
37,41,2,1800,1270,1151,119,1259,11,ORAS ISACCEA,,3,,548,711
37,42,2,1602,1183,1086,97,1156,27,ORAS ISACCEA,,3,,519,637
37,43,2,473,370,308,62,366,4,ORAS ISACCEA,,3,,223,143
37,44,2,23,50,21,29,50,0,ORAS ISACCEA,,3,,27,23
37,45,2,2225,1587,1481,106,1577,10,ORAS MACIN,,3,,856,721
37,46,2,2140,1625,1484,141,1619,6,ORAS MACIN,,3,,856,763
37,47,2,2688,1904,1771,133,1893,11,ORAS MACIN,,3,,946,947
37,48,2,2215,1535,1427,108,1521,14,ORAS MACIN,,3,,867,654
37,49,2,2060,1595,1357,238,1586,9,ORAS SULINA,,3,,934,652
37,50,2,1748,1284,1175,109,1280,4,ORAS SULINA,,3,,790,490
37,51,2,64,72,62,10,72,0,ORAS SULINA,,3,,37,35
37,52,2,2220,1687,1491,196,1669,18,BAIA,,3,,1089,580
37,53,2,463,364,317,47,361,3,BAIA,,3,,101,260
37,54,2,148,127,90,37,125,2,BAIA,,3,,66,59
37,55,2,717,575,498,77,568,7,BAIA,,3,,150,418
37,56,2,322,254,197,57,250,4,BAIA,,3,,113,137
37,57,2,456,358,290,68,351,7,BEIDAUD,,3,,180,171
37,58,2,415,289,201,88,283,6,BEIDAUD,,3,,140,143
37,59,2,388,340,224,116,337,3,BEIDAUD,,3,,177,160
37,60,2,258,195,152,43,194,1,C.A.ROSETTI,,3,,145,49
37,61,2,337,276,223,53,271,5,C.A.ROSETTI,,3,,210,61
37,62,2,250,200,146,54,193,7,C.A.ROSETTI,,3,,142,51
37,63,2,166,108,84,24,106,2,C.A.ROSETTI,,3,,85,21
37,64,2,1767,1019,948,71,1005,14,CARCALIU,,3,,689,316
37,65,2,1493,801,737,64,789,12,CARCALIU,,3,,541,248
37,66,2,1102,769,627,142,765,4,CASIMCEA,,3,,509,256
37,67,2,308,288,248,40,282,6,CASIMCEA,,3,,197,85
37,68,2,574,461,371,90,458,3,CASIMCEA,,3,,274,184
37,69,2,310,324,243,81,324,0,CASIMCEA,,3,,268,56
37,70,2,905,624,520,104,615,9,CEAMURLIA DE JOS,,3,,346,269
37,71,2,1009,771,651,120,761,10,CEAMURLIA DE JOS,,3,,399,362
37,72,2,1924,1344,1238,106,1331,13,CERNA,,3,,725,606
37,73,2,1033,741,658,83,735,6,CERNA,,3,,500,235
37,74,2,554,433,360,73,431,2,CERNA,,3,,236,195
37,75,2,286,336,158,178,332,4,CEATALCHIOI,,3,,197,135
37,76,2,78,138,55,83,136,2,CEATALCHIOI,,3,,66,70
37,77,2,1434,1034,881,153,1026,8,CHILIA VECHE,,3,,807,219
37,78,2,505,432,294,138,424,8,CHILIA VECHE,,3,,322,102
37,79,2,1018,674,552,122,662,12,CIUCUROVA,,3,,336,326
37,80,2,160,93,68,25,92,1,CIUCUROVA,,3,,31,61
37,81,2,467,275,218,57,271,4,CIUCUROVA,,3,,167,104
37,82,2,298,363,254,109,363,0,CRISAN,,3,,221,142
37,83,2,363,390,339,51,390,0,CRISAN,,3,,344,46
37,84,2,224,279,167,112,275,4,CRISAN,,3,,152,123
37,85,2,2139,1453,1360,93,1423,30,DAENI,,3,,1076,347
37,86,2,763,500,459,41,496,4,DOROBANTU,,3,,323,173
37,87,2,416,294,255,39,288,6,DOROBANTU,,3,,221,67
37,88,2,152,119,97,22,119,0,DOROBANTU,,3,,65,54
37,89,2,92,75,57,18,74,1,DOROBANTU,,3,,66,8
37,90,2,975,656,574,82,641,15,FRECATEI,,3,,381,260
37,91,2,963,729,587,142,718,11,FRECATEI,,3,,302,416
37,92,2,634,415,288,127,403,12,FRECATEI,,3,,177,226
37,93,2,498,374,306,68,368,6,FRECATEI,,3,,208,160
37,94,2,2006,1233,1077,156,1224,9,GRECI,,3,,625,599
37,95,2,2240,1286,1189,97,1273,13,GRECI,,3,,680,593
37,96,2,1078,759,638,121,750,9,GRINDU,,3,,351,399
37,97,2,355,237,177,60,234,3,HAMCEARCA,,3,,129,105
37,98,2,337,265,193,72,263,2,HAMCEARCA,,3,,133,130
37,99,2,636,452,365,87,444,8,HAMCEARCA,,3,,281,163
37,100,2,943,685,623,62,683,2,HORIA,,3,,470,213
37,101,2,328,211,159,52,210,1,HORIA,,3,,107,103
37,102,2,917,692,552,140,690,2,I.C.BRATIANU,,3,,305,385
37,103,2,1433,922,836,86,911,11,IZVOARELE,,3,,333,578
37,104,2,240,204,126,78,200,4,IZVOARELE,,3,,116,84
37,105,2,1269,780,668,112,772,8,IZVOARELE,,3,,509,263
37,106,2,252,185,149,36,184,1,IZVOARELE,,3,,117,67
37,107,2,1500,1121,1053,68,1112,9,JIJILA,,3,,722,390
37,108,2,1663,1286,1227,59,1279,7,JIJILA,,3,,843,436
37,109,2,1184,877,839,38,869,8,JIJILA,,3,,538,331
37,110,2,1334,980,853,127,969,11,JURILOVCA,,3,,729,240
37,111,2,1157,849,774,75,829,20,JURILOVCA,,3,,599,230
37,112,2,691,485,415,70,481,4,JURILOVCA,,3,,337,144
37,113,2,1112,814,705,109,800,14,JURILOVCA,,3,,445,355
37,114,2,2916,1990,1665,325,1974,16,LUNCAVITA,,3,,886,1088
37,115,2,1848,1279,1077,202,1256,23,LUNCAVITA,,3,,579,677
37,116,2,785,616,501,115,607,9,LUNCAVITA,,3,,346,261
37,117,2,2082,1543,1237,306,1533,10,MAHMUDIA,,3,,870,663
37,118,2,1762,1099,966,133,1089,10,MAHMUDIA,,3,,743,346
37,119,2,198,232,122,110,228,4,MALIUC,,3,,93,135
37,120,2,352,263,204,59,260,3,MALIUC,,3,,109,151
37,121,2,111,128,79,49,123,5,MALIUC,,3,,65,58
37,122,2,535,349,290,59,343,6,MIHAI BRAVU,,3,,150,193
37,123,2,577,464,391,73,461,3,MIHAI BRAVU,,3,,246,215
37,124,2,950,640,579,61,629,11,MIHAI BRAVU,,3,,449,180
37,125,2,1419,980,841,139,972,8,MIHAIL KOGALNICEANU,,3,,603,369
37,126,2,454,371,295,76,368,3,MIHAIL KOGALNICEANU,,3,,195,173
37,127,2,491,337,297,40,331,6,MIHAIL KOGALNICEANU,,3,,201,130
37,128,2,1106,856,649,207,852,4,MURIGHIOL,,3,,463,389
37,129,2,634,477,315,162,476,1,MURIGHIOL,,3,,281,195
37,130,2,520,436,310,126,434,2,MURIGHIOL,,3,,262,172
37,131,2,545,413,314,99,408,5,MURIGHIOL,,3,,283,125
37,132,2,801,525,424,101,511,14,NALBANT,,3,,273,238
37,133,2,599,439,322,117,429,10,NALBANT,,3,,218,211
37,134,2,316,227,155,72,225,2,NALBANT,,3,,72,153
37,135,2,2174,1464,1317,147,1436,28,NICULITEL,,3,,693,743
37,136,2,1848,1190,1073,117,1177,13,NICULITEL,,3,,635,542
37,137,2,866,743,565,178,734,9,NUFARU,,3,,408,326
37,138,2,763,611,504,107,601,10,NUFARU,,3,,317,284
37,139,2,111,108,53,55,106,2,NUFARU,,3,,60,46
37,140,2,1766,1118,1028,90,1094,24,OSTROV,,3,,820,274
37,141,2,327,334,174,160,332,2,PARDINA,,3,,183,149
37,142,2,1630,1191,1064,127,1183,8,PECENEAGA,,3,,921,262
37,143,2,1540,1099,997,102,1078,21,SARICHIOI,,3,,617,461
37,144,2,1535,1120,1024,96,1107,13,SARICHIOI,,3,,725,382
37,145,2,564,406,353,53,401,5,SARICHIOI,,3,,272,129
37,146,2,1314,957,850,107,937,20,SARICHIOI,,3,,633,304
37,147,2,950,690,612,78,680,10,SARICHIOI,,3,,504,176
37,148,2,371,312,255,57,308,4,SARICHIOI,,3,,186,122
37,149,2,899,688,608,80,683,5,SFANTU GHEORGHE,,3,,501,182
37,150,2,1324,772,677,95,771,1,SLAVA CERCHEZA,,3,,467,304
37,151,2,1151,629,534,95,603,26,SLAVA CERCHEZA,,3,,329,274
37,152,2,724,660,515,145,653,7,SMARDAN,,3,,352,301
37,153,2,1724,1167,896,271,1150,17,SOMOVA,,3,,625,525
37,154,2,946,745,585,160,741,4,SOMOVA,,3,,336,405
37,155,2,645,428,334,94,417,11,SOMOVA,,3,,244,173
37,156,2,761,509,423,86,506,3,STEJARU,,3,,239,267
37,157,2,437,391,233,158,391,0,STEJARU,,3,,217,174
37,158,2,473,323,249,74,322,1,STEJARU,,3,,127,195
37,159,2,1774,1238,1112,126,1223,15,TOPOLOG,,3,,857,366
37,160,2,138,117,89,28,114,3,TOPOLOG,,3,,70,44
37,161,2,225,178,122,56,176,2,TOPOLOG,,3,,108,68
37,162,2,585,438,357,81,436,2,TOPOLOG,,3,,304,132
37,163,2,232,161,133,28,160,1,TOPOLOG,,3,,91,69
37,164,2,282,201,165,36,197,4,TOPOLOG,,3,,133,64
37,165,2,475,332,277,55,330,2,TOPOLOG,,3,,219,111
37,166,2,1655,1210,1120,90,1205,5,TURCOAIA,,3,,741,464
37,167,2,1411,930,892,38,924,6,TURCOAIA,,3,,601,323
37,168,2,1054,688,581,107,682,6,VALEA NUCARILOR,,3,,396,286
37,169,2,408,532,489,43,521,11,VALEA NUCARILOR,,3,,333,188
37,170,2,1791,915,814,101,899,16,VALEA NUCARILOR,,3,,563,336
38,1,2,2387,1671,1568,103,1666,5,MUNICIPIUL VASLUI,,4,,847,819
38,2,2,1244,926,851,75,919,7,MUNICIPIUL VASLUI,,4,,512,407
38,3,2,1732,1358,1209,149,1347,11,MUNICIPIUL VASLUI,,4,,731,616
38,4,2,1399,1038,987,51,1032,6,MUNICIPIUL VASLUI,,4,,641,391
38,5,2,1580,1231,1171,60,1225,6,MUNICIPIUL VASLUI,,4,,543,682
38,6,2,1798,1309,1148,161,1299,8,MUNICIPIUL VASLUI,,4,,749,550
38,7,2,2067,1628,1434,194,1610,18,MUNICIPIUL VASLUI,,4,,890,720
38,8,2,1558,1081,1011,70,1068,13,MUNICIPIUL VASLUI,,4,,621,447
38,9,2,1567,1038,970,68,1028,10,MUNICIPIUL VASLUI,,4,,563,465
38,10,2,1305,1395,870,525,1374,21,MUNICIPIUL VASLUI,,4,,786,588
38,11,2,1324,972,933,39,964,8,MUNICIPIUL VASLUI,,4,,497,467
38,12,2,1137,841,789,52,838,3,MUNICIPIUL VASLUI,,4,,424,414
38,13,2,1284,922,873,49,921,1,MUNICIPIUL VASLUI,,4,,475,446
38,14,2,1277,939,899,40,934,5,MUNICIPIUL VASLUI,,4,,481,453
38,15,2,1708,1115,999,116,1106,9,MUNICIPIUL VASLUI,,4,,613,493
38,16,2,1335,1073,875,198,1062,11,MUNICIPIUL VASLUI,,4,,625,437
38,17,2,1641,1199,1066,133,1195,4,MUNICIPIUL VASLUI,,4,,715,480
38,18,2,1681,1314,1127,187,1308,6,MUNICIPIUL VASLUI,,4,,731,577
38,19,2,1830,1147,1034,113,1139,8,MUNICIPIUL VASLUI,,4,,680,459
38,20,2,1785,1251,1186,65,1241,10,MUNICIPIUL VASLUI,,4,,676,565
38,21,2,1534,1097,1035,62,1088,9,MUNICIPIUL VASLUI,,4,,609,479
38,22,2,1485,987,946,41,976,11,MUNICIPIUL VASLUI,,4,,532,444
38,23,2,1337,1064,981,83,1061,3,MUNICIPIUL VASLUI,,4,,565,496
38,24,2,1602,1019,933,86,1012,7,MUNICIPIUL VASLUI,,4,,489,523
38,25,2,1400,1135,959,176,1125,10,MUNICIPIUL VASLUI,,4,,581,544
38,26,2,1715,1194,1113,81,1185,9,MUNICIPIUL VASLUI,,4,,610,575
38,27,2,1809,1440,1226,214,1432,8,MUNICIPIUL VASLUI,,4,,719,713
38,28,2,1711,1215,1185,30,1206,9,MUNICIPIUL VASLUI,,4,,668,538
38,29,2,1759,1299,1210,89,1292,7,MUNICIPIUL VASLUI,,4,,684,608
38,30,2,1545,1163,1087,76,1157,6,MUNICIPIUL VASLUI,,4,,551,606
38,31,2,1834,1480,1275,205,1469,11,MUNICIPIUL VASLUI,,4,,779,690
38,32,2,2032,1483,1349,134,1470,13,MUNICIPIUL VASLUI,,4,,783,687
38,33,2,443,335,214,121,327,8,MUNICIPIUL VASLUI,,4,,232,95
38,34,2,520,427,336,91,419,8,MUNICIPIUL VASLUI,,4,,299,120
38,35,2,933,658,577,81,651,7,MUNICIPIUL VASLUI,,4,,394,257
38,36,2,1066,932,748,184,916,16,MUNICIPIUL VASLUI,,4,,453,463
38,37,2,801,607,479,128,595,12,MUNICIPIUL VASLUI,,4,,356,239
38,38,2,416,424,398,26,416,8,MUNICIPIUL VASLUI,,4,,127,289
38,39,2,1837,1301,1210,91,1283,18,MUNICIPIUL BARLAD,,4,,798,485
38,40,2,1761,1348,1178,170,1330,18,MUNICIPIUL BARLAD,,4,,807,523
38,41,2,1866,1340,1257,83,1332,8,MUNICIPIUL BARLAD,,4,,785,547
38,42,2,1477,1085,997,88,1081,4,MUNICIPIUL BARLAD,,4,,564,517
38,43,2,2154,1532,1422,110,1515,17,MUNICIPIUL BARLAD,,4,,942,573
38,44,2,2201,1617,1500,117,1610,7,MUNICIPIUL BARLAD,,4,,897,713
38,45,2,1932,1400,1295,105,1398,2,MUNICIPIUL BARLAD,,4,,807,591
38,46,2,2023,1411,1293,118,1406,5,MUNICIPIUL BARLAD,,4,,768,638
38,47,2,1534,1129,1007,122,1123,6,MUNICIPIUL BARLAD,,4,,624,499
38,48,2,1986,1453,1253,200,1445,8,MUNICIPIUL BARLAD,,4,,898,547
38,49,2,2324,1770,1462,308,1770,0,MUNICIPIUL BARLAD,,4,,967,803
38,50,2,1944,1447,1277,170,1442,5,MUNICIPIUL BARLAD,,4,,761,681
38,51,2,2022,1428,1205,223,1418,10,MUNICIPIUL BARLAD,,4,,812,606
38,52,2,1954,1455,1226,229,1453,2,MUNICIPIUL BARLAD,,4,,830,623
38,53,2,2346,1626,1457,169,1619,7,MUNICIPIUL BARLAD,,4,,951,668
38,54,2,1630,1180,1106,74,1169,11,MUNICIPIUL BARLAD,,4,,744,425
38,55,2,1519,1121,1045,76,1116,5,MUNICIPIUL BARLAD,,4,,650,466
38,56,2,1558,1065,997,68,1049,16,MUNICIPIUL BARLAD,,4,,621,428
38,57,2,1629,1108,1057,51,1097,11,MUNICIPIUL BARLAD,,4,,631,466
38,58,2,1593,1160,1082,78,1155,5,MUNICIPIUL BARLAD,,4,,635,520
38,59,2,1707,1305,1182,123,1299,6,MUNICIPIUL BARLAD,,4,,656,643
38,60,2,1567,1186,1064,122,1183,3,MUNICIPIUL BARLAD,,4,,597,586
38,61,2,1527,1081,1043,38,1076,5,MUNICIPIUL BARLAD,,4,,550,526
38,62,2,2011,1505,1338,167,1496,9,MUNICIPIUL BARLAD,,4,,775,721
38,63,2,2204,1567,1469,98,1555,12,MUNICIPIUL BARLAD,,4,,815,740
38,64,2,1949,1349,1260,89,1343,6,MUNICIPIUL BARLAD,,4,,756,587
38,65,2,1599,1133,1037,96,1129,4,MUNICIPIUL BARLAD,,4,,580,549
38,66,2,1635,1131,1040,91,1125,6,MUNICIPIUL BARLAD,,4,,578,547
38,67,2,1723,1340,1175,165,1340,0,MUNICIPIUL BARLAD,,4,,742,598
38,68,2,2060,1490,1362,128,1478,12,MUNICIPIUL BARLAD,,4,,804,674
38,69,2,2192,1626,1522,104,1622,4,MUNICIPIUL BARLAD,,4,,740,882
38,70,2,0,465,0,465,457,8,MUNICIPIUL BARLAD,,4,,304,153
38,71,2,612,600,575,25,593,7,MUNICIPIUL BARLAD,,4,,363,230
38,72,2,1428,1034,960,74,1033,1,MUNICIPIUL HUSI,,4,,519,514
38,73,2,1803,1336,1176,160,1327,9,MUNICIPIUL HUSI,,4,,711,616
38,74,2,1611,1180,1071,109,1176,4,MUNICIPIUL HUSI,,4,,583,593
38,75,2,1424,1008,936,72,1000,8,MUNICIPIUL HUSI,,4,,461,539
38,76,2,2025,1456,1200,256,1447,9,MUNICIPIUL HUSI,,4,,700,747
38,77,2,1155,871,767,104,862,9,MUNICIPIUL HUSI,,4,,458,404
38,78,2,1222,977,713,264,972,5,MUNICIPIUL HUSI,,4,,491,481
38,79,2,1798,1241,1070,171,1236,5,MUNICIPIUL HUSI,,4,,689,547
38,80,2,1341,978,874,104,973,5,MUNICIPIUL HUSI,,4,,517,456
38,81,2,939,668,621,47,660,8,MUNICIPIUL HUSI,,4,,242,418
38,82,2,1639,1318,1151,167,1305,13,MUNICIPIUL HUSI,,4,,454,851
38,83,2,1805,1376,1174,202,1363,13,MUNICIPIUL HUSI,,4,,692,671
38,84,2,2057,1582,1451,131,1560,22,MUNICIPIUL HUSI,,4,,852,708
38,85,2,1860,1327,1169,158,1321,6,MUNICIPIUL HUSI,,4,,654,667
38,86,2,487,337,261,76,334,3,MUNICIPIUL HUSI,,4,,141,193
38,87,2,0,151,0,151,150,1,MUNICIPIUL HUSI,,4,,74,76
38,88,2,109,152,99,53,149,3,MUNICIPIUL HUSI,,4,,99,50
38,89,2,2387,1823,1613,210,1816,7,ORAS NEGRESTI,,4,,932,884
38,90,2,1452,1135,961,174,1120,15,ORAS NEGRESTI,,4,,641,479
38,91,2,836,567,525,42,561,6,ORAS NEGRESTI,,4,,332,229
38,92,2,1010,686,615,71,676,10,ORAS NEGRESTI,,4,,441,235
38,93,2,707,562,504,58,553,9,ORAS NEGRESTI,,4,,366,187
38,94,2,373,278,239,39,275,3,ORAS NEGRESTI,,4,,200,75
38,95,2,0,88,0,88,88,0,ORAS NEGRESTI,,4,,54,34
38,96,2,1187,911,797,114,902,9,ALBESTI,,4,,612,290
38,97,2,1250,877,748,129,861,16,ALBESTI,,4,,511,350
38,98,2,962,485,335,150,481,4,ALEXANDRU VLAHUTA,,4,,364,117
38,99,2,503,406,337,69,399,7,ALEXANDRU VLAHUTA,,4,,351,48
38,100,2,590,461,310,151,449,12,ALEXANDRU VLAHUTA,,4,,349,100
38,101,2,792,410,326,84,403,7,ALEXANDRU VLAHUTA,,4,,215,188
38,102,2,369,351,164,187,342,9,ALEXANDRU VLAHUTA,,4,,263,79
38,103,2,626,605,528,77,599,6,ARSURA,,4,,467,132
38,104,2,771,665,542,123,658,7,ARSURA,,4,,412,246
38,105,2,941,736,549,187,727,9,BANCA,,4,,550,177
38,106,2,527,332,278,54,324,8,BANCA,,4,,269,55
38,107,2,1024,603,520,83,584,19,BANCA,,4,,395,189
38,108,2,683,428,369,59,416,12,BANCA,,4,,330,86
38,109,2,578,343,303,40,332,11,BANCA,,4,,250,82
38,110,2,615,421,326,95,413,8,BANCA,,4,,286,127
38,111,2,485,350,304,46,346,4,BACANI,,4,,203,143
38,112,2,1339,770,698,72,748,22,BACANI,,4,,528,220
38,113,2,2234,1498,1268,230,1461,37,BACESTI,,4,,944,517
38,114,2,518,376,302,74,371,5,BACESTI,,4,,271,100
38,115,2,38,62,37,25,62,0,BACESTI,,4,,39,23
38,116,2,1293,883,790,93,870,13,BALTENI,,4,,612,258
38,117,2,2087,1464,1396,68,1439,25,BEREZENI,,4,,1144,295
38,118,2,1064,854,794,60,850,4,BEREZENI,,4,,708,142
38,119,2,931,534,449,85,530,4,BEREZENI,,4,,420,110
38,120,2,326,303,193,110,299,4,BEREZENI,,4,,249,50
38,121,2,1232,705,563,142,682,23,BLAGESTI,,4,,505,177
38,122,2,507,254,188,66,246,8,BLAGESTI,,4,,171,75
38,123,2,1098,666,571,95,658,8,BOGDANA,,4,,419,239
38,124,2,298,193,165,28,191,2,BOGDANA,,4,,146,45
38,125,2,1114,776,632,144,770,6,BOGDANESTI,,4,,609,161
38,126,2,310,231,168,63,228,3,BOGDANESTI,,4,,169,59
38,127,2,1157,755,613,142,742,13,BOGDANESTI,,4,,570,172
38,128,2,768,399,324,75,396,3,BOGDANITA,,4,,292,104
38,129,2,460,310,251,59,304,6,BOGDANITA,,4,,181,123
38,130,2,980,699,577,122,687,12,BOTESTI,,4,,516,171
38,131,2,968,730,626,104,673,7,BOTESTI,,4,,500,173
38,132,2,1254,804,685,119,798,6,BUNESTI-AVERESTI,,4,,643,155
38,133,2,1168,797,648,149,793,4,BUNESTI-AVERESTI,,4,,590,203
38,134,2,1269,835,732,103,826,9,CODAESTI,,4,,593,233
38,135,2,1162,674,592,82,669,5,CODAESTI,,4,,475,194
38,136,2,1051,701,624,77,691,10,CODAESTI,,4,,529,162
38,137,2,392,290,260,30,282,8,CODAESTI,,4,,217,65
38,138,2,847,571,446,125,563,8,COROIESTI,,4,,412,151
38,139,2,899,612,511,101,605,7,COROIESTI,,4,,417,188
38,140,2,1693,1133,970,163,1113,20,COSTESTI,,4,,610,503
38,141,2,583,434,334,100,412,11,COSTESTI,,4,,275,137
38,142,2,250,257,196,61,252,5,COSTESTI,,4,,160,92
38,143,2,1577,979,796,183,956,23,CRETESTI,,4,,630,326
38,144,2,620,372,294,78,365,7,DANESTI,,4,,223,142
38,145,2,991,583,539,44,579,4,DANESTI,,4,,411,168
38,146,2,329,240,182,58,234,6,DANESTI,,4,,176,58
38,147,2,211,137,98,39,135,2,DANESTI,,4,,92,43
38,148,2,1383,959,816,143,936,23,DELENI,,4,,574,362
38,149,2,527,400,338,62,395,5,DELENI,,4,,272,123
38,150,2,961,611,505,106,601,10,DELESTI,,4,,446,155
38,151,2,1193,741,646,95,721,20,DELESTI,,4,,542,179
38,152,2,336,236,190,46,232,4,DELESTI,,4,,152,80
38,153,2,658,494,406,88,485,9,DELESTI,,4,,268,217
38,154,2,875,517,419,98,508,9,DELESTI,,4,,328,180
38,155,2,597,448,376,72,446,2,DIMITRIE CANTEMIR,,4,,326,120
38,156,2,613,395,335,60,387,8,DIMITRIE CANTEMIR,,4,,246,141
38,157,2,686,460,420,40,451,9,DIMITRIE CANTEMIR,,4,,338,113
38,158,2,601,341,292,49,339,2,DIMITRIE CANTEMIR,,4,,229,110
38,159,2,915,549,459,90,545,4,DRAGOMIRESTI,,4,,405,140
38,160,2,508,354,260,94,350,4,DRAGOMIRESTI,,4,,219,131
38,161,2,1203,820,694,126,814,6,DRAGOMIRESTI,,4,,728,86
38,162,2,710,448,373,75,440,8,DRAGOMIRESTI,,4,,294,146
38,163,2,1874,1191,1017,174,1173,18,DRANCENI,,4,,712,461
38,164,2,1412,987,804,183,983,4,DRANCENI,,4,,685,298
38,165,2,437,360,279,81,350,10,DRANCENI,,4,,230,120
38,166,2,1465,933,867,66,911,22,DUDA-EPURENI,,4,,635,276
38,167,2,1326,918,817,101,905,13,DUDA-EPURENI,,4,,557,348
38,168,2,1099,780,693,87,770,9,DUDA-EPURENI,,4,,340,430
38,169,2,1808,1056,933,123,1042,14,DUMESTI,,4,,657,385
38,170,2,891,577,499,78,573,4,DUMESTI,,4,,391,182
38,171,2,1977,1118,906,212,1104,14,EPURENI,,4,,806,298
38,172,2,693,406,313,93,398,8,EPURENI,,4,,270,128
38,173,2,1106,711,596,115,708,3,FALCIU,,4,,408,300
38,174,2,1238,877,713,164,860,17,FALCIU,,4,,552,308
38,175,2,549,372,305,67,363,4,FALCIU,,4,,253,110
38,176,2,921,718,610,108,707,11,FALCIU,,4,,519,188
38,177,2,483,360,329,31,351,9,FALCIU,,4,,255,96
38,178,2,571,425,360,65,420,5,FALCIU,,4,,256,164
38,179,2,466,310,275,35,309,1,GAGESTI,,4,,204,105
38,180,2,933,582,522,60,579,3,GAGESTI,,4,,403,176
38,181,2,336,298,251,47,291,7,GAGESTI,,4,,202,89
38,182,2,990,546,402,144,540,6,GHERGHESTI,,4,,395,145
38,183,2,317,215,179,36,211,4,GHERGHESTI,,4,,158,53
38,184,2,281,198,142,56,195,3,GHERGHESTI,,4,,155,40
38,185,2,570,433,305,128,429,4,GHERGHESTI,,4,,312,117
38,186,2,1185,772,661,111,764,8,GARCENI,,4,,495,269
38,187,2,782,568,461,107,562,5,GARCENI,,4,,438,124
38,188,2,1088,770,653,117,757,13,GRIVITA,,4,,484,273
38,189,2,896,613,518,95,604,9,GRIVITA,,4,,413,191
38,190,2,484,355,264,91,351,4,GRIVITA,,4,,277,74
38,191,2,669,616,546,70,607,9,GRIVITA,,4,,460,147
38,192,2,587,390,308,82,382,6,GRIVITA,,4,,246,136
38,193,2,486,388,289,99,378,10,HOCENI,,4,,306,72
38,194,2,491,380,308,72,375,5,HOCENI,,4,,298,77
38,195,2,649,409,347,62,395,14,HOCENI,,4,,322,73
38,196,2,491,352,275,77,347,5,HOCENI,,4,,267,80
38,197,2,660,500,398,102,494,6,HOCENI,,4,,368,126
38,198,2,2120,1083,909,174,1061,18,IANA,,4,,643,418
38,199,2,603,602,324,278,594,8,IANA,,4,,477,117
38,200,2,1336,801,629,172,786,15,IVANESTI,,4,,583,203
38,201,2,921,764,538,226,754,10,IVANESTI,,4,,613,141
38,202,2,674,457,287,170,449,8,IVANESTI,,4,,359,90
38,203,2,950,587,445,142,571,16,IVANESTI,,4,,444,127
38,204,2,2341,1466,1451,15,1446,20,IVESTI,,4,,1108,338
38,205,2,1374,951,909,42,937,14,IVESTI,,4,,673,264
38,206,2,1826,1072,937,135,1058,14,LAZA,,4,,746,312
38,207,2,813,615,500,115,605,10,LAZA,,4,,457,148
38,208,2,1759,1091,908,183,1075,16,LAZA,,4,,714,361
38,209,2,342,221,184,37,210,11,LAZA,,4,,169,41
38,210,2,1683,1271,1136,135,1257,14,LIPOVAT,,4,,883,374
38,211,2,822,598,540,58,585,13,LIPOVAT,,4,,361,224
38,212,2,581,390,343,47,382,8,LIPOVAT,,4,,250,132
38,213,2,1689,1256,1122,134,1107,15,LUNCA BANULUI,,4,,774,333
38,214,2,845,504,450,54,497,7,LUNCA BANULUI,,4,,327,170
38,215,2,447,323,260,63,320,3,LUNCA BANULUI,,4,,187,133
38,216,2,842,513,419,94,506,7,MALUSTENI,,4,,347,159
38,217,2,798,562,479,83,551,11,MALUSTENI,,4,,345,206
38,218,2,913,561,481,80,557,4,MALUSTENI,,4,,402,155
38,219,2,962,641,454,187,632,9,MICLESTI,,4,,476,156
38,220,2,1094,742,600,142,730,12,MICLESTI,,4,,515,215
38,221,2,374,315,241,74,312,3,MICLESTI,,4,,250,62
38,222,2,1930,1319,1114,205,1311,8,MUNTENII DE JOS,,4,,912,399
38,223,2,848,626,527,99,611,15,MUNTENII DE JOS,,4,,453,158
38,224,2,2510,1666,1395,271,1648,18,MURGENI,,4,,896,752
38,225,2,531,441,347,94,434,7,MURGENI,,4,,304,130
38,226,2,480,397,297,100,394,3,MURGENI,,4,,209,185
38,227,2,866,370,312,58,362,8,MURGENI,,4,,237,125
38,228,2,327,366,127,239,363,3,MURGENI,,4,,221,142
38,229,2,740,429,335,94,420,9,OLTENESTI,,4,,227,193
38,230,2,620,517,413,104,513,4,OLTENESTI,,4,,395,118
38,231,2,1016,786,699,87,780,6,OLTENESTI,,4,,588,192
38,232,2,1336,900,783,117,886,14,OSESTI,,4,,583,303
38,233,2,1010,627,544,83,616,11,OSESTI,,4,,436,180
38,234,2,2152,1254,1131,123,1237,17,PADURENI,,4,,748,489
38,235,2,493,359,323,36,354,5,PADURENI,,4,,226,128
38,236,2,1288,751,696,55,734,17,PADURENI,,4,,419,315
38,237,2,2620,1523,1355,168,1496,27,PERIENI,,4,,1241,255
38,238,2,692,527,359,168,519,8,PERIENI,,4,,372,147
38,239,2,324,270,188,82,260,10,PERIENI,,4,,133,127
38,240,2,1099,644,571,73,636,8,POIENESTI,,4,,495,141
38,241,2,608,499,385,114,491,8,POIENESTI,,4,,359,132
38,242,2,1174,572,485,87,565,7,POGANA,,4,,439,126
38,243,2,1160,405,315,90,397,8,POGANA,,4,,271,126
38,244,2,1590,1050,840,210,1028,22,PUIESTI,,4,,806,222
38,245,2,403,301,216,85,297,4,PUIESTI,,4,,248,49
38,246,2,135,279,79,200,274,5,PUIESTI,,4,,232,42
38,247,2,948,514,382,132,506,8,PUIESTI,,4,,431,75
38,248,2,430,332,243,89,322,10,PUIESTI,,4,,268,54
38,249,2,321,226,167,59,221,5,PUIESTI,,4,,174,47
38,250,2,1100,655,546,109,648,7,PUNGESTI,,4,,431,217
38,251,2,582,455,344,111,448,7,PUNGESTI,,4,,282,166
38,252,2,363,333,190,143,323,10,PUNGESTI,,4,,175,148
38,253,2,567,332,254,78,325,7,PUNGESTI,,4,,239,86
38,254,2,1602,878,656,222,865,13,REBRICEA,,4,,589,276
38,255,2,1183,699,562,137,694,5,REBRICEA,,4,,502,192
38,256,2,1128,723,619,104,712,11,ROSIESTI,,4,,480,232
38,257,2,585,438,375,63,433,5,ROSIESTI,,4,,354,79
38,258,2,606,416,352,64,409,7,ROSIESTI,,4,,324,85
38,259,2,397,289,242,47,281,8,ROSIESTI,,4,,208,73
38,260,2,257,250,180,70,248,2,ROSIESTI,,4,,178,70
38,261,2,1080,787,682,105,780,7,SOLESTI,,4,,632,148
38,262,2,873,569,421,148,561,8,SOLESTI,,4,,367,194
38,263,2,628,327,258,69,323,4,SOLESTI,,4,,216,107
38,264,2,546,376,172,204,372,4,SOLESTI,,4,,281,91
38,265,2,2866,1712,1563,149,1691,21,STANILESTI,,4,,1181,510
38,266,2,455,260,218,42,258,2,STANILESTI,,4,,191,67
38,267,2,1208,820,684,136,806,14,STANILESTI,,4,,534,272
38,268,2,1491,936,806,130,923,13,STEFAN CEL MARE,,4,,650,273
38,269,2,1027,740,546,194,726,14,STEFAN CEL MARE,,4,,492,234
38,270,2,1538,885,714,171,872,13,SULETEA,,4,,554,318
38,271,2,520,404,315,89,400,4,SULETEA,,4,,307,93
38,272,2,1990,1225,1037,188,1204,21,TANACU,,4,,809,395
38,273,2,981,686,576,110,673,13,TANACU,,4,,419,254
38,274,2,1339,962,827,135,954,8,TANACU,,4,,626,328
38,275,2,751,497,424,73,493,4,TACUTA,,4,,381,112
38,276,2,291,220,166,54,218,2,TACUTA,,4,,172,46
38,277,2,500,432,369,63,430,2,TACUTA,,4,,340,90
38,278,2,391,286,236,50,280,6,TACUTA,,4,,226,54
38,279,2,745,444,389,55,439,5,TACUTA,,4,,318,121
38,280,2,1005,688,578,110,681,7,TATARANI,,4,,492,189
38,281,2,590,362,308,54,355,7,TATARANI,,4,,279,76
38,282,2,572,412,366,46,406,6,TATARANI,,4,,337,69
38,283,2,1771,1051,922,129,1032,19,TODIRESTI,,4,,740,292
38,284,2,790,530,474,56,527,3,TODIRESTI,,4,,424,103
38,285,2,1472,822,751,71,796,26,TODIRESTI,,4,,506,290
38,286,2,1289,964,698,266,953,11,TUTOVA,,4,,636,317
38,287,2,625,584,453,131,579,5,TUTOVA,,4,,450,129
38,288,2,802,610,515,95,599,11,TUTOVA,,4,,431,168
38,289,2,549,495,460,35,488,7,TUTOVA,,4,,355,133
38,290,2,816,549,517,32,537,12,TUTOVA,,4,,324,213
38,291,2,2292,1493,1310,183,1475,18,VALENI,,4,,1070,405
38,292,2,1750,881,721,160,871,10,VALENI,,4,,709,162
38,293,2,865,640,475,165,630,10,VALENI,,4,,454,176
38,294,2,1886,1264,1133,131,1257,7,VETRISOAIA,,4,,1011,246
38,295,2,1017,726,636,90,715,11,VETRISOAIA,,4,,556,159
38,296,2,201,184,145,39,180,4,VETRISOAIA,,4,,131,49
38,297,2,1117,763,606,157,752,11,VIISOARA,,4,,604,148
38,298,2,518,421,314,107,421,0,VIISOARA,,4,,341,80
38,299,2,1593,1071,919,152,1054,17,VIISOARA,,4,,838,216
38,300,2,1397,807,700,107,797,10,VINDEREI,,4,,398,399
38,301,2,555,354,306,48,350,4,VINDEREI,,4,,241,109
38,302,2,547,346,284,62,341,5,VINDEREI,,4,,264,77
38,303,2,399,254,206,48,251,3,VINDEREI,,4,,163,88
38,304,2,953,580,529,51,559,21,VINDEREI,,4,,394,165
38,305,2,275,252,233,19,249,3,VOINESTI,,4,,188,61
38,306,2,948,598,489,109,596,2,VOINESTI,,4,,511,85
38,307,2,490,361,287,74,359,2,VOINESTI,,4,,337,22
38,308,2,147,149,96,53,149,0,VOINESTI,,4,,117,32
38,309,2,212,192,129,63,187,5,VOINESTI,,4,,149,38
38,310,2,647,459,351,108,450,9,VOINESTI,,4,,335,115
38,311,2,934,740,606,134,727,13,VULTURESTI,,4,,466,261
38,312,2,780,614,510,104,611,3,VULTURESTI,,4,,385,226
38,313,2,1011,673,513,160,665,8,VUTCANI,,4,,475,190
38,314,2,1015,654,557,97,645,9,VUTCANI,,4,,483,162
38,315,2,1777,1095,968,127,1074,21,ZAPODENI,,4,,837,237
38,316,2,711,499,396,103,487,12,ZAPODENI,,4,,340,147
38,317,2,1009,922,804,118,896,26,ZAPODENI,,4,,723,173
38,318,2,3126,2134,1871,263,2114,20,ZORLENI,,4,,1389,725
38,319,2,1144,855,666,189,845,10,ZORLENI,,4,,572,273
38,320,2,1998,1417,1248,169,1400,17,ZORLENI,,4,,990,410
38,321,2,184,141,107,34,140,1,ZORLENI,,4,,82,58
38,322,2,900,745,531,214,734,11,MURGENI,,4,,568,166
39,1,2,1652,1067,879,188,1052,14,MUNICIPIUL RAMNICU VALCEA,,6,,504,548
39,2,2,1871,1430,1209,221,1420,10,MUNICIPIUL RAMNICU VALCEA,,6,,593,827
39,3,2,1557,1051,938,113,1043,8,MUNICIPIUL RAMNICU VALCEA,,6,,470,573
39,4,2,1952,1344,1265,79,1343,1,MUNICIPIUL RAMNICU VALCEA,,6,,582,761
39,5,2,1318,893,793,100,890,3,MUNICIPIUL RAMNICU VALCEA,,6,,400,490
39,6,2,1335,896,796,100,892,4,MUNICIPIUL RAMNICU VALCEA,,6,,357,535
39,7,2,954,677,609,68,676,1,MUNICIPIUL RAMNICU VALCEA,,6,,262,414
39,8,2,1700,1235,1091,144,1232,3,MUNICIPIUL RAMNICU VALCEA,,6,,552,680
39,9,2,1336,924,835,89,921,3,MUNICIPIUL RAMNICU VALCEA,,6,,430,491
39,10,2,1560,1046,906,140,1040,6,MUNICIPIUL RAMNICU VALCEA,,6,,417,623
39,11,2,1580,1142,999,143,1142,0,MUNICIPIUL RAMNICU VALCEA,,6,,473,669
39,12,2,1357,968,804,164,961,7,MUNICIPIUL RAMNICU VALCEA,,6,,397,564
39,13,2,1450,1035,944,91,1031,4,MUNICIPIUL RAMNICU VALCEA,,6,,433,598
39,14,2,1717,1331,1185,146,1320,11,MUNICIPIUL RAMNICU VALCEA,,6,,535,785
39,15,2,1886,1424,1178,246,1416,8,MUNICIPIUL RAMNICU VALCEA,,6,,626,790
39,16,2,2023,1426,1249,177,1418,8,MUNICIPIUL RAMNICU VALCEA,,6,,607,811
39,17,2,1465,1084,931,153,1082,2,MUNICIPIUL RAMNICU VALCEA,,6,,447,635
39,18,2,1222,947,821,126,943,4,MUNICIPIUL RAMNICU VALCEA,,6,,374,569
39,19,2,1973,1431,1281,150,1426,5,MUNICIPIUL RAMNICU VALCEA,,6,,579,847
39,20,2,1503,1338,985,353,1329,9,MUNICIPIUL RAMNICU VALCEA,,6,,576,753
39,21,2,1754,1235,1082,153,1232,3,MUNICIPIUL RAMNICU VALCEA,,6,,488,744
39,22,2,1809,1449,1229,220,1427,4,MUNICIPIUL RAMNICU VALCEA,,6,,652,775
39,23,2,1401,1220,943,277,1214,6,MUNICIPIUL RAMNICU VALCEA,,6,,472,742
39,24,2,1625,1255,1146,109,1249,6,MUNICIPIUL RAMNICU VALCEA,,6,,503,746
39,25,2,1605,1177,1086,91,1168,9,MUNICIPIUL RAMNICU VALCEA,,6,,533,635
39,26,2,1039,768,676,92,767,1,MUNICIPIUL RAMNICU VALCEA,,6,,299,468
39,27,2,1357,1046,948,98,1046,0,MUNICIPIUL RAMNICU VALCEA,,6,,426,620
39,28,2,1629,1296,1150,146,1290,6,MUNICIPIUL RAMNICU VALCEA,,6,,547,743
39,29,2,1513,1028,914,114,1010,18,MUNICIPIUL RAMNICU VALCEA,,6,,514,496
39,30,2,1797,1161,1030,131,1152,9,MUNICIPIUL RAMNICU VALCEA,,6,,517,635
39,31,2,1800,1315,1199,116,1307,8,MUNICIPIUL RAMNICU VALCEA,,6,,617,690
39,32,2,1671,1347,1162,185,1342,5,MUNICIPIUL RAMNICU VALCEA,,6,,541,801
39,33,2,1823,1391,1245,146,1388,3,MUNICIPIUL RAMNICU VALCEA,,6,,611,777
39,34,2,1301,959,858,101,956,3,MUNICIPIUL RAMNICU VALCEA,,6,,419,537
39,35,2,1490,1093,976,117,1090,3,MUNICIPIUL RAMNICU VALCEA,,6,,458,632
39,36,2,2009,1298,1201,97,1294,4,MUNICIPIUL RAMNICU VALCEA,,6,,661,633
39,37,2,1533,1066,996,70,1061,5,MUNICIPIUL RAMNICU VALCEA,,6,,502,559
39,38,2,1439,974,884,90,969,5,MUNICIPIUL RAMNICU VALCEA,,6,,531,438
39,39,2,1945,1247,1144,103,1242,5,MUNICIPIUL RAMNICU VALCEA,,6,,611,631
39,40,2,1355,878,770,108,874,4,MUNICIPIUL RAMNICU VALCEA,,6,,381,493
39,41,2,1948,1341,1243,98,1333,8,MUNICIPIUL RAMNICU VALCEA,,6,,617,716
39,42,2,1956,1173,1064,109,1167,6,MUNICIPIUL RAMNICU VALCEA,,6,,516,651
39,43,2,1949,1340,1224,116,1330,10,MUNICIPIUL RAMNICU VALCEA,,6,,566,764
39,44,2,1984,1316,1172,144,1309,7,MUNICIPIUL RAMNICU VALCEA,,6,,582,727
39,45,2,1943,1371,1277,94,1368,3,MUNICIPIUL RAMNICU VALCEA,,6,,648,720
39,46,2,1908,1259,1181,78,1255,4,MUNICIPIUL RAMNICU VALCEA,,6,,538,717
39,47,2,1665,1091,986,105,1087,4,MUNICIPIUL RAMNICU VALCEA,,6,,528,559
39,48,2,1882,1310,1190,120,1299,11,MUNICIPIUL RAMNICU VALCEA,,6,,595,704
39,49,2,1139,830,738,92,826,4,MUNICIPIUL RAMNICU VALCEA,,6,,365,461
39,50,2,1228,847,771,76,844,3,MUNICIPIUL RAMNICU VALCEA,,6,,389,455
39,51,2,956,553,421,132,548,5,MUNICIPIUL RAMNICU VALCEA,,6,,324,224
39,52,2,1014,885,485,400,873,12,MUNICIPIUL RAMNICU VALCEA,,6,,538,335
39,53,2,1041,1022,678,344,1013,9,MUNICIPIUL RAMNICU VALCEA,,6,,608,405
39,54,2,502,494,322,172,491,3,MUNICIPIUL RAMNICU VALCEA,,6,,295,196
39,55,2,1282,784,621,163,775,9,MUNICIPIUL RAMNICU VALCEA,,6,,455,320
39,56,2,1153,836,621,215,825,11,MUNICIPIUL RAMNICU VALCEA,,6,,473,352
39,57,2,170,170,170,0,169,1,MUNICIPIUL RAMNICU VALCEA,,6,,110,59
39,58,2,553,575,549,26,563,12,MUNICIPIUL RAMNICU VALCEA,,6,,218,345
39,59,2,387,400,375,25,395,5,MUNICIPIUL RAMNICU VALCEA,,6,,185,210
39,60,2,0,792,0,792,784,8,MUNICIPIUL RAMNICU VALCEA,,6,,411,373
39,61,2,1443,1095,938,157,1093,2,MUNICIPIUL DRAGASANI,,6,,604,489
39,62,2,1369,859,747,112,855,4,MUNICIPIUL DRAGASANI,,6,,450,405
39,63,2,1779,1206,1102,104,1193,13,MUNICIPIUL DRAGASANI,,6,,712,481
39,64,2,1671,1101,1026,75,1094,7,MUNICIPIUL DRAGASANI,,6,,647,447
39,65,2,1357,923,853,70,918,5,MUNICIPIUL DRAGASANI,,6,,524,394
39,66,2,1382,911,839,72,909,2,MUNICIPIUL DRAGASANI,,6,,535,374
39,67,2,968,715,647,68,709,6,MUNICIPIUL DRAGASANI,,6,,416,293
39,68,2,1419,950,903,47,940,10,MUNICIPIUL DRAGASANI,,6,,656,284
39,69,2,1404,952,854,98,949,3,MUNICIPIUL DRAGASANI,,6,,542,407
39,70,2,1476,1072,969,103,1071,1,MUNICIPIUL DRAGASANI,,6,,570,501
39,71,2,1482,1072,1002,70,1056,16,MUNICIPIUL DRAGASANI,,6,,731,325
39,72,2,1370,1011,935,76,997,14,MUNICIPIUL DRAGASANI,,6,,701,296
39,73,2,0,198,0,198,197,1,MUNICIPIUL DRAGASANI,,6,,144,53
39,74,2,418,365,353,12,359,6,MUNICIPIUL DRAGASANI,,6,,201,158
39,75,2,2193,2193,1606,587,2173,20,ORAS BAILE GOVORA,,6,,1198,975
39,76,2,277,270,230,40,269,1,ORAS BAILE GOVORA,,6,,196,73
39,77,2,1650,1253,1170,83,1246,7,ORAS BAILE OLANESTI,,6,,745,501
39,78,2,1188,928,841,87,920,8,ORAS BAILE OLANESTI,,6,,606,314
39,79,2,807,637,566,71,629,8,ORAS BAILE OLANESTI,,6,,443,186
39,80,2,0,1017,0,1017,1008,9,ORAS BAILE OLANESTI,,6,,585,423
39,81,2,1989,1464,1274,190,1456,8,ORAS BREZOI,,6,,696,760
39,82,2,1312,1068,853,215,1058,10,ORAS BREZOI,,6,,592,466
39,83,2,667,444,373,71,440,4,ORAS BREZOI,,6,,270,170
39,84,2,850,803,730,73,793,10,ORAS BREZOI,,6,,423,370
39,85,2,365,293,241,52,289,4,ORAS BREZOI,,6,,159,130
39,86,2,445,375,341,34,371,4,ORAS CALIMANESTI,,6,,246,125
39,87,2,1612,1281,1155,126,1271,10,ORAS CALIMANESTI,,6,,672,599
39,88,2,973,816,752,64,815,1,ORAS CALIMANESTI,,6,,484,331
39,89,2,1020,1007,697,310,999,8,ORAS CALIMANESTI,,6,,538,461
39,90,2,328,874,204,670,870,4,ORAS CALIMANESTI,,6,,442,428
39,91,2,1619,1099,1005,94,1090,9,ORAS CALIMANESTI,,6,,588,502
39,92,2,694,535,493,42,525,10,ORAS CALIMANESTI,,6,,278,247
39,93,2,1431,1080,957,123,1076,4,ORAS HOREZU,,6,,526,550
39,94,2,1890,1300,1181,119,1293,7,ORAS HOREZU,,6,,673,620
39,95,2,1281,886,790,96,867,19,ORAS HOREZU,,6,,620,247
39,96,2,395,287,256,31,287,0,ORAS HOREZU,,6,,192,95
39,97,2,520,344,300,44,344,0,ORAS HOREZU,,6,,201,143
39,98,2,1271,995,870,125,982,13,ORAS OCNELE MARI,,6,,602,380
39,99,2,1524,1073,991,82,1063,10,ORAS OCNELE MARI,,6,,641,422
39,100,2,1692,1030,906,124,1021,9,ALUNU,,6,,694,327
39,101,2,1659,1050,874,176,1040,10,ALUNU,,6,,795,245
39,102,2,1176,770,637,133,762,8,AMARASTI,,6,,525,237
39,103,2,732,530,427,103,518,12,AMARASTI,,6,,358,160
39,104,2,1489,1566,1005,561,1556,10,BABENI,,6,,869,687
39,105,2,1458,755,380,375,749,6,BABENI,,6,,490,259
39,106,2,730,901,344,557,892,9,BABENI,,6,,645,247
39,107,2,205,410,100,310,408,2,BABENI,,6,,266,142
39,108,2,1095,974,268,706,960,14,BABENI,,6,,615,345
39,109,2,2326,1420,1173,247,1402,18,BALCESTI,,6,,911,491
39,110,2,865,575,412,163,571,4,BALCESTI,,6,,405,166
39,111,2,965,628,482,146,620,8,BALCESTI,,6,,430,190
39,112,2,756,724,515,209,713,11,BALCESTI,,6,,489,224
39,113,2,1740,1203,1072,131,1191,12,BARBATESTI,,6,,821,370
39,114,2,1481,1170,1040,130,1158,12,BARBATESTI,,6,,898,260
39,115,2,1439,949,849,100,940,9,BERBESTI,,6,,729,211
39,116,2,1490,851,604,247,849,2,BERBESTI,,6,,536,313
39,117,2,1146,835,679,156,817,18,BERBESTI,,6,,574,243
39,118,2,1121,633,562,71,629,4,BERISLAVESTI,,6,,385,244
39,119,2,392,286,252,34,285,1,BERISLAVESTI,,6,,180,105
39,120,2,286,219,182,37,215,4,BERISLAVESTI,,6,,120,95
39,121,2,690,400,361,39,394,6,BERISLAVESTI,,6,,167,227
39,122,2,1654,889,846,43,875,14,BOISOARA,,6,,416,459
39,123,2,2520,1593,1387,206,1579,14,BUDESTI,,6,,972,607
39,124,2,1286,906,780,126,898,8,BUDESTI,,6,,572,326
39,125,2,1015,775,646,129,772,3,BUJORENI,,6,,390,382
39,126,2,1450,1037,872,165,1024,13,BUJORENI,,6,,622,402
39,127,2,1656,1182,1023,159,1169,13,BUNESTI,,6,,841,328
39,128,2,474,333,257,76,327,6,BUNESTI,,6,,255,72
39,129,2,1324,884,840,44,868,16,CERNISOARA,,6,,596,272
39,130,2,840,675,570,105,655,20,CERNISOARA,,6,,416,239
39,131,2,1131,1089,922,167,1074,15,CERNISOARA,,6,,856,218
39,132,2,1077,802,652,150,792,10,CAINENI,,6,,327,465
39,133,2,807,479,390,89,471,8,CAINENI,,6,,227,244
39,134,2,209,191,128,63,189,2,CAINENI,,6,,106,83
39,135,2,1387,1028,832,196,1016,12,COPACENI,,6,,691,325
39,136,2,686,600,456,144,591,9,COPACENI,,6,,437,154
39,137,2,1710,1357,1290,67,1346,11,COSTESTI,,6,,878,468
39,138,2,554,503,418,85,499,4,COSTESTI,,6,,292,207
39,139,2,605,492,430,62,488,4,COSTESTI,,6,,357,131
39,140,2,1100,719,616,103,706,13,CRETENI,,6,,464,242
39,141,2,1171,792,667,125,782,10,CRETENI,,6,,478,304
39,142,2,1380,920,797,123,908,12,DAESTI,,6,,547,361
39,143,2,657,478,400,78,473,5,DAESTI,,6,,276,197
39,144,2,1264,674,510,164,670,4,DANICEI,,6,,505,165
39,145,2,809,563,469,94,560,3,DANICEI,,6,,410,150
39,146,2,1230,862,752,110,850,12,DRAGOESTI,,6,,573,277
39,147,2,797,550,520,30,545,5,DRAGOESTI,,6,,414,131
39,148,2,1420,906,720,186,898,8,FAURESTI,,6,,493,405
39,149,2,1519,937,861,76,929,8,FAURESTI,,6,,587,342
39,150,2,421,310,246,64,305,5,FARTATESTI,,6,,201,104
39,151,2,548,452,338,114,446,6,FARTATESTI,,6,,327,119
39,152,2,467,294,214,80,288,6,FARTATESTI,,6,,227,61
39,153,2,983,518,434,84,508,10,FARTATESTI,,6,,386,122
39,154,2,377,271,192,79,267,4,FARTATESTI,,6,,143,124
39,155,2,1081,629,547,82,619,10,FARTATESTI,,6,,410,209
39,156,2,2138,1186,967,219,1179,7,FRANCESTI,,6,,942,237
39,157,2,1157,808,593,215,802,6,FRANCESTI,,6,,535,267
39,158,2,1081,788,553,235,770,18,FRANCESTI,,6,,555,215
39,159,2,57,73,56,17,73,0,FRANCESTI,,6,,43,30
39,160,2,1794,1085,1033,52,1073,12,GALICEA,,6,,757,316
39,161,2,938,686,528,158,685,1,GALICEA,,6,,485,200
39,162,2,639,512,456,56,509,3,GALICEA,,6,,352,157
39,163,2,1162,744,566,178,732,12,GHIOROIU,,6,,420,312
39,164,2,637,511,381,130,502,9,GHIOROIU,,6,,325,177
39,165,2,1063,701,610,91,682,19,GLAVILE,,6,,429,253
39,166,2,329,292,245,47,285,7,GLAVILE,,6,,198,87
39,167,2,661,511,422,89,502,9,GOLESTI,,6,,364,138
39,168,2,662,584,479,105,574,10,GOLESTI,,6,,388,186
39,169,2,695,536,459,77,525,11,GOLESTI,,6,,375,150
39,170,2,673,391,285,106,384,7,GRADISTEA,,6,,251,133
39,171,2,797,565,410,155,559,6,GRADISTEA,,6,,402,157
39,172,2,1195,653,599,54,644,9,GRADISTEA,,6,,401,243
39,173,2,1041,684,619,65,675,9,GUSOENI,,6,,484,191
39,174,2,649,545,509,36,471,74,GUSOENI,,6,,335,136
39,175,2,1344,836,660,176,825,11,IONESTI,,6,,508,317
39,176,2,1251,700,581,119,689,11,IONESTI,,6,,447,242
39,177,2,928,619,518,101,608,11,IONESTI,,6,,364,244
39,178,2,722,510,416,94,500,10,LALOSU,,6,,340,160
39,179,2,563,350,298,52,346,4,LALOSU,,6,,197,149
39,180,2,683,481,432,49,478,3,LALOSU,,6,,337,141
39,181,2,1213,888,625,263,878,10,LADESTI,,6,,640,238
39,182,2,715,482,377,105,472,10,LADESTI,,6,,371,101
39,183,2,1344,884,833,51,875,9,LAPUSATA,,6,,538,337
39,184,2,642,427,400,27,422,5,LAPUSATA,,6,,324,98
39,185,2,1051,548,423,125,542,6,LIVEZI,,6,,396,146
39,186,2,935,563,468,95,558,5,LIVEZI,,6,,422,136
39,187,2,1888,1254,1075,179,1242,12,LUNGESTI,,6,,868,374
39,188,2,1224,780,658,122,775,5,LUNGESTI,,6,,642,133
39,189,2,886,640,588,52,632,8,MALAIA,,6,,283,349
39,190,2,379,309,235,74,304,5,MALAIA,,6,,129,175
39,191,2,227,207,174,33,207,0,MALAIA,,6,,116,91
39,192,2,1488,1070,962,108,1062,8,MATEESTI,,6,,764,298
39,193,2,928,702,621,81,694,8,MATEESTI,,6,,507,187
39,194,2,1327,877,716,161,866,11,MACIUCA,,6,,600,266
39,195,2,537,398,310,88,391,7,MACIUCA,,6,,267,124
39,196,2,837,573,484,89,568,5,MADULARI,,6,,406,162
39,197,2,492,362,319,43,358,4,MADULARI,,6,,275,83
39,198,2,349,273,238,35,271,2,MADULARI,,6,,218,53
39,199,2,1698,1174,1062,112,1164,10,MALDARESTI,,6,,851,313
39,200,2,1922,1216,969,247,1194,22,MIHAESTI,,6,,733,461
39,201,2,1337,969,805,164,954,15,MIHAESTI,,6,,611,343
39,202,2,1440,1030,751,279,1024,6,MIHAESTI,,6,,634,390
39,203,2,0,117,0,117,116,1,MIHAESTI,,6,,86,30
39,204,2,1036,695,591,104,683,12,MILCOIU,,6,,454,229
39,205,2,861,580,524,56,576,4,MUEREASCA,,6,,361,215
39,206,2,1246,886,820,66,869,17,MUEREASCA,,6,,509,360
39,207,2,1323,1005,837,168,1000,5,NICOLAE BALCESCU,,6,,747,253
39,208,2,1824,1215,1070,145,1202,13,NICOLAE BALCESCU,,6,,869,333
39,209,2,1806,1281,1220,61,1271,10,OLANU,,6,,870,401
39,210,2,989,686,652,34,671,15,OLANU,,6,,450,221
39,211,2,1486,1103,969,134,1076,27,ORLESTI,,6,,678,398
39,212,2,1453,959,883,76,948,11,ORLESTI,,6,,612,336
39,213,2,1293,873,811,62,858,15,OTESANI,,6,,518,340
39,214,2,1233,839,714,125,835,4,OTESANI,,6,,590,245
39,215,2,1468,1212,1121,91,1191,21,PAUSESTI,,6,,821,370
39,216,2,1106,859,789,70,835,24,PAUSESTI,,6,,574,261
39,217,2,1869,1472,1145,327,1447,25,PAUSESTI-MAGLASI,,6,,892,555
39,218,2,652,539,391,148,529,10,PAUSESTI-MAGLASI,,6,,312,217
39,219,2,1031,686,638,48,682,4,PERISANI,,6,,520,162
39,220,2,629,502,462,40,493,9,PERISANI,,6,,386,107
39,221,2,541,457,443,14,454,3,PERISANI,,6,,351,103
39,222,2,1089,585,508,77,571,14,PERISANI,,6,,285,286
39,223,2,1709,1358,1178,180,1344,14,PESCEANA,,6,,893,451
39,224,2,1485,1153,988,165,1139,14,PIETRARI,,6,,846,293
39,225,2,1264,890,776,114,884,6,PIETRARI,,6,,670,214
39,226,2,1239,848,653,195,836,12,POPESTI,,6,,598,238
39,227,2,1370,973,794,179,968,5,POPESTI,,6,,645,323
39,228,2,1909,1160,1068,92,1144,16,PRUNDENI,,6,,777,367
39,229,2,1414,1089,949,140,1069,20,PRUNDENI,,6,,777,292
39,230,2,1308,829,770,59,824,5,PRUNDENI,,6,,561,263
39,231,2,847,637,473,164,624,13,RACOVITA,,6,,304,320
39,232,2,295,214,150,64,208,6,RACOVITA,,6,,125,83
39,233,2,221,251,208,43,247,4,RACOVITA,,6,,177,70
39,234,2,1116,783,677,106,774,7,ROESTI,,6,,557,217
39,235,2,652,474,392,82,471,3,ROESTI,,6,,373,98
39,236,2,1374,759,498,261,751,8,ROSIILE,,6,,412,339
39,237,2,1363,759,550,209,749,10,ROSIILE,,6,,567,182
39,238,2,1056,610,519,91,596,14,RUNCU,,6,,391,205
39,239,2,1135,757,676,81,748,9,SALATRUCEL,,6,,410,338
39,240,2,696,421,390,31,416,5,SALATRUCEL,,6,,287,129
39,241,2,1240,822,692,130,816,6,SCUNDU,,6,,459,357
39,242,2,779,502,451,51,495,7,SCUNDU,,6,,265,230
39,243,2,1121,926,786,140,919,7,SINESTI,,6,,752,167
39,244,2,767,630,529,101,625,5,SINESTI,,6,,446,179
39,245,2,2520,1390,1338,52,1382,8,SLATIOARA,,6,,989,393
39,246,2,757,465,383,82,460,5,SLATIOARA,,6,,324,136
39,247,2,1396,772,642,130,758,14,STANESTI,,6,,576,182
39,248,2,1362,1012,876,136,1007,5,STOENESTI,,6,,682,325
39,249,2,1087,784,692,92,774,10,STOENESTI,,6,,589,185
39,250,2,838,611,547,64,602,9,STOENESTI,,6,,392,210
39,251,2,1006,511,403,108,510,1,STOILESTI,,6,,392,118
39,252,2,749,433,259,174,431,2,STOILESTI,,6,,285,146
39,253,2,1171,614,436,178,609,5,STOILESTI,,6,,436,173
39,254,2,641,492,375,117,488,4,STOILESTI,,6,,246,242
39,255,2,1078,744,570,174,736,8,STROESTI,,6,,465,271
39,256,2,922,687,584,103,673,14,STROESTI,,6,,429,244
39,257,2,542,376,313,63,371,5,STROESTI,,6,,306,65
39,258,2,1645,1334,1066,268,1319,15,SUTESTI,,6,,729,590
39,259,2,727,440,369,71,434,6,SUTESTI,,6,,327,107
39,260,2,344,252,188,64,251,1,SUTESTI,,6,,183,68
39,261,2,505,365,310,55,359,6,SUTESTI,,6,,252,107
39,262,2,1474,871,770,101,857,14,SIRINEASA,,6,,571,286
39,263,2,578,448,386,62,445,3,SIRINEASA,,6,,330,115
39,264,2,1834,1306,1075,231,1280,26,STEFANESTI,,6,,973,307
39,265,2,1209,992,787,205,986,6,STEFANESTI,,6,,735,251
39,266,2,651,454,330,124,451,3,SUSANI,,6,,240,211
39,267,2,1307,870,640,230,859,11,SUSANI,,6,,615,244
39,268,2,1481,1011,785,226,997,14,SUSANI,,6,,749,248
39,269,2,1079,678,527,151,667,11,TETOIU,,6,,461,206
39,270,2,870,648,479,169,640,8,TETOIU,,6,,397,243
39,271,2,545,413,271,142,400,13,TETOIU,,6,,232,168
39,272,2,1608,1157,1000,157,1146,11,TOMSANI,,6,,870,276
39,273,2,810,582,421,161,578,4,TOMSANI,,6,,455,123
39,274,2,1087,858,616,242,853,5,TOMSANI,,6,,671,182
39,275,2,2237,1276,1151,125,1266,10,VAIDEENI,,6,,658,608
39,276,2,723,491,438,53,487,4,VAIDEENI,,6,,304,183
39,277,2,531,438,355,83,430,8,VAIDEENI,,6,,338,92
39,278,2,1152,864,617,247,863,1,VALEA MARE,,6,,647,216
39,279,2,956,594,529,65,583,11,VALEA MARE,,6,,401,182
39,280,2,568,460,364,96,459,1,VALEA MARE,,6,,351,108
39,281,2,1686,1242,1061,181,1227,15,VLADESTI,,6,,716,511
39,282,2,1439,1000,918,82,990,10,VOICESTI,,6,,767,223
39,283,2,1297,1261,935,326,1249,12,VOINEASA,,6,,651,598
39,284,2,572,420,337,83,414,6,ZATRENI,,6,,271,143
39,285,2,476,319,278,41,313,6,ZATRENI,,6,,232,81
39,286,2,533,387,323,64,375,12,ZATRENI,,6,,295,80
39,287,2,767,523,434,89,516,7,ZATRENI,,6,,348,168
39,288,2,487,414,300,114,405,9,ZATRENI,,6,,240,165
39,289,2,472,319,260,59,316,3,ZATRENI,,6,,178,138
39,290,2,445,273,210,63,268,5,ZATRENI,,6,,161,107
39,291,2,0,106,0,106,100,6,ZATRENI,,6,,66,34
39,292,2,885,588,510,78,582,6,GLAVILE,,6,,420,162
40,1,2,2319,1719,1534,185,1715,4,MUNICIPIUL FOCSANI,,4,,731,984
40,2,2,1447,1116,1011,105,1108,8,MUNICIPIUL FOCSANI,,4,,499,609
40,3,2,1770,1323,1271,52,1319,4,MUNICIPIUL FOCSANI,,4,,558,761
40,4,2,1302,1081,791,290,1078,3,MUNICIPIUL FOCSANI,,4,,484,594
40,5,2,1515,1116,978,138,1112,4,MUNICIPIUL FOCSANI,,4,,503,609
40,6,2,1061,798,757,41,794,4,MUNICIPIUL FOCSANI,,4,,335,459
40,7,2,2111,1150,1127,23,1144,6,MUNICIPIUL FOCSANI,,4,,506,638
40,8,2,1502,1079,1031,48,1076,3,MUNICIPIUL FOCSANI,,4,,458,618
40,9,2,918,664,599,65,660,4,MUNICIPIUL FOCSANI,,4,,347,313
40,10,2,1601,1231,1088,143,1227,4,MUNICIPIUL FOCSANI,,4,,601,626
40,11,2,1321,887,770,117,883,4,MUNICIPIUL FOCSANI,,4,,386,497
40,12,2,2525,1737,1687,50,1727,10,MUNICIPIUL FOCSANI,,4,,848,879
40,13,2,850,586,549,37,579,7,MUNICIPIUL FOCSANI,,4,,302,277
40,14,2,1595,1107,1074,33,1099,8,MUNICIPIUL FOCSANI,,4,,512,587
40,15,2,1664,1099,918,181,1086,13,MUNICIPIUL FOCSANI,,4,,544,542
40,16,2,2579,1828,1770,58,1825,3,MUNICIPIUL FOCSANI,,4,,721,1104
40,17,2,1348,985,895,90,982,3,MUNICIPIUL FOCSANI,,4,,416,566
40,18,2,2049,1545,1319,226,1540,5,MUNICIPIUL FOCSANI,,4,,609,931
40,19,2,660,1070,436,634,1063,7,MUNICIPIUL FOCSANI,,4,,502,561
40,20,2,1691,1105,986,119,1095,10,MUNICIPIUL FOCSANI,,4,,526,569
40,21,2,1270,772,702,70,763,9,MUNICIPIUL FOCSANI,,4,,389,374
40,22,2,1056,773,773,0,767,6,MUNICIPIUL FOCSANI,,4,,398,369
40,23,2,2886,1770,1691,79,1770,0,MUNICIPIUL FOCSANI,,4,,793,977
40,24,2,2195,1448,1112,336,1439,9,MUNICIPIUL FOCSANI,,4,,737,702
40,25,2,1618,1177,1011,166,1171,6,MUNICIPIUL FOCSANI,,4,,572,599
40,26,2,2212,1506,1275,231,1503,3,MUNICIPIUL FOCSANI,,4,,706,797
40,27,2,1909,1232,1168,64,1226,6,MUNICIPIUL FOCSANI,,4,,555,671
40,28,2,2082,1495,1429,66,1493,2,MUNICIPIUL FOCSANI,,4,,595,898
40,29,2,905,988,585,403,985,3,MUNICIPIUL FOCSANI,,4,,468,517
40,30,2,1524,1124,1082,42,1119,5,MUNICIPIUL FOCSANI,,4,,437,682
40,31,2,1692,1157,1110,47,1152,5,MUNICIPIUL FOCSANI,,4,,515,637
40,32,2,2460,1525,1288,237,1521,4,MUNICIPIUL FOCSANI,,4,,720,801
40,33,2,1761,1256,1147,109,1256,0,MUNICIPIUL FOCSANI,,4,,541,715
40,34,2,1712,1254,1220,34,1254,0,MUNICIPIUL FOCSANI,,4,,545,709
40,35,2,2125,1538,1423,115,1534,4,MUNICIPIUL FOCSANI,,4,,666,868
40,36,2,1471,1056,919,137,1052,4,MUNICIPIUL FOCSANI,,4,,425,627
40,37,2,1081,763,673,90,763,0,MUNICIPIUL FOCSANI,,4,,276,487
40,38,2,1399,870,802,68,868,2,MUNICIPIUL FOCSANI,,4,,411,457
40,39,2,2456,1562,1448,114,1554,8,MUNICIPIUL FOCSANI,,4,,809,745
40,40,2,1962,1371,1194,177,1366,5,MUNICIPIUL FOCSANI,,4,,722,644
40,41,2,773,703,446,257,698,5,MUNICIPIUL FOCSANI,,4,,281,417
40,42,2,1288,1010,724,286,1001,9,MUNICIPIUL FOCSANI,,4,,465,536
40,43,2,2407,1621,1371,250,1616,5,MUNICIPIUL FOCSANI,,4,,787,829
40,44,2,1037,846,631,215,838,8,MUNICIPIUL FOCSANI,,4,,453,385
40,45,2,1242,725,700,25,723,2,MUNICIPIUL FOCSANI,,4,,357,366
40,46,2,914,589,527,62,587,2,MUNICIPIUL FOCSANI,,4,,306,281
40,47,2,1412,993,964,29,986,7,MUNICIPIUL FOCSANI,,4,,446,540
40,48,2,0,457,0,457,455,2,MUNICIPIUL FOCSANI,,4,,193,262
40,49,2,0,398,0,398,341,4,MUNICIPIUL FOCSANI,,4,,174,167
40,50,2,0,341,0,341,332,9,MUNICIPIUL FOCSANI,,4,,177,155
40,51,2,0,427,0,427,423,4,MUNICIPIUL FOCSANI,,4,,206,217
40,52,2,0,98,0,98,97,1,MUNICIPIUL FOCSANI,,4,,42,55
40,53,2,0,657,0,657,653,4,MUNICIPIUL FOCSANI,,4,,89,564
40,54,2,1644,1310,1159,151,1301,9,ORAS ADJUD,,4,,627,674
40,55,2,1537,1217,1089,128,1206,11,ORAS ADJUD,,4,,655,551
40,56,2,1498,1155,1043,112,1147,8,ORAS ADJUD,,4,,567,580
40,57,2,1536,1177,1068,109,1168,9,ORAS ADJUD,,4,,573,595
40,58,2,1491,1324,1028,296,1320,4,ORAS ADJUD,,4,,562,758
40,59,2,1051,868,752,116,863,5,ORAS ADJUD,,4,,421,442
40,60,2,1566,1200,1066,134,1195,5,ORAS ADJUD,,4,,590,605
40,61,2,1054,817,699,118,811,6,ORAS ADJUD,,4,,407,404
40,62,2,398,397,328,69,390,7,ORAS ADJUD,,4,,194,196
40,63,2,577,490,444,46,478,12,ORAS ADJUD,,4,,269,209
40,64,2,1234,965,866,99,955,10,ORAS ADJUD,,4,,483,472
40,65,2,1598,1091,1053,38,1083,8,ORAS MARASESTI,,4,,682,401
40,66,2,1542,1140,1096,44,1119,21,ORAS MARASESTI,,4,,505,614
40,67,2,2612,1887,1756,131,1868,19,ORAS MARASESTI,,4,,939,929
40,68,2,2164,1398,1281,117,1390,8,ORAS MARASESTI,,4,,710,680
40,69,2,1322,879,687,192,876,3,ORAS MARASESTI,,4,,516,360
40,70,2,0,307,0,307,306,1,ORAS MARASESTI,,4,,120,186
40,71,2,1921,1579,1346,233,1562,17,ORAS ODOBESTI,,4,,857,705
40,72,2,1848,1540,1300,240,1523,17,ORAS ODOBESTI,,4,,1059,464
40,73,2,1050,794,700,94,777,17,ORAS ODOBESTI,,4,,440,337
40,74,2,1111,807,695,112,803,4,ORAS ODOBESTI,,4,,408,395
40,75,2,2447,1831,1549,282,1821,10,ORAS PANCIU,,4,,938,883
40,76,2,2255,1507,1337,170,1493,14,ORAS PANCIU,,4,,700,793
40,77,2,798,603,522,81,593,10,ORAS PANCIU,,4,,336,257
40,78,2,758,514,453,61,510,4,ORAS PANCIU,,4,,246,264
40,79,2,731,557,496,61,553,4,ORAS PANCIU,,4,,304,249
40,80,2,537,419,366,53,411,8,ORAS PANCIU,,4,,223,188
40,81,2,550,471,425,46,470,1,ANDREIASU DE JOS,,4,,381,89
40,82,2,552,419,353,66,415,4,ANDREIASU DE JOS,,4,,340,75
40,83,2,440,381,333,48,376,5,ANDREIASU DE JOS,,4,,321,55
40,84,2,2026,1474,1357,117,1463,11,BALESTI,,4,,1081,382
40,85,2,1281,965,889,76,953,12,BARSESTI,,4,,562,391
40,86,2,1660,1033,921,112,1029,4,BARSESTI,,4,,791,238
40,87,2,981,711,633,78,704,7,BOGHESTI,,4,,459,245
40,88,2,586,510,455,55,505,5,BOGHESTI,,4,,382,123
40,89,2,1127,837,684,153,810,27,BOLOTESTI,,4,,545,265
40,90,2,361,248,200,48,245,3,BOLOTESTI,,4,,171,74
40,91,2,1639,1104,913,191,1090,14,BOLOTESTI,,4,,698,392
40,92,2,544,420,341,79,416,4,BOLOTESTI,,4,,273,143
40,93,2,1550,940,857,83,923,17,BORDESTI,,4,,556,367
40,94,2,1580,1124,959,165,1113,11,BROSTENI,,4,,806,307
40,95,2,1263,865,805,60,849,16,CHIOJDENI,,4,,599,250
40,96,2,440,293,268,25,291,2,CHIOJDENI,,4,,210,81
40,97,2,1034,775,714,61,765,10,CIORASTI,,4,,539,226
40,98,2,281,251,221,30,246,5,CIORASTI,,4,,194,52
40,99,2,836,676,596,80,667,9,CIORASTI,,4,,531,136
40,100,2,549,427,400,27,420,7,CIORASTI,,4,,361,59
40,101,2,311,299,276,23,294,5,CIORASTI,,4,,251,43
40,102,2,267,226,208,18,220,6,CIORASTI,,4,,149,71
40,103,2,270,239,215,24,238,1,CIORASTI,,4,,201,37
40,104,2,2243,1520,1323,197,1502,18,CAMPINEANCA,,4,,867,635
40,105,2,862,615,542,73,605,10,CAMPURI,,4,,372,233
40,106,2,1135,718,657,61,697,21,CAMPURI,,4,,474,223
40,107,2,581,487,456,31,481,6,CAMPURI,,4,,349,132
40,108,2,753,525,442,83,521,4,CAMPURI,,4,,320,201
40,109,2,923,717,559,158,711,6,CARLIGELE,,4,,449,262
40,110,2,866,678,608,70,672,6,CARLIGELE,,4,,408,264
40,111,2,529,402,329,73,399,3,CARLIGELE,,4,,246,153
40,112,2,725,571,490,81,566,5,CORBITA,,4,,375,191
40,113,2,341,319,258,61,316,3,CORBITA,,4,,184,132
40,114,2,503,409,355,54,405,4,CORBITA,,4,,266,139
40,115,2,2003,1439,1208,231,1432,7,COTESTI,,4,,1007,425
40,116,2,1109,1042,881,161,1031,11,COTESTI,,4,,655,376
40,117,2,2088,1503,1166,337,1479,24,DUMBRAVENI,,4,,999,480
40,118,2,1027,749,598,151,745,4,DUMBRAVENI,,4,,395,350
40,119,2,1538,911,858,53,902,9,DUMITRESTI,,4,,593,309
40,120,2,821,627,522,105,621,6,DUMITRESTI,,4,,365,256
40,121,2,530,354,318,36,345,9,DUMITRESTI,,4,,139,206
40,122,2,905,598,568,30,592,6,DUMITRESTI,,4,,372,220
40,123,2,249,177,155,22,175,2,DUMITRESTI,,4,,90,85
40,124,2,1466,996,889,107,988,8,FITIONESTI,,4,,458,530
40,125,2,1036,757,656,101,750,7,FITIONESTI,,4,,356,394
40,126,2,1805,1189,978,211,1182,7,GAROAFA,,4,,588,594
40,127,2,472,300,231,69,299,1,GAROAFA,,4,,179,120
40,128,2,1188,907,704,203,899,8,GAROAFA,,4,,580,319
40,129,2,2251,1581,1308,273,1564,17,GOLESTI,,4,,787,777
40,130,2,1915,1266,1170,96,1257,9,GUGESTI,,4,,755,502
40,131,2,840,667,584,83,663,4,GUGESTI,,4,,363,300
40,132,2,2152,1462,1305,157,1451,11,GUGESTI,,4,,784,667
40,133,2,900,610,533,77,599,11,GURA CALITEI,,4,,325,274
40,134,2,812,517,439,78,513,4,GURA CALITEI,,4,,347,166
40,135,2,758,450,358,92,448,2,GURA CALITEI,,4,,378,70
40,136,2,3014,1697,1519,178,1669,28,HOMOCEA,,4,,1181,488
40,137,2,2099,1438,1311,127,1412,26,HOMOCEA,,4,,742,670
40,138,2,1286,865,765,100,850,15,HOMOCEA,,4,,523,327
40,139,2,2350,1641,1398,243,1631,10,JARISTEA,,4,,973,658
40,140,2,898,649,558,91,638,11,JARISTEA,,4,,388,250
40,141,2,203,190,136,54,189,1,JARISTEA,,4,,141,48
40,142,2,915,697,605,92,689,8,JITIA,,4,,487,202
40,143,2,320,247,227,20,243,4,JITIA,,4,,200,43
40,144,2,1814,1512,1274,238,1497,15,MAICANESTI,,4,,1023,474
40,145,2,1528,1233,1100,133,1226,7,MAICANESTI,,4,,980,246
40,146,2,615,471,412,59,464,7,MAICANESTI,,4,,380,84
40,147,2,394,335,285,50,328,7,MAICANESTI,,4,,255,73
40,148,2,1346,905,752,153,889,16,MERA,,4,,649,240
40,149,2,1445,875,763,112,864,11,MERA,,4,,589,275
40,150,2,2176,1651,1446,205,1635,16,MILCOVUL,,4,,1113,522
40,151,2,2023,1704,1529,175,1692,12,MILCOVUL,,4,,1136,556
40,152,2,2767,1867,1704,163,1832,28,MILCOVUL,,4,,1182,650
40,153,2,677,567,466,101,557,10,MILCOVUL,,4,,339,218
40,154,2,641,475,402,73,471,4,MOVILITA,,4,,301,170
40,155,2,1300,825,673,152,813,12,MOVILITA,,4,,465,348
40,156,2,1136,662,556,106,649,13,MOVILITA,,4,,365,284
40,157,2,378,280,246,34,276,4,MOVILITA,,4,,194,82
40,158,2,1192,800,739,61,786,14,NANESTI,,4,,477,309
40,159,2,1149,747,693,54,731,16,NANESTI,,4,,496,235
40,160,2,1563,1393,1239,154,1370,23,NARUJA,,4,,1005,365
40,161,2,1253,950,870,80,898,52,NEREJU,,4,,681,217
40,162,2,1563,1029,923,106,1021,8,NEREJU,,4,,646,375
40,163,2,1089,632,591,41,620,12,NISTORESTI,,4,,470,150
40,164,2,926,632,592,40,623,9,NISTORESTI,,4,,509,114
40,165,2,1149,766,697,69,758,8,PALTIN,,4,,535,223
40,166,2,608,436,405,31,431,5,PALTIN,,4,,326,105
40,167,2,996,659,603,56,654,5,PALTIN,,4,,516,138
40,168,2,734,531,482,49,528,3,PAUNESTI,,4,,372,156
40,169,2,1476,1051,1005,46,1034,17,PAUNESTI,,4,,690,344
40,170,2,1176,914,843,71,902,12,PAUNESTI,,4,,651,251
40,171,2,1533,990,965,25,977,13,PAUNESTI,,4,,680,297
40,172,2,1607,969,928,41,957,12,POIANA CRISTEI,,4,,770,187
40,173,2,510,348,335,13,342,6,POIANA CRISTEI,,4,,302,40
40,174,2,233,161,149,12,161,0,POIANA CRISTEI,,4,,127,34
40,175,2,1843,1425,1192,233,1394,31,PUFESTI,,4,,732,662
40,176,2,947,739,626,113,732,7,PUFESTI,,4,,426,306
40,177,2,1017,761,681,80,751,10,RACOASA,,4,,440,311
40,178,2,774,541,475,66,531,10,RACOASA,,4,,318,213
40,179,2,681,500,459,41,494,6,RACOASA,,4,,229,265
40,180,2,419,351,292,59,342,9,RACOASA,,4,,278,64
40,181,2,1196,759,718,41,733,26,REGHIU,,4,,546,187
40,182,2,494,366,343,23,359,7,REGHIU,,4,,253,106
40,183,2,461,363,349,14,353,10,REGHIU,,4,,198,155
40,184,2,2024,1253,1132,121,1238,15,RUGINESTI,,4,,691,547
40,185,2,946,605,569,36,601,4,RUGINESTI,,4,,382,219
40,186,2,688,536,513,23,526,10,RUGINESTI,,4,,358,168
40,187,2,1887,1169,1008,161,1150,19,SIHLEA,,4,,661,489
40,188,2,575,434,370,64,429,5,SIHLEA,,4,,323,106
40,189,2,988,724,589,135,712,12,SIHLEA,,4,,512,200
40,190,2,1063,785,674,111,780,5,SIHLEA,,4,,582,198
40,191,2,0,127,0,127,125,2,SIHLEA,,4,,59,66
40,192,2,1017,688,630,58,678,10,SLOBOZIA BRADULUI,,4,,467,211
40,193,2,817,679,552,127,667,12,SLOBOZIA BRADULUI,,4,,453,214
40,194,2,1020,681,523,158,661,20,SLOBOZIA BRADULUI,,4,,499,162
40,195,2,1078,822,726,96,818,4,SLOBOZIA CIORASTI,,4,,607,211
40,196,2,515,421,375,46,415,6,SLOBOZIA CIORASTI,,4,,254,161
40,197,2,1375,1034,939,95,1022,12,SOVEJA,,4,,636,386
40,198,2,1054,796,735,61,785,11,SOVEJA,,4,,497,288
40,199,2,1283,960,819,141,948,12,STRAOANE,,4,,443,505
40,200,2,970,701,598,103,687,14,STRAOANE,,4,,395,292
40,201,2,331,273,229,44,270,3,STRAOANE,,4,,181,89
40,202,2,870,583,483,100,575,8,STRAOANE,,4,,363,212
40,203,2,2650,1533,1455,78,1526,7,SURAIA,,4,,683,843
40,204,2,1795,1180,1122,58,1174,6,SURAIA,,4,,570,604
40,205,2,1814,1219,1060,159,1204,15,SURAIA,,4,,682,522
40,206,2,1137,986,897,89,971,15,TANASOAIA,,4,,755,216
40,207,2,755,497,441,56,488,9,TANASOAIA,,4,,346,142
40,208,2,1191,841,765,76,823,18,TATARANU,,4,,559,264
40,209,2,890,718,565,153,712,6,TATARANU,,4,,516,196
40,210,2,1114,888,671,217,870,18,TATARANU,,4,,651,219
40,211,2,916,646,578,68,634,12,TATARANU,,4,,433,201
40,212,2,917,593,436,157,585,8,TAMBOIESTI,,4,,358,227
40,213,2,970,805,626,179,795,10,TAMBOIESTI,,4,,486,309
40,214,2,1062,802,657,145,786,16,TAMBOIESTI,,4,,442,344
40,215,2,1918,1303,1203,100,1288,15,TULNICI,,4,,804,484
40,216,2,739,547,500,47,534,13,TULNICI,,4,,398,136
40,217,2,1041,686,640,46,683,3,TULNICI,,4,,484,199
40,218,2,679,647,607,40,639,8,TULNICI,,4,,417,222
40,219,2,273,288,170,118,282,6,TULNICI,,4,,184,98
40,220,2,1674,1134,944,190,1119,15,TIFESTI,,4,,690,429
40,221,2,1250,811,696,115,792,19,TIFESTI,,4,,529,263
40,222,2,697,553,435,118,548,5,TIFESTI,,4,,372,176
40,223,2,741,510,424,86,506,4,TIFESTI,,4,,341,165
40,224,2,2040,1382,1255,127,1366,16,URECHESTI,,4,,707,659
40,225,2,1614,1096,1000,96,1081,15,URECHESTI,,4,,559,522
40,226,2,649,481,409,72,473,8,URECHESTI,,4,,224,249
40,227,2,765,611,563,48,605,6,VALEA SARII,,4,,416,189
40,228,2,946,800,734,66,794,6,VALEA SARII,,4,,580,214
40,229,2,2056,1573,1304,269,1551,22,VIDRA,,4,,1067,484
40,230,2,1485,882,795,87,870,12,VIDRA,,4,,559,311
40,231,2,1109,793,698,95,781,12,VIDRA,,4,,583,198
40,232,2,702,520,480,40,513,7,VIDRA,,4,,335,178
40,233,2,716,469,437,32,461,8,VIDRA,,4,,319,142
40,234,2,994,703,658,45,698,5,VINTILEASCA,,4,,529,169
40,235,2,624,402,366,36,399,3,VINTILEASCA,,4,,331,68
40,236,2,634,539,463,76,532,7,VIZANTEA-LIVEZI,,4,,198,334
40,237,2,344,247,228,19,242,5,VIZANTEA-LIVEZI,,4,,163,79
40,238,2,416,350,322,28,348,2,VIZANTEA-LIVEZI,,4,,156,192
40,239,2,767,503,456,47,490,13,VIZANTEA-LIVEZI,,4,,299,191
40,240,2,1233,890,836,54,882,8,VIZANTEA-LIVEZI,,4,,628,254
40,241,2,1300,816,763,53,812,4,VANATORI,,4,,444,368
40,242,2,1171,897,797,100,879,18,VANATORI,,4,,533,346
40,243,2,1079,729,636,93,715,14,VANATORI,,4,,443,272
40,244,2,676,504,435,69,500,4,VANATORI,,4,,228,272
40,245,2,1643,1163,1004,159,1152,11,VARTESCOIU,,4,,772,380
40,246,2,808,659,547,112,654,5,VARTESCOIU,,4,,511,143
40,247,2,593,359,328,31,354,5,VRANCIOAIA,,4,,270,84
40,248,2,583,369,348,21,361,8,VRANCIOAIA,,4,,255,106
40,249,2,700,644,622,22,631,13,VRANCIOAIA,,4,,522,109
40,250,2,648,450,419,31,440,10,VRANCIOAIA,,4,,232,208
40,251,2,3427,2071,1721,350,2050,21,VULTURU,,4,,1422,628
40,252,2,1012,700,627,73,694,6,VULTURU,,4,,466,228
40,253,2,1076,885,677,208,880,5,VULTURU,,4,,727,153
40,254,2,758,526,488,38,521,5,VULTURU,,4,,433,88
40,255,2,1159,551,530,21,538,13,VULTURU,,4,,367,171
41,1,2,1222,1457,805,652,1452,5,SECTORUL 1,,0,,534,918
41,2,2,1685,1256,1097,159,1248,8,SECTORUL 1,,0,,432,816
41,3,2,1784,1357,1104,253,1349,8,SECTORUL 1,,0,,570,779
41,4,2,1429,1302,987,315,1195,9,SECTORUL 1,,0,,441,754
41,5,2,1741,1364,1159,205,1358,6,SECTORUL 1,,0,,543,815
41,6,2,1816,1363,1099,264,1357,6,SECTORUL 1,,0,,467,890
41,7,2,2003,1422,1259,163,1414,7,SECTORUL 1,,0,,598,816
41,8,2,1170,1132,777,355,1130,2,SECTORUL 1,,0,,415,715
41,9,2,1715,1306,1111,195,1306,0,SECTORUL 1,,0,,419,887
41,10,2,1788,1201,1056,145,1196,5,SECTORUL 1,,0,,379,817
41,11,2,1335,1131,836,295,1129,2,SECTORUL 1,,0,,411,718
41,12,2,1338,991,870,121,987,4,SECTORUL 1,,0,,399,588
41,13,2,1514,1100,972,128,1095,5,SECTORUL 1,,0,,470,625
41,14,2,1843,1299,1185,114,1296,3,SECTORUL 1,,0,,654,642
41,15,2,1805,1212,1096,116,1198,14,SECTORUL 1,,0,,373,825
41,16,2,1509,1232,995,237,1228,4,SECTORUL 1,,0,,483,745
41,17,2,1395,1186,919,267,1182,4,SECTORUL 1,,0,,483,699
41,18,2,1861,1307,1148,159,1298,9,SECTORUL 1,,0,,504,794
41,19,2,1581,1106,995,111,1095,11,SECTORUL 1,,0,,430,665
41,20,2,1487,1101,948,153,1092,9,SECTORUL 1,,0,,359,733
41,21,2,1623,1023,890,133,1018,5,SECTORUL 1,,0,,327,691
41,22,2,1299,996,856,140,993,3,SECTORUL 1,,0,,389,604
41,23,2,1804,1359,1208,151,1357,2,SECTORUL 1,,0,,512,845
41,24,2,1377,910,755,155,906,4,SECTORUL 1,,0,,324,582
41,25,2,1868,1203,1059,144,1195,8,SECTORUL 1,,0,,447,748
41,26,2,1385,1004,858,146,999,5,SECTORUL 1,,0,,424,575
41,27,2,1178,940,815,125,932,8,SECTORUL 1,,0,,437,495
41,28,2,1434,1069,994,75,1061,8,SECTORUL 1,,0,,510,551
41,29,2,1951,1395,1229,166,1393,2,SECTORUL 1,,0,,596,797
41,30,2,1311,931,804,127,927,4,SECTORUL 1,,0,,409,518
41,31,2,1794,1317,1180,137,1307,10,SECTORUL 1,,0,,451,856
41,32,2,1730,1200,1023,177,1190,10,SECTORUL 1,,0,,423,767
41,33,2,1019,813,642,171,811,2,SECTORUL 1,,0,,298,513
41,34,2,1694,1404,1248,156,1396,8,SECTORUL 1,,0,,461,935
41,35,2,1710,1368,1241,127,1362,6,SECTORUL 1,,0,,494,868
41,36,2,1599,1272,1172,100,1266,6,SECTORUL 1,,0,,482,784
41,37,2,1917,1526,1402,124,1521,5,SECTORUL 1,,0,,575,946
41,38,2,1392,1025,871,154,1019,6,SECTORUL 1,,0,,307,712
41,39,2,1772,1309,1186,123,1307,2,SECTORUL 1,,0,,433,874
41,40,2,1730,1220,1102,118,1208,12,SECTORUL 1,,0,,424,784
41,41,2,1483,994,887,107,987,7,SECTORUL 1,,0,,359,628
41,42,2,1518,1155,1037,118,1149,6,SECTORUL 1,,0,,525,624
41,43,2,1725,1335,1161,174,1332,3,SECTORUL 1,,0,,558,774
41,44,2,1661,1240,1116,124,1238,2,SECTORUL 1,,0,,473,765
41,45,2,1684,1188,1081,107,1184,4,SECTORUL 1,,0,,334,850
41,46,2,1550,1285,1119,166,1275,10,SECTORUL 1,,0,,474,801
41,47,2,1497,1190,1102,88,1183,7,SECTORUL 1,,0,,345,838
41,48,2,1690,1212,1082,130,1205,7,SECTORUL 1,,0,,415,790
41,49,2,1832,1262,1133,129,1260,2,SECTORUL 1,,0,,393,867
41,50,2,1654,1344,1217,127,1340,4,SECTORUL 1,,0,,428,912
41,51,2,1824,1462,1302,160,1458,4,SECTORUL 1,,0,,525,933
41,52,2,1087,851,760,91,846,5,SECTORUL 1,,0,,357,489
41,53,2,1434,1102,1007,95,1092,10,SECTORUL 1,,0,,482,610
41,54,2,1652,1244,1135,109,1239,5,SECTORUL 1,,0,,559,680
41,55,2,1599,1189,1090,99,1182,7,SECTORUL 1,,0,,529,653
41,56,2,1684,1236,1080,156,1228,8,SECTORUL 1,,0,,390,838
41,57,2,1814,1382,1219,163,1376,6,SECTORUL 1,,0,,474,902
41,58,2,1815,1253,1168,85,1244,9,SECTORUL 1,,0,,408,836
41,59,2,1887,1326,1158,168,1320,6,SECTORUL 1,,0,,447,873
41,60,2,1415,1098,979,119,1092,6,SECTORUL 1,,0,,435,657
41,61,2,1575,1102,1012,90,1096,6,SECTORUL 1,,0,,487,609
41,62,2,1624,1328,1125,203,1321,7,SECTORUL 1,,0,,532,789
41,63,2,1951,1487,1197,290,1475,12,SECTORUL 1,,0,,565,910
41,64,2,1861,1335,1134,201,1325,10,SECTORUL 1,,0,,545,780
41,65,2,1585,1264,1111,153,1248,12,SECTORUL 1,,0,,489,759
41,66,2,1671,1266,1111,155,1255,11,SECTORUL 1,,0,,430,825
41,67,2,1676,1107,1011,96,1102,5,SECTORUL 1,,0,,384,718
41,68,2,1877,1196,1039,157,1191,5,SECTORUL 1,,0,,456,735
41,69,2,1789,1294,1131,163,1264,30,SECTORUL 1,,0,,501,763
41,70,2,1792,1327,1218,109,1326,1,SECTORUL 1,,0,,496,830
41,71,2,1603,1246,1029,217,1240,6,SECTORUL 1,,0,,473,767
41,72,2,682,529,341,188,524,5,SECTORUL 1,,0,,218,306
41,73,2,1826,1146,1013,133,1132,14,SECTORUL 1,,0,,444,688
41,74,2,1680,1173,1030,143,1167,6,SECTORUL 1,,0,,411,756
41,75,2,1687,1200,1097,103,1195,5,SECTORUL 1,,0,,488,707
41,76,2,1917,1388,1237,151,1382,6,SECTORUL 1,,0,,597,785
41,77,2,1776,1230,1072,158,1220,10,SECTORUL 1,,0,,488,732
41,78,2,1135,960,729,231,948,12,SECTORUL 1,,0,,424,524
41,79,2,953,762,591,171,754,7,SECTORUL 1,,0,,284,470
41,80,2,1102,756,693,63,752,4,SECTORUL 1,,0,,267,485
41,81,2,1374,905,813,92,898,3,SECTORUL 1,,0,,380,518
41,82,2,1678,1251,1100,151,1245,6,SECTORUL 1,,0,,411,834
41,83,2,1728,1357,1126,231,1342,7,SECTORUL 1,,0,,465,877
41,84,2,1408,1149,908,241,1138,11,SECTORUL 1,,0,,411,727
41,85,2,1900,1544,1236,308,1514,17,SECTORUL 1,,0,,591,923
41,86,2,1679,1283,1038,245,1276,7,SECTORUL 1,,0,,488,788
41,87,2,1670,1401,1191,210,1398,3,SECTORUL 1,,0,,558,840
41,88,2,1682,1263,1053,210,1257,6,SECTORUL 1,,0,,496,761
41,89,2,1456,1300,1076,224,1288,12,SECTORUL 1,,0,,524,764
41,90,2,1224,1019,881,138,1013,6,SECTORUL 1,,0,,401,612
41,91,2,1156,851,684,167,847,4,SECTORUL 1,,0,,258,589
41,92,2,988,663,570,93,659,4,SECTORUL 1,,0,,223,436
41,93,2,1107,789,664,125,780,9,SECTORUL 1,,0,,250,530
41,94,2,1251,962,817,145,951,11,SECTORUL 1,,0,,282,669
41,95,2,1670,1241,948,293,1224,11,SECTORUL 1,,0,,512,712
41,96,2,1533,1152,878,274,1139,13,SECTORUL 1,,0,,408,731
41,97,2,2219,1809,1502,307,1804,5,SECTORUL 1,,0,,632,1172
41,98,2,2004,1580,1434,146,1573,7,SECTORUL 1,,0,,417,1156
41,99,2,1678,1284,1181,103,1282,2,SECTORUL 1,,0,,404,878
41,100,2,1033,822,741,81,821,1,SECTORUL 1,,0,,230,591
41,101,2,1702,1275,1120,155,1267,7,SECTORUL 1,,0,,361,906
41,102,2,1788,1428,1236,192,1423,5,SECTORUL 1,,0,,396,1027
41,103,2,1555,1238,1116,122,1237,1,SECTORUL 1,,0,,357,880
41,104,2,2081,1509,1381,128,1503,6,SECTORUL 1,,0,,489,1014
41,105,2,1968,1569,1416,153,1564,5,SECTORUL 1,,0,,431,1133
41,106,2,1936,1516,1268,248,1513,3,SECTORUL 1,,0,,470,1043
41,107,2,2051,1553,1404,149,1547,6,SECTORUL 1,,0,,491,1056
41,108,2,1560,1104,937,167,1097,7,SECTORUL 1,,0,,367,730
41,109,2,1935,1529,1354,175,1522,6,SECTORUL 1,,0,,514,1008
41,110,2,1512,1264,1106,158,1261,3,SECTORUL 1,,0,,506,755
41,111,2,1503,1151,1057,94,1144,7,SECTORUL 1,,0,,419,725
41,112,2,1648,1269,1126,143,1260,9,SECTORUL 1,,0,,572,688
41,113,2,1575,1226,1139,87,1218,8,SECTORUL 1,,0,,411,807
41,114,2,1875,1432,1316,116,1429,3,SECTORUL 1,,0,,455,974
41,115,2,1580,1321,1048,273,1314,7,SECTORUL 1,,0,,562,752
41,116,2,1927,1446,1249,197,1439,7,SECTORUL 1,,0,,710,729
41,117,2,1543,1185,1088,97,1183,2,SECTORUL 1,,0,,529,654
41,118,2,1831,1454,1297,157,1447,7,SECTORUL 1,,0,,563,884
41,119,2,2035,1632,1449,183,1624,8,SECTORUL 1,,0,,573,1051
41,120,2,1951,1473,1330,143,1466,7,SECTORUL 1,,0,,809,657
41,121,2,1919,1518,1382,136,1514,4,SECTORUL 1,,0,,581,933
41,122,2,1687,1225,1102,123,1220,5,SECTORUL 1,,0,,469,751
41,123,2,1529,1195,1014,181,1192,3,SECTORUL 1,,0,,402,790
41,124,2,1748,1303,1182,121,1299,4,SECTORUL 1,,0,,494,805
41,125,2,1803,1376,1239,137,1368,8,SECTORUL 1,,0,,538,830
41,126,2,1850,1342,1246,96,1341,1,SECTORUL 1,,0,,579,762
41,127,2,2045,1531,1343,188,1529,2,SECTORUL 1,,0,,696,833
41,128,2,1840,1317,1174,143,1311,6,SECTORUL 1,,0,,449,862
41,129,2,1854,1358,1256,102,1348,10,SECTORUL 1,,0,,507,841
41,130,2,970,707,590,117,704,3,SECTORUL 1,,0,,244,460
41,131,2,1081,725,677,48,725,0,SECTORUL 1,,0,,274,451
41,132,2,0,237,0,237,237,0,SECTORUL 1,,0,,100,137
41,133,2,0,132,0,132,132,0,SECTORUL 1,,0,,45,87
41,134,2,0,184,0,184,183,1,SECTORUL 1,,0,,77,106
41,135,2,0,367,0,367,366,1,SECTORUL 1,,0,,196,170
41,136,2,0,159,0,159,159,0,SECTORUL 1,,0,,62,97
41,137,2,0,208,0,208,206,2,SECTORUL 1,,0,,85,121
41,138,2,0,348,0,348,346,2,SECTORUL 1,,0,,136,210
41,139,2,0,856,0,856,853,0,SECTORUL 1,,0,,323,530
41,140,2,0,205,0,205,204,1,SECTORUL 1,,0,,83,121
41,141,2,0,194,0,194,192,2,SECTORUL 1,,0,,56,136
41,142,2,0,1845,0,1845,1833,10,SECTORUL 1,,0,,393,1440
41,143,2,0,617,0,617,613,4,SECTORUL 1,,0,,106,507
41,144,2,0,3688,0,3688,3658,13,SECTORUL 1,,0,,918,2740
41,145,2,0,1761,0,1761,1748,5,SECTORUL 1,,0,,409,1339
41,146,2,0,149,0,149,149,0,SECTORUL 1,,0,,52,97
41,147,2,1896,1369,1167,202,1367,2,SECTORUL 2,,0,,463,904
41,148,2,1649,1165,1028,137,1148,7,SECTORUL 2,,0,,383,765
41,149,2,1876,1454,1180,274,1447,7,SECTORUL 2,,0,,484,963
41,150,2,1798,1249,1123,126,1242,7,SECTORUL 2,,0,,418,824
41,151,2,1565,1092,957,135,1089,3,SECTORUL 2,,0,,386,703
41,152,2,2555,1490,1126,364,1486,4,SECTORUL 2,,0,,537,949
41,153,2,1619,1172,1027,145,1168,4,SECTORUL 2,,0,,391,777
41,154,2,1919,1396,1227,169,1390,6,SECTORUL 2,,0,,444,946
41,155,2,2072,1443,1267,176,1429,14,SECTORUL 2,,0,,572,857
41,156,2,1965,1472,1305,167,1463,9,SECTORUL 2,,0,,526,937
41,157,2,1882,1470,1349,121,1463,7,SECTORUL 2,,0,,513,950
41,158,2,1423,1084,984,100,1078,6,SECTORUL 2,,0,,281,797
41,159,2,1968,1488,1367,121,1481,7,SECTORUL 2,,0,,756,725
41,160,2,1481,1008,879,129,1003,5,SECTORUL 2,,0,,349,654
41,161,2,1616,1149,1036,113,1147,2,SECTORUL 2,,0,,380,767
41,162,2,1259,792,711,81,788,4,SECTORUL 2,,0,,265,523
41,163,2,1564,1133,1039,94,1128,5,SECTORUL 2,,0,,389,739
41,164,2,1561,1095,943,152,1090,5,SECTORUL 2,,0,,370,720
41,165,2,1465,992,893,99,989,2,SECTORUL 2,,0,,331,658
41,166,2,1283,1065,910,155,1063,2,SECTORUL 2,,0,,311,752
41,167,2,1432,1139,954,185,1134,5,SECTORUL 2,,0,,499,635
41,168,2,1663,1314,1194,120,1311,3,SECTORUL 2,,0,,447,864
41,169,2,1856,1514,1104,410,1494,20,SECTORUL 2,,0,,572,922
41,170,2,1971,1441,1304,137,1435,6,SECTORUL 2,,0,,536,899
41,171,2,1816,1296,1181,115,1286,4,SECTORUL 2,,0,,464,822
41,172,2,1519,1013,941,72,1005,8,SECTORUL 2,,0,,337,668
41,173,2,1576,1110,1000,110,1106,4,SECTORUL 2,,0,,371,735
41,174,2,1481,1043,933,110,1032,11,SECTORUL 2,,0,,347,685
41,175,2,2036,1424,1279,145,1423,1,SECTORUL 2,,0,,462,961
41,176,2,2107,1522,1364,158,1508,14,SECTORUL 2,,0,,496,1012
41,177,2,1844,1324,1226,98,1308,16,SECTORUL 2,,0,,454,854
41,178,2,1390,1054,972,82,1054,0,SECTORUL 2,,0,,404,650
41,179,2,1379,953,894,59,948,5,SECTORUL 2,,0,,377,571
41,180,2,1462,1186,1058,128,1183,3,SECTORUL 2,,0,,517,666
41,181,2,1525,1193,1021,172,1188,5,SECTORUL 2,,0,,532,656
41,182,2,1702,1291,1197,94,1289,2,SECTORUL 2,,0,,518,771
41,183,2,1755,1191,1112,79,1184,7,SECTORUL 2,,0,,354,830
41,184,2,1814,1235,1046,189,1226,9,SECTORUL 2,,0,,452,774
41,185,2,1567,1035,937,98,1032,3,SECTORUL 2,,0,,361,671
41,186,2,2040,1635,1500,135,1626,9,SECTORUL 2,,0,,467,1159
41,187,2,1631,1227,1091,136,1219,8,SECTORUL 2,,0,,500,719
41,188,2,1940,1258,1155,103,1249,9,SECTORUL 2,,0,,461,788
41,189,2,1767,1281,1144,137,1267,14,SECTORUL 2,,0,,424,843
41,190,2,1897,1399,1209,190,1392,7,SECTORUL 2,,0,,472,920
41,191,2,1692,1342,1125,217,1338,4,SECTORUL 2,,0,,477,861
41,192,2,2013,1653,1530,123,1643,10,SECTORUL 2,,0,,443,1200
41,193,2,1913,1354,1213,141,1340,14,SECTORUL 2,,0,,505,835
41,194,2,1566,1082,940,142,1078,4,SECTORUL 2,,0,,410,668
41,195,2,1979,1260,1159,101,1253,7,SECTORUL 2,,0,,427,826
41,196,2,1773,1184,1078,106,1179,5,SECTORUL 2,,0,,436,743
41,197,2,1938,1380,1288,92,1380,0,SECTORUL 2,,0,,494,886
41,198,2,1923,1267,1198,69,1266,1,SECTORUL 2,,0,,404,862
41,199,2,2018,1205,1080,125,1193,12,SECTORUL 2,,0,,433,760
41,200,2,1760,1211,1106,105,1204,7,SECTORUL 2,,0,,305,899
41,201,2,1971,1426,1329,97,1421,5,SECTORUL 2,,0,,417,1004
41,202,2,1903,1356,1238,118,1355,1,SECTORUL 2,,0,,457,898
41,203,2,1395,974,890,84,972,2,SECTORUL 2,,0,,334,638
41,204,2,1985,1387,1220,167,1373,14,SECTORUL 2,,0,,512,861
41,205,2,1999,1560,1419,141,1550,10,SECTORUL 2,,0,,532,1018
41,206,2,1476,1107,1000,107,1102,5,SECTORUL 2,,0,,375,727
41,207,2,1801,1201,1097,104,1191,10,SECTORUL 2,,0,,435,756
41,208,2,1747,1412,1305,107,1406,6,SECTORUL 2,,0,,514,892
41,209,2,1606,1303,1204,99,1295,8,SECTORUL 2,,0,,398,897
41,210,2,501,651,263,388,649,2,SECTORUL 2,,0,,206,443
41,211,2,1663,1290,1168,122,1284,6,SECTORUL 2,,0,,423,861
41,212,2,1640,1274,1134,140,1272,2,SECTORUL 2,,0,,397,875
41,213,2,1266,813,728,85,809,4,SECTORUL 2,,0,,296,513
41,214,2,1912,1325,1225,100,1316,9,SECTORUL 2,,0,,499,817
41,215,2,1722,1389,1216,173,1381,8,SECTORUL 2,,0,,489,892
41,216,2,1362,1027,921,106,1021,6,SECTORUL 2,,0,,364,657
41,217,2,1708,1188,1121,67,1183,5,SECTORUL 2,,0,,457,726
41,218,2,1711,1082,953,129,1078,4,SECTORUL 2,,0,,427,651
41,219,2,1587,1021,945,76,1011,10,SECTORUL 2,,0,,377,634
41,220,2,1700,1183,1023,160,1170,13,SECTORUL 2,,0,,447,723
41,221,2,1396,1040,903,137,1037,3,SECTORUL 2,,0,,358,679
41,222,2,1605,978,863,115,973,5,SECTORUL 2,,0,,418,555
41,223,2,1231,838,724,114,825,13,SECTORUL 2,,0,,379,446
41,224,2,1455,1037,882,155,1025,12,SECTORUL 2,,0,,453,572
41,225,2,1510,1047,967,80,1038,9,SECTORUL 2,,0,,435,603
41,226,2,1438,1039,913,126,1031,8,SECTORUL 2,,0,,384,647
41,227,2,1575,1076,975,101,1069,0,SECTORUL 2,,0,,453,616
41,228,2,1604,1050,955,95,1046,4,SECTORUL 2,,0,,402,644
41,229,2,1999,1355,1176,179,1345,10,SECTORUL 2,,0,,510,835
41,230,2,1804,1030,920,110,1025,5,SECTORUL 2,,0,,362,663
41,231,2,2051,1358,1153,205,1348,10,SECTORUL 2,,0,,484,864
41,232,2,1946,1232,1129,103,1219,13,SECTORUL 2,,0,,407,812
41,233,2,1438,952,841,111,945,7,SECTORUL 2,,0,,325,620
41,234,2,1976,1376,1203,173,1360,16,SECTORUL 2,,0,,501,859
41,235,2,1348,975,819,156,973,2,SECTORUL 2,,0,,341,632
41,236,2,1856,1277,1117,160,1270,7,SECTORUL 2,,0,,418,852
41,237,2,1639,1116,1029,87,1108,8,SECTORUL 2,,0,,402,706
41,238,2,1471,839,719,120,820,19,SECTORUL 2,,0,,353,467
41,239,2,1964,1304,1113,191,1300,4,SECTORUL 2,,0,,422,878
41,240,2,2130,1347,1247,100,1341,6,SECTORUL 2,,0,,457,884
41,241,2,1803,1179,1073,106,1173,6,SECTORUL 2,,0,,393,780
41,242,2,1476,805,720,85,798,7,SECTORUL 2,,0,,303,495
41,243,2,1388,893,758,135,887,6,SECTORUL 2,,0,,345,542
41,244,2,1934,1547,1404,143,1541,6,SECTORUL 2,,0,,565,976
41,245,2,1752,1268,1164,104,1260,8,SECTORUL 2,,0,,506,754
41,246,2,1713,1263,1145,118,1257,6,SECTORUL 2,,0,,485,772
41,247,2,1219,941,824,117,932,9,SECTORUL 2,,0,,353,579
41,248,2,1413,990,861,129,981,9,SECTORUL 2,,0,,355,626
41,249,2,1182,838,691,147,831,7,SECTORUL 2,,0,,356,475
41,250,2,1618,1110,997,113,1106,4,SECTORUL 2,,0,,410,696
41,251,2,1822,1438,1324,114,1431,7,SECTORUL 2,,0,,550,881
41,252,2,1751,1305,1194,111,1295,10,SECTORUL 2,,0,,491,804
41,253,2,1691,1327,1255,72,1320,7,SECTORUL 2,,0,,454,866
41,254,2,1356,1027,943,84,1026,1,SECTORUL 2,,0,,298,728
41,255,2,2301,1247,1095,152,1240,7,SECTORUL 2,,0,,508,732
41,256,2,1914,1506,1358,148,1498,8,SECTORUL 2,,0,,551,947
41,257,2,1738,1304,1217,87,1294,10,SECTORUL 2,,0,,429,865
41,258,2,1768,1436,1250,186,1434,2,SECTORUL 2,,0,,538,896
41,259,2,1916,1461,1269,192,1450,11,SECTORUL 2,,0,,627,823
41,260,2,1810,1386,1266,120,1384,2,SECTORUL 2,,0,,556,828
41,261,2,1729,1419,1298,121,1412,7,SECTORUL 2,,0,,469,943
41,262,2,1869,1403,1326,77,1399,4,SECTORUL 2,,0,,583,816
41,263,2,1938,1451,1278,173,1438,8,SECTORUL 2,,0,,496,942
41,264,2,1439,1201,1025,176,1196,5,SECTORUL 2,,0,,448,748
41,265,2,1687,1173,1076,97,1169,4,SECTORUL 2,,0,,453,716
41,266,2,1340,1077,921,156,1074,3,SECTORUL 2,,0,,421,653
41,267,2,1811,1321,1201,120,1317,4,SECTORUL 2,,0,,412,905
41,268,2,1932,1419,1232,187,1411,8,SECTORUL 2,,0,,431,980
41,269,2,1902,1511,1173,338,1502,9,SECTORUL 2,,0,,504,998
41,270,2,1760,1492,1192,300,1483,9,SECTORUL 2,,0,,477,1006
41,271,2,1635,1313,1131,182,1304,9,SECTORUL 2,,0,,469,835
41,272,2,1278,1026,928,98,1021,5,SECTORUL 2,,0,,405,616
41,273,2,1637,1041,959,82,1037,4,SECTORUL 2,,0,,396,641
41,274,2,1478,1047,954,93,1043,4,SECTORUL 2,,0,,449,594
41,275,2,1339,1035,921,114,1033,2,SECTORUL 2,,0,,377,656
41,276,2,1539,1315,1088,227,1310,5,SECTORUL 2,,0,,454,856
41,277,2,1597,1225,1086,139,1217,8,SECTORUL 2,,0,,468,749
41,278,2,1563,1113,1047,66,1110,3,SECTORUL 2,,0,,435,675
41,279,2,1757,1399,1270,129,1394,5,SECTORUL 2,,0,,466,928
41,280,2,1569,1163,1076,87,1159,4,SECTORUL 2,,0,,396,763
41,281,2,1459,1155,1076,79,1153,2,SECTORUL 2,,0,,378,775
41,282,2,1387,890,790,100,887,3,SECTORUL 2,,0,,377,510
41,283,2,1543,1111,963,148,1104,7,SECTORUL 2,,0,,401,703
41,284,2,1748,1436,1255,181,1429,7,SECTORUL 2,,0,,566,863
41,285,2,1392,1081,960,121,1073,7,SECTORUL 2,,0,,347,726
41,286,2,1869,1309,1198,111,1306,3,SECTORUL 2,,0,,443,863
41,287,2,1659,1266,1172,94,1263,3,SECTORUL 2,,0,,471,792
41,288,2,1390,1101,999,102,1098,3,SECTORUL 2,,0,,300,798
41,289,2,1939,1501,1391,110,1490,9,SECTORUL 2,,0,,492,998
41,290,2,1511,1230,1091,139,1229,1,SECTORUL 2,,0,,377,852
41,291,2,1430,1162,1031,131,1158,4,SECTORUL 2,,0,,395,763
41,292,2,1944,1510,1334,176,1506,4,SECTORUL 2,,0,,491,1015
41,293,2,1664,1223,1147,76,1218,4,SECTORUL 2,,0,,357,861
41,294,2,1337,974,897,77,972,2,SECTORUL 2,,0,,333,639
41,295,2,1815,1271,1182,89,1267,4,SECTORUL 2,,0,,512,755
41,296,2,1740,1318,1192,126,1315,3,SECTORUL 2,,0,,582,733
41,297,2,1840,1423,1348,75,1419,4,SECTORUL 2,,0,,540,879
41,298,2,1526,1219,1128,91,1214,5,SECTORUL 2,,0,,491,723
41,299,2,1982,1556,1428,128,1550,6,SECTORUL 2,,0,,511,1039
41,300,2,1692,1336,1212,124,1329,7,SECTORUL 2,,0,,436,893
41,301,2,1420,891,777,114,888,3,SECTORUL 2,,0,,359,529
41,302,2,1442,1060,970,90,1057,3,SECTORUL 2,,0,,437,620
41,303,2,1814,1333,1174,159,1327,6,SECTORUL 2,,0,,601,726
41,304,2,1515,858,740,118,848,10,SECTORUL 2,,0,,380,468
41,305,2,1632,1223,1112,111,1217,6,SECTORUL 2,,0,,441,776
41,306,2,1458,1044,982,62,1040,4,SECTORUL 2,,0,,427,613
41,307,2,1532,1049,898,151,1049,0,SECTORUL 2,,0,,361,688
41,308,2,1454,1149,1030,119,1144,5,SECTORUL 2,,0,,482,662
41,309,2,1501,1166,1055,111,1163,3,SECTORUL 2,,0,,357,806
41,310,2,1851,1231,1141,90,1222,9,SECTORUL 2,,0,,463,759
41,311,2,1341,980,840,140,975,5,SECTORUL 2,,0,,374,601
41,312,2,1538,1237,1121,116,1233,4,SECTORUL 2,,0,,395,838
41,313,2,1637,1172,1095,77,1170,2,SECTORUL 2,,0,,438,732
41,314,2,1638,1294,1150,144,1289,5,SECTORUL 2,,0,,498,791
41,315,2,1543,1050,963,87,1042,8,SECTORUL 2,,0,,432,610
41,316,2,1720,1274,1184,90,1271,3,SECTORUL 2,,0,,477,794
41,317,2,1674,1172,1068,104,1164,8,SECTORUL 2,,0,,436,728
41,318,2,1727,1286,864,422,1262,24,SECTORUL 2,,0,,547,715
41,319,2,1677,1176,1036,140,1173,3,SECTORUL 2,,0,,412,761
41,320,2,1470,1042,900,142,1033,9,SECTORUL 2,,0,,403,630
41,321,2,1313,1002,907,95,992,10,SECTORUL 2,,0,,371,621
41,322,2,2003,1388,1231,157,1384,4,SECTORUL 2,,0,,545,839
41,323,2,1773,1364,1221,143,1354,10,SECTORUL 2,,0,,566,788
41,324,2,1914,1298,1170,128,1288,10,SECTORUL 2,,0,,529,759
41,325,2,1991,1436,1311,125,1424,12,SECTORUL 2,,0,,509,915
41,326,2,2256,1603,1421,182,1594,9,SECTORUL 2,,0,,709,885
41,327,2,1404,1167,943,224,1164,3,SECTORUL 2,,0,,466,698
41,328,2,1315,1004,834,170,998,6,SECTORUL 2,,0,,428,570
41,329,2,1453,1063,930,133,1054,9,SECTORUL 2,,0,,467,587
41,330,2,1809,1360,1216,144,1357,3,SECTORUL 2,,0,,573,784
41,331,2,2014,1427,1346,81,1423,4,SECTORUL 2,,0,,533,890
41,332,2,1948,1412,1293,119,1406,6,SECTORUL 2,,0,,580,826
41,333,2,2400,1544,1425,119,1538,6,SECTORUL 2,,0,,629,909
41,334,2,1621,1222,1107,115,1220,2,SECTORUL 2,,0,,449,771
41,335,2,1793,1268,1183,85,1262,6,SECTORUL 2,,0,,488,774
41,336,2,1978,1365,1281,84,1356,9,SECTORUL 2,,0,,508,848
41,337,2,1608,1177,1067,110,1154,23,SECTORUL 2,,0,,469,685
41,338,2,1512,1069,1007,62,1063,6,SECTORUL 2,,0,,394,669
41,339,2,0,1323,0,1323,1318,5,SECTORUL 2,,0,,172,1146
41,340,2,0,105,0,105,105,0,SECTORUL 2,,0,,52,53
41,341,2,0,399,0,399,396,3,SECTORUL 2,,0,,150,246
41,342,2,0,385,0,385,383,2,SECTORUL 2,,0,,155,228
41,343,2,0,180,0,180,180,0,SECTORUL 2,,0,,78,102
41,344,2,0,483,0,483,479,4,SECTORUL 2,,0,,192,287
41,345,2,0,222,0,222,222,0,SECTORUL 2,,0,,143,79
41,346,2,0,265,0,265,262,3,SECTORUL 2,,0,,81,181
41,347,2,0,607,0,607,594,13,SECTORUL 2,,0,,282,312
41,348,2,0,1092,0,1092,1086,6,SECTORUL 2,,0,,465,621
41,349,2,0,244,0,244,243,1,SECTORUL 2,,0,,119,124
41,350,2,0,124,0,124,121,3,SECTORUL 2,,0,,44,77
41,351,2,0,84,0,84,82,2,SECTORUL 2,,0,,31,51
41,352,2,0,128,0,128,126,2,SECTORUL 2,,0,,74,52
41,353,2,0,73,0,73,71,2,SECTORUL 2,,0,,7,64
41,354,2,0,91,0,91,91,0,SECTORUL 2,,0,,36,55
41,355,2,1550,1096,939,157,1093,3,SECTORUL 3,,0,,522,571
41,356,2,1493,1073,782,291,1070,3,SECTORUL 3,,0,,437,633
41,357,2,1643,1056,957,99,1047,9,SECTORUL 3,,0,,381,666
41,358,2,1629,1087,950,137,1084,3,SECTORUL 3,,0,,436,648
41,359,2,1743,1028,944,84,1023,5,SECTORUL 3,,0,,367,656
41,360,2,1690,1126,961,165,1123,3,SECTORUL 3,,0,,411,712
41,361,2,1335,1130,850,280,1126,4,SECTORUL 3,,0,,457,669
41,362,2,1213,890,724,166,885,5,SECTORUL 3,,0,,343,542
41,363,2,1539,1248,925,323,1239,9,SECTORUL 3,,0,,475,764
41,364,2,1593,1087,860,227,1082,5,SECTORUL 3,,0,,380,702
41,365,2,1501,1023,901,122,1017,6,SECTORUL 3,,0,,366,651
41,366,2,1023,883,636,247,880,3,SECTORUL 3,,0,,288,592
41,367,2,1217,919,729,190,910,9,SECTORUL 3,,0,,288,622
41,368,2,1701,911,747,164,904,7,SECTORUL 3,,0,,356,548
41,369,2,1868,1154,1008,146,1145,8,SECTORUL 3,,0,,378,767
41,370,2,1266,786,665,121,776,10,SECTORUL 3,,0,,275,501
41,371,2,2019,1796,1182,614,1788,8,SECTORUL 3,,0,,610,1178
41,372,2,1281,1086,917,169,1083,3,SECTORUL 3,,0,,381,702
41,373,2,1179,909,857,52,909,0,SECTORUL 3,,0,,283,626
41,374,2,1693,1365,1233,132,1360,5,SECTORUL 3,,0,,517,843
41,375,2,1672,1040,953,87,1038,2,SECTORUL 3,,0,,328,710
41,376,2,1572,1159,1093,66,1152,7,SECTORUL 3,,0,,377,775
41,377,2,2074,1679,1414,265,1673,6,SECTORUL 3,,0,,564,1109
41,378,2,1443,1060,870,190,1053,7,SECTORUL 3,,0,,429,624
41,379,2,1411,1140,1002,138,1140,0,SECTORUL 3,,0,,446,694
41,380,2,1515,1179,1034,145,1175,4,SECTORUL 3,,0,,403,772
41,381,2,1272,948,870,78,945,3,SECTORUL 3,,0,,326,619
41,382,2,1611,1084,1004,80,1078,6,SECTORUL 3,,0,,361,717
41,383,2,1952,1325,1151,174,1315,10,SECTORUL 3,,0,,457,858
41,384,2,1181,780,641,139,780,0,SECTORUL 3,,0,,289,491
41,385,2,2103,1423,1182,241,1419,4,SECTORUL 3,,0,,457,962
41,386,2,1689,1141,976,165,1137,3,SECTORUL 3,,0,,387,750
41,387,2,1498,1073,914,159,1065,6,SECTORUL 3,,0,,356,709
41,388,2,2214,1400,1200,200,1394,6,SECTORUL 3,,0,,429,965
41,389,2,1035,855,556,299,854,1,SECTORUL 3,,0,,293,561
41,390,2,1292,900,726,174,895,5,SECTORUL 3,,0,,288,607
41,391,2,1973,1023,800,223,1018,5,SECTORUL 3,,0,,328,690
41,392,2,1483,1018,809,209,1015,3,SECTORUL 3,,0,,336,679
41,393,2,957,875,414,461,863,12,SECTORUL 3,,0,,313,550
41,394,2,1221,844,722,122,842,2,SECTORUL 3,,0,,287,555
41,395,2,1503,1154,899,255,1145,9,SECTORUL 3,,0,,455,690
41,396,2,1321,975,836,139,965,10,SECTORUL 3,,0,,332,633
41,397,2,1011,809,676,133,805,4,SECTORUL 3,,0,,268,537
41,398,2,1262,765,651,114,763,2,SECTORUL 3,,0,,270,493
41,399,2,2002,1372,1182,190,1362,10,SECTORUL 3,,0,,415,947
41,400,2,1318,903,800,103,895,8,SECTORUL 3,,0,,287,608
41,401,2,1683,1103,1047,56,1100,3,SECTORUL 3,,0,,403,697
41,402,2,1990,1195,1058,137,1188,6,SECTORUL 3,,0,,484,704
41,403,2,1060,723,598,125,717,6,SECTORUL 3,,0,,288,429
41,404,2,1663,1286,1029,257,1278,8,SECTORUL 3,,0,,373,905
41,405,2,1140,831,742,89,828,3,SECTORUL 3,,0,,278,550
41,406,2,919,707,629,78,704,3,SECTORUL 3,,0,,285,419
41,407,2,1358,1061,973,88,1060,1,SECTORUL 3,,0,,374,686
41,408,2,1155,868,815,53,868,0,SECTORUL 3,,0,,359,509
41,409,2,1365,1035,935,100,1031,4,SECTORUL 3,,0,,444,587
41,410,2,1011,742,678,64,740,2,SECTORUL 3,,0,,273,467
41,411,2,1452,1027,926,101,1022,5,SECTORUL 3,,0,,360,662
41,412,2,853,780,564,216,775,5,SECTORUL 3,,0,,294,481
41,413,2,1437,975,852,123,971,4,SECTORUL 3,,0,,360,611
41,414,2,1400,1018,899,119,1011,7,SECTORUL 3,,0,,420,591
41,415,2,1147,884,822,62,878,6,SECTORUL 3,,0,,367,511
41,416,2,1230,949,844,105,942,7,SECTORUL 3,,0,,371,571
41,417,2,1548,1167,1049,118,1163,4,SECTORUL 3,,0,,479,684
41,418,2,1557,1103,1030,73,1098,5,SECTORUL 3,,0,,449,649
41,419,2,1435,1102,984,118,1091,11,SECTORUL 3,,0,,399,692
41,420,2,1054,799,695,104,796,3,SECTORUL 3,,0,,309,487
41,421,2,1291,964,895,69,957,6,SECTORUL 3,,0,,384,573
41,422,2,1304,906,770,136,904,2,SECTORUL 3,,0,,357,547
41,423,2,1175,941,811,130,935,6,SECTORUL 3,,0,,359,576
41,424,2,1181,857,774,83,847,10,SECTORUL 3,,0,,311,536
41,425,2,1422,1006,930,76,999,7,SECTORUL 3,,0,,416,583
41,426,2,1223,866,805,61,865,1,SECTORUL 3,,0,,308,557
41,427,2,1131,819,724,95,816,3,SECTORUL 3,,0,,270,546
41,428,2,1547,1243,1104,139,1239,4,SECTORUL 3,,0,,442,797
41,429,2,1480,1164,1064,100,1159,5,SECTORUL 3,,0,,384,775
41,430,2,922,718,671,47,713,5,SECTORUL 3,,0,,307,406
41,431,2,1618,1247,1149,98,1244,3,SECTORUL 3,,0,,450,794
41,432,2,1477,1196,988,208,1193,3,SECTORUL 3,,0,,421,772
41,433,2,1374,1076,899,177,1073,3,SECTORUL 3,,0,,386,687
41,434,2,1286,995,908,87,988,7,SECTORUL 3,,0,,346,642
41,435,2,1671,1183,1080,103,1178,5,SECTORUL 3,,0,,355,823
41,436,2,1070,916,791,125,913,1,SECTORUL 3,,0,,253,660
41,437,2,1507,1144,1070,74,1138,6,SECTORUL 3,,0,,400,738
41,438,2,1449,1090,1022,68,1087,3,SECTORUL 3,,0,,445,642
41,439,2,1282,864,779,85,861,3,SECTORUL 3,,0,,351,510
41,440,2,1364,1024,883,141,1021,3,SECTORUL 3,,0,,393,628
41,441,2,1365,1088,981,107,1081,7,SECTORUL 3,,0,,374,707
41,442,2,1117,792,751,41,790,2,SECTORUL 3,,0,,296,494
41,443,2,1189,901,827,74,899,2,SECTORUL 3,,0,,319,580
41,444,2,1520,1087,996,91,1085,2,SECTORUL 3,,0,,452,633
41,445,2,1543,1165,1046,119,1157,8,SECTORUL 3,,0,,465,692
41,446,2,1204,954,834,120,951,2,SECTORUL 3,,0,,399,552
41,447,2,1141,930,822,108,927,3,SECTORUL 3,,0,,336,591
41,448,2,1808,1085,976,109,1080,5,SECTORUL 3,,0,,380,700
41,449,2,1566,1083,964,119,1077,6,SECTORUL 3,,0,,379,698
41,450,2,1697,1312,1185,127,1308,4,SECTORUL 3,,0,,519,789
41,451,2,1519,1252,1080,172,1247,5,SECTORUL 3,,0,,481,766
41,452,2,1533,1281,1139,142,1265,16,SECTORUL 3,,0,,465,800
41,453,2,1748,1357,1247,110,1354,3,SECTORUL 3,,0,,511,843
41,454,2,1313,972,854,118,970,2,SECTORUL 3,,0,,362,608
41,455,2,983,706,493,213,701,5,SECTORUL 3,,0,,225,476
41,456,2,1383,959,871,88,954,5,SECTORUL 3,,0,,367,587
41,457,2,1316,989,825,164,984,5,SECTORUL 3,,0,,392,592
41,458,2,981,728,629,99,723,5,SECTORUL 3,,0,,274,449
41,459,2,1316,977,820,157,967,10,SECTORUL 3,,0,,372,595
41,460,2,1791,1218,1047,171,1214,4,SECTORUL 3,,0,,474,740
41,461,2,1135,743,625,118,741,2,SECTORUL 3,,0,,217,524
41,462,2,1309,931,815,116,928,3,SECTORUL 3,,0,,360,568
41,463,2,1391,1042,956,86,1037,5,SECTORUL 3,,0,,371,666
41,464,2,1141,898,805,93,891,6,SECTORUL 3,,0,,321,570
41,465,2,858,612,561,51,612,0,SECTORUL 3,,0,,196,416
41,466,2,1035,739,590,149,734,5,SECTORUL 3,,0,,247,487
41,467,2,1366,1086,855,231,1080,6,SECTORUL 3,,0,,404,676
41,468,2,1075,695,655,40,692,3,SECTORUL 3,,0,,248,444
41,469,2,1566,960,706,254,952,8,SECTORUL 3,,0,,364,588
41,470,2,1080,797,670,127,793,4,SECTORUL 3,,0,,353,440
41,471,2,1086,759,673,86,759,0,SECTORUL 3,,0,,289,470
41,472,2,892,711,583,128,709,2,SECTORUL 3,,0,,241,468
41,473,2,1103,704,651,53,702,2,SECTORUL 3,,0,,268,434
41,474,2,1082,600,554,46,595,5,SECTORUL 3,,0,,251,344
41,475,2,1010,692,491,201,691,1,SECTORUL 3,,0,,252,439
41,476,2,1655,1343,1126,217,1328,12,SECTORUL 3,,0,,519,809
41,477,2,1828,1288,1073,215,1279,9,SECTORUL 3,,0,,492,787
41,478,2,1466,1036,816,220,1032,4,SECTORUL 3,,0,,317,715
41,479,2,1602,1167,930,237,1162,5,SECTORUL 3,,0,,432,730
41,480,2,1918,1172,1037,135,1163,9,SECTORUL 3,,0,,441,722
41,481,2,1587,1248,1126,122,1244,4,SECTORUL 3,,0,,446,798
41,482,2,1538,1129,1028,101,1124,5,SECTORUL 3,,0,,402,722
41,483,2,1556,1261,1101,160,1256,5,SECTORUL 3,,0,,499,757
41,484,2,1260,1024,905,119,1015,9,SECTORUL 3,,0,,481,534
41,485,2,1599,1157,1037,120,1147,10,SECTORUL 3,,0,,345,802
41,486,2,1016,814,681,133,812,2,SECTORUL 3,,0,,342,470
41,487,2,1299,1128,871,257,1124,4,SECTORUL 3,,0,,459,665
41,488,2,1630,1286,1156,130,1278,5,SECTORUL 3,,0,,350,928
41,489,2,1407,1121,977,144,1118,3,SECTORUL 3,,0,,336,782
41,490,2,1260,1007,841,166,991,2,SECTORUL 3,,0,,409,582
41,491,2,1128,847,765,82,844,3,SECTORUL 3,,0,,330,514
41,492,2,1168,870,798,72,868,2,SECTORUL 3,,0,,319,549
41,493,2,1454,1058,962,96,1045,13,SECTORUL 3,,0,,403,642
41,494,2,1061,1015,741,274,1011,4,SECTORUL 3,,0,,395,616
41,495,2,1215,772,689,83,769,3,SECTORUL 3,,0,,291,478
41,496,2,1332,1031,874,157,1023,8,SECTORUL 3,,0,,374,649
41,497,2,1477,1016,847,169,1013,3,SECTORUL 3,,0,,397,616
41,498,2,938,941,649,292,935,6,SECTORUL 3,,0,,384,551
41,499,2,939,1343,578,765,1333,10,SECTORUL 3,,0,,439,894
41,500,2,1445,1112,970,142,1102,10,SECTORUL 3,,0,,409,693
41,501,2,1290,935,789,146,931,4,SECTORUL 3,,0,,391,540
41,502,2,1022,752,701,51,749,3,SECTORUL 3,,0,,297,452
41,503,2,1554,1119,1008,111,1114,5,SECTORUL 3,,0,,375,739
41,504,2,1637,1183,1062,121,1177,6,SECTORUL 3,,0,,499,678
41,505,2,1476,1170,698,472,1162,8,SECTORUL 3,,0,,464,698
41,506,2,1409,1090,978,112,1087,3,SECTORUL 3,,0,,352,735
41,507,2,1473,1053,972,81,1045,8,SECTORUL 3,,0,,362,683
41,508,2,1520,1132,1035,97,1118,14,SECTORUL 3,,0,,405,713
41,509,2,1364,1057,922,135,1052,5,SECTORUL 3,,0,,416,636
41,510,2,1321,1041,888,153,1033,8,SECTORUL 3,,0,,379,654
41,511,2,1071,920,728,192,916,4,SECTORUL 3,,0,,290,626
41,512,2,800,764,461,303,761,3,SECTORUL 3,,0,,243,518
41,513,2,1287,1025,827,198,1012,13,SECTORUL 3,,0,,368,644
41,514,2,1571,1135,1002,133,1123,12,SECTORUL 3,,0,,416,707
41,515,2,1244,860,792,68,856,3,SECTORUL 3,,0,,327,529
41,516,2,1448,1489,1077,412,1482,7,SECTORUL 3,,0,,578,904
41,517,2,1697,1203,1130,73,1200,3,SECTORUL 3,,0,,434,766
41,518,2,1307,898,809,89,893,5,SECTORUL 3,,0,,325,568
41,519,2,1446,1024,950,74,1021,3,SECTORUL 3,,0,,408,613
41,520,2,1437,916,810,106,910,6,SECTORUL 3,,0,,364,546
41,521,2,1571,1321,1106,215,1308,13,SECTORUL 3,,0,,485,823
41,522,2,939,933,627,306,927,6,SECTORUL 3,,0,,352,575
41,523,2,1582,1097,1023,74,1092,5,SECTORUL 3,,0,,381,711
41,524,2,1386,1031,958,73,1025,6,SECTORUL 3,,0,,390,635
41,525,2,1472,1140,949,191,1137,3,SECTORUL 3,,0,,419,718
41,526,2,1851,1199,923,276,1197,2,SECTORUL 3,,0,,457,740
41,527,2,1353,955,861,94,952,3,SECTORUL 3,,0,,395,557
41,528,2,858,974,575,399,971,3,SECTORUL 3,,0,,337,634
41,529,2,967,859,618,241,856,3,SECTORUL 3,,0,,264,592
41,530,2,1197,1069,738,331,1067,2,SECTORUL 3,,0,,406,661
41,531,2,1420,1082,879,203,1081,1,SECTORUL 3,,0,,442,639
41,532,2,1839,1251,1171,80,1241,10,SECTORUL 3,,0,,450,791
41,533,2,1829,1207,1116,91,1198,9,SECTORUL 3,,0,,474,724
41,534,2,2063,1219,837,382,1216,3,SECTORUL 3,,0,,454,762
41,535,2,1451,1101,949,152,1101,0,SECTORUL 3,,0,,409,692
41,536,2,1715,919,791,128,910,9,SECTORUL 3,,0,,430,480
41,537,2,1212,921,796,125,918,3,SECTORUL 3,,0,,381,537
41,538,2,1601,1166,1029,137,1163,3,SECTORUL 3,,0,,442,721
41,539,2,1387,952,885,67,942,10,SECTORUL 3,,0,,395,547
41,540,2,1498,1079,969,110,1069,10,SECTORUL 3,,0,,380,689
41,541,2,1645,1110,958,152,1099,11,SECTORUL 3,,0,,477,622
41,542,2,1592,1182,981,201,1175,7,SECTORUL 3,,0,,502,673
41,543,2,1590,1262,1098,164,1260,2,SECTORUL 3,,0,,483,777
41,544,2,1223,951,738,213,945,5,SECTORUL 3,,0,,269,676
41,545,2,1093,859,744,115,859,0,SECTORUL 3,,0,,348,511
41,546,2,1972,1149,1008,141,1137,10,SECTORUL 3,,0,,434,703
41,547,2,1498,1090,980,110,1084,6,SECTORUL 3,,0,,452,632
41,548,2,1975,996,848,148,991,5,SECTORUL 3,,0,,359,632
41,549,2,557,579,221,358,575,4,SECTORUL 3,,0,,222,353
41,550,2,1408,1033,914,119,1024,9,SECTORUL 3,,0,,429,595
41,551,2,1393,1058,975,83,1045,13,SECTORUL 3,,0,,400,645
41,552,2,1477,1120,1030,90,1116,4,SECTORUL 3,,0,,463,653
41,553,2,1195,923,863,60,916,7,SECTORUL 3,,0,,388,528
41,554,2,1193,854,737,117,845,9,SECTORUL 3,,0,,288,557
41,555,2,1739,1268,1188,80,1261,7,SECTORUL 3,,0,,449,812
41,556,2,2020,1526,1402,124,1519,7,SECTORUL 3,,0,,541,978
41,557,2,1443,1011,934,77,1006,5,SECTORUL 3,,0,,404,602
41,558,2,1353,1100,961,139,1096,4,SECTORUL 3,,0,,353,743
41,559,2,1253,1010,913,97,1010,0,SECTORUL 3,,0,,350,660
41,560,2,1502,1120,1053,67,1114,6,SECTORUL 3,,0,,468,646
41,561,2,1910,1439,1292,147,1427,8,SECTORUL 3,,0,,515,912
41,562,2,1301,995,893,102,994,1,SECTORUL 3,,0,,366,628
41,563,2,1405,1023,907,116,1017,6,SECTORUL 3,,0,,390,627
41,564,2,1734,1150,1060,90,1144,6,SECTORUL 3,,0,,439,705
41,565,2,1997,1328,1199,129,1317,11,SECTORUL 3,,0,,511,806
41,566,2,1557,1189,1041,148,1182,7,SECTORUL 3,,0,,449,733
41,567,2,1090,887,744,143,879,8,SECTORUL 3,,0,,310,569
41,568,2,1300,999,890,109,991,8,SECTORUL 3,,0,,451,540
41,569,2,1396,833,679,154,828,5,SECTORUL 3,,0,,328,500
41,570,2,1260,1091,771,320,1082,9,SECTORUL 3,,0,,500,582
41,571,2,1427,1005,955,50,999,6,SECTORUL 3,,0,,533,466
41,572,2,1421,1013,951,62,1008,5,SECTORUL 3,,0,,551,457
41,573,2,1380,1040,880,160,1035,5,SECTORUL 3,,0,,492,543
41,574,2,1241,1018,787,231,1007,11,SECTORUL 3,,0,,486,521
41,575,2,1200,871,700,171,866,5,SECTORUL 3,,0,,439,427
41,576,2,1396,920,811,109,910,10,SECTORUL 3,,0,,509,401
41,577,2,1316,977,785,192,968,9,SECTORUL 3,,0,,447,521
41,578,2,1381,1099,859,240,1071,28,SECTORUL 3,,0,,450,621
41,579,2,1010,711,612,99,700,11,SECTORUL 3,,0,,355,345
41,580,2,1272,884,792,92,871,13,SECTORUL 3,,0,,458,413
41,581,2,1942,1517,1244,273,1511,6,SECTORUL 3,,0,,550,961
41,582,2,1669,1289,1058,231,1278,11,SECTORUL 3,,0,,628,650
41,583,2,1639,1223,1022,201,1217,6,SECTORUL 3,,0,,474,743
41,584,2,1595,1197,1028,169,1190,7,SECTORUL 3,,0,,520,670
41,585,2,1220,936,850,86,933,3,SECTORUL 3,,0,,392,541
41,586,2,1602,1253,1110,143,1249,4,SECTORUL 3,,0,,464,785
41,587,2,0,317,0,317,313,4,SECTORUL 3,,0,,126,187
41,588,2,0,278,0,278,277,1,SECTORUL 3,,0,,116,161
41,589,2,0,70,0,70,68,2,SECTORUL 3,,0,,36,32
41,590,2,0,270,0,270,266,4,SECTORUL 3,,0,,98,168
41,591,2,0,124,0,124,123,1,SECTORUL 3,,0,,57,66
41,592,2,0,105,0,105,104,1,SECTORUL 3,,0,,43,61
41,593,2,72,76,61,15,68,8,SECTORUL 3,,0,,45,23
41,594,2,1508,1127,1015,112,1125,2,SECTORUL 4,,0,,504,621
41,595,2,1168,881,656,225,879,2,SECTORUL 4,,0,,286,593
41,596,2,1669,1079,967,112,1072,7,SECTORUL 4,,0,,399,673
41,597,2,1293,926,811,115,918,8,SECTORUL 4,,0,,282,636
41,598,2,1424,992,877,115,989,3,SECTORUL 4,,0,,328,661
41,599,2,1623,1271,1111,160,1268,3,SECTORUL 4,,0,,453,815
41,600,2,1606,1219,1072,147,1211,8,SECTORUL 4,,0,,431,780
41,601,2,1231,925,835,90,919,6,SECTORUL 4,,0,,416,503
41,602,2,1392,996,898,98,990,6,SECTORUL 4,,0,,357,633
41,603,2,1403,1041,966,75,1036,5,SECTORUL 4,,0,,449,587
41,604,2,1196,954,869,85,954,0,SECTORUL 4,,0,,414,540
41,605,2,1605,953,813,140,945,8,SECTORUL 4,,0,,334,611
41,606,2,1340,983,793,190,977,6,SECTORUL 4,,0,,311,666
41,607,2,1224,891,849,42,889,2,SECTORUL 4,,0,,425,464
41,608,2,1523,1220,1078,142,1216,4,SECTORUL 4,,0,,420,796
41,609,2,996,711,590,121,709,2,SECTORUL 4,,0,,266,443
41,610,2,1594,1165,960,205,1162,3,SECTORUL 4,,0,,360,802
41,611,2,1148,826,654,172,824,2,SECTORUL 4,,0,,279,545
41,612,2,1583,1262,1189,73,1257,5,SECTORUL 4,,0,,501,756
41,613,2,1464,1189,1111,78,1186,2,SECTORUL 4,,0,,531,655
41,614,2,920,776,641,135,775,1,SECTORUL 4,,0,,348,427
41,615,2,1798,1520,1188,332,1517,3,SECTORUL 4,,0,,562,955
41,616,2,1530,1275,1135,140,1270,5,SECTORUL 4,,0,,380,890
41,617,2,1233,1027,909,118,1023,4,SECTORUL 4,,0,,322,701
41,618,2,1334,1037,943,94,1035,2,SECTORUL 4,,0,,347,688
41,619,2,1395,1107,908,199,1102,5,SECTORUL 4,,0,,394,708
41,620,2,1024,574,506,68,570,4,SECTORUL 4,,0,,244,326
41,621,2,1158,889,795,94,887,2,SECTORUL 4,,0,,297,590
41,622,2,1403,1136,979,157,1135,1,SECTORUL 4,,0,,451,684
41,623,2,1040,781,719,62,778,3,SECTORUL 4,,0,,278,500
41,624,2,1445,1140,1020,120,1139,1,SECTORUL 4,,0,,426,713
41,625,2,1324,1014,921,93,1010,4,SECTORUL 4,,0,,344,666
41,626,2,1382,953,857,96,949,4,SECTORUL 4,,0,,366,583
41,627,2,1512,1323,1110,213,1318,5,SECTORUL 4,,0,,464,854
41,628,2,1328,998,923,75,995,3,SECTORUL 4,,0,,391,604
41,629,2,1600,1189,997,192,1179,10,SECTORUL 4,,0,,519,660
41,630,2,1442,1051,950,101,1046,5,SECTORUL 4,,0,,488,558
41,631,2,1083,713,638,75,709,4,SECTORUL 4,,0,,326,383
41,632,2,1355,917,830,87,910,7,SECTORUL 4,,0,,328,582
41,633,2,1925,1382,1268,114,1379,3,SECTORUL 4,,0,,548,831
41,634,2,1255,920,815,105,920,0,SECTORUL 4,,0,,389,531
41,635,2,1229,892,802,90,891,1,SECTORUL 4,,0,,277,614
41,636,2,1930,1476,1170,306,1474,2,SECTORUL 4,,0,,482,992
41,637,2,1798,1303,1126,177,1303,0,SECTORUL 4,,0,,558,745
41,638,2,2054,1339,1220,119,1334,5,SECTORUL 4,,0,,454,880
41,639,2,1572,1091,970,121,1085,6,SECTORUL 4,,0,,380,705
41,640,2,1546,1085,985,100,1080,5,SECTORUL 4,,0,,404,676
41,641,2,1387,1124,976,148,1118,6,SECTORUL 4,,0,,456,662
41,642,2,1417,1007,885,122,1005,2,SECTORUL 4,,0,,436,569
41,643,2,1887,1332,1131,201,1329,3,SECTORUL 4,,0,,450,879
41,644,2,1421,1041,963,78,1038,3,SECTORUL 4,,0,,368,670
41,645,2,2067,1166,1037,129,1163,3,SECTORUL 4,,0,,454,709
41,646,2,1308,881,650,231,872,9,SECTORUL 4,,0,,325,547
41,647,2,1246,925,838,87,923,2,SECTORUL 4,,0,,436,487
41,648,2,1854,1326,1200,126,1326,0,SECTORUL 4,,0,,454,872
41,649,2,1405,911,831,80,905,6,SECTORUL 4,,0,,312,593
41,650,2,731,568,470,98,567,1,SECTORUL 4,,0,,237,330
41,651,2,1489,1143,948,195,1138,5,SECTORUL 4,,0,,490,648
41,652,2,2398,1724,1389,335,1717,7,SECTORUL 4,,0,,796,921
41,653,2,1029,763,684,79,761,2,SECTORUL 4,,0,,272,489
41,654,2,1178,904,694,210,903,1,SECTORUL 4,,0,,350,553
41,655,2,814,574,494,80,573,1,SECTORUL 4,,0,,205,368
41,656,2,1632,1270,1044,226,1260,9,SECTORUL 4,,0,,518,742
41,657,2,1737,1284,1173,111,1277,5,SECTORUL 4,,0,,514,763
41,658,2,1506,860,760,100,847,13,SECTORUL 4,,0,,315,532
41,659,2,1510,931,841,90,924,7,SECTORUL 4,,0,,367,557
41,660,2,1618,1196,1077,119,1189,7,SECTORUL 4,,0,,471,718
41,661,2,1184,913,787,126,906,7,SECTORUL 4,,0,,338,568
41,662,2,1633,1245,1098,147,1240,5,SECTORUL 4,,0,,465,775
41,663,2,1423,1044,935,109,1039,4,SECTORUL 4,,0,,427,612
41,664,2,1167,813,739,74,809,4,SECTORUL 4,,0,,320,489
41,665,2,1653,1089,982,107,1073,16,SECTORUL 4,,0,,399,674
41,666,2,1262,1047,783,264,1044,3,SECTORUL 4,,0,,421,623
41,667,2,1466,974,899,75,968,6,SECTORUL 4,,0,,341,627
41,668,2,746,537,491,46,536,1,SECTORUL 4,,0,,276,260
41,669,2,1844,1306,1182,124,1303,3,SECTORUL 4,,0,,531,772
41,670,2,1485,1004,885,119,992,12,SECTORUL 4,,0,,409,583
41,671,2,1227,1011,783,228,1007,4,SECTORUL 4,,0,,375,632
41,672,2,1577,1099,988,111,1096,3,SECTORUL 4,,0,,411,685
41,673,2,1702,1011,889,122,1001,10,SECTORUL 4,,0,,439,562
41,674,2,1254,916,793,123,911,5,SECTORUL 4,,0,,379,532
41,675,2,1632,1189,1106,83,1180,6,SECTORUL 4,,0,,417,763
41,676,2,1769,1291,1175,116,1286,5,SECTORUL 4,,0,,493,793
41,677,2,1747,1276,1147,129,1263,13,SECTORUL 4,,0,,550,713
41,678,2,1595,1279,1140,139,1276,3,SECTORUL 4,,0,,502,774
41,679,2,1518,1099,913,186,1094,5,SECTORUL 4,,0,,417,677
41,680,2,1619,1240,1061,179,1231,9,SECTORUL 4,,0,,566,665
41,681,2,1358,923,819,104,923,0,SECTORUL 4,,0,,344,579
41,682,2,1385,1035,943,92,1032,3,SECTORUL 4,,0,,433,599
41,683,2,1929,1361,1202,159,1354,7,SECTORUL 4,,0,,537,817
41,684,2,1570,1152,1069,83,1151,1,SECTORUL 4,,0,,524,627
41,685,2,1595,1265,1063,202,1259,6,SECTORUL 4,,0,,468,791
41,686,2,1406,938,863,75,935,3,SECTORUL 4,,0,,313,622
41,687,2,2200,1623,1359,264,1617,6,SECTORUL 4,,0,,618,999
41,688,2,1676,1060,700,360,1041,5,SECTORUL 4,,0,,397,644
41,689,2,1329,1151,704,447,1148,3,SECTORUL 4,,0,,382,766
41,690,2,1043,1095,632,463,1091,4,SECTORUL 4,,0,,506,585
41,691,2,1109,744,424,320,739,5,SECTORUL 4,,0,,312,427
41,692,2,1734,938,696,242,936,2,SECTORUL 4,,0,,362,574
41,693,2,1430,891,768,123,885,6,SECTORUL 4,,0,,409,476
41,694,2,1324,1171,848,323,1166,5,SECTORUL 4,,0,,431,735
41,695,2,1410,976,720,256,969,7,SECTORUL 4,,0,,383,586
41,696,2,1390,1132,797,335,1127,5,SECTORUL 4,,0,,456,671
41,697,2,1690,1085,920,165,1078,7,SECTORUL 4,,0,,464,614
41,698,2,1584,1035,911,124,1031,4,SECTORUL 4,,0,,419,612
41,699,2,1385,1210,923,287,1209,1,SECTORUL 4,,0,,485,724
41,700,2,1198,948,856,92,942,6,SECTORUL 4,,0,,395,547
41,701,2,1518,1184,1069,115,1180,4,SECTORUL 4,,0,,466,714
41,702,2,1785,1117,921,196,1112,5,SECTORUL 4,,0,,384,728
41,703,2,1555,1131,1063,68,1127,4,SECTORUL 4,,0,,467,660
41,704,2,1818,1264,1125,139,1261,3,SECTORUL 4,,0,,387,874
41,705,2,1655,1241,1094,147,1238,3,SECTORUL 4,,0,,473,765
41,706,2,2042,1502,1362,140,1497,5,SECTORUL 4,,0,,580,917
41,707,2,1545,826,729,97,820,5,SECTORUL 4,,0,,338,482
41,708,2,1347,1079,929,150,1077,2,SECTORUL 4,,0,,382,695
41,709,2,1404,1157,965,192,1152,5,SECTORUL 4,,0,,482,670
41,710,2,1428,1145,753,392,1137,8,SECTORUL 4,,0,,428,709
41,711,2,1712,1005,893,112,995,10,SECTORUL 4,,0,,410,585
41,712,2,2552,1082,770,312,1077,5,SECTORUL 4,,0,,456,621
41,713,2,1977,1140,995,145,1135,5,SECTORUL 4,,0,,452,683
41,714,2,1582,1097,912,185,1093,4,SECTORUL 4,,0,,439,654
41,715,2,1837,1034,914,120,1021,13,SECTORUL 4,,0,,403,618
41,716,2,1651,1126,965,161,1115,11,SECTORUL 4,,0,,456,659
41,717,2,1489,1037,961,76,1033,4,SECTORUL 4,,0,,429,604
41,718,2,1350,958,818,140,953,5,SECTORUL 4,,0,,365,588
41,719,2,1121,871,645,226,865,6,SECTORUL 4,,0,,322,543
41,720,2,1591,1155,935,220,1150,5,SECTORUL 4,,0,,530,620
41,721,2,1158,825,701,124,820,5,SECTORUL 4,,0,,375,445
41,722,2,1044,743,627,116,738,4,SECTORUL 4,,0,,317,421
41,723,2,1142,696,579,117,691,5,SECTORUL 4,,0,,284,407
41,724,2,1172,918,796,122,917,1,SECTORUL 4,,0,,363,554
41,725,2,1264,945,793,152,939,6,SECTORUL 4,,0,,351,588
41,726,2,1760,1064,839,225,1057,7,SECTORUL 4,,0,,416,641
41,727,2,1046,685,580,105,680,5,SECTORUL 4,,0,,286,394
41,728,2,1091,847,566,281,841,6,SECTORUL 4,,0,,357,484
41,729,2,1204,952,630,322,949,3,SECTORUL 4,,0,,411,538
41,730,2,1663,1243,1116,127,1240,3,SECTORUL 4,,0,,467,773
41,731,2,1561,1153,1026,127,1143,10,SECTORUL 4,,0,,416,727
41,732,2,2646,1722,1570,152,1714,8,SECTORUL 4,,0,,708,1006
41,733,2,1378,949,831,118,943,6,SECTORUL 4,,0,,334,609
41,734,2,1609,1082,992,90,1076,6,SECTORUL 4,,0,,417,659
41,735,2,1513,1042,950,92,1037,5,SECTORUL 4,,0,,351,686
41,736,2,1443,1070,972,98,1067,3,SECTORUL 4,,0,,414,653
41,737,2,1605,1066,996,70,1059,7,SECTORUL 4,,0,,370,689
41,738,2,1455,1175,974,201,1173,2,SECTORUL 4,,0,,419,754
41,739,2,2007,1312,1187,125,1310,2,SECTORUL 4,,0,,442,868
41,740,2,1650,1109,947,162,1105,4,SECTORUL 4,,0,,484,621
41,741,2,1099,779,679,100,773,6,SECTORUL 4,,0,,293,480
41,742,2,1505,1129,921,208,1127,2,SECTORUL 4,,0,,449,678
41,743,2,1184,1012,789,223,1009,3,SECTORUL 4,,0,,372,637
41,744,2,1638,1284,840,444,1279,5,SECTORUL 4,,0,,426,853
41,745,2,1390,1122,758,364,1117,5,SECTORUL 4,,0,,362,755
41,746,2,1557,1108,1003,105,1101,7,SECTORUL 4,,0,,426,675
41,747,2,964,716,578,138,711,5,SECTORUL 4,,0,,291,420
41,748,2,1451,1111,1016,95,1106,5,SECTORUL 4,,0,,440,666
41,749,2,1455,1120,986,134,1113,7,SECTORUL 4,,0,,417,696
41,750,2,1502,1149,1028,121,1144,5,SECTORUL 4,,0,,420,724
41,751,2,1711,1206,1114,92,1201,5,SECTORUL 4,,0,,460,741
41,752,2,1576,1169,1034,135,1163,6,SECTORUL 4,,0,,411,752
41,753,2,1561,1081,1016,65,1077,4,SECTORUL 4,,0,,460,617
41,754,2,1372,966,897,69,961,5,SECTORUL 4,,0,,396,565
41,755,2,1183,878,825,53,874,4,SECTORUL 4,,0,,380,494
41,756,2,1042,947,713,234,939,8,SECTORUL 4,,0,,413,526
41,757,2,1087,837,716,121,834,3,SECTORUL 4,,0,,331,503
41,758,2,1617,1066,929,137,1055,8,SECTORUL 4,,0,,437,618
41,759,2,1663,1201,1038,163,1196,5,SECTORUL 4,,0,,479,717
41,760,2,1590,989,851,138,980,9,SECTORUL 4,,0,,421,559
41,761,2,1021,809,700,109,808,1,SECTORUL 4,,0,,300,508
41,762,2,1247,952,869,83,940,12,SECTORUL 4,,0,,367,573
41,763,2,1455,1089,953,136,1086,3,SECTORUL 4,,0,,453,633
41,764,2,1281,976,872,104,970,6,SECTORUL 4,,0,,315,655
41,765,2,1911,1414,1318,96,1407,7,SECTORUL 4,,0,,599,808
41,766,2,1744,1239,1163,76,1234,5,SECTORUL 4,,0,,483,751
41,767,2,1424,1009,931,78,1002,7,SECTORUL 4,,0,,392,610
41,768,2,1607,1130,1034,96,1125,5,SECTORUL 4,,0,,420,705
41,769,2,0,462,0,462,458,4,SECTORUL 4,,0,,203,255
41,770,2,0,970,0,970,960,10,SECTORUL 4,,0,,405,555
41,771,2,0,429,0,429,418,11,SECTORUL 4,,0,,134,284
41,772,2,0,162,0,162,162,0,SECTORUL 4,,0,,64,98
41,773,2,0,195,0,195,138,57,SECTORUL 4,,0,,54,84
41,774,2,1016,607,526,81,601,6,SECTORUL 5,,0,,283,318
41,775,2,1166,793,709,84,791,2,SECTORUL 5,,0,,335,456
41,776,2,1063,708,642,66,697,11,SECTORUL 5,,0,,327,370
41,777,2,917,468,374,94,465,3,SECTORUL 5,,0,,154,311
41,778,2,1127,795,635,160,789,6,SECTORUL 5,,0,,336,453
41,779,2,1511,994,894,100,981,13,SECTORUL 5,,0,,420,561
41,780,2,1165,666,555,111,657,8,SECTORUL 5,,0,,286,371
41,781,2,1336,834,706,128,822,12,SECTORUL 5,,0,,376,446
41,782,2,1378,693,573,120,684,9,SECTORUL 5,,0,,263,421
41,783,2,1383,670,530,140,666,4,SECTORUL 5,,0,,269,397
41,784,2,824,505,405,100,501,4,SECTORUL 5,,0,,195,306
41,785,2,1113,901,697,204,897,4,SECTORUL 5,,0,,369,528
41,786,2,1391,1155,951,204,1144,11,SECTORUL 5,,0,,590,554
41,787,2,1056,850,709,141,849,1,SECTORUL 5,,0,,308,541
41,788,2,1145,963,766,197,954,9,SECTORUL 5,,0,,368,586
41,789,2,1051,750,505,245,743,7,SECTORUL 5,,0,,270,473
41,790,2,916,632,478,154,618,14,SECTORUL 5,,0,,222,396
41,791,2,1005,587,419,168,585,2,SECTORUL 5,,0,,210,375
41,792,2,1071,684,580,104,678,6,SECTORUL 5,,0,,258,420
41,793,2,1250,758,668,90,747,11,SECTORUL 5,,0,,277,470
41,794,2,1132,752,607,145,742,10,SECTORUL 5,,0,,265,477
41,795,2,961,670,527,143,664,4,SECTORUL 5,,0,,273,391
41,796,2,998,653,583,70,649,4,SECTORUL 5,,0,,218,431
41,797,2,959,665,559,106,655,10,SECTORUL 5,,0,,313,342
41,798,2,1121,663,599,64,653,10,SECTORUL 5,,0,,279,374
41,799,2,998,503,428,75,500,3,SECTORUL 5,,0,,219,281
41,800,2,923,582,498,84,576,6,SECTORUL 5,,0,,244,332
41,801,2,997,698,594,104,696,2,SECTORUL 5,,0,,330,366
41,802,2,973,659,563,96,652,7,SECTORUL 5,,0,,253,399
41,803,2,996,746,656,90,743,3,SECTORUL 5,,0,,280,463
41,804,2,1016,775,624,151,773,2,SECTORUL 5,,0,,304,469
41,805,2,751,473,433,40,473,0,SECTORUL 5,,0,,181,292
41,806,2,932,707,619,88,699,8,SECTORUL 5,,0,,223,476
41,807,2,948,593,480,113,588,5,SECTORUL 5,,0,,183,405
41,808,2,982,734,599,135,725,9,SECTORUL 5,,0,,276,449
41,809,2,1164,853,777,76,853,0,SECTORUL 5,,0,,382,471
41,810,2,957,622,522,100,620,2,SECTORUL 5,,0,,232,388
41,811,2,895,714,572,142,710,3,SECTORUL 5,,0,,302,408
41,812,2,1043,742,636,106,741,1,SECTORUL 5,,0,,249,492
41,813,2,1026,771,601,170,771,0,SECTORUL 5,,0,,331,440
41,814,2,999,659,571,88,655,4,SECTORUL 5,,0,,220,435
41,815,2,1166,864,735,129,858,6,SECTORUL 5,,0,,371,487
41,816,2,1293,1002,843,159,999,3,SECTORUL 5,,0,,369,630
41,817,2,1110,900,724,176,897,3,SECTORUL 5,,0,,392,505
41,818,2,826,606,542,64,602,4,SECTORUL 5,,0,,242,360
41,819,2,1052,769,648,121,768,1,SECTORUL 5,,0,,289,479
41,820,2,1125,640,556,84,636,4,SECTORUL 5,,0,,199,437
41,821,2,1453,1208,960,248,1200,8,SECTORUL 5,,0,,496,704
41,822,2,1180,788,700,88,786,2,SECTORUL 5,,0,,302,484
41,823,2,1162,796,696,100,791,5,SECTORUL 5,,0,,288,503
41,824,2,1004,643,556,87,640,3,SECTORUL 5,,0,,242,398
41,825,2,996,681,627,54,677,4,SECTORUL 5,,0,,267,410
41,826,2,934,634,591,43,628,6,SECTORUL 5,,0,,207,421
41,827,2,1337,977,845,132,966,11,SECTORUL 5,,0,,382,584
41,828,2,1174,851,763,88,849,2,SECTORUL 5,,0,,353,496
41,829,2,1172,831,755,76,823,8,SECTORUL 5,,0,,337,486
41,830,2,1130,730,637,93,728,2,SECTORUL 5,,0,,225,503
41,831,2,1264,839,749,90,834,5,SECTORUL 5,,0,,289,545
41,832,2,1214,830,754,76,823,7,SECTORUL 5,,0,,299,524
41,833,2,1188,925,772,153,922,3,SECTORUL 5,,0,,331,591
41,834,2,1167,835,726,109,828,7,SECTORUL 5,,0,,329,499
41,835,2,1141,773,669,104,767,6,SECTORUL 5,,0,,284,483
41,836,2,1042,698,622,76,692,6,SECTORUL 5,,0,,259,433
41,837,2,1189,879,792,87,876,3,SECTORUL 5,,0,,324,552
41,838,2,1078,785,719,66,784,1,SECTORUL 5,,0,,299,485
41,839,2,1011,834,698,136,834,0,SECTORUL 5,,0,,342,492
41,840,2,1097,781,708,73,781,0,SECTORUL 5,,0,,334,447
41,841,2,1183,826,716,110,822,4,SECTORUL 5,,0,,374,448
41,842,2,1131,823,703,120,817,6,SECTORUL 5,,0,,333,484
41,843,2,1215,818,657,161,812,6,SECTORUL 5,,0,,352,460
41,844,2,1138,936,724,212,929,7,SECTORUL 5,,0,,313,616
41,845,2,1219,809,684,125,804,5,SECTORUL 5,,0,,326,478
41,846,2,1021,729,662,67,724,5,SECTORUL 5,,0,,313,411
41,847,2,1046,768,695,73,766,2,SECTORUL 5,,0,,286,480
41,848,2,948,694,625,69,692,2,SECTORUL 5,,0,,287,405
41,849,2,1270,877,800,77,873,4,SECTORUL 5,,0,,355,518
41,850,2,1001,654,588,66,649,5,SECTORUL 5,,0,,270,379
41,851,2,1037,699,631,68,688,10,SECTORUL 5,,0,,269,419
41,852,2,1085,756,656,100,753,3,SECTORUL 5,,0,,262,491
41,853,2,697,521,340,181,517,4,SECTORUL 5,,0,,189,328
41,854,2,1415,811,675,136,803,8,SECTORUL 5,,0,,348,455
41,855,2,1066,681,622,59,672,9,SECTORUL 5,,0,,272,400
41,856,2,966,684,638,46,680,4,SECTORUL 5,,0,,265,415
41,857,2,1035,681,610,71,678,3,SECTORUL 5,,0,,288,390
41,858,2,1034,741,616,125,736,5,SECTORUL 5,,0,,291,445
41,859,2,1039,716,634,82,713,3,SECTORUL 5,,0,,286,427
41,860,2,1053,679,585,94,670,9,SECTORUL 5,,0,,304,366
41,861,2,1159,778,687,91,776,2,SECTORUL 5,,0,,316,460
41,862,2,1185,785,702,83,771,14,SECTORUL 5,,0,,307,464
41,863,2,1111,704,600,104,699,5,SECTORUL 5,,0,,318,381
41,864,2,1157,805,662,143,798,7,SECTORUL 5,,0,,375,423
41,865,2,1045,717,544,173,710,7,SECTORUL 5,,0,,308,402
41,866,2,986,666,583,83,661,5,SECTORUL 5,,0,,286,375
41,867,2,973,667,578,89,667,0,SECTORUL 5,,0,,307,360
41,868,2,1067,726,637,89,721,5,SECTORUL 5,,0,,326,395
41,869,2,1039,487,397,90,477,10,SECTORUL 5,,0,,164,313
41,870,2,1009,677,605,72,671,6,SECTORUL 5,,0,,280,391
41,871,2,1068,710,648,62,706,4,SECTORUL 5,,0,,322,384
41,872,2,1124,717,622,95,708,8,SECTORUL 5,,0,,344,364
41,873,2,1054,708,613,95,703,5,SECTORUL 5,,0,,337,366
41,874,2,1303,950,817,133,942,8,SECTORUL 5,,0,,484,458
41,875,2,1184,814,716,98,804,10,SECTORUL 5,,0,,390,414
41,876,2,1203,843,757,86,839,4,SECTORUL 5,,0,,385,454
41,877,2,1006,758,625,133,749,9,SECTORUL 5,,0,,391,358
41,878,2,1050,718,633,85,708,9,SECTORUL 5,,0,,363,345
41,879,2,971,694,569,125,683,11,SECTORUL 5,,0,,363,320
41,880,2,1016,654,562,92,644,10,SECTORUL 5,,0,,290,354
41,881,2,1035,650,580,70,639,11,SECTORUL 5,,0,,334,305
41,882,2,966,629,562,67,622,7,SECTORUL 5,,0,,354,268
41,883,2,932,562,490,72,557,5,SECTORUL 5,,0,,247,310
41,884,2,1039,692,627,65,679,13,SECTORUL 5,,0,,365,314
41,885,2,1321,841,719,122,828,10,SECTORUL 5,,0,,389,439
41,886,2,1358,1018,920,98,1012,6,SECTORUL 5,,0,,374,638
41,887,2,1245,892,801,91,880,12,SECTORUL 5,,0,,366,514
41,888,2,1225,890,810,80,881,9,SECTORUL 5,,0,,420,461
41,889,2,1257,743,647,96,741,2,SECTORUL 5,,0,,315,426
41,890,2,1063,790,741,49,785,5,SECTORUL 5,,0,,320,465
41,891,2,1000,807,647,160,806,1,SECTORUL 5,,0,,335,471
41,892,2,1115,866,810,56,863,3,SECTORUL 5,,0,,285,578
41,893,2,1083,807,761,46,805,2,SECTORUL 5,,0,,330,475
41,894,2,1108,766,710,56,765,1,SECTORUL 5,,0,,326,439
41,895,2,1090,802,741,61,798,4,SECTORUL 5,,0,,340,458
41,896,2,1043,800,694,106,796,4,SECTORUL 5,,0,,400,396
41,897,2,1179,856,787,69,851,5,SECTORUL 5,,0,,345,506
41,898,2,1378,922,797,125,911,11,SECTORUL 5,,0,,350,561
41,899,2,1081,847,704,143,843,4,SECTORUL 5,,0,,395,448
41,900,2,703,528,482,46,524,4,SECTORUL 5,,0,,265,259
41,901,2,1066,754,676,78,751,3,SECTORUL 5,,0,,334,417
41,902,2,1182,809,753,56,805,4,SECTORUL 5,,0,,327,478
41,903,2,1013,717,643,74,711,6,SECTORUL 5,,0,,267,444
41,904,2,1144,772,702,70,766,6,SECTORUL 5,,0,,332,434
41,905,2,762,541,470,71,536,5,SECTORUL 5,,0,,257,279
41,906,2,787,567,466,101,565,2,SECTORUL 5,,0,,230,335
41,907,2,1171,824,671,153,815,8,SECTORUL 5,,0,,377,438
41,908,2,1069,742,638,104,733,9,SECTORUL 5,,0,,336,397
41,909,2,1062,716,656,60,715,1,SECTORUL 5,,0,,335,380
41,910,2,1127,805,719,86,797,8,SECTORUL 5,,0,,373,424
41,911,2,1062,701,626,75,691,5,SECTORUL 5,,0,,317,374
41,912,2,1125,787,692,95,784,3,SECTORUL 5,,0,,312,472
41,913,2,934,684,613,71,680,4,SECTORUL 5,,0,,264,416
41,914,2,1173,828,766,62,820,8,SECTORUL 5,,0,,368,452
41,915,2,1120,795,736,59,789,6,SECTORUL 5,,0,,364,425
41,916,2,1148,682,622,60,680,2,SECTORUL 5,,0,,239,441
41,917,2,1113,768,695,73,768,0,SECTORUL 5,,0,,279,489
41,918,2,1101,756,655,101,752,4,SECTORUL 5,,0,,294,458
41,919,2,1091,735,674,61,727,7,SECTORUL 5,,0,,267,460
41,920,2,941,584,509,75,579,5,SECTORUL 5,,0,,233,346
41,921,2,1034,644,577,67,632,12,SECTORUL 5,,0,,236,396
41,922,2,1024,744,684,60,735,8,SECTORUL 5,,0,,374,361
41,923,2,1381,949,822,127,945,4,SECTORUL 5,,0,,387,558
41,924,2,1015,674,554,120,674,0,SECTORUL 5,,0,,320,354
41,925,2,1370,854,750,104,848,6,SECTORUL 5,,0,,333,515
41,926,2,1086,745,593,152,744,1,SECTORUL 5,,0,,253,491
41,927,2,1204,848,736,112,844,4,SECTORUL 5,,0,,298,546
41,928,2,992,662,603,59,658,4,SECTORUL 5,,0,,212,446
41,929,2,1062,759,673,86,756,3,SECTORUL 5,,0,,275,481
41,930,2,1175,826,733,93,825,1,SECTORUL 5,,0,,323,502
41,931,2,1033,661,595,66,655,6,SECTORUL 5,,0,,244,411
41,932,2,1036,741,688,53,739,2,SECTORUL 5,,0,,292,447
41,933,2,1060,784,688,96,783,1,SECTORUL 5,,0,,265,518
41,934,2,1031,675,599,76,669,6,SECTORUL 5,,0,,229,440
41,935,2,1197,865,755,110,865,0,SECTORUL 5,,0,,331,534
41,936,2,1162,799,722,77,797,2,SECTORUL 5,,0,,266,531
41,937,2,1117,835,648,187,831,4,SECTORUL 5,,0,,252,579
41,938,2,1178,793,747,46,792,1,SECTORUL 5,,0,,320,472
41,939,2,1041,738,671,67,733,5,SECTORUL 5,,0,,270,463
41,940,2,932,729,555,174,725,4,SECTORUL 5,,0,,288,437
41,941,2,1345,997,910,87,993,4,SECTORUL 5,,0,,338,655
41,942,2,944,779,652,127,777,2,SECTORUL 5,,0,,302,475
41,943,2,1146,868,758,110,863,4,SECTORUL 5,,0,,387,476
41,944,2,898,694,575,119,693,1,SECTORUL 5,,0,,247,446
41,945,2,929,790,691,99,787,3,SECTORUL 5,,0,,277,510
41,946,2,1018,763,663,100,758,5,SECTORUL 5,,0,,299,459
41,947,2,1106,829,747,82,825,4,SECTORUL 5,,0,,387,438
41,948,2,1160,786,695,91,785,1,SECTORUL 5,,0,,260,525
41,949,2,1073,795,715,80,788,7,SECTORUL 5,,0,,240,548
41,950,2,1098,802,696,106,798,4,SECTORUL 5,,0,,316,482
41,951,2,1170,899,822,77,895,4,SECTORUL 5,,0,,272,623
41,952,2,1214,751,669,82,748,3,SECTORUL 5,,0,,234,514
41,953,2,1183,721,635,86,721,0,SECTORUL 5,,0,,284,437
41,954,2,1200,810,715,95,806,4,SECTORUL 5,,0,,321,485
41,955,2,1081,644,557,87,636,8,SECTORUL 5,,0,,244,392
41,956,2,616,386,298,88,383,3,SECTORUL 5,,0,,152,231
41,957,2,911,598,536,62,597,1,SECTORUL 5,,0,,231,366
41,958,2,1000,791,729,62,787,4,SECTORUL 5,,0,,471,316
41,959,2,973,798,735,63,796,2,SECTORUL 5,,0,,431,365
41,960,2,1330,1063,989,74,1053,10,SECTORUL 5,,0,,627,426
41,961,2,996,766,723,43,764,2,SECTORUL 5,,0,,404,360
41,962,2,1048,729,667,62,729,0,SECTORUL 5,,0,,270,459
41,963,2,954,656,561,95,649,7,SECTORUL 5,,0,,261,388
41,964,2,910,727,556,171,723,4,SECTORUL 5,,0,,256,467
41,965,2,0,326,0,326,326,0,SECTORUL 5,,0,,50,276
41,966,2,0,414,0,414,414,0,SECTORUL 5,,0,,64,350
41,967,2,1074,920,745,175,917,3,SECTORUL 5,,0,,351,566
41,968,2,1135,738,597,141,736,2,SECTORUL 5,,0,,274,462
41,969,2,1138,811,717,94,810,1,SECTORUL 5,,0,,325,485
41,970,2,1524,1032,844,188,1029,3,SECTORUL 5,,0,,419,610
41,971,2,1200,837,695,142,834,3,SECTORUL 5,,0,,323,511
41,972,2,0,526,0,526,521,5,SECTORUL 5,,0,,210,311
41,973,2,0,568,0,568,565,3,SECTORUL 5,,0,,252,313
41,974,2,0,275,0,275,274,1,SECTORUL 5,,0,,104,170
41,975,2,0,197,0,197,197,0,SECTORUL 5,,0,,86,111
41,976,2,0,215,0,215,212,3,SECTORUL 5,,0,,79,133
41,977,2,1177,868,790,78,861,7,SECTORUL 6,,0,,377,484
41,978,2,1342,954,870,84,947,7,SECTORUL 6,,0,,318,629
41,979,2,1529,1166,1033,133,1161,5,SECTORUL 6,,0,,454,707
41,980,2,1457,1064,964,100,1061,3,SECTORUL 6,,0,,498,563
41,981,2,1404,1056,986,70,1053,3,SECTORUL 6,,0,,388,665
41,982,2,1524,1114,1055,59,1103,11,SECTORUL 6,,0,,390,713
41,983,2,1326,962,891,71,959,3,SECTORUL 6,,0,,397,562
41,984,2,1371,1097,948,149,1095,2,SECTORUL 6,,0,,549,546
41,985,2,1092,936,798,138,931,5,SECTORUL 6,,0,,418,513
41,986,2,1164,942,839,103,938,4,SECTORUL 6,,0,,356,582
41,987,2,1256,892,828,64,889,3,SECTORUL 6,,0,,365,524
41,988,2,1364,950,879,71,946,4,SECTORUL 6,,0,,332,614
41,989,2,1186,921,858,63,920,1,SECTORUL 6,,0,,319,601
41,990,2,1247,928,870,58,924,4,SECTORUL 6,,0,,364,560
41,991,2,1487,1156,1029,127,1143,9,SECTORUL 6,,0,,527,616
41,992,2,1643,1279,1115,164,1275,4,SECTORUL 6,,0,,422,853
41,993,2,1185,788,708,80,779,9,SECTORUL 6,,0,,370,409
41,994,2,1646,1262,1171,91,1256,6,SECTORUL 6,,0,,554,702
41,995,2,1750,1280,1172,108,1272,8,SECTORUL 6,,0,,497,775
41,996,2,1316,988,870,118,983,5,SECTORUL 6,,0,,385,598
41,997,2,1694,1257,1156,101,1249,8,SECTORUL 6,,0,,505,744
41,998,2,1599,1178,1099,79,1164,14,SECTORUL 6,,0,,512,652
41,999,2,1438,1074,1015,59,1070,4,SECTORUL 6,,0,,423,647
41,1000,2,1642,1280,1225,55,1279,1,SECTORUL 6,,0,,584,695
41,1001,2,1455,1100,1013,87,1092,8,SECTORUL 6,,0,,403,689
41,1002,2,1378,1104,1022,82,1100,4,SECTORUL 6,,0,,469,631
41,1003,2,1332,1028,904,124,1023,5,SECTORUL 6,,0,,404,619
41,1004,2,1569,1285,1125,160,1276,9,SECTORUL 6,,0,,676,600
41,1005,2,1356,1055,951,104,1050,5,SECTORUL 6,,0,,444,606
41,1006,2,1422,1141,1041,100,1139,2,SECTORUL 6,,0,,490,649
41,1007,2,1325,990,920,70,987,3,SECTORUL 6,,0,,488,499
41,1008,2,1567,1145,1052,93,1138,7,SECTORUL 6,,0,,437,701
41,1009,2,1410,1127,928,199,1120,7,SECTORUL 6,,0,,520,600
41,1010,2,1502,1196,1098,98,1186,10,SECTORUL 6,,0,,534,652
41,1011,2,1405,1073,980,93,1069,4,SECTORUL 6,,0,,408,661
41,1012,2,1422,1129,1025,104,1127,2,SECTORUL 6,,0,,417,710
41,1013,2,1431,1107,1005,102,1104,3,SECTORUL 6,,0,,427,677
41,1014,2,1498,1167,1067,100,1166,1,SECTORUL 6,,0,,487,679
41,1015,2,1469,1120,1050,70,1117,3,SECTORUL 6,,0,,499,618
41,1016,2,1615,1244,1161,83,1239,5,SECTORUL 6,,0,,504,735
41,1017,2,1390,1077,940,137,1069,8,SECTORUL 6,,0,,395,674
41,1018,2,1389,1106,1018,88,1104,2,SECTORUL 6,,0,,439,665
41,1019,2,1453,1149,1039,110,1141,8,SECTORUL 6,,0,,426,715
41,1020,2,1321,1045,907,138,1034,11,SECTORUL 6,,0,,423,611
41,1021,2,1508,1092,1000,92,1089,3,SECTORUL 6,,0,,424,665
41,1022,2,1376,1113,985,128,1108,5,SECTORUL 6,,0,,458,650
41,1023,2,1567,1257,1147,110,1252,5,SECTORUL 6,,0,,482,770
41,1024,2,1335,870,764,106,866,4,SECTORUL 6,,0,,311,555
41,1025,2,1254,949,864,85,946,3,SECTORUL 6,,0,,394,552
41,1026,2,1424,998,914,84,991,7,SECTORUL 6,,0,,402,589
41,1027,2,1389,1186,1052,134,1179,7,SECTORUL 6,,0,,401,778
41,1028,2,1267,937,881,56,937,0,SECTORUL 6,,0,,341,596
41,1029,2,1463,1102,1026,76,1096,6,SECTORUL 6,,0,,356,740
41,1030,2,1600,1218,1154,64,1213,5,SECTORUL 6,,0,,443,770
41,1031,2,1480,1126,1077,49,1121,5,SECTORUL 6,,0,,426,695
41,1032,2,1670,1273,1178,95,1260,13,SECTORUL 6,,0,,475,785
41,1033,2,1418,1139,1019,120,1138,1,SECTORUL 6,,0,,380,758
41,1034,2,1357,1012,935,77,1007,5,SECTORUL 6,,0,,309,698
41,1035,2,1443,1062,986,76,1059,3,SECTORUL 6,,0,,498,561
41,1036,2,1397,1078,974,104,1074,4,SECTORUL 6,,0,,413,661
41,1037,2,1315,1030,948,82,1029,1,SECTORUL 6,,0,,347,682
41,1038,2,1354,1005,939,66,1002,3,SECTORUL 6,,0,,319,683
41,1039,2,1157,902,851,51,900,2,SECTORUL 6,,0,,321,579
41,1040,2,1492,1203,1096,107,1197,6,SECTORUL 6,,0,,428,769
41,1041,2,1494,1128,1012,116,1126,2,SECTORUL 6,,0,,366,760
41,1042,2,1664,1283,1155,128,1276,7,SECTORUL 6,,0,,430,846
41,1043,2,1649,1244,1179,65,1237,7,SECTORUL 6,,0,,506,731
41,1044,2,1687,1336,1241,95,1329,7,SECTORUL 6,,0,,518,811
41,1045,2,1441,1087,1015,72,1084,1,SECTORUL 6,,0,,494,590
41,1046,2,1386,1048,980,68,1045,3,SECTORUL 6,,0,,415,630
41,1047,2,1405,1088,1035,53,1086,2,SECTORUL 6,,0,,433,653
41,1048,2,1019,797,727,70,792,5,SECTORUL 6,,0,,275,517
41,1049,2,1532,1141,1068,73,1136,5,SECTORUL 6,,0,,436,700
41,1050,2,1527,1141,1065,76,1137,4,SECTORUL 6,,0,,449,688
41,1051,2,1593,1270,1090,180,1263,7,SECTORUL 6,,0,,517,746
41,1052,2,1673,1270,1178,92,1263,7,SECTORUL 6,,0,,441,822
41,1053,2,1493,1128,1064,64,1121,7,SECTORUL 6,,0,,417,704
41,1054,2,1686,1105,1042,63,1099,6,SECTORUL 6,,0,,410,689
41,1055,2,1406,1082,980,102,1078,4,SECTORUL 6,,0,,381,697
41,1056,2,1497,1098,1004,94,1088,0,SECTORUL 6,,0,,409,679
41,1057,2,1505,1096,992,104,1091,5,SECTORUL 6,,0,,387,704
41,1058,2,1647,1230,1116,114,1225,5,SECTORUL 6,,0,,427,798
41,1059,2,1679,1298,1201,97,1293,3,SECTORUL 6,,0,,389,904
41,1060,2,1701,1290,1179,111,1282,8,SECTORUL 6,,0,,496,786
41,1061,2,1223,978,894,84,976,2,SECTORUL 6,,0,,275,701
41,1062,2,1561,1164,1080,84,1157,7,SECTORUL 6,,0,,458,699
41,1063,2,1703,1336,1240,96,1332,4,SECTORUL 6,,0,,404,928
41,1064,2,1453,1072,1016,56,1064,8,SECTORUL 6,,0,,353,711
41,1065,2,1381,1087,959,128,1081,6,SECTORUL 6,,0,,414,667
41,1066,2,1750,1228,1150,78,1223,5,SECTORUL 6,,0,,495,728
41,1067,2,1597,1132,1064,68,1124,8,SECTORUL 6,,0,,389,735
41,1068,2,1474,1093,1021,72,1092,1,SECTORUL 6,,0,,400,692
41,1069,2,1630,1181,1115,66,1177,4,SECTORUL 6,,0,,453,724
41,1070,2,1663,1261,1188,73,1257,4,SECTORUL 6,,0,,439,818
41,1071,2,1464,1048,967,81,1042,6,SECTORUL 6,,0,,375,667
41,1072,2,1558,1185,1069,116,1175,10,SECTORUL 6,,0,,421,754
41,1073,2,1311,1005,934,71,1003,2,SECTORUL 6,,0,,348,655
41,1074,2,1373,1110,1054,56,1106,4,SECTORUL 6,,0,,345,761
41,1075,2,1587,1172,1096,76,1172,0,SECTORUL 6,,0,,423,749
41,1076,2,1063,616,547,69,610,6,SECTORUL 6,,0,,240,370
41,1077,2,1483,1247,954,293,1240,6,SECTORUL 6,,0,,478,762
41,1078,2,1240,1158,815,343,1155,3,SECTORUL 6,,0,,431,724
41,1079,2,1241,944,872,72,936,8,SECTORUL 6,,0,,340,596
41,1080,2,1412,1028,979,49,1024,4,SECTORUL 6,,0,,351,673
41,1081,2,1589,1227,1090,137,1219,8,SECTORUL 6,,0,,485,734
41,1082,2,1417,1031,964,67,1027,4,SECTORUL 6,,0,,418,609
41,1083,2,1498,1105,998,107,1099,6,SECTORUL 6,,0,,487,612
41,1084,2,1347,840,763,77,833,7,SECTORUL 6,,0,,360,473
41,1085,2,1561,1130,1040,90,1122,8,SECTORUL 6,,0,,434,688
41,1086,2,1524,1105,1046,59,1098,5,SECTORUL 6,,0,,336,762
41,1087,2,1611,1089,977,112,1081,8,SECTORUL 6,,0,,432,649
41,1088,2,1622,1099,1002,97,1090,9,SECTORUL 6,,0,,433,657
41,1089,2,1723,1187,1072,115,1177,10,SECTORUL 6,,0,,444,733
41,1090,2,1565,1060,942,118,1054,6,SECTORUL 6,,0,,401,653
41,1091,2,1456,1032,943,89,1027,5,SECTORUL 6,,0,,467,560
41,1092,2,1716,1111,1033,78,1102,9,SECTORUL 6,,0,,475,627
41,1093,2,1566,1129,1043,86,1128,1,SECTORUL 6,,0,,459,669
41,1094,2,1498,1099,1016,83,1094,5,SECTORUL 6,,0,,409,685
41,1095,2,1442,1020,915,105,1018,2,SECTORUL 6,,0,,395,623
41,1096,2,1096,747,689,58,740,7,SECTORUL 6,,0,,359,381
41,1097,2,1044,769,665,104,763,6,SECTORUL 6,,0,,282,481
41,1098,2,1470,1054,988,66,1051,3,SECTORUL 6,,0,,431,620
41,1099,2,1394,926,879,47,920,6,SECTORUL 6,,0,,362,558
41,1100,2,1511,1112,1032,80,1110,2,SECTORUL 6,,0,,492,618
41,1101,2,1359,878,815,63,874,4,SECTORUL 6,,0,,368,506
41,1102,2,1421,946,859,87,942,4,SECTORUL 6,,0,,388,554
41,1103,2,1471,1041,974,67,1038,3,SECTORUL 6,,0,,421,617
41,1104,2,1645,1113,1038,75,1108,5,SECTORUL 6,,0,,489,619
41,1105,2,1423,968,879,89,959,9,SECTORUL 6,,0,,404,555
41,1106,2,1776,1281,1133,148,1274,7,SECTORUL 6,,0,,462,812
41,1107,2,1657,1288,1078,210,1278,10,SECTORUL 6,,0,,569,709
41,1108,2,1082,806,650,156,804,2,SECTORUL 6,,0,,281,523
41,1109,2,1417,1100,970,130,1097,3,SECTORUL 6,,0,,422,675
41,1110,2,1054,884,485,399,875,9,SECTORUL 6,,0,,335,540
41,1111,2,1475,960,870,90,960,0,SECTORUL 6,,0,,324,636
41,1112,2,1440,975,841,134,959,16,SECTORUL 6,,0,,368,591
41,1113,2,1499,1004,920,84,999,5,SECTORUL 6,,0,,368,631
41,1114,2,1235,945,848,97,939,6,SECTORUL 6,,0,,381,558
41,1115,2,1404,1031,977,54,1024,7,SECTORUL 6,,0,,391,633
41,1116,2,1944,1289,1198,91,1287,2,SECTORUL 6,,0,,430,857
41,1117,2,1549,1162,1080,82,1152,10,SECTORUL 6,,0,,439,713
41,1118,2,1108,800,686,114,793,5,SECTORUL 6,,0,,299,494
41,1119,2,1714,1140,1034,106,1131,9,SECTORUL 6,,0,,476,655
41,1120,2,1526,1058,962,96,1055,3,SECTORUL 6,,0,,411,644
41,1121,2,1555,1100,1004,96,1093,7,SECTORUL 6,,0,,413,680
41,1122,2,1492,1056,986,70,1052,4,SECTORUL 6,,0,,399,653
41,1123,2,1625,1132,1062,70,1127,5,SECTORUL 6,,0,,440,687
41,1124,2,1390,1025,941,84,1023,2,SECTORUL 6,,0,,402,621
41,1125,2,1497,1141,1018,123,1136,5,SECTORUL 6,,0,,457,679
41,1126,2,1668,1339,1163,176,1337,2,SECTORUL 6,,0,,593,744
41,1127,2,1474,1130,1041,89,1123,7,SECTORUL 6,,0,,501,622
41,1128,2,1535,1128,1070,58,1122,6,SECTORUL 6,,0,,478,644
41,1129,2,1468,1149,1014,135,1142,7,SECTORUL 6,,0,,421,721
41,1130,2,1182,837,787,50,836,1,SECTORUL 6,,0,,333,503
41,1131,2,1130,851,803,48,848,3,SECTORUL 6,,0,,294,554
41,1132,2,1084,803,761,42,803,0,SECTORUL 6,,0,,330,473
41,1133,2,912,654,622,32,654,0,SECTORUL 6,,0,,235,419
41,1134,2,927,706,672,34,699,7,SECTORUL 6,,0,,256,443
41,1135,2,1247,937,835,102,933,4,SECTORUL 6,,0,,299,634
41,1136,2,1495,1110,1020,90,1103,7,SECTORUL 6,,0,,400,703
41,1137,2,1199,837,763,74,833,4,SECTORUL 6,,0,,330,503
41,1138,2,1068,792,733,59,787,5,SECTORUL 6,,0,,294,493
41,1139,2,1575,1156,1103,53,1148,8,SECTORUL 6,,0,,416,732
41,1140,2,1685,1235,1164,71,1232,3,SECTORUL 6,,0,,463,769
41,1141,2,1525,1168,1097,71,1165,3,SECTORUL 6,,0,,437,728
41,1142,2,1213,939,879,60,935,4,SECTORUL 6,,0,,337,598
41,1143,2,1311,955,881,74,948,7,SECTORUL 6,,0,,371,577
41,1144,2,1533,1198,1142,56,1196,2,SECTORUL 6,,0,,441,755
41,1145,2,1078,875,809,66,869,6,SECTORUL 6,,0,,334,535
41,1146,2,1839,1178,1034,144,1171,7,SECTORUL 6,,0,,504,667
41,1147,2,1799,1218,1113,105,1216,2,SECTORUL 6,,0,,454,762
41,1148,2,1219,922,826,96,918,4,SECTORUL 6,,0,,335,583
41,1149,2,1592,1147,1041,106,1136,11,SECTORUL 6,,0,,389,747
41,1150,2,2097,1484,1363,121,1478,6,SECTORUL 6,,0,,554,924
41,1151,2,1515,1101,977,124,1094,7,SECTORUL 6,,0,,447,647
41,1152,2,1725,1274,1114,160,1267,7,SECTORUL 6,,0,,537,730
41,1153,2,1367,905,807,98,897,8,SECTORUL 6,,0,,329,568
41,1154,2,1528,1107,977,130,1103,4,SECTORUL 6,,0,,401,702
41,1155,2,1300,880,767,113,875,5,SECTORUL 6,,0,,353,522
41,1156,2,1563,999,902,97,999,0,SECTORUL 6,,0,,370,629
41,1157,2,1291,980,913,67,973,5,SECTORUL 6,,0,,353,620
41,1158,2,1515,1180,1067,113,1174,6,SECTORUL 6,,0,,394,780
41,1159,2,1277,948,891,57,945,3,SECTORUL 6,,0,,316,629
41,1160,2,1698,1297,1178,119,1292,5,SECTORUL 6,,0,,395,897
41,1161,2,1137,901,808,93,897,4,SECTORUL 6,,0,,282,615
41,1162,2,1527,1128,1052,76,1124,4,SECTORUL 6,,0,,442,682
41,1163,2,1335,1077,868,209,1070,7,SECTORUL 6,,0,,356,714
41,1164,2,634,536,281,255,534,2,SECTORUL 6,,0,,164,370
41,1165,2,1583,1124,881,243,1117,7,SECTORUL 6,,0,,388,729
41,1166,2,1451,1024,943,81,1018,6,SECTORUL 6,,0,,349,669
41,1167,2,1200,879,778,101,875,4,SECTORUL 6,,0,,313,562
41,1168,2,1294,918,811,107,915,3,SECTORUL 6,,0,,381,534
41,1169,2,1644,1294,1039,255,1285,9,SECTORUL 6,,0,,427,858
41,1170,2,1346,963,768,195,960,3,SECTORUL 6,,0,,305,655
41,1171,2,1453,1189,930,259,1186,3,SECTORUL 6,,0,,463,723
41,1172,2,1444,1038,975,63,1032,6,SECTORUL 6,,0,,409,623
41,1173,2,1554,1002,931,71,997,5,SECTORUL 6,,0,,334,663
41,1174,2,1567,1091,1013,78,1087,4,SECTORUL 6,,0,,373,714
41,1175,2,1665,1180,1075,105,1170,10,SECTORUL 6,,0,,383,787
41,1176,2,1412,971,901,70,968,3,SECTORUL 6,,0,,371,597
41,1177,2,1346,956,857,99,950,6,SECTORUL 6,,0,,349,601
41,1178,2,1142,819,741,78,816,3,SECTORUL 6,,0,,326,490
41,1179,2,1385,1006,928,78,1003,3,SECTORUL 6,,0,,331,672
41,1180,2,1181,833,744,89,831,2,SECTORUL 6,,0,,258,573
41,1181,2,1525,1157,1071,86,1152,5,SECTORUL 6,,0,,448,704
41,1182,2,1547,1131,1032,99,1128,3,SECTORUL 6,,0,,371,757
41,1183,2,1216,851,775,76,848,3,SECTORUL 6,,0,,238,610
41,1184,2,1114,784,717,67,782,2,SECTORUL 6,,0,,249,533
41,1185,2,1282,921,855,66,915,6,SECTORUL 6,,0,,415,500
41,1186,2,1178,831,766,65,826,5,SECTORUL 6,,0,,300,526
41,1187,2,1529,1088,1019,69,1084,4,SECTORUL 6,,0,,475,609
41,1188,2,1232,912,855,57,912,0,SECTORUL 6,,0,,380,532
41,1189,2,1420,1097,993,104,1097,0,SECTORUL 6,,0,,377,720
41,1190,2,1377,993,907,86,988,5,SECTORUL 6,,0,,409,579
41,1191,2,1469,1072,1006,66,1068,4,SECTORUL 6,,0,,442,626
41,1192,2,1130,826,763,63,822,4,SECTORUL 6,,0,,313,509
41,1193,2,1162,849,785,64,846,3,SECTORUL 6,,0,,270,576
41,1194,2,1053,717,652,65,714,3,SECTORUL 6,,0,,271,443
41,1195,2,1054,801,736,65,794,6,SECTORUL 6,,0,,240,554
41,1196,2,1338,1001,910,91,998,3,SECTORUL 6,,0,,358,640
41,1197,2,1098,803,715,88,798,4,SECTORUL 6,,0,,262,536
41,1198,2,1101,719,651,68,716,3,SECTORUL 6,,0,,242,474
41,1199,2,1135,822,751,71,817,5,SECTORUL 6,,0,,294,523
41,1200,2,1571,1112,971,141,1101,11,SECTORUL 6,,0,,410,691
41,1201,2,1815,1306,1025,281,1287,19,SECTORUL 6,,0,,529,758
41,1202,2,1183,833,677,156,828,5,SECTORUL 6,,0,,324,504
41,1203,2,0,122,0,122,121,1,SECTORUL 6,,0,,48,73
41,1204,2,0,902,0,902,899,3,SECTORUL 6,,0,,156,743
41,1205,2,0,1046,0,1046,1045,1,SECTORUL 6,,0,,191,854
41,1206,2,0,836,0,836,833,3,SECTORUL 6,,0,,131,702
41,1207,2,0,1188,0,1188,1184,4,SECTORUL 6,,0,,200,984
41,1208,2,0,935,0,935,932,3,SECTORUL 6,,0,,156,776
41,1209,2,0,963,0,963,959,4,SECTORUL 6,,0,,139,820
41,1210,2,0,1591,0,1591,1590,1,SECTORUL 6,,0,,172,1418
41,1211,2,0,1007,0,1007,1006,1,SECTORUL 6,,0,,135,871
41,1212,2,0,295,0,295,295,0,SECTORUL 6,,0,,35,260
41,1213,2,0,638,0,638,627,11,SECTORUL 1,,0,,248,379
41,1214,2,0,209,0,209,207,2,SECTORUL 1,,0,,90,117
41,1215,2,1126,1136,695,441,1124,12,SECTORUL 1,,0,,510,614
41,1216,2,451,430,376,54,422,8,SECTORUL 1,,0,,112,310
41,1217,2,0,439,0,439,435,4,SECTORUL 1,,0,,118,317
41,1218,2,2000,1991,1966,25,1971,20,SECTORUL 1,,0,,816,1155
41,1219,2,3150,3128,2961,167,3058,55,SECTORUL 1,,0,,1637,1421
41,1220,2,138,152,134,18,149,3,SECTORUL 1,,0,,66,83
41,1221,2,0,204,0,204,202,2,SECTORUL 2,,0,,104,98
41,1222,2,0,79,0,79,79,0,SECTORUL 3,,0,,33,46
41,1223,2,0,679,0,679,662,17,SECTORUL 4,,0,,289,373
41,1224,2,235,287,229,58,282,5,SECTORUL 4,,0,,97,185
41,1225,2,0,106,0,106,106,0,SECTORUL 4,,0,,47,59
41,1226,2,641,606,589,17,601,5,SECTORUL 4,,0,,350,251
41,1227,2,0,576,0,576,564,12,SECTORUL 5,,0,,255,309
41,1228,2,0,0,0,0,0,0,SECTORUL 5,,0,,0,0
41,1229,2,0,1406,0,1406,1382,24,SECTORUL 5,,0,,625,757
41,1230,2,0,576,0,576,561,15,SECTORUL 5,,0,,233,328
41,1231,2,0,441,0,441,435,6,SECTORUL 5,,0,,195,240
41,1232,2,411,412,403,9,411,1,SECTORUL 5,,0,,207,204
41,1233,2,0,545,0,545,536,9,SECTORUL 5,,0,,163,373
41,1234,2,0,456,0,456,453,3,SECTORUL 5,,0,,247,206
41,1235,2,0,1660,0,1660,1646,14,SECTORUL 6,,0,,734,912
41,1236,2,0,233,0,233,230,3,SECTORUL 6,,0,,98,132
41,1237,2,0,972,0,972,961,11,SECTORUL 6,,0,,499,462
41,1238,2,0,76,0,76,74,2,SECTORUL 6,,0,,38,36
41,1239,2,0,116,0,116,116,0,SECTORUL 1,,0,,29,87
41,1240,2,0,28,0,28,28,0,SECTORUL 1,,0,,17,11
41,1241,2,0,858,0,858,840,18,SECTORUL 1,,0,,209,631
41,1242,2,0,35,0,35,35,0,SECTORUL 1,,0,,12,23
41,1243,2,0,480,0,480,479,1,SECTORUL 1,,0,,50,429
41,1244,2,0,51,0,51,51,0,SECTORUL 1,,0,,21,30
41,1245,2,0,489,0,489,487,2,SECTORUL 1,,0,,38,449
41,1246,2,0,1098,0,1098,1093,5,SECTORUL 1,,0,,93,1000
41,1247,2,0,0,0,0,0,0,SECTORUL 1,,0,,0,0
41,1248,2,0,18,0,18,18,0,SECTORUL 1,,0,,11,7
41,1249,2,0,672,0,672,672,0,SECTORUL 1,,0,,95,577
41,1250,2,0,10,0,10,9,1,SECTORUL 1,,0,,4,5
41,1251,2,0,15,0,15,15,0,SECTORUL 1,,0,,7,8
41,1252,2,0,64,0,64,64,0,SECTORUL 1,,0,,27,37
41,1253,2,0,100,0,100,100,0,SECTORUL 1,,0,,30,70
41,1254,2,0,0,0,0,0,0,SECTORUL 1,,0,,0,0
41,1255,2,0,3239,0,3239,3239,0,SECTORUL 1,,0,,119,3120
41,1256,2,0,215,0,215,215,0,SECTORUL 1,,0,,41,174
41,1257,2,0,52,0,52,52,0,SECTORUL 1,,0,,12,40
41,1258,2,0,166,0,166,165,1,SECTORUL 1,,0,,81,84
41,1259,2,0,434,0,434,430,4,SECTORUL 1,,0,,74,356
41,1260,2,0,45,0,45,45,0,SECTORUL 1,,0,,20,25
41,1261,2,0,47,0,47,46,1,SECTORUL 1,,0,,11,35
41,1262,2,0,9,0,9,9,0,SECTORUL 1,,0,,6,3
41,1263,2,0,20,0,20,20,0,SECTORUL 1,,0,,4,16
41,1264,2,0,27,0,27,27,0,SECTORUL 1,,0,,13,14
41,1265,2,0,19,0,19,19,0,SECTORUL 1,,0,,10,9
41,1266,2,0,150,0,150,150,0,SECTORUL 1,,0,,26,124
41,1267,2,0,33,0,33,33,0,SECTORUL 1,,0,,10,23
41,1268,2,0,123,0,123,123,0,SECTORUL 1,,0,,61,62
41,1269,2,0,669,0,669,664,5,SECTORUL 1,,0,,83,581
41,1270,2,0,132,0,132,132,0,SECTORUL 1,,0,,25,107
41,1271,2,0,7,0,7,7,0,SECTORUL 1,,0,,7,0
41,1272,2,0,31,0,31,31,0,SECTORUL 1,,0,,12,19
41,1273,2,0,103,0,103,103,0,SECTORUL 1,,0,,24,79
41,1274,2,0,2378,0,2378,2364,14,SECTORUL 1,,0,,247,2117
41,1275,2,0,23,0,23,23,0,SECTORUL 1,,0,,4,19
41,1276,2,0,1674,0,1674,1672,2,SECTORUL 1,,0,,130,1542
41,1277,2,0,7,0,7,7,0,SECTORUL 1,,0,,3,4
41,1278,2,0,875,0,875,866,9,SECTORUL 1,,0,,255,611
41,1279,2,0,18,0,18,18,0,SECTORUL 1,,0,,9,9
41,1280,2,0,60,0,60,60,0,SECTORUL 1,,0,,32,28
41,1281,2,0,13,0,13,13,0,SECTORUL 1,,0,,11,2
41,1282,2,0,309,0,309,309,0,SECTORUL 1,,0,,102,207
41,1283,2,0,28,0,28,28,0,SECTORUL 1,,0,,24,4
41,1284,2,0,49,0,49,49,0,SECTORUL 1,,0,,26,23
41,1285,2,0,43,0,43,43,0,SECTORUL 1,,0,,2,41
41,1286,2,0,5899,0,5899,5841,58,SECTORUL 1,,0,,963,4878
41,1287,2,0,1592,0,1592,1582,10,SECTORUL 1,,0,,180,1402
41,1288,2,0,302,0,302,301,1,SECTORUL 1,,0,,126,175
41,1289,2,0,75,0,75,75,0,SECTORUL 1,,0,,26,49
41,1290,2,0,4,0,4,4,0,SECTORUL 1,,0,,3,1
41,1291,2,0,4,0,4,3,1,SECTORUL 1,,0,,1,2
41,1292,2,0,288,0,288,287,1,SECTORUL 1,,0,,36,251
41,1293,2,0,144,0,144,144,0,SECTORUL 1,,0,,34,110
41,1294,2,0,240,0,240,237,3,SECTORUL 1,,0,,58,179
41,1295,2,0,0,0,0,0,0,SECTORUL 1,,0,,0,0
41,1296,2,0,134,0,134,134,0,SECTORUL 1,,0,,20,114
41,1297,2,0,30,0,30,30,0,SECTORUL 1,,0,,15,15
41,1298,2,0,7,0,7,7,0,SECTORUL 1,,0,,5,2
41,1299,2,0,212,0,212,211,1,SECTORUL 1,,0,,34,177
41,1300,2,0,0,0,0,0,0,SECTORUL 1,,0,,0,0
41,1301,2,0,43,0,43,43,0,SECTORUL 1,,0,,18,25
41,1302,2,0,995,0,995,994,1,SECTORUL 1,,0,,230,764
41,1303,2,0,13,0,13,13,0,SECTORUL 1,,0,,7,6
41,1304,2,0,10,0,10,10,0,SECTORUL 1,,0,,4,6
41,1305,2,0,95,0,95,95,0,SECTORUL 1,,0,,9,86
41,1306,2,0,31,0,31,31,0,SECTORUL 1,,0,,17,14
41,1307,2,0,279,0,279,279,0,SECTORUL 1,,0,,44,235
41,1308,2,0,27,0,27,26,1,SECTORUL 1,,0,,14,12
41,1309,2,0,31,0,31,31,0,SECTORUL 1,,0,,9,22
41,1310,2,0,87,0,87,87,0,SECTORUL 1,,0,,36,51
41,1311,2,0,104,0,104,104,0,SECTORUL 1,,0,,14,90
41,1312,2,237,179,179,0,178,1,SECTORUL 1,,0,,16,162
41,1313,2,0,2414,0,2414,2362,52,SECTORUL 1,,0,,865,1497
41,1314,2,0,9162,0,9162,9133,29,SECTORUL 1,,0,,286,8847
41,1315,2,0,25,0,25,25,0,SECTORUL 1,,0,,6,19
41,1316,2,0,15,0,15,15,0,SECTORUL 1,,0,,3,12
41,1317,2,0,190,0,190,190,0,SECTORUL 1,,0,,62,128
41,1318,2,0,27,0,27,27,0,SECTORUL 1,,0,,11,16
41,1319,2,0,60,0,60,60,0,SECTORUL 1,,0,,17,43
41,1320,2,0,232,0,232,231,1,SECTORUL 1,,0,,51,180
41,1321,2,0,4,0,4,4,0,SECTORUL 1,,0,,1,3
41,1322,2,0,21,0,21,21,0,SECTORUL 1,,0,,11,10
41,1323,2,0,135,0,135,135,0,SECTORUL 1,,0,,28,107
41,1324,2,0,71,0,71,71,0,SECTORUL 1,,0,,25,46
41,1325,2,0,7,0,7,7,0,SECTORUL 1,,0,,4,3
41,1326,2,0,42,0,42,42,0,SECTORUL 1,,0,,18,24
41,1327,2,0,694,0,694,686,8,SECTORUL 1,,0,,307,379
41,1328,2,0,150,0,150,150,0,SECTORUL 1,,0,,67,83
41,1329,2,0,1480,0,1480,1455,25,SECTORUL 1,,0,,522,933
41,1330,2,0,3549,0,3549,3543,6,SECTORUL 1,,0,,123,3420
41,1331,2,0,10,0,10,10,0,SECTORUL 1,,0,,2,8
41,1332,2,0,12,0,12,12,0,SECTORUL 1,,0,,9,3
41,1333,2,0,38,0,38,38,0,SECTORUL 1,,0,,12,26
41,1334,2,0,0,0,0,0,0,SECTORUL 1,,0,,0,0
41,1335,2,0,60,0,60,59,1,SECTORUL 1,,0,,3,56
41,1336,2,0,14,0,14,14,0,SECTORUL 1,,0,,0,14
41,1337,2,0,13,0,13,13,0,SECTORUL 1,,0,,5,8
41,1338,2,0,16,0,16,16,0,SECTORUL 1,,0,,9,7
42,1,2,1488,933,869,64,924,9,ORAS BUFTEA,,5,,375,549
42,2,2,1673,1029,982,47,1020,9,ORAS BUFTEA,,5,,463,557
42,3,2,1663,1146,1004,142,1130,16,ORAS BUFTEA,,5,,445,685
42,4,2,2377,1424,1302,122,1411,13,ORAS BUFTEA,,5,,550,861
42,5,2,1746,1033,959,74,1030,3,ORAS BUFTEA,,5,,332,698
42,6,2,1796,1182,1121,61,1175,7,ORAS BUFTEA,,5,,493,682
42,7,2,1440,1022,895,127,1015,7,ORAS BUFTEA,,5,,366,649
42,8,2,1462,814,719,95,801,13,ORAS BUFTEA,,5,,251,550
42,9,2,1195,709,666,43,706,3,ORAS BUFTEA,,5,,253,453
42,10,2,1574,970,904,66,964,6,ORAS BUFTEA,,5,,418,546
42,11,2,1549,996,837,159,982,14,AFUMATI,,5,,349,633
42,12,2,1441,814,681,133,807,7,AFUMATI,,5,,325,482
42,13,2,2010,875,726,149,871,4,AFUMATI,,5,,238,633
42,14,2,2115,1538,1221,317,1530,8,BALOTESTI,,5,,614,916
42,15,2,1266,874,732,142,863,11,BALOTESTI,,5,,433,430
42,16,2,722,659,440,219,648,11,BALOTESTI,,5,,316,332
42,17,2,1782,1217,1055,162,1180,37,BERCENI,,5,,481,699
42,18,2,1465,863,730,133,846,17,BERCENI,,5,,371,475
42,19,2,1507,876,718,158,866,10,BRAGADIRU,,5,,396,470
42,20,2,1941,1341,1150,191,1327,14,BRAGADIRU,,5,,475,852
42,21,2,1758,1057,932,125,1046,11,BRAGADIRU,,5,,407,639
42,22,2,1382,851,711,140,844,7,BRANESTI,,5,,306,538
42,23,2,2018,1496,1219,277,1478,18,BRANESTI,,5,,673,805
42,24,2,2172,1391,1209,182,1366,25,BRANESTI,,5,,573,793
42,25,2,1049,844,765,79,834,10,BRANESTI,,5,,457,377
42,26,2,1587,1144,1051,93,1123,21,CERNICA,,5,,510,613
42,27,2,1650,1185,994,191,1172,13,CERNICA,,5,,677,495
42,28,2,1700,1178,962,216,1164,14,CERNICA,,5,,548,616
42,29,2,815,606,508,98,600,6,CERNICA,,5,,327,273
42,30,2,1950,1302,1211,91,1286,16,CHIAJNA,,5,,508,778
42,31,2,1745,1198,1077,121,1179,19,CHIAJNA,,5,,488,691
42,32,2,1023,740,660,80,735,5,CHIAJNA,,5,,299,436
42,33,2,1096,866,762,104,859,7,CHIAJNA,,5,,395,464
42,34,2,2271,1760,1416,344,1742,18,CHITILA,,5,,718,1024
42,35,2,1860,1403,1183,220,1394,9,CHITILA,,5,,643,751
42,36,2,2052,1438,1198,240,1415,23,CHITILA,,5,,496,919
42,37,2,1644,1268,991,277,1259,9,CHITILA,,5,,550,709
42,38,2,820,575,421,154,560,15,CHITILA,,5,,215,345
42,39,2,1580,1166,985,181,1149,17,CIOLPANI,,5,,536,613
42,40,2,666,553,495,58,545,8,CIOLPANI,,5,,317,228
42,41,2,431,361,263,98,356,5,CIOLPANI,,5,,160,196
42,42,2,715,580,451,129,572,8,CIOLPANI,,5,,251,321
42,43,2,830,698,565,133,693,5,CIOROGARLA,,5,,407,286
42,44,2,1041,857,692,165,852,5,CIOROGARLA,,5,,472,380
42,45,2,884,773,529,244,759,14,CIOROGARLA,,5,,424,335
42,46,2,1055,776,664,112,762,14,CLINCENI,,5,,340,422
42,47,2,1616,1084,927,157,1075,9,CLINCENI,,5,,550,525
42,48,2,729,524,422,102,520,4,CLINCENI,,5,,196,324
42,49,2,1123,761,605,156,752,9,CORBEANCA,,5,,412,340
42,50,2,1234,828,672,156,804,24,CORBEANCA,,5,,376,428
42,51,2,1713,1177,1064,113,1158,19,CORNETU,,5,,538,620
42,52,2,1275,854,754,100,848,6,CORNETU,,5,,380,468
42,53,2,1389,954,809,145,926,28,DASCALU,,5,,517,409
42,54,2,432,298,245,53,293,5,DASCALU,,5,,176,117
42,55,2,1065,711,631,80,698,13,DARASTI - ILFOV,,5,,308,390
42,56,2,1216,817,735,82,800,17,DARASTI - ILFOV,,5,,444,356
42,57,2,1225,1048,909,139,1033,15,DOBROESTI,,5,,417,616
42,58,2,1376,849,705,144,842,7,DOBROESTI,,5,,359,483
42,59,2,2135,1456,1240,216,1437,19,DOBROESTI,,5,,630,807
42,60,2,2010,1219,999,220,1209,10,DOMNESTI,,5,,593,616
42,61,2,1919,1167,967,200,1149,18,DOMNESTI,,5,,573,576
42,62,2,348,223,167,56,219,4,DOMNESTI,,5,,123,96
42,63,2,719,550,437,113,537,13,DRAGOMIRESTI-VALE,,5,,249,288
42,64,2,1562,1169,1000,169,1157,12,DRAGOMIRESTI-VALE,,5,,580,577
42,65,2,531,482,376,106,478,4,DRAGOMIRESTI-VALE,,5,,235,243
42,66,2,476,303,267,36,300,3,GANEASA,,5,,144,156
42,67,2,460,339,277,62,337,2,GANEASA,,5,,149,188
42,68,2,476,300,263,37,297,3,GANEASA,,5,,115,182
42,69,2,637,408,356,52,400,8,GANEASA,,5,,166,234
42,70,2,898,724,630,94,718,6,GANEASA,,5,,190,528
42,71,2,1711,1152,959,193,1129,23,GLINA,,5,,475,654
42,72,2,1047,738,581,157,727,11,GLINA,,5,,215,512
42,73,2,1657,1394,1078,316,1376,18,GLINA,,5,,535,841
42,74,2,1312,1102,947,155,1085,17,GRADISTEA,,5,,710,375
42,75,2,673,687,581,106,673,14,GRADISTEA,,5,,414,259
42,76,2,1556,1034,888,146,1017,17,GRUIU,,5,,565,452
42,77,2,1687,1155,1012,143,1131,24,GRUIU,,5,,697,434
42,78,2,1903,1227,1057,170,1209,18,GRUIU,,5,,581,628
42,79,2,469,322,267,55,319,3,GRUIU,,5,,229,90
42,80,2,1651,2005,923,1082,1974,31,JILAVA,,5,,626,1348
42,81,2,1290,1701,789,912,1690,11,JILAVA,,5,,458,1232
42,82,2,1657,1815,986,829,1787,28,JILAVA,,5,,581,1206
42,83,2,1808,2152,998,1154,2122,30,JILAVA,,5,,563,1559
42,84,2,1582,1116,907,209,1103,13,MAGURELE,,5,,499,604
42,85,2,1552,1124,1049,75,1116,8,MAGURELE,,5,,390,726
42,86,2,1328,927,826,101,911,16,MAGURELE,,5,,404,507
42,87,2,688,488,441,47,476,12,MAGURELE,,5,,312,164
42,88,2,936,564,514,50,550,14,MAGURELE,,5,,241,309
42,89,2,0,495,0,495,492,3,MAGURELE,,5,,99,393
42,90,2,1076,845,673,172,820,25,MOARA VLASIEI,,5,,427,393
42,91,2,1738,1106,996,110,1090,16,MOARA VLASIEI,,5,,656,434
42,92,2,1105,784,668,116,774,9,MOARA VLASIEI,,5,,402,372
42,93,2,1989,1405,1203,202,1385,20,MOGOSOAIA,,5,,481,904
42,94,2,1696,1289,1098,191,1271,18,MOGOSOAIA,,5,,489,782
42,95,2,1390,1208,1042,166,1188,20,NUCI,,5,,693,495
42,96,2,1023,837,732,105,828,9,NUCI,,5,,534,294
42,97,2,825,647,489,158,639,7,OTOPENI,,5,,331,308
42,98,2,1353,928,796,132,918,10,OTOPENI,,5,,352,566
42,99,2,1804,1223,1011,212,1210,13,OTOPENI,,5,,471,739
42,100,2,1270,917,759,158,909,8,OTOPENI,,5,,350,559
42,101,2,964,692,610,82,680,12,OTOPENI,,5,,254,426
42,102,2,783,507,406,101,498,9,OTOPENI,,5,,223,275
42,103,2,441,497,260,237,494,3,OTOPENI,,5,,208,286
42,104,2,0,751,0,751,749,2,OTOPENI,,5,,195,554
42,105,2,1434,1027,802,225,1012,15,PANTELIMON,,5,,490,522
42,106,2,1553,1021,953,68,1011,9,PANTELIMON,,5,,467,544
42,107,2,340,235,158,77,233,2,PANTELIMON,,5,,114,119
42,108,2,1203,912,726,186,908,4,PANTELIMON,,5,,385,523
42,109,2,1181,946,707,239,942,4,PANTELIMON,,5,,450,492
42,110,2,1240,877,689,188,872,5,PANTELIMON,,5,,377,495
42,111,2,1846,1174,955,219,1157,17,PANTELIMON,,5,,585,572
42,112,2,1740,1164,947,217,1151,13,PANTELIMON,,5,,537,614
42,113,2,18,85,13,72,83,2,PANTELIMON,,5,,14,69
42,114,2,1523,1130,902,228,1118,12,PERIS,,5,,572,546
42,115,2,1756,1073,724,349,1063,10,PERIS,,5,,501,562
42,116,2,543,413,333,80,411,2,PERIS,,5,,166,245
42,117,2,254,288,173,115,288,0,PERIS,,5,,122,166
42,118,2,1293,733,522,211,722,11,PERIS,,5,,397,325
42,119,2,1913,1017,894,123,998,19,PETRACHIOAIA,,5,,447,551
42,120,2,1577,1258,1073,185,1251,7,POPESTI LEORDENI,,5,,307,944
42,121,2,1352,1094,905,189,1083,11,POPESTI LEORDENI,,5,,277,806
42,122,2,1073,723,688,35,715,8,POPESTI LEORDENI,,5,,205,510
42,123,2,931,912,696,216,908,4,POPESTI LEORDENI,,5,,219,689
42,124,2,2033,1619,1492,127,1589,30,POPESTI LEORDENI,,5,,617,972
42,125,2,983,1079,514,565,1069,10,POPESTI LEORDENI,,5,,463,606
42,126,2,1727,1266,1054,212,1253,13,POPESTI LEORDENI,,5,,515,738
42,127,2,1273,884,633,251,872,12,SNAGOV,,5,,319,553
42,128,2,1386,1016,708,308,1005,11,SNAGOV,,5,,445,560
42,129,2,722,573,422,151,571,2,SNAGOV,,5,,241,330
42,130,2,941,742,488,254,724,18,SNAGOV,,5,,311,413
42,131,2,1623,1015,823,192,998,17,STEFANESTII DE JOS,,5,,390,608
42,132,2,1300,845,668,177,831,14,STEFANESTII DE JOS,,5,,435,396
42,133,2,1092,884,716,168,870,14,TUNARI,,5,,365,505
42,134,2,1213,833,679,154,822,11,TUNARI,,5,,294,528
42,135,2,1222,828,721,107,822,6,VIDRA,,5,,327,495
42,136,2,1536,940,840,100,923,17,VIDRA,,5,,369,554
42,137,2,1397,795,666,129,782,13,VIDRA,,5,,308,474
42,138,2,654,412,341,71,405,7,VIDRA,,5,,170,235
42,139,2,1556,970,756,214,951,19,VIDRA,,5,,415,536
42,140,2,1278,911,807,104,909,2,VOLUNTARI,,5,,389,520
42,141,2,1208,826,736,90,819,7,VOLUNTARI,,5,,338,481
42,142,2,1190,820,740,80,808,12,VOLUNTARI,,5,,341,467
42,143,2,1222,921,818,103,916,5,VOLUNTARI,,5,,424,492
42,144,2,1128,757,677,80,748,9,VOLUNTARI,,5,,314,434
42,145,2,1229,843,728,115,833,10,VOLUNTARI,,5,,379,454
42,146,2,1356,928,872,56,914,14,VOLUNTARI,,5,,432,482
42,147,2,1564,1092,999,93,1084,8,VOLUNTARI,,5,,416,668
42,148,2,1278,987,840,147,957,30,VOLUNTARI,,5,,376,581
42,149,2,1235,899,816,83,898,0,VOLUNTARI,,5,,371,527
42,150,2,1341,948,830,118,938,10,VOLUNTARI,,5,,415,523
42,151,2,1143,828,707,121,823,5,VOLUNTARI,,5,,349,474
42,152,2,1440,921,860,61,918,3,VOLUNTARI,,5,,403,515
42,153,2,1321,948,812,136,935,13,VOLUNTARI,,5,,486,449
42,154,2,1382,936,809,127,926,10,VOLUNTARI,,5,,331,595
42,155,2,1181,929,793,136,923,6,VOLUNTARI,,5,,300,623
42,156,2,2365,1490,1307,183,1476,14,1 DECEMBRIE,,5,,542,934
42,157,2,1813,1149,1021,128,1142,7,1 DECEMBRIE,,5,,521,621
42,158,2,1259,994,906,88,979,15,1 DECEMBRIE,,5,,424,555
42,159,2,1042,721,670,51,709,12,1 DECEMBRIE,,5,,385,324
42,160,2,0,586,0,586,581,5,CHITILA,,5,,267,314
42,161,2,0,255,0,255,250,5,CIOLPANI,,5,,107,143
42,162,2,0,366,0,366,357,9,CLINCENI,,5,,99,258
42,163,2,0,117,0,117,113,4,DOMNESTI,,5,,50,63
42,164,2,0,297,0,297,293,4,OTOPENI,,5,,111,182
42,165,2,0,368,0,368,351,17,OTOPENI,,5,,154,197
42,166,2,0,269,0,269,261,8,PANTELIMON,,5,,133,128
42,167,2,0,356,0,356,354,2,PANTELIMON,,5,,96,258
42,168,2,0,467,0,467,462,5,PANTELIMON,,5,,194,268
42,169,2,0,232,0,232,229,3,TUNARI,,5,,95,134
42,170,2,0,1510,0,1510,1476,34,CHIAJNA,,5,,757,719
42,171,2,0,585,0,585,571,14,MAGURELE,,5,,260,311
42,172,2,0,75,0,75,75,0,BRANESTI,,5,,46,29
42,173,2,0,420,0,420,413,7,OTOPENI,,5,,192,221
