NR_CIRC,SECTIE,NR_CAS,A,AP,APP,APS,TVE,VN,P1,P2
1,1,2,1326,992,888,104,989,3,474,515
1,2,2,1126,813,677,136,808,5,339,469
1,3,2,1322,916,851,65,904,12,438,466
1,4,2,1292,1036,855,181,1033,3,450,583
1,5,2,1100,946,706,240,946,0,409,537
1,6,2,1238,946,838,108,937,9,452,485
1,7,2,1303,1005,892,113,1000,5,440,560
1,8,2,1327,1029,767,262,1017,12,384,633
1,9,2,1321,990,783,207,985,5,417,568
1,10,2,1131,754,629,125,752,2,359,393
1,11,2,1090,569,459,110,567,2,207,360
1,12,2,1017,581,481,100,575,6,221,354
1,13,2,1108,788,661,127,787,1,347,440
1,14,2,1245,727,530,197,721,6,277,444
1,15,2,1213,796,677,119,790,6,323,467
1,16,2,1409,1011,835,176,1008,3,419,589
1,17,2,1260,784,690,94,782,2,411,371
1,18,2,1133,808,736,72,806,2,356,450
1,19,2,1277,705,615,90,698,7,314,384
1,20,2,1204,878,796,82,873,5,367,506
1,21,2,1317,926,819,107,924,2,414,510
1,22,2,1240,854,746,108,851,3,341,510
1,23,2,1277,827,710,117,820,7,307,513
1,24,2,1062,721,622,99,716,5,321,395
1,25,2,1258,874,776,98,865,9,363,502
1,26,2,1089,807,662,145,804,3,309,495
1,27,2,1212,856,776,80,854,2,362,492
1,28,2,1044,738,622,116,737,1,322,415
1,29,2,1238,956,830,126,950,6,384,566
1,30,2,1385,974,873,101,971,3,410,561
1,31,2,1448,1061,964,97,1053,8,393,660
1,32,2,1600,1086,779,307,1071,15,338,733
1,33,2,1278,725,591,134,725,0,215,510
1,34,2,1289,894,770,124,891,3,322,569
1,35,2,1132,873,663,210,872,1,269,603
1,36,2,1314,930,737,193,926,4,297,629
1,37,2,1257,742,699,43,735,7,212,523
1,38,2,1366,1007,879,128,998,9,431,567
1,39,2,1186,882,826,56,873,9,556,317
1,40,2,602,378,314,64,370,8,187,183
1,41,2,798,728,560,168,721,7,418,303
1,42,2,543,433,262,171,427,6,205,222
1,43,2,0,599,0,599,586,13,244,342
1,44,2,0,213,0,213,207,6,111,96
1,45,2,0,590,0,590,583,7,236,347
1,46,2,2297,1758,1652,106,1740,18,1299,441
1,47,2,0,160,0,160,151,9,93,58
1,48,2,2501,1532,1384,148,1527,5,949,578
1,49,2,2184,1545,1479,66,1537,8,698,839
1,50,2,1404,1113,972,141,1107,2,614,493
1,51,2,1558,1258,960,298,1251,7,600,651
1,52,2,1420,1149,1023,126,1141,8,642,499
1,53,2,1358,1080,930,150,1074,6,500,574
1,54,2,1032,720,687,33,716,4,335,381
1,55,2,1467,1238,950,288,1230,8,601,629
1,56,2,1710,1268,1180,88,1257,11,528,729
1,57,2,1735,1267,1132,135,1261,6,645,616
1,58,2,1714,1208,1153,55,1192,16,551,641
1,59,2,1633,1154,994,160,1143,11,558,585
1,60,2,526,397,329,68,394,3,298,96
1,61,2,566,457,403,54,451,6,222,229
1,62,2,1039,818,746,72,807,11,405,402
1,63,2,553,485,401,84,480,5,269,211
1,64,2,473,322,230,92,320,2,205,115
1,65,2,470,381,357,24,381,0,284,97
1,66,2,580,528,518,10,521,7,87,434
1,67,2,1298,928,869,59,919,9,415,504
1,68,2,1325,976,925,51,971,5,537,434
1,69,2,1681,1213,1130,83,1210,3,654,556
1,70,2,1368,976,894,82,969,7,463,506
1,71,2,1477,990,913,77,986,4,478,508
1,72,2,1780,1277,1192,85,1272,5,615,657
1,73,2,1504,1179,1034,145,1174,5,564,610
1,74,2,1650,1253,1174,79,1247,6,589,658
1,75,2,1693,1206,1120,86,1189,17,549,640
1,76,2,1405,1055,1002,53,1032,23,474,558
1,77,2,643,444,419,25,439,5,276,163
1,78,2,503,402,381,21,399,3,22,377
1,79,2,1210,772,613,159,768,4,548,220
1,80,2,1408,1074,860,214,1071,3,679,392
1,81,2,1290,977,786,191,966,11,669,297
1,82,2,584,327,271,56,322,5,235,87
1,83,2,544,240,202,38,238,2,136,102
1,84,2,615,252,223,29,249,3,146,103
1,85,2,295,228,149,79,226,2,163,63
1,86,2,0,57,0,57,57,0,35,22
1,87,2,1608,1064,1023,41,1062,2,621,441
1,88,2,1564,998,953,45,994,4,583,411
1,89,2,1484,1019,985,34,1014,5,590,424
1,90,2,1651,1073,1030,43,1071,2,585,486
1,91,2,1513,933,875,58,926,7,553,373
1,92,2,1141,793,748,45,786,7,467,319
1,93,2,1487,1048,1022,26,1045,3,637,408
1,94,2,1423,1060,904,156,1056,4,630,426
1,95,2,1425,985,930,55,983,2,603,380
1,96,2,1646,886,812,74,869,17,513,356
1,97,2,1407,1093,942,151,1078,15,699,379
1,98,2,1139,726,705,21,719,7,504,215
1,99,2,1209,856,798,58,849,7,495,354
1,100,2,1321,827,783,44,819,8,493,326
1,101,2,1171,864,804,60,850,14,578,272
1,102,2,913,692,653,39,687,5,384,303
1,103,2,1003,706,673,33,700,6,461,239
1,104,2,0,175,0,175,173,2,78,95
1,105,2,1688,1297,1263,34,1285,12,602,683
1,106,2,2035,1566,1489,77,1556,10,712,844
1,107,2,798,586,544,42,584,2,336,248
1,108,2,1160,944,896,48,940,4,519,421
1,109,2,1157,907,839,68,899,8,418,481
1,110,2,1540,1154,1075,79,1146,8,502,644
1,111,2,1135,854,775,79,845,9,516,329
1,112,2,1047,810,715,95,809,1,487,322
1,113,2,779,579,527,52,574,5,385,189
1,114,2,1275,1000,912,88,992,8,700,292
1,115,2,901,655,591,64,653,2,340,313
1,116,2,1159,811,667,144,785,26,413,372
1,117,2,1509,1073,1010,63,1068,5,449,619
1,118,2,1340,1033,917,116,1032,1,527,505
1,119,2,1302,996,887,109,990,6,439,551
1,120,2,1402,1045,942,103,1039,6,499,540
1,121,2,1846,1293,1181,112,1278,15,574,704
1,122,2,1300,1094,924,170,1086,8,571,515
1,123,2,1470,1028,945,83,1018,10,487,531
1,124,2,1500,1085,1013,72,1080,5,500,580
1,125,2,1558,1037,923,114,1028,9,502,526
1,126,2,890,666,642,24,658,8,347,311
1,127,2,1130,819,710,109,811,8,435,376
1,128,2,1407,986,859,127,971,15,505,466
1,129,2,1493,1086,1002,84,1074,12,638,436
1,130,2,708,546,464,82,544,2,324,220
1,131,2,0,248,0,248,241,7,83,158
1,132,2,1790,1392,1290,102,1376,16,1035,341
1,133,2,1746,1238,1139,99,1231,7,728,503
1,134,2,1260,901,874,27,883,18,663,220
1,135,2,922,756,731,25,753,3,629,124
1,136,2,1350,636,601,35,628,8,529,99
1,137,2,1636,776,746,30,768,8,507,261
1,138,2,170,118,102,16,116,2,81,35
1,139,2,832,576,537,39,575,1,409,166
1,140,2,196,158,148,10,156,2,109,47
1,141,2,340,266,250,16,266,0,221,45
1,142,2,205,176,157,19,175,1,125,50
1,143,2,1248,779,761,18,770,9,615,155
1,144,2,97,77,74,3,77,0,77,0
1,145,2,211,126,114,12,125,1,82,43
1,146,2,920,611,572,39,603,8,280,323
1,147,2,842,496,473,23,487,9,291,196
1,148,2,2262,1535,1313,222,1526,9,1031,495
1,149,2,215,191,146,45,191,0,138,53
1,150,2,304,214,190,24,213,1,130,83
1,151,2,350,248,241,7,247,1,204,43
1,152,2,445,384,309,75,381,3,232,149
1,153,2,582,368,344,24,360,8,206,154
1,154,2,427,296,284,12,294,2,176,118
1,155,2,359,290,274,16,285,5,127,158
1,156,2,2267,1264,1131,133,1254,10,964,290
1,157,2,1165,536,524,12,529,7,407,122
1,158,2,676,273,253,20,271,2,224,47
1,159,2,509,391,357,34,391,0,195,196
1,160,2,420,272,248,24,269,3,184,85
1,161,2,60,23,18,5,23,0,14,9
1,162,2,479,363,314,49,363,0,302,61
1,163,2,467,283,261,22,283,0,206,77
1,164,2,355,258,235,23,256,2,208,48
1,165,2,294,202,178,24,201,1,136,65
1,166,2,870,579,544,35,573,6,275,298
1,167,2,747,543,529,14,539,4,351,188
1,168,2,302,217,191,26,214,3,149,65
1,169,2,312,244,213,31,241,3,182,59
1,170,2,384,277,259,18,274,3,186,88
1,171,2,1817,1404,1329,75,1391,13,782,609
1,172,2,237,199,161,38,199,0,113,86
1,173,2,498,466,357,109,456,10,336,120
1,174,2,557,436,400,36,432,4,265,167
1,175,2,722,587,525,62,582,5,345,237
1,176,2,655,560,501,59,556,4,307,249
1,177,2,1234,717,689,28,711,6,539,172
1,178,2,786,581,535,46,574,7,331,243
1,179,2,1149,804,771,33,799,5,385,414
1,180,2,430,320,291,29,316,4,176,140
1,181,2,921,692,626,66,683,9,421,262
1,182,2,282,220,209,11,218,2,146,72
1,183,2,355,307,277,30,303,4,174,129
1,184,2,1459,1121,1012,109,1114,7,653,461
1,185,2,1595,1040,959,81,1031,9,507,524
1,186,2,2254,1492,1442,50,1474,18,1132,342
1,187,2,546,455,410,45,448,7,316,132
1,188,2,259,281,205,76,280,1,207,73
1,189,2,615,430,393,37,425,5,229,196
1,190,2,333,244,225,19,244,0,173,71
1,191,2,217,199,179,20,195,4,20,175
1,192,2,345,231,212,19,229,2,160,69
1,193,2,246,290,246,44,287,3,214,73
1,194,2,1366,1036,922,114,1022,14,651,371
1,195,2,686,528,497,31,518,10,162,356
1,196,2,398,316,260,56,314,2,174,140
1,197,2,491,319,270,49,318,1,167,151
1,198,2,625,353,323,30,346,7,197,149
1,199,2,922,682,589,93,679,3,332,347
1,200,2,278,278,224,54,277,1,168,109
1,201,2,177,211,154,57,208,3,153,55
1,202,2,1098,590,551,39,589,1,419,170
1,203,2,504,196,188,8,178,18,163,15
1,204,2,335,303,264,39,300,3,201,99
1,205,2,283,249,214,35,248,1,183,65
1,206,2,290,297,235,62,292,5,197,95
1,207,2,177,164,140,24,161,3,117,44
1,208,2,147,148,122,26,148,0,122,26
1,209,2,1060,572,533,39,563,9,440,123
1,210,2,742,356,329,27,352,4,286,66
1,211,2,826,633,548,85,615,18,337,278
1,212,2,775,536,525,11,532,4,244,288
1,213,2,928,697,652,45,692,5,330,362
1,214,2,874,598,526,72,593,5,361,232
1,215,2,1312,883,777,106,877,6,390,487
1,216,2,412,191,164,27,190,1,114,76
1,217,2,215,156,142,14,155,1,66,89
1,218,2,174,82,70,12,80,2,54,26
1,219,2,871,953,585,368,938,15,551,387
1,220,2,597,728,379,349,716,12,548,168
1,221,2,691,616,549,67,608,8,391,217
1,222,2,783,734,669,65,734,0,562,172
1,223,2,737,550,453,97,537,13,386,151
1,224,2,650,504,488,16,499,5,295,204
1,225,2,298,235,209,26,229,6,179,50
1,226,2,398,325,305,20,321,4,178,143
1,227,2,228,184,169,15,184,0,103,81
1,228,2,903,745,713,32,735,10,22,713
1,229,2,475,393,363,30,389,4,239,150
1,230,2,506,441,411,30,440,1,97,343
1,231,2,597,507,470,37,503,4,379,124
1,232,2,198,197,169,28,197,0,157,40
1,233,2,1472,1187,1106,81,1176,11,528,648
1,234,2,420,360,323,37,356,4,270,86
1,235,2,1720,991,898,93,975,16,646,329
1,236,2,1056,537,502,35,536,1,358,178
1,237,2,240,133,120,13,132,1,120,12
1,238,2,609,352,340,12,348,4,190,158
1,239,2,560,379,354,25,376,3,243,133
1,240,2,242,140,125,15,139,1,59,80
1,241,2,405,310,296,14,306,4,153,153
1,242,2,514,381,360,21,373,8,197,176
1,243,2,271,190,170,20,188,2,132,56
1,244,2,1788,1341,1251,90,1333,8,668,665
1,245,2,537,441,424,17,440,1,291,149
1,246,2,468,388,360,28,385,3,274,111
1,247,2,689,585,559,26,580,5,263,317
1,248,2,216,148,124,24,145,3,89,56
1,249,2,553,490,443,47,485,5,171,314
1,250,2,393,356,321,35,354,2,231,123
1,251,2,119,101,89,12,97,4,68,29
1,252,2,771,412,372,40,407,5,290,117
1,253,2,458,355,328,27,348,7,256,92
1,254,2,946,787,670,117,780,7,465,315
1,255,2,403,386,309,77,384,2,208,176
1,256,2,248,224,172,52,222,2,125,97
1,257,2,622,263,252,11,258,5,147,111
1,258,2,120,110,101,9,110,0,82,28
1,259,2,157,124,109,15,124,0,97,27
1,260,2,705,449,400,49,444,5,219,225
1,261,2,292,261,218,43,259,2,140,119
1,262,2,74,65,55,10,65,0,46,19
1,263,2,835,655,606,49,650,5,442,208
1,264,2,1156,844,766,78,839,5,500,339
1,265,2,211,133,115,18,132,1,93,39
1,266,2,261,114,105,9,114,0,56,58
1,267,2,1005,340,325,15,334,6,189,145
1,268,2,390,207,186,21,205,2,163,42
1,269,2,326,230,206,24,224,6,160,64
1,270,2,420,312,266,46,310,2,127,183
1,271,2,218,196,174,22,192,4,120,72
1,272,2,367,208,199,9,204,4,108,96
1,273,2,290,195,190,5,192,3,113,79
1,274,2,836,719,634,85,715,4,386,329
1,275,2,299,263,226,37,262,1,188,74
1,276,2,511,464,425,39,462,2,37,425
1,277,2,604,617,593,24,616,1,18,598
1,278,2,440,149,137,12,146,3,140,6
1,279,2,146,112,75,37,106,6,76,30
1,280,2,185,102,84,18,101,1,72,29
1,281,2,1412,1036,1004,32,1022,14,735,287
1,282,2,277,246,228,18,241,5,145,96
1,283,2,1112,970,903,67,963,7,733,230
1,284,2,245,213,183,30,213,0,171,42
1,285,2,640,555,496,59,551,4,338,213
1,286,2,490,383,354,29,380,3,244,136
1,287,2,233,239,187,52,237,2,157,80
1,288,2,1490,908,867,41,901,7,665,236
1,289,2,1196,848,797,51,840,8,568,272
1,290,2,620,539,501,38,531,8,407,124
1,291,2,1509,1106,994,112,1100,6,595,505
1,292,2,593,401,365,36,400,1,178,222
1,293,2,731,199,188,11,198,1,107,91
1,294,2,408,289,259,30,285,4,125,160
1,295,2,709,529,477,52,520,9,265,255
1,296,2,1281,732,708,24,726,6,584,142
1,297,2,329,152,128,24,148,4,86,62
1,298,2,1317,942,881,61,934,8,610,324
1,299,2,549,398,354,44,398,0,243,155
1,300,2,329,237,208,29,235,2,143,92
1,301,2,1335,896,780,116,891,5,475,416
1,302,2,588,435,374,61,434,1,172,262
1,303,2,1896,875,848,27,865,10,698,167
1,304,2,1140,765,708,57,760,5,515,245
1,305,2,814,471,426,45,461,10,294,167
1,306,2,385,249,217,32,244,5,162,82
1,307,2,962,737,640,97,729,8,439,290
1,308,2,476,326,275,51,320,6,211,109
1,309,2,241,192,167,25,191,1,103,88
1,310,2,211,185,163,22,185,0,59,126
1,311,2,978,685,600,85,680,5,432,248
1,312,2,253,185,158,27,184,1,146,38
1,313,2,1080,781,722,59,773,8,549,224
1,314,2,1023,840,764,76,821,19,225,596
1,315,2,631,513,484,29,508,5,364,144
1,316,2,413,346,309,37,345,1,247,98
1,317,2,460,400,350,50,398,2,277,121
1,318,2,477,432,372,60,428,4,273,155
1,319,2,1663,850,782,68,843,7,282,561
1,320,2,830,516,449,67,514,2,127,387
1,321,2,356,190,155,35,190,0,86,104
1,322,2,1375,990,925,65,978,12,461,517
1,323,2,1318,972,910,62,964,8,519,445
1,324,2,1259,859,825,34,854,5,455,399
1,325,2,940,746,618,128,739,7,408,331
1,326,2,205,202,160,42,200,2,164,36
1,327,2,241,187,169,18,186,1,97,89
1,328,2,223,217,175,42,215,2,134,81
1,329,2,1500,1327,987,340,1320,7,540,780
1,330,2,1201,929,815,114,925,4,604,321
1,331,2,322,260,213,47,260,0,168,92
1,332,2,253,250,215,35,243,7,138,105
1,333,2,353,338,244,94,337,1,190,147
1,334,2,384,337,267,70,334,3,161,173
1,335,2,203,182,153,29,182,0,116,66
1,336,2,1179,586,562,24,580,6,404,176
1,337,2,1265,817,762,55,809,8,353,456
1,338,2,384,309,299,10,302,7,229,73
1,339,2,221,200,182,18,199,1,158,41
1,340,2,210,175,151,24,174,1,97,77
1,341,2,528,481,419,62,478,3,309,169
1,342,2,907,402,382,20,385,17,223,162
1,343,2,934,550,515,35,536,14,407,129
1,344,2,2271,1493,1377,116,1482,11,685,797
1,345,2,1266,595,544,51,590,5,278,312
1,346,2,364,164,150,14,157,7,77,80
2,1,2,1575,1156,956,200,1147,9,402,745
2,2,2,2208,1628,1501,127,1612,16,652,960
2,3,2,1521,1405,1043,362,1400,5,539,861
2,4,2,1713,1244,1140,104,1242,2,420,822
2,5,2,1367,1019,936,83,1013,6,333,680
2,6,2,2003,1406,1316,90,1392,14,506,886
2,7,2,1532,1124,1045,79,1116,8,444,672
2,8,2,2006,1572,1305,267,1558,14,559,999
2,9,2,1210,903,754,149,900,3,357,543
2,10,2,1884,1352,1229,123,1344,8,616,728
2,11,2,2023,1672,1358,314,1667,5,685,982
2,12,2,1304,943,901,42,936,7,398,538
2,13,2,1473,1077,1028,49,1074,3,506,568
2,14,2,2159,1184,1089,95,1176,8,476,700
2,15,2,1106,973,799,174,971,2,358,613
2,16,2,1177,970,861,109,966,4,342,624
2,17,2,3001,2041,1927,114,2032,9,637,1395
2,18,2,2199,1495,1367,128,1488,7,445,1043
2,19,2,1713,1284,1034,250,1278,6,427,851
2,20,2,2389,1653,1545,108,1645,8,569,1076
2,21,2,2179,1484,1348,136,1471,13,501,970
2,22,2,1934,1259,1141,118,1251,8,412,839
2,23,2,1319,845,746,99,843,2,232,611
2,24,2,1754,1229,1103,126,1220,9,427,793
2,25,2,1876,1198,1102,96,1188,10,423,765
2,26,2,1932,1196,1117,79,1192,4,407,785
2,27,2,2037,1541,1192,349,1525,16,695,830
2,28,2,2634,1774,1640,134,1768,6,577,1191
2,29,2,1741,1179,1141,38,1169,10,470,699
2,30,2,1662,1115,1092,23,1111,4,396,715
2,31,2,1381,952,848,104,946,6,351,595
2,32,2,1575,1131,984,147,1126,5,399,727
2,33,2,2286,1655,1630,25,1646,9,682,964
2,34,2,1143,855,766,89,842,13,369,473
2,35,2,1733,1135,1010,125,1128,7,386,742
2,36,2,1771,1264,1152,112,1259,5,409,850
2,37,2,1868,1403,1300,103,1397,6,500,897
2,38,2,1660,1099,1047,52,1090,9,349,741
2,39,2,1488,1029,909,120,1020,9,324,696
2,40,2,1401,1070,1034,36,1060,10,353,707
2,41,2,1677,1056,963,93,1052,4,361,691
2,42,2,1792,1146,1020,126,1135,11,456,679
2,43,2,1407,841,789,52,838,3,298,540
2,44,2,1646,1078,973,105,1070,8,342,728
2,45,2,1523,1058,971,87,1038,20,336,702
2,46,2,1366,1274,1123,151,1264,10,402,862
2,47,2,1792,1223,1165,58,1209,14,475,734
2,48,2,1657,1171,1055,116,1155,16,396,759
2,49,2,1489,881,793,88,868,13,287,581
2,50,2,2400,1492,1179,313,1479,13,541,938
2,51,2,1628,1056,988,68,1049,7,411,638
2,52,2,1582,1204,960,244,1196,8,343,853
2,53,2,2624,1670,1552,118,1665,5,546,1119
2,54,2,1394,981,867,114,977,4,359,618
2,55,2,1563,1162,1046,116,1157,5,396,761
2,56,2,1828,1116,1055,61,1109,7,324,785
2,57,2,1541,946,775,171,937,9,312,625
2,58,2,1701,1058,989,69,1055,3,365,690
2,59,2,2217,1483,1232,251,1455,28,330,1125
2,60,2,1272,1397,1069,328,1393,4,213,1180
2,61,2,1569,1073,831,242,1064,9,263,801
2,62,2,2412,1855,1442,413,1835,20,504,1331
2,63,2,2363,1607,1415,192,1589,18,476,1113
2,64,2,2236,1224,1191,33,1214,10,284,930
2,65,2,1655,1123,1025,98,1119,4,310,809
2,66,2,2538,1824,1552,272,1811,13,508,1303
2,67,2,1269,1023,883,140,1021,2,277,744
2,68,2,1547,1232,962,270,1218,14,355,863
2,69,2,2398,1630,1523,107,1614,16,498,1116
2,70,2,2126,1416,1262,154,1409,7,378,1031
2,71,2,1763,1129,990,139,1114,15,247,867
2,72,2,1732,1107,939,168,1101,6,347,754
2,73,2,1523,980,853,127,966,14,278,688
2,74,2,1449,1028,942,86,1017,11,315,702
2,75,2,1560,1115,1019,96,1108,7,383,725
2,76,2,1533,1215,1072,143,1209,6,369,840
2,77,2,1464,1123,929,194,1117,6,398,719
2,78,2,842,561,497,64,554,7,156,398
2,79,2,1541,1051,979,72,1043,8,282,761
2,80,2,1555,1012,957,55,1003,9,442,561
2,81,2,1453,1045,881,164,1036,9,476,560
2,82,2,1579,912,796,116,901,11,267,634
2,83,2,2738,1720,1500,220,1715,5,601,1114
2,84,2,1535,1065,944,121,1055,10,519,536
2,85,2,1474,1065,890,175,1052,13,422,630
2,86,2,2258,1525,1394,131,1520,5,685,835
2,87,2,1862,1425,1152,273,1414,11,541,873
2,88,2,1553,1079,950,129,1073,6,164,909
2,89,2,1603,1019,903,116,1004,15,521,483
2,90,2,2067,1553,1396,157,1540,13,706,834
2,91,2,2069,1503,1433,70,1484,19,752,732
2,92,2,1788,1268,1158,110,1247,21,538,709
2,93,2,1409,1292,1209,83,1275,17,31,1244
2,94,2,2654,1796,1569,227,1787,9,1096,691
2,95,2,1986,1167,1078,89,1161,6,564,597
2,96,2,1746,1073,971,102,1065,8,561,504
2,97,2,1408,833,771,62,826,6,465,361
2,98,2,625,438,359,79,431,7,182,249
2,99,2,1674,1197,993,204,1185,12,493,692
2,100,2,1511,1239,962,277,1195,15,554,641
2,101,2,1401,1024,881,143,1014,10,455,559
2,102,2,1140,769,674,95,766,3,382,384
2,103,2,688,450,386,64,449,1,149,300
2,104,2,1372,1041,768,273,1034,7,399,635
2,105,2,1114,740,595,145,727,13,251,476
2,106,2,2020,1306,1059,247,1288,18,298,990
2,107,2,2189,1240,1097,143,1228,12,319,909
2,108,2,2093,1299,1124,175,1289,10,478,811
2,109,2,1988,1181,1016,165,1164,17,534,630
2,110,2,2528,1509,1293,216,1493,16,413,1080
2,111,2,1174,909,746,163,895,14,532,363
2,112,2,1479,1037,960,77,1032,5,437,595
2,113,2,1453,1050,955,95,1048,2,508,540
2,114,2,1502,953,908,45,946,7,488,458
2,115,2,600,422,394,28,420,2,191,229
2,116,2,467,365,344,21,353,12,168,185
2,117,2,1877,1139,1054,85,1123,16,613,510
2,118,2,507,461,437,24,461,0,164,297
2,119,2,1833,1418,1395,23,1410,8,1148,262
2,120,2,786,745,694,51,744,1,598,146
2,121,2,334,298,288,10,297,1,259,38
2,122,2,567,453,436,17,449,4,303,146
2,123,2,863,623,596,27,612,11,425,187
2,124,2,417,373,313,60,372,1,226,146
2,125,2,552,411,368,43,410,1,209,201
2,126,2,163,155,122,33,155,0,94,61
2,127,2,1575,1186,1120,66,1179,7,606,573
2,128,2,689,571,526,45,561,10,318,243
2,129,2,196,158,144,14,154,4,51,103
2,130,2,465,442,406,36,440,2,343,97
2,131,2,906,572,505,67,562,10,331,231
2,132,2,816,613,514,99,607,6,320,287
2,133,2,1013,756,707,49,752,4,448,304
2,134,2,635,469,437,32,466,3,298,168
2,135,2,1020,725,617,108,719,6,321,398
2,136,2,373,266,229,37,260,6,111,149
2,137,2,324,222,204,18,217,5,96,121
2,138,2,274,200,187,13,198,2,87,111
2,139,2,214,129,117,12,126,3,63,63
2,140,2,441,283,265,18,277,6,116,161
2,141,2,1507,955,923,32,949,6,618,331
2,142,2,705,516,468,48,509,7,287,222
2,143,2,377,338,321,17,337,1,246,91
2,144,2,394,377,354,23,372,5,166,206
2,145,2,685,461,438,23,456,5,319,137
2,146,2,443,270,249,21,263,7,145,118
2,147,2,1763,1358,1285,73,1348,10,690,658
2,148,2,739,480,462,18,475,5,327,148
2,149,2,486,356,333,23,353,3,198,155
2,150,2,657,550,514,36,548,2,315,233
2,151,2,429,354,320,34,352,2,187,165
2,152,2,1634,1179,1111,68,1166,13,701,465
2,153,2,790,582,546,36,573,9,430,143
2,154,2,893,607,545,62,593,14,316,277
2,155,2,457,289,267,22,288,1,190,98
2,156,2,150,46,44,2,45,1,34,11
2,157,2,423,298,251,47,295,3,132,163
2,158,2,314,271,236,35,270,1,183,87
2,159,2,367,373,306,67,366,7,238,128
2,160,2,331,263,209,54,260,3,144,116
2,161,2,363,322,272,50,319,3,188,131
2,162,2,1893,1261,1154,107,1243,18,604,639
2,163,2,920,625,574,51,625,0,444,181
2,164,2,548,372,342,30,370,2,288,82
2,165,2,474,277,259,18,266,11,190,76
2,166,2,372,197,192,5,195,2,124,71
2,167,2,509,346,311,35,344,2,234,110
2,168,2,989,720,592,128,711,9,383,328
2,169,2,332,273,253,20,270,3,193,77
2,170,2,711,577,539,38,573,4,303,270
2,171,2,450,298,276,22,295,3,195,100
2,172,2,351,263,227,36,261,2,141,120
2,173,2,1866,1368,1156,212,1352,16,582,770
2,174,2,1288,960,836,124,944,16,470,474
2,175,2,372,334,276,58,332,2,191,141
2,176,2,1504,1046,931,115,1029,17,433,596
2,177,2,674,473,442,31,468,5,231,237
2,178,2,1128,871,816,55,860,11,460,400
2,179,2,603,416,394,22,407,9,269,138
2,180,2,1571,993,860,133,970,23,267,703
2,181,2,1154,848,786,62,833,15,385,448
2,182,2,621,536,474,62,528,8,243,285
2,183,2,962,789,703,86,778,11,482,296
2,184,2,873,632,546,86,625,7,374,251
2,185,2,2094,1518,1379,139,1502,16,857,645
2,186,2,631,471,429,42,463,8,201,262
2,187,2,460,307,274,33,304,3,180,124
2,188,2,594,336,320,16,334,2,243,91
2,189,2,1829,772,738,34,765,7,516,249
2,190,2,980,488,473,15,482,6,331,151
2,191,2,494,332,329,3,326,6,279,47
2,192,2,1111,600,572,28,594,6,467,127
2,193,2,537,390,384,6,382,8,267,115
2,194,2,777,497,468,29,489,8,354,135
2,195,2,564,485,477,8,484,1,383,101
2,196,2,353,237,214,23,235,2,166,69
2,197,2,318,231,211,20,227,4,141,86
2,198,2,1408,1169,1012,157,1150,19,195,955
2,199,2,332,306,266,40,305,1,17,288
2,200,2,974,684,604,80,676,8,358,318
2,201,2,1037,735,674,61,708,27,183,525
2,202,2,1636,1087,957,130,1081,6,452,629
2,203,2,1470,1044,912,132,1034,10,528,506
2,204,2,874,648,426,222,642,6,193,449
2,205,2,890,737,673,64,725,12,456,269
2,206,2,770,700,665,35,695,5,10,685
2,207,2,1102,925,864,61,915,10,225,690
2,208,2,697,577,461,116,566,11,251,315
2,209,2,257,259,218,41,254,5,146,108
2,210,2,1261,1005,963,42,994,11,319,675
2,211,2,299,249,234,15,244,5,176,68
2,212,2,1582,1025,915,110,1011,14,372,639
2,213,2,322,260,224,36,256,4,161,95
2,214,2,1249,838,775,63,828,10,337,491
2,215,2,1769,1290,1097,193,1273,17,466,807
2,216,2,1844,1166,1036,130,1151,15,445,706
2,217,2,1869,1208,1024,184,1190,18,258,932
2,218,2,1593,1401,1153,248,1386,15,123,1263
2,219,2,1623,1134,1007,127,1130,4,39,1091
2,220,2,902,840,674,166,830,10,158,672
2,221,2,186,258,176,82,248,10,25,223
2,222,2,770,584,438,146,579,5,220,359
2,223,2,849,819,705,114,811,8,80,731
2,224,2,578,483,427,56,474,9,251,223
2,225,2,196,156,140,16,150,6,103,47
2,226,2,281,240,227,13,235,5,141,94
2,227,2,453,290,260,30,290,0,202,88
2,228,2,671,622,536,86,615,7,439,176
2,229,2,654,595,476,119,579,16,346,233
2,230,2,1030,557,518,39,555,2,353,202
2,231,2,530,419,405,14,415,4,343,72
2,232,2,1540,1041,907,134,1033,8,515,518
2,233,2,218,173,156,17,172,1,101,71
2,234,2,188,142,131,11,135,7,68,67
2,235,2,482,333,317,16,330,3,181,149
2,236,2,319,248,216,32,248,0,161,87
2,237,2,1423,992,879,113,982,10,535,447
2,238,2,670,586,471,115,579,7,304,275
2,239,2,439,419,350,69,416,3,219,197
2,240,2,1388,942,790,152,926,16,245,681
2,241,2,1601,1024,992,32,1016,8,628,388
2,242,2,1084,588,510,78,588,0,301,287
2,243,2,1425,893,796,97,879,14,296,583
2,244,2,1347,959,810,149,944,15,428,516
2,245,2,912,701,655,46,693,8,367,326
2,246,2,726,635,619,16,623,12,46,577
2,247,2,1125,778,751,27,769,9,114,655
2,248,2,2617,1696,1325,371,1679,17,893,786
2,249,2,1313,910,672,238,893,17,246,647
2,250,2,2512,1829,1612,217,1817,12,1044,773
2,251,2,1051,717,475,242,705,12,252,453
2,252,2,814,583,470,113,571,12,367,204
2,253,2,1622,1157,966,191,1149,8,649,500
2,254,2,1361,1087,999,88,1075,12,503,572
2,255,2,420,333,310,23,327,6,209,118
2,256,2,348,285,251,34,272,13,127,145
2,257,2,415,314,278,36,309,5,214,95
2,258,2,209,206,175,31,206,0,116,90
2,259,2,1047,816,642,174,804,12,488,316
2,260,2,948,733,548,185,720,13,431,289
2,261,2,946,647,589,58,634,13,392,242
2,262,2,1095,660,617,43,652,8,401,251
2,263,2,2079,1673,1601,72,1673,0,919,754
2,264,2,835,667,627,40,659,8,468,191
2,265,2,1172,839,802,37,833,6,562,271
2,266,2,875,536,445,91,536,0,246,290
2,267,2,1469,990,886,104,977,13,466,511
2,268,2,1443,861,784,77,856,5,478,378
2,269,2,1860,985,863,122,963,20,455,508
2,270,2,1973,1129,927,202,1114,15,484,630
2,271,2,1588,966,856,110,959,7,405,554
2,272,2,795,697,644,53,693,4,459,234
2,273,2,228,198,165,33,194,4,84,110
2,274,2,45,52,33,19,51,1,31,20
2,275,2,1353,903,851,52,894,9,297,597
2,276,2,458,448,395,53,446,2,9,437
2,277,2,749,473,408,65,464,9,274,190
2,278,2,230,136,118,18,129,7,70,59
2,279,2,184,148,128,20,138,10,83,55
2,280,2,839,390,332,58,384,6,120,264
2,281,2,1454,1097,982,115,1090,7,465,625
2,282,2,661,517,400,117,508,9,243,265
2,283,2,357,302,251,51,298,4,180,118
2,284,2,947,609,568,41,599,10,340,259
2,285,2,500,365,324,41,363,2,216,147
2,286,2,903,629,568,61,544,85,211,333
2,287,2,376,277,237,40,273,4,90,183
2,288,2,174,134,97,37,134,0,57,77
2,289,2,254,222,189,33,219,3,127,92
2,290,2,115,94,71,23,92,2,50,42
2,291,2,66,76,42,34,76,0,52,24
2,292,2,576,360,299,61,357,3,166,191
2,293,2,387,306,268,38,302,4,148,154
2,294,2,296,233,229,4,232,1,131,101
2,295,2,226,234,195,39,229,5,112,117
2,296,2,146,161,133,28,157,4,88,69
2,297,2,1667,1310,1153,157,1198,12,262,936
2,298,2,1377,926,837,89,907,19,236,671
2,299,2,846,821,674,147,812,9,28,784
2,300,2,756,727,592,135,714,13,356,358
2,301,2,1548,925,877,48,920,5,705,215
2,302,2,946,743,699,44,738,5,490,248
2,303,2,563,502,490,12,489,13,405,84
2,304,2,1256,745,675,70,737,8,247,490
2,305,2,1495,934,781,153,927,7,341,586
2,306,2,1077,769,625,144,758,5,298,460
2,307,2,1486,949,837,112,928,21,510,418
2,308,2,853,522,476,46,517,5,246,271
2,309,2,659,500,426,74,489,11,242,247
2,310,2,1450,999,882,117,994,5,529,465
2,311,2,1002,658,621,37,651,7,400,251
2,312,2,637,544,426,118,534,10,317,217
2,313,2,1134,797,797,0,789,8,411,378
2,314,2,957,677,648,29,668,9,470,198
2,315,2,758,665,619,46,661,4,25,636
2,316,2,500,497,448,49,485,12,4,481
2,317,2,2246,1649,1517,132,1632,17,412,1220
2,318,2,1162,805,731,74,793,12,145,648
2,319,2,0,897,0,897,854,43,325,529
2,320,2,0,470,0,470,461,9,178,283
2,321,2,0,352,0,352,342,10,208,134
3,1,2,1873,1619,1379,240,1611,8,856,755
3,2,2,1338,1094,962,132,1092,2,544,548
3,3,2,1889,1280,1197,83,1275,5,744,531
3,4,2,867,703,605,98,701,2,356,345
3,5,2,1103,823,723,100,819,4,540,279
3,6,2,1747,1049,990,59,1035,14,694,341
3,7,2,1506,1201,1032,169,1188,13,825,363
3,8,2,1205,781,692,89,749,7,558,191
3,9,2,1555,820,771,49,813,7,607,206
3,10,2,1785,1287,1048,239,1277,10,923,354
3,11,2,1669,1240,982,258,1236,4,813,423
3,12,2,1898,1305,1203,102,1297,8,905,392
3,13,2,1135,864,818,46,861,3,565,296
3,14,2,1707,1247,1185,62,1242,5,769,473
3,15,2,1586,1130,1057,73,1125,5,702,423
3,16,2,999,814,727,87,811,3,462,349
3,17,2,900,703,648,55,698,5,409,289
3,18,2,1802,1255,1202,53,1251,4,712,539
3,19,2,1533,1143,1024,119,1134,9,721,413
3,20,2,2283,1623,1491,132,1615,8,1064,551
3,21,2,1761,1272,1215,57,1269,3,830,439
3,22,2,1522,942,857,85,936,6,662,274
3,23,2,2209,1286,1200,86,1282,4,942,340
3,24,2,1541,1095,973,122,1088,7,813,275
3,25,2,1697,1188,1104,84,1181,7,797,384
3,26,2,1583,1142,1013,129,1136,6,850,286
3,27,2,1608,1051,995,56,1034,17,754,280
3,28,2,1514,1159,1052,107,1154,5,780,374
3,29,2,999,786,717,69,778,8,592,186
3,30,2,1476,1039,961,78,1031,8,745,286
3,31,2,1260,652,573,79,643,9,518,125
3,32,2,1183,1058,801,257,1053,5,746,307
3,33,2,1313,900,853,47,897,3,614,283
3,34,2,1875,1271,1151,120,1266,5,903,363
3,35,2,1640,1010,913,97,1006,4,673,333
3,36,2,1043,764,702,62,762,2,550,212
3,37,2,2551,1636,1521,115,1620,16,1006,614
3,38,2,1270,938,886,52,933,5,572,361
3,39,2,1551,1121,1087,34,1119,2,631,488
3,40,2,1538,1122,989,133,1114,8,727,387
3,41,2,1786,1387,1329,58,1385,2,804,581
3,42,2,1349,1143,940,203,1138,5,704,434
3,43,2,1551,1256,1188,68,1251,5,710,541
3,44,2,682,572,504,68,570,2,338,232
3,45,2,508,382,362,20,379,3,292,87
3,46,2,1996,1442,1392,50,1437,5,864,573
3,47,2,1567,1075,1018,57,1073,2,597,476
3,48,2,2313,1612,1560,52,1608,4,818,790
3,49,2,1404,952,917,35,950,2,494,456
3,50,2,1095,834,780,54,833,1,337,496
3,51,2,1772,1228,1088,140,1221,7,807,414
3,52,2,2043,1299,1226,73,1288,11,858,430
3,53,2,1202,798,762,36,794,4,579,215
3,54,2,1258,822,777,45,820,2,573,247
3,55,2,2127,1618,1536,82,1615,3,1163,452
3,56,2,2219,1528,1423,105,1520,8,1079,441
3,57,2,2525,2060,1619,441,2049,11,1441,608
3,58,2,1376,996,929,67,986,10,730,256
3,59,2,1030,769,733,36,766,3,576,190
3,60,2,909,685,605,80,682,3,422,260
3,61,2,2612,1864,1771,93,1855,9,1093,762
3,62,2,987,724,682,42,723,1,445,278
3,63,2,1484,1033,989,44,1023,10,656,367
3,64,2,1350,1010,993,17,1002,8,594,408
3,65,2,1626,1159,1031,128,1154,5,731,423
3,66,2,1843,1364,1201,163,1361,3,939,422
3,67,2,1824,1304,1067,237,1287,17,943,344
3,68,2,1020,678,571,107,675,3,478,197
3,69,2,2046,1568,1423,145,1559,9,984,575
3,70,2,2063,1461,1294,167,1454,7,963,491
3,71,2,2138,1169,1055,114,1161,8,812,349
3,72,2,2453,1892,1777,115,1888,4,1150,738
3,73,2,1629,1072,1032,40,1065,7,694,371
3,74,2,1793,1451,1199,252,1441,10,992,449
3,75,2,2410,1498,1379,119,1489,9,943,546
3,76,2,1796,1140,1039,101,1132,8,744,388
3,77,2,1721,1319,1249,70,1312,7,846,466
3,78,2,1514,1022,966,56,1018,4,664,354
3,79,2,1788,1342,1277,65,1333,9,851,482
3,80,2,1461,1482,1320,162,1423,59,994,429
3,81,2,564,568,545,23,553,15,395,158
3,82,2,1320,977,905,72,968,9,563,405
3,83,2,1243,957,906,51,953,4,570,383
3,84,2,1620,1199,1143,56,1181,18,632,549
3,85,2,2024,1218,1098,120,1215,3,654,561
3,86,2,1389,997,896,101,996,1,532,464
3,87,2,1714,1293,994,299,1270,23,686,584
3,88,2,795,717,579,138,708,9,448,260
3,89,2,930,695,653,42,688,7,477,211
3,90,2,1341,898,848,50,890,8,554,336
3,91,2,1825,1259,1170,89,1250,9,794,456
3,92,2,1535,1197,918,279,1193,4,759,434
3,93,2,2017,1329,1283,46,1325,4,815,510
3,94,2,1696,1075,987,88,1064,11,711,353
3,95,2,1954,1373,1270,103,1364,9,832,532
3,96,2,449,318,301,17,316,2,242,74
3,97,2,1152,890,820,70,886,4,484,402
3,98,2,717,508,458,50,501,7,301,200
3,99,2,976,628,611,17,623,5,439,184
3,100,2,1097,748,671,77,741,7,538,203
3,101,2,910,661,631,30,654,7,416,238
3,102,2,555,415,388,27,414,1,306,108
3,103,2,1681,1234,1123,111,1226,8,689,537
3,104,2,1209,953,811,142,945,8,552,393
3,105,2,660,545,523,22,537,8,371,166
3,106,2,1984,1328,939,389,1316,12,916,400
3,107,2,1973,1065,893,172,1060,5,788,272
3,108,2,1640,1186,911,275,1174,12,858,316
3,109,2,1262,878,712,166,871,7,624,247
3,110,2,1738,1111,797,314,1109,2,795,314
3,111,2,1115,867,740,127,863,4,567,296
3,112,2,1086,826,642,184,821,5,572,249
3,113,2,1317,743,579,164,741,2,513,228
3,114,2,1200,940,682,258,940,0,658,282
3,115,2,1331,916,812,104,908,8,704,204
3,116,2,199,1041,137,904,1024,17,225,799
3,117,2,1350,1196,1079,117,1193,3,995,198
3,118,2,719,527,472,55,520,7,449,71
3,119,2,1068,577,507,70,575,2,394,181
3,120,2,1528,1131,1006,125,1120,11,776,344
3,121,2,1480,1050,920,130,1044,6,839,205
3,122,2,1254,875,756,119,868,7,672,196
3,123,2,926,607,557,50,604,3,464,140
3,124,2,753,541,476,65,535,6,452,83
3,125,2,645,444,408,36,442,2,379,63
3,126,2,635,416,372,44,413,3,308,105
3,127,2,1567,1134,1062,72,1127,7,764,363
3,128,2,1911,1543,1446,97,1535,8,1069,466
3,129,2,1067,797,665,132,792,5,587,205
3,130,2,1991,1498,1425,73,1484,14,1119,365
3,131,2,1774,1263,1223,40,1259,4,910,349
3,132,2,1759,1137,1080,57,1132,5,825,307
3,133,2,1199,882,848,34,877,5,640,237
3,134,2,1724,1256,1146,110,1244,7,779,465
3,135,2,2252,1492,1454,38,1482,10,990,492
3,136,2,2135,1634,1302,332,1614,20,1155,459
3,137,2,2200,1487,1440,47,1482,5,1035,447
3,138,2,746,582,558,24,572,10,478,94
3,139,2,1567,1108,1004,104,1099,9,863,236
3,140,2,554,539,395,144,535,4,369,166
3,141,2,816,672,564,108,663,9,531,132
3,142,2,550,418,384,34,410,8,333,77
3,143,2,0,265,0,265,259,6,188,71
3,144,2,1947,1497,1172,325,1485,12,995,490
3,145,2,2034,1643,1174,469,1634,9,1064,570
3,146,2,1274,1014,857,157,1000,14,766,234
3,147,2,550,486,400,86,478,8,416,62
3,148,2,1929,1362,1323,39,1348,14,1132,216
3,149,2,1611,1236,1109,127,1231,5,1063,168
3,150,2,2001,1311,1231,80,1297,14,903,394
3,151,2,1407,1007,959,48,997,10,675,322
3,152,2,1287,832,650,182,818,14,627,191
3,153,2,531,453,345,108,441,12,357,84
3,154,2,910,513,435,78,491,22,402,89
3,155,2,1597,1283,1179,104,1277,6,998,279
3,156,2,747,591,479,112,581,10,490,91
3,157,2,1182,753,715,38,744,9,580,164
3,158,2,1004,838,718,120,831,7,674,157
3,159,2,847,587,491,96,584,3,501,83
3,160,2,1147,833,707,126,827,6,642,185
3,161,2,1383,1218,765,453,1209,9,919,290
3,162,2,1038,875,602,273,865,10,675,190
3,163,2,527,383,317,66,383,0,280,103
3,164,2,408,363,307,56,360,3,299,61
3,165,2,1074,699,607,92,693,6,574,119
3,166,2,402,332,277,55,329,3,258,71
3,167,2,537,431,346,85,423,8,340,83
3,168,2,1746,1490,1337,153,1475,15,1154,321
3,169,2,1587,1155,1073,82,1147,8,1037,110
3,170,2,1434,852,793,59,842,10,720,122
3,171,2,913,732,676,56,723,9,592,131
3,172,2,934,872,788,84,868,4,763,105
3,173,2,1544,1154,1070,84,1145,9,1040,105
3,174,2,442,372,301,71,369,3,292,77
3,175,2,1022,686,605,81,679,7,465,214
3,176,2,2204,1647,1481,166,1638,9,1428,210
3,177,2,1348,808,599,209,803,5,651,152
3,178,2,869,672,576,96,662,10,501,161
3,179,2,1185,877,737,140,869,8,685,184
3,180,2,1397,856,691,165,836,20,693,143
3,181,2,2192,1143,972,171,1138,5,862,276
3,182,2,1515,881,820,61,875,6,690,185
3,183,2,696,442,369,73,442,0,352,90
3,184,2,2290,1799,1704,95,1792,7,1480,312
3,185,2,847,639,560,79,635,4,510,125
3,186,2,388,363,326,37,361,2,254,107
3,187,2,1033,803,695,108,792,11,592,200
3,188,2,1229,885,821,64,880,5,711,169
3,189,2,1511,1029,947,82,1021,8,802,219
3,190,2,578,428,369,59,423,5,303,120
3,191,2,825,668,603,65,667,1,564,103
3,192,2,423,513,334,179,502,11,316,186
3,193,2,1312,778,740,38,768,10,676,92
3,194,2,739,681,609,72,680,1,550,130
3,195,2,787,645,592,53,642,3,540,102
3,196,2,2177,1721,1647,74,1709,12,1344,365
3,197,2,1985,1091,982,109,1077,14,871,206
3,198,2,1284,963,855,108,947,16,641,306
3,199,2,987,676,593,83,667,9,566,101
3,200,2,1316,1181,1053,128,1171,10,1033,138
3,201,2,920,715,613,102,709,6,579,130
3,202,2,1208,785,676,109,778,7,659,119
3,203,2,669,575,485,90,573,2,497,76
3,204,2,1498,819,681,138,813,6,624,189
3,205,2,1682,888,717,171,872,16,680,192
3,206,2,795,431,364,67,429,2,311,118
3,207,2,1498,999,759,240,969,30,768,201
3,208,2,566,722,566,156,713,9,604,109
3,209,2,806,412,308,104,404,8,359,45
3,210,2,727,560,476,84,558,2,394,164
3,211,2,465,338,294,44,336,2,275,61
3,212,2,1527,1155,1006,149,1149,6,879,270
3,213,2,998,562,506,56,552,10,453,99
3,214,2,651,570,516,54,564,6,430,134
3,215,2,284,384,228,156,381,3,298,83
3,216,2,1392,942,887,55,933,9,761,172
3,217,2,731,532,468,64,532,0,414,118
3,218,2,231,166,148,18,165,1,139,26
3,219,2,1737,1155,1105,50,1146,9,964,182
3,220,2,2030,1447,1263,184,1420,27,1074,346
3,221,2,467,335,274,61,334,1,249,85
3,222,2,669,398,344,54,393,5,315,78
3,223,2,1091,624,561,63,620,4,478,142
3,224,2,919,438,397,41,435,3,371,64
3,225,2,558,295,273,22,291,4,233,58
3,226,2,1526,1115,1013,102,1096,17,983,113
3,227,2,1982,1281,1239,42,1269,12,1007,262
3,228,2,768,533,519,14,531,2,455,76
3,229,2,1715,889,845,44,884,5,719,165
3,230,2,908,647,526,121,646,1,550,96
3,231,2,1093,788,727,61,783,5,687,96
3,232,2,743,559,511,48,557,2,474,83
3,233,2,1527,1218,1127,91,1206,12,921,285
3,234,2,1774,1233,1168,65,1227,4,1045,182
3,235,2,809,587,500,87,586,1,536,50
3,236,2,433,305,266,39,300,2,252,48
3,237,2,452,380,272,108,377,3,342,35
3,238,2,1340,784,690,94,768,16,635,133
3,239,2,580,410,349,61,404,6,340,64
3,240,2,843,664,518,146,654,10,552,102
3,241,2,905,667,604,63,658,9,601,57
3,242,2,540,357,340,17,352,5,238,114
3,243,2,502,411,377,34,409,2,323,86
3,244,2,1624,1012,914,98,1002,10,824,178
3,245,2,1153,786,687,99,782,4,617,165
3,246,2,840,685,610,75,681,4,536,145
3,247,2,564,400,374,26,400,0,342,58
3,248,2,2583,1985,1809,176,1973,12,1331,642
3,249,2,847,725,603,122,719,6,517,202
3,250,2,775,645,541,104,632,13,474,158
3,251,2,1444,1077,917,160,1067,10,824,243
3,252,2,1410,1084,992,92,1082,2,868,214
3,253,2,1171,976,875,101,971,5,767,204
3,254,2,1605,1113,855,258,1091,22,814,277
3,255,2,757,497,393,104,492,5,387,105
3,256,2,1391,959,874,85,950,9,789,161
3,257,2,1201,843,748,95,838,5,689,149
3,258,2,670,412,380,32,409,3,328,81
3,259,2,2316,1445,1288,157,1433,12,1246,187
3,260,2,2021,1427,1053,374,1422,5,1027,395
3,261,2,1182,755,646,109,753,2,618,135
3,262,2,1141,817,669,148,808,9,549,259
3,263,2,2610,1881,1647,234,1871,10,1399,472
3,264,2,1491,1124,1018,106,1117,7,795,322
3,265,2,879,697,568,129,689,8,556,133
3,266,2,260,260,183,77,257,3,200,57
3,267,2,1264,846,705,141,840,6,681,159
3,268,2,610,545,432,113,534,11,428,106
3,269,2,1311,800,640,160,787,13,652,135
3,270,2,857,579,507,72,579,0,520,59
3,271,2,746,628,498,130,616,12,499,117
3,272,2,558,460,338,122,453,7,323,130
3,273,2,1888,1304,1182,122,1296,8,1046,250
3,274,2,1143,820,721,99,818,2,615,203
3,275,2,864,621,594,27,614,7,520,94
3,276,2,1172,760,621,139,749,11,597,152
3,277,2,800,647,543,104,639,8,530,109
3,278,2,1562,744,687,57,733,11,628,105
3,279,2,1138,666,619,47,661,5,533,128
3,280,2,1889,1111,999,112,1102,9,880,222
3,281,2,976,763,718,45,760,3,630,130
3,282,2,1441,1189,1082,107,1183,6,971,212
3,283,2,1160,710,658,52,697,13,544,153
3,284,2,401,317,289,28,315,2,260,55
3,285,2,1576,1290,1143,147,1275,15,1107,168
3,286,2,980,753,619,134,728,25,573,155
3,287,2,972,605,508,97,592,13,462,130
3,288,2,793,470,382,88,462,8,386,76
3,289,2,1537,929,774,155,920,9,699,221
3,290,2,1398,899,792,107,890,9,698,192
3,291,2,1630,1179,995,184,1166,13,946,220
3,292,2,621,406,353,53,399,7,299,100
3,293,2,1368,1136,1024,112,1126,10,879,247
3,294,2,544,426,340,86,420,6,298,122
3,295,2,915,629,566,63,622,7,510,112
3,296,2,820,580,544,36,578,2,522,56
3,297,2,935,726,683,43,718,8,606,112
3,298,2,423,365,327,38,361,4,302,59
3,299,2,1000,672,603,69,669,3,593,76
3,300,2,252,259,184,75,255,4,217,38
3,301,2,1426,1108,1033,75,1103,5,951,152
3,302,2,1371,929,825,104,921,8,722,199
3,303,2,697,488,436,52,488,0,408,80
3,304,2,1396,1057,978,79,1044,13,949,95
3,305,2,1055,787,741,46,782,5,639,143
3,306,2,1947,1431,1279,152,1422,9,1231,191
3,307,2,1010,783,713,70,770,13,640,130
3,308,2,2007,1324,1190,134,1318,6,1076,242
3,309,2,1051,718,639,79,713,5,557,156
3,310,2,1819,1232,1050,182,1218,14,902,316
3,311,2,1785,1130,988,142,1121,9,875,246
3,312,2,1317,676,608,68,664,12,539,125
3,313,2,834,782,679,103,780,2,725,55
3,314,2,1250,1002,794,208,994,8,852,142
3,315,2,1681,986,814,172,977,9,865,112
3,316,2,2881,1840,1783,57,1825,14,1508,317
3,317,2,1606,996,887,109,992,4,820,172
3,318,2,761,489,433,56,482,7,372,110
3,319,2,509,371,319,52,370,1,302,68
3,320,2,1810,1200,1063,137,1195,5,810,385
3,321,2,1000,694,609,85,691,3,593,98
3,322,2,1024,793,641,152,771,22,686,85
3,323,2,871,673,612,61,671,2,569,102
3,324,2,905,635,551,84,632,3,501,131
3,325,2,2236,1773,1671,102,1762,11,1424,338
3,326,2,1997,1730,1497,233,1719,11,1447,272
3,327,2,128,147,113,34,147,0,126,21
3,328,2,1052,740,647,93,708,9,608,100
3,329,2,477,308,279,29,305,3,260,45
3,330,2,788,734,581,153,733,1,609,124
3,331,2,907,590,468,122,585,5,496,89
3,332,2,2121,1436,1303,133,1428,8,1105,323
3,333,2,1521,1012,954,58,998,14,659,339
3,334,2,2091,1027,955,72,1017,10,804,213
3,335,2,1812,1086,967,119,1075,11,884,191
3,336,2,1321,1049,901,148,1039,10,872,167
3,337,2,1023,857,772,85,848,9,741,107
3,338,2,1334,1168,1048,120,1159,9,987,172
3,339,2,1195,797,726,71,793,4,581,212
3,340,2,1803,1085,989,96,1078,7,907,171
3,341,2,448,331,311,20,326,5,261,65
3,342,2,1737,1160,983,177,1147,13,828,319
3,343,2,1527,1023,848,175,1016,7,816,200
3,344,2,1857,1317,1200,117,1305,12,1067,238
3,345,2,1417,966,780,186,960,6,747,213
3,346,2,1736,1083,931,152,1074,9,888,186
3,347,2,360,288,229,59,286,2,249,37
3,348,2,1111,686,568,118,679,3,457,222
3,349,2,523,326,279,47,323,3,256,67
3,350,2,1267,855,701,154,843,11,605,238
3,351,2,2504,1718,1359,359,1708,10,1252,456
3,352,2,1237,748,645,103,739,9,569,170
3,353,2,2248,1394,1119,275,1375,19,1006,369
3,354,2,1021,712,646,66,702,10,562,140
3,355,2,323,218,182,36,212,6,188,24
3,356,2,644,508,454,54,504,4,394,110
3,357,2,99,96,83,13,94,2,73,21
3,358,2,1680,918,764,154,910,8,718,192
3,359,2,1075,737,660,77,728,9,624,104
3,360,2,1068,764,668,96,757,7,682,75
3,361,2,316,241,211,30,239,2,216,23
3,362,2,2569,2036,1943,93,2015,21,1744,271
3,363,2,399,91,69,22,90,1,74,16
3,364,2,519,380,303,77,378,2,329,49
3,365,2,371,297,223,74,294,3,245,49
3,366,2,906,675,521,154,666,9,569,97
3,367,2,545,508,390,118,468,40,442,26
3,368,2,1000,782,677,105,776,6,634,142
3,369,2,1605,1133,973,160,1115,18,876,239
3,370,2,1038,657,548,109,646,11,569,77
3,371,2,1486,1156,1079,77,1147,9,973,174
3,372,2,815,642,588,54,636,6,556,80
3,373,2,1008,712,670,42,703,9,600,103
3,374,2,1171,975,922,53,960,15,803,157
3,375,2,1320,1041,994,47,1028,13,775,253
3,376,2,855,661,610,51,655,6,541,114
3,377,2,729,544,518,26,541,3,404,137
3,378,2,1418,1148,964,184,1143,5,957,186
3,379,2,1382,991,843,148,976,15,801,175
3,380,2,961,773,642,131,766,7,635,131
3,381,2,2249,1445,1376,69,1440,5,1231,209
4,1,2,2131,1652,1594,58,1645,7,973,672
4,2,2,2300,1890,1817,73,1877,13,1252,625
4,3,2,1974,1499,1415,84,1484,15,847,637
4,4,2,2387,1814,1728,86,1799,15,1113,686
4,5,2,2241,1658,1573,85,1647,11,928,719
4,6,2,1906,1410,1309,101,1398,12,841,557
4,7,2,2463,1850,1644,206,1837,13,1255,582
4,8,2,2068,1589,1453,136,1580,9,1072,508
4,9,2,1812,1442,1305,137,1430,12,931,499
4,10,2,2040,1543,1424,119,1527,16,1023,504
4,11,2,1855,1341,1275,66,1304,37,867,437
4,12,2,1999,1352,1264,88,1342,10,928,414
4,13,2,1997,1316,1193,123,1292,24,791,501
4,14,2,2458,1982,1698,284,1966,16,1316,650
4,15,2,2584,1743,1645,98,1728,15,1016,712
4,16,2,2474,1846,1753,93,1834,12,1140,694
4,17,2,2288,1768,1635,133,1751,17,1160,591
4,18,2,2453,1715,1641,74,1704,11,1165,539
4,19,2,1969,1423,1389,34,1407,16,946,461
4,20,2,2005,1473,1394,79,1454,19,1032,422
4,21,2,2025,1463,1405,58,1447,16,950,497
4,22,2,2452,1971,1721,250,1952,19,1139,813
4,23,2,2157,1463,1222,241,1445,18,881,564
4,24,2,1823,1185,1108,77,1177,8,694,483
4,25,2,1767,1227,1150,77,1216,11,727,489
4,26,2,1165,873,805,68,861,12,615,246
4,27,2,2345,1631,1529,102,1605,26,1094,511
4,28,2,2912,2061,1825,236,2036,25,1510,526
4,29,2,2012,1632,1440,192,1615,17,945,670
4,30,2,2160,1653,1582,71,1638,15,965,673
4,31,2,2198,1658,1583,75,1649,9,985,664
4,32,2,1960,1421,1385,36,1404,17,848,556
4,33,2,1998,1463,1401,62,1452,11,910,542
4,34,2,2241,1575,1512,63,1559,16,990,569
4,35,2,2236,1577,1472,105,1561,16,1053,508
4,36,2,1686,1355,1174,181,1339,16,963,376
4,37,2,2115,1698,1484,214,1683,15,1140,543
4,38,2,2275,1569,1482,87,1559,10,1039,520
4,39,2,2216,1690,1611,79,1683,7,1000,683
4,40,2,2174,1862,1493,369,1851,11,1317,534
4,41,2,2089,1581,1523,58,1561,20,983,578
4,42,2,2471,1737,1670,67,1721,16,1069,652
4,43,2,2386,1815,1736,79,1805,10,1162,643
4,44,2,2371,1818,1668,150,1807,11,1183,624
4,45,2,2322,1826,1669,157,1816,10,1175,641
4,46,2,2159,1637,1535,102,1615,22,1173,442
4,47,2,2030,1519,1354,165,1509,10,983,526
4,48,2,2209,1628,1478,150,1612,16,1167,445
4,49,2,2100,1410,1310,100,1401,9,959,442
4,50,2,1802,1452,1294,158,1440,12,1014,426
4,51,2,1879,1328,1222,106,1314,14,910,404
4,52,2,1809,1227,1099,128,1207,20,826,381
4,53,2,2320,1836,1619,217,1826,10,1211,615
4,54,2,2309,1827,1570,257,1806,21,1213,593
4,55,2,2538,1810,1708,102,1794,16,1173,621
4,56,2,2247,1647,1572,75,1632,15,1091,541
4,57,2,2225,1667,1602,65,1652,15,1095,557
4,58,2,2349,1629,1507,122,1614,15,1101,513
4,59,2,2040,1381,1318,63,1365,16,888,477
4,60,2,2108,1799,1479,320,1790,9,1044,746
4,61,2,2326,1724,1637,87,1717,7,1193,524
4,62,2,2490,1673,1582,91,1659,14,1064,595
4,63,2,2037,1560,1250,310,1544,16,1033,511
4,64,2,2622,1473,1315,158,1459,14,983,476
4,65,2,2400,1641,1553,88,1623,18,1137,486
4,66,2,810,797,604,193,787,10,603,184
4,67,2,2441,1804,1648,156,1793,11,1252,541
4,68,2,2365,1728,1617,111,1718,10,1239,479
4,69,2,2221,1576,1499,77,1564,12,1146,418
4,70,2,2139,1605,1394,211,1591,14,1141,450
4,71,2,2295,1641,1382,259,1625,16,1208,417
4,72,2,2143,1484,1337,147,1470,14,1036,434
4,73,2,1871,1423,1274,149,1414,9,959,455
4,74,2,1912,1493,1285,208,1490,3,1029,461
4,75,2,1993,1531,1400,131,1520,11,1140,380
4,76,2,1704,1219,1123,96,1212,7,874,338
4,77,2,1937,1273,1213,60,1270,3,834,436
4,78,2,2421,1688,1593,95,1670,18,1225,445
4,79,2,2270,1609,1524,85,1602,7,1134,468
4,80,2,2689,1663,1524,139,1649,14,1118,531
4,81,2,2118,1549,1289,260,1534,15,1100,434
4,82,2,1751,1371,1224,147,1368,3,968,400
4,83,2,1542,1264,1109,155,1259,5,902,357
4,84,2,1310,944,865,79,941,3,679,262
4,85,2,713,583,528,55,581,2,464,117
4,86,2,597,490,393,97,486,4,403,83
4,87,2,650,514,461,53,511,3,437,74
4,88,2,2135,1457,1371,86,1432,25,1044,388
4,89,2,0,421,0,421,419,2,330,89
4,90,2,2159,1637,1572,65,1612,25,1186,426
4,91,2,2173,1860,1516,344,1847,13,1342,505
4,92,2,2115,1615,1476,139,1594,21,1123,471
4,93,2,2437,2000,1903,97,1987,13,1422,565
4,94,2,2204,1880,1717,163,1862,18,1329,533
4,95,2,1878,1421,1348,73,1405,16,1065,340
4,96,2,1426,992,951,41,982,10,815,167
4,97,2,1734,1374,1288,86,1365,9,1102,263
4,98,2,1323,1020,966,54,1015,5,741,274
4,99,2,1645,1171,1126,45,1168,3,838,330
4,100,2,1437,1081,1035,46,1070,11,754,316
4,101,2,1062,793,746,47,784,9,575,209
4,102,2,1583,1197,1100,97,1187,10,1045,142
4,103,2,1476,1180,1149,31,1169,11,1001,168
4,104,2,1244,1005,931,74,998,7,844,154
4,105,2,978,819,792,27,811,8,697,114
4,106,2,1099,835,770,65,826,9,680,146
4,107,2,1265,940,888,52,930,10,753,177
4,108,2,1435,1026,997,29,1008,18,797,211
4,109,2,1110,927,806,121,922,5,796,126
4,110,2,1535,1089,993,96,1078,11,909,169
4,111,2,1259,993,932,61,988,5,852,136
4,112,2,1755,1348,1267,81,1335,13,1109,226
4,113,2,1978,1440,1391,49,1430,10,1222,208
4,114,2,986,825,800,25,820,5,723,97
4,115,2,1132,922,892,30,906,16,818,88
4,116,2,513,445,409,36,444,1,375,69
4,117,2,872,592,568,24,587,5,528,59
4,118,2,1758,1360,1227,133,1352,8,1018,334
4,119,2,2140,1760,1435,325,1744,16,1246,498
4,120,2,1916,1325,1200,125,1305,20,1032,273
4,121,2,2056,1768,1615,153,1752,16,1288,464
4,122,2,1943,1491,1339,152,1484,7,1111,373
4,123,2,1485,988,927,61,967,21,857,110
4,124,2,1341,784,731,53,779,5,628,151
4,125,2,1536,1123,1032,91,1115,8,887,228
4,126,2,992,698,646,52,692,6,550,142
4,127,2,747,560,490,70,546,14,473,73
4,128,2,1421,1204,1096,108,1189,15,1079,110
4,129,2,958,800,764,36,791,9,730,61
4,130,2,0,160,0,160,159,1,139,20
4,131,2,1644,1450,1075,375,1441,9,956,485
4,132,2,897,737,677,60,724,13,594,130
4,133,2,1167,874,838,36,860,14,629,231
4,134,2,1690,1349,1178,171,1338,11,962,376
4,135,2,1646,1306,1236,70,1292,14,951,341
4,136,2,2395,1779,1666,113,1763,16,1256,507
4,137,2,1679,1327,1212,115,1309,18,966,343
4,138,2,1219,989,879,110,976,13,781,195
4,139,2,715,557,528,29,550,7,424,126
4,140,2,975,754,731,23,749,5,644,105
4,141,2,1869,1410,1340,70,1397,13,1191,206
4,142,2,1051,818,734,84,813,5,715,98
4,143,2,1518,1234,1158,76,1228,6,1110,118
4,144,2,512,337,306,31,336,1,222,114
4,145,2,1133,956,859,97,950,6,785,165
4,146,2,667,479,446,33,475,4,364,111
4,147,2,1860,1475,1377,98,1463,12,1296,167
4,148,2,646,573,543,30,567,6,501,66
4,149,2,1612,1431,1348,83,1412,19,1330,82
4,150,2,1369,1136,1028,108,1125,11,1041,84
4,151,2,1166,720,664,56,716,4,573,143
4,152,2,2315,1542,1410,132,1525,17,1172,353
4,153,2,1507,1067,1021,46,1030,37,870,160
4,154,2,717,474,436,38,468,6,384,84
4,155,2,1407,1015,883,132,1004,11,860,144
4,156,2,899,643,553,90,631,12,526,105
4,157,2,1519,1026,874,152,1012,14,875,137
4,158,2,1104,707,651,56,696,11,590,106
4,159,2,1296,1031,965,66,1021,10,864,157
4,160,2,1812,1249,1168,81,1242,7,1066,176
4,161,2,1218,897,808,89,884,13,761,123
4,162,2,340,287,246,41,287,0,249,38
4,163,2,1406,1027,965,62,1023,4,885,138
4,164,2,548,358,337,21,358,0,293,65
4,165,2,957,769,708,61,760,9,686,74
4,166,2,1021,768,708,60,759,9,644,115
4,167,2,1665,1253,1098,155,1244,9,999,245
4,168,2,1555,1104,891,213,1094,10,872,222
4,169,2,897,450,352,98,445,5,319,126
4,170,2,1060,754,655,99,749,5,578,171
4,171,2,1465,1094,964,130,1080,14,967,113
4,172,2,437,377,334,43,374,3,322,52
4,173,2,1163,890,831,59,886,4,737,149
4,174,2,852,602,569,33,599,3,485,114
4,175,2,717,502,486,16,500,2,433,67
4,176,2,1080,775,697,78,759,16,565,194
4,177,2,1538,986,930,56,962,24,724,238
4,178,2,509,406,358,48,398,8,318,80
4,179,2,1989,1324,1246,78,1304,20,1026,278
4,180,2,684,562,528,34,554,8,477,77
4,181,2,1395,913,843,70,901,12,765,136
4,182,2,1176,894,842,52,886,8,797,89
4,183,2,891,620,562,58,612,8,544,68
4,184,2,501,477,456,21,474,3,389,85
4,185,2,2136,1398,1241,157,1338,60,828,510
4,186,2,1064,833,739,94,809,24,560,249
4,187,2,1096,698,665,33,658,40,400,258
4,188,2,865,674,585,89,664,10,562,102
4,189,2,283,226,202,24,222,4,175,47
4,190,2,196,172,158,14,170,2,145,25
4,191,2,942,678,588,90,667,11,568,99
4,192,2,988,761,646,115,750,11,687,63
4,193,2,442,287,238,49,285,2,211,74
4,194,2,937,728,642,86,727,1,713,14
4,195,2,987,855,707,148,844,11,724,120
4,196,2,1053,773,644,129,763,10,640,123
4,197,2,819,586,511,75,580,6,487,93
4,198,2,695,575,525,50,571,4,518,53
4,199,2,867,758,680,78,747,11,644,103
4,200,2,383,294,247,47,286,8,241,45
4,201,2,602,454,394,60,450,4,385,65
4,202,2,598,507,458,49,507,0,412,95
4,203,2,1996,1605,1327,278,1596,9,1294,302
4,204,2,1494,1241,1034,207,1220,21,1038,182
4,205,2,519,445,366,79,442,3,380,62
4,206,2,1426,1162,1041,121,1149,13,997,152
4,207,2,900,600,554,46,594,6,477,117
4,208,2,2171,1473,1363,110,1448,25,808,640
4,209,2,1907,1275,1140,135,1225,50,721,504
4,210,2,747,620,574,46,610,10,517,93
4,211,2,668,464,411,53,461,3,349,112
4,212,2,581,468,396,72,463,5,370,93
4,213,2,816,580,507,73,575,5,458,117
4,214,2,742,633,492,141,632,1,510,122
4,215,2,913,679,616,63,672,7,542,130
4,216,2,680,484,431,53,480,4,410,70
4,217,2,476,393,371,22,392,1,335,57
4,218,2,716,620,476,144,616,4,531,85
4,219,2,822,594,484,110,585,9,511,74
4,220,2,558,480,385,95,476,4,411,65
4,221,2,873,691,643,48,683,8,60,623
4,222,2,1899,1438,1330,108,1412,26,303,1109
4,223,2,735,599,542,57,595,4,367,228
4,224,2,232,230,206,24,226,4,183,43
4,225,2,1300,851,702,149,846,5,603,243
4,226,2,1139,655,602,53,643,12,438,205
4,227,2,1783,1143,941,202,1126,17,737,389
4,228,2,1762,1160,1071,89,1150,10,1006,144
4,229,2,1404,1020,900,120,1010,10,861,149
4,230,2,1144,1360,1144,216,1342,18,1177,165
4,231,2,890,695,611,84,694,1,591,103
4,232,2,1084,888,776,112,875,13,726,149
4,233,2,710,598,543,55,594,4,501,93
4,234,2,1570,1135,902,233,1116,19,957,159
4,235,2,1418,916,829,87,904,12,758,146
4,236,2,1607,1148,1009,139,1128,20,947,181
4,237,2,1048,735,632,103,730,5,525,205
4,238,2,1218,820,723,97,805,15,555,250
4,239,2,1331,915,823,92,906,9,704,202
4,240,2,798,601,546,55,600,1,509,91
4,241,2,718,561,450,111,549,12,475,74
4,242,2,1079,795,695,100,783,12,684,99
4,243,2,418,312,280,32,311,1,281,30
4,244,2,216,200,171,29,200,0,179,21
4,245,2,403,399,330,69,396,3,349,47
4,246,2,1197,800,729,71,796,4,654,142
4,247,2,1094,811,716,95,799,12,597,202
4,248,2,1027,810,667,143,794,16,605,189
4,249,2,586,457,392,65,450,7,342,108
4,250,2,514,395,340,55,387,8,294,93
4,251,2,544,427,366,61,417,10,341,76
4,252,2,746,425,363,62,422,3,368,54
4,253,2,646,522,468,54,511,11,411,100
4,254,2,761,631,609,22,626,5,540,86
4,255,2,601,471,420,51,465,6,422,43
4,256,2,345,322,291,31,321,1,271,50
4,257,2,635,520,491,29,517,3,420,97
4,258,2,666,523,479,44,520,3,456,64
4,259,2,2102,1648,1364,284,1596,52,886,710
4,260,2,1490,1090,958,132,1059,31,529,530
4,261,2,2014,1458,1413,45,1451,7,1222,229
4,262,2,1533,994,965,29,981,13,860,121
4,263,2,1990,1328,1159,169,1303,25,899,404
4,264,2,402,463,402,61,453,10,307,146
4,265,2,2076,1478,1397,81,1472,6,1319,153
4,266,2,1559,1135,1106,29,1131,4,1051,80
4,267,2,613,438,421,17,434,4,364,70
4,268,2,2107,1411,1295,116,1381,30,723,658
4,269,2,1082,756,730,26,747,9,502,245
4,270,2,1141,721,671,50,712,9,386,326
4,271,2,989,654,611,43,641,13,516,125
4,272,2,810,673,521,152,664,9,569,95
4,273,2,544,364,292,72,362,2,324,38
4,274,2,641,534,427,107,524,10,476,48
4,275,2,557,497,348,149,484,13,397,87
4,276,2,407,317,240,77,311,6,245,66
4,277,2,984,814,682,132,812,2,673,139
4,278,2,863,761,569,192,749,12,553,196
4,279,2,2179,1500,1226,274,1470,30,893,577
4,280,2,954,653,582,71,635,18,276,359
4,281,2,1823,1110,974,136,1084,26,642,442
4,282,2,705,391,328,63,379,12,283,96
4,283,2,1406,903,738,165,883,20,640,243
4,284,2,1666,1284,1190,94,1274,10,1101,173
4,285,2,1537,1160,1071,89,1151,9,954,197
4,286,2,1232,884,834,50,879,5,775,104
4,287,2,945,705,685,20,699,6,627,72
4,288,2,734,608,600,8,598,10,515,83
4,289,2,399,359,321,38,352,7,293,59
4,290,2,279,302,222,80,298,4,216,82
4,291,2,660,530,452,78,527,3,421,106
4,292,2,509,437,384,53,434,3,383,51
4,293,2,1693,1051,925,126,1042,9,815,227
4,294,2,1304,699,623,76,690,9,585,105
4,295,2,1170,1080,981,99,1073,7,998,75
4,296,2,1535,1231,1133,98,1213,18,1121,92
4,297,2,134,103,85,18,103,0,65,38
4,298,2,880,673,565,108,667,6,413,254
4,299,2,747,502,429,73,494,8,352,142
4,300,2,549,276,244,32,275,1,244,31
4,301,2,628,473,451,22,465,8,360,105
4,302,2,414,478,414,64,472,6,386,86
4,303,2,573,447,363,84,440,7,404,36
4,304,2,590,454,383,71,453,1,392,61
4,305,2,213,196,165,31,188,8,149,39
4,306,2,1910,1055,895,160,1040,15,863,177
4,307,2,1191,739,598,141,729,10,585,144
4,308,2,1135,867,780,87,856,11,696,160
4,309,2,2054,1406,1337,69,1379,27,1058,321
4,310,2,1655,1072,999,73,1065,7,893,172
4,311,2,748,547,486,61,545,2,426,119
4,312,2,2141,1405,1338,67,1389,16,1131,258
4,313,2,602,539,526,13,537,2,497,40
4,314,2,1130,904,790,114,895,9,738,157
4,315,2,1211,975,880,95,958,17,851,107
4,316,2,1944,1547,1337,210,1533,14,1255,278
4,317,2,920,704,567,137,691,13,550,141
4,318,2,601,525,465,60,520,5,414,106
4,319,2,420,353,310,43,348,5,292,56
4,320,2,1647,1185,1081,104,1177,8,980,197
4,321,2,816,618,580,38,614,4,550,64
4,322,2,773,726,657,69,724,2,640,84
4,323,2,1045,931,782,149,927,4,798,129
4,324,2,979,829,763,66,821,8,765,56
4,325,2,1324,1221,938,283,1212,9,992,220
4,326,2,1004,743,663,80,739,4,670,69
4,327,2,1626,1283,933,350,1267,16,935,332
4,328,2,471,326,271,55,321,5,256,65
4,329,2,560,521,357,164,509,12,353,156
4,330,2,1292,848,595,253,822,26,585,237
4,331,2,1425,878,784,94,867,11,686,181
4,332,2,54,57,46,11,52,5,42,10
4,333,2,475,302,280,22,294,8,245,49
4,334,2,778,576,480,96,566,10,490,76
4,335,2,905,601,531,70,596,5,515,81
4,336,2,738,592,515,77,587,5,482,105
4,337,2,298,231,205,26,226,5,192,34
4,338,2,312,252,217,35,250,2,198,52
4,339,2,1644,1503,1293,210,1482,21,1186,296
4,340,2,1549,1407,1261,146,1396,11,1194,202
4,341,2,1200,868,777,91,858,10,631,227
4,342,2,1217,811,766,45,802,9,607,195
4,343,2,927,874,682,192,866,8,648,218
4,344,2,533,464,408,56,463,1,425,38
4,345,2,1179,960,852,108,952,8,742,210
4,346,2,660,577,523,54,574,3,492,82
4,347,2,739,487,441,46,476,11,423,53
4,348,2,312,231,214,17,231,0,172,59
4,349,2,1773,1269,1085,184,1252,17,1011,241
4,350,2,845,732,604,128,731,1,612,119
4,351,2,1517,1264,1140,124,1254,10,1046,208
4,352,2,752,723,623,100,720,3,592,128
4,353,2,754,618,471,147,606,12,482,124
4,354,2,425,413,346,67,409,4,346,63
4,355,2,985,805,674,131,788,17,673,115
4,356,2,461,483,415,68,476,7,388,88
4,357,2,1243,973,930,43,969,4,859,110
4,358,2,645,470,452,18,464,6,405,59
4,359,2,1040,762,731,31,757,5,637,120
4,360,2,832,540,488,52,529,11,452,77
4,361,2,382,370,309,61,362,7,314,48
4,362,2,361,295,237,58,295,0,255,40
4,363,2,1577,1050,898,152,1040,10,917,123
4,364,2,1126,766,718,48,760,6,629,131
4,365,2,388,320,304,16,319,1,283,36
4,366,2,650,540,511,29,540,0,507,33
4,367,2,354,437,354,83,435,2,322,113
4,368,2,602,548,435,113,546,2,374,172
4,369,2,518,431,383,48,429,2,361,68
4,370,2,428,362,323,39,361,1,283,78
4,371,2,431,447,368,79,445,2,380,65
4,372,2,475,403,371,32,399,4,331,68
4,373,2,808,591,491,100,581,10,496,85
4,374,2,1129,861,773,88,858,3,693,165
4,375,2,1732,1196,1081,115,1168,28,983,185
4,376,2,2014,1318,1140,178,1284,34,897,387
4,377,2,603,553,494,59,548,5,466,82
4,378,2,777,676,598,78,666,10,589,77
4,379,2,659,491,453,38,489,2,433,56
4,380,2,1505,1051,1008,43,1036,15,844,192
4,381,2,1340,952,930,22,934,18,757,177
4,382,2,997,761,709,52,755,6,559,196
4,383,2,1543,1092,898,194,1081,11,765,316
4,384,2,1917,1370,1091,279,1348,22,940,408
4,385,2,404,290,258,32,285,5,187,98
4,386,2,650,592,538,54,589,3,524,65
4,387,2,452,324,296,28,317,7,250,67
4,388,2,489,377,302,75,367,10,293,74
4,389,2,534,483,375,108,479,4,416,63
4,390,2,1630,1139,1023,116,1127,12,837,290
4,391,2,1199,900,799,101,892,8,795,97
4,392,2,645,465,414,51,462,3,363,99
4,393,2,632,505,442,63,501,4,390,111
4,394,2,695,459,387,72,457,2,392,65
4,395,2,522,372,326,46,368,4,284,84
4,396,2,424,330,286,44,325,5,246,79
4,397,2,455,396,347,49,390,6,359,31
4,398,2,623,413,366,47,409,4,365,44
4,399,2,290,223,198,25,222,1,215,7
4,400,2,926,708,618,90,701,7,626,75
4,401,2,1770,1489,1300,189,1477,12,1363,114
4,402,2,640,552,524,28,546,6,508,38
4,403,2,0,1112,0,1112,1096,16,328,768
4,404,2,0,205,0,205,202,3,165,37
4,405,2,0,550,0,550,537,13,346,191
4,406,2,0,178,0,178,174,4,105,69
4,407,2,0,94,0,94,91,3,53,38
4,408,2,0,732,0,732,721,11,464,257
4,409,2,0,134,0,134,134,0,88,46
4,410,2,0,755,0,755,747,8,421,326
5,1,2,1439,957,897,60,952,5,259,693
5,2,2,1139,678,654,24,673,5,251,422
5,3,2,830,515,501,14,508,7,148,360
5,4,2,1091,736,714,22,725,11,214,511
5,5,2,1165,804,753,51,793,11,283,510
5,6,2,1144,807,772,35,805,2,240,565
5,7,2,815,373,328,45,372,1,94,278
5,8,2,1304,1104,1034,70,1103,1,363,740
5,9,2,2075,1250,1171,79,1240,10,432,808
5,10,2,1486,924,782,142,915,9,307,608
5,11,2,744,579,508,71,574,5,225,349
5,12,2,904,608,535,73,605,3,193,412
5,13,2,1553,1142,1074,68,1136,6,464,672
5,14,2,1080,715,656,59,710,5,252,458
5,15,2,926,676,638,38,673,3,190,483
5,16,2,1299,923,813,110,921,2,384,537
5,17,2,1275,889,840,49,887,2,383,504
5,18,2,1651,1075,1041,34,1063,12,440,623
5,19,2,1392,1019,989,30,1014,5,339,675
5,20,2,1580,1070,968,102,1067,3,352,715
5,21,2,1127,793,739,54,787,6,248,539
5,22,2,1580,1145,1095,50,1143,2,388,755
5,23,2,1719,1305,1244,61,1298,7,495,803
5,24,2,1771,1300,1091,209,1282,18,385,897
5,25,2,1729,1117,1104,13,1112,5,443,669
5,26,2,1757,1214,1178,36,1213,1,410,803
5,27,2,1575,1224,1106,118,1217,7,401,816
5,28,2,1080,774,677,97,772,2,285,487
5,29,2,1800,1184,1139,45,1170,14,426,744
5,30,2,1939,1372,1282,90,1364,8,445,919
5,31,2,1853,1284,1211,73,1274,10,436,838
5,32,2,1375,658,627,31,655,3,226,429
5,33,2,2022,1106,1084,22,1101,5,402,699
5,34,2,1318,965,911,54,962,3,326,636
5,35,2,1933,1395,1198,197,1385,10,458,927
5,36,2,1493,1043,998,45,1041,2,341,700
5,37,2,1698,1153,1112,41,1151,2,358,793
5,38,2,1124,789,726,63,782,7,211,571
5,39,2,1571,1098,1063,35,1096,2,382,714
5,40,2,1398,912,888,24,902,10,282,620
5,41,2,1021,704,653,51,698,6,205,493
5,42,2,2352,1456,1384,72,1447,9,466,981
5,43,2,1779,1182,1072,110,1173,9,424,749
5,44,2,1244,822,748,74,813,9,344,469
5,45,2,1136,806,755,51,800,6,290,510
5,46,2,1842,1250,1183,67,1245,5,479,766
5,47,2,1024,738,697,41,733,5,235,498
5,48,2,1320,1025,940,85,1014,11,75,939
5,49,2,1692,985,965,20,957,21,59,898
5,50,2,918,623,596,27,613,10,180,433
5,51,2,1157,733,725,8,722,11,288,434
5,52,2,940,705,602,103,702,3,218,484
5,53,2,1073,662,640,22,659,3,249,410
5,54,2,1595,1260,1047,213,1232,28,344,888
5,55,2,689,427,402,25,424,3,106,318
5,56,2,1493,1046,929,117,1028,18,266,762
5,57,2,1028,727,703,24,719,8,151,568
5,58,2,1079,909,847,62,907,2,367,540
5,59,2,1444,1253,889,364,1244,9,379,865
5,60,2,1884,1306,1250,56,1302,4,483,819
5,61,2,1660,1116,1039,77,1105,11,202,903
5,62,2,934,847,658,189,837,10,231,606
5,63,2,802,562,539,23,555,7,139,416
5,64,2,920,661,584,77,658,3,178,480
5,65,2,1028,669,633,36,661,8,188,473
5,66,2,1137,1261,702,559,1252,9,272,980
5,67,2,1415,985,929,56,974,11,341,633
5,68,2,1486,1161,1058,103,1159,2,461,698
5,69,2,1222,882,759,123,877,5,274,603
5,70,2,1074,716,669,47,709,7,167,542
5,71,2,1323,870,763,107,855,15,252,603
5,72,2,1480,966,904,62,948,18,228,720
5,73,2,1327,988,806,182,980,8,287,693
5,74,2,1013,638,627,11,634,4,184,450
5,75,2,1389,855,792,63,841,14,298,543
5,76,2,1206,773,720,53,765,8,272,493
5,77,2,1438,916,907,9,909,7,312,597
5,78,2,1038,841,621,220,827,14,275,552
5,79,2,1235,856,782,74,837,19,358,479
5,80,2,2936,1781,1691,90,1754,23,714,1040
5,81,2,1831,1122,1077,45,1117,5,280,837
5,82,2,1680,1225,1143,82,1218,7,476,742
5,83,2,1608,1182,1134,48,1172,10,503,669
5,84,2,1596,1055,1033,22,1046,9,353,693
5,85,2,1385,1061,947,114,1055,6,422,633
5,86,2,1770,1236,1128,108,1228,8,488,740
5,87,2,1193,709,662,47,704,5,219,485
5,88,2,1771,1116,1097,19,1102,14,425,677
5,89,2,1398,838,812,26,832,6,306,526
5,90,2,1187,761,711,50,757,4,230,527
5,91,2,1029,737,713,24,731,6,264,467
5,92,2,1978,1282,1211,71,1280,2,560,720
5,93,2,1055,742,698,44,736,6,291,445
5,94,2,686,467,407,60,467,0,227,240
5,95,2,1560,901,775,126,895,5,310,585
5,96,2,1286,997,873,124,993,4,420,573
5,97,2,1720,1201,1140,61,1190,11,516,674
5,98,2,1425,977,898,79,971,6,399,572
5,99,2,1098,863,826,37,856,7,323,533
5,100,2,950,600,572,28,598,2,193,405
5,101,2,1636,1082,1045,37,1072,10,415,657
5,102,2,870,621,574,47,620,1,158,462
5,103,2,787,651,550,101,650,1,175,475
5,104,2,912,623,604,19,620,3,157,463
5,105,2,1100,746,707,39,739,7,247,492
5,106,2,1302,820,763,57,810,10,173,637
5,107,2,855,500,470,30,495,5,116,379
5,108,2,1006,670,604,66,659,11,133,526
5,109,2,1246,784,754,30,766,18,169,597
5,110,2,841,610,584,26,604,6,119,485
5,111,2,1413,942,903,39,936,6,230,706
5,112,2,2424,1482,1416,66,1474,8,556,918
5,113,2,1910,1236,1133,103,1231,5,438,793
5,114,2,1926,1413,1306,107,1402,11,506,896
5,115,2,1347,971,931,40,970,1,348,622
5,116,2,1826,1315,1274,41,1311,4,456,855
5,117,2,1583,1058,1012,46,1050,8,424,626
5,118,2,1244,776,744,32,771,5,292,479
5,119,2,1613,1044,1000,44,1040,4,416,624
5,120,2,1183,834,800,34,827,7,303,524
5,121,2,909,637,617,20,636,1,293,343
5,122,2,1267,872,854,18,869,3,460,409
5,123,2,1082,754,740,14,750,4,483,267
5,124,2,1195,824,788,36,821,3,488,333
5,125,2,1079,764,743,21,757,7,435,322
5,126,2,1088,781,736,45,770,11,500,270
5,127,2,1879,1209,1172,37,1205,4,394,811
5,128,2,412,294,267,27,290,4,139,151
5,129,2,1169,763,715,48,754,9,283,471
5,130,2,1342,1004,934,70,996,8,423,573
5,131,2,318,226,207,19,217,9,28,189
5,132,2,0,2389,0,2389,2325,64,1198,1127
5,133,2,0,0,0,0,0,0,0,0
5,134,2,0,430,0,430,426,4,164,262
5,135,2,3368,2483,2290,193,2457,26,710,1747
5,136,2,2082,1809,1649,160,1790,19,592,1198
5,137,2,1042,690,648,42,683,7,281,402
5,138,2,772,567,534,33,565,2,40,525
5,139,2,1666,1287,1232,55,1274,13,739,535
5,140,2,1832,1267,1250,17,1258,9,775,483
5,141,2,1133,937,849,88,922,15,506,416
5,142,2,1718,1403,1297,106,1400,3,800,600
5,143,2,2027,1591,1517,74,1572,13,955,617
5,144,2,0,451,0,451,445,6,293,152
5,145,2,2263,1537,1439,98,1527,10,919,608
5,146,2,2390,1651,1574,77,1630,21,969,661
5,147,2,1879,1368,1297,71,1361,7,885,476
5,148,2,1877,1600,1220,380,1559,41,557,1002
5,149,2,2664,2150,2066,84,2136,14,592,1544
5,150,2,1755,1395,1172,223,1363,32,288,1075
5,151,2,1425,1115,912,203,1099,16,297,802
5,152,2,2258,1721,1597,124,1711,10,539,1172
5,153,2,1490,1125,1069,56,1113,12,401,712
5,154,2,754,554,472,82,545,9,159,386
5,155,2,576,498,434,64,489,9,406,83
5,156,2,1047,778,737,41,770,8,534,236
5,157,2,600,500,457,43,497,3,317,180
5,158,2,2607,1874,1807,67,1838,36,205,1633
5,159,2,1695,1180,1138,42,1169,11,108,1061
5,160,2,1863,1287,1271,16,1283,4,303,980
5,161,2,2121,1545,1503,42,1527,18,238,1289
5,162,2,1295,999,915,84,984,15,198,786
5,163,2,1987,1409,1357,52,1390,19,473,917
5,164,2,1872,1452,1424,28,1431,21,329,1102
5,165,2,1593,1150,1072,78,1141,9,409,732
5,166,2,655,521,495,26,515,6,250,265
5,167,2,0,95,0,95,94,1,30,64
5,168,2,0,187,0,187,178,9,118,60
5,169,2,2525,1981,1696,285,1922,59,154,1768
5,170,2,2514,1770,1628,142,1759,11,147,1612
5,171,2,1399,918,814,104,902,16,46,856
5,172,2,1689,1498,1465,33,1484,14,79,1405
5,173,2,1863,1260,1179,81,1244,16,796,448
5,174,2,737,354,322,32,351,3,282,69
5,175,2,656,481,444,37,474,7,198,276
5,176,2,715,637,585,52,629,8,455,174
5,177,2,429,406,370,36,400,6,335,65
5,178,2,526,484,461,23,479,5,346,133
5,179,2,305,277,254,23,277,0,255,22
5,180,2,661,576,555,21,571,5,338,233
5,181,2,323,312,282,30,290,22,34,256
5,182,2,1027,925,867,58,909,16,71,838
5,183,2,2022,1394,1314,80,1371,23,846,525
5,184,2,723,460,379,81,448,12,340,108
5,185,2,1448,1170,1084,86,1156,14,662,494
5,186,2,838,565,521,44,544,21,320,224
5,187,2,1463,1242,1136,106,1226,16,980,246
5,188,2,204,207,180,27,205,2,22,183
5,189,2,820,647,590,57,632,15,296,336
5,190,2,861,703,600,103,695,8,69,626
5,191,2,775,557,522,35,513,44,393,120
5,192,2,659,516,486,30,505,11,433,72
5,193,2,451,335,317,18,326,9,263,63
5,194,2,1147,948,863,85,934,14,767,167
5,195,2,633,446,428,18,439,7,25,414
5,196,2,1113,881,804,77,859,22,682,177
5,197,2,803,708,643,65,689,19,524,165
5,198,2,2476,2231,2221,10,2210,21,86,2124
5,199,2,498,448,415,33,446,2,7,439
5,200,2,221,205,196,9,205,0,0,205
5,201,2,410,369,310,59,343,26,100,243
5,202,2,752,735,676,59,733,2,7,726
5,203,2,200,196,174,22,195,1,5,190
5,204,2,596,356,315,41,351,5,273,78
5,205,2,551,431,383,48,414,17,298,116
5,206,2,1098,776,714,62,763,13,455,308
5,207,2,880,512,483,29,508,4,351,157
5,208,2,878,631,593,38,619,12,355,264
5,209,2,252,121,96,25,121,0,24,97
5,210,2,271,81,70,11,80,1,63,17
5,211,2,927,851,816,35,837,14,42,795
5,212,2,596,551,489,62,524,27,15,509
5,213,2,1135,1013,969,44,1007,6,8,999
5,214,2,2208,1455,1378,77,1434,21,1102,332
5,215,2,705,405,391,14,397,8,349,48
5,216,2,1356,772,770,2,758,14,466,292
5,217,2,642,489,470,19,467,22,380,87
5,218,2,1528,713,661,52,709,4,418,291
5,219,2,904,564,541,23,555,9,424,131
5,220,2,528,303,281,22,300,3,193,107
5,221,2,825,627,627,0,621,6,436,185
5,222,2,1519,847,793,54,831,16,591,240
5,223,2,571,369,344,25,361,8,270,91
5,224,2,703,621,585,36,621,0,30,591
5,225,2,772,726,692,34,723,3,4,719
5,226,2,1292,588,571,17,572,16,330,242
5,227,2,754,555,473,82,538,17,391,147
5,228,2,1194,779,742,37,774,5,607,167
5,229,2,459,267,249,18,265,2,198,67
5,230,2,1059,602,566,36,594,8,316,278
5,231,2,1040,626,595,31,619,7,420,199
5,232,2,1420,867,811,56,857,10,664,193
5,233,2,299,263,255,8,254,9,216,38
5,234,2,426,398,365,33,385,13,330,55
5,235,2,546,523,465,58,519,4,145,374
5,236,2,609,502,465,37,484,18,388,96
5,237,2,454,441,418,23,438,3,322,116
5,238,2,847,769,719,50,765,4,624,141
5,239,2,1285,826,760,66,806,20,562,244
5,240,2,972,823,768,55,803,20,508,295
5,241,2,186,181,139,42,175,6,134,41
5,242,2,498,398,380,18,391,7,205,186
5,243,2,862,693,650,43,685,8,532,153
5,244,2,595,530,494,36,523,7,417,106
5,245,2,434,376,349,27,374,2,270,104
5,246,2,1276,937,887,50,920,17,701,219
5,247,2,1448,945,863,82,933,12,642,291
5,248,2,1055,853,809,44,852,1,722,130
5,249,2,391,273,249,24,267,6,190,77
5,250,2,520,302,283,19,298,4,262,36
5,251,2,772,606,564,42,587,19,10,577
5,252,2,369,343,330,13,340,3,5,335
5,253,2,428,415,384,31,415,0,1,414
5,254,2,563,444,429,15,435,9,2,433
5,255,2,462,443,417,26,435,8,1,434
5,256,2,208,227,203,24,225,2,1,224
5,257,2,312,244,228,16,240,4,165,75
5,258,2,534,502,461,41,498,4,33,465
5,259,2,847,822,747,75,814,8,5,809
5,260,2,458,474,442,32,473,1,2,471
5,261,2,465,354,328,26,347,7,214,133
5,262,2,380,351,329,22,345,6,164,181
5,263,2,435,417,345,72,404,13,310,94
5,264,2,760,739,682,57,738,1,11,727
5,265,2,284,222,191,31,217,5,26,191
5,266,2,381,334,304,30,331,3,224,107
5,267,2,911,702,645,57,671,31,408,263
5,268,2,1111,898,808,90,886,12,21,865
5,269,2,722,650,598,52,632,18,134,498
5,270,2,1202,895,807,88,856,39,577,279
5,271,2,1381,908,839,69,881,27,415,466
5,272,2,1277,962,907,55,958,4,759,199
5,273,2,277,283,265,18,279,4,222,57
5,274,2,327,318,304,14,318,0,228,90
5,275,2,324,264,251,13,258,6,196,62
5,276,2,829,755,690,65,743,12,518,225
5,277,2,743,578,519,59,564,14,355,209
5,278,2,611,487,471,16,483,4,338,145
5,279,2,620,437,402,35,435,2,248,187
5,280,2,1017,557,493,64,540,17,414,126
5,281,2,648,404,372,32,394,10,296,98
5,282,2,382,324,258,66,315,9,255,60
5,283,2,326,279,254,25,277,2,204,73
5,284,2,243,154,142,12,148,6,108,40
5,285,2,490,419,401,18,413,6,350,63
5,286,2,441,420,386,34,415,5,343,72
5,287,2,2310,1094,1065,29,1084,10,759,325
5,288,2,1840,1504,1415,89,1461,43,60,1401
5,289,2,711,720,591,129,710,10,581,129
5,290,2,747,563,526,37,555,8,275,280
5,291,2,556,394,376,18,384,10,275,109
5,292,2,548,437,424,13,430,7,295,135
5,293,2,283,239,221,18,235,4,208,27
5,294,2,424,321,280,41,317,4,200,117
5,295,2,1529,1357,1307,50,1346,11,891,455
5,296,2,1926,1080,998,82,1054,26,66,988
5,297,2,1576,1076,1034,42,1054,22,123,931
5,298,2,871,942,851,91,874,68,712,162
5,299,2,970,762,711,51,751,11,27,724
5,300,2,472,486,462,24,478,8,7,471
5,301,2,1269,706,630,76,690,16,471,219
5,302,2,857,498,472,26,490,8,397,93
5,303,2,1551,924,894,30,910,14,764,146
5,304,2,622,537,493,44,524,13,444,80
5,305,2,1636,1104,1029,75,1090,14,645,445
5,306,2,716,432,396,36,428,4,353,75
5,307,2,1130,603,564,39,591,12,439,152
5,308,2,887,496,422,74,479,17,202,277
5,309,2,1626,1288,1210,78,1277,11,472,805
5,310,2,1119,951,919,32,937,14,438,499
5,311,2,821,807,743,64,792,15,602,190
5,312,2,1321,959,881,78,922,37,344,578
5,313,2,846,711,711,0,695,16,525,170
5,314,2,832,749,676,73,740,9,547,193
5,315,2,1525,1034,968,66,1010,24,783,227
5,316,2,669,602,546,56,596,6,477,119
5,317,2,401,342,309,33,339,3,271,68
5,318,2,1680,1143,1044,99,1136,7,940,196
5,319,2,849,377,344,33,374,3,272,102
5,320,2,473,336,277,59,322,14,216,106
5,321,2,626,566,492,74,550,16,459,91
5,322,2,156,123,110,13,120,3,89,31
5,323,2,314,242,208,34,236,6,168,68
5,324,2,309,338,288,50,332,6,282,50
5,325,2,430,416,368,48,412,4,327,85
5,326,2,1817,1030,929,101,1006,24,468,538
5,327,2,687,505,442,63,488,17,271,217
5,328,2,1023,608,584,24,603,5,400,203
5,329,2,701,414,386,28,400,14,201,199
5,330,2,648,413,343,70,405,8,206,199
5,331,2,565,381,351,30,374,7,308,66
5,332,2,431,389,350,39,376,13,236,140
5,333,2,554,310,278,32,306,4,194,112
5,334,2,229,161,150,11,155,6,95,60
5,335,2,1692,1003,943,60,985,18,675,310
5,336,2,723,628,587,41,609,19,45,564
5,337,2,825,559,522,37,557,2,379,178
5,338,2,408,345,321,24,341,4,237,104
5,339,2,363,347,326,21,338,9,282,56
5,340,2,273,216,195,21,216,0,137,79
5,341,2,547,485,455,30,484,1,325,159
5,342,2,338,274,249,25,271,3,208,63
5,343,2,674,537,475,62,522,15,380,142
5,344,2,558,501,438,63,491,10,405,86
5,345,2,928,823,753,70,806,17,655,151
5,346,2,140,160,117,43,158,2,110,48
5,347,2,826,718,658,60,706,12,436,270
5,348,2,650,433,414,19,423,10,190,233
5,349,2,780,442,419,23,427,15,300,127
5,350,2,512,299,283,16,296,3,194,102
5,351,2,801,614,514,100,611,3,383,228
5,352,2,1419,953,907,46,943,10,643,300
5,353,2,522,434,384,50,426,8,256,170
5,354,2,498,465,444,21,460,5,390,70
5,355,2,879,793,767,26,784,9,445,339
5,356,2,376,358,344,14,358,0,293,65
5,357,2,457,425,365,60,424,1,302,122
5,358,2,1790,1236,1164,72,1214,22,357,857
5,359,2,737,639,545,94,618,21,441,177
5,360,2,684,501,475,26,493,8,102,391
5,361,2,372,358,293,65,348,10,268,80
5,362,2,323,342,305,37,307,35,294,13
5,363,2,1715,1468,1425,43,1454,14,871,583
5,364,2,1112,1034,998,36,1030,4,749,281
5,365,2,1478,900,844,56,895,5,590,305
5,366,2,900,757,706,51,736,21,602,134
5,367,2,1083,910,855,55,901,9,741,160
5,368,2,1107,850,796,54,842,8,660,182
5,369,2,2327,1692,1509,183,1674,18,978,696
5,370,2,957,681,631,50,649,32,478,171
5,371,2,519,374,344,30,366,8,299,67
5,372,2,1450,907,812,95,894,13,675,219
5,373,2,844,526,454,72,521,5,265,256
5,374,2,258,190,175,15,186,4,89,97
5,375,2,1488,807,739,68,805,2,628,177
5,376,2,690,500,476,24,494,6,416,78
5,377,2,1627,1079,1015,64,1061,18,575,486
5,378,2,1067,726,701,25,709,17,511,198
5,379,2,1284,644,621,23,633,11,429,204
5,380,2,1300,1057,1007,50,1028,29,737,291
5,381,2,2135,1566,1539,27,1533,33,1281,252
5,382,2,971,737,662,75,721,16,541,180
5,383,2,545,506,458,48,475,31,280,195
5,384,2,1917,1432,1337,95,1417,15,62,1355
5,385,2,1633,1071,990,81,1056,15,40,1016
5,386,2,1176,926,891,35,914,12,19,895
5,387,2,890,652,647,5,648,4,81,567
5,388,2,820,702,642,60,694,8,39,655
5,389,2,735,680,658,22,673,7,27,646
5,390,2,826,742,742,0,737,5,5,732
5,391,2,447,434,426,8,432,2,2,430
5,392,2,685,454,443,11,449,5,9,440
5,393,2,598,553,521,32,547,6,12,535
5,394,2,1844,1371,1322,49,1364,7,27,1337
5,395,2,2086,1353,1310,43,1333,20,256,1077
5,396,2,1200,649,605,44,634,15,9,625
5,397,2,1486,975,857,118,937,38,711,226
5,398,2,1877,1350,1193,157,1340,10,611,729
5,399,2,449,1151,306,845,1136,15,501,635
5,400,2,1720,1062,966,96,1046,16,649,397
5,401,2,655,505,482,23,497,8,367,130
5,402,2,955,634,584,50,627,7,442,185
5,403,2,2634,1753,1615,138,1740,13,1097,643
5,404,2,1489,933,812,121,906,27,588,318
5,405,2,1156,646,605,41,631,15,403,228
5,406,2,816,441,375,66,434,7,277,157
5,407,2,359,256,227,29,250,6,111,139
5,408,2,2028,1555,1396,159,1535,20,316,1219
5,409,2,615,439,393,46,434,5,332,102
5,410,2,613,323,309,14,318,5,96,222
5,411,2,1856,1428,1372,56,1390,38,52,1338
5,412,2,689,599,537,62,581,18,26,555
5,413,2,450,412,343,69,406,6,205,201
5,414,2,1047,314,300,14,305,9,84,221
5,415,2,607,540,529,11,510,30,415,95
5,416,2,323,290,271,19,287,3,218,69
5,417,2,1505,831,805,26,822,9,708,114
5,418,2,257,170,156,14,168,2,128,40
5,419,2,1221,1021,871,150,1008,13,724,284
5,420,2,1022,645,645,0,629,16,477,152
5,421,2,220,171,159,12,171,0,143,28
5,422,2,285,220,215,5,218,2,171,47
5,423,2,771,521,476,45,507,14,91,416
5,424,2,690,507,501,6,498,9,58,440
5,425,2,841,615,568,47,610,5,55,555
5,426,2,1197,1009,977,32,992,17,152,840
5,427,2,571,271,263,8,265,6,148,117
5,428,2,832,882,825,57,877,5,8,869
5,429,2,635,520,406,114,512,8,313,199
5,430,2,774,592,552,40,579,13,368,211
5,431,2,748,639,585,54,632,7,471,161
5,432,2,2687,1866,1707,159,1820,46,559,1261
5,433,2,1153,736,654,82,725,11,202,523
5,434,2,683,414,382,32,400,14,250,150
5,435,2,825,629,602,27,608,21,357,251
5,436,2,1407,1050,960,90,1041,9,436,605
5,437,2,1749,1239,1132,107,1208,31,619,589
5,438,2,929,737,680,57,728,9,488,240
5,439,2,582,450,420,30,428,22,290,138
5,440,2,357,269,240,29,261,8,15,246
5,441,2,681,587,538,49,574,13,475,99
5,442,2,1946,1477,1417,60,1462,15,1044,418
5,443,2,382,354,292,62,346,8,257,89
5,444,2,1080,716,642,74,706,10,425,281
5,445,2,1271,801,767,34,781,20,613,168
5,446,2,655,524,476,48,518,6,164,354
5,447,2,900,830,810,20,782,48,747,35
5,448,2,458,385,371,14,383,2,353,30
5,449,2,310,219,214,5,215,4,151,64
5,450,2,1659,1140,1106,34,1130,10,361,769
5,451,2,1446,1099,980,119,1050,49,445,605
5,452,2,372,262,248,14,260,2,214,46
5,453,2,810,660,615,45,645,15,84,561
5,454,2,225,159,143,16,156,3,51,105
5,455,2,965,599,586,13,589,10,373,216
5,456,2,590,431,407,24,423,8,343,80
5,457,2,516,317,303,14,315,2,279,36
6,1,2,1573,1026,906,120,1018,8,429,589
6,2,2,1958,1264,1087,177,1247,17,495,752
6,3,2,879,585,526,59,576,9,222,354
6,4,2,1655,1146,1050,96,1136,10,378,758
6,5,2,1663,1005,918,87,998,7,363,635
6,6,2,2054,1278,1136,142,1271,7,522,749
6,7,2,1711,1167,1010,157,1162,5,506,656
6,8,2,1538,1098,1022,76,1092,6,530,562
6,9,2,1637,1123,1001,122,1118,5,512,606
6,10,2,1530,1004,914,90,988,16,449,539
6,11,2,1370,859,748,111,857,2,326,531
6,12,2,1621,1082,807,275,1073,9,408,665
6,13,2,1313,920,841,79,916,4,413,503
6,14,2,1800,1165,1018,147,1153,12,513,640
6,15,2,1534,1089,848,241,1083,6,486,597
6,16,2,1685,1063,895,168,1051,12,490,561
6,17,2,1833,1058,890,168,1051,7,454,597
6,18,2,1858,1155,1056,99,1147,8,493,654
6,19,2,1582,1130,1000,130,1126,4,518,608
6,20,2,1569,1036,940,96,1034,2,523,511
6,21,2,1772,1209,1046,163,1204,5,492,712
6,22,2,1779,1302,1194,108,1295,7,588,707
6,23,2,1624,1092,985,107,1085,7,501,584
6,24,2,1581,1032,939,93,1021,11,409,612
6,25,2,1472,1007,887,120,1002,5,440,562
6,26,2,1785,1263,1186,77,1257,6,591,666
6,27,2,1716,1130,1003,127,1124,6,511,613
6,28,2,1685,1193,1068,125,1188,5,519,669
6,29,2,1701,1082,980,102,1078,4,448,630
6,30,2,2035,1037,931,106,1031,6,438,593
6,31,2,1622,1297,1062,235,1289,8,591,698
6,32,2,1879,1201,1123,78,1195,6,532,663
6,33,2,1208,802,777,25,800,2,280,520
6,34,2,1045,711,636,75,709,2,244,465
6,35,2,0,749,0,749,719,30,366,353
6,36,2,0,512,0,512,509,3,268,241
6,37,2,1103,762,669,93,757,5,266,491
6,38,2,415,330,268,62,326,4,145,181
6,39,2,401,292,256,36,287,5,177,110
6,40,2,412,371,306,65,367,4,194,173
6,41,2,657,488,432,56,476,11,177,299
6,42,2,777,569,496,73,561,8,335,226
6,43,2,1033,728,674,54,722,6,346,376
6,44,2,1500,1027,839,188,1021,6,428,593
6,45,2,1238,777,686,91,771,6,318,453
6,46,2,1074,760,684,76,758,2,276,482
6,47,2,1331,942,842,100,934,8,420,514
6,48,2,517,395,325,70,395,0,103,292
6,49,2,329,266,247,19,264,2,228,36
6,50,2,199,222,145,77,217,5,151,66
6,51,2,1944,1368,1263,105,1359,9,712,647
6,52,2,2529,1296,1193,103,1286,10,638,648
6,53,2,2154,1506,1135,371,1495,11,726,769
6,54,2,479,382,355,27,379,3,247,132
6,55,2,891,524,506,18,513,11,284,229
6,56,2,571,445,396,49,442,3,299,143
6,57,2,1865,1071,998,73,1063,8,528,535
6,58,2,1559,873,807,66,869,4,455,414
6,59,2,1618,1005,696,309,998,7,517,481
6,60,2,1547,716,651,65,705,11,454,251
6,61,2,292,202,172,30,201,1,144,57
6,62,2,1538,985,786,199,967,18,527,440
6,63,2,1417,729,542,187,713,16,378,335
6,64,2,224,212,107,105,209,2,106,103
6,65,2,1004,783,701,82,774,9,286,488
6,66,2,1354,1308,1197,111,1306,2,8,1298
6,67,2,516,425,375,50,423,2,259,164
6,68,2,1007,722,667,55,710,8,380,330
6,69,2,490,380,330,50,376,4,250,126
6,70,2,484,376,313,63,374,2,211,163
6,71,2,525,406,351,55,402,4,269,133
6,72,2,341,235,199,36,233,2,115,118
6,73,2,545,370,296,74,362,8,232,130
6,74,2,306,232,220,12,230,2,178,52
6,75,2,1581,937,877,60,930,7,638,292
6,76,2,655,452,407,45,441,11,295,146
6,77,2,687,454,439,15,453,1,218,235
6,78,2,1470,915,845,70,906,9,536,370
6,79,2,676,515,436,79,505,10,216,289
6,80,2,1062,680,650,30,676,4,292,384
6,81,2,929,694,616,78,686,8,398,288
6,82,2,706,592,493,99,588,4,372,216
6,83,2,1338,996,824,172,978,18,565,413
6,84,2,817,666,601,65,664,2,489,175
6,85,2,890,711,604,107,696,15,329,367
6,86,2,799,540,483,57,536,4,272,264
6,87,2,386,355,320,35,355,0,301,54
6,88,2,486,441,369,72,438,3,299,139
6,89,2,358,285,224,61,279,6,205,74
6,90,2,1132,880,782,98,873,7,508,365
6,91,2,495,460,380,80,456,4,297,159
6,92,2,1476,1066,1029,37,1056,10,916,140
6,93,2,1518,990,874,116,956,34,629,327
6,94,2,470,327,280,47,321,6,197,124
6,95,2,676,431,384,47,422,9,214,208
6,96,2,1003,517,481,36,514,3,279,235
6,97,2,1240,702,651,51,698,4,386,312
6,98,2,1550,920,847,73,913,7,496,417
6,99,2,1218,821,764,57,818,3,375,443
6,100,2,525,428,359,69,423,5,312,111
6,101,2,576,481,428,53,478,3,344,134
6,102,2,144,134,118,16,134,0,108,26
6,103,2,348,314,285,29,313,1,183,130
6,104,2,231,241,215,26,241,0,10,231
6,105,2,1831,814,788,26,805,9,542,263
6,106,2,1290,792,705,87,787,5,546,241
6,107,2,1401,625,585,40,620,5,445,175
6,108,2,2120,2139,1702,437,2113,26,1213,900
6,109,2,876,780,693,87,775,5,552,223
6,110,2,1766,1269,1051,218,1255,14,820,435
6,111,2,606,417,367,50,408,9,277,131
6,112,2,821,566,482,84,560,6,370,190
6,113,2,384,334,289,45,330,4,178,152
6,114,2,333,342,308,34,341,1,60,281
6,115,2,153,195,136,59,194,1,124,70
6,116,2,2382,939,912,27,934,5,690,244
6,117,2,1655,949,828,121,939,10,433,506
6,118,2,578,379,349,30,378,1,230,148
6,119,2,445,379,318,61,373,6,136,237
6,120,2,2367,1112,946,166,1103,9,763,340
6,121,2,1617,987,906,81,972,15,685,287
6,122,2,1110,525,490,35,523,2,398,125
6,123,2,1319,639,567,72,632,7,512,120
6,124,2,1082,609,570,39,605,4,496,109
6,125,2,804,603,518,85,598,5,223,375
6,126,2,577,433,373,60,423,10,140,283
6,127,2,734,520,468,52,518,2,415,103
6,128,2,548,468,405,63,464,4,301,163
6,129,2,1163,711,646,65,705,6,497,208
6,130,2,325,187,167,20,186,1,159,27
6,131,2,1142,892,806,86,887,5,694,193
6,132,2,538,429,334,95,424,5,233,191
6,133,2,455,417,357,60,412,5,282,130
6,134,2,696,596,534,62,592,4,392,200
6,135,2,131,200,127,73,197,3,5,192
6,136,2,441,369,334,35,365,4,293,72
6,137,2,507,403,377,26,396,7,121,275
6,138,2,511,342,311,31,339,3,257,82
6,139,2,819,565,508,57,554,11,412,142
6,140,2,575,489,434,55,478,11,392,86
6,141,2,1625,940,890,50,931,9,585,346
6,142,2,1093,854,777,77,845,9,311,534
6,143,2,574,399,381,18,393,6,272,121
6,144,2,536,390,380,10,382,8,335,47
6,145,2,432,404,368,36,394,10,290,104
6,146,2,431,340,311,29,337,3,250,87
6,147,2,475,401,380,21,393,8,303,90
6,148,2,254,225,201,24,225,0,144,81
6,149,2,322,251,212,39,251,0,200,51
6,150,2,953,723,639,84,713,10,357,356
6,151,2,472,376,310,66,373,3,133,240
6,152,2,359,303,263,40,302,1,210,92
6,153,2,392,408,345,63,395,13,7,388
6,154,2,532,417,370,47,416,1,327,89
6,155,2,1679,719,689,30,712,7,236,476
6,156,2,1964,1230,1139,91,1215,15,569,646
6,157,2,663,516,452,64,512,4,233,279
6,158,2,680,531,469,62,524,6,342,182
6,159,2,214,187,158,29,186,1,136,50
6,160,2,227,213,168,45,212,1,166,46
6,161,2,1453,998,944,54,985,13,605,380
6,162,2,2092,1292,1229,63,1283,9,677,606
6,163,2,0,236,0,236,230,6,156,74
6,164,2,1072,702,664,38,694,8,464,230
6,165,2,1760,769,724,45,763,6,402,361
6,166,2,1222,1038,961,77,1026,12,689,337
6,167,2,1357,865,781,84,861,4,560,301
6,168,2,735,648,605,43,638,10,580,58
6,169,2,247,242,215,27,224,18,213,11
6,170,2,1667,1154,1054,100,1139,15,893,246
6,171,2,1355,865,754,111,859,6,651,208
6,172,2,1293,945,857,88,937,8,723,214
6,173,2,166,140,126,14,140,0,125,15
6,174,2,974,620,576,44,612,8,489,123
6,175,2,295,200,185,15,197,3,142,55
6,176,2,1071,619,608,11,617,2,396,221
6,177,2,1275,722,699,23,718,4,502,216
6,178,2,1177,472,459,13,464,8,362,102
6,179,2,1008,728,656,72,723,5,556,167
6,180,2,516,418,323,95,411,7,281,130
6,181,2,135,147,101,46,146,1,107,39
6,182,2,163,128,91,37,128,0,65,63
6,183,2,259,224,183,41,219,5,128,91
6,184,2,336,229,167,62,225,4,158,67
6,185,2,1420,911,854,57,903,8,550,353
6,186,2,280,224,203,21,212,12,120,92
6,187,2,314,181,156,25,178,3,87,91
6,188,2,575,415,377,38,414,1,235,179
6,189,2,473,322,294,28,320,2,241,79
6,190,2,1917,1599,1474,125,1588,11,1234,354
6,191,2,182,181,154,27,179,2,148,31
6,192,2,993,825,714,111,818,7,449,369
6,193,2,623,293,269,24,292,1,180,112
6,194,2,542,477,432,45,474,3,236,238
6,195,2,140,99,91,8,98,1,79,19
6,196,2,1127,770,728,42,765,5,491,274
6,197,2,647,476,441,35,469,7,342,127
6,198,2,287,174,167,7,174,0,124,50
6,199,2,1147,699,559,140,681,18,388,293
6,200,2,463,346,257,89,345,1,216,129
6,201,2,301,227,164,63,223,4,144,79
6,202,2,472,403,332,71,399,4,207,192
6,203,2,796,603,565,38,601,2,386,215
6,204,2,499,471,451,20,465,6,366,99
6,205,2,262,245,222,23,242,3,41,201
6,206,2,326,301,274,27,299,2,207,92
6,207,2,267,206,183,23,206,0,136,70
6,208,2,827,594,537,57,589,5,257,332
6,209,2,354,332,312,20,331,1,181,150
6,210,2,280,246,219,27,245,1,153,92
6,211,2,849,642,601,41,638,4,377,261
6,212,2,332,289,263,26,289,0,149,140
6,213,2,0,56,0,56,56,0,38,18
6,214,2,407,337,310,27,334,3,207,127
6,215,2,1522,1099,956,143,1084,15,530,554
6,216,2,801,529,468,61,524,5,367,157
6,217,2,1025,713,615,98,705,8,530,175
6,218,2,654,532,492,40,526,6,236,290
6,219,2,665,444,378,66,430,14,279,151
6,220,2,1399,819,692,127,813,6,552,261
6,221,2,1325,917,758,159,913,4,599,314
6,222,2,912,391,370,21,386,5,236,150
6,223,2,310,197,177,20,197,0,131,66
6,224,2,800,566,508,58,557,9,272,285
6,225,2,1137,673,575,98,666,7,377,289
6,226,2,1567,807,669,138,795,12,250,545
6,227,2,1217,650,587,63,634,16,226,408
6,228,2,323,174,98,76,174,0,67,107
6,229,2,1692,679,630,49,673,6,285,388
6,230,2,1305,669,629,40,666,3,461,205
6,231,2,437,272,254,18,270,2,115,155
6,232,2,1089,842,798,44,836,6,151,685
6,233,2,830,672,607,65,665,7,431,234
6,234,2,536,366,343,23,364,2,216,148
6,235,2,303,208,194,14,204,4,131,73
6,236,2,840,558,501,57,551,7,279,272
6,237,2,628,436,385,51,431,5,327,104
6,238,2,405,339,285,54,323,16,257,66
6,239,2,896,630,586,44,624,6,482,142
6,240,2,611,259,238,21,255,4,203,52
6,241,2,575,424,399,25,419,5,266,153
6,242,2,608,397,353,44,395,2,322,73
6,243,2,338,252,235,17,249,3,235,14
7,1,2,2041,1643,1504,139,1634,9,1212,422
7,2,2,1923,1447,1235,212,1438,9,1017,421
7,3,2,1653,1214,1063,151,1210,4,775,435
7,4,2,1426,1166,949,217,1158,8,845,313
7,5,2,1593,1248,1100,148,1243,5,869,374
7,6,2,1531,1222,1043,179,1216,6,912,304
7,7,2,2156,1571,1297,274,1555,16,1136,419
7,8,2,1543,1230,995,235,1225,5,872,353
7,9,2,1560,1102,957,145,1100,2,786,314
7,10,2,1976,1531,1305,226,1519,12,1092,427
7,11,2,1959,1248,962,286,1236,12,834,402
7,12,2,1187,996,740,256,987,9,735,252
7,13,2,2268,1632,1474,158,1614,18,1111,503
7,14,2,1627,1151,1032,119,1142,9,793,349
7,15,2,1479,1417,1007,410,1398,19,993,405
7,16,2,1151,788,657,131,784,4,571,213
7,17,2,1631,1133,974,159,1119,14,812,307
7,18,2,1036,1000,773,227,995,5,642,353
7,19,2,1548,1152,972,180,1143,9,860,283
7,20,2,1823,1570,1231,339,1559,11,1111,448
7,21,2,1908,1479,1290,189,1467,12,1105,362
7,22,2,1604,1284,1113,171,1272,12,948,324
7,23,2,1959,1497,1333,164,1483,14,1179,304
7,24,2,1335,1113,938,175,1104,9,823,281
7,25,2,1560,1207,1078,129,1198,9,949,249
7,26,2,1621,1184,1055,129,1176,8,903,273
7,27,2,1816,1318,1213,105,1307,11,1001,306
7,28,2,1949,1584,1375,209,1576,8,1150,426
7,29,2,1976,1463,1313,150,1457,6,1107,350
7,30,2,1655,1133,977,156,1126,7,820,306
7,31,2,1510,1092,928,164,1084,8,796,288
7,32,2,2346,1779,1634,145,1761,18,1316,445
7,33,2,1592,1231,1083,148,1222,9,916,306
7,34,2,1453,1182,985,197,1176,6,867,309
7,35,2,1084,835,738,97,832,3,601,231
7,36,2,983,739,631,108,732,7,556,176
7,37,2,2010,1689,1316,373,1683,6,1146,537
7,38,2,599,492,424,68,486,6,427,59
7,39,2,1763,1969,1164,805,1953,16,1119,834
7,40,2,1462,1032,897,135,1019,13,761,258
7,41,2,1209,1006,886,120,999,7,840,159
7,42,2,2626,1629,1399,230,1602,27,1202,400
7,43,2,1902,1388,1117,271,1363,25,1077,286
7,44,2,1539,1222,917,305,1205,17,922,283
7,45,2,1648,1122,988,134,1114,8,816,298
7,46,2,2261,1794,1561,233,1782,12,1295,487
7,47,2,2287,1863,1369,494,1848,15,1385,463
7,48,2,0,507,0,507,502,5,400,102
7,49,2,0,86,0,86,86,0,77,9
7,50,2,0,136,0,136,132,4,106,26
7,51,2,0,105,0,105,105,0,80,25
7,52,2,0,59,0,59,59,0,44,15
7,53,2,0,85,0,85,85,0,68,17
7,54,2,0,125,0,125,125,0,90,35
7,55,2,0,206,0,206,203,3,131,72
7,56,2,2501,1986,1814,172,1978,8,1627,351
7,57,2,2609,2111,1945,166,2094,17,1731,363
7,58,2,1261,1131,1070,61,1113,18,929,184
7,59,2,1159,919,851,68,914,5,793,121
7,60,2,419,387,356,31,387,0,337,50
7,61,2,260,255,216,39,255,0,229,26
7,62,2,1890,1458,1334,124,1447,11,1106,341
7,63,2,1915,1568,1341,227,1559,9,1176,383
7,64,2,2089,1668,1515,153,1658,10,1267,391
7,65,2,1170,1029,886,143,1021,8,733,288
7,66,2,1004,780,704,76,778,2,565,213
7,67,2,1659,1372,1202,170,1360,12,1027,333
7,68,2,1740,1287,1147,140,1280,7,1012,268
7,69,2,1688,1213,1083,130,1205,8,945,260
7,70,2,1817,1444,1333,111,1432,12,1146,286
7,71,2,1767,1710,1273,437,1692,18,1320,372
7,72,2,1665,1237,1105,132,1232,5,963,269
7,73,2,1588,1309,1214,95,1302,7,1089,213
7,74,2,565,479,434,45,475,4,423,52
7,75,2,223,244,219,25,241,3,173,68
7,76,2,1460,1054,957,97,1045,9,844,201
7,77,2,1829,1465,1307,158,1457,8,1129,328
7,78,2,1243,970,913,57,961,9,793,168
7,79,2,1159,921,852,69,915,6,801,114
7,80,2,304,290,249,41,280,10,255,25
7,81,2,0,116,0,116,116,0,98,18
7,82,2,1565,1327,1201,126,1320,7,1211,109
7,83,2,608,540,459,81,539,1,477,62
7,84,2,474,437,370,67,437,0,410,27
7,85,2,437,417,368,49,414,3,375,39
7,86,2,260,247,213,34,241,6,204,37
7,87,2,786,721,667,54,711,10,678,33
7,88,2,929,898,717,181,889,9,733,156
7,89,2,705,617,540,77,608,9,478,130
7,90,2,737,830,665,165,829,1,712,117
7,91,2,570,596,506,90,591,5,438,153
7,92,2,364,398,331,67,398,0,355,43
7,93,2,129,162,122,40,161,1,131,30
7,94,2,1258,1155,1002,153,1143,12,1042,101
7,95,2,1316,1320,1114,206,1304,16,1148,156
7,96,2,1179,895,739,156,887,8,740,147
7,97,2,1413,1150,989,161,1132,18,1010,122
7,98,2,447,377,297,80,377,0,344,33
7,99,2,1330,1139,1042,97,1123,16,940,183
7,100,2,1241,1124,1023,101,1113,11,912,201
7,101,2,2367,1857,1742,115,1834,23,1506,328
7,102,2,1392,1064,1000,64,1051,13,910,141
7,103,2,2050,1886,1703,183,1863,23,1582,281
7,104,2,950,675,539,136,672,3,603,69
7,105,2,1603,1289,1192,97,1279,10,1173,106
7,106,2,1983,1571,1307,264,1544,27,1271,273
7,107,2,901,852,670,182,843,9,733,110
7,108,2,1178,734,596,138,718,16,512,206
7,109,2,1127,749,572,177,727,22,549,178
7,110,2,1368,1056,931,125,1047,9,945,102
7,111,2,463,406,346,60,396,10,305,91
7,112,2,1212,1145,962,183,1135,10,975,160
7,113,2,1043,955,817,138,947,8,854,93
7,114,2,1071,929,908,21,909,20,840,69
7,115,2,1331,1026,855,171,1013,13,836,177
7,116,2,1299,935,801,134,922,13,733,189
7,117,2,1329,920,810,110,902,18,773,129
7,118,2,168,161,120,41,158,3,144,14
7,119,2,1302,1236,1048,188,1225,11,1087,138
7,120,2,550,555,480,75,550,5,497,53
7,121,2,692,616,534,82,610,6,554,56
7,122,2,546,550,475,75,547,3,498,49
7,123,2,417,443,383,60,440,3,343,97
7,124,2,594,641,536,105,635,6,565,70
7,125,2,1124,923,796,127,915,8,715,200
7,126,2,885,691,586,105,679,12,546,133
7,127,2,1025,963,853,110,943,20,791,152
7,128,2,1149,1056,851,205,1041,15,829,212
7,129,2,416,473,372,101,472,1,394,78
7,130,2,1014,782,674,108,775,7,632,143
7,131,2,1110,1005,917,88,997,8,853,144
7,132,2,500,358,271,87,347,11,300,47
7,133,2,591,429,364,65,426,3,350,76
7,134,2,1301,905,785,120,892,13,772,120
7,135,2,2715,1938,1750,188,1923,15,1603,320
7,136,2,1475,1133,960,173,1128,5,936,192
7,137,2,913,736,602,134,731,5,591,140
7,138,2,419,461,415,46,458,3,399,59
7,139,2,727,756,700,56,750,6,654,96
7,140,2,864,854,775,79,850,4,747,103
7,141,2,345,331,302,29,329,2,294,35
7,142,2,300,297,290,7,297,0,253,44
7,143,2,559,588,495,93,577,11,459,118
7,144,2,1131,978,908,70,962,16,882,80
7,145,2,636,523,485,38,518,5,469,49
7,146,2,111,127,103,24,126,1,121,5
7,147,2,1338,1476,1255,221,1461,15,1332,129
7,148,2,747,658,525,133,651,7,600,51
7,149,2,0,54,0,54,54,0,45,9
7,150,2,533,570,400,170,568,2,518,50
7,151,2,1537,895,690,205,884,11,694,190
7,152,2,1545,1309,1091,218,1292,17,1110,182
7,153,2,1314,1103,983,120,1064,39,982,82
7,154,2,1652,983,804,179,979,4,850,129
7,155,2,1566,1103,768,335,1094,9,968,126
7,156,2,446,684,446,238,678,6,578,100
7,157,2,1723,1198,1019,179,1186,12,1010,176
7,158,2,1078,870,708,162,857,13,760,97
7,159,2,1184,887,667,220,877,10,757,120
7,160,2,1003,877,656,221,871,6,700,171
7,161,2,1127,1052,884,168,1043,9,885,158
7,162,2,744,749,582,167,740,9,609,131
7,163,2,1020,831,762,69,821,10,750,71
7,164,2,474,438,349,89,431,7,398,33
7,165,2,691,618,546,72,610,8,551,59
7,166,2,720,633,567,66,630,3,543,87
7,167,2,2928,2012,1819,193,1995,17,1728,267
7,168,2,1314,1037,873,164,1025,12,897,128
7,169,2,1115,976,869,107,975,1,849,126
7,170,2,626,535,476,59,532,3,487,45
7,171,2,1650,1353,1268,85,1349,4,1213,136
7,172,2,1150,926,830,96,913,13,777,136
7,173,2,1420,1271,1008,263,1258,13,1003,255
7,174,2,1300,1192,988,204,1181,11,1054,127
7,175,2,977,816,688,128,806,10,687,119
7,176,2,1082,996,905,91,988,8,937,51
7,177,2,514,428,396,32,424,4,349,75
7,178,2,1131,988,935,53,982,6,863,119
7,179,2,979,862,836,26,856,6,751,105
7,180,2,2183,1744,1524,220,1731,13,1441,290
7,181,2,1093,1019,897,122,1009,10,819,190
7,182,2,1808,1478,1344,134,1471,7,1318,153
7,183,2,1372,1304,1125,179,1293,11,1164,129
7,184,2,780,740,710,30,735,5,622,113
7,185,2,1789,1230,958,272,1213,17,1040,173
7,186,2,482,533,442,91,530,3,453,77
7,187,2,340,373,330,43,373,0,302,71
7,188,2,833,847,735,112,843,4,737,106
7,189,2,342,364,318,46,361,3,327,34
7,190,2,350,400,350,50,400,0,370,30
7,191,2,936,851,682,169,844,7,766,78
7,192,2,1312,1122,968,154,1113,9,997,116
7,193,2,978,836,601,235,824,12,724,100
7,194,2,1111,869,738,131,852,17,737,115
7,195,2,1547,1194,1051,143,1177,17,959,218
7,196,2,611,502,469,33,501,1,314,187
7,197,2,1335,985,885,100,979,6,749,230
7,198,2,484,448,427,21,440,8,416,24
7,199,2,840,750,674,76,746,4,668,78
7,200,2,623,598,519,79,590,8,499,91
7,201,2,386,397,347,50,391,6,332,59
7,202,2,1932,1517,1304,213,1505,12,1330,175
7,203,2,690,432,372,60,429,3,399,30
7,204,2,883,882,671,211,870,12,757,113
7,205,2,400,438,384,54,435,3,418,17
7,206,2,1083,865,773,92,861,4,750,111
7,207,2,1267,1020,914,106,1010,10,933,77
7,208,2,1063,848,661,187,841,7,690,151
7,209,2,696,779,501,278,766,13,657,109
7,210,2,1088,947,722,225,937,10,848,89
7,211,2,1978,1527,1393,134,1511,16,1334,177
7,212,2,255,233,172,61,230,3,197,33
7,213,2,1682,1179,1025,154,1171,8,991,180
7,214,2,359,308,253,55,304,4,269,35
7,215,2,705,742,605,137,740,2,616,124
7,216,2,812,885,755,130,882,3,774,108
7,217,2,1578,1698,1370,328,1683,15,1513,170
7,218,2,1053,770,554,216,764,6,639,125
7,219,2,1159,1030,833,197,1015,15,904,111
7,220,2,1042,870,696,174,861,9,784,77
7,221,2,1058,1090,977,113,1080,10,883,197
7,222,2,450,347,249,98,344,3,321,23
7,223,2,425,393,271,122,392,1,374,18
7,224,2,1610,1632,1424,208,1617,15,1355,262
7,225,2,1083,996,903,93,985,11,871,114
7,226,2,810,776,701,75,771,5,711,60
7,227,2,387,388,352,36,368,20,316,52
7,228,2,1089,972,798,174,963,9,830,133
7,229,2,420,471,397,74,461,10,419,42
7,230,2,960,963,828,135,947,16,756,191
7,231,2,180,182,144,38,182,0,148,34
7,232,2,560,534,461,73,525,9,455,70
7,233,2,360,332,163,169,330,2,304,26
7,234,2,1073,963,771,192,951,12,853,98
7,235,2,634,533,394,139,528,5,485,43
7,236,2,907,915,776,139,909,6,771,138
7,237,2,713,767,581,186,758,9,667,91
7,238,2,686,654,531,123,649,5,580,69
7,239,2,996,893,782,111,889,4,769,120
7,240,2,1504,1104,994,110,1088,16,891,197
7,241,2,1413,1147,1031,116,1139,8,999,140
7,242,2,399,403,388,15,401,2,364,37
7,243,2,849,744,633,111,736,8,670,66
7,244,2,581,450,385,65,445,5,397,48
7,245,2,392,350,294,56,344,6,299,45
7,246,2,722,598,530,68,594,4,520,74
7,247,2,1069,978,853,125,972,6,865,107
7,248,2,1009,886,784,102,878,8,756,122
7,249,2,1018,994,762,232,986,8,867,119
7,250,2,2211,1860,1399,461,1834,26,1304,530
7,251,2,771,750,502,248,743,7,593,150
7,252,2,1414,1351,1057,294,1346,5,1096,250
7,253,2,586,589,467,122,583,6,458,125
7,254,2,1679,1286,1129,157,1273,13,1118,155
7,255,2,1167,943,868,75,938,5,882,56
7,256,2,1660,1453,1199,254,1442,11,1195,247
7,257,2,624,568,489,79,566,2,506,60
7,258,2,817,694,602,92,687,7,596,91
7,259,2,921,840,718,122,834,6,767,67
7,260,2,753,867,279,588,863,4,791,72
7,261,2,947,1038,702,336,1000,38,929,71
7,262,2,1016,966,615,351,960,6,865,95
7,263,2,1322,990,764,226,985,5,850,135
7,264,2,1038,785,583,202,774,11,645,129
7,265,2,909,673,518,155,666,7,560,106
7,266,2,401,390,339,51,390,0,332,58
7,267,2,997,779,640,139,770,9,663,107
7,268,2,588,527,406,121,520,7,454,66
7,269,2,991,890,801,89,887,3,799,88
7,270,2,842,820,713,107,803,17,774,29
7,271,2,733,540,461,79,534,6,474,60
7,272,2,896,854,716,138,846,8,659,187
7,273,2,804,698,602,96,689,9,591,98
7,274,2,850,793,676,117,785,8,680,105
7,275,2,490,456,372,84,452,4,400,52
7,276,2,510,446,391,55,438,8,390,48
7,277,2,1560,1441,1246,195,1427,14,1149,278
7,278,2,662,567,475,92,562,5,480,82
7,279,2,658,561,468,93,545,16,461,84
7,280,2,1303,1260,1097,163,1253,7,1070,183
7,281,2,1130,1006,869,137,999,7,839,160
7,282,2,1022,950,766,184,936,14,829,107
7,283,2,1555,1400,1218,182,1393,7,1248,145
7,284,2,1352,1020,887,133,1013,7,893,120
7,285,2,1419,1184,1025,159,1169,15,1041,128
7,286,2,1425,1019,916,103,1012,7,922,90
7,287,2,703,607,507,100,599,8,490,109
7,288,2,900,687,480,207,678,9,574,104
7,289,2,903,789,680,109,781,8,683,98
7,290,2,925,834,709,125,830,4,747,83
7,291,2,977,936,852,84,924,12,835,89
7,292,2,1202,849,737,112,844,5,743,101
8,1,2,320,693,182,511,684,9,182,502
8,2,2,1381,1114,988,126,1100,14,516,584
8,3,2,1315,992,920,72,985,7,365,620
8,4,2,1035,804,724,80,797,7,270,527
8,5,2,1415,1153,979,174,1149,4,431,718
8,6,2,870,753,602,151,741,12,269,472
8,7,2,1188,820,724,96,817,3,316,501
8,8,2,1527,1086,1009,77,1080,6,343,737
8,9,2,1430,1112,982,130,1106,6,389,717
8,10,2,1275,903,801,102,896,7,314,582
8,11,2,1494,1057,993,64,1054,3,437,617
8,12,2,1722,1249,1113,136,1246,3,420,826
8,13,2,1616,1309,1104,205,1304,5,458,846
8,14,2,1068,990,692,298,987,3,365,622
8,15,2,1613,1333,995,338,1321,12,643,678
8,16,2,1569,1226,1052,174,1221,5,448,773
8,17,2,1224,973,895,78,970,3,442,528
8,18,2,1186,951,877,74,948,3,372,576
8,19,2,1275,966,900,66,962,4,408,554
8,20,2,1182,896,799,97,892,4,339,553
8,21,2,1217,963,884,79,956,6,275,681
8,22,2,1373,1007,791,216,1002,5,377,625
8,23,2,1415,1028,945,83,1020,8,353,667
8,24,2,1262,928,882,46,922,6,264,658
8,25,2,1529,1137,1019,118,1126,11,415,711
8,26,2,853,643,595,48,639,4,199,440
8,27,2,1183,951,771,180,942,9,356,586
8,28,2,1634,1161,1074,87,1154,7,511,643
8,29,2,1485,1149,1030,119,1145,4,426,719
8,30,2,1413,999,928,71,993,6,393,600
8,31,2,1276,923,833,90,918,5,308,610
8,32,2,858,632,522,110,622,10,265,357
8,33,2,1251,908,796,112,901,7,410,491
8,34,2,1243,843,697,146,834,9,431,403
8,35,2,1278,891,765,126,880,11,315,565
8,36,2,1722,1288,1122,166,1273,15,558,715
8,37,2,1128,828,732,96,823,5,399,424
8,38,2,1302,1079,806,273,1069,8,500,569
8,39,2,691,478,380,98,473,5,146,327
8,40,2,1339,894,777,117,884,10,470,414
8,41,2,767,510,459,51,509,1,212,297
8,42,2,1498,1106,1053,53,1095,11,329,766
8,43,2,1173,868,766,102,866,2,307,559
8,44,2,1811,1342,933,409,1320,22,663,657
8,45,2,1026,673,629,44,669,4,283,386
8,46,2,1441,1168,1015,153,1157,11,529,628
8,47,2,1121,862,760,102,860,2,360,500
8,48,2,2171,1755,1586,169,1745,10,742,1003
8,49,2,1576,1213,1111,102,1197,8,590,607
8,50,2,1729,1317,1235,82,1307,10,659,648
8,51,2,1017,700,646,54,692,8,322,370
8,52,2,1741,1270,1177,93,1269,1,478,791
8,53,2,2231,1675,1557,118,1665,10,768,897
8,54,2,1951,1484,1414,70,1477,7,614,863
8,55,2,1997,1490,1384,106,1482,8,698,784
8,56,2,1393,1005,931,74,1001,4,481,520
8,57,2,1095,835,757,78,832,3,414,418
8,58,2,1455,1053,965,88,1046,7,489,557
8,59,2,1090,837,753,84,827,10,424,403
8,60,2,1038,834,782,52,831,3,379,452
8,61,2,1613,1218,1140,78,1208,10,563,645
8,62,2,1984,1464,1257,207,1451,13,823,628
8,63,2,1426,970,853,117,965,5,536,429
8,64,2,2034,2036,1253,783,2021,15,1010,1011
8,65,2,1422,1240,828,412,1227,13,621,606
8,66,2,1058,935,500,435,924,11,504,420
8,67,2,1114,835,737,98,832,3,434,398
8,68,2,1927,1491,1283,208,1480,11,704,776
8,69,2,1137,854,747,107,844,10,338,506
8,70,2,1001,727,659,68,724,3,280,444
8,71,2,1204,978,818,160,975,3,351,624
8,72,2,1722,1285,1176,109,1278,7,531,747
8,73,2,1710,1270,1196,74,1263,7,580,683
8,74,2,1320,1037,952,85,1034,3,508,526
8,75,2,1862,1419,1307,112,1412,7,687,725
8,76,2,523,433,364,69,430,3,174,256
8,77,2,749,1379,442,937,1363,16,618,745
8,78,2,1444,856,742,114,854,2,391,463
8,79,2,2715,2030,1778,252,2024,6,913,1111
8,80,2,2245,2201,1308,893,2181,20,1320,861
8,81,2,1462,1136,1041,95,1135,1,643,492
8,82,2,1569,1177,1089,88,1169,8,635,534
8,83,2,1480,1030,953,77,1027,3,503,524
8,84,2,1376,1036,958,78,1026,10,531,495
8,85,2,1683,1221,1121,100,1209,12,596,613
8,86,2,1329,1007,924,83,997,10,460,537
8,87,2,1816,1346,1264,82,1334,12,680,654
8,88,2,1318,961,876,85,957,4,446,511
8,89,2,1052,640,586,54,635,5,312,323
8,90,2,1436,1154,1007,147,1148,6,611,537
8,91,2,1164,859,777,82,852,7,407,445
8,92,2,1647,1105,987,118,1095,10,541,554
8,93,2,2685,1895,1742,153,1881,14,959,922
8,94,2,1203,888,747,141,883,5,402,481
8,95,2,1636,1240,1148,92,1233,7,522,711
8,96,2,1395,1136,959,177,1132,4,563,569
8,97,2,1030,801,756,45,798,3,386,412
8,98,2,1756,1304,1205,99,1297,7,573,724
8,99,2,1629,1237,1119,118,1230,6,501,729
8,100,2,1747,1233,1106,127,1229,4,528,701
8,101,2,1896,1488,1278,210,1484,4,729,755
8,102,2,1523,1060,949,111,1056,4,472,584
8,103,2,755,565,467,98,563,2,267,296
8,104,2,1456,1119,805,314,1108,11,626,482
8,105,2,1329,1062,899,163,1055,7,675,380
8,106,2,1276,876,825,51,875,1,439,436
8,107,2,1598,1163,1077,86,1149,14,547,602
8,108,2,1276,892,848,44,880,12,436,444
8,109,2,784,592,555,37,591,1,286,305
8,110,2,778,594,565,29,591,3,307,284
8,111,2,1708,1200,1118,82,1193,5,631,562
8,112,2,1292,963,908,55,953,8,398,555
8,113,2,907,683,623,60,680,3,363,317
8,114,2,1667,1223,1127,96,1215,8,668,547
8,115,2,1285,893,811,82,891,2,454,437
8,116,2,974,707,654,53,705,2,345,360
8,117,2,1070,827,766,61,819,8,442,377
8,118,2,1252,1071,854,217,1067,4,495,572
8,119,2,699,507,474,33,506,1,256,250
8,120,2,1869,1253,1189,64,1247,6,662,585
8,121,2,1037,970,708,262,962,8,438,524
8,122,2,1184,1163,570,593,1151,12,586,565
8,123,2,782,609,561,48,607,2,234,373
8,124,2,1643,1157,1077,80,1151,6,609,542
8,125,2,1874,1684,1226,458,1668,16,953,715
8,126,2,1890,1470,1371,99,1461,9,712,749
8,127,2,893,678,627,51,673,5,335,338
8,128,2,1414,986,930,56,975,11,485,490
8,129,2,1672,1317,1175,142,1306,11,679,627
8,130,2,1664,1235,1164,71,1233,2,610,623
8,131,2,1643,1224,1093,131,1218,6,650,568
8,132,2,1356,974,904,70,969,5,441,528
8,133,2,1029,828,775,53,828,0,365,463
8,134,2,746,595,564,31,592,3,300,292
8,135,2,2196,1636,1557,79,1633,3,756,877
8,136,2,0,23,0,23,23,0,6,17
8,137,2,1506,1180,1105,75,1097,8,504,593
8,138,2,1635,1215,1104,111,1206,9,567,639
8,139,2,912,627,570,57,624,3,328,296
8,140,2,1515,1073,972,101,1061,12,601,460
8,141,2,1409,974,916,58,965,9,545,420
8,142,2,1422,1082,1029,53,1070,7,595,475
8,143,2,753,615,532,83,606,9,325,281
8,144,2,1113,772,709,63,761,11,421,340
8,145,2,1198,1055,779,276,1048,7,584,464
8,146,2,1021,809,707,102,802,7,355,447
8,147,2,1287,1011,842,169,1007,4,433,574
8,148,2,1337,1020,946,74,1017,3,508,509
8,149,2,1666,1247,1138,109,1240,7,604,636
8,150,2,1645,1441,1092,349,1434,7,734,700
8,151,2,1235,945,880,65,941,4,415,526
8,152,2,1318,942,878,64,940,2,419,521
8,153,2,1723,1313,1204,109,1310,3,644,666
8,154,2,1578,1138,1055,83,1133,5,585,548
8,155,2,2041,1549,1434,115,1539,10,813,726
8,156,2,2065,1559,1428,131,1548,11,726,822
8,157,2,2229,1680,1568,112,1673,7,845,828
8,158,2,1318,945,867,78,937,8,464,473
8,159,2,1666,1215,1124,91,1212,3,628,584
8,160,2,1608,1254,803,451,1239,15,741,498
8,161,2,1330,978,843,135,970,8,475,495
8,162,2,1729,1369,1186,183,1361,8,776,585
8,163,2,1141,860,748,112,852,8,517,335
8,164,2,1593,1122,1012,110,1120,2,674,446
8,165,2,1526,1115,968,147,1104,11,668,436
8,166,2,917,730,611,119,724,6,419,305
8,167,2,1322,1045,899,146,1034,11,533,501
8,168,2,0,587,0,587,498,16,242,256
8,169,2,0,355,0,355,343,12,191,152
8,170,2,0,228,0,228,225,3,83,142
8,171,2,0,444,0,444,441,3,181,260
8,172,2,0,319,0,319,317,2,148,169
8,173,2,0,668,0,668,667,1,104,563
8,174,2,0,765,0,765,754,10,359,395
8,175,2,0,1158,0,1158,1153,5,239,914
8,176,2,1829,1075,941,134,1064,11,357,707
8,177,2,1589,1147,913,234,1137,10,401,736
8,178,2,1432,945,821,124,938,7,315,623
8,179,2,1346,1013,817,196,1011,2,285,726
8,180,2,1061,789,703,86,785,4,226,559
8,181,2,1278,792,663,129,789,3,339,450
8,182,2,1631,1141,1014,127,1133,8,347,786
8,183,2,906,817,578,239,807,10,311,496
8,184,2,1257,999,735,264,997,2,322,675
8,185,2,1617,856,701,155,856,0,278,578
8,186,2,930,680,541,139,679,1,184,495
8,187,2,1052,730,558,172,729,1,231,498
8,188,2,1091,765,699,66,759,6,264,495
8,189,2,1587,1013,882,131,1010,3,364,646
8,190,2,1350,814,734,80,807,7,272,535
8,191,2,1458,1029,878,151,1023,6,372,651
8,192,2,1204,784,697,87,781,3,246,535
8,193,2,905,783,485,298,776,7,258,518
8,194,2,918,823,450,373,814,9,240,574
8,195,2,1327,925,799,126,923,2,322,601
8,196,2,1643,1052,894,158,1043,9,409,634
8,197,2,1187,703,547,156,698,5,263,435
8,198,2,890,657,483,174,655,2,180,475
8,199,2,1389,939,825,114,937,2,311,626
8,200,2,1414,986,863,123,982,4,391,591
8,201,2,1250,1426,754,672,1418,8,946,472
8,202,2,1102,987,729,258,984,3,641,343
8,203,2,1279,1204,764,440,1192,12,543,649
8,204,2,1013,744,627,117,737,7,407,330
8,205,2,1292,931,796,135,920,11,517,403
8,206,2,1312,886,808,78,880,6,543,337
8,207,2,1185,824,650,174,816,8,518,298
8,208,2,1257,980,804,176,972,8,602,370
8,209,2,1335,1071,938,133,1061,10,680,381
8,210,2,1466,1088,962,126,1083,5,679,404
8,211,2,1468,965,880,85,955,10,573,382
8,212,2,1234,878,738,140,867,11,511,356
8,213,2,2765,1720,1510,210,1703,17,919,784
8,214,2,2309,1940,1358,582,1931,9,959,972
8,215,2,258,349,123,226,344,5,199,145
8,216,2,662,416,363,53,415,1,271,144
8,217,2,342,490,314,176,487,3,250,237
8,218,2,1257,912,826,86,901,11,423,478
8,219,2,748,557,418,139,552,5,318,234
8,220,2,1073,855,748,107,849,6,463,386
8,221,2,1222,983,862,121,976,7,542,434
8,222,2,536,499,357,142,496,3,296,200
8,223,2,1147,1030,697,333,1023,7,536,487
8,224,2,1800,1316,1132,184,1303,13,700,603
8,225,2,1615,1324,1050,274,1316,8,656,660
8,226,2,1031,747,403,344,735,12,365,370
8,227,2,1140,897,749,148,893,4,407,486
8,228,2,1110,811,736,75,801,10,364,437
8,229,2,1141,788,694,94,774,14,339,435
8,230,2,594,468,424,44,466,2,175,291
8,231,2,294,227,193,34,224,3,124,100
8,232,2,1675,1379,1276,103,1374,5,254,1120
8,233,2,1382,953,858,95,929,14,433,496
8,234,2,1054,826,729,97,822,4,359,463
8,235,2,1266,970,906,64,965,5,178,787
8,236,2,1320,1082,975,107,1067,12,197,870
8,237,2,1641,1133,943,190,1122,11,354,768
8,238,2,1030,904,721,183,899,5,511,388
8,239,2,856,764,592,172,758,6,414,344
8,240,2,1668,1228,1128,100,1222,6,324,898
8,241,2,1425,1210,1025,185,1201,9,642,559
8,242,2,497,444,337,107,442,2,251,191
8,243,2,1188,886,770,116,881,5,507,374
8,244,2,1194,1053,837,216,1047,0,601,446
8,245,2,1279,1045,920,125,1026,8,627,399
8,246,2,885,853,719,134,846,7,468,378
8,247,2,1252,932,824,108,922,10,206,716
8,248,2,1186,782,707,75,758,24,229,529
8,249,2,1038,776,714,62,773,3,319,454
8,250,2,1083,755,701,54,747,8,390,357
8,251,2,1198,853,776,77,849,4,330,519
8,252,2,1120,850,804,46,840,10,407,433
8,253,2,897,798,607,191,789,9,395,394
8,254,2,1316,865,788,77,856,9,233,623
8,255,2,1408,1134,964,170,1121,13,667,454
8,256,2,1284,974,879,95,968,6,606,362
8,257,2,1549,1135,1043,92,1130,5,673,457
8,258,2,1109,825,707,118,812,13,429,383
8,259,2,1035,784,694,90,774,10,390,384
8,260,2,795,816,442,374,811,5,444,367
8,261,2,1145,893,683,210,882,11,522,360
8,262,2,1646,1134,1032,102,1128,6,725,403
8,263,2,2006,1354,1170,184,1336,18,793,543
8,264,2,1776,1287,1170,117,1276,11,808,468
8,265,2,840,1036,506,530,1028,8,555,473
8,266,2,1366,808,729,79,799,9,493,306
8,267,2,1201,656,567,89,647,9,359,288
8,268,2,965,849,725,124,833,16,496,337
8,269,2,1208,1034,915,119,1020,14,311,709
8,270,2,482,573,438,135,573,0,87,486
8,271,2,553,504,392,112,502,2,185,317
8,272,2,203,158,123,35,158,0,75,83
8,273,2,192,200,132,68,197,3,98,99
8,274,2,382,332,285,47,332,0,129,203
8,275,2,1331,1053,865,188,1041,12,751,290
8,276,2,1269,1184,947,237,1166,18,515,651
8,277,2,1817,1632,1205,427,1616,15,896,720
8,278,2,1439,737,697,40,723,14,428,295
8,279,2,981,612,544,68,608,4,390,218
8,280,2,1274,1008,937,71,973,35,242,731
8,281,2,672,584,554,30,577,7,146,431
8,282,2,451,346,250,96,346,0,214,132
8,283,2,309,314,161,153,314,0,264,50
8,284,2,255,198,141,57,195,3,144,51
8,285,2,121,141,67,74,139,2,43,96
8,286,2,299,210,137,73,209,1,181,28
8,287,2,601,571,477,94,568,3,304,264
8,288,2,165,253,131,122,250,3,171,79
8,289,2,500,457,398,59,454,3,61,393
8,290,2,245,249,196,53,249,0,141,108
8,291,2,974,931,666,265,919,12,459,460
8,292,2,245,183,165,18,181,2,113,68
8,293,2,641,563,467,96,553,10,246,307
8,294,2,238,264,191,73,261,3,85,176
8,295,2,470,446,411,35,440,6,263,177
8,296,2,375,306,286,20,304,2,174,130
8,297,2,1400,1133,998,135,1119,14,596,523
8,298,2,1088,1089,818,271,1081,8,608,473
8,299,2,1288,1037,935,102,1016,21,411,605
8,300,2,1294,961,897,64,955,6,457,498
8,301,2,745,657,556,101,648,9,314,334
8,302,2,1699,1321,944,377,1310,11,675,635
8,303,2,1005,908,612,296,900,8,498,402
8,304,2,1076,892,728,164,882,10,356,526
8,305,2,620,472,411,61,470,2,369,101
8,306,2,412,290,252,38,290,0,207,83
8,307,2,825,974,549,425,954,20,464,490
8,308,2,1502,1283,1057,226,1269,14,683,586
8,309,2,405,344,294,50,340,4,195,145
8,310,2,900,638,579,59,633,5,363,270
8,311,2,1056,821,716,105,815,6,435,380
8,312,2,1135,821,706,115,804,17,288,516
8,313,2,776,624,539,85,620,4,128,492
8,314,2,943,897,620,277,889,8,507,382
8,315,2,1278,977,757,220,966,11,671,295
8,316,2,369,344,277,67,338,6,136,202
8,317,2,940,693,620,73,688,5,257,431
8,318,2,829,755,525,230,743,12,288,455
8,319,2,1844,1538,1414,124,1526,12,328,1198
8,320,2,860,721,633,88,718,3,275,443
8,321,2,632,584,523,61,576,8,103,473
8,322,2,752,729,563,166,727,2,308,419
8,323,2,398,372,328,44,369,3,18,351
8,324,2,284,303,217,86,301,2,160,141
8,325,2,618,414,323,91,405,9,249,156
8,326,2,497,351,260,91,348,3,218,130
8,327,2,441,363,300,63,362,1,78,284
8,328,2,552,459,344,115,456,3,272,184
8,329,2,799,706,602,104,695,11,255,440
8,330,2,612,576,479,97,571,5,125,446
8,331,2,864,773,580,193,757,8,287,470
8,332,2,363,310,239,71,305,5,136,169
8,333,2,725,738,475,263,731,7,339,392
8,334,2,554,456,373,83,451,5,183,268
8,335,2,310,326,257,69,325,1,99,226
8,336,2,231,221,175,46,219,2,112,107
8,337,2,313,301,242,59,298,3,134,164
8,338,2,2125,1642,1523,119,1513,10,967,546
8,339,2,501,375,339,36,368,7,251,117
8,340,2,685,446,413,33,441,5,309,132
8,341,2,492,387,357,30,381,6,284,97
8,342,2,1207,1056,962,94,1048,8,184,864
8,343,2,635,510,379,131,507,3,214,293
8,344,2,400,377,306,71,376,1,239,137
8,345,2,274,283,203,80,277,6,127,150
8,346,2,545,491,383,108,487,4,197,290
8,347,2,303,280,222,58,278,2,163,115
8,348,2,880,658,620,38,655,3,404,251
8,349,2,991,617,554,63,612,5,379,233
8,350,2,297,180,160,20,178,2,97,81
8,351,2,426,233,213,20,226,7,138,88
8,352,2,1179,838,787,51,829,9,399,430
8,353,2,1788,1219,1112,107,1205,14,596,609
8,354,2,1785,1207,1148,59,1170,18,635,535
8,355,2,1071,714,662,52,710,4,402,308
8,356,2,945,875,804,71,868,7,541,327
8,357,2,1633,1584,1422,162,1496,88,77,1419
8,358,2,307,289,236,53,287,2,127,160
8,359,2,1357,818,681,137,802,16,299,503
8,360,2,522,496,391,105,490,6,256,234
8,361,2,593,497,440,57,491,6,149,342
8,362,2,1027,889,694,195,882,7,303,579
8,363,2,360,399,318,81,397,2,28,369
8,364,2,481,427,350,77,420,7,117,303
8,365,2,1117,813,692,121,811,2,374,437
8,366,2,743,544,478,66,532,12,241,291
8,367,2,765,642,532,110,639,3,271,368
8,368,2,1170,898,693,205,893,5,531,362
8,369,2,1036,828,711,117,822,6,358,464
8,370,2,342,314,246,68,309,5,119,190
8,371,2,232,230,184,46,225,5,133,92
8,372,2,312,312,254,58,306,6,186,120
8,373,2,176,179,138,41,177,2,55,122
8,374,2,140,157,113,44,156,1,122,34
8,375,2,2360,1776,303,1473,1760,16,600,1160
8,376,2,195,262,159,103,261,1,151,110
8,377,2,1404,1010,835,175,1006,4,415,591
8,378,2,1136,1014,769,245,999,15,325,674
8,379,2,1634,1191,1074,117,1150,41,315,835
8,380,2,705,529,495,34,524,5,401,123
8,381,2,381,313,265,48,306,7,129,177
8,382,2,173,193,150,43,192,1,14,178
8,383,2,784,520,460,60,514,6,176,338
8,384,2,191,193,162,31,192,1,87,105
8,385,2,665,495,411,84,488,7,197,291
8,386,2,768,585,520,65,574,11,360,214
8,387,2,491,513,450,63,502,11,385,117
8,388,2,1244,830,756,74,822,8,590,232
8,389,2,710,512,468,44,508,4,382,126
8,390,2,393,216,197,19,213,3,150,63
8,391,2,902,565,481,84,558,7,220,338
8,392,2,899,648,591,57,644,4,312,332
8,393,2,371,285,255,30,281,4,142,139
8,394,2,538,403,351,52,401,2,234,167
8,395,2,1135,935,790,145,927,8,232,695
8,396,2,365,337,226,111,336,1,141,195
8,397,2,1135,969,829,140,961,8,342,619
8,398,2,511,497,352,145,493,4,129,364
8,399,2,2078,1629,1512,117,1605,24,833,772
8,400,2,377,309,264,45,304,5,191,113
8,401,2,1012,627,598,29,618,9,410,208
9,1,2,1921,1547,1434,113,1527,20,1241,286
9,2,2,1720,1400,1279,121,1387,13,1101,286
9,3,2,1594,1317,996,321,1310,7,983,327
9,4,2,1320,1130,1008,122,1123,7,882,241
9,5,2,2168,1534,1372,162,1521,13,1158,363
9,6,2,1694,1423,1189,234,1409,14,1134,275
9,7,2,2075,1440,1167,273,1433,7,1083,350
9,8,2,2290,1691,1570,121,1678,13,1121,557
9,9,2,1880,1400,1264,136,1392,8,1054,338
9,10,2,2049,1782,1433,349,1759,23,1386,373
9,11,2,1586,1210,1065,145,1206,4,886,320
9,12,2,1272,1048,883,165,1042,6,794,248
9,13,2,2103,1563,1419,144,1549,14,1172,377
9,14,2,1590,1311,1069,242,1306,5,992,314
9,15,2,1749,1255,1014,241,1245,10,969,276
9,16,2,1889,1307,1092,215,1297,10,910,387
9,17,2,1959,1377,1188,189,1368,9,963,405
9,18,2,1791,1456,1247,209,1447,9,1069,378
9,19,2,2218,1648,1405,243,1643,5,1118,525
9,20,2,1743,1339,1237,102,1329,10,940,389
9,21,2,1398,1168,926,242,1162,6,896,266
9,22,2,1663,1244,1093,151,1238,6,949,289
9,23,2,665,637,402,235,635,2,425,210
9,24,2,1339,878,785,93,873,5,666,207
9,25,2,1055,972,544,428,962,10,679,283
9,26,2,1849,1422,1189,233,1394,28,1032,362
9,27,2,1301,906,788,118,898,8,706,192
9,28,2,1339,866,755,111,856,10,663,193
9,29,2,1188,1031,829,202,1021,10,836,185
9,30,2,2200,1630,1485,145,1610,20,1339,271
9,31,2,1544,1394,1148,246,1381,13,1155,226
9,32,2,1042,945,744,201,936,9,783,153
9,33,2,2039,1517,1241,276,1504,13,1198,306
9,34,2,1953,1454,1251,203,1444,10,1134,310
9,35,2,1826,1417,1201,216,1394,23,1113,281
9,36,2,1153,964,729,235,951,13,823,128
9,37,2,1419,1173,1040,133,1157,16,860,297
9,38,2,1139,909,803,106,902,7,658,244
9,39,2,1369,1078,1010,68,1069,9,757,312
9,40,2,1614,1203,1124,79,1189,14,882,307
9,41,2,1689,1279,1113,166,1273,6,939,334
9,42,2,1263,988,854,134,984,4,759,225
9,43,2,1251,1024,913,111,1014,10,756,258
9,44,2,1231,1038,936,102,1036,2,771,265
9,45,2,1139,944,818,126,930,14,751,179
9,46,2,1367,1091,962,129,1080,11,838,242
9,47,2,1337,1115,989,126,1110,5,815,295
9,48,2,1567,1300,1100,200,1289,11,940,349
9,49,2,1499,1167,1082,85,1161,6,825,336
9,50,2,1606,1043,932,111,1030,13,769,261
9,51,2,1518,1176,964,212,1164,12,875,289
9,52,2,1192,929,804,125,920,9,769,151
9,53,2,1290,1094,979,115,1079,15,848,231
9,54,2,1535,1183,1099,84,1175,8,832,343
9,55,2,1040,728,685,43,719,9,504,215
9,56,2,1331,1087,915,172,1080,7,761,319
9,57,2,1326,956,888,68,954,2,627,327
9,58,2,1647,1304,1018,286,1289,15,943,346
9,59,2,1729,1407,1249,158,1398,9,914,484
9,60,2,1407,1138,1006,132,1132,6,819,313
9,61,2,1952,1498,1349,149,1480,18,1080,400
9,62,2,1811,1400,1298,102,1384,16,929,455
9,63,2,2175,1619,1535,84,1611,8,1144,467
9,64,2,1846,1412,1282,130,1402,10,1000,402
9,65,2,1846,1433,1352,81,1423,10,1001,422
9,66,2,1746,1371,1252,119,1363,8,997,366
9,67,2,2172,1722,1603,119,1711,11,1275,436
9,68,2,1922,1422,1278,144,1409,13,1050,359
9,69,2,1970,1503,1353,150,1499,4,1095,404
9,70,2,1930,1339,1067,272,1328,11,933,395
9,71,2,1958,1673,1387,286,1662,11,1055,607
9,72,2,2555,1641,1472,169,1628,13,1156,472
9,73,2,2192,1528,1315,213,1515,13,1136,379
9,74,2,1553,1181,991,190,1167,14,865,302
9,75,2,1710,1333,1095,238,1322,11,915,407
9,76,2,1973,1564,1445,119,1549,15,1108,441
9,77,2,1287,1007,885,122,1004,3,773,231
9,78,2,1426,1291,1064,227,1286,5,907,379
9,79,2,1354,1142,1050,92,1135,7,783,352
9,80,2,1617,1284,1179,105,1274,10,874,400
9,81,2,1795,1473,1324,149,1464,9,1041,423
9,82,2,2100,1604,1438,166,1594,10,1146,448
9,83,2,2185,1376,1234,142,1362,14,903,459
9,84,2,1411,1138,955,183,1134,4,754,380
9,85,2,2230,1566,1390,176,1553,13,1068,485
9,86,2,1507,1033,944,89,1029,4,730,299
9,87,2,1578,1161,1020,141,1158,3,843,315
9,88,2,1979,1565,1348,217,1555,10,1017,538
9,89,2,1686,1406,1230,176,1391,15,737,654
9,90,2,1775,1394,1260,134,1391,3,816,575
9,91,2,1499,1121,1010,111,1114,7,789,325
9,92,2,1938,1414,1249,165,1402,12,923,479
9,93,2,2116,1522,1334,188,1516,6,989,527
9,94,2,1924,1664,1315,349,1654,10,1100,554
9,95,2,1696,1383,1209,174,1372,11,937,435
9,96,2,1376,1123,1046,77,1120,3,764,356
9,97,2,1779,1360,1223,137,1344,16,896,448
9,98,2,1751,1380,1252,128,1374,6,841,533
9,99,2,1802,1353,1210,143,1345,8,904,441
9,100,2,1686,1314,1191,123,1302,12,734,568
9,101,2,1866,1324,1099,225,1308,16,812,496
9,102,2,1635,1307,1039,268,1292,15,821,471
9,103,2,1451,999,863,136,993,6,594,399
9,104,2,0,364,0,364,361,3,296,65
9,105,2,0,73,0,73,72,1,42,30
9,106,2,0,211,0,211,209,2,146,63
9,107,2,0,0,0,0,0,0,0,0
9,108,2,2431,1880,1677,203,1866,14,1451,415
9,109,2,487,428,349,79,423,5,348,75
9,110,2,2140,1403,1083,320,1396,7,1111,285
9,111,2,2068,1465,1125,340,1449,16,1219,230
9,112,2,320,364,268,96,345,19,276,69
9,113,2,558,548,367,181,542,6,459,83
9,114,2,882,757,670,87,753,4,605,148
9,115,2,1154,996,785,211,989,7,860,129
9,116,2,652,527,464,63,521,6,461,60
9,117,2,1051,751,673,78,745,6,627,118
9,118,2,825,675,595,80,666,9,569,97
9,119,2,1828,1348,1163,185,1325,23,1083,242
9,120,2,1218,1028,868,160,1023,5,926,97
9,121,2,410,334,254,80,334,0,290,44
9,122,2,1647,1256,1035,221,1244,12,1064,180
9,123,2,894,778,652,126,771,7,700,71
9,124,2,1258,901,833,68,896,5,815,81
9,125,2,1071,839,719,120,832,7,737,95
9,126,2,1158,947,815,132,942,5,817,125
9,127,2,650,700,569,131,692,8,601,91
9,128,2,440,427,360,67,425,2,385,40
9,129,2,1404,961,864,97,949,12,770,179
9,130,2,1270,913,805,108,905,8,743,162
9,131,2,910,730,531,199,719,11,582,137
9,132,2,1803,1665,1473,192,1657,8,1501,156
9,133,2,578,605,473,132,595,10,528,67
9,134,2,867,840,740,100,834,6,714,120
9,135,2,680,688,572,116,685,3,629,56
9,136,2,1226,1188,985,203,1176,12,1024,152
9,137,2,1182,1023,790,233,1020,3,901,119
9,138,2,1753,1416,1196,220,1408,8,1289,119
9,139,2,296,309,250,59,276,33,261,15
9,140,2,445,363,290,73,361,2,299,62
9,141,2,334,301,211,90,293,8,248,45
9,142,2,846,785,599,186,781,4,681,100
9,143,2,752,794,681,113,745,49,722,23
9,144,2,1300,967,857,110,961,6,865,96
9,145,2,1563,1350,1266,84,1338,12,1215,123
9,146,2,1064,852,678,174,844,8,728,116
9,147,2,1002,838,666,172,829,9,752,77
9,148,2,1150,864,751,113,856,8,718,138
9,149,2,1500,1420,1188,232,1395,25,1234,161
9,150,2,1025,930,795,135,925,5,825,100
9,151,2,1298,1166,1035,131,1155,11,1032,123
9,152,2,731,625,456,169,616,9,540,76
9,153,2,386,363,304,59,362,1,305,57
9,154,2,612,442,374,68,436,6,318,118
9,155,2,433,367,281,86,363,4,314,49
9,156,2,199,175,165,10,175,0,159,16
9,157,2,1153,1002,817,185,997,5,882,115
9,158,2,800,658,583,75,650,8,590,60
9,159,2,281,229,211,18,225,4,194,31
9,160,2,733,506,458,48,500,6,456,44
9,161,2,1923,1481,1264,217,1468,13,1252,216
9,162,2,840,772,660,112,764,8,641,123
9,163,2,1221,894,822,72,887,7,783,104
9,164,2,1155,823,731,92,813,10,729,84
9,165,2,676,528,466,62,526,2,464,62
9,166,2,265,245,206,39,242,3,214,28
9,167,2,1163,1022,858,164,1014,8,910,104
9,168,2,1099,931,818,113,926,5,771,155
9,169,2,307,360,286,74,360,0,311,49
9,170,2,312,347,265,82,347,0,314,33
9,171,2,1169,1033,841,192,1013,17,868,145
9,172,2,371,375,308,67,368,7,304,64
9,173,2,1402,1494,1263,231,1484,10,1300,184
9,174,2,881,889,761,128,882,7,805,77
9,175,2,769,799,639,160,754,45,693,61
9,176,2,770,793,634,159,786,7,663,123
9,177,2,748,691,580,111,686,5,593,93
9,178,2,670,626,502,124,623,3,554,69
9,179,2,440,417,330,87,413,4,357,56
9,180,2,869,774,634,140,765,9,665,100
9,181,2,295,313,188,125,312,1,272,40
9,182,2,1256,1056,903,153,1047,9,914,133
9,183,2,1212,911,814,97,903,8,770,133
9,184,2,488,446,352,94,444,2,415,29
9,185,2,1512,1264,1138,126,1251,13,1097,154
9,186,2,748,781,650,131,777,4,670,107
9,187,2,1019,754,638,116,747,7,644,103
9,188,2,310,323,264,59,323,0,301,22
9,189,2,1844,1390,1145,245,1374,11,1124,250
9,190,2,1507,1088,883,205,1079,9,878,201
9,191,2,1788,1521,1324,197,1506,15,941,565
9,192,2,1218,1000,856,144,990,10,799,191
9,193,2,272,292,259,33,277,15,250,27
9,194,2,797,626,512,114,623,3,515,108
9,195,2,616,687,512,175,676,11,593,83
9,196,2,904,828,561,267,825,3,772,53
9,197,2,149,199,134,65,199,0,180,19
9,198,2,1800,1358,1290,68,1343,15,1087,256
9,199,2,823,772,597,175,768,4,607,161
9,200,2,834,710,590,120,698,12,593,105
9,201,2,195,218,168,50,218,0,191,27
9,202,2,1499,1018,977,41,1013,5,894,119
9,203,2,1212,880,810,70,869,11,739,130
9,204,2,1006,730,639,91,725,5,627,98
9,205,2,917,707,615,92,702,5,600,102
9,206,2,1625,1248,1010,238,1238,10,1063,175
9,207,2,1076,831,746,85,819,12,750,69
9,208,2,1166,845,776,69,835,10,750,85
9,209,2,901,762,617,145,751,11,652,99
9,210,2,962,901,738,163,895,6,775,120
9,211,2,1498,1220,1009,211,1195,25,953,242
9,212,2,959,673,546,127,657,16,487,170
9,213,2,1561,1359,1101,258,1349,10,1202,147
9,214,2,1060,1253,962,291,1232,21,1169,63
9,215,2,1569,1430,1288,142,1425,5,1303,122
9,216,2,648,603,502,101,602,1,538,64
9,217,2,1338,1163,909,254,1148,15,941,207
9,218,2,1482,1301,935,366,1279,22,1055,224
9,219,2,1419,1338,1002,336,1319,19,1145,174
9,220,2,1944,1536,1333,203,1517,19,1315,202
9,221,2,681,677,516,161,665,12,579,86
9,222,2,0,295,0,295,287,8,173,114
9,223,2,0,370,0,370,363,7,263,100
9,224,2,0,156,0,156,150,6,83,67
9,225,2,0,141,0,141,138,3,74,64
9,226,2,0,357,0,357,354,3,236,118
9,227,2,0,416,0,416,408,8,285,123
9,228,2,0,280,0,280,275,5,190,85
10,1,2,1650,1248,1131,117,1243,5,784,459
10,2,2,1711,1243,1201,42,1227,16,901,326
10,3,2,2083,1501,1372,129,1493,8,1054,439
10,4,2,2376,1517,1464,53,1510,7,1094,416
10,5,2,2046,1439,1387,52,1431,8,1092,339
10,6,2,2289,1549,1460,89,1541,8,1185,356
10,7,2,2222,1459,1358,101,1447,12,1054,393
10,8,2,1756,1106,1060,46,1101,5,857,244
10,9,2,2140,1385,1327,58,1379,6,1027,352
10,10,2,2844,1597,1469,128,1566,31,1192,374
10,11,2,1587,1123,1074,49,1119,4,842,277
10,12,2,2579,1743,1650,93,1727,16,1391,336
10,13,2,1848,1269,1215,54,1262,7,958,304
10,14,2,2138,1469,1423,46,1459,10,1149,310
10,15,2,1927,1393,1332,61,1387,6,1068,319
10,16,2,2387,1665,1585,80,1655,10,1227,428
10,17,2,1706,1199,1154,45,1192,7,839,353
10,18,2,2015,1439,1364,75,1425,14,1121,304
10,19,2,1673,1142,1066,76,1127,15,750,377
10,20,2,1984,1073,980,93,1055,18,873,182
10,21,2,1692,1215,1086,129,1203,12,982,221
10,22,2,2192,1531,1145,386,1519,12,1200,319
10,23,2,2532,1682,1583,99,1677,5,1098,579
10,24,2,2203,1540,1382,158,1534,6,1021,513
10,25,2,1881,1371,1294,77,1364,7,992,372
10,26,2,1611,1142,1098,44,1137,5,823,314
10,27,2,1880,1274,1233,41,1271,3,927,344
10,28,2,1865,1351,1293,58,1341,10,813,528
10,29,2,1773,1247,1174,73,1240,7,897,343
10,30,2,1728,1232,1175,57,1223,9,860,363
10,31,2,1984,1425,1369,56,1412,13,970,442
10,32,2,1931,1441,1347,94,1431,10,1003,428
10,33,2,1821,1181,1115,66,1174,7,787,387
10,34,2,1690,1291,1256,35,1252,4,920,332
10,35,2,1602,1193,1102,91,1188,5,704,484
10,36,2,1653,1130,1061,69,1125,5,694,431
10,37,2,1740,1315,1247,68,1305,10,853,452
10,38,2,2083,1424,1325,99,1413,11,906,507
10,39,2,1460,969,861,108,953,16,629,324
10,40,2,1670,1244,1166,78,1238,6,838,400
10,41,2,1550,1108,1048,60,1106,2,708,398
10,42,2,1512,1117,1024,93,1112,5,789,323
10,43,2,1916,1323,1223,100,1312,11,994,318
10,44,2,1921,1353,1252,101,1347,6,997,350
10,45,2,1996,1460,1399,61,1450,10,1066,384
10,46,2,1844,1174,1102,72,1165,9,864,301
10,47,2,2138,1466,1396,70,1461,5,1090,371
10,48,2,2127,1614,1518,96,1595,19,1186,409
10,49,2,2357,1738,1675,63,1734,4,1212,522
10,50,2,2253,1465,1420,45,1454,11,994,460
10,51,2,1790,1248,1185,63,1237,11,790,447
10,52,2,2255,1476,1408,68,1465,11,1082,383
10,53,2,2514,1351,1210,141,1335,16,961,374
10,54,2,1663,1017,924,93,1008,9,802,206
10,55,2,2578,1416,1253,163,1380,36,782,598
10,56,2,0,0,0,0,0,0,0,0
10,57,2,0,389,0,389,385,4,290,95
10,58,2,0,108,0,108,108,0,81,27
10,59,2,0,94,0,94,94,0,71,23
10,60,2,0,71,0,71,71,0,54,17
10,61,2,0,35,0,35,35,0,32,3
10,62,2,0,25,0,25,25,0,18,7
10,63,2,0,38,0,38,38,0,23,15
10,64,2,0,334,0,334,320,14,196,124
10,65,2,386,360,345,15,354,6,215,139
10,66,2,0,693,0,693,669,24,462,207
10,67,2,0,235,0,235,228,7,174,54
10,68,2,0,75,0,75,75,0,62,13
10,69,2,0,218,0,218,217,1,148,69
10,70,2,2068,1894,1525,369,1881,13,1330,551
10,71,2,841,744,641,103,740,4,587,153
10,72,2,1123,831,800,31,829,2,738,91
10,73,2,1146,1138,948,190,1131,7,917,214
10,74,2,1228,798,748,50,791,7,657,134
10,75,2,676,561,505,56,559,2,431,128
10,76,2,440,473,414,59,472,1,421,51
10,77,2,867,655,599,56,653,2,536,117
10,78,2,247,251,225,26,248,3,213,35
10,79,2,1484,1005,922,83,988,17,759,229
10,80,2,1695,964,892,72,939,25,798,141
10,81,2,1438,939,791,148,932,7,787,145
10,82,2,1577,1786,1451,335,1763,23,1601,162
10,83,2,1355,1006,894,112,992,14,796,196
10,84,2,1402,807,672,135,785,22,460,325
10,85,2,1268,1049,924,125,1044,5,770,274
10,86,2,1376,973,903,70,962,11,763,199
10,87,2,1475,963,860,103,953,10,738,215
10,88,2,1328,979,897,82,971,8,757,214
10,89,2,1257,967,914,53,958,9,697,261
10,90,2,1367,956,921,35,951,5,687,264
10,91,2,1365,890,814,76,885,5,681,204
10,92,2,1411,1042,961,81,1035,7,796,239
10,93,2,1392,1056,957,99,1049,7,749,300
10,94,2,1416,1114,1002,112,1102,12,820,282
10,95,2,1325,909,810,99,900,9,682,218
10,96,2,1386,1069,982,87,1064,5,794,270
10,97,2,1307,1027,954,73,1015,12,778,237
10,98,2,1503,937,831,106,932,5,707,225
10,99,2,1463,1062,905,157,1047,15,852,195
10,100,2,1423,1063,986,77,1061,2,824,237
10,101,2,1451,930,866,64,924,6,699,225
10,102,2,1348,906,881,25,900,6,655,245
10,103,2,1306,774,717,57,766,8,602,164
10,104,2,281,292,189,103,287,5,235,52
10,105,2,199,225,176,49,223,2,165,58
10,106,2,252,248,219,29,244,4,171,73
10,107,2,1476,985,835,150,976,9,836,140
10,108,2,405,427,349,78,421,6,397,24
10,109,2,398,436,367,69,411,25,402,9
10,110,2,604,617,527,90,616,1,518,98
10,111,2,518,546,410,136,541,5,413,128
10,112,2,1445,1331,1067,264,1318,13,1122,196
10,113,2,1392,1220,1123,97,1210,10,1084,126
10,114,2,710,734,614,120,732,2,651,81
10,115,2,892,798,688,110,798,0,740,58
10,116,2,343,305,258,47,299,6,277,22
10,117,2,1197,991,821,170,979,12,808,171
10,118,2,832,680,556,124,672,8,577,95
10,119,2,1926,1535,1351,184,1525,10,1238,287
10,120,2,950,774,669,105,770,4,656,114
10,121,2,766,713,587,126,713,0,599,114
10,122,2,222,204,158,46,204,0,186,18
10,123,2,221,215,191,24,215,0,184,31
10,124,2,1657,1113,948,165,1112,1,912,200
10,125,2,616,493,432,61,489,4,421,68
10,126,2,753,593,497,96,590,3,500,90
10,127,2,1020,657,588,69,657,0,582,75
10,128,2,1227,739,683,56,728,11,659,69
10,129,2,1226,849,732,117,837,12,734,103
10,130,2,1020,886,776,110,876,10,625,251
10,131,2,1140,1068,936,132,1056,12,828,228
10,132,2,720,566,522,44,563,3,438,125
10,133,2,500,290,275,15,288,2,259,29
10,134,2,900,755,564,191,743,12,622,121
10,135,2,472,444,384,60,437,7,401,36
10,136,2,1013,909,773,136,905,4,802,103
10,137,2,985,976,906,70,973,3,885,88
10,138,2,1171,923,899,24,920,3,856,64
10,139,2,1023,795,637,158,785,10,637,148
10,140,2,1025,674,562,112,671,3,540,131
10,141,2,775,603,491,112,592,11,464,128
10,142,2,1620,1100,900,200,1090,10,908,182
10,143,2,1111,681,510,171,669,12,579,90
10,144,2,1450,831,761,70,822,9,648,174
10,145,2,1576,768,703,65,762,6,632,130
10,146,2,1118,1028,922,106,1027,1,928,99
10,147,2,460,502,390,112,500,2,456,44
10,148,2,779,763,669,94,763,0,674,89
10,149,2,1311,990,901,89,979,11,897,82
10,150,2,1090,869,807,62,858,11,763,95
10,151,2,1422,864,795,69,855,9,767,88
10,152,2,800,665,596,69,662,3,568,94
10,153,2,2181,1935,1819,116,1915,20,1552,363
10,154,2,1252,1098,1022,76,1094,4,972,122
10,155,2,823,701,641,60,699,2,639,60
10,156,2,940,736,653,83,730,6,575,155
10,157,2,1140,656,623,33,650,6,543,107
10,158,2,451,459,442,17,457,2,438,19
10,159,2,416,368,338,30,367,1,329,38
10,160,2,397,203,196,7,199,4,175,24
10,161,2,987,805,737,68,804,1,687,117
10,162,2,391,407,372,35,401,6,372,29
10,163,2,2069,1281,1181,100,1267,14,1001,266
10,164,2,1282,864,785,79,858,6,724,134
10,165,2,622,562,456,106,560,2,487,73
10,166,2,0,129,0,129,127,2,79,48
10,167,2,1356,1129,1016,113,1122,7,978,144
10,168,2,741,534,489,45,525,9,461,64
10,169,2,1425,984,896,88,975,9,858,117
10,170,2,652,616,552,64,614,2,536,78
10,171,2,0,428,0,428,408,20,232,176
10,172,2,1254,924,901,23,923,1,852,71
10,173,2,1641,1060,990,70,1049,11,858,191
10,174,2,921,723,652,71,719,4,638,81
10,175,2,1104,742,699,43,732,10,642,90
10,176,2,671,411,341,70,403,8,318,85
10,177,2,868,593,530,63,590,3,502,88
10,178,2,551,305,280,25,302,3,271,31
10,179,2,440,274,235,39,270,4,232,38
10,180,2,908,537,514,23,527,10,452,75
10,181,2,714,632,578,54,630,2,558,72
10,182,2,1374,822,754,68,814,8,716,98
10,183,2,1901,1273,1177,96,1257,16,971,286
10,184,2,1207,835,775,60,828,7,648,180
10,185,2,1331,1105,894,211,1095,10,938,157
10,186,2,1164,1265,1149,116,1252,13,1079,173
10,187,2,2004,1561,1297,264,1534,27,1272,262
10,188,2,743,581,463,118,574,7,506,68
10,189,2,399,416,348,68,405,11,334,71
10,190,2,552,545,483,62,540,5,443,97
10,191,2,922,655,539,116,645,10,559,86
10,192,2,1479,1085,950,135,1068,17,856,212
10,193,2,525,529,431,98,521,8,442,79
10,194,2,1065,918,788,130,897,21,741,156
10,195,2,1583,1204,1141,63,1124,17,996,128
10,196,2,724,591,490,101,585,6,511,74
10,197,2,804,587,488,99,576,11,504,72
10,198,2,1065,835,737,98,823,12,732,91
10,199,2,594,470,422,48,467,3,411,56
10,200,2,850,773,714,59,773,0,702,71
10,201,2,1079,1013,941,72,1011,2,933,78
10,202,2,581,483,452,31,480,3,458,22
10,203,2,1490,1585,1425,160,1585,0,1431,154
10,204,2,1178,879,795,84,869,10,663,206
10,205,2,745,606,606,0,603,3,516,87
10,206,2,919,771,771,0,769,2,726,43
10,207,2,675,499,430,69,498,1,481,17
10,208,2,1539,1505,1396,109,1439,66,1338,101
10,209,2,765,743,665,78,740,3,678,62
10,210,2,1168,1056,955,101,1044,12,845,199
10,211,2,374,381,248,133,376,5,323,53
10,212,2,1762,1133,1022,111,1126,7,956,170
10,213,2,163,159,145,14,154,5,98,56
10,214,2,1429,960,857,103,947,13,736,211
10,215,2,1969,1199,1074,125,1180,19,996,184
10,216,2,1182,805,660,145,794,11,642,152
10,217,2,907,615,546,69,612,3,493,119
10,218,2,1489,935,750,185,922,13,752,170
10,219,2,1499,963,841,122,953,10,753,200
10,220,2,880,800,575,225,793,7,597,196
10,221,2,1825,1191,940,251,1177,14,895,282
10,222,2,1154,1179,1108,71,1170,9,1047,123
10,223,2,597,590,578,12,584,6,542,42
10,224,2,1700,1829,1657,172,1809,20,1555,254
10,225,2,726,732,649,83,729,3,653,76
10,226,2,835,746,646,100,738,8,654,84
10,227,2,770,750,686,64,746,4,701,45
10,228,2,1357,959,806,153,953,6,824,129
10,229,2,909,782,671,111,776,6,629,147
10,230,2,1094,671,622,49,664,7,532,132
10,231,2,1196,936,858,78,927,9,703,224
10,232,2,756,462,395,67,460,2,373,87
10,233,2,1266,938,899,39,937,1,890,47
10,234,2,1405,862,671,191,855,7,759,96
10,235,2,1556,989,843,146,970,19,831,139
10,236,2,1315,1004,833,171,999,5,896,103
10,237,2,536,332,287,45,322,10,288,34
10,238,2,1786,1539,1421,118,1535,4,1364,171
10,239,2,755,742,694,48,733,9,704,29
10,240,2,1862,1413,1264,149,1408,5,1077,331
10,241,2,1314,955,867,88,951,4,870,81
10,242,2,286,238,199,39,236,2,196,40
10,243,2,402,339,297,42,337,2,272,65
10,244,2,486,362,340,22,359,3,320,39
10,245,2,674,489,457,32,486,3,431,55
10,246,2,381,358,317,41,357,1,306,51
10,247,2,784,639,557,82,636,3,477,159
10,248,2,271,247,223,24,247,0,192,55
10,249,2,1643,1309,1022,287,1299,10,980,319
10,250,2,1669,1077,834,243,1067,10,878,189
10,251,2,2505,1705,1481,224,1694,11,1290,404
10,252,2,566,430,370,60,428,2,363,65
10,253,2,1032,779,634,145,771,8,655,116
10,254,2,548,434,363,71,427,7,376,51
10,255,2,110,96,80,16,96,0,64,32
10,256,2,1191,1105,1030,75,1100,5,940,160
10,257,2,1219,952,836,116,938,14,761,177
10,258,2,378,333,292,41,330,3,274,56
10,259,2,2115,1611,1438,173,1601,10,1296,305
10,260,2,949,685,629,56,679,6,584,95
10,261,2,1608,1445,1338,107,1430,15,1170,260
10,262,2,1745,1253,1128,125,1242,11,1006,236
10,263,2,1743,1378,1205,173,1373,5,1168,205
10,264,2,707,676,563,113,673,3,520,153
10,265,2,1311,858,749,109,853,5,720,133
10,266,2,1745,1884,1736,148,1865,19,1629,236
10,267,2,516,535,505,30,488,47,483,5
10,268,2,441,550,437,113,520,30,490,30
10,269,2,623,648,564,84,644,4,601,43
10,270,2,467,512,424,88,502,10,483,19
10,271,2,1177,901,804,97,893,8,787,106
10,272,2,1056,853,781,72,853,0,744,109
10,273,2,1091,900,792,108,896,4,790,106
10,274,2,260,243,226,17,243,0,234,9
10,275,2,2000,1533,1352,181,1524,9,1375,149
10,276,2,935,840,745,95,834,6,722,112
10,277,2,1394,1061,900,161,1056,5,968,88
10,278,2,1356,1030,878,152,1025,5,895,130
10,279,2,1036,790,669,121,788,2,727,61
10,280,2,1239,854,719,135,849,5,723,126
10,281,2,1032,700,615,85,694,6,573,121
10,282,2,90,117,86,31,115,2,81,34
10,283,2,1450,934,866,68,926,8,826,100
10,284,2,1286,1347,1267,80,1343,4,1125,218
10,285,2,344,361,309,52,361,0,302,59
10,286,2,387,423,362,61,411,12,387,24
10,287,2,842,941,827,114,930,11,870,60
10,288,2,1034,922,723,199,914,8,731,183
10,289,2,340,406,308,98,403,3,350,53
10,290,2,568,576,464,112,575,1,479,96
10,291,2,1231,1086,759,327,1078,8,809,269
10,292,2,838,679,589,90,674,5,566,108
10,293,2,2127,1416,1212,204,1404,12,1162,242
10,294,2,920,858,794,64,844,14,684,160
10,295,2,815,650,608,42,644,6,518,126
10,296,2,863,815,755,60,809,6,718,91
10,297,2,957,699,665,34,696,3,502,194
10,298,2,1313,942,841,101,937,5,798,139
10,299,2,1112,984,930,54,978,6,801,177
10,300,2,1574,1420,1315,105,1407,13,1204,203
10,301,2,1349,891,790,101,888,3,719,169
10,302,2,1173,1065,958,107,1057,8,890,167
10,303,2,1561,1210,1116,94,1204,6,966,238
10,304,2,883,820,709,111,808,12,635,173
10,305,2,963,820,682,138,809,11,643,166
10,306,2,1495,1337,1170,167,1327,10,1127,200
10,307,2,1570,1065,901,164,1036,29,923,113
10,308,2,1315,857,710,147,850,7,662,188
10,309,2,1434,1008,903,105,993,15,804,189
10,310,2,1982,1387,1264,123,1371,16,1129,242
10,311,2,1262,890,810,80,877,13,739,138
10,312,2,1899,1539,1353,186,1525,14,1361,164
10,313,2,1226,883,781,102,874,9,756,118
10,314,2,2365,1848,1666,182,1824,24,1550,274
10,315,2,1789,1427,1272,155,1418,9,1193,225
10,316,2,796,673,634,39,668,5,538,130
10,317,2,1365,1029,885,144,1021,8,789,232
10,318,2,1990,1600,1336,264,1588,12,1276,312
10,319,2,1706,1329,1231,98,1322,7,885,437
10,320,2,1111,759,653,106,756,3,616,140
10,321,2,131,157,120,37,155,2,124,31
10,322,2,1345,962,817,145,950,12,838,112
10,323,2,1483,939,831,108,935,4,822,113
10,324,2,1208,881,697,184,872,9,672,200
10,325,2,973,696,568,128,689,7,580,109
10,326,2,259,222,186,36,219,3,206,13
10,327,2,1650,1786,1650,136,1777,9,1544,233
10,328,2,1893,1162,1052,110,1147,15,997,150
10,329,2,1624,1225,1098,127,1211,14,1089,122
10,330,2,1110,751,662,89,745,6,620,125
10,331,2,1392,1434,1211,223,1425,9,1273,152
10,332,2,800,706,641,65,696,10,632,64
10,333,2,1504,1365,1283,82,1357,8,1175,182
11,1,2,191,262,121,141,262,0,157,105
11,2,2,489,306,250,56,301,5,170,131
11,3,2,1885,1081,912,169,1070,11,494,576
11,4,2,150,62,62,0,62,0,42,20
11,5,2,836,503,413,90,497,6,252,245
11,6,2,1777,1076,946,130,1067,9,482,585
11,7,2,1442,813,731,82,804,9,369,435
11,8,2,1303,721,627,94,708,13,330,378
11,9,2,1031,611,456,155,608,3,252,356
11,10,2,1331,788,660,128,781,7,380,401
11,11,2,2126,1267,1107,160,1259,8,651,608
11,12,2,0,97,0,97,97,0,53,44
11,13,2,1031,690,584,106,682,8,360,322
11,14,2,1269,1001,778,223,998,3,457,541
11,15,2,1240,612,488,124,606,6,255,351
11,16,2,572,439,313,126,435,4,221,214
11,17,2,1018,594,508,86,587,7,313,274
11,18,2,0,161,0,161,160,1,99,61
11,19,2,891,624,505,119,618,6,345,273
11,20,2,2100,1214,1127,87,1201,13,683,518
11,21,2,1735,1064,972,92,1059,5,547,512
11,22,2,1321,977,728,249,970,7,546,424
11,23,2,1014,650,601,49,648,2,393,255
11,24,2,1166,834,771,63,830,4,453,377
11,25,2,2057,1213,1052,161,1208,5,654,554
11,26,2,1143,767,601,166,758,9,442,316
11,27,2,1345,803,748,55,799,4,471,328
11,28,2,1087,575,388,187,569,6,330,239
11,29,2,962,436,349,87,433,3,229,204
11,30,2,635,577,236,341,570,7,281,289
11,31,2,454,322,271,51,318,4,179,139
11,32,2,2310,1690,882,808,1678,12,799,879
11,33,2,1569,932,812,120,921,11,499,422
11,34,2,1499,895,820,75,892,3,442,450
11,35,2,1534,894,807,87,889,5,520,369
11,36,2,1156,650,565,85,642,8,310,332
11,37,2,1232,779,679,100,775,4,465,310
11,38,2,1748,979,887,92,973,6,505,468
11,39,2,0,251,0,251,251,0,139,112
11,40,2,2083,1063,973,90,1054,9,599,455
11,41,2,1763,1019,915,104,1011,8,581,430
11,42,2,1493,840,767,73,833,7,487,346
11,43,2,1853,1113,1040,73,1109,4,568,541
11,44,2,1419,880,780,100,875,5,470,405
11,45,2,1265,714,657,57,706,8,432,274
11,46,2,1641,914,843,71,909,5,467,442
11,47,2,2119,1175,1045,130,1166,9,671,495
11,48,2,1833,1027,969,58,1019,8,561,458
11,49,2,1309,687,622,65,678,9,365,313
11,50,2,1462,752,681,71,741,11,398,343
11,51,2,1196,705,640,65,697,8,417,280
11,52,2,1347,781,708,73,777,4,425,352
11,53,2,1673,969,898,71,962,7,428,534
11,54,2,1611,981,916,65,976,5,439,537
11,55,2,1684,953,865,88,943,10,507,436
11,56,2,1410,831,749,82,826,5,442,384
11,57,2,1730,990,788,202,987,3,516,471
11,58,2,1333,864,758,106,855,9,400,455
11,59,2,267,245,173,72,245,0,130,115
11,60,2,0,520,0,520,510,10,296,214
11,61,2,2006,1490,1254,236,1475,15,794,681
11,62,2,1002,815,675,140,805,10,354,451
11,63,2,147,312,95,217,309,3,91,218
11,64,2,1361,917,801,116,902,15,456,446
11,65,2,1399,1077,877,200,1070,7,440,630
11,66,2,244,178,147,31,176,2,116,60
11,67,2,0,235,0,235,235,0,90,145
11,68,2,0,85,0,85,85,0,12,73
11,69,2,958,609,528,81,604,5,251,353
11,70,2,1258,850,733,117,840,10,440,400
11,71,2,1412,930,800,130,922,8,414,508
11,72,2,1230,878,749,129,866,12,460,406
11,73,2,848,581,439,142,572,9,305,267
11,74,2,973,737,485,252,732,5,342,390
11,75,2,1960,1008,724,284,987,21,478,509
11,76,2,292,328,129,199,325,3,161,164
11,77,2,1515,924,804,120,913,11,406,507
11,78,2,1489,972,802,170,965,7,488,477
11,79,2,1323,815,687,128,810,5,436,374
11,80,2,1198,855,747,108,845,10,454,391
11,81,2,524,616,246,370,610,6,365,245
11,82,2,792,782,394,388,776,6,505,271
11,83,2,2643,1692,1411,281,1684,8,930,754
11,84,2,553,358,307,51,356,2,236,120
11,85,2,632,567,380,187,565,2,322,243
11,86,2,375,260,242,18,258,2,151,107
11,87,2,386,276,205,71,276,0,139,137
11,88,2,2132,1245,1165,80,1239,6,658,581
11,89,2,1342,889,821,68,875,14,564,311
11,90,2,1100,722,660,62,716,6,370,346
11,91,2,0,0,0,0,0,0,0,0
11,92,2,1716,963,919,44,954,9,480,474
11,93,2,1059,789,599,190,783,6,408,375
11,94,2,1639,983,884,99,974,9,590,384
11,95,2,1639,909,837,72,896,13,510,386
11,96,2,2200,1339,1256,83,1335,4,782,553
11,97,2,1785,1104,936,168,1085,19,669,416
11,98,2,1075,718,538,180,710,8,279,431
11,99,2,1515,1072,794,278,1058,14,545,513
11,100,2,1023,666,633,33,663,3,361,302
11,101,2,1596,969,860,109,960,9,605,355
11,102,2,411,325,275,50,323,2,189,134
11,103,2,0,286,0,286,285,1,184,101
11,104,2,1070,836,793,43,801,35,433,368
11,105,2,1158,839,687,152,832,7,520,312
11,106,2,918,718,654,64,712,6,504,208
11,107,2,582,427,415,12,420,7,337,83
11,108,2,265,274,251,23,272,2,243,29
11,109,2,547,342,300,42,336,6,200,136
11,110,2,1177,719,571,148,708,11,431,277
11,111,2,1420,954,839,115,946,8,618,328
11,112,2,1600,935,742,193,927,8,570,357
11,113,2,1483,1023,753,270,1009,14,621,388
11,114,2,948,661,401,260,652,9,348,304
11,115,2,0,203,0,203,202,1,126,76
11,116,2,1158,794,663,131,786,8,390,396
11,117,2,1505,828,760,68,817,11,412,405
11,118,2,1002,693,572,121,688,5,253,435
11,119,2,1252,684,684,0,677,7,277,400
11,120,2,1514,925,525,400,915,10,534,381
11,121,2,1529,1148,1020,128,1140,8,542,598
11,122,2,912,641,638,3,638,3,289,349
11,123,2,484,413,308,105,410,3,243,167
11,124,2,466,356,292,64,351,5,120,231
11,125,2,309,231,199,32,230,1,83,147
11,126,2,605,393,305,88,393,0,246,147
11,127,2,231,204,140,64,201,3,59,142
11,128,2,0,86,0,86,85,1,39,46
11,129,2,918,666,629,37,660,6,352,308
11,130,2,2120,1281,1173,108,1274,7,689,585
11,131,2,1310,751,690,61,743,8,433,310
11,132,2,2633,1652,1456,196,1636,16,917,719
11,133,2,2751,1976,1603,373,1962,14,965,997
11,134,2,639,476,414,62,473,3,224,249
11,135,2,295,264,232,32,263,1,167,96
11,136,2,1307,891,755,136,881,10,470,411
11,137,2,427,424,279,145,424,0,270,154
11,138,2,351,255,199,56,249,6,119,130
11,139,2,1095,758,690,68,750,8,338,412
11,140,2,516,405,306,99,402,3,265,137
11,141,2,784,561,545,16,559,2,351,208
11,142,2,739,513,500,13,504,9,352,152
11,143,2,848,465,449,16,459,6,282,177
11,144,2,307,283,245,38,280,3,217,63
11,145,2,276,272,218,54,269,3,152,117
11,146,2,336,250,202,48,245,4,143,102
11,147,2,160,197,131,66,196,1,113,83
11,148,2,1220,928,788,140,911,17,703,208
11,149,2,1030,660,600,60,648,12,408,240
11,150,2,65,117,47,70,117,0,100,17
11,151,2,236,203,188,15,202,1,178,24
11,152,2,1488,1092,808,284,1065,27,593,472
11,153,2,825,633,529,104,630,3,323,307
11,154,2,818,637,610,27,630,7,375,255
11,155,2,435,236,195,41,236,0,87,149
11,156,2,762,338,286,52,331,7,154,177
11,157,2,1281,1000,923,77,997,3,572,425
11,158,2,709,624,491,133,619,5,344,275
11,159,2,684,509,459,50,506,3,238,268
11,160,2,633,498,426,72,485,13,200,285
11,161,2,238,296,223,73,296,0,92,204
11,162,2,297,278,214,64,274,4,144,130
11,163,2,90,112,72,40,112,0,41,71
11,164,2,1004,550,416,134,549,1,234,315
11,165,2,556,454,407,47,448,6,332,116
11,166,2,614,359,310,49,357,2,184,173
11,167,2,411,297,230,67,296,1,73,223
11,168,2,649,635,501,134,632,3,280,352
11,169,2,437,354,213,141,347,7,184,163
11,170,2,1948,1041,955,86,1011,30,260,751
11,171,2,482,330,321,9,324,6,77,247
11,172,2,220,162,147,15,161,1,53,108
11,173,2,1280,931,808,123,924,7,803,121
11,174,2,990,645,466,179,637,8,301,336
11,175,2,344,275,137,138,272,3,144,128
11,176,2,158,187,100,87,185,2,106,79
11,177,2,515,434,345,89,428,6,251,177
11,178,2,126,162,105,57,162,0,66,96
11,179,2,161,178,120,58,177,1,113,64
11,180,2,214,254,160,94,248,6,127,121
11,181,2,194,172,130,42,171,1,120,51
11,182,2,735,350,238,112,349,1,189,160
11,183,2,519,437,358,79,436,1,273,163
11,184,2,390,233,223,10,232,1,128,104
11,185,2,686,534,460,74,531,3,317,214
11,186,2,589,453,409,44,452,1,282,170
11,187,2,803,419,382,37,414,5,257,157
11,188,2,619,468,431,37,465,3,342,123
11,189,2,550,408,372,36,406,2,276,130
11,190,2,396,355,282,73,355,0,279,76
11,191,2,302,260,194,66,257,3,110,147
11,192,2,489,418,399,19,415,3,343,72
11,193,2,383,204,194,10,202,2,108,94
11,194,2,939,320,306,14,313,7,90,223
11,195,2,831,390,367,23,385,5,327,58
11,196,2,505,256,234,22,250,6,190,60
11,197,2,308,156,146,10,156,0,127,29
11,198,2,896,590,509,81,588,2,250,338
11,199,2,636,499,446,53,488,11,316,172
11,200,2,409,409,305,104,403,6,145,258
11,201,2,653,502,428,74,501,1,262,239
11,202,2,539,404,287,117,394,10,242,152
11,203,2,949,803,724,79,797,6,494,303
11,204,2,449,362,334,28,359,3,197,162
11,205,2,121,118,101,17,118,0,81,37
11,206,2,999,765,693,72,761,4,326,435
11,207,2,359,227,214,13,226,1,116,110
11,208,2,1478,1083,1025,58,1077,6,425,652
11,209,2,502,377,302,75,369,8,210,159
11,210,2,596,367,308,59,363,4,193,170
11,211,2,816,503,428,75,496,7,241,255
11,212,2,210,238,126,112,236,2,121,115
11,213,2,236,205,164,41,205,0,123,82
11,214,2,190,186,148,38,186,0,84,102
11,215,2,371,266,208,58,264,2,143,121
11,216,2,120,137,99,38,137,0,50,87
11,217,2,551,428,393,35,421,7,140,281
11,218,2,586,449,449,0,443,6,201,242
11,219,2,283,372,283,89,366,6,159,207
11,220,2,599,407,395,12,399,6,66,333
11,221,2,709,395,387,8,391,4,224,167
11,222,2,1570,1042,989,53,1034,8,624,410
11,223,2,319,269,213,56,268,1,128,140
11,224,2,472,374,276,98,370,4,250,120
11,225,2,79,156,51,105,156,0,108,48
11,226,2,873,702,537,165,697,5,479,218
11,227,2,697,528,424,104,520,8,233,287
11,228,2,807,561,466,95,556,5,402,154
11,229,2,757,477,393,84,473,4,326,147
11,230,2,652,471,400,71,470,1,380,90
11,231,2,566,453,385,68,449,4,287,162
11,232,2,566,510,424,86,506,4,347,159
11,233,2,192,172,158,14,172,0,98,74
11,234,2,1140,878,769,109,874,4,346,528
11,235,2,559,381,302,79,380,1,221,159
11,236,2,806,427,367,60,420,7,236,184
11,237,2,1226,355,259,96,350,5,138,212
11,238,2,661,550,500,50,540,10,144,396
11,239,2,674,469,380,89,462,7,139,323
11,240,2,432,337,301,36,333,4,118,215
11,241,2,233,274,233,41,270,4,136,134
11,242,2,1110,807,722,85,802,5,530,272
11,243,2,775,669,563,106,660,9,275,385
11,244,2,697,429,363,66,425,4,183,242
11,245,2,1362,1295,696,599,1286,9,795,491
11,246,2,845,570,456,114,566,4,385,181
11,247,2,752,520,430,90,514,6,321,193
11,248,2,211,193,141,52,191,2,125,66
11,249,2,759,499,334,165,487,12,304,183
11,250,2,836,668,478,190,664,4,305,359
11,251,2,330,306,306,0,306,0,171,135
11,252,2,1977,1359,1204,155,1346,13,777,569
11,253,2,369,269,218,51,266,3,171,95
11,254,2,637,589,501,88,579,10,378,201
11,255,2,503,471,421,50,469,2,288,181
11,256,2,677,579,504,75,571,8,440,131
11,257,2,588,502,457,45,500,2,286,214
11,258,2,306,198,174,24,197,1,119,78
11,259,2,966,674,636,38,669,5,466,203
11,260,2,463,397,393,4,394,3,309,85
11,261,2,1570,808,771,37,795,13,466,329
11,262,2,1292,876,766,110,868,8,448,420
11,263,2,944,545,499,46,540,5,330,210
11,264,2,1074,601,490,111,594,7,316,278
11,265,2,440,280,241,39,277,3,152,125
11,266,2,173,152,134,18,151,1,90,61
11,267,2,969,643,562,81,638,5,375,263
11,268,2,71,46,25,21,45,1,33,12
11,269,2,402,343,259,84,333,10,192,141
11,270,2,1295,832,687,145,818,14,447,371
11,271,2,365,286,213,73,278,8,132,146
11,272,2,1149,861,762,99,855,6,652,203
11,273,2,371,363,190,173,363,0,263,100
11,274,2,798,612,456,156,608,4,322,286
11,275,2,348,251,213,38,248,3,180,68
11,276,2,635,407,255,152,406,1,243,163
11,277,2,461,312,229,83,312,0,218,94
11,278,2,318,302,176,126,295,7,183,112
11,279,2,165,195,118,77,194,1,119,75
11,280,2,260,257,149,108,249,8,105,144
11,281,2,1366,775,705,70,764,11,312,452
11,282,2,523,442,383,59,433,9,252,181
11,283,2,271,139,90,49,137,2,47,90
11,284,2,1429,846,752,94,840,6,493,347
11,285,2,595,408,297,111,402,6,300,102
11,286,2,455,229,180,49,228,1,121,107
11,287,2,643,446,343,103,433,13,143,290
11,288,2,28,58,28,30,58,0,35,23
11,289,2,450,356,267,89,347,9,159,188
11,290,2,766,387,316,71,371,16,153,218
11,291,2,484,164,136,28,158,6,88,70
11,292,2,340,164,155,9,160,4,94,66
11,293,2,259,51,49,2,48,3,5,43
11,294,2,222,94,90,4,93,1,40,53
11,295,2,1240,764,655,109,758,6,408,350
11,296,2,1140,708,588,120,702,6,340,362
11,297,2,834,762,562,200,757,5,467,290
11,298,2,1711,1008,877,131,994,14,446,548
11,299,2,534,465,355,110,458,7,261,197
11,300,2,300,276,217,59,274,2,95,179
11,301,2,334,260,219,41,259,1,139,120
11,302,2,227,223,138,85,222,1,91,131
11,303,2,1003,751,681,70,748,3,419,329
11,304,2,1145,846,687,159,844,2,494,350
11,305,2,641,633,320,313,633,0,251,382
11,306,2,847,665,475,190,653,12,259,394
11,307,2,770,557,410,147,554,3,310,244
11,308,2,694,588,460,128,580,8,294,286
11,309,2,836,468,356,112,460,8,169,291
11,310,2,451,385,291,94,381,4,167,214
11,311,2,1072,668,601,67,659,9,321,338
11,312,2,341,269,251,18,263,6,158,105
11,313,2,254,175,132,43,174,1,71,103
11,314,2,936,652,488,164,646,6,269,377
11,315,2,1301,913,725,188,909,4,633,276
11,316,2,490,434,362,72,429,5,294,135
11,317,2,428,287,250,37,284,3,154,130
11,318,2,821,775,440,335,762,13,432,330
11,319,2,35,92,13,79,91,1,43,48
11,320,2,850,534,379,155,526,8,209,317
11,321,2,137,149,107,42,142,7,51,91
12,1,2,1214,1000,879,121,998,2,669,329
12,2,2,2057,1611,1403,208,1604,7,1131,473
12,3,2,1621,1208,1108,100,1204,4,809,395
12,4,2,1862,1493,1238,255,1486,7,1019,467
12,5,2,1127,719,615,104,716,3,566,150
12,6,2,1717,1186,988,198,1172,14,778,394
12,7,2,1812,1395,1290,105,1389,6,1104,285
12,8,2,1703,1296,1160,136,1280,16,1019,261
12,9,2,1708,1137,1071,66,1128,9,821,307
12,10,2,1552,1165,955,210,1151,14,941,210
12,11,2,1523,944,893,51,931,8,688,243
12,12,2,1568,1094,989,105,1085,9,835,250
12,13,2,2132,1401,1263,138,1384,16,1145,239
12,14,2,2226,1484,969,515,1464,20,1106,358
12,15,2,1367,850,772,78,843,7,697,146
12,16,2,1479,1223,773,450,1215,6,878,337
12,17,2,1942,1223,1089,134,1216,7,938,278
12,18,2,1764,1149,1089,60,1148,1,849,299
12,19,2,2020,1355,1195,160,1349,6,1005,344
12,20,2,1987,1225,1171,54,1218,7,916,302
12,21,2,2276,1275,1166,109,1269,3,969,300
12,22,2,1549,1091,951,140,1073,18,938,135
12,23,2,1669,1290,1100,190,1283,7,1109,174
12,24,2,1231,1000,819,181,991,9,830,161
12,25,2,1131,845,795,50,836,9,672,164
12,26,2,1117,813,755,58,811,2,517,294
12,27,2,1507,995,951,44,985,10,803,182
12,28,2,1798,1504,1146,358,1484,20,1156,328
12,29,2,1652,1300,1128,172,1291,9,1027,264
12,30,2,1189,909,805,104,902,7,634,268
12,31,2,1636,1014,926,88,1011,3,749,262
12,32,2,1196,834,705,129,830,4,614,216
12,33,2,0,478,0,478,478,0,361,117
12,34,2,0,371,0,371,359,11,243,116
12,35,2,1644,980,809,171,968,12,784,184
12,36,2,1558,819,619,200,801,17,611,190
12,37,2,945,787,658,129,780,7,659,121
12,38,2,891,699,576,123,699,0,577,122
12,39,2,561,402,326,76,397,5,325,72
12,40,2,1128,707,620,87,699,8,499,200
12,41,2,1281,799,695,104,792,7,536,256
12,42,2,927,764,545,219,753,11,478,275
12,43,2,973,615,524,91,601,14,369,232
12,44,2,1032,706,616,90,697,9,485,212
12,45,2,1029,612,534,78,603,9,485,118
12,46,2,761,464,396,68,456,8,360,96
12,47,2,2851,1957,1650,307,1937,20,1461,476
12,48,2,469,336,282,54,329,7,249,80
12,49,2,1434,934,776,158,922,12,677,245
12,50,2,1636,1162,1029,133,1144,18,1018,126
12,51,2,1615,1181,1093,88,1169,12,937,232
12,52,2,1731,1209,1081,128,1198,11,977,221
12,53,2,1664,1254,1089,165,1247,7,939,308
12,54,2,1197,841,775,66,840,1,645,195
12,55,2,1264,915,833,82,914,1,731,183
12,56,2,1516,1157,898,259,1155,2,923,232
12,57,2,1396,958,835,123,944,14,771,173
12,58,2,1095,758,643,115,755,3,628,127
12,59,2,1892,1323,1201,122,1314,9,1105,209
12,60,2,2067,1289,1142,147,1281,8,1046,235
12,61,2,1201,837,763,74,832,5,672,160
12,62,2,1596,983,905,78,980,1,801,179
12,63,2,1333,998,921,77,992,6,880,112
12,64,2,1642,1158,1103,55,1151,7,1035,116
12,65,2,101,110,95,15,109,1,89,20
12,66,2,1103,976,852,124,970,6,851,119
12,67,2,1308,1262,1056,206,1255,7,1088,167
12,68,2,1268,826,732,94,821,5,630,191
12,69,2,478,362,298,64,356,6,273,83
12,70,2,1476,1375,1298,77,1366,9,1235,131
12,71,2,1748,1461,1340,121,1450,11,1354,96
12,72,2,2013,1826,1594,232,1807,19,1628,179
12,73,2,1505,1352,1253,99,1344,8,1196,148
12,74,2,378,440,349,91,431,9,327,104
12,75,2,1941,1133,1097,36,1120,13,753,367
12,76,2,2146,1637,1586,51,1624,13,1439,185
12,77,2,2069,1446,1411,35,1434,12,1182,252
12,78,2,2160,1402,1333,69,1388,14,1136,252
12,79,2,2146,1324,1004,320,1305,19,1116,189
12,80,2,918,990,900,90,978,12,856,122
12,81,2,1152,1014,735,279,998,16,845,153
12,82,2,1439,1107,897,210,1103,4,998,105
12,83,2,1200,946,749,197,934,12,850,84
12,84,2,1982,918,859,59,900,18,708,192
12,85,2,1866,835,718,117,824,11,641,183
12,86,2,1202,1034,912,122,1013,21,881,132
12,87,2,1486,1246,1036,210,1221,25,1104,117
12,88,2,656,551,499,52,545,6,488,57
12,89,2,1365,1024,904,120,1005,19,876,129
12,90,2,1469,1072,767,305,1056,16,849,207
12,91,2,1360,1115,752,363,1099,16,961,138
12,92,2,316,362,238,124,361,1,311,50
12,93,2,116,125,98,27,121,4,98,23
12,94,2,1444,897,671,226,890,7,669,221
12,95,2,1446,821,689,132,796,25,634,162
12,96,2,1103,677,597,80,669,8,560,109
12,97,2,533,461,417,44,457,4,403,54
12,98,2,1912,1387,1251,136,1374,13,1237,137
12,99,2,2262,1534,1454,80,1517,17,1317,200
12,100,2,950,830,641,189,822,8,681,141
12,101,2,857,577,473,104,569,8,487,82
12,102,2,1638,1314,908,406,1293,21,1102,191
12,103,2,304,314,189,125,314,0,271,43
12,104,2,969,889,743,146,874,15,763,111
12,105,2,614,539,471,68,535,4,468,67
12,106,2,2374,1089,972,117,1074,15,791,283
12,107,2,1434,729,640,89,719,10,542,177
12,108,2,1838,1764,1587,177,1621,143,1485,136
12,109,2,1637,1607,1517,90,1593,13,1414,179
12,110,2,1664,1247,1106,141,1238,9,1117,121
12,111,2,782,611,522,89,602,9,540,62
12,112,2,951,825,668,157,813,12,676,137
12,113,2,541,474,421,53,471,3,421,50
12,114,2,1112,792,595,197,780,12,662,118
12,115,2,294,310,239,71,295,13,254,41
12,116,2,1453,1033,828,205,1015,9,852,163
12,117,2,667,621,428,193,614,7,527,87
12,118,2,657,556,401,155,548,8,491,57
12,119,2,1791,1513,1427,86,1504,9,1416,88
12,120,2,775,671,568,103,667,4,570,97
12,121,2,490,455,370,85,451,4,381,70
12,122,2,1717,1457,1325,132,1446,11,1302,144
12,123,2,1185,957,838,119,949,8,889,60
12,124,2,847,808,703,105,799,9,703,96
12,125,2,1505,1036,920,116,1020,16,839,181
12,126,2,864,704,604,100,694,10,569,125
12,127,2,1383,1030,912,118,1021,9,809,212
12,128,2,526,424,366,58,419,5,351,68
12,129,2,1202,1044,960,84,1032,9,948,84
12,130,2,1060,873,694,179,866,7,771,95
12,131,2,788,565,449,116,560,4,486,74
12,132,2,1436,985,898,87,972,13,751,221
12,133,2,1799,1153,1027,126,1139,14,986,153
12,134,2,637,494,465,29,491,3,431,60
12,135,2,1356,1025,915,110,1013,12,828,185
12,136,2,1668,1307,1219,88,1296,11,1085,211
12,137,2,1061,676,587,89,667,9,593,74
12,138,2,1081,751,628,123,740,11,600,140
12,139,2,1947,1361,1228,133,1343,18,1187,156
12,140,2,1889,1195,987,208,1171,24,1017,154
12,141,2,1184,901,777,124,891,10,790,101
12,142,2,962,641,484,157,634,7,554,80
12,143,2,2233,1294,1160,134,1267,27,1027,240
12,144,2,1136,1005,857,148,991,14,823,168
12,145,2,1617,1168,1080,88,1153,13,985,168
12,146,2,1245,829,694,135,822,7,708,114
12,147,2,748,617,501,116,604,13,530,74
12,148,2,163,142,118,24,137,5,90,47
12,149,2,1222,789,667,122,785,4,556,229
12,150,2,819,422,364,58,420,2,315,105
12,151,2,1078,509,438,71,498,11,362,136
12,152,2,1418,746,656,90,743,3,555,188
12,153,2,1293,643,536,107,634,9,466,168
12,154,2,1346,724,626,98,712,12,578,134
12,155,2,613,462,414,48,455,7,388,67
12,156,2,2137,1433,1234,199,1418,15,1332,86
12,157,2,1689,1274,1189,85,1263,11,1146,117
12,158,2,1138,853,596,257,839,14,676,163
12,159,2,798,407,343,64,389,18,303,86
12,160,2,1938,992,897,95,977,15,735,242
12,161,2,1257,776,679,97,765,11,635,130
12,162,2,1635,1355,1216,139,1327,28,1154,173
12,163,2,1503,1332,1093,239,1322,10,1182,140
12,164,2,1711,1310,1168,142,1281,29,1019,262
12,165,2,791,587,508,79,581,6,491,90
12,166,2,1197,1024,848,176,1015,9,935,80
12,167,2,880,668,597,71,656,12,568,88
12,168,2,1595,1184,992,192,1169,15,952,217
12,169,2,1135,615,535,80,610,5,432,178
12,170,2,831,365,312,53,362,3,247,115
12,171,2,1463,946,863,83,940,6,816,124
12,172,2,1445,956,883,73,936,19,810,126
12,173,2,1278,836,737,99,829,7,730,99
12,174,2,1081,790,655,135,786,4,679,107
12,175,2,483,482,424,58,469,13,429,40
12,176,2,173,217,157,60,215,2,189,26
12,177,2,1122,911,673,238,904,7,812,92
12,178,2,1168,733,733,0,724,9,654,70
12,179,2,1506,1469,1281,188,1449,20,1290,159
12,180,2,653,552,471,81,546,6,471,75
12,181,2,921,691,563,128,674,17,363,311
12,182,2,1471,953,822,131,928,25,671,257
12,183,2,2125,1169,990,179,1161,8,898,263
12,184,2,339,290,244,46,283,7,235,48
12,185,2,390,355,299,56,351,4,261,90
12,186,2,1121,883,734,149,866,17,732,134
12,187,2,521,474,383,91,469,5,416,53
12,188,2,1380,1022,806,216,1008,14,826,182
12,189,2,868,733,554,179,730,3,639,91
13,1,2,3115,2339,2121,218,2330,9,788,1542
13,2,2,3600,2249,2056,193,2245,4,843,1402
13,3,2,1868,1344,1213,131,1342,2,388,954
13,4,2,1757,1233,1137,96,1230,3,390,840
13,5,2,1964,1456,1267,189,1451,5,487,964
13,6,2,1628,1210,1113,97,1203,7,402,801
13,7,2,1911,1443,1262,181,1435,8,469,966
13,8,2,1366,1137,1017,120,1134,3,332,802
13,9,2,1983,1534,1316,218,1519,15,380,1139
13,10,2,2496,1970,1731,239,1961,9,751,1210
13,11,2,2203,1728,1455,273,1724,4,469,1255
13,12,2,1695,1340,1146,194,1337,3,491,846
13,13,2,2299,1641,1542,99,1629,12,414,1215
13,14,2,2284,1849,1598,251,1843,6,675,1168
13,15,2,1182,875,779,96,869,6,263,606
13,16,2,2464,1832,1741,91,1820,12,531,1289
13,17,2,2187,1747,1597,150,1743,4,547,1196
13,18,2,2164,1463,1410,53,1457,6,503,954
13,19,2,2671,2102,1722,380,2097,5,795,1302
13,20,2,2629,2004,1775,229,1997,7,478,1519
13,21,2,1486,1136,1011,125,1131,5,347,784
13,22,2,2526,1839,1624,215,1831,8,643,1188
13,23,2,2749,2150,1950,200,2145,5,798,1347
13,24,2,2208,1686,1574,112,1675,11,649,1026
13,25,2,1683,1296,1200,96,1293,3,491,802
13,26,2,1684,1328,1167,161,1321,7,463,858
13,27,2,1815,1347,1177,170,1343,4,607,736
13,28,2,2333,1964,1903,61,1960,4,802,1158
13,29,2,945,755,673,82,753,2,286,467
13,30,2,2340,1637,1527,110,1632,5,654,978
13,31,2,1931,1294,1249,45,1287,7,456,831
13,32,2,1178,946,893,53,943,3,316,627
13,33,2,2163,1619,1555,64,1616,3,610,1006
13,34,2,3420,2379,2103,276,2375,4,963,1412
13,35,2,3889,2605,2287,318,2593,12,935,1658
13,36,2,2188,1582,1534,48,1579,3,525,1054
13,37,2,1570,1001,965,36,998,3,343,655
13,38,2,2042,1564,1395,169,1559,5,673,886
13,39,2,2588,1716,1526,190,1708,8,653,1055
13,40,2,3340,2345,2248,97,2333,12,930,1403
13,41,2,3379,2130,1794,336,2107,23,893,1214
13,42,2,1299,799,634,165,794,5,306,488
13,43,2,1598,1140,1103,37,1138,2,428,710
13,44,2,1624,1101,981,120,1101,0,412,689
13,45,2,2640,1911,1818,93,1893,9,729,1164
13,46,2,2299,1626,1565,61,1613,13,632,981
13,47,2,1853,1417,1229,188,1414,3,523,891
13,48,2,1586,1241,1035,206,1236,5,401,835
13,49,2,3482,2952,2862,90,2939,13,1102,1837
13,50,2,2979,2136,2036,100,2132,4,763,1369
13,51,2,2546,1838,1592,246,1829,9,527,1302
13,52,2,2513,1710,1483,227,1703,7,417,1286
13,53,2,2366,1708,1522,186,1688,13,517,1171
13,54,2,2731,2018,1895,123,2008,10,735,1273
13,55,2,1648,1300,1259,41,1296,4,301,995
13,56,2,2317,1753,1596,157,1745,8,517,1228
13,57,2,1879,1414,1161,253,1404,10,607,797
13,58,2,2071,1546,1355,191,1531,15,522,1009
13,59,2,2397,1813,1580,233,1805,8,615,1190
13,60,2,2371,1693,1504,189,1680,13,557,1123
13,61,2,1076,845,744,101,837,8,302,535
13,62,2,2427,1871,1263,608,1854,17,810,1044
13,63,2,2089,1213,1107,106,1205,8,288,917
13,64,2,2280,1716,1452,264,1702,14,795,907
13,65,2,1058,835,768,67,826,9,377,449
13,66,2,2847,2062,1927,135,2047,15,909,1138
13,67,2,2928,2104,1914,190,2092,12,803,1289
13,68,2,3103,1983,1922,61,1978,5,780,1198
13,69,2,2801,2000,1825,175,1987,13,777,1210
13,70,2,2809,2007,1855,152,1986,21,869,1117
13,71,2,2553,1678,1508,170,1662,16,616,1046
13,72,2,3135,2255,2038,217,2242,11,944,1298
13,73,2,2846,1955,1773,182,1941,14,816,1125
13,74,2,2847,2112,1909,203,2103,9,894,1209
13,75,2,1518,1055,936,119,1050,5,430,620
13,76,2,1996,1357,1163,194,1342,15,535,807
13,77,2,1885,1430,1266,164,1426,4,630,796
13,78,2,2030,1729,1428,301,1709,20,780,929
13,79,2,2793,2047,1893,154,2040,7,747,1293
13,80,2,2872,2105,1939,166,2094,11,774,1320
13,81,2,1359,1145,1082,63,1137,8,431,706
13,82,2,2377,1636,1591,45,1628,8,586,1042
13,83,2,2706,1858,1742,116,1851,7,733,1118
13,84,2,2416,1829,1570,259,1824,5,765,1059
13,85,2,1798,1228,1129,99,1220,8,475,745
13,86,2,1830,1344,1202,142,1338,6,557,781
13,87,2,2825,2023,1868,155,2013,10,907,1106
13,88,2,2235,1647,1487,160,1634,13,722,912
13,89,2,3688,2664,2575,89,2654,10,911,1743
13,90,2,2814,2170,1974,196,2163,7,668,1495
13,91,2,2069,1511,1322,189,1506,5,365,1141
13,92,2,2172,1571,1519,52,1565,6,462,1103
13,93,2,2488,2007,1895,112,2001,6,576,1425
13,94,2,2449,1861,1672,189,1855,6,617,1238
13,95,2,2751,2031,1840,191,2026,5,713,1313
13,96,2,3250,2420,2340,80,2417,3,956,1461
13,97,2,3075,2390,2197,193,2380,10,787,1593
13,98,2,1208,967,939,28,965,2,346,619
13,99,2,2426,1833,1759,74,1825,8,741,1084
13,100,2,2699,2124,1936,188,2118,6,798,1320
13,101,2,1375,1179,1117,62,1149,30,625,524
13,102,2,0,1004,0,1004,983,21,476,507
13,103,2,0,130,0,130,127,3,35,92
13,104,2,0,959,0,959,946,13,420,526
13,105,2,0,871,0,871,863,8,403,460
13,106,2,0,898,0,898,893,5,432,461
13,107,2,0,45,0,45,45,0,13,32
13,108,2,0,0,0,0,0,0,0,0
13,109,2,957,602,584,18,600,2,363,237
13,110,2,1307,1006,905,101,998,8,497,501
13,111,2,1427,1048,936,112,1042,6,491,551
13,112,2,1492,1144,1087,57,1137,7,564,573
13,113,2,1538,1158,1056,102,1102,9,437,665
13,114,2,1159,932,871,61,924,8,454,470
13,115,2,1639,1240,1142,98,1229,11,577,652
13,116,2,1514,1071,1046,25,1066,5,511,555
13,117,2,706,610,562,48,608,2,372,236
13,118,2,1387,991,970,21,986,5,537,449
13,119,2,1422,1097,1072,25,1090,7,662,428
13,120,2,1267,910,850,60,906,4,545,361
13,121,2,1377,984,965,19,981,3,628,353
13,122,2,1414,1044,1028,16,1036,8,595,441
13,123,2,982,798,743,55,793,5,432,361
13,124,2,1197,822,767,55,818,4,464,354
13,125,2,1423,940,901,39,927,13,566,361
13,126,2,1426,1077,1012,65,1073,4,580,493
13,127,2,1422,968,945,23,963,5,531,432
13,128,2,1486,1039,1027,12,1035,4,589,446
13,129,2,1741,1211,1182,29,1198,13,753,445
13,130,2,1193,927,904,23,920,7,446,474
13,131,2,583,463,435,28,460,3,360,100
13,132,2,433,275,263,12,272,3,216,56
13,133,2,0,844,0,844,818,26,511,307
13,134,2,0,0,0,0,0,0,0,0
13,135,2,0,283,0,283,280,3,167,113
13,136,2,1447,1042,999,43,1036,6,516,520
13,137,2,1646,1383,1338,45,1377,6,581,796
13,138,2,1267,1010,989,21,1005,5,457,548
13,139,2,1202,838,792,46,837,1,415,422
13,140,2,951,816,789,27,813,3,363,450
13,141,2,1278,896,862,34,893,3,398,495
13,142,2,1116,736,718,18,734,2,398,336
13,143,2,933,717,674,43,712,5,374,338
13,144,2,1009,787,772,15,778,9,356,422
13,145,2,897,702,678,24,701,1,287,414
13,146,2,808,617,595,22,609,8,262,347
13,147,2,1720,1111,1074,37,1102,9,559,543
13,148,2,1162,765,737,28,757,8,377,380
13,149,2,1398,1015,986,29,1008,7,457,551
13,150,2,1361,969,923,46,956,13,472,484
13,151,2,951,745,724,21,736,9,430,306
13,152,2,1060,809,778,31,804,5,399,405
13,153,2,1471,1069,1044,25,1057,12,455,602
13,154,2,1073,744,711,33,737,7,404,333
13,155,2,1498,1094,1081,13,1085,9,579,506
13,156,2,1321,928,920,8,920,8,474,446
13,157,2,1058,763,738,25,760,3,386,374
13,158,2,1342,926,914,12,925,1,531,394
13,159,2,1999,1401,1385,16,1392,9,678,714
13,160,2,2123,1352,1336,16,1344,8,675,669
13,161,2,1436,976,967,9,970,6,455,515
13,162,2,1215,882,873,9,877,5,376,501
13,163,2,1732,891,878,13,886,5,385,501
13,164,2,1579,1001,1001,0,996,5,413,583
13,165,2,928,601,575,26,591,10,338,253
13,166,2,2319,1490,1447,43,1478,12,688,790
13,167,2,1391,970,953,17,962,8,461,501
13,168,2,1153,800,755,45,793,7,387,406
13,169,2,952,700,666,34,695,5,312,383
13,170,2,1063,785,757,28,775,10,289,486
13,171,2,0,736,0,736,714,22,412,302
13,172,2,220,220,166,54,219,1,121,98
13,173,2,1787,1188,1157,31,1183,5,741,442
13,174,2,1817,1332,1304,28,1327,5,746,581
13,175,2,1760,1232,1193,39,1221,11,785,436
13,176,2,1612,1349,1237,112,1343,6,709,634
13,177,2,1663,1252,1223,29,1242,10,704,538
13,178,2,2105,1307,1282,25,1302,5,791,511
13,179,2,1373,972,941,31,960,12,608,352
13,180,2,1733,1080,1040,40,1070,10,559,511
13,181,2,1357,1016,903,113,1008,8,638,370
13,182,2,1961,1426,1395,31,1421,5,890,531
13,183,2,1940,1430,1400,30,1417,13,839,578
13,184,2,1939,1486,1463,23,1474,12,874,600
13,185,2,1524,1499,1082,417,1483,16,648,835
13,186,2,1584,1050,1028,22,1046,4,491,555
13,187,2,1808,1296,1255,41,1294,2,589,705
13,188,2,1847,1220,1192,28,1217,3,665,552
13,189,2,2015,1178,1161,17,1174,4,565,609
13,190,2,1603,1149,1098,51,1132,17,536,596
13,191,2,1851,1330,1287,43,1328,2,583,745
13,192,2,1902,1186,1164,22,1180,6,568,612
13,193,2,1820,1198,1179,19,1197,1,556,641
13,194,2,1662,1069,1041,28,1065,4,505,560
13,195,2,389,279,266,13,274,5,127,147
13,196,2,426,330,304,26,326,4,200,126
13,197,2,1830,1274,1178,96,1263,11,487,776
13,198,2,1872,1347,1299,48,1339,8,606,733
13,199,2,1561,1297,1109,188,1288,9,516,772
13,200,2,1293,960,878,82,941,19,326,615
13,201,2,420,148,128,20,142,6,119,23
13,202,2,444,488,398,90,485,3,7,478
13,203,2,1078,711,675,36,706,5,394,312
13,204,2,1161,782,767,15,776,6,383,393
13,205,2,1603,994,912,82,990,4,454,536
13,206,2,456,364,356,8,360,4,13,347
13,207,2,446,385,378,7,381,4,24,357
13,208,2,496,450,436,14,430,20,18,412
13,209,2,664,508,494,14,502,6,19,483
13,210,2,640,528,438,90,521,7,394,127
13,211,2,734,583,553,30,578,5,341,237
13,212,2,679,415,375,40,403,12,249,154
13,213,2,921,503,455,48,494,9,331,163
13,214,2,449,246,207,39,239,7,157,82
13,215,2,1443,886,741,145,878,8,459,419
13,216,2,1385,855,753,102,850,5,500,350
13,217,2,418,303,276,27,300,3,203,97
13,218,2,886,645,645,0,641,4,456,185
13,219,2,520,440,406,34,439,1,234,205
13,220,2,980,744,673,71,739,5,466,273
13,221,2,865,635,578,57,633,2,426,207
13,222,2,646,337,302,35,335,2,197,138
13,223,2,1207,756,739,17,752,4,336,416
13,224,2,1658,1212,1173,39,1200,12,257,943
13,225,2,706,504,481,23,498,6,293,205
13,226,2,1131,1106,1069,37,1070,36,35,1035
13,227,2,509,406,373,33,400,6,272,128
13,228,2,902,654,632,22,646,8,196,450
13,229,2,860,580,543,37,575,5,393,182
13,230,2,334,256,236,20,255,1,204,51
13,231,2,502,214,208,6,212,2,114,98
13,232,2,195,96,75,21,93,3,72,21
13,233,2,65,67,59,8,65,2,30,35
13,234,2,682,536,472,64,535,1,392,143
13,235,2,73,66,60,6,66,0,40,26
13,236,2,228,174,166,8,174,0,149,25
13,237,2,358,286,264,22,286,0,231,55
13,238,2,602,469,416,53,466,3,369,97
13,239,2,510,422,381,41,419,3,344,75
13,240,2,410,306,278,28,304,2,219,85
13,241,2,283,203,155,48,203,0,172,31
13,242,2,1822,1287,1239,48,1265,22,673,592
13,243,2,1130,853,820,33,845,8,524,321
13,244,2,330,273,215,58,272,1,219,53
13,245,2,1169,841,717,124,829,12,585,244
13,246,2,229,206,174,32,204,2,155,49
13,247,2,147,131,98,33,129,2,79,50
13,248,2,1227,891,836,55,877,14,378,499
13,249,2,601,319,283,36,319,0,214,105
13,250,2,348,188,172,16,185,3,145,40
13,251,2,406,238,205,33,237,1,152,85
13,252,2,856,679,626,53,675,4,61,614
13,253,2,1125,884,820,64,881,3,296,585
13,254,2,747,645,621,24,644,1,475,169
13,255,2,987,727,670,57,716,11,575,141
13,256,2,772,575,497,78,573,2,311,262
13,257,2,575,398,359,39,397,1,321,76
13,258,2,1080,567,530,37,554,13,426,128
13,259,2,484,297,277,20,290,7,239,51
13,260,2,601,350,337,13,346,4,289,57
13,261,2,791,710,695,15,700,10,81,619
13,262,2,767,583,550,33,577,6,177,400
13,263,2,359,312,295,17,306,6,117,189
13,264,2,358,271,255,16,266,5,200,66
13,265,2,678,560,538,22,557,3,426,131
13,266,2,502,445,417,28,444,1,331,113
13,267,2,1402,1013,944,69,1005,8,677,328
13,268,2,705,518,488,30,516,2,387,129
13,269,2,826,546,522,24,545,1,368,177
13,270,2,274,192,165,27,191,1,173,18
13,271,2,185,110,97,13,108,2,76,32
13,272,2,234,186,155,31,183,3,113,70
13,273,2,1145,731,698,33,721,10,507,214
13,274,2,487,355,328,27,351,4,195,156
13,275,2,128,126,112,14,124,2,79,45
13,276,2,1433,753,692,61,749,4,490,259
13,277,2,850,581,547,34,575,6,408,167
13,278,2,634,480,452,28,476,4,426,50
13,279,2,159,121,98,23,120,1,105,15
13,280,2,591,375,340,35,374,1,302,72
13,281,2,807,624,591,33,622,2,204,418
13,282,2,770,689,635,54,689,0,401,288
13,283,2,529,335,305,30,331,4,212,119
13,284,2,454,347,327,20,341,6,204,137
13,285,2,1370,834,799,35,829,5,492,337
13,286,2,358,349,303,46,347,2,254,93
13,287,2,551,283,266,17,282,1,230,52
13,288,2,1154,705,639,66,700,5,533,167
13,289,2,780,452,410,42,445,7,275,170
13,290,2,1587,1233,928,305,1216,17,879,337
13,291,2,442,263,245,18,258,5,172,86
13,292,2,177,139,116,23,131,8,112,19
13,293,2,233,166,158,8,166,0,99,67
13,294,2,428,261,228,33,258,3,189,69
13,295,2,499,385,343,42,379,6,260,119
13,296,2,156,120,98,22,120,0,60,60
13,297,2,1152,959,854,105,956,3,678,278
13,298,2,450,351,325,26,349,2,224,125
13,299,2,220,146,136,10,145,1,102,43
13,300,2,1746,1075,1020,55,1054,21,343,711
13,301,2,683,432,407,25,429,3,294,135
13,302,2,571,387,357,30,386,1,267,119
13,303,2,535,327,292,35,325,2,242,83
13,304,2,70,86,29,57,86,0,58,28
13,305,2,405,361,309,52,356,5,224,132
13,306,2,471,332,302,30,330,2,257,73
13,307,2,383,357,296,61,352,5,220,132
13,308,2,429,264,225,39,260,4,208,52
13,309,2,1785,1158,1113,45,1146,12,722,424
13,310,2,497,337,311,26,334,3,238,96
13,311,2,762,603,530,73,594,9,495,99
13,312,2,524,405,375,30,400,5,256,144
13,313,2,156,166,136,30,164,2,125,39
13,314,2,1533,857,820,37,848,9,481,367
13,315,2,1177,875,856,19,867,8,26,841
13,316,2,871,489,447,42,479,10,261,218
13,317,2,1045,762,728,34,756,6,197,559
13,318,2,498,392,348,44,388,4,260,128
13,319,2,435,377,351,26,364,13,248,116
13,320,2,2837,1974,1921,53,1960,14,792,1168
13,321,2,602,517,498,19,503,14,282,221
13,322,2,1604,1336,1312,24,1325,11,360,965
13,323,2,154,127,105,22,125,2,77,48
13,324,2,1600,1235,1165,70,1221,14,937,284
13,325,2,543,500,468,32,497,3,411,86
13,326,2,253,154,131,23,152,2,110,42
13,327,2,980,600,567,33,585,15,492,93
13,328,2,587,398,364,34,387,11,279,108
13,329,2,304,316,292,24,312,4,100,212
13,330,2,191,158,133,25,156,2,116,40
13,331,2,540,345,313,32,343,2,273,70
13,332,2,1806,1348,1319,29,1347,1,702,645
13,333,2,2222,1594,1532,62,1582,12,823,759
13,334,2,934,759,645,114,754,5,542,212
13,335,2,482,242,219,23,240,2,195,45
13,336,2,1213,846,817,29,836,10,401,435
13,337,2,1124,934,911,23,930,4,192,738
13,338,2,1654,883,761,122,874,9,532,342
13,339,2,543,243,222,21,241,2,145,96
13,340,2,330,233,226,7,230,3,166,64
13,341,2,104,92,68,24,92,0,71,21
13,342,2,734,504,487,17,502,2,427,75
13,343,2,178,104,92,12,102,2,50,52
13,344,2,425,253,227,26,250,3,186,64
13,345,2,1610,1227,1176,51,1219,8,751,468
13,346,2,691,443,426,17,435,8,343,92
13,347,2,716,488,443,45,484,4,332,152
13,348,2,632,518,458,60,511,7,263,248
13,349,2,1168,984,953,31,977,7,21,956
13,350,2,310,312,277,35,308,4,246,62
13,351,2,512,337,304,33,336,1,267,69
13,352,2,330,229,210,19,229,0,175,54
13,353,2,350,294,272,22,291,3,234,57
13,354,2,1374,1122,831,291,1107,15,796,311
13,355,2,559,327,292,35,325,2,211,114
13,356,2,624,416,380,36,414,2,294,120
13,357,2,537,375,359,16,374,1,97,277
13,358,2,1878,1376,1294,82,1363,13,989,374
13,359,2,0,454,0,454,439,15,267,172
13,360,2,1009,744,677,67,734,10,397,337
13,361,2,401,346,308,38,336,10,216,120
13,362,2,619,316,282,34,316,0,231,85
13,363,2,809,200,190,10,200,0,100,100
13,364,2,512,425,368,57,425,0,399,26
13,365,2,1260,923,845,78,919,4,538,381
13,366,2,621,471,471,0,467,4,384,83
13,367,2,507,333,320,13,330,3,141,189
13,368,2,312,218,196,22,218,0,146,72
13,369,2,637,444,378,66,438,6,294,144
13,370,2,180,146,124,22,144,2,76,68
13,371,2,1240,507,501,6,497,5,422,75
13,372,2,148,128,90,38,128,0,100,28
13,373,2,689,529,487,42,522,7,331,191
13,374,2,535,445,406,39,442,3,367,75
13,375,2,965,691,617,74,688,3,187,501
13,376,2,940,650,611,39,647,3,313,334
13,377,2,2337,1596,1528,68,1575,21,758,817
13,378,2,1155,828,808,20,815,13,290,525
13,379,2,444,378,329,49,375,2,177,198
13,380,2,578,500,461,39,493,7,173,320
13,381,2,1561,893,842,51,886,7,710,176
13,382,2,722,474,454,20,470,4,261,209
13,383,2,636,506,488,18,497,9,385,112
13,384,2,1754,1020,954,66,1014,6,715,299
13,385,2,526,270,242,28,265,5,192,73
13,386,2,364,294,271,23,287,7,20,267
13,387,2,344,249,230,19,247,2,172,75
13,388,2,1094,929,865,64,911,18,169,742
13,389,2,736,586,520,66,582,4,348,234
13,390,2,440,469,424,45,469,0,11,458
13,391,2,834,615,553,62,600,15,118,482
13,392,2,1028,597,550,47,590,7,290,300
13,393,2,490,263,218,45,260,3,206,54
13,394,2,796,490,433,57,487,3,364,123
13,395,2,337,246,212,34,243,3,160,83
13,396,2,488,320,270,50,318,2,211,107
13,397,2,1250,750,695,55,745,5,414,331
13,398,2,235,173,153,20,171,2,117,54
13,399,2,430,257,225,32,250,7,158,92
13,400,2,641,305,283,22,300,5,235,65
13,401,2,988,748,677,71,743,5,459,284
13,402,2,666,513,476,37,509,4,376,133
13,403,2,872,718,688,30,716,2,545,171
13,404,2,441,380,350,30,371,9,227,144
13,405,2,1478,1080,1013,67,1075,5,857,218
13,406,2,477,312,301,11,307,5,256,51
13,407,2,147,176,147,29,176,0,158,18
13,408,2,807,521,459,62,519,2,333,186
13,409,2,806,487,443,44,484,3,365,119
13,410,2,1140,578,547,31,574,4,372,202
13,411,2,441,244,224,20,244,0,203,41
13,412,2,446,268,248,20,264,4,212,52
13,413,2,654,373,364,9,371,2,331,40
13,414,2,364,252,248,4,251,1,196,55
13,415,2,538,444,416,28,441,3,268,173
13,416,2,827,679,641,38,679,0,406,273
13,417,2,878,848,764,84,839,9,27,812
13,418,2,689,491,470,21,469,22,400,69
13,419,2,563,381,351,30,374,7,248,126
13,420,2,291,246,229,17,241,5,167,74
13,421,2,425,420,411,9,409,11,4,405
13,422,2,220,198,186,12,196,2,147,49
13,423,2,120,120,103,17,120,0,92,28
13,424,2,713,688,633,55,680,8,4,676
13,425,2,2576,2586,2500,86,2564,22,76,2488
13,426,2,1749,1520,1436,84,1514,6,337,1177
13,427,2,605,500,460,40,494,6,299,195
13,428,2,457,289,270,19,288,1,214,74
13,429,2,319,259,250,9,255,4,183,72
13,430,2,430,366,316,50,364,2,296,68
13,431,2,1101,704,633,71,695,9,468,227
13,432,2,888,570,487,83,568,2,373,195
13,433,2,1590,1038,969,69,1025,13,221,804
13,434,2,471,285,263,22,282,3,232,50
13,435,2,1602,908,852,56,898,10,623,275
13,436,2,994,639,614,25,634,5,449,185
13,437,2,422,332,309,23,330,2,60,270
13,438,2,1074,509,481,28,505,4,414,91
13,439,2,797,591,542,49,590,1,181,409
13,440,2,436,284,260,24,279,5,156,123
13,441,2,452,328,314,14,325,3,185,140
13,442,2,520,309,287,22,306,3,167,139
13,443,2,721,573,509,64,567,6,435,132
13,444,2,513,458,423,35,453,5,349,104
13,445,2,482,345,305,40,338,7,255,83
13,446,2,318,254,236,18,251,3,177,74
13,447,2,1638,1096,1060,36,1080,16,102,978
13,448,2,871,541,520,21,532,9,352,180
13,449,2,296,209,192,17,204,5,129,75
13,450,2,611,547,477,70,542,5,455,87
13,451,2,923,649,602,47,638,11,464,174
13,452,2,497,430,377,53,426,4,309,117
13,453,2,798,513,469,44,504,9,380,124
13,454,2,1766,1171,1129,42,1160,11,268,892
13,455,2,1870,1262,1183,79,1248,14,827,421
13,456,2,888,606,560,46,606,0,422,184
13,457,2,383,269,227,42,267,2,203,64
13,458,2,163,175,147,28,174,1,144,30
13,459,2,184,214,155,59,213,1,14,199
13,460,2,288,171,153,18,171,0,121,50
13,461,2,546,432,379,53,429,3,321,108
13,462,2,2671,1473,1185,288,1461,12,227,1234
13,463,2,0,863,0,863,860,3,161,699
13,464,2,2007,781,635,146,777,4,149,628
13,465,2,2411,1640,1055,585,1630,10,302,1328
13,466,2,2177,1235,1178,57,1232,3,165,1067
14,1,2,1183,921,822,99,913,8,494,419
14,2,2,974,754,641,113,752,2,389,363
14,3,2,1278,778,691,87,767,11,369,398
14,4,2,1379,1026,913,113,1020,6,594,426
14,5,2,685,551,484,67,549,2,244,305
14,6,2,603,532,382,150,529,3,298,231
14,7,2,1297,1051,880,171,1044,7,435,609
14,8,2,1132,893,810,83,888,5,449,439
14,9,2,2020,1381,1277,104,1374,7,561,813
14,10,2,1773,1250,1175,75,1240,10,611,629
14,11,2,1701,1477,1125,352,1463,14,776,687
14,12,2,1677,1205,1098,107,1199,6,526,673
14,13,2,979,858,760,98,857,1,535,322
14,14,2,1136,897,800,97,894,3,474,420
14,15,2,1205,927,869,58,923,4,583,340
14,16,2,1009,743,711,32,740,3,427,313
14,17,2,1081,754,714,40,753,1,362,391
14,18,2,1048,904,633,271,895,9,431,464
14,19,2,1485,1015,979,36,1012,3,410,602
14,20,2,1521,1221,1145,76,1214,7,609,605
14,21,2,1598,1124,1073,51,1121,3,579,542
14,22,2,1466,1093,1015,78,1087,6,514,573
14,23,2,1225,899,781,118,899,0,535,364
14,24,2,1449,1111,973,138,1098,13,643,455
14,25,2,1037,843,746,97,837,6,415,422
14,26,2,1750,1281,1231,50,1279,2,611,668
14,27,2,1713,1219,1030,189,1207,12,754,453
14,28,2,1845,1307,1163,144,1296,11,820,476
14,29,2,1254,1125,897,228,1125,0,650,475
14,30,2,1170,800,742,58,799,1,457,342
14,31,2,1258,887,786,101,885,2,452,433
14,32,2,1091,852,786,66,838,14,430,408
14,33,2,1194,1013,743,270,1005,8,500,505
14,34,2,1454,1169,1031,138,1162,7,683,479
14,35,2,1444,1053,945,108,1048,5,585,463
14,36,2,1459,1027,979,48,1017,10,573,444
14,37,2,1878,1420,1180,240,1407,13,726,681
14,38,2,1552,1102,1009,93,1097,5,593,504
14,39,2,1505,1101,1015,86,1092,9,677,415
14,40,2,1736,1178,1048,130,1171,7,668,503
14,41,2,1280,909,868,41,899,10,584,315
14,42,2,1272,997,954,43,992,5,511,481
14,43,2,1200,832,771,61,821,11,454,367
14,44,2,1189,818,780,38,813,5,444,369
14,45,2,1794,1361,1214,147,1343,18,824,519
14,46,2,1564,1084,1003,81,1076,8,681,395
14,47,2,1951,1329,1238,91,1320,9,785,535
14,48,2,1985,1352,1241,111,1342,10,760,582
14,49,2,1727,1217,1114,103,1206,11,705,501
14,50,2,1222,897,793,104,887,10,552,335
14,51,2,1366,994,911,83,988,6,600,388
14,52,2,1322,968,925,43,958,10,569,389
14,53,2,1108,802,769,33,793,9,503,290
14,54,2,1300,880,811,69,871,9,533,338
14,55,2,1435,962,919,43,950,12,579,371
14,56,2,1363,914,870,44,907,7,578,329
14,57,2,1126,736,668,68,734,2,444,290
14,58,2,1188,825,759,66,813,12,488,325
14,59,2,1088,811,736,75,808,3,453,355
14,60,2,1666,1057,965,92,1044,13,653,391
14,61,2,1581,1128,1047,81,1124,4,611,513
14,62,2,1684,1166,1068,98,1158,8,688,470
14,63,2,1742,1236,1149,87,1225,11,719,506
14,64,2,2106,1487,1217,270,1467,20,908,559
14,65,2,1571,1198,944,254,1188,10,769,419
14,66,2,1439,959,891,68,953,6,499,454
14,67,2,1242,851,729,122,845,6,523,322
14,68,2,1247,1007,827,180,992,15,629,363
14,69,2,1074,773,701,72,768,5,511,257
14,70,2,1263,919,840,79,906,13,661,245
14,71,2,1233,999,859,140,985,14,673,312
14,72,2,1251,856,774,82,841,15,554,287
14,73,2,1336,1094,913,181,1073,21,766,307
14,74,2,1408,1174,907,267,1158,16,770,388
14,75,2,1731,1230,1144,86,1210,20,801,409
14,76,2,1053,825,706,119,812,13,505,307
14,77,2,446,364,288,76,363,1,202,161
14,78,2,1497,1021,925,96,1012,9,572,440
14,79,2,1227,886,818,68,882,4,536,346
14,80,2,1386,937,870,67,932,5,517,415
14,81,2,1430,970,908,62,968,2,566,402
14,82,2,1423,1024,858,166,1017,7,556,461
14,83,2,2135,1453,1376,77,1435,18,928,507
14,84,2,2018,1236,1143,93,1222,14,787,435
14,85,2,1626,1127,985,142,1123,4,681,442
14,86,2,1459,1058,920,138,1049,9,625,424
14,87,2,1846,1305,1199,106,1294,11,756,538
14,88,2,2069,1462,1308,154,1449,13,798,651
14,89,2,2015,1475,1369,106,1472,3,878,594
14,90,2,1926,1325,1191,134,1320,5,760,560
14,91,2,1656,1180,1078,102,1173,7,675,498
14,92,2,1579,1121,975,146,1114,7,707,407
14,93,2,1851,1261,1194,67,1246,15,753,493
14,94,2,1202,915,756,159,910,5,532,378
14,95,2,1372,940,875,65,935,5,495,440
14,96,2,1289,960,880,80,956,4,574,382
14,97,2,1916,1400,1309,91,1387,13,808,579
14,98,2,1684,1135,1075,60,1124,11,650,474
14,99,2,1660,1055,1010,45,1051,4,640,411
14,100,2,1743,1244,1203,41,1244,0,696,548
14,101,2,1734,1254,1101,153,1243,11,815,428
14,102,2,1791,1219,1147,72,1213,6,736,477
14,103,2,1889,1371,1328,43,1363,8,678,685
14,104,2,1621,1167,1103,64,1161,6,630,531
14,105,2,1381,940,886,54,918,22,507,411
14,106,2,1274,921,825,96,916,5,455,461
14,107,2,1455,984,917,67,976,8,612,364
14,108,2,1647,1140,1108,32,1130,10,643,487
14,109,2,1746,1127,1084,43,1125,2,649,476
14,110,2,1717,1226,1183,43,1219,7,716,503
14,111,2,1696,1281,1230,51,1275,6,695,580
14,112,2,1592,1139,1084,55,1130,9,708,422
14,113,2,1787,1353,1284,69,1347,6,700,647
14,114,2,1798,1286,1167,119,1283,3,692,591
14,115,2,1597,1142,1067,75,1134,8,598,536
14,116,2,1590,1100,1064,36,1098,2,652,446
14,117,2,1442,1085,1015,70,1082,3,569,513
14,118,2,1365,911,816,95,907,4,547,360
14,119,2,1242,936,855,81,925,11,631,294
14,120,2,1342,1025,988,37,1022,3,545,477
14,121,2,1298,955,917,38,948,7,521,427
14,122,2,1268,933,884,49,928,5,514,414
14,123,2,1332,998,958,40,996,2,541,455
14,124,2,1361,1083,1005,78,1073,10,537,536
14,125,2,1155,819,786,33,813,6,454,359
14,126,2,1424,1015,988,27,1011,4,506,505
14,127,2,1201,922,856,66,916,6,577,339
14,128,2,1610,1171,1130,41,1165,6,701,464
14,129,2,852,639,611,28,636,3,346,290
14,130,2,655,538,444,94,534,4,297,237
14,131,2,978,789,671,118,786,3,478,308
14,132,2,888,648,612,36,641,7,385,256
14,133,2,1000,797,766,31,795,2,407,388
14,134,2,996,788,731,57,785,3,495,290
14,135,2,1677,1195,972,223,1189,6,650,539
14,136,2,1222,979,806,173,975,4,494,481
14,137,2,1125,848,711,137,836,12,460,376
14,138,2,1779,1372,1313,59,1366,6,790,576
14,139,2,1408,1168,981,187,1155,13,677,478
14,140,2,1670,1219,1157,62,1215,4,658,557
14,141,2,1162,873,816,57,870,3,414,456
14,142,2,1321,932,903,29,928,4,417,511
14,143,2,1035,787,701,86,785,2,338,447
14,144,2,1286,1171,922,249,1165,6,628,537
14,145,2,1272,1068,1068,0,1060,8,522,538
14,146,2,1180,937,900,37,933,4,518,415
14,147,2,1376,953,888,65,945,8,429,516
14,148,2,1272,919,901,18,916,3,401,515
14,149,2,723,586,492,94,583,3,305,278
14,150,2,1634,1083,1011,72,1071,12,507,564
14,151,2,1351,943,855,88,937,6,445,492
14,152,2,1172,991,761,230,980,11,525,455
14,153,2,2228,1603,1502,101,1596,7,748,848
14,154,2,1712,1189,1081,108,1181,8,552,629
14,155,2,1302,957,870,87,952,5,422,530
14,156,2,1967,1479,1362,117,1475,4,736,739
14,157,2,1572,1211,1137,74,1206,5,614,592
14,158,2,1300,1004,936,68,995,9,528,467
14,159,2,952,681,629,52,679,2,344,335
14,160,2,1023,845,726,119,843,2,354,489
14,161,2,1091,815,749,66,809,6,381,428
14,162,2,1020,704,643,61,704,0,354,350
14,163,2,768,692,476,216,687,5,334,353
14,164,2,1124,1074,757,317,1065,9,386,679
14,165,2,1105,801,703,98,793,8,321,472
14,166,2,837,665,528,137,663,2,308,355
14,167,2,1062,803,625,178,799,4,328,471
14,168,2,931,682,631,51,676,6,333,343
14,169,2,912,710,672,38,707,3,368,339
14,170,2,914,725,675,50,714,11,447,267
14,171,2,825,649,617,32,645,4,265,380
14,172,2,946,788,672,116,782,6,429,353
14,173,2,647,664,478,186,662,2,337,325
14,174,2,862,660,590,70,659,1,307,352
14,175,2,1128,867,794,73,861,6,447,414
14,176,2,1073,888,828,60,885,3,460,425
14,177,2,1094,821,782,39,819,2,421,398
14,178,2,1161,858,801,57,852,6,413,439
14,179,2,1264,1113,820,293,1102,11,528,574
14,180,2,1476,1076,1019,57,1073,3,549,524
14,181,2,1482,1079,1038,41,1076,3,424,652
14,182,2,1575,1240,1050,190,1235,5,599,636
14,183,2,1649,955,916,39,948,7,432,516
14,184,2,989,772,694,78,768,4,357,411
14,185,2,1097,758,728,30,754,4,431,323
14,186,2,797,597,544,53,596,1,327,269
14,187,2,1352,1204,1140,64,1160,44,569,591
14,188,2,636,610,568,42,597,13,353,244
14,189,2,250,237,235,2,235,2,81,154
14,190,2,655,650,630,20,632,18,357,275
14,191,2,193,208,190,18,204,4,116,88
14,192,2,509,492,461,31,488,4,242,246
14,193,2,230,222,194,28,217,5,111,106
14,194,2,133,143,133,10,140,3,90,50
14,195,2,555,413,373,40,403,10,204,199
14,196,2,0,102,0,102,97,5,60,37
14,197,2,75,86,72,14,86,0,41,45
14,198,2,438,360,335,25,350,10,154,196
14,199,2,235,216,204,12,208,8,117,91
14,200,2,0,211,0,211,208,3,144,64
14,201,2,0,673,0,673,668,5,394,274
14,202,2,0,100,0,100,100,0,58,42
14,203,2,0,76,0,76,76,0,40,36
14,204,2,0,69,0,69,67,2,31,36
14,205,2,0,101,0,101,101,0,71,30
14,206,2,0,0,0,0,0,0,0,0
14,207,2,0,70,0,70,70,0,23,47
14,208,2,0,93,0,93,93,0,28,65
14,209,2,0,78,0,78,76,2,12,64
14,210,2,0,63,0,63,61,2,7,54
14,211,2,0,68,0,68,68,0,3,65
14,212,2,0,64,0,64,62,2,14,48
14,213,2,0,175,0,175,173,2,16,157
14,214,2,253,245,230,15,241,4,125,116
14,215,2,0,317,0,317,316,1,28,288
14,216,2,0,62,0,62,62,0,21,41
14,217,2,828,591,525,66,587,4,395,192
14,218,2,1732,1296,1134,162,1286,10,865,421
14,219,2,1674,1393,1033,360,1382,11,1036,346
14,220,2,1625,1228,1047,181,1216,12,904,312
14,221,2,657,520,395,125,515,5,342,173
14,222,2,652,557,479,78,549,8,448,101
14,223,2,526,544,508,36,519,25,348,171
14,224,2,910,739,531,208,730,9,438,292
14,225,2,887,796,554,242,782,14,467,315
14,226,2,1034,778,608,170,773,5,549,224
14,227,2,1337,1034,960,74,1022,12,757,265
14,228,2,900,1097,603,494,1074,23,622,452
14,229,2,1372,1163,854,309,1155,8,707,448
14,230,2,1001,749,672,77,742,7,543,199
14,231,2,865,620,598,22,615,5,422,193
14,232,2,797,826,387,439,824,2,400,424
14,233,2,559,741,316,425,739,2,253,486
14,234,2,714,713,389,324,710,3,298,412
14,235,2,0,319,0,319,315,4,196,119
14,236,2,1091,836,769,67,831,5,500,331
14,237,2,1284,995,818,177,987,8,577,410
14,238,2,1166,874,747,127,869,5,526,343
14,239,2,0,165,0,165,165,0,91,74
14,240,2,1145,1038,729,309,1032,6,536,496
14,241,2,1107,967,712,255,957,10,480,477
14,242,2,1226,953,816,137,942,11,450,492
14,243,2,0,67,0,67,67,0,38,29
14,244,2,0,83,0,83,82,1,49,33
14,245,2,0,0,0,0,0,0,0,0
14,246,2,1327,977,909,68,973,4,740,233
14,247,2,1267,906,862,44,901,5,633,268
14,248,2,1478,945,859,86,934,11,683,251
14,249,2,1428,1081,1005,76,1074,7,787,287
14,250,2,1160,880,823,57,868,12,675,193
14,251,2,319,224,206,18,223,1,197,26
14,252,2,1244,1080,822,258,1071,9,775,296
14,253,2,1230,985,855,130,982,3,632,350
14,254,2,1270,1008,852,156,1000,8,625,375
14,255,2,1432,1349,1346,3,1344,5,847,497
14,256,2,1400,1002,850,152,995,7,652,343
14,257,2,1277,1008,866,142,1001,7,702,299
14,258,2,984,747,557,190,737,10,500,237
14,259,2,1146,949,731,218,943,6,628,315
14,260,2,1121,962,591,371,952,10,608,344
14,261,2,980,826,614,212,817,9,560,257
14,262,2,881,711,603,108,706,5,459,247
14,263,2,1702,1289,1018,271,1271,18,949,322
14,264,2,1352,1074,910,164,1062,12,727,335
14,265,2,1003,803,654,149,802,1,491,311
14,266,2,994,893,684,209,891,2,538,353
14,267,2,1122,929,795,134,925,4,572,353
14,268,2,1191,1015,867,148,1010,5,648,362
14,269,2,1144,984,792,192,974,10,617,357
14,270,2,1103,863,632,231,863,0,546,317
14,271,2,909,723,539,184,713,10,432,281
14,272,2,1371,1063,917,146,1053,10,698,355
14,273,2,1515,1210,1146,64,1202,8,610,592
14,274,2,0,145,0,145,144,1,109,35
14,275,2,0,0,0,0,0,0,0,0
14,276,2,235,226,215,11,223,3,144,79
14,277,2,0,864,0,864,826,38,439,387
14,278,2,789,793,739,54,770,23,414,356
14,279,2,1533,1062,971,91,1058,4,791,267
14,280,2,1289,992,823,169,982,10,751,231
14,281,2,1007,728,664,64,723,5,547,176
14,282,2,1191,907,781,126,896,11,696,200
14,283,2,851,753,531,222,745,8,527,218
14,284,2,1119,689,539,150,685,4,522,163
14,285,2,1037,769,473,296,746,23,556,190
14,286,2,1395,985,804,181,970,15,727,243
14,287,2,1151,838,729,109,833,5,632,201
14,288,2,1209,863,819,44,857,6,565,292
14,289,2,1360,1034,918,116,1028,6,799,229
14,290,2,1150,894,802,92,889,5,672,217
14,291,2,1613,1233,1032,201,1221,12,912,309
14,292,2,1405,968,839,129,961,7,781,180
14,293,2,1070,794,709,85,790,4,574,216
14,294,2,966,642,587,55,638,4,489,149
14,295,2,872,632,567,65,628,4,484,144
14,296,2,902,733,711,22,729,4,568,161
14,297,2,859,657,603,54,651,6,519,132
14,298,2,885,683,626,57,681,2,520,161
14,299,2,576,483,281,202,481,2,313,168
14,300,2,724,533,500,33,529,4,421,108
14,301,2,634,441,370,71,435,6,311,124
14,302,2,819,602,541,61,600,2,434,166
14,303,2,776,594,493,101,589,5,427,162
14,304,2,1527,1223,1062,161,1206,17,912,294
14,305,2,1117,750,663,87,743,7,553,190
14,306,2,1082,809,686,123,801,8,609,192
14,307,2,1215,877,788,89,865,12,628,237
14,308,2,882,624,549,75,616,8,482,134
14,309,2,203,187,143,44,186,1,144,42
14,310,2,0,221,0,221,219,2,150,69
14,311,2,804,540,517,23,532,8,308,224
14,312,2,0,0,0,0,0,0,0,0
14,313,2,1335,995,740,255,988,7,547,441
14,314,2,1113,896,723,173,887,9,498,389
14,315,2,964,694,557,137,689,5,378,311
14,316,2,1140,814,692,122,808,6,457,351
14,317,2,1112,840,741,99,835,5,533,302
14,318,2,854,667,535,132,665,2,365,300
14,319,2,1279,954,778,176,933,21,553,380
14,320,2,1132,923,663,260,919,4,574,345
14,321,2,845,815,551,264,806,9,479,327
14,322,2,1174,965,712,253,948,17,643,305
14,323,2,1148,859,718,141,856,3,505,351
14,324,2,1284,931,703,228,924,7,562,362
14,325,2,1112,987,801,186,977,10,634,343
14,326,2,1635,1665,981,684,1650,15,812,838
14,327,2,0,131,0,131,127,4,70,57
14,328,2,0,251,0,251,241,10,134,107
14,329,2,0,178,0,178,172,6,122,50
14,330,2,1884,1405,1197,208,1393,12,1121,272
14,331,2,1089,809,726,83,807,2,667,140
14,332,2,765,508,439,69,498,10,354,144
14,333,2,1612,1119,987,132,1106,13,783,323
14,334,2,1629,1165,1002,163,1151,14,756,395
14,335,2,1679,1171,1060,111,1153,18,734,419
14,336,2,1667,1255,1110,145,1243,12,816,427
14,337,2,1273,961,836,125,956,5,603,353
14,338,2,512,350,285,65,348,2,247,101
14,339,2,520,448,298,150,444,4,367,77
14,340,2,1504,1124,1030,94,1116,8,583,533
14,341,2,1380,965,918,47,953,12,556,397
14,342,2,1171,867,798,69,855,12,546,309
14,343,2,926,706,651,55,700,6,411,289
14,344,2,0,249,0,249,248,1,163,85
14,345,2,1015,716,594,122,706,10,553,153
14,346,2,469,419,371,48,404,15,323,81
14,347,2,86,97,72,25,95,2,67,28
14,348,2,1376,1165,896,269,1153,12,709,444
14,349,2,1272,831,706,125,821,10,589,232
14,350,2,260,297,145,152,294,3,177,117
14,351,2,0,191,0,191,187,4,98,89
14,352,2,0,111,0,111,108,3,64,44
14,353,2,807,629,543,86,624,5,502,122
14,354,2,268,234,165,69,233,1,184,49
14,355,2,87,121,79,42,121,0,81,40
14,356,2,590,493,398,95,487,6,394,93
14,357,2,166,163,132,31,159,4,120,39
14,358,2,943,814,670,144,787,27,622,165
14,359,2,1098,1008,1008,0,990,18,904,86
14,360,2,828,723,643,80,714,9,550,164
14,361,2,658,444,385,59,430,14,337,93
14,362,2,336,245,220,25,242,3,183,59
14,363,2,1689,1327,1152,175,1319,8,1112,207
14,364,2,803,686,535,151,677,9,562,115
14,365,2,563,524,465,59,520,4,397,123
14,366,2,396,358,223,135,356,2,327,29
14,367,2,674,483,436,47,479,4,373,106
14,368,2,1088,729,622,107,719,10,623,96
14,369,2,983,594,539,55,587,7,473,114
14,370,2,745,525,499,26,523,2,440,83
14,371,2,1164,706,659,47,695,11,534,161
14,372,2,485,416,334,82,402,14,285,117
14,373,2,536,568,477,91,561,7,452,109
14,374,2,1320,1122,912,210,1105,17,842,263
14,375,2,842,812,674,138,803,9,506,297
14,376,2,200,166,137,29,160,6,137,23
14,377,2,1035,804,750,54,797,7,671,126
14,378,2,1176,831,750,81,823,8,717,106
14,379,2,292,284,267,17,283,1,256,27
14,380,2,1022,791,636,155,786,5,635,151
14,381,2,719,637,472,165,630,7,523,107
14,382,2,1317,1206,947,259,1178,28,865,313
14,383,2,1324,1150,922,228,1146,4,818,328
14,384,2,1136,885,628,257,872,13,651,221
14,385,2,227,222,176,46,222,0,159,63
14,386,2,307,294,213,81,288,6,237,51
14,387,2,880,816,595,221,803,13,585,218
14,388,2,1272,972,783,189,965,7,774,191
14,389,2,1194,886,779,107,872,14,696,176
14,390,2,741,615,449,166,607,8,383,224
14,391,2,1076,851,666,185,829,22,690,139
14,392,2,422,429,334,95,426,3,345,81
14,393,2,545,505,413,92,499,6,417,82
14,394,2,295,333,236,97,333,0,262,71
14,395,2,138,167,156,11,163,4,77,86
14,396,2,1312,1030,837,193,1018,12,698,320
14,397,2,775,788,492,296,777,11,567,210
14,398,2,382,372,249,123,366,6,231,135
14,399,2,838,705,597,108,700,5,581,119
14,400,2,179,211,157,54,209,2,162,47
14,401,2,314,313,257,56,310,3,286,24
14,402,2,434,417,302,115,413,4,384,29
14,403,2,503,339,321,18,338,1,275,63
14,404,2,2085,1286,1203,83,1266,20,884,382
14,405,2,892,905,643,262,891,14,535,356
14,406,2,1732,1386,1206,180,1363,23,875,488
14,407,2,228,211,165,46,210,1,182,28
14,408,2,357,463,238,225,452,11,350,102
14,409,2,389,326,264,62,320,6,249,71
14,410,2,351,344,284,60,337,7,263,74
14,411,2,333,285,210,75,279,6,246,33
14,412,2,332,317,257,60,304,13,230,74
14,413,2,207,195,169,26,192,3,123,69
14,414,2,344,281,202,79,275,6,219,56
14,415,2,108,99,86,13,99,0,84,15
14,416,2,383,346,270,76,342,4,251,91
14,417,2,1492,1013,914,99,1000,13,805,195
14,418,2,997,774,669,105,763,11,681,82
14,419,2,986,696,616,80,681,15,340,341
14,420,2,962,671,567,104,656,15,329,327
14,421,2,413,366,287,79,359,7,302,57
14,422,2,224,174,140,34,171,3,150,21
14,423,2,140,164,106,58,161,3,125,36
14,424,2,779,541,458,83,531,10,406,125
14,425,2,1149,816,764,52,807,9,706,101
14,426,2,512,323,267,56,323,0,216,107
14,427,2,401,335,304,31,333,2,224,109
14,428,2,240,207,175,32,201,6,150,51
14,429,2,908,643,577,66,636,7,486,150
14,430,2,783,607,545,62,601,6,458,143
14,431,2,1262,926,814,112,915,11,710,205
14,432,2,1650,1202,1017,185,1177,25,767,410
14,433,2,745,635,521,114,616,19,545,71
14,434,2,563,597,481,116,595,2,526,69
14,435,2,427,531,386,145,525,6,432,93
14,436,2,137,138,111,27,136,2,122,14
14,437,2,417,403,291,112,400,3,336,64
14,438,2,1528,1220,1106,114,1194,26,783,411
14,439,2,1943,1404,1215,189,1376,28,948,428
14,440,2,271,218,194,24,216,2,188,28
14,441,2,379,284,246,38,272,12,84,188
14,442,2,727,547,473,74,539,8,397,142
14,443,2,660,440,384,56,432,8,354,78
14,444,2,646,502,417,85,498,4,409,89
14,445,2,414,287,252,35,272,15,199,73
14,446,2,244,225,183,42,225,0,174,51
14,447,2,1780,1265,1040,225,1254,11,816,438
14,448,2,1617,1220,920,300,1203,17,881,322
14,449,2,1009,890,579,311,886,4,658,228
14,450,2,271,254,159,95,250,4,220,30
14,451,2,398,365,316,49,362,3,307,55
14,452,2,468,395,288,107,392,3,308,84
14,453,2,195,187,141,46,186,1,90,96
14,454,2,693,576,524,52,570,6,339,231
14,455,2,203,254,167,87,251,3,130,121
14,456,2,1051,754,599,155,736,18,523,213
14,457,2,724,504,437,67,495,9,312,183
14,458,2,955,803,625,178,789,14,660,129
14,459,2,1366,1147,881,266,1136,11,1012,124
14,460,2,96,96,70,26,96,0,78,18
14,461,2,1088,1138,836,302,1129,9,857,272
14,462,2,411,366,286,80,365,1,284,81
14,463,2,974,814,579,235,802,12,680,122
14,464,2,907,953,668,285,944,9,794,150
14,465,2,893,862,558,304,852,10,702,150
14,466,2,1579,1413,1187,226,1387,26,1140,247
14,467,2,469,416,363,53,415,1,389,26
14,468,2,301,331,258,73,330,1,299,31
14,469,2,1397,1083,936,147,1068,15,830,238
14,470,2,830,742,588,154,734,8,601,133
14,471,2,716,735,555,180,722,13,653,69
14,472,2,271,300,218,82,292,8,256,36
14,473,2,232,225,197,28,222,3,188,34
14,474,2,325,347,263,84,345,2,323,22
14,475,2,218,244,199,45,244,0,193,51
14,476,2,463,350,303,47,347,3,222,125
14,477,2,161,143,102,41,142,1,87,55
14,478,2,242,254,206,48,247,7,204,43
14,479,2,194,122,89,33,121,1,85,36
14,480,2,1757,1323,1127,196,1311,12,1051,260
14,481,2,1187,900,773,127,896,4,819,77
14,482,2,631,579,480,99,574,5,522,52
14,483,2,414,391,345,46,386,5,319,67
14,484,2,1763,1134,1055,79,1120,14,838,282
14,485,2,1436,1176,1065,111,1167,9,556,611
14,486,2,232,153,104,49,148,5,109,39
14,487,2,1852,1068,891,177,1050,18,887,163
14,488,2,783,739,591,148,732,7,633,99
14,489,2,662,562,493,69,557,5,509,48
14,490,2,341,321,289,32,317,4,276,41
14,491,2,1219,1019,831,188,1006,13,829,177
14,492,2,370,305,260,45,299,6,266,33
14,493,2,594,370,324,46,359,11,280,79
14,494,2,591,433,362,71,412,21,339,73
14,495,2,382,407,347,60,406,1,337,69
14,496,2,442,449,347,102,447,2,383,64
14,497,2,983,730,671,59,720,10,591,129
14,498,2,225,202,169,33,197,5,177,20
14,499,2,269,230,193,37,230,0,145,85
14,500,2,604,503,450,53,497,6,386,111
14,501,2,1480,1150,1042,108,1134,16,998,136
14,502,2,818,823,576,247,807,16,694,113
14,503,2,1095,835,723,112,825,10,636,189
14,504,2,421,406,316,90,395,11,317,78
14,505,2,369,409,387,22,405,4,343,62
14,506,2,251,230,182,48,230,0,195,35
14,507,2,0,410,0,410,394,16,234,160
14,508,2,805,683,516,167,680,3,616,64
14,509,2,1260,946,809,137,939,7,597,342
14,510,2,1568,1046,948,98,1040,6,744,296
14,511,2,1310,918,780,138,905,13,601,304
14,512,2,1361,1059,793,266,1047,12,607,440
14,513,2,87,100,80,20,98,2,54,44
14,514,2,153,168,151,17,161,7,96,65
14,515,2,2752,1618,1365,253,1605,13,1219,386
14,516,2,1414,1045,995,50,1024,21,786,238
14,517,2,1450,1045,957,88,1021,24,763,258
14,518,2,148,143,135,8,142,1,91,51
14,519,2,423,310,266,44,310,0,262,48
14,520,2,1650,1351,1126,225,1330,21,999,331
14,521,2,1036,680,656,24,666,14,476,190
14,522,2,849,640,547,93,633,7,522,111
14,523,2,0,2262,0,2262,2224,38,176,2048
15,1,2,1507,1166,1073,93,1164,2,141,1023
15,2,2,0,32,0,32,32,0,21,11
15,3,2,2109,1487,1413,74,1480,7,121,1359
15,4,2,1163,1029,806,223,1022,5,170,852
15,5,2,1595,1253,1161,92,1251,2,254,997
15,6,2,1450,1107,1015,92,1101,6,173,928
15,7,2,1473,1186,1132,54,1183,3,84,1099
15,8,2,1234,999,972,27,998,1,38,960
15,9,2,1128,935,903,32,934,1,30,904
15,10,2,1425,1083,1050,33,1078,5,78,1000
15,11,2,1911,1338,1290,48,1328,10,117,1211
15,12,2,1450,1137,1092,45,1132,5,77,1055
15,13,2,1307,1015,972,43,1015,0,93,922
15,14,2,1374,1054,1032,22,1052,2,104,948
15,15,2,1631,1363,1291,72,1355,8,82,1273
15,16,2,1157,985,835,150,977,8,21,956
15,17,2,950,822,740,82,819,3,62,757
15,18,2,1064,836,791,45,832,4,40,792
15,19,2,1149,876,804,72,872,4,81,791
15,20,2,1785,1336,1235,101,1332,4,84,1248
15,21,2,1328,987,872,115,977,10,75,902
15,22,2,1441,1100,968,132,1100,0,132,968
15,23,2,1162,874,833,41,873,1,106,767
15,24,2,1786,1167,1009,158,1140,27,158,982
15,25,2,1606,1175,1110,65,1172,3,173,999
15,26,2,1623,1467,1146,321,1462,5,291,1171
15,27,2,1309,977,938,39,975,1,193,782
15,28,2,1435,1063,1025,38,1063,0,143,920
15,29,2,1988,1468,1336,132,1466,2,228,1238
15,30,2,1907,1419,1356,63,1413,6,182,1231
15,31,2,1585,1140,1082,58,1140,0,244,896
15,32,2,1206,893,826,67,889,4,173,716
15,33,2,1127,870,735,135,865,5,142,723
15,34,2,970,680,643,37,679,1,82,597
15,35,2,451,456,394,62,456,0,3,453
15,36,2,356,390,313,77,386,4,30,356
15,37,2,0,508,0,508,494,14,312,182
15,38,2,0,400,0,400,400,0,39,361
15,39,2,1839,1424,1218,206,1418,6,45,1373
15,40,2,1354,1203,1044,159,1197,6,25,1172
15,41,2,930,893,673,220,887,5,22,865
15,42,2,259,325,213,112,324,1,9,315
15,43,2,639,674,616,58,674,0,1,673
15,44,2,318,315,282,33,313,2,3,310
15,45,2,929,950,830,120,943,7,0,943
15,46,2,425,405,373,32,404,1,1,403
15,47,2,777,728,679,49,721,7,7,714
15,48,2,1464,1207,1093,114,1204,3,83,1121
15,49,2,1537,1451,1347,104,1441,10,136,1305
15,50,2,1362,1067,968,99,1059,8,94,965
15,51,2,1690,1390,1166,224,1375,15,103,1272
15,52,2,1350,1042,958,84,1032,10,313,719
15,53,2,1287,957,896,61,946,11,771,175
15,54,2,0,216,0,216,216,0,112,104
15,55,2,0,667,0,667,665,2,411,254
15,56,2,0,244,0,244,241,3,130,111
15,57,2,0,289,0,289,288,1,171,117
15,58,2,1512,1011,920,91,1005,6,736,269
15,59,2,1139,778,634,144,767,11,549,218
15,60,2,1721,1161,1069,92,1154,7,913,241
15,61,2,807,559,467,92,554,5,406,148
15,62,2,910,688,618,70,684,4,519,165
15,63,2,1386,1186,1113,73,1182,4,28,1154
15,64,2,960,883,811,72,875,8,18,857
15,65,2,1462,1287,1201,86,1278,9,70,1208
15,66,2,1641,1310,1186,124,1303,7,63,1240
15,67,2,1620,1363,1208,155,1344,19,77,1267
15,68,2,1619,1332,1222,110,1322,10,50,1272
15,69,2,1240,1086,978,108,1075,11,34,1041
15,70,2,1831,1428,1359,69,1423,5,27,1396
15,71,2,1475,1288,1082,206,1286,2,76,1210
15,72,2,1405,1251,1170,81,1243,8,29,1214
15,73,2,383,374,323,51,374,0,3,371
15,74,2,1276,1196,1106,90,1196,0,9,1187
15,75,2,0,83,0,83,82,1,2,80
15,76,2,696,679,577,102,678,1,20,658
15,77,2,691,655,580,75,634,21,9,625
15,78,2,1575,1079,993,86,1071,8,873,198
15,79,2,486,393,376,17,390,3,343,47
15,80,2,473,425,406,19,417,8,387,30
15,81,2,747,723,669,54,722,1,674,48
15,82,2,1800,1619,1337,282,1599,20,22,1577
15,83,2,743,589,554,35,578,11,5,573
15,84,2,777,694,649,45,690,4,4,686
15,85,2,1830,1236,1168,68,1216,20,238,978
15,86,2,1368,1367,1267,100,1366,1,6,1360
15,87,2,586,506,462,44,499,7,61,438
15,88,2,1177,946,855,91,940,6,11,929
15,89,2,285,295,224,71,295,0,6,289
15,90,2,133,175,109,66,174,1,3,171
15,91,2,403,472,337,135,470,2,7,463
15,92,2,1288,1206,1100,106,1203,3,6,1197
15,93,2,718,702,683,19,702,0,2,700
15,94,2,941,919,894,25,914,5,12,902
15,95,2,873,805,783,22,804,1,1,803
15,96,2,618,599,571,28,595,4,8,587
15,97,2,2220,1763,1614,149,1745,18,264,1481
15,98,2,612,588,495,93,582,6,126,456
15,99,2,275,253,192,61,249,4,32,217
15,100,2,0,190,0,190,188,2,129,59
15,101,2,1267,1193,1033,160,1180,13,7,1173
15,102,2,1191,1187,1048,139,1179,8,16,1163
15,103,2,1840,1576,1428,148,1568,8,7,1561
15,104,2,735,805,575,230,785,20,5,780
15,105,2,325,301,266,35,300,1,2,298
15,106,2,252,238,202,36,235,3,2,233
15,107,2,874,787,717,70,772,15,49,723
15,108,2,476,378,316,62,374,4,206,168
15,109,2,783,720,633,87,719,1,14,705
15,110,2,947,681,621,60,676,5,414,262
15,111,2,649,503,445,58,499,4,296,203
15,112,2,1981,1762,1547,215,1752,10,30,1722
15,113,2,1256,1284,952,332,1273,11,34,1239
15,114,2,1336,1179,1068,111,1157,22,7,1150
15,115,2,440,460,359,101,457,3,11,446
15,116,2,1079,840,716,124,831,9,258,573
15,117,2,0,80,0,80,73,7,21,52
15,118,2,360,312,233,79,309,3,199,110
15,119,2,1475,1442,1337,105,1435,7,121,1314
15,120,2,1633,1714,1560,154,1703,11,18,1685
15,121,2,1135,1178,1022,156,1168,10,3,1165
15,122,2,1490,1467,1337,130,1464,3,12,1452
15,123,2,1416,1431,1267,164,1426,5,5,1421
15,124,2,734,720,586,134,712,8,4,708
15,125,2,160,161,134,27,161,0,4,157
15,126,2,898,800,716,84,795,5,7,788
15,127,2,735,744,577,167,738,3,26,712
15,128,2,1289,1035,961,74,1026,9,34,992
15,129,2,1231,1057,992,65,1052,5,19,1033
15,130,2,2020,1780,1575,205,1764,16,135,1629
15,131,2,610,578,506,72,569,9,6,563
15,132,2,580,560,484,76,556,4,18,538
15,133,2,318,335,267,68,325,10,6,319
15,134,2,1476,1355,1273,82,1353,2,0,1353
15,135,2,833,835,736,99,834,1,6,828
15,136,2,1027,905,760,145,905,0,11,894
15,137,2,672,596,446,150,594,2,1,593
15,138,2,1411,1265,1027,238,1246,19,11,1235
15,139,2,742,767,581,186,763,4,4,759
15,140,2,636,568,486,82,566,2,0,566
15,141,2,480,502,431,71,501,1,1,500
15,142,2,1050,763,600,163,759,4,599,160
15,143,2,715,473,374,99,469,4,418,51
15,144,2,798,513,450,63,513,0,418,95
15,145,2,745,454,370,84,450,4,373,77
15,146,2,1705,1472,1314,158,1455,17,36,1419
15,147,2,1025,957,783,174,953,4,3,950
15,148,2,322,309,266,43,309,0,1,308
15,149,2,1380,1380,1273,107,1367,13,11,1356
15,150,2,1180,1193,1058,135,1173,20,145,1028
15,151,2,1074,659,538,121,650,9,207,443
15,152,2,360,336,268,68,334,2,147,187
15,153,2,583,549,330,219,536,13,290,246
15,154,2,1567,1352,1248,104,1336,16,12,1324
15,155,2,1721,1409,1294,115,1399,10,34,1365
15,156,2,1415,1034,979,55,1016,18,830,186
15,157,2,988,838,745,93,834,4,349,485
15,158,2,1984,1483,1324,159,1473,10,377,1096
15,159,2,576,495,402,93,484,11,38,446
15,160,2,569,591,498,93,590,1,4,586
15,161,2,487,473,410,63,468,5,6,462
16,1,2,1667,1056,965,91,1049,7,570,479
16,2,2,1545,965,891,74,962,3,591,371
16,3,2,1584,1065,945,120,1055,10,674,381
16,4,2,1507,985,855,130,977,8,613,364
16,5,2,1744,1174,1128,46,1167,7,779,388
16,6,2,1728,1137,1004,133,1130,7,691,439
16,7,2,1472,932,881,51,927,5,549,378
16,8,2,1303,826,769,57,821,5,525,296
16,9,2,1688,1185,1120,65,1182,3,642,540
16,10,2,1164,703,650,53,697,6,391,306
16,11,2,1528,1239,981,258,1230,9,737,493
16,12,2,1482,864,827,37,858,6,585,273
16,13,2,1400,961,876,85,955,6,616,339
16,14,2,1333,752,665,87,746,6,445,301
16,15,2,1561,932,871,61,930,2,605,325
16,16,2,1550,1118,879,239,1109,9,709,400
16,17,2,1717,1005,911,94,994,11,678,316
16,18,2,1446,970,853,117,963,7,622,341
16,19,2,1629,1227,1085,142,1221,6,710,511
16,20,2,1694,1208,1121,87,1200,8,614,586
16,21,2,1860,1254,1099,155,1247,7,621,626
16,22,2,1789,1190,1090,100,1184,6,599,585
16,23,2,1738,1330,1026,304,1327,3,784,543
16,24,2,2037,1620,1301,319,1604,16,986,618
16,25,2,1695,1162,1113,49,1156,6,650,506
16,26,2,1707,1005,936,69,999,6,631,368
16,27,2,1680,1147,1090,57,1138,9,633,505
16,28,2,1284,902,690,212,893,9,563,330
16,29,2,1636,1037,891,146,1026,11,627,399
16,30,2,1819,1316,1105,211,1312,4,778,534
16,31,2,1715,1170,1021,149,1166,4,745,421
16,32,2,1133,899,677,222,888,11,591,297
16,33,2,1580,807,726,81,802,5,494,308
16,34,2,1130,1008,674,334,1003,5,502,501
16,35,2,1402,936,803,133,933,3,539,394
16,36,2,1689,1025,978,47,1015,10,668,347
16,37,2,1633,986,918,68,983,3,578,405
16,38,2,1621,969,859,110,960,9,591,369
16,39,2,1425,881,767,114,874,7,544,330
16,40,2,1518,974,813,161,963,11,641,322
16,41,2,1903,1409,1265,144,1393,16,881,512
16,42,2,1814,1379,1053,326,1363,16,780,583
16,43,2,1597,1044,984,60,1026,18,825,201
16,44,2,616,498,453,45,492,6,355,137
16,45,2,0,357,0,357,356,1,240,116
16,46,2,485,501,485,16,487,14,304,183
16,47,2,0,453,0,453,438,15,286,152
16,48,2,1397,1024,976,48,1014,10,681,333
16,49,2,1053,806,749,57,799,7,574,225
16,50,2,1204,944,861,83,942,2,649,293
16,51,2,1152,818,790,28,815,3,639,176
16,52,2,922,663,645,18,655,8,562,93
16,53,2,1630,1894,1104,790,1865,29,958,907
16,54,2,1298,930,856,74,921,9,711,210
16,55,2,1463,978,914,64,970,8,677,293
16,56,2,1613,1066,1014,52,1058,8,719,339
16,57,2,1680,1017,955,62,1010,7,669,341
16,58,2,1446,938,877,61,932,6,627,305
16,59,2,1336,947,847,100,947,0,622,325
16,60,2,1410,1051,899,152,1039,12,737,302
16,61,2,1472,991,933,58,986,5,802,184
16,62,2,306,247,224,23,245,2,169,76
16,63,2,2400,1680,1608,72,1670,10,1163,507
16,64,2,1887,1361,1305,56,1356,5,973,383
16,65,2,2204,1502,1378,124,1496,6,1006,490
16,66,2,2194,1411,1342,69,1408,3,1005,403
16,67,2,2186,1281,1247,34,1268,13,867,401
16,68,2,1841,1259,1242,17,1254,5,862,392
16,69,2,2109,1455,1241,214,1447,8,1055,392
16,70,2,1209,860,815,45,853,7,619,234
16,71,2,777,549,515,34,545,4,439,106
16,72,2,1360,1095,1005,90,1087,8,624,463
16,73,2,1245,1018,963,55,1017,1,594,423
16,74,2,1343,1113,965,148,1094,19,725,369
16,75,2,1302,905,853,52,896,9,533,363
16,76,2,1302,949,887,62,941,8,643,298
16,77,2,1043,794,767,27,790,4,539,251
16,78,2,1100,866,822,44,848,18,634,214
16,79,2,1003,692,655,37,685,7,535,150
16,80,2,0,203,0,203,201,2,157,44
16,81,2,1384,743,689,54,736,7,577,159
16,82,2,843,504,445,59,498,6,372,126
16,83,2,1057,1099,559,540,1075,24,690,385
16,84,2,1028,721,631,90,715,6,458,257
16,85,2,1727,1053,1011,42,1049,4,732,317
16,86,2,1570,920,835,85,911,9,603,308
16,87,2,1750,1293,1232,61,1283,10,926,357
16,88,2,1067,936,886,50,929,7,808,121
16,89,2,1447,1141,1051,90,1131,10,869,262
16,90,2,434,290,290,0,286,4,205,81
16,91,2,1245,982,909,73,973,9,831,142
16,92,2,1247,954,899,55,954,0,804,150
16,93,2,1226,775,759,16,764,11,645,119
16,94,2,1762,885,850,35,869,16,698,171
16,95,2,845,527,461,66,525,2,450,75
16,96,2,1521,989,921,68,985,4,802,183
16,97,2,1494,1049,947,102,1040,9,905,135
16,98,2,1633,1099,999,100,1091,8,915,176
16,99,2,1627,1182,1085,97,1172,10,894,278
16,100,2,1461,1001,896,105,985,16,817,168
16,101,2,958,763,698,65,753,10,639,114
16,102,2,1345,900,770,130,893,7,674,219
16,103,2,1270,707,637,70,690,17,494,196
16,104,2,1235,701,654,47,690,11,518,172
16,105,2,910,589,532,57,574,15,412,162
16,106,2,179,141,118,23,140,1,99,41
16,107,2,1363,1010,971,39,1004,6,724,280
16,108,2,1865,1546,1457,89,1530,16,1205,325
16,109,2,1910,1327,1218,109,1307,20,949,358
16,110,2,1646,1237,1206,31,1228,9,1017,211
16,111,2,1410,821,764,57,812,9,493,319
16,112,2,1843,934,878,56,922,12,687,235
16,113,2,1396,1010,969,41,997,13,735,262
16,114,2,1150,961,914,47,953,8,727,226
16,115,2,1208,733,715,18,726,7,541,185
16,116,2,2889,1947,1850,97,1929,18,1463,466
16,117,2,1123,932,875,57,926,6,717,209
16,118,2,969,639,597,42,632,7,508,124
16,119,2,393,317,282,35,315,2,273,42
16,120,2,1222,993,860,133,962,31,743,219
16,121,2,426,346,289,57,341,5,267,74
16,122,2,1991,1615,1539,76,1595,20,1236,359
16,123,2,1308,1007,958,49,963,44,812,151
16,124,2,682,409,332,77,402,7,292,110
16,125,2,994,668,626,42,666,2,492,174
16,126,2,450,383,319,64,382,1,336,46
16,127,2,1201,809,749,60,803,6,687,116
16,128,2,1356,855,846,9,850,5,597,253
16,129,2,661,467,440,27,460,7,360,100
16,130,2,644,544,498,46,539,5,431,108
16,131,2,1490,861,780,81,852,9,671,181
16,132,2,978,257,231,26,252,5,128,124
16,133,2,1212,677,615,62,672,5,576,96
16,134,2,2517,1747,1665,82,1739,8,1358,381
16,135,2,1520,1169,1111,58,1160,9,907,253
16,136,2,2035,1015,917,98,1014,1,768,246
16,137,2,1479,1022,927,95,1012,10,817,195
16,138,2,1848,1198,1115,83,1189,9,1015,174
16,139,2,1198,609,522,87,599,10,428,171
16,140,2,1007,486,415,71,485,1,392,93
16,141,2,1951,1101,1011,90,1078,23,818,260
16,142,2,485,476,410,66,468,8,364,104
16,143,2,799,644,589,55,632,12,505,127
16,144,2,318,271,239,32,263,8,203,60
16,145,2,2671,1059,922,137,1048,11,604,444
16,146,2,1661,912,771,141,905,7,659,246
16,147,2,2140,1370,1300,70,1359,11,831,528
16,148,2,1496,684,641,43,675,9,500,175
16,149,2,1132,584,530,54,579,5,457,122
16,150,2,1589,1050,985,65,1039,11,817,222
16,151,2,1401,920,830,90,907,13,654,253
16,152,2,1050,823,741,82,816,7,558,258
16,153,2,390,315,276,39,309,6,225,84
16,154,2,1251,886,742,144,873,13,670,203
16,155,2,1313,681,558,123,677,4,522,155
16,156,2,2977,1950,1821,129,1917,33,1220,697
16,157,2,948,658,584,74,645,13,432,213
16,158,2,2212,1410,1353,57,1383,27,947,436
16,159,2,1643,1006,954,52,1000,6,682,318
16,160,2,1543,1282,1236,46,1278,4,1020,258
16,161,2,1488,1176,1113,63,1168,8,995,173
16,162,2,1821,1447,1327,120,1438,9,1186,252
16,163,2,1269,752,706,46,752,0,547,205
16,164,2,1081,709,678,31,701,8,534,167
16,165,2,1579,900,844,56,889,11,724,165
16,166,2,1093,847,819,28,843,4,698,145
16,167,2,1179,881,837,44,874,7,665,209
16,168,2,1550,1123,1092,31,1104,19,917,187
16,169,2,1501,1024,997,27,1006,18,761,245
16,170,2,1129,880,834,46,871,9,618,253
16,171,2,1051,635,518,117,625,10,420,205
16,172,2,793,606,552,54,601,5,459,142
16,173,2,1794,1357,1308,49,1343,14,1107,236
16,174,2,1305,1091,1049,42,1088,3,919,169
16,175,2,1321,1015,992,23,1009,6,870,139
16,176,2,719,714,693,21,695,19,618,77
16,177,2,1781,1067,907,160,1054,13,877,177
16,178,2,2557,1707,1567,140,1688,19,1207,481
16,179,2,1649,1224,1079,145,1212,12,898,314
16,180,2,1449,1081,1033,48,1071,10,712,359
16,181,2,2519,1586,1501,85,1580,6,1075,505
16,182,2,1375,1071,1009,62,1061,10,746,315
16,183,2,1233,937,800,137,922,15,661,261
16,184,2,1319,1059,958,101,1058,1,887,171
16,185,2,1470,1061,1013,48,1056,5,865,191
16,186,2,1374,1078,1007,71,1056,22,909,147
16,187,2,2876,2083,1965,118,2069,14,1623,446
16,188,2,2150,1592,1492,100,1565,27,1164,401
16,189,2,0,1057,0,1057,1048,9,241,807
16,190,2,1886,1285,1188,97,1276,9,978,298
16,191,2,1135,716,665,51,707,9,544,163
16,192,2,1167,763,725,38,755,8,646,109
16,193,2,620,541,507,34,539,2,469,70
16,194,2,1569,1329,1249,80,1326,3,1153,173
16,195,2,1642,939,891,48,931,8,772,159
16,196,2,1797,707,668,39,697,10,359,338
16,197,2,1441,579,524,55,573,6,391,182
16,198,2,1164,617,550,67,611,6,478,133
16,199,2,1309,1158,1053,105,1150,8,989,161
16,200,2,943,876,804,72,873,3,755,118
16,201,2,1018,782,746,36,777,5,621,156
16,202,2,811,595,556,39,593,2,472,121
16,203,2,1076,616,585,31,607,9,485,122
16,204,2,983,697,638,59,687,10,535,152
16,205,2,1697,957,883,74,952,5,779,173
16,206,2,1506,948,892,56,927,21,742,185
16,207,2,1379,806,784,22,796,10,638,158
16,208,2,1390,1046,984,62,1032,14,866,166
16,209,2,791,617,568,49,606,11,475,131
16,210,2,965,731,697,34,728,3,543,185
16,211,2,1222,1004,924,80,991,13,765,226
16,212,2,1002,657,564,93,650,7,444,206
16,213,2,79,71,63,8,70,1,63,7
16,214,2,72,326,50,276,318,8,188,130
16,215,2,2449,1597,1513,84,1589,8,1244,345
16,216,2,1248,965,931,34,963,2,670,293
16,217,2,520,413,391,22,410,3,320,90
16,218,2,2136,1256,1202,54,1240,16,853,387
16,219,2,839,461,445,16,443,18,232,211
16,220,2,1550,929,860,69,921,8,726,195
16,221,2,1139,758,709,49,748,10,584,164
16,222,2,374,262,247,15,261,1,175,86
16,223,2,2035,1263,1224,39,1246,17,914,332
16,224,2,1057,645,575,70,636,9,492,144
16,225,2,1290,783,688,95,774,9,513,261
16,226,2,1023,663,589,74,659,4,590,69
16,227,2,1729,1116,942,174,1104,12,943,161
16,228,2,1907,1219,1108,111,1205,14,1022,183
16,229,2,743,470,429,41,459,11,382,77
16,230,2,2197,1266,1195,71,1253,13,1058,195
16,231,2,1777,1450,1231,219,1445,5,1107,338
16,232,2,754,539,445,94,531,8,432,99
16,233,2,1933,999,938,61,987,12,592,395
16,234,2,1113,646,612,34,637,9,383,254
16,235,2,2587,1473,1316,157,1458,15,985,473
16,236,2,1653,1012,834,178,995,17,750,245
16,237,2,1986,892,781,111,881,11,347,534
16,238,2,2039,1047,1005,42,1039,8,776,263
16,239,2,788,615,574,41,612,3,480,132
16,240,2,1823,1278,1225,53,1270,8,1097,173
16,241,2,1717,1040,988,52,1027,13,710,317
16,242,2,650,480,434,46,476,4,337,139
16,243,2,851,433,385,48,423,10,308,115
16,244,2,840,642,589,53,635,7,489,146
16,245,2,878,580,537,43,572,8,390,182
16,246,2,944,501,456,45,493,8,394,99
16,247,2,1378,1078,1027,51,1065,13,779,286
16,248,2,1110,827,772,55,825,2,604,221
16,249,2,986,744,706,38,741,3,533,208
16,250,2,978,731,673,58,722,9,591,131
16,251,2,1873,1298,1232,66,1289,9,864,425
16,252,2,2079,1606,1562,44,1596,10,1341,255
16,253,2,760,628,576,52,626,2,502,124
16,254,2,494,510,469,41,508,2,451,57
16,255,2,921,540,506,34,538,2,458,80
16,256,2,862,687,619,68,682,5,556,126
16,257,2,728,479,430,49,475,4,347,128
16,258,2,639,473,422,51,465,8,319,146
16,259,2,1847,901,830,71,890,11,602,288
16,260,2,1120,716,614,102,707,9,486,221
16,261,2,1275,745,659,86,727,18,627,100
16,262,2,744,482,414,68,467,15,301,166
16,263,2,2277,1858,1772,86,1844,14,1588,256
16,264,2,1075,828,765,63,820,8,676,144
16,265,2,1726,1307,1216,91,1293,14,1065,228
16,266,2,1764,1022,976,46,1005,17,670,335
16,267,2,1549,863,807,56,856,7,647,209
16,268,2,804,506,479,27,493,13,364,129
16,269,2,989,841,824,17,838,3,720,118
16,270,2,1126,985,944,41,978,7,793,185
16,271,2,1217,847,799,48,840,7,665,175
16,272,2,852,675,652,23,671,4,582,89
16,273,2,1137,809,744,65,800,7,663,137
16,274,2,1054,668,605,63,654,14,568,86
16,275,2,1415,1017,931,86,1005,12,849,156
16,276,2,1347,851,786,65,842,9,645,197
16,277,2,1551,1081,1031,50,1064,17,841,223
16,278,2,1094,878,804,74,871,7,685,186
16,279,2,399,328,318,10,327,1,259,68
16,280,2,1084,833,758,75,822,11,661,161
16,281,2,1073,803,736,67,786,17,628,158
16,282,2,389,311,295,16,309,2,257,52
16,283,2,1299,825,711,114,818,7,645,173
16,284,2,724,485,395,90,481,4,376,105
16,285,2,1013,823,774,49,817,6,663,154
16,286,2,1121,744,701,43,732,12,554,178
16,287,2,895,455,425,30,450,5,342,108
16,288,2,1134,545,524,21,543,2,378,165
16,289,2,949,697,662,35,693,2,567,126
16,290,2,414,312,296,16,310,2,244,66
16,291,2,2214,1734,1621,113,1727,7,1384,343
16,292,2,297,255,238,17,253,2,226,27
16,293,2,989,584,547,37,582,2,481,101
16,294,2,1460,871,806,65,863,7,750,113
16,295,2,939,790,756,34,785,5,701,84
16,296,2,1680,1194,1102,92,1186,8,935,251
16,297,2,995,795,724,71,786,9,582,204
16,298,2,711,546,497,49,533,13,394,139
16,299,2,328,274,242,32,269,5,215,54
16,300,2,1744,1445,1394,51,1432,13,1186,246
16,301,2,1200,990,737,253,987,3,844,143
16,302,2,726,465,350,115,464,1,366,98
16,303,2,1170,869,691,178,860,9,635,225
16,304,2,1881,854,787,67,844,10,678,166
16,305,2,1136,884,817,67,876,8,658,218
16,306,2,998,638,596,42,628,10,441,187
17,1,2,1864,1482,1342,140,1476,6,828,648
17,2,2,1539,1157,921,236,1154,3,660,494
17,3,2,1715,1153,1010,143,1148,5,651,497
17,4,2,1837,1313,1161,152,1307,6,652,655
17,5,2,2111,1554,1320,234,1545,9,930,615
17,6,2,1383,1035,924,111,1030,5,511,519
17,7,2,1309,1033,955,78,1030,3,520,510
17,8,2,1824,1468,1236,232,1461,7,796,665
17,9,2,1832,1414,1254,160,1411,3,776,635
17,10,2,1852,1430,1310,120,1426,4,749,677
17,11,2,1647,1207,1061,146,1202,5,673,529
17,12,2,2333,1475,1356,119,1471,4,848,623
17,13,2,1302,950,870,80,945,5,584,361
17,14,2,2620,1516,1362,154,1508,8,872,636
17,15,2,1847,1276,1143,133,1271,5,772,499
17,16,2,1197,1203,1097,106,1193,4,733,460
17,17,2,1839,1308,1223,85,1297,11,735,562
17,18,2,1796,1106,975,131,1096,10,679,417
17,19,2,1732,830,704,126,823,7,489,334
17,20,2,1942,1317,1154,163,1305,12,828,477
17,21,2,1543,1061,947,114,1056,5,597,459
17,22,2,1553,1147,980,167,1141,6,685,456
17,23,2,1667,1114,976,138,1105,9,717,388
17,24,2,1835,1276,1145,131,1269,7,734,535
17,25,2,1741,1314,1052,262,1309,5,675,634
17,26,2,1958,1392,1104,288,1359,33,873,486
17,27,2,1745,1093,930,163,1084,9,709,375
17,28,2,625,464,398,66,456,8,346,110
17,29,2,764,494,464,30,491,3,389,102
17,30,2,1426,831,755,76,824,7,471,353
17,31,2,1611,990,923,67,985,5,575,410
17,32,2,1224,866,751,115,860,6,538,322
17,33,2,1705,1003,931,72,995,8,628,367
17,34,2,1529,934,838,96,930,4,587,343
17,35,2,1641,1158,1059,99,1155,3,678,477
17,36,2,1798,1120,967,153,1112,8,547,565
17,37,2,1370,1198,1079,119,1075,4,511,564
17,38,2,1324,1047,946,101,1039,8,539,500
17,39,2,1491,1045,922,123,1036,9,543,493
17,40,2,1433,1156,914,242,1152,4,616,536
17,41,2,1566,1116,1025,91,1113,3,608,505
17,42,2,1911,1334,1172,162,1324,10,809,515
17,43,2,2179,1316,1159,157,1305,11,886,419
17,44,2,1205,667,626,41,658,9,426,232
17,45,2,1040,653,490,163,646,7,397,249
17,46,2,1500,977,709,268,967,10,600,367
17,47,2,1456,1153,928,225,1152,1,561,591
17,48,2,978,751,658,93,748,3,370,378
17,49,2,1871,1333,971,362,1324,9,704,620
17,50,2,2271,1521,1300,221,1513,8,686,827
17,51,2,2382,1628,1450,178,1614,14,872,742
17,52,2,1944,1530,1198,332,1515,15,905,610
17,53,2,1637,1004,888,116,991,13,670,321
17,54,2,1759,1463,1075,388,1451,12,1008,443
17,55,2,1462,788,652,136,767,21,527,240
17,56,2,1645,956,790,166,944,12,639,305
17,57,2,1947,1345,1072,273,1342,3,871,471
17,58,2,1974,1274,1102,172,1263,11,845,418
17,59,2,2183,1316,1149,167,1305,11,876,429
17,60,2,1968,1318,1210,108,1310,8,842,468
17,61,2,2071,1412,1291,121,1397,15,925,472
17,62,2,2007,1442,1252,190,1440,2,959,481
17,63,2,1763,1151,1092,59,1140,11,747,393
17,64,2,1673,1187,1067,120,1182,5,753,429
17,65,2,1933,1238,1149,89,1233,5,798,435
17,66,2,1801,1167,1068,99,1155,12,803,352
17,67,2,1485,1046,939,107,1040,6,577,463
17,68,2,1711,1106,995,111,1099,7,706,393
17,69,2,1616,1081,939,142,1070,11,690,380
17,70,2,1558,1005,921,84,998,7,704,294
17,71,2,1633,1127,1012,115,1115,12,780,335
17,72,2,1641,1183,1096,87,1092,4,707,385
17,73,2,1965,1351,1222,129,1339,12,837,502
17,74,2,2089,1397,1282,115,1388,9,895,493
17,75,2,1898,1289,1117,172,1278,11,846,432
17,76,2,1691,1105,929,176,1097,8,725,372
17,77,2,1646,1073,939,134,1063,10,673,390
17,78,2,1761,1126,1010,116,1123,3,604,519
17,79,2,2356,1229,1098,131,1223,6,679,544
17,80,2,2267,1516,1214,302,1508,8,818,690
17,81,2,1605,1213,1038,175,1203,10,737,466
17,82,2,1793,1116,1009,107,1112,4,700,412
17,83,2,1238,864,781,83,859,5,523,336
17,84,2,1606,1150,1074,76,1142,8,686,456
17,85,2,1564,1067,937,130,1062,5,639,423
17,86,2,1649,1221,1118,103,1215,6,706,509
17,87,2,1650,1176,1089,87,1172,4,611,561
17,88,2,1908,1301,1266,35,1296,5,747,549
17,89,2,1588,1148,1073,75,1145,3,693,452
17,90,2,1370,941,821,120,934,5,562,372
17,91,2,1943,1573,1382,191,1568,5,877,691
17,92,2,1982,1369,1272,97,1359,10,746,613
17,93,2,1226,1103,890,213,1098,5,598,500
17,94,2,1318,1033,908,125,1031,2,474,557
17,95,2,1750,1294,1166,128,1285,9,650,635
17,96,2,1177,904,832,72,897,7,490,407
17,97,2,1551,1096,972,124,1090,6,680,410
17,98,2,1807,1339,1263,76,1333,6,802,531
17,99,2,1812,1338,1253,85,1328,10,811,517
17,100,2,1626,1251,1076,175,1245,4,773,472
17,101,2,1519,1038,943,95,1030,8,669,361
17,102,2,1166,834,718,116,829,5,578,251
17,103,2,1155,1255,829,426,1231,24,737,494
17,104,2,598,589,422,167,582,7,432,150
17,105,2,1022,784,659,125,779,5,576,203
17,106,2,941,710,605,105,702,8,512,190
17,107,2,1374,1587,983,604,1580,7,872,708
17,108,2,1851,1496,1356,140,1491,5,865,626
17,109,2,1837,1350,1260,90,1348,2,764,584
17,110,2,2303,1793,1121,672,1783,10,761,1022
17,111,2,2051,1732,1552,180,1724,8,778,946
17,112,2,1842,1373,1227,146,1367,6,768,599
17,113,2,1460,1099,976,123,1097,2,589,508
17,114,2,1473,1224,1090,134,1214,10,707,507
17,115,2,1450,1073,974,99,1069,4,605,464
17,116,2,1849,1170,1150,20,1168,2,709,459
17,117,2,1947,1309,1189,120,1292,8,781,511
17,118,2,1910,1325,1220,105,1321,4,803,518
17,119,2,1730,1205,1107,98,1201,4,734,467
17,120,2,1456,931,855,76,928,3,575,353
17,121,2,1816,1133,1035,98,1132,1,660,472
17,122,2,1634,1218,1085,133,1209,9,704,505
17,123,2,2181,1295,1092,203,1284,11,640,644
17,124,2,1803,1260,1202,58,1252,8,776,476
17,125,2,1362,858,797,61,853,5,523,330
17,126,2,1582,986,908,78,982,4,595,387
17,127,2,1264,736,681,55,736,0,422,314
17,128,2,1270,832,668,164,828,4,480,348
17,129,2,1893,1259,1066,193,1249,10,742,507
17,130,2,1211,589,524,65,584,5,388,196
17,131,2,1211,560,477,83,556,4,353,203
17,132,2,951,578,521,57,571,7,442,129
17,133,2,1209,992,850,142,985,7,647,338
17,134,2,0,230,0,230,228,2,155,73
17,135,2,0,378,0,378,375,3,254,121
17,136,2,0,230,0,230,223,7,128,95
17,137,2,0,256,0,256,250,6,148,102
17,138,2,0,323,0,323,321,2,162,159
17,139,2,0,241,0,241,240,1,139,101
17,140,2,0,579,0,579,562,17,317,245
17,141,2,0,284,0,284,277,7,154,123
17,142,2,0,56,0,56,54,2,38,16
17,143,2,0,491,0,491,488,3,348,140
17,144,2,1422,872,778,94,864,8,561,303
17,145,2,1342,778,648,130,765,13,486,279
17,146,2,1090,495,431,64,493,2,336,157
17,147,2,1559,802,707,95,796,6,536,260
17,148,2,2149,1275,1140,135,1257,18,832,425
17,149,2,1534,807,703,104,791,16,542,249
17,150,2,1240,721,639,82,714,7,455,259
17,151,2,1501,910,764,146,902,8,571,331
17,152,2,1516,891,816,75,881,10,640,241
17,153,2,1109,697,613,84,689,8,489,200
17,154,2,1194,927,666,261,923,4,612,311
17,155,2,487,396,300,96,391,5,333,58
17,156,2,1879,1251,973,278,1245,6,831,414
17,157,2,1930,1410,1271,139,1405,5,1036,369
17,158,2,1497,1090,961,129,1083,7,825,258
17,159,2,1489,1048,857,191,1044,4,752,292
17,160,2,1549,878,657,221,873,5,568,305
17,161,2,1796,1083,862,221,1075,8,719,356
17,162,2,1037,780,673,107,772,8,600,172
17,163,2,2123,1491,1360,131,1477,14,1155,322
17,164,2,555,471,385,86,465,6,334,131
17,165,2,1900,1303,1091,212,1297,6,969,328
17,166,2,2300,1340,1165,175,1327,13,1005,322
17,167,2,1943,1379,1150,229,1366,13,1058,308
17,168,2,2300,1464,1159,305,1447,17,1089,358
17,169,2,872,640,585,55,634,6,538,96
17,170,2,1743,1082,881,201,1069,13,913,156
17,171,2,833,620,556,64,609,11,473,136
17,172,2,82,92,81,11,90,2,76,14
17,173,2,1819,1152,1101,51,1143,9,938,205
17,174,2,1304,857,709,148,846,11,668,178
17,175,2,1646,1098,1039,59,1077,21,865,212
17,176,2,1742,1188,1126,62,1174,14,930,244
17,177,2,1298,1261,1077,184,1243,18,956,287
17,178,2,1065,914,821,93,904,10,594,310
17,179,2,584,523,434,89,515,8,386,129
17,180,2,1829,930,835,95,913,17,626,287
17,181,2,1327,865,672,193,856,9,705,151
17,182,2,1486,1067,893,174,1060,7,719,341
17,183,2,1126,852,731,121,843,9,655,188
17,184,2,1422,1033,944,89,1030,3,851,179
17,185,2,417,407,333,74,394,13,376,18
17,186,2,1785,1296,945,351,1287,8,912,375
17,187,2,998,738,602,136,725,13,467,258
17,188,2,1998,1483,1218,265,1466,17,1052,414
17,189,2,1954,1056,970,86,1041,15,876,165
17,190,2,1253,819,790,29,811,8,608,203
17,191,2,461,245,215,30,243,2,151,92
17,192,2,311,242,220,22,239,3,173,66
17,193,2,836,727,681,46,681,46,589,92
17,194,2,1719,1280,1132,148,1268,12,1072,196
17,195,2,1564,863,738,125,854,9,688,166
17,196,2,1398,777,607,170,767,10,560,207
17,197,2,1168,636,548,88,628,8,519,109
17,198,2,1900,922,897,25,916,6,778,138
17,199,2,1852,1038,909,129,1029,9,833,196
17,200,2,987,888,787,101,879,9,645,234
17,201,2,598,630,529,101,625,5,535,90
17,202,2,490,418,385,33,408,10,338,70
17,203,2,746,608,557,51,606,2,468,138
17,204,2,1266,1138,971,167,1120,16,884,236
17,205,2,440,294,245,49,287,7,255,32
17,206,2,709,470,347,123,461,9,389,72
17,207,2,711,529,502,27,528,1,458,70
17,208,2,155,188,140,48,187,1,165,22
17,209,2,1721,1149,1054,95,1133,16,1020,113
17,210,2,954,534,509,25,528,6,425,103
17,211,2,1060,835,744,91,831,4,673,158
17,212,2,759,561,450,111,561,0,494,67
17,213,2,515,347,308,39,343,4,303,40
17,214,2,495,444,359,85,436,8,366,70
17,215,2,1156,916,712,204,906,10,780,126
17,216,2,575,584,494,90,580,4,508,72
17,217,2,1280,845,713,132,830,15,578,252
17,218,2,1220,790,672,118,778,12,542,236
17,219,2,1591,832,779,53,820,12,542,278
17,220,2,813,417,377,40,408,9,298,110
17,221,2,996,635,504,131,607,28,386,221
17,222,2,887,628,503,125,623,3,503,120
17,223,2,803,587,452,135,584,3,465,119
17,224,2,1207,1258,1129,129,1247,11,1025,222
17,225,2,677,700,602,98,692,8,518,174
17,226,2,1078,885,764,121,877,8,715,162
17,227,2,2100,1282,1167,115,1269,13,960,309
17,228,2,1121,1088,1005,83,1026,62,893,133
17,229,2,1289,1002,943,59,977,25,863,114
17,230,2,1544,1113,937,176,1088,25,817,271
17,231,2,1230,919,730,189,905,14,692,213
17,232,2,1823,1138,905,233,1132,6,906,226
17,233,2,1722,993,781,212,978,15,730,248
17,234,2,1673,1370,1195,175,1186,9,942,244
17,235,2,1404,736,646,90,728,8,558,170
17,236,2,1042,513,443,70,507,6,393,114
17,237,2,1559,967,800,167,945,22,657,288
17,238,2,740,591,517,74,586,5,464,122
17,239,2,1750,1438,1373,65,1421,17,1157,264
17,240,2,896,782,735,47,770,12,613,157
17,241,2,637,419,372,47,415,4,350,65
17,242,2,514,433,352,81,425,8,339,86
17,243,2,823,613,526,87,613,0,464,149
17,244,2,1747,1090,1019,71,1057,33,805,252
17,245,2,1542,992,886,106,981,11,728,253
17,246,2,1584,981,887,94,967,14,772,195
17,247,2,1185,856,714,142,840,16,548,292
17,248,2,576,580,514,66,578,2,466,112
17,249,2,2026,1235,1153,82,1224,11,885,339
17,250,2,1674,985,889,96,974,11,707,267
17,251,2,1148,792,721,71,784,8,591,193
17,252,2,1741,1235,1055,180,1191,44,848,343
17,253,2,781,514,456,58,502,12,355,147
17,254,2,1370,874,743,131,855,19,653,202
17,255,2,952,873,803,70,867,6,692,175
17,256,2,1168,809,724,85,799,10,591,208
17,257,2,1520,751,650,101,739,12,530,209
17,258,2,1901,957,877,80,939,18,580,359
17,259,2,1202,834,685,149,824,10,630,194
17,260,2,1106,680,581,99,672,8,496,176
17,261,2,1773,1202,1197,5,1182,20,1017,165
17,262,2,1936,1308,1136,172,1303,5,1059,244
17,263,2,1554,1121,1010,111,1111,10,910,201
17,264,2,1934,1276,1153,123,1264,12,1055,209
17,265,2,1509,1162,1076,86,1158,4,975,183
17,266,2,1462,962,875,87,959,3,774,185
17,267,2,1533,1015,914,101,995,20,872,123
17,268,2,1730,1046,968,78,1037,9,849,188
17,269,2,1936,1112,1028,84,1100,12,931,169
17,270,2,998,807,699,108,791,16,540,251
17,271,2,703,664,596,68,654,10,525,129
17,272,2,859,825,730,95,823,2,651,172
17,273,2,801,525,429,96,518,7,423,95
17,274,2,396,441,276,165,438,3,367,71
17,275,2,795,568,499,69,561,7,475,86
17,276,2,751,539,417,122,528,11,422,106
17,277,2,1223,983,746,237,955,28,765,190
17,278,2,1418,891,753,138,875,16,672,203
17,279,2,928,750,681,69,744,6,598,146
17,280,2,413,354,286,68,351,3,292,59
17,281,2,1492,993,805,188,983,10,814,169
17,282,2,1080,926,736,190,912,14,703,209
17,283,2,1684,870,772,98,859,11,603,256
17,284,2,1165,670,618,52,656,14,471,185
17,285,2,1316,661,588,73,657,4,463,194
17,286,2,1059,630,577,53,617,13,426,191
17,287,2,485,429,377,52,421,8,333,88
17,288,2,1170,826,728,98,820,6,681,139
17,289,2,1185,908,681,227,902,6,778,124
17,290,2,906,673,542,131,669,4,498,171
17,291,2,1022,827,723,104,817,10,517,300
17,292,2,1129,784,700,84,777,7,567,210
17,293,2,1469,904,786,118,898,6,620,278
17,294,2,1234,825,659,166,820,5,675,145
17,295,2,833,659,548,111,651,8,539,112
17,296,2,627,449,394,55,448,1,345,103
17,297,2,1511,1068,884,184,1057,11,879,178
17,298,2,1080,895,581,314,891,4,704,187
17,299,2,772,542,453,89,537,5,421,116
17,300,2,356,326,257,69,321,5,266,55
17,301,2,1221,855,765,90,849,6,701,148
17,302,2,2052,1225,1025,200,1209,16,963,246
17,303,2,1486,940,801,139,927,13,782,145
17,304,2,1447,899,720,179,885,14,687,198
17,305,2,548,366,303,63,357,9,278,79
17,306,2,685,477,396,81,474,3,385,89
17,307,2,816,552,440,112,542,10,437,105
17,308,2,933,492,429,63,478,14,380,98
17,309,2,1414,976,793,183,962,14,638,324
17,310,2,1412,920,760,160,903,17,592,311
17,311,2,1383,781,638,143,769,12,532,237
17,312,2,396,292,234,58,284,8,214,70
17,313,2,1978,1131,975,156,1111,20,881,230
17,314,2,2130,1072,964,108,1050,22,831,219
17,315,2,1262,779,615,164,765,14,524,241
17,316,2,1174,674,560,114,666,8,535,131
17,317,2,1107,630,628,2,622,8,494,128
17,318,2,1148,976,864,112,971,5,805,166
17,319,2,403,446,373,73,445,1,357,88
17,320,2,1534,1300,1064,236,1291,9,943,348
17,321,2,1877,1997,1877,120,1821,176,1625,196
17,322,2,1408,1380,1182,198,1348,32,1130,218
17,323,2,1505,1525,1341,184,1511,14,1240,271
17,324,2,1329,869,774,95,855,14,627,228
17,325,2,790,706,589,117,700,6,519,181
17,326,2,1605,1149,994,155,1114,35,734,380
17,327,2,936,712,540,172,705,7,548,157
17,328,2,1405,973,734,239,955,18,808,147
17,329,2,1013,481,382,99,476,5,388,88
17,330,2,1115,824,760,64,797,27,486,311
17,331,2,695,473,432,41,468,5,340,128
17,332,2,1508,935,866,69,925,10,753,172
17,333,2,1449,977,825,152,971,6,745,226
17,334,2,1532,974,889,85,967,7,764,203
17,335,2,682,553,489,64,544,9,375,169
17,336,2,1862,1319,1154,165,1152,167,958,194
17,337,2,1560,1019,879,140,1007,12,681,326
17,338,2,1800,1105,986,119,1086,19,705,381
17,339,2,790,681,571,110,674,7,487,187
17,340,2,995,832,739,93,827,5,598,229
17,341,2,799,717,626,91,710,7,601,109
17,342,2,529,386,317,69,380,6,253,127
17,343,2,884,646,536,110,641,5,536,105
17,344,2,870,608,509,99,602,6,517,85
17,345,2,1439,986,864,122,974,12,715,259
17,346,2,1048,669,562,107,664,5,509,155
17,347,2,856,604,505,99,597,7,436,161
17,348,2,693,525,474,51,465,60,323,142
17,349,2,1349,1076,960,116,1053,23,936,117
17,350,2,1523,1412,1170,242,1405,7,1203,202
17,351,2,610,534,402,132,528,6,454,74
17,352,2,1146,829,631,198,811,18,590,221
17,353,2,1301,835,698,137,825,9,588,237
17,354,2,263,262,210,52,260,2,195,65
17,355,2,1270,834,767,67,821,13,555,266
17,356,2,969,719,649,70,699,20,496,203
17,357,2,767,619,546,73,607,12,465,142
17,358,2,1979,1371,1222,149,1365,6,1054,311
17,359,2,1613,1046,862,184,1035,11,753,282
17,360,2,299,201,171,30,198,3,179,19
17,361,2,1773,1099,901,198,1087,12,683,404
17,362,2,1651,919,772,147,902,17,586,316
17,363,2,892,590,531,59,582,8,445,137
17,364,2,390,350,341,9,343,7,223,120
17,365,2,2459,1727,1547,180,1705,22,1398,307
17,366,2,1918,1106,1004,102,1095,11,892,203
17,367,2,1760,1006,899,107,998,8,775,223
17,368,2,1074,743,646,97,737,6,599,138
17,369,2,1600,1164,910,254,1157,7,941,216
17,370,2,1255,998,860,138,983,15,775,208
17,371,2,525,473,384,89,473,0,403,70
17,372,2,805,516,476,40,505,11,348,157
17,373,2,1403,829,720,109,817,12,605,212
17,374,2,1416,901,818,83,887,14,648,239
17,375,2,982,639,568,71,630,8,535,95
17,376,2,1468,689,642,47,668,21,483,185
17,377,2,1233,598,462,136,575,23,456,119
17,378,2,943,900,799,101,830,70,659,171
17,379,2,1477,1140,934,206,1126,14,849,277
17,380,2,283,395,269,126,394,1,293,101
17,381,2,1552,903,810,93,891,12,619,272
17,382,2,1644,836,789,47,819,17,598,221
17,383,2,948,662,529,133,652,10,490,162
17,384,2,1484,779,693,86,770,9,577,193
17,385,2,1120,534,422,112,532,2,493,39
17,386,2,2228,1060,1023,37,1040,20,890,150
17,387,2,1415,847,724,123,840,7,610,230
17,388,2,1123,971,823,148,962,9,848,114
17,389,2,1100,780,705,75,769,11,584,185
17,390,2,923,771,698,73,771,0,684,87
17,391,2,1021,689,597,92,681,8,510,171
17,392,2,674,603,497,106,598,5,489,109
17,393,2,986,690,641,49,683,7,509,174
17,394,2,1058,787,717,70,777,10,626,151
17,395,2,690,577,480,97,569,8,491,78
17,396,2,629,365,318,47,360,5,259,101
17,397,2,1107,551,494,57,541,10,393,148
17,398,2,1669,1078,930,148,1064,14,668,396
17,399,2,646,549,502,47,543,6,449,94
17,400,2,156,145,131,14,137,7,110,27
17,401,2,933,544,491,53,529,15,397,132
17,402,2,353,287,240,47,284,3,232,52
17,403,2,1461,1140,1042,98,1110,30,765,345
17,404,2,1917,1187,1098,89,1158,29,883,275
17,405,2,1561,1340,1236,104,1330,10,1076,254
17,406,2,1162,694,646,48,677,17,455,222
17,407,2,398,435,398,37,424,11,190,234
17,408,2,953,745,611,134,728,12,569,159
17,409,2,466,473,374,99,468,5,372,96
17,410,2,1139,961,829,132,950,11,754,196
17,411,2,809,640,558,82,631,9,519,112
17,412,2,343,221,178,43,218,3,146,72
17,413,2,1964,1479,1357,122,1467,12,1183,284
17,414,2,223,228,212,16,228,0,209,19
17,415,2,1360,969,791,178,948,21,566,382
17,416,2,1499,936,674,262,918,18,563,355
17,417,2,1899,1283,1123,160,1276,7,1028,248
17,418,2,513,547,459,88,540,7,436,104
17,419,2,839,562,528,34,554,8,379,175
17,420,2,1000,541,466,75,535,6,389,146
17,421,2,1538,1012,871,141,996,16,708,288
17,422,2,1655,1030,965,65,1019,11,755,264
17,423,2,888,599,470,129,587,12,478,109
17,424,2,733,465,434,31,457,8,319,138
17,425,2,663,543,463,80,540,3,436,104
17,426,2,652,348,300,48,339,9,240,99
17,427,2,1262,1015,820,195,1008,7,799,209
17,428,2,1460,1006,903,103,999,7,823,176
17,429,2,887,643,485,158,633,10,500,133
17,430,2,889,613,526,87,611,2,518,93
17,431,2,1405,976,822,154,970,6,862,108
18,1,2,1692,1330,1266,64,1324,6,758,566
18,2,2,1357,1249,1037,212,1245,4,720,525
18,3,2,1534,1240,1167,73,1234,6,584,650
18,4,2,1519,1189,1113,76,1184,5,619,565
18,5,2,1705,1306,1235,71,1303,3,643,660
18,6,2,1524,1134,1088,46,1128,6,596,532
18,7,2,1889,1371,1334,37,1368,3,658,710
18,8,2,1733,1301,1249,52,1298,3,584,714
18,9,2,1948,1367,1349,18,1360,7,654,706
18,10,2,1846,1468,1241,227,1461,6,722,739
18,11,2,1519,1063,1034,29,1055,4,645,410
18,12,2,1390,974,940,34,964,10,520,444
18,13,2,1381,911,884,27,909,2,507,402
18,14,2,1368,972,915,57,967,5,528,439
18,15,2,1337,968,920,48,963,5,610,353
18,16,2,1334,970,911,59,967,3,532,435
18,17,2,1297,985,912,73,981,4,513,468
18,18,2,1596,1133,1082,51,1128,5,630,498
18,19,2,1706,1223,1171,52,1221,2,686,535
18,20,2,1516,1017,955,62,1014,3,601,413
18,21,2,1544,1260,1172,88,1254,6,763,491
18,22,2,1332,878,778,100,873,5,588,285
18,23,2,1444,924,848,76,919,5,586,333
18,24,2,1893,1355,1239,116,1350,5,801,549
18,25,2,1948,1394,1306,88,1386,8,842,544
18,26,2,1653,1199,1103,96,1196,3,707,489
18,27,2,1404,978,912,66,967,11,569,398
18,28,2,1270,926,890,36,918,8,572,346
18,29,2,2084,1351,1225,126,1344,7,826,518
18,30,2,1558,1170,1022,148,1162,6,708,454
18,31,2,1324,988,907,81,985,3,633,352
18,32,2,1406,1040,935,105,1033,7,653,380
18,33,2,1521,1130,1025,105,1123,7,742,381
18,34,2,279,244,184,60,240,4,157,83
18,35,2,1813,1349,1190,159,1343,6,857,486
18,36,2,1899,1295,1184,111,1292,3,809,483
18,37,2,1858,1478,1230,248,1468,10,893,575
18,38,2,1728,1193,1107,86,1189,4,703,486
18,39,2,1544,1042,971,71,1033,9,590,443
18,40,2,1563,1060,1033,27,1053,7,636,417
18,41,2,1621,1078,988,90,1069,9,660,409
18,42,2,1423,956,921,35,954,2,585,369
18,43,2,1752,1193,1075,118,1182,10,779,403
18,44,2,1492,1108,998,110,1107,1,668,439
18,45,2,1303,886,844,42,883,3,504,379
18,46,2,1459,1061,983,78,1056,5,681,375
18,47,2,1675,1204,1095,109,1202,2,756,446
18,48,2,1323,916,866,50,904,12,549,355
18,49,2,1458,1032,971,61,1025,6,587,438
18,50,2,1582,1022,942,80,1016,6,619,397
18,51,2,1660,1097,1029,68,1092,3,697,395
18,52,2,1615,1135,1095,40,1130,5,661,469
18,53,2,1585,1120,999,121,1110,10,675,435
18,54,2,1866,1261,1214,47,1253,8,751,502
18,55,2,1984,1198,1164,34,1193,5,751,442
18,56,2,1906,1347,1249,98,1334,13,702,632
18,57,2,1921,1206,1112,94,1200,6,699,501
18,58,2,1728,1214,1136,78,1209,5,714,495
18,59,2,1895,1305,1251,54,1301,4,762,539
18,60,2,1854,1364,1211,153,1358,6,835,523
18,61,2,1778,1247,1167,80,1242,5,832,410
18,62,2,1667,1218,1110,108,1210,8,682,528
18,63,2,1742,1234,1141,93,1230,4,713,517
18,64,2,1588,1048,999,49,1037,11,638,399
18,65,2,1501,1125,998,127,1120,5,705,415
18,66,2,1458,971,943,28,968,3,558,410
18,67,2,1400,903,832,71,898,5,543,355
18,68,2,1584,1095,1039,56,1085,10,635,450
18,69,2,1589,1080,989,91,1074,6,632,442
18,70,2,1541,1045,969,76,1044,1,541,503
18,71,2,1779,1249,1152,97,1242,7,739,503
18,72,2,1772,1273,1179,94,1264,9,702,562
18,73,2,1363,934,872,62,931,3,582,349
18,74,2,1687,1125,978,147,1121,4,679,442
18,75,2,525,807,312,495,800,7,486,314
18,76,2,1928,1509,1299,210,1494,9,930,564
18,77,2,1299,865,806,59,861,4,576,285
18,78,2,1829,1309,1235,74,1304,5,895,409
18,79,2,1393,1016,998,18,1005,11,667,338
18,80,2,1338,978,907,71,967,11,582,385
18,81,2,1509,1049,910,139,1040,8,659,381
18,82,2,1503,935,887,48,927,7,549,378
18,83,2,238,211,159,52,205,6,148,57
18,84,2,1466,1129,1048,81,1123,6,604,519
18,85,2,1483,1021,976,45,1006,10,691,315
18,86,2,1530,1111,1025,86,1098,13,715,383
18,87,2,1580,1135,993,142,1124,11,729,395
18,88,2,1586,1145,1052,93,1134,10,737,397
18,89,2,1429,1049,934,115,1042,7,718,324
18,90,2,1973,1467,1247,220,1450,17,950,500
18,91,2,1682,1274,1095,179,1265,9,785,480
18,92,2,1708,1227,1101,126,1219,8,748,471
18,93,2,1346,1061,887,174,1051,10,667,384
18,94,2,1530,1052,892,160,1044,8,649,395
18,95,2,1406,984,756,228,976,8,639,337
18,96,2,1613,1305,923,382,1291,14,775,516
18,97,2,1322,1007,712,295,995,12,620,375
18,98,2,1731,1144,1035,109,1140,4,695,445
18,99,2,1212,1152,713,439,1141,9,677,464
18,100,2,1866,1346,1276,70,1341,5,824,517
18,101,2,1660,1195,1195,0,1190,5,731,459
18,102,2,2085,1443,1443,0,1429,14,860,569
18,103,2,1786,1186,1186,0,1178,8,685,493
18,104,2,1547,1145,1013,132,1140,5,651,489
18,105,2,1865,1177,1169,8,1173,4,674,499
18,106,2,1818,1223,1048,175,1211,12,710,501
18,107,2,2021,1248,1145,103,1242,6,717,525
18,108,2,1919,1278,1140,138,1271,7,713,558
18,109,2,1371,1015,954,61,1010,5,545,465
18,110,2,1593,1136,1110,26,1127,9,656,471
18,111,2,1834,1267,1161,106,1261,6,799,462
18,112,2,1764,1277,1213,64,1273,4,722,551
18,113,2,1847,1421,1334,87,1416,5,733,683
18,114,2,1907,1391,1297,94,1385,6,738,647
18,115,2,1858,1375,1287,88,1371,4,799,572
18,116,2,1344,1013,920,93,1008,5,520,488
18,117,2,1528,1068,951,117,1061,7,501,560
18,118,2,1760,1207,1006,201,1194,13,745,449
18,119,2,1274,1003,823,180,991,12,554,437
18,120,2,1342,796,644,152,790,6,395,395
18,121,2,1889,1366,1254,112,1358,8,676,682
18,122,2,1992,1332,1252,80,1329,3,686,643
18,123,2,2101,1227,1171,56,1213,14,709,504
18,124,2,1246,1002,863,139,995,7,515,480
18,125,2,1510,1040,954,86,1030,10,520,510
18,126,2,1681,1455,1111,344,1449,6,836,613
18,127,2,1887,1307,1170,137,1305,2,723,582
18,128,2,1905,1328,1165,163,1324,4,701,623
18,129,2,1189,1039,733,306,1026,13,596,430
18,130,2,1133,943,667,276,935,8,481,454
18,131,2,1650,1756,1095,661,1742,14,874,868
18,132,2,1625,1145,1020,125,1137,8,674,463
18,133,2,1826,1393,1146,247,1381,12,853,528
18,134,2,1390,1047,952,95,1037,10,618,419
18,135,2,2042,1632,1495,137,1625,7,756,869
18,136,2,1412,1088,725,363,1070,18,599,471
18,137,2,1682,1336,1084,252,1331,5,658,673
18,138,2,0,863,0,863,855,8,503,352
18,139,2,185,244,162,82,230,14,159,71
18,140,2,0,184,0,184,183,1,110,73
18,141,2,0,76,0,76,75,1,40,35
18,142,2,0,106,0,106,104,2,67,37
18,143,2,0,0,0,0,0,0,0,0
18,144,2,0,301,0,301,297,4,144,153
18,145,2,0,1067,0,1067,1019,48,622,397
18,146,2,0,139,0,139,137,2,72,65
18,147,2,1698,1039,880,159,1020,19,810,210
18,148,2,1364,881,799,82,869,12,658,211
18,149,2,1640,1242,1099,143,1218,24,865,353
18,150,2,1611,1206,1040,166,1183,23,880,303
18,151,2,1112,805,698,107,791,14,556,235
18,152,2,1790,1418,1208,210,1402,16,918,484
18,153,2,1714,1416,1124,292,1402,14,916,486
18,154,2,1323,983,848,135,976,7,761,215
18,155,2,1188,916,798,118,916,0,665,251
18,156,2,1615,1348,1101,247,1329,19,958,371
18,157,2,1525,1064,995,69,1056,8,739,317
18,158,2,1680,1143,1057,86,1134,9,835,299
18,159,2,1864,1395,1212,183,1383,12,1010,373
18,160,2,1127,861,765,96,841,20,684,157
18,161,2,1102,845,818,27,833,12,642,191
18,162,2,2085,1507,1333,174,1494,5,1032,462
18,163,2,1823,1341,1090,251,1332,6,933,399
18,164,2,1951,1514,1265,249,1505,9,1052,453
18,165,2,2158,1302,1267,35,1294,8,969,325
18,166,2,807,605,564,41,599,6,468,131
18,167,2,0,727,0,727,711,16,517,194
18,168,2,0,165,0,165,164,1,127,37
18,169,2,937,739,664,75,733,6,537,196
18,170,2,1648,1157,1034,123,1143,14,918,225
18,171,2,1600,1007,876,131,988,19,762,226
18,172,2,1843,1226,1077,149,1208,18,891,317
18,173,2,1074,746,664,82,729,17,591,138
18,174,2,908,570,517,53,552,18,431,121
18,175,2,1789,1314,1181,133,1297,17,1046,251
18,176,2,1949,1146,1033,113,1132,14,897,235
18,177,2,644,445,349,96,440,5,362,78
18,178,2,474,392,309,83,390,2,315,75
18,179,2,176,152,122,30,150,2,135,15
18,180,2,516,411,342,69,407,2,324,83
18,181,2,1074,637,544,93,625,12,527,98
18,182,2,1084,684,557,127,670,14,544,126
18,183,2,520,383,346,37,379,4,325,54
18,184,2,410,289,239,50,277,12,229,48
18,185,2,1126,884,680,204,874,10,707,167
18,186,2,1057,597,597,0,591,6,497,94
18,187,2,1136,761,635,126,750,11,534,216
18,188,2,452,442,309,133,437,5,302,135
18,189,2,468,350,300,50,346,4,242,104
18,190,2,559,476,430,46,462,14,365,97
18,191,2,516,347,287,60,344,3,267,77
18,192,2,632,422,337,85,409,13,341,68
18,193,2,773,537,432,105,521,16,430,91
18,194,2,419,307,233,74,307,0,255,52
18,195,2,2113,1274,1169,105,1255,19,935,320
18,196,2,638,441,402,39,431,9,337,94
18,197,2,1305,1048,809,239,1035,13,860,175
18,198,2,1679,1232,1232,0,1192,40,1042,150
18,199,2,975,712,644,68,698,14,562,136
18,200,2,685,570,431,139,558,12,380,178
18,201,2,1331,892,744,148,874,18,695,179
18,202,2,930,684,537,147,672,12,514,158
18,203,2,475,372,302,70,364,8,299,65
18,204,2,591,503,406,97,494,9,408,86
18,205,2,486,422,325,97,413,9,330,83
18,206,2,606,490,396,94,481,8,360,121
18,207,2,786,563,476,87,557,6,482,75
18,208,2,727,535,429,106,531,4,422,109
18,209,2,404,350,298,52,350,0,300,50
18,210,2,1951,1114,1015,99,1099,14,883,216
18,211,2,1932,965,827,138,954,11,754,200
18,212,2,1219,720,617,103,704,16,606,98
18,213,2,477,449,346,103,444,5,387,57
18,214,2,1963,1599,1441,158,1578,21,1214,364
18,215,2,963,741,681,60,728,13,558,170
18,216,2,1057,599,531,68,591,8,385,206
18,217,2,1110,616,554,62,604,12,390,214
18,218,2,1660,1085,967,118,1073,12,879,194
18,219,2,1048,678,575,103,666,12,528,138
18,220,2,1106,632,571,61,625,7,460,165
18,221,2,1621,1013,943,70,992,21,793,199
18,222,2,1306,902,819,83,884,17,698,186
18,223,2,1303,918,861,57,912,6,689,223
18,224,2,1492,1048,963,85,1025,23,778,247
18,225,2,1897,1108,978,130,1089,19,777,312
18,226,2,1833,1152,1008,144,1134,15,690,444
18,227,2,1120,712,571,141,706,6,532,174
18,228,2,959,548,464,84,545,3,383,162
18,229,2,741,434,311,123,427,7,315,112
18,230,2,632,301,246,55,298,3,227,71
18,231,2,1600,776,663,113,763,12,584,179
18,232,2,729,388,311,77,376,12,281,95
18,233,2,1205,1003,795,208,995,8,843,152
18,234,2,1677,1010,861,149,993,17,773,220
18,235,2,747,460,399,61,455,5,377,78
18,236,2,2217,1277,1152,125,1253,21,1005,248
18,237,2,793,501,447,54,487,12,389,98
18,238,2,710,443,404,39,439,4,359,80
18,239,2,1370,1096,768,328,1083,13,871,212
18,240,2,1100,828,543,285,812,16,635,177
18,241,2,1785,1201,1031,170,1183,18,992,191
18,242,2,1667,1244,1093,151,1215,29,1003,212
18,243,2,1428,981,711,270,966,14,725,241
18,244,2,243,237,143,94,232,5,154,78
18,245,2,759,571,495,76,567,4,435,132
18,246,2,520,397,309,88,391,6,331,60
18,247,2,1532,1141,966,175,1126,15,878,248
18,248,2,533,416,331,85,410,6,301,109
18,249,2,395,289,247,42,286,3,211,75
18,250,2,1969,1193,1104,89,1163,30,849,314
18,251,2,1530,1043,965,78,1036,7,798,238
18,252,2,1490,948,806,142,942,6,757,185
18,253,2,1403,953,832,121,940,13,669,271
18,254,2,1610,1087,953,134,1063,24,839,224
18,255,2,1655,1057,909,148,1037,20,775,262
18,256,2,991,622,514,108,615,7,516,99
18,257,2,217,165,142,23,158,6,125,33
18,258,2,261,211,156,55,208,3,149,59
18,259,2,1806,1093,1021,72,1070,23,765,305
18,260,2,1228,747,677,70,735,12,492,243
18,261,2,1658,962,889,73,946,16,710,236
18,262,2,1982,1161,1085,76,1147,14,852,295
18,263,2,1641,975,878,97,965,10,671,294
18,264,2,1727,861,767,94,850,11,610,240
18,265,2,1669,956,905,51,947,9,699,248
18,266,2,1947,1021,967,54,1007,14,740,267
18,267,2,1853,921,873,48,902,19,670,232
18,268,2,1782,894,806,88,882,12,702,180
18,269,2,1195,650,586,64,635,15,501,134
18,270,2,895,431,397,34,428,3,333,95
18,271,2,1147,711,626,85,697,14,524,173
18,272,2,1022,646,560,86,627,19,397,230
18,273,2,1587,992,868,124,985,7,768,217
18,274,2,1536,905,809,96,888,9,759,129
18,275,2,1726,967,877,90,956,11,766,190
18,276,2,2026,1225,1068,157,1212,13,860,352
18,277,2,1048,824,698,126,806,18,678,128
18,278,2,1239,870,771,99,850,17,727,123
18,279,2,1255,950,847,103,931,19,677,254
18,280,2,546,470,359,111,460,10,354,106
18,281,2,516,551,435,116,550,1,363,187
18,282,2,670,602,466,136,597,5,453,144
18,283,2,1473,1354,1114,240,1340,14,1091,249
18,284,2,1236,1018,751,267,1005,13,660,345
18,285,2,960,817,697,120,811,6,659,152
18,286,2,952,864,709,155,846,18,694,152
18,287,2,1653,1113,1016,97,1098,15,934,164
18,288,2,1691,1177,1037,140,1163,14,1049,114
18,289,2,1915,1321,1046,275,1309,12,1054,255
18,290,2,1891,1286,1179,107,1278,8,1012,266
18,291,2,1829,1151,1063,88,1145,6,944,201
18,292,2,996,776,633,143,769,7,584,185
18,293,2,871,939,796,143,894,45,844,50
18,294,2,1924,1236,1109,127,1218,18,966,252
18,295,2,1252,744,650,94,735,9,551,184
18,296,2,1748,1242,1110,132,1222,16,750,472
18,297,2,469,362,304,58,359,3,269,90
18,298,2,828,533,490,43,528,5,414,114
18,299,2,1298,813,750,63,804,9,656,148
18,300,2,936,644,563,81,638,5,490,148
18,301,2,1514,960,883,77,951,9,811,140
18,302,2,996,691,643,48,689,2,600,89
18,303,2,1060,757,698,59,748,9,653,95
18,304,2,752,477,436,41,472,5,393,79
18,305,2,900,586,516,70,584,2,490,94
18,306,2,401,289,235,54,289,0,248,41
18,307,2,756,446,389,57,441,5,355,86
18,308,2,1293,976,798,178,968,8,757,211
18,309,2,1293,977,810,167,967,8,802,165
18,310,2,527,501,364,137,493,8,405,88
18,311,2,1438,1047,962,85,1030,16,811,219
18,312,2,338,304,196,108,303,1,245,58
18,313,2,2060,1396,1223,173,1372,24,910,462
18,314,2,1897,1345,1185,160,1331,13,1052,279
18,315,2,1730,1177,1044,133,1163,14,929,234
18,316,2,1372,721,664,57,709,11,541,168
18,317,2,1511,913,848,65,894,19,715,179
18,318,2,1196,735,663,72,716,19,534,182
18,319,2,1949,1407,1218,189,1380,22,1062,318
18,320,2,1591,1431,1273,158,1412,19,1209,203
18,321,2,1693,1295,1173,122,1289,6,950,339
18,322,2,1312,766,631,135,754,12,600,154
18,323,2,1764,947,853,94,922,25,674,248
18,324,2,832,650,577,73,642,8,548,94
18,325,2,1564,1097,1019,78,1086,11,809,277
18,326,2,1151,810,770,40,807,3,693,114
18,327,2,880,626,516,110,618,8,459,159
18,328,2,669,496,385,111,485,11,377,108
18,329,2,1030,723,627,96,709,14,620,89
18,330,2,859,556,488,68,547,9,465,82
18,331,2,0,265,0,265,263,2,58,205
18,332,2,1645,891,726,165,883,4,231,652
19,1,2,1346,995,886,109,992,3,607,385
19,2,2,1457,1103,1014,89,1100,3,730,370
19,3,2,1466,1014,931,83,1008,6,741,267
19,4,2,1244,996,896,100,987,9,676,311
19,5,2,1729,1080,843,237,1049,31,770,279
19,6,2,1251,704,653,51,698,6,544,154
19,7,2,1401,1020,954,66,1012,8,640,372
19,8,2,1413,897,808,89,894,3,661,233
19,9,2,1622,1009,910,99,1001,8,792,209
19,10,2,1103,757,683,74,724,33,501,223
19,11,2,1079,780,733,47,777,3,565,212
19,12,2,1719,980,819,161,950,30,674,276
19,13,2,1080,700,653,47,683,17,505,178
19,14,2,1097,844,685,159,839,5,543,296
19,15,2,1538,1070,854,216,1056,14,728,328
19,16,2,1699,1100,1025,75,1083,17,722,361
19,17,2,1629,1077,952,125,1070,7,750,320
19,18,2,1856,1119,966,153,1111,8,726,385
19,19,2,1218,673,605,68,671,2,423,248
19,20,2,1181,762,688,74,757,5,481,276
19,21,2,1218,792,726,66,789,3,488,301
19,22,2,1455,829,772,57,825,4,565,260
19,23,2,1328,877,777,100,869,8,606,263
19,24,2,1160,680,593,87,675,5,426,249
19,25,2,1218,709,602,107,709,0,494,215
19,26,2,1034,682,615,67,677,5,480,197
19,27,2,1268,922,818,104,919,3,666,253
19,28,2,1303,744,657,87,735,9,526,209
19,29,2,1385,718,611,107,713,5,445,268
19,30,2,1002,635,551,84,631,4,471,160
19,31,2,1618,1102,1005,97,1093,9,774,319
19,32,2,1036,681,582,99,673,8,466,207
19,33,2,1715,1275,1132,143,1270,5,773,497
19,34,2,1477,1169,969,200,1162,7,749,413
19,35,2,1252,981,885,96,974,7,655,319
19,36,2,1678,1168,1082,86,1165,3,884,281
19,37,2,1290,815,729,86,808,7,598,210
19,38,2,1335,862,812,50,861,1,654,207
19,39,2,862,614,520,94,612,2,428,184
19,40,2,0,1163,0,1163,1138,25,666,472
19,41,2,0,196,0,196,192,4,131,61
19,42,2,0,0,0,0,0,0,0,0
19,43,2,0,0,0,0,0,0,0,0
19,44,2,0,0,0,0,0,0,0,0
19,45,2,1213,683,634,49,678,5,398,280
19,46,2,1432,385,323,62,374,11,198,176
19,47,2,906,439,387,52,434,5,272,162
19,48,2,1538,722,654,68,709,13,481,228
19,49,2,1395,612,536,76,594,18,448,146
19,50,2,1250,515,420,95,497,18,393,104
19,51,2,727,541,483,58,533,8,415,118
19,52,2,2460,1041,826,215,1027,14,702,325
19,53,2,324,295,271,24,295,0,246,49
19,54,2,986,507,423,84,495,12,361,134
19,55,2,1421,441,353,88,428,13,319,109
19,56,2,1415,793,629,164,779,14,599,180
19,57,2,1267,780,648,132,771,9,526,245
19,58,2,1160,669,616,53,655,14,448,207
19,59,2,478,318,289,29,305,13,216,89
19,60,2,414,340,268,72,337,3,262,75
19,61,2,885,441,398,43,430,11,307,123
19,62,2,1108,542,487,55,523,19,440,83
19,63,2,1851,901,833,68,891,10,644,247
19,64,2,1035,540,455,85,536,4,394,142
19,65,2,835,502,439,63,491,11,367,124
19,66,2,1170,904,832,72,895,9,788,107
19,67,2,1354,807,653,154,797,10,592,205
19,68,2,1685,790,712,78,780,10,511,269
19,69,2,1607,860,782,78,847,13,561,286
19,70,2,760,564,438,126,551,13,413,138
19,71,2,672,503,395,108,496,7,407,89
19,72,2,436,368,297,71,367,1,300,67
19,73,2,417,413,266,147,406,7,303,103
19,74,2,375,248,216,32,245,3,203,42
19,75,2,497,322,259,63,318,4,245,73
19,76,2,1417,1003,915,88,995,8,787,208
19,77,2,1602,984,874,110,974,10,620,354
19,78,2,1163,757,665,92,748,9,595,153
19,79,2,268,246,183,63,242,4,181,61
19,80,2,1371,781,651,130,758,23,532,226
19,81,2,1019,694,600,94,680,14,535,145
19,82,2,1233,722,640,82,718,4,568,150
19,83,2,1624,881,768,113,866,15,606,260
19,84,2,1403,783,690,93,771,12,528,243
19,85,2,1215,740,620,120,728,12,604,124
19,86,2,1057,520,464,56,500,20,386,114
19,87,2,1279,537,498,39,525,12,362,163
19,88,2,1247,665,616,49,652,13,529,123
19,89,2,1485,866,721,145,845,21,566,279
19,90,2,780,525,418,107,505,20,331,174
19,91,2,1385,627,547,80,624,3,512,112
19,92,2,878,547,499,48,546,1,454,92
19,93,2,1497,876,758,118,863,13,678,185
19,94,2,0,298,0,298,297,1,215,82
19,95,2,1230,795,707,88,790,5,653,137
19,96,2,774,450,399,51,446,4,348,98
19,97,2,1552,1000,910,90,982,18,808,174
19,98,2,1094,779,665,114,756,23,563,193
19,99,2,1843,902,804,98,884,18,615,269
19,100,2,1451,597,524,73,588,9,390,198
19,101,2,960,486,466,20,483,3,259,224
19,102,2,1012,459,422,37,451,8,269,182
19,103,2,1823,929,806,123,915,14,651,264
19,104,2,1650,839,776,63,832,7,597,235
19,105,2,2034,1099,940,159,1095,4,880,215
19,106,2,1568,859,788,71,841,18,666,175
19,107,2,922,461,415,46,454,7,389,65
19,108,2,1410,799,679,120,786,13,548,238
19,109,2,1277,673,477,196,654,19,499,155
19,110,2,718,518,427,91,508,10,411,97
19,111,2,1338,898,726,172,885,13,664,221
19,112,2,868,571,462,109,564,7,467,97
19,113,2,256,225,167,58,224,1,177,47
19,114,2,1382,976,879,97,966,10,694,272
19,115,2,802,635,588,47,626,9,477,149
19,116,2,1094,758,722,36,732,26,609,123
19,117,2,1704,1043,927,116,1010,33,838,172
19,118,2,484,305,254,51,298,7,240,58
19,119,2,1233,704,581,123,695,9,557,138
19,120,2,754,452,360,92,440,12,267,173
19,121,2,1537,875,785,90,844,31,660,184
19,122,2,751,555,486,69,546,9,466,80
19,123,2,1230,756,703,53,745,11,543,202
19,124,2,1099,749,701,48,739,10,568,171
19,125,2,1609,822,742,80,811,11,553,258
19,126,2,1066,478,439,39,471,7,275,196
19,127,2,1899,1321,1150,171,1298,23,970,328
19,128,2,434,290,219,71,289,1,247,42
19,129,2,369,216,181,35,209,7,194,15
19,130,2,1409,905,806,99,818,87,420,398
19,131,2,1719,772,651,121,761,11,571,190
19,132,2,868,572,517,55,567,5,462,105
19,133,2,2091,828,697,131,811,17,625,186
19,134,2,1880,1135,1014,121,1119,16,866,253
19,135,2,1308,937,839,98,930,7,781,149
19,136,2,751,646,564,82,642,4,500,142
19,137,2,1435,691,591,100,686,5,597,89
19,138,2,1583,788,709,79,779,9,647,132
19,139,2,210,229,173,56,227,2,200,27
19,140,2,570,345,305,40,340,5,271,69
19,141,2,326,230,204,26,220,10,177,43
19,142,2,343,195,171,24,188,7,144,44
19,143,2,1643,846,816,30,832,14,487,345
19,144,2,1013,579,534,45,568,11,417,151
19,145,2,1676,860,797,63,832,28,589,243
19,146,2,908,558,525,33,547,11,370,177
19,147,2,1000,572,544,28,554,18,385,169
19,148,2,936,830,714,116,822,8,757,65
19,149,2,1098,749,632,117,737,12,573,164
19,150,2,1010,787,725,62,776,11,625,151
19,151,2,1178,527,470,57,517,10,412,105
19,152,2,991,627,498,129,613,14,470,143
19,153,2,0,573,0,573,558,15,341,217
19,154,2,1097,975,921,54,956,19,850,106
19,155,2,957,730,656,74,720,10,631,89
19,156,2,957,747,665,82,739,8,557,182
19,157,2,1203,681,613,68,667,14,486,181
19,158,2,944,594,533,61,588,6,441,147
19,159,2,746,554,504,50,534,20,436,98
19,160,2,1808,1395,1294,101,1375,20,983,392
19,161,2,1068,849,779,70,836,13,543,293
19,162,2,592,369,318,51,360,9,277,83
19,163,2,1660,779,690,89,766,13,553,213
19,164,2,1635,625,526,99,621,4,471,150
19,165,2,893,623,526,97,612,11,527,85
19,166,2,1255,753,536,217,746,7,577,169
19,167,2,454,410,358,52,408,2,281,127
19,168,2,887,714,660,54,701,13,572,129
19,169,2,1154,1010,815,195,1005,5,858,147
19,170,2,595,575,486,89,567,8,517,50
19,171,2,1161,908,664,244,892,16,720,172
19,172,2,1853,1594,1534,60,1580,14,1387,193
19,173,2,1303,1035,922,113,1021,14,881,140
19,174,2,1031,758,623,135,747,11,639,108
19,175,2,822,616,575,41,605,11,491,114
19,176,2,982,594,569,25,585,9,448,137
19,177,2,343,243,212,31,238,5,214,24
19,178,2,535,473,427,46,467,6,383,84
19,179,2,720,598,510,88,593,5,495,98
19,180,2,563,448,419,29,443,5,384,59
19,181,2,1531,653,541,112,644,9,450,194
19,182,2,759,440,385,55,438,2,318,120
19,183,2,704,511,475,36,496,15,411,85
19,184,2,886,495,437,58,487,8,354,133
19,185,2,1272,601,519,82,593,8,432,161
19,186,2,1432,764,681,83,749,15,545,204
19,187,2,628,449,408,41,445,4,380,65
19,188,2,406,265,227,38,245,20,198,47
19,189,2,512,361,331,30,353,8,294,59
19,190,2,1541,862,712,150,846,16,743,103
19,191,2,804,550,450,100,525,25,428,97
19,192,2,1599,961,864,97,946,15,832,114
19,193,2,753,518,387,131,511,7,434,77
19,194,2,1230,858,848,10,761,97,594,167
19,195,2,1796,1444,1387,57,1426,18,1048,378
19,196,2,1970,1355,1280,75,1344,11,919,425
19,197,2,599,518,465,53,516,2,351,165
19,198,2,990,660,570,90,638,22,506,132
19,199,2,1662,998,839,159,985,13,722,263
19,200,2,1271,836,742,94,817,19,637,180
19,201,2,1075,681,631,50,671,10,542,129
19,202,2,1012,671,617,54,658,13,516,142
19,203,2,1565,902,820,82,872,30,671,201
19,204,2,1258,773,653,120,768,5,610,158
19,205,2,1340,788,668,120,779,9,613,166
19,206,2,1035,582,503,79,576,6,497,79
19,207,2,1369,790,645,145,784,6,654,130
19,208,2,1530,760,667,93,752,8,637,115
19,209,2,1150,725,650,75,710,15,620,90
19,210,2,1468,836,756,80,831,5,742,89
20,1,2,1588,1092,952,140,1087,5,632,455
20,2,2,2052,1407,1210,197,1398,9,841,557
20,3,2,1342,832,715,117,823,9,564,259
20,4,2,1523,784,719,65,779,5,550,229
20,5,2,598,462,367,95,453,9,316,137
20,6,2,1303,865,790,75,863,2,628,235
20,7,2,764,576,466,110,574,2,397,177
20,8,2,1097,691,619,72,687,4,518,169
20,9,2,930,745,584,161,738,7,580,158
20,10,2,1457,1005,897,108,999,6,662,337
20,11,2,1200,805,703,102,804,1,560,244
20,12,2,974,554,514,40,553,1,398,155
20,13,2,1685,1076,979,97,1071,5,696,375
20,14,2,1868,1141,975,166,1137,4,843,294
20,15,2,1434,871,664,207,863,8,690,173
20,16,2,1601,1020,835,185,1013,7,759,254
20,17,2,1189,590,510,80,589,1,466,123
20,18,2,1487,760,649,111,758,2,580,178
20,19,2,1180,812,688,124,805,7,652,153
20,20,2,1652,922,738,184,917,5,704,213
20,21,2,635,412,313,99,411,1,315,96
20,22,2,997,711,552,159,704,7,527,177
20,23,2,1452,790,695,95,787,3,590,197
20,24,2,1498,920,808,112,912,8,705,207
20,25,2,1361,873,711,162,865,8,647,218
20,26,2,1588,1074,887,187,1061,13,789,272
20,27,2,1538,1059,816,243,1054,5,772,282
20,28,2,1275,749,650,99,747,2,529,218
20,29,2,985,525,469,56,522,3,358,164
20,30,2,601,401,338,63,397,4,286,111
20,31,2,749,459,411,48,455,4,338,117
20,32,2,1361,924,837,87,916,8,558,358
20,33,2,1187,810,747,63,806,4,561,245
20,34,2,1173,759,639,120,755,4,517,238
20,35,2,1160,785,693,92,779,6,477,302
20,36,2,1575,1301,953,348,1292,9,755,537
20,37,2,1315,827,721,106,823,4,533,290
20,38,2,1099,753,635,118,752,1,506,246
20,39,2,1212,931,784,147,928,3,599,329
20,40,2,1143,517,417,100,505,12,319,186
20,41,2,1506,1070,907,163,1070,0,745,325
20,42,2,1091,669,625,44,666,3,495,171
20,43,2,814,557,468,89,556,1,407,149
20,44,2,2172,881,330,551,873,8,529,344
20,45,2,1289,838,549,289,831,7,647,184
20,46,2,971,1028,674,354,1022,6,850,172
20,47,2,1466,1112,927,185,1097,15,875,222
20,48,2,1950,1281,1119,162,1273,8,957,316
20,49,2,1369,872,708,164,862,10,692,170
20,50,2,0,222,0,222,221,1,176,45
20,51,2,0,369,0,369,367,2,305,62
20,52,2,0,565,0,565,551,14,356,195
20,53,2,0,348,0,348,348,0,265,83
20,54,2,1778,1218,960,258,1208,10,947,261
20,55,2,1670,959,870,89,956,3,744,212
20,56,2,2100,1278,1176,102,1268,10,972,296
20,57,2,935,556,502,54,554,2,422,132
20,58,2,823,584,517,67,580,4,463,117
20,59,2,595,578,521,57,576,2,449,127
20,60,2,0,99,0,99,98,1,56,42
20,61,2,0,147,0,147,147,0,71,76
20,62,2,3833,2325,1992,333,2314,11,1734,580
20,63,2,3141,1857,1669,188,1850,7,1441,409
20,64,2,2916,1764,1541,223,1759,5,1399,360
20,65,2,3326,1674,1427,247,1664,10,1265,399
20,66,2,949,790,658,132,777,13,638,139
20,67,2,689,492,439,53,484,8,421,63
20,68,2,505,389,312,77,386,3,335,51
20,69,2,328,280,196,84,275,5,237,38
20,70,2,0,172,0,172,167,5,134,33
20,71,2,1625,1038,936,102,1027,11,665,362
20,72,2,1769,985,879,106,975,10,738,237
20,73,2,1440,950,889,61,938,12,722,216
20,74,2,0,36,0,36,36,0,29,7
20,75,2,2253,2143,862,1281,2131,12,1398,733
20,76,2,1735,1371,603,768,1355,16,937,418
20,77,2,214,175,120,55,174,1,142,32
20,78,2,175,243,93,150,241,2,193,48
20,79,2,2311,1522,1123,399,1501,21,1132,369
20,80,2,944,460,335,125,459,1,359,100
20,81,2,948,588,563,25,576,12,495,81
20,82,2,887,570,411,159,563,7,443,120
20,83,2,537,476,303,173,473,3,396,77
20,84,2,490,378,340,38,373,5,322,51
20,85,2,0,104,0,104,101,3,74,27
20,86,2,0,182,0,182,181,1,136,45
20,87,2,772,520,477,43,513,7,442,71
20,88,2,2027,1482,1285,197,1475,7,1211,264
20,89,2,801,563,529,34,559,4,484,75
20,90,2,1354,1041,953,88,1035,6,854,181
20,91,2,613,613,562,51,610,3,557,53
20,92,2,1619,1193,974,219,1186,7,956,230
20,93,2,1140,701,605,96,691,10,593,98
20,94,2,1245,597,547,50,589,8,521,68
20,95,2,691,430,376,54,424,6,368,56
20,96,2,1182,1153,961,192,1111,42,875,236
20,97,2,2647,1824,1712,112,1809,15,1586,223
20,98,2,744,448,413,35,445,3,365,80
20,99,2,1271,669,586,83,664,5,528,136
20,100,2,771,500,431,69,494,6,396,98
20,101,2,1808,883,813,70,880,3,698,182
20,102,2,2292,1780,1683,97,1761,19,1520,241
20,103,2,1252,779,645,134,778,1,679,99
20,104,2,1370,912,783,129,902,10,697,205
20,105,2,1195,800,698,102,791,9,644,147
20,106,2,815,674,645,29,672,2,561,111
20,107,2,1025,569,512,57,563,6,437,126
20,108,2,1125,575,479,96,568,7,481,87
20,109,2,677,416,332,84,412,4,318,94
20,110,2,1374,1045,852,193,1040,5,740,300
20,111,2,2400,1259,1184,75,1253,6,1000,253
20,112,2,1499,942,875,67,931,11,717,214
20,113,2,1188,695,592,103,687,8,575,112
20,114,2,828,583,569,14,560,23,530,30
20,115,2,1481,750,650,100,740,10,589,151
20,116,2,982,715,692,23,699,16,579,120
20,117,2,750,485,419,66,480,5,411,69
20,118,2,500,479,424,55,475,4,378,97
20,119,2,799,444,390,54,437,7,377,60
20,120,2,1936,1397,1287,110,1390,7,1111,279
20,121,2,1451,749,662,87,739,10,655,84
20,122,2,678,544,514,30,543,1,494,49
20,123,2,499,387,349,38,382,5,375,7
20,124,2,1490,1030,866,164,1024,6,853,171
20,125,2,466,299,234,65,295,4,220,75
20,126,2,844,689,640,49,680,9,557,123
20,127,2,914,842,771,71,840,2,749,91
20,128,2,366,278,205,73,276,2,215,61
20,129,2,229,281,223,58,279,2,246,33
20,130,2,298,405,252,153,401,4,321,80
20,131,2,302,312,248,64,308,4,258,50
20,132,2,716,465,332,133,464,1,409,55
20,133,2,350,275,215,60,270,5,243,27
20,134,2,639,347,302,45,341,6,304,37
20,135,2,2528,1341,1185,156,1306,35,1097,209
20,136,2,2054,883,751,132,866,17,713,153
20,137,2,1383,977,790,187,961,16,763,198
20,138,2,837,541,476,65,530,11,451,79
20,139,2,716,514,454,60,510,4,385,125
20,140,2,881,668,536,132,664,4,477,187
20,141,2,1298,675,600,75,665,10,488,177
20,142,2,976,561,496,65,556,5,447,109
20,143,2,640,456,441,15,453,3,363,90
20,144,2,534,472,372,100,466,6,340,126
20,145,2,868,387,331,56,383,4,305,78
20,146,2,874,577,493,84,573,4,458,115
20,147,2,818,545,491,54,537,8,467,70
20,148,2,1480,914,876,38,901,13,747,154
20,149,2,680,403,376,27,399,4,299,100
20,150,2,1619,888,827,61,869,19,739,130
20,151,2,0,87,0,87,87,0,51,36
20,152,2,926,470,428,42,468,2,368,100
20,153,2,983,673,606,67,575,98,294,281
20,154,2,914,700,595,105,681,19,541,140
20,155,2,369,233,186,47,228,5,130,98
20,156,2,1322,990,832,158,985,5,835,150
20,157,2,1098,954,713,241,950,4,771,179
20,158,2,872,792,663,129,785,7,677,108
20,159,2,1118,677,579,98,661,16,539,122
20,160,2,240,216,160,56,210,6,187,23
20,161,2,1778,1457,1304,153,1436,21,1272,164
20,162,2,1619,1173,1050,123,1160,13,1010,150
20,163,2,1528,1237,1120,117,1230,7,878,352
20,164,2,596,436,349,87,433,3,326,107
20,165,2,724,404,359,45,398,6,360,38
20,166,2,683,477,420,57,475,2,434,41
20,167,2,582,410,295,115,402,8,335,67
20,168,2,1145,886,714,172,872,14,567,305
20,169,2,412,323,267,56,322,1,265,57
20,170,2,757,1173,135,1038,1173,0,863,310
20,171,2,906,685,553,132,679,6,571,108
20,172,2,836,485,385,100,476,9,393,83
20,173,2,1348,766,740,26,761,5,612,149
20,174,2,595,294,269,25,290,4,238,52
20,175,2,1452,793,714,79,770,23,676,94
20,176,2,1181,654,584,70,651,3,564,87
20,177,2,1109,687,632,55,679,8,605,74
20,178,2,2128,1107,1003,104,1093,14,873,220
20,179,2,107,116,64,52,114,2,83,31
20,180,2,1531,1076,839,237,1065,11,785,280
20,181,2,1278,1100,846,254,1096,4,888,208
20,182,2,1708,924,850,74,910,14,742,168
20,183,2,815,357,339,18,348,9,284,64
20,184,2,1132,690,657,33,689,1,617,72
20,185,2,699,338,314,24,336,2,277,59
20,186,2,1838,1377,1277,100,1339,38,1091,248
20,187,2,437,345,313,32,344,1,291,53
20,188,2,1725,1106,1005,101,1098,8,982,116
20,189,2,943,524,492,32,519,5,440,79
20,190,2,2249,1316,1178,138,1293,23,1019,274
20,191,2,1064,689,613,76,681,8,559,122
20,192,2,1402,1198,1068,130,1188,10,935,253
20,193,2,778,624,592,32,618,6,528,90
20,194,2,1014,897,814,83,891,6,757,134
20,195,2,322,313,251,62,293,20,279,14
20,196,2,0,216,0,216,215,1,185,30
20,197,2,1356,1046,963,83,1039,7,908,131
20,198,2,1618,859,707,152,849,10,655,194
20,199,2,1371,776,624,152,769,7,610,159
20,200,2,399,254,225,29,254,0,220,34
20,201,2,1404,854,662,192,835,19,635,200
20,202,2,1173,833,711,122,812,21,655,157
20,203,2,1075,763,652,111,755,8,624,131
20,204,2,0,200,0,200,198,2,163,35
20,205,2,515,388,319,69,383,5,292,91
20,206,2,671,494,428,66,493,1,415,78
20,207,2,572,442,415,27,440,2,353,87
20,208,2,1820,1012,938,74,1001,11,784,217
20,209,2,979,656,600,56,637,19,531,106
20,210,2,1162,898,800,98,882,16,719,163
20,211,2,987,534,454,80,513,21,355,158
20,212,2,994,646,532,114,641,5,482,159
20,213,2,442,463,367,96,463,0,382,81
20,214,2,858,597,528,69,596,1,530,66
20,215,2,1579,1237,874,363,1227,10,911,316
20,216,2,356,273,241,32,273,0,240,33
20,217,2,1762,899,816,83,890,9,693,197
20,218,2,1309,1061,698,363,1049,12,686,363
20,219,2,1187,673,619,54,669,4,515,154
20,220,2,720,601,523,78,583,18,511,72
20,221,2,1400,707,588,119,700,7,552,148
20,222,2,974,652,554,98,650,2,535,115
20,223,2,1091,767,601,166,755,12,620,135
20,224,2,666,452,352,100,444,8,379,65
20,225,2,1448,780,648,132,765,15,661,104
20,226,2,1830,1894,1078,816,1847,47,1509,338
20,227,2,1219,830,746,84,822,8,718,104
20,228,2,1034,950,843,107,865,85,836,29
20,229,2,1139,787,660,127,779,8,613,166
20,230,2,705,470,431,39,470,0,359,111
20,231,2,1453,1143,1053,90,1138,5,887,251
20,232,2,853,675,641,34,658,17,570,88
20,233,2,1163,818,767,51,815,3,658,157
20,234,2,314,360,301,59,333,27,328,5
20,235,2,2180,1112,1023,89,1090,22,954,136
20,236,2,1105,724,662,62,716,8,611,105
20,237,2,1113,470,396,74,459,11,371,88
20,238,2,1436,704,563,141,693,11,604,89
20,239,2,1226,675,570,105,663,12,558,105
21,1,2,1835,1410,1305,105,1410,0,142,1268
21,2,2,2021,1528,1444,84,1525,3,176,1349
21,3,2,1678,1097,972,125,1093,4,143,950
21,4,2,2141,1505,1354,151,1500,5,241,1259
21,5,2,2006,1536,1449,87,1528,8,211,1317
21,6,2,1826,1447,1367,80,1447,0,153,1294
21,7,2,1876,1455,1319,136,1450,5,107,1343
21,8,2,1010,828,766,62,826,2,36,790
21,9,2,1708,1466,1389,77,1461,5,93,1368
21,10,2,912,862,833,29,861,1,6,855
21,11,2,2160,1642,1535,107,1640,2,178,1462
21,12,2,2107,1667,1556,111,1661,6,116,1545
21,13,2,1608,1207,1084,123,1204,3,189,1015
21,14,2,1503,1099,957,142,1095,4,188,907
21,15,2,1605,1304,1165,139,1300,4,126,1174
21,16,2,548,517,489,28,512,5,17,495
21,17,2,2045,1545,1360,185,1538,7,136,1402
21,18,2,1475,1303,1212,91,1297,6,20,1277
21,19,2,1201,1145,1048,97,1141,4,8,1133
21,20,2,182,187,149,38,186,1,5,181
21,21,2,0,555,0,555,548,7,331,217
21,22,2,0,560,0,560,560,0,16,544
21,23,2,0,64,0,64,64,0,5,59
21,24,2,0,0,0,0,0,0,0,0
21,25,2,1443,1263,1156,107,1259,4,9,1250
21,26,2,1814,1480,1380,100,1476,4,31,1445
21,27,2,1606,1459,1235,224,1449,10,20,1429
21,28,2,1435,1400,1248,152,1396,4,69,1327
21,29,2,1481,1264,1144,120,1259,5,14,1245
21,30,2,1376,1307,1120,187,1305,2,15,1290
21,31,2,1370,1281,1122,159,1270,11,34,1236
21,32,2,1942,1542,1401,141,1536,6,24,1512
21,33,2,1898,1674,1539,135,1671,3,13,1658
21,34,2,1631,1390,1325,65,1388,2,11,1377
21,35,2,1394,1120,1053,67,1118,2,15,1103
21,36,2,1808,1503,1383,120,1499,4,9,1490
21,37,2,1491,1253,1143,110,1250,3,22,1228
21,38,2,2079,1698,1576,122,1698,0,25,1673
21,39,2,1185,981,876,105,981,0,12,969
21,40,2,1809,1494,1376,118,1489,5,16,1473
21,41,2,1055,1053,929,124,1049,4,4,1045
21,42,2,0,374,0,374,374,0,10,364
21,43,2,1528,1364,1084,280,1345,19,124,1221
21,44,2,2622,1415,1158,257,1410,5,453,957
21,45,2,2231,1289,1134,155,1280,9,567,713
21,46,2,2396,1438,1317,121,1414,24,754,660
21,47,2,2189,2017,1820,197,2003,14,243,1760
21,48,2,1055,1051,1007,44,1048,3,6,1042
21,49,2,1259,1199,1147,52,1192,7,12,1180
21,50,2,940,828,807,21,826,2,6,820
21,51,2,1168,1191,1085,106,1190,1,11,1179
21,52,2,1886,1830,1801,29,1825,5,12,1813
21,53,2,772,761,726,35,760,1,2,758
21,54,2,3164,2305,2099,206,2292,13,166,2126
21,55,2,2053,1635,1543,92,1627,8,83,1544
21,56,2,2822,2609,2406,203,2576,33,149,2427
21,57,2,2368,1996,1720,276,1985,11,94,1891
21,58,2,2360,2211,1897,314,2202,9,71,2131
21,59,2,2325,2062,1955,107,2020,42,27,1993
21,60,2,87,108,57,51,105,3,43,62
21,61,2,567,439,415,24,430,9,206,224
21,62,2,1961,1333,1108,225,1329,4,578,751
21,63,2,1163,940,809,131,933,7,416,517
21,64,2,2308,1559,1374,185,1544,15,649,895
21,65,2,1317,1211,1051,160,1202,9,710,492
21,66,2,1788,1193,1123,70,1183,10,808,375
21,67,2,2080,1579,1365,214,1574,5,633,941
21,68,2,1176,810,701,109,795,15,332,463
21,69,2,893,703,648,55,696,7,541,155
21,70,2,72,61,56,5,60,1,8,52
21,71,2,0,0,0,0,0,0,0,0
21,72,2,1253,1226,1197,29,1222,4,3,1219
21,73,2,1805,1660,1588,72,1656,4,25,1631
21,74,2,1016,988,919,69,988,0,6,982
21,75,2,952,969,930,39,969,0,0,969
21,76,2,791,758,698,60,756,2,5,751
21,77,2,546,533,429,104,531,2,18,513
21,78,2,314,323,267,56,321,2,3,318
21,79,2,209,229,195,34,229,0,1,228
21,80,2,417,434,384,50,432,2,0,432
21,81,2,732,717,660,57,714,3,3,711
21,82,2,333,340,306,34,337,3,1,336
21,83,2,441,469,422,47,468,1,0,468
21,84,2,262,253,237,16,253,0,1,252
21,85,2,2169,1458,1396,62,1455,3,1293,162
21,86,2,644,679,628,51,673,6,10,663
21,87,2,484,447,416,31,446,1,4,442
21,88,2,1323,1236,1127,109,1230,6,35,1195
21,89,2,1460,1420,1378,42,1414,6,5,1409
21,90,2,1489,1343,1302,41,1341,2,7,1334
21,91,2,1052,1058,1015,43,1044,14,18,1026
21,92,2,1338,1171,1135,36,1169,2,3,1166
21,93,2,2067,1891,1810,81,1879,12,9,1870
21,94,2,1604,1480,1395,85,1475,5,5,1470
21,95,2,2455,2365,2291,74,2364,1,8,2356
21,96,2,2108,2050,2017,33,2047,3,6,2041
21,97,2,824,674,625,49,672,2,487,185
21,98,2,398,326,308,18,325,1,232,93
21,99,2,1597,1425,1382,43,1417,8,4,1413
21,100,2,1647,1382,1343,39,1381,1,0,1381
21,101,2,294,304,260,44,303,1,0,303
21,102,2,286,262,248,14,262,0,0,262
21,103,2,319,276,261,15,276,0,1,275
21,104,2,1889,1841,1777,64,1831,10,6,1825
21,105,2,1711,1691,1641,50,1688,3,5,1683
21,106,2,1363,1328,1271,57,1322,6,11,1311
21,107,2,876,796,762,34,795,1,3,792
21,108,2,530,557,504,53,556,1,1,555
21,109,2,1578,1550,1449,101,1542,8,5,1537
21,110,2,912,898,857,41,896,2,0,896
21,111,2,989,969,932,37,966,3,0,966
21,112,2,835,729,697,32,724,5,5,719
21,113,2,452,466,436,30,463,3,2,461
21,114,2,663,630,597,33,629,1,6,623
21,115,2,405,386,350,36,384,2,6,378
21,116,2,646,644,610,34,644,0,3,641
21,117,2,469,495,458,37,495,0,1,494
21,118,2,632,651,613,38,649,2,2,647
21,119,2,237,238,213,25,238,0,2,236
21,120,2,230,238,205,33,238,0,1,237
21,121,2,1336,1377,1317,60,1373,4,8,1365
21,122,2,1373,1407,1329,78,1406,1,5,1401
21,123,2,114,103,89,14,103,0,12,91
21,124,2,1849,1662,1576,86,1642,20,973,669
21,125,2,1992,2025,1869,156,2022,3,6,2016
21,126,2,1974,1919,1811,108,1908,11,6,1902
21,127,2,672,596,553,43,589,7,4,585
21,128,2,1049,971,928,43,967,4,2,965
21,129,2,779,785,734,51,783,2,4,779
21,130,2,869,852,819,33,850,2,3,847
21,131,2,119,119,111,8,119,0,1,118
21,132,2,1436,1282,1254,28,1279,3,6,1273
21,133,2,1389,1339,1276,63,1328,11,4,1324
21,134,2,1309,1319,1276,43,1317,2,14,1303
21,135,2,1316,1296,1241,55,1288,8,11,1277
21,136,2,1254,1202,1118,84,1197,5,12,1185
21,137,2,1685,1638,1602,36,1629,9,23,1606
21,138,2,768,766,752,14,763,3,3,760
21,139,2,678,504,477,27,499,5,387,112
21,140,2,1693,1660,1576,84,1656,4,8,1648
21,141,2,1209,1157,1116,41,1155,2,1,1154
21,142,2,330,322,295,27,322,0,0,322
21,143,2,589,628,562,66,627,1,12,615
21,144,2,419,398,356,42,397,1,5,392
21,145,2,193,210,183,27,204,6,4,200
21,146,2,187,223,187,36,222,1,1,221
21,147,2,638,672,616,56,667,5,4,663
21,148,2,254,272,247,25,272,0,1,271
21,149,2,1138,1011,919,92,1010,1,4,1006
21,150,2,1650,1716,1619,97,1713,3,17,1696
21,151,2,447,426,396,30,416,10,397,19
21,152,2,965,979,903,76,979,0,3,976
21,153,2,938,957,907,50,956,1,6,950
21,154,2,704,711,654,57,708,3,2,706
21,155,2,881,819,747,72,816,3,3,813
21,156,2,355,370,333,37,368,2,0,368
21,157,2,463,467,420,47,462,5,7,455
21,158,2,572,582,541,41,577,5,9,568
21,159,2,369,394,348,46,393,1,3,390
21,160,2,429,434,413,21,434,0,9,425
21,161,2,370,369,346,23,369,0,2,367
21,162,2,439,415,390,25,415,0,1,414
21,163,2,1200,1155,1012,143,1142,13,73,1069
21,164,2,363,349,314,35,346,3,75,271
21,165,2,671,672,623,49,663,9,19,644
21,166,2,1228,1292,1171,121,1290,2,24,1266
21,167,2,1361,1298,1217,81,1294,4,7,1287
21,168,2,1209,1211,1151,60,1205,6,5,1200
21,169,2,1014,1010,958,52,1009,1,3,1006
21,170,2,121,124,119,5,123,1,0,123
21,171,2,1746,1741,1707,34,1730,11,12,1718
21,172,2,1460,1392,1347,45,1390,2,5,1385
21,173,2,1594,1510,1484,26,1502,8,5,1497
21,174,2,137,147,123,24,145,2,122,23
21,175,2,213,201,185,16,198,3,70,128
21,176,2,408,416,388,28,414,2,7,407
21,177,2,330,320,303,17,320,0,3,317
21,178,2,620,696,620,76,693,3,15,678
21,179,2,1495,1418,1391,27,1411,7,1016,395
21,180,2,389,409,369,40,407,2,362,45
21,181,2,1109,922,865,57,911,11,490,421
21,182,2,1033,929,878,51,924,5,19,905
21,183,2,791,828,752,76,824,4,89,735
21,184,2,1221,1056,1038,18,1055,1,4,1051
21,185,2,1910,1899,1854,45,1898,1,20,1878
21,186,2,1194,1135,1107,28,1134,1,9,1125
21,187,2,1740,1661,1582,79,1655,6,24,1631
21,188,2,1429,1475,1423,52,1473,2,5,1468
21,189,2,800,725,711,14,722,3,4,718
21,190,2,491,456,433,23,456,0,4,452
21,191,2,2776,2488,2391,97,2463,25,28,2435
21,192,2,1940,1653,1551,102,1630,23,14,1616
21,193,2,1670,1721,1551,170,1706,15,32,1674
21,194,2,976,932,871,61,929,3,12,917
21,195,2,456,486,452,34,482,4,6,476
21,196,2,2413,2488,2365,123,2469,19,17,2452
21,197,2,1753,1263,1196,67,1253,10,929,324
21,198,2,1722,1764,1678,86,1757,7,4,1753
21,199,2,744,671,630,41,668,3,6,662
21,200,2,636,631,606,25,629,2,7,622
21,201,2,1104,1106,1006,100,1100,6,3,1097
21,202,2,1050,984,907,77,969,15,21,948
21,203,2,412,442,388,54,441,1,1,440
21,204,2,568,562,516,46,562,0,4,558
21,205,2,403,415,385,30,415,0,1,414
21,206,2,509,502,467,35,502,0,0,502
21,207,2,1200,1012,903,109,1002,10,448,554
21,208,2,361,317,296,21,317,0,211,106
21,209,2,589,521,486,35,505,16,259,246
21,210,2,60,217,55,162,210,7,83,127
21,211,2,258,174,157,17,172,2,59,113
21,212,2,1490,1500,1330,170,1489,11,14,1475
21,213,2,296,305,279,26,304,1,1,303
21,214,2,273,275,246,29,275,0,2,273
21,215,2,196,212,179,33,212,0,1,211
21,216,2,255,299,235,64,299,0,9,290
21,217,2,1173,975,939,36,972,3,8,964
21,218,2,977,794,715,79,778,16,466,312
21,219,2,624,448,404,44,445,3,197,248
21,220,2,1825,1896,1795,101,1891,5,2,1889
21,221,2,1339,1286,1235,51,1275,11,3,1272
21,222,2,479,456,381,75,452,4,14,438
21,223,2,146,195,144,51,193,2,0,193
21,224,2,294,317,279,38,316,1,1,315
22,1,2,996,878,583,295,867,11,403,464
22,2,2,1275,981,816,165,967,14,473,494
22,3,2,1345,943,803,140,928,15,473,455
22,4,2,1492,1058,890,168,1044,14,569,475
22,5,2,1451,1121,969,152,1110,11,613,497
22,6,2,1574,1158,1018,140,1148,10,617,531
22,7,2,1386,1068,960,108,1062,6,567,495
22,8,2,1464,1210,1076,134,1200,10,619,581
22,9,2,1670,1322,1233,89,1317,5,649,668
22,10,2,1655,1282,1159,123,1272,10,660,612
22,11,2,1477,1103,949,154,1097,6,443,654
22,12,2,1232,894,748,146,886,8,402,484
22,13,2,1040,1066,706,360,1054,12,561,493
22,14,2,1379,1001,918,83,998,3,459,539
22,15,2,1169,951,818,133,939,12,487,452
22,16,2,1614,1163,957,206,1154,9,564,590
22,17,2,1661,1220,1081,139,1206,14,622,584
22,18,2,1432,1209,1014,195,1202,7,604,598
22,19,2,1378,1071,965,106,1062,9,527,535
22,20,2,1704,1320,1240,80,1313,7,701,612
22,21,2,1444,1136,991,145,1124,12,588,536
22,22,2,1421,1071,965,106,1064,7,535,529
22,23,2,1524,1188,1081,107,1180,8,569,611
22,24,2,1661,1236,1131,105,1230,6,642,588
22,25,2,1542,1488,1132,356,1482,6,688,794
22,26,2,1516,1238,1126,112,1225,13,596,629
22,27,2,1493,1227,1126,101,1219,8,701,518
22,28,2,1471,1302,1130,172,1295,7,653,642
22,29,2,1560,1226,1110,116,1208,18,615,593
22,30,2,1575,1267,1171,96,1261,6,661,600
22,31,2,1599,1461,1188,273,1452,9,782,670
22,32,2,1490,1175,999,176,1162,13,672,490
22,33,2,1507,1255,1091,164,1247,8,612,635
22,34,2,1628,1363,1187,176,1356,7,698,658
22,35,2,1179,909,806,103,903,6,458,445
22,36,2,1445,1174,993,181,1172,2,595,577
22,37,2,1358,1105,966,139,1101,4,534,567
22,38,2,1299,1439,846,593,1418,21,368,1050
22,39,2,468,380,321,59,376,4,234,142
22,40,2,1090,888,692,196,876,12,519,357
22,41,2,1282,1004,798,206,998,6,576,422
22,42,2,1584,1231,1031,200,1218,13,652,566
22,43,2,1791,1280,1115,165,1263,17,734,529
22,44,2,1508,1222,1062,160,1213,9,712,501
22,45,2,1184,869,750,119,856,13,552,304
22,46,2,1345,1125,898,227,1114,11,610,504
22,47,2,1079,938,716,222,930,8,545,385
22,48,2,1621,1278,1102,176,1271,7,690,581
22,49,2,1352,1145,992,153,1143,2,635,508
22,50,2,2122,2005,1426,579,1996,9,1122,874
22,51,2,1363,1300,953,347,1279,21,674,605
22,52,2,304,248,231,17,247,1,150,97
22,53,2,1703,1282,1263,19,1271,11,686,585
22,54,2,1465,1049,938,111,1046,3,641,405
22,55,2,1181,781,698,83,774,7,464,310
22,56,2,1354,1069,905,164,1061,8,590,471
22,57,2,1369,1055,989,66,1049,6,554,495
22,58,2,1501,1219,1002,217,1210,9,723,487
22,59,2,975,723,639,84,721,2,406,315
22,60,2,1270,946,836,110,939,7,517,422
22,61,2,1599,1159,1099,60,1152,7,675,477
22,62,2,1127,834,757,77,827,7,496,331
22,63,2,1327,986,904,82,982,4,595,387
22,64,2,1533,1072,1018,54,1065,7,610,455
22,65,2,1110,875,761,114,871,4,562,309
22,66,2,1003,850,674,176,840,10,504,336
22,67,2,1054,741,653,88,738,3,445,293
22,68,2,1397,944,903,41,933,11,547,386
22,69,2,1336,996,923,73,988,8,608,380
22,70,2,1213,1009,730,279,1003,6,569,434
22,71,2,1214,921,803,118,917,4,546,371
22,72,2,809,424,378,46,424,0,237,187
22,73,2,1384,1094,835,259,1083,11,614,469
22,74,2,2199,1570,1426,144,1556,14,817,739
22,75,2,1827,1431,1250,181,1419,12,736,683
22,76,2,1935,1365,1208,157,1352,13,751,601
22,77,2,1086,712,662,50,709,3,445,264
22,78,2,539,479,395,84,473,6,222,251
22,79,2,1306,1101,904,197,1092,9,549,543
22,80,2,442,333,325,8,333,0,128,205
22,81,2,414,317,301,16,314,3,224,90
22,82,2,497,359,330,29,356,3,272,84
22,83,2,1037,825,789,36,814,11,461,353
22,84,2,1893,1308,1073,235,1289,19,934,355
22,85,2,1606,1167,962,205,1146,21,830,316
22,86,2,1607,1138,969,169,1129,9,760,369
22,87,2,703,567,500,67,567,0,397,170
22,88,2,1456,1164,853,311,1156,8,754,402
22,89,2,1849,1318,1181,137,1311,7,874,437
22,90,2,0,608,0,608,606,2,232,374
22,91,2,1376,1055,964,91,1052,3,739,313
22,92,2,1790,1311,1179,132,1304,7,879,425
22,93,2,1210,904,833,71,900,4,579,321
22,94,2,1719,1271,1151,120,1258,13,812,446
22,95,2,1612,1189,1081,108,1180,9,768,412
22,96,2,1834,1209,1128,81,1202,7,870,332
22,97,2,1875,1341,1175,166,1323,18,927,396
22,98,2,1771,1293,1161,132,1287,6,933,354
22,99,2,1599,1209,1099,110,1203,6,856,347
22,100,2,1809,1148,962,186,1136,12,887,249
22,101,2,1428,1072,954,118,1064,8,835,229
22,102,2,1561,1008,811,197,994,14,755,239
22,103,2,2005,1275,1087,188,1263,12,946,317
22,104,2,1019,757,587,170,752,5,554,198
22,105,2,635,329,255,74,323,6,207,116
22,106,2,1694,1110,868,242,1096,14,746,350
22,107,2,1177,941,694,247,933,8,608,325
22,108,2,224,193,138,55,193,0,183,10
22,109,2,977,578,500,78,576,2,415,161
22,110,2,0,389,0,389,386,3,271,115
22,111,2,0,0,0,0,0,0,0,0
22,112,2,2327,1982,1693,289,1968,14,1739,229
22,113,2,1370,1056,924,132,1050,6,838,212
22,114,2,1178,889,807,82,882,7,511,371
22,115,2,1325,935,886,49,924,11,524,400
22,116,2,1425,1072,1006,66,1062,10,721,341
22,117,2,1547,1174,1078,96,1160,14,739,421
22,118,2,1399,1014,916,98,996,18,616,380
22,119,2,1276,943,880,63,935,8,652,283
22,120,2,956,673,626,47,671,2,446,225
22,121,2,933,623,574,49,617,6,380,237
22,122,2,1157,755,695,60,750,5,469,281
22,123,2,1153,849,761,88,843,6,516,327
22,124,2,0,246,0,246,244,2,123,121
22,125,2,828,632,580,52,623,9,430,193
22,126,2,711,527,483,44,524,3,348,176
22,127,2,527,324,283,41,322,2,240,82
22,128,2,207,184,171,13,183,1,111,72
22,129,2,1297,953,806,147,941,12,545,396
22,130,2,515,378,325,53,374,4,235,139
22,131,2,442,349,290,59,346,3,187,159
22,132,2,475,318,290,28,318,0,190,128
22,133,2,156,129,111,18,128,1,77,51
22,134,2,571,464,414,50,462,2,266,196
22,135,2,272,217,197,20,214,3,85,129
22,136,2,277,253,218,35,251,2,199,52
22,137,2,1586,1101,999,102,1096,5,630,466
22,138,2,1198,946,749,197,939,7,474,465
22,139,2,2225,1633,1365,268,1616,17,856,760
22,140,2,999,695,643,52,691,4,316,375
22,141,2,2020,1627,1467,160,1615,12,930,685
22,142,2,1814,1284,1214,70,1276,8,818,458
22,143,2,1861,1371,1247,124,1366,5,787,579
22,144,2,1991,1459,1190,269,1449,10,823,626
22,145,2,748,475,434,41,471,4,321,150
22,146,2,1559,1287,1023,264,1275,12,956,319
22,147,2,2140,1702,1327,375,1684,18,1315,369
22,148,2,2398,1910,1701,209,1896,14,1422,474
22,149,2,1630,1217,1148,69,1208,9,913,295
22,150,2,2135,1389,1296,93,1372,17,1022,350
22,151,2,2471,1718,1614,104,1700,18,1360,340
22,152,2,1754,1401,1124,277,1393,8,1083,310
22,153,2,2138,1608,1533,75,1589,19,1265,324
22,154,2,2050,1585,1335,250,1574,11,1188,386
22,155,2,1347,987,829,158,973,14,746,227
22,156,2,1594,1328,1036,292,1308,20,1018,290
22,157,2,1756,1385,1249,136,1371,14,765,606
22,158,2,1539,1064,947,117,1057,7,518,539
22,159,2,1488,1153,874,279,1129,24,546,583
22,160,2,1586,1115,1028,87,1104,11,589,515
22,161,2,1503,1018,936,82,1012,6,505,507
22,162,2,1249,899,829,70,887,12,414,473
22,163,2,1360,1093,876,217,1068,25,688,380
22,164,2,1158,897,831,66,886,11,517,369
22,165,2,1680,1244,1025,219,1224,20,623,601
22,166,2,1546,1111,1011,100,1096,15,552,544
22,167,2,1576,1224,1151,73,1210,14,659,551
22,168,2,0,140,0,140,139,1,82,57
22,169,2,1670,1281,920,361,1265,16,978,287
22,170,2,1760,1020,938,82,1007,13,749,258
22,171,2,1367,1044,928,116,1036,8,795,241
22,172,2,1193,823,691,132,813,10,653,160
22,173,2,1278,917,758,159,910,7,722,188
22,174,2,1442,915,762,153,906,9,699,207
22,175,2,1191,859,664,195,852,7,660,192
22,176,2,1142,787,628,159,783,4,615,168
22,177,2,1376,954,720,234,945,9,707,238
22,178,2,958,738,577,161,727,11,576,151
22,179,2,999,805,568,237,797,8,658,139
22,180,2,1480,1103,951,152,1095,8,913,182
22,181,2,1397,1148,1008,140,1135,13,1014,121
22,182,2,1002,870,706,164,865,5,723,142
22,183,2,491,423,328,95,413,10,345,68
22,184,2,1966,1499,1385,114,1491,8,914,577
22,185,2,1914,1470,1338,132,1453,17,821,632
22,186,2,2103,1829,1547,282,1814,15,1073,741
22,187,2,1383,1124,972,152,1116,8,635,481
22,188,2,549,647,378,269,642,5,368,274
22,189,2,1590,1162,1060,102,1140,22,666,474
22,190,2,844,638,548,90,636,2,418,218
22,191,2,3478,2319,2009,310,2306,13,1713,593
22,192,2,3697,2581,2475,106,2549,32,1917,632
22,193,2,394,447,297,150,437,10,333,104
22,194,2,1453,1030,972,58,1024,6,790,234
22,195,2,1388,1093,861,232,1088,5,862,226
22,196,2,1458,1128,963,165,1116,12,897,219
22,197,2,1267,957,582,375,951,6,802,149
22,198,2,1281,1171,575,596,1165,6,920,245
22,199,2,1783,1401,948,453,1387,14,1158,229
22,200,2,969,746,672,74,745,1,589,156
22,201,2,964,693,639,54,686,7,542,144
22,202,2,1394,997,873,124,985,12,752,233
22,203,2,1595,1159,986,173,1150,9,936,214
22,204,2,643,546,359,187,541,5,433,108
22,205,2,1310,1025,833,192,1013,12,821,192
22,206,2,1264,876,731,145,871,5,671,200
22,207,2,988,739,513,226,729,10,585,144
22,208,2,911,682,600,82,678,4,529,149
22,209,2,814,662,497,165,655,7,510,145
22,210,2,897,670,563,107,664,6,573,91
22,211,2,1696,1175,1087,88,1160,15,876,284
22,212,2,953,694,629,65,685,9,440,245
22,213,2,514,348,322,26,345,3,198,147
22,214,2,607,435,417,18,434,1,320,114
22,215,2,703,560,512,48,554,6,395,159
22,216,2,455,302,268,34,300,2,197,103
22,217,2,123,91,75,16,90,1,64,26
22,218,2,218,200,185,15,200,0,162,38
22,219,2,370,280,238,42,277,3,223,54
22,220,2,128,115,101,14,112,3,97,15
22,221,2,175,172,155,17,172,0,137,35
22,222,2,1621,1286,1170,116,1275,11,921,354
22,223,2,929,544,505,39,538,6,402,136
22,224,2,1249,973,724,249,963,10,557,406
22,225,2,1559,1023,916,107,1006,17,777,229
22,226,2,847,592,497,95,582,10,455,127
22,227,2,627,393,326,67,392,1,291,101
22,228,2,602,492,421,71,484,8,358,126
22,229,2,220,146,137,9,144,2,82,62
22,230,2,948,575,575,0,570,5,262,308
22,231,2,864,664,631,33,655,9,323,332
22,232,2,787,535,490,45,527,8,285,242
22,233,2,887,458,434,24,455,3,363,92
22,234,2,430,238,221,17,235,3,188,47
22,235,2,190,132,115,17,130,2,87,43
22,236,2,808,491,470,21,479,12,323,156
22,237,2,536,360,340,20,351,9,223,128
22,238,2,314,98,81,17,98,0,84,14
22,239,2,256,169,163,6,167,2,147,20
22,240,2,651,501,436,65,499,2,354,145
22,241,2,582,365,339,26,363,2,260,103
22,242,2,197,120,104,16,120,0,84,36
22,243,2,150,125,86,39,124,1,106,18
22,244,2,405,250,229,21,243,7,157,86
22,245,2,471,304,285,19,301,3,162,139
22,246,2,662,377,349,28,377,0,192,185
22,247,2,912,497,464,33,490,7,346,144
22,248,2,239,220,189,31,219,1,149,70
22,249,2,889,701,666,35,695,6,418,277
22,250,2,422,277,271,6,275,2,154,121
22,251,2,904,442,426,16,437,5,369,68
22,252,2,607,419,405,14,418,1,305,113
22,253,2,409,327,311,16,325,2,273,52
22,254,2,412,337,334,3,312,25,256,56
22,255,2,304,177,169,8,177,0,139,38
22,256,2,298,246,218,28,241,5,199,42
22,257,2,197,139,129,10,137,2,128,9
22,258,2,239,252,206,46,248,4,220,28
22,259,2,212,208,173,35,204,4,160,44
22,260,2,50,62,37,25,62,0,46,16
22,261,2,303,280,218,62,280,0,196,84
22,262,2,207,136,130,6,135,1,92,43
22,263,2,202,182,165,17,180,2,100,80
22,264,2,155,172,131,41,170,2,105,65
22,265,2,303,221,177,44,218,3,177,41
22,266,2,231,152,136,16,150,2,126,24
22,267,2,181,144,132,12,144,0,137,7
22,268,2,1010,863,730,133,858,5,610,248
22,269,2,591,388,313,75,385,3,262,123
22,270,2,280,244,217,27,239,5,187,52
22,271,2,226,184,176,8,182,2,160,22
22,272,2,171,169,128,41,167,2,95,72
22,273,2,375,291,274,17,288,3,221,67
22,274,2,414,242,205,37,241,1,179,62
22,275,2,320,202,169,33,201,1,117,84
22,276,2,1131,930,747,183,918,12,601,317
22,277,2,1495,1110,1028,82,1096,14,797,299
22,278,2,868,648,615,33,640,8,475,165
22,279,2,652,458,436,22,452,6,280,172
22,280,2,635,351,313,38,347,4,199,148
22,281,2,453,232,226,6,231,1,148,83
22,282,2,1221,1049,886,163,1029,20,715,314
22,283,2,328,279,219,60,273,6,184,89
22,284,2,342,270,242,28,269,1,222,47
22,285,2,855,558,505,53,553,5,398,155
22,286,2,1037,775,691,84,768,7,468,300
22,287,2,818,608,520,88,598,10,278,320
22,288,2,252,184,167,17,182,2,148,34
22,289,2,121,96,82,14,94,2,76,18
22,290,2,335,240,212,28,235,5,189,46
22,291,2,401,438,286,152,436,2,250,186
22,292,2,54,172,33,139,171,1,85,86
22,293,2,414,238,226,12,234,4,138,96
22,294,2,302,168,147,21,167,1,110,57
22,295,2,98,39,28,11,39,0,21,18
22,296,2,545,521,376,145,518,3,346,172
22,297,2,845,705,647,58,698,7,540,158
22,298,2,1086,916,703,213,912,4,745,167
22,299,2,98,129,75,54,127,2,91,36
22,300,2,1248,665,625,40,656,9,429,227
22,301,2,402,157,151,6,155,2,87,68
22,302,2,868,548,476,72,542,6,320,222
22,303,2,665,487,433,54,474,13,279,195
22,304,2,2150,1518,1309,209,1506,12,1067,439
22,305,2,546,436,396,40,432,4,246,186
22,306,2,521,359,340,19,357,2,298,59
22,307,2,548,318,290,28,316,2,205,111
22,308,2,370,246,231,15,237,9,144,93
22,309,2,499,270,249,21,270,0,188,82
22,310,2,346,192,159,33,187,5,153,34
22,311,2,139,100,87,13,96,4,76,20
22,312,2,547,374,350,24,371,3,306,65
22,313,2,311,165,159,6,164,1,149,15
22,314,2,286,174,155,19,168,6,144,24
22,315,2,1301,800,784,16,793,7,537,256
22,316,2,545,357,336,21,355,2,294,61
22,317,2,289,224,177,47,221,3,158,63
22,318,2,412,243,198,45,241,2,165,76
22,319,2,246,143,115,28,142,1,38,104
22,320,2,989,732,700,32,724,8,524,200
22,321,2,514,342,321,21,337,5,226,111
22,322,2,368,235,224,11,232,3,95,137
22,323,2,188,167,135,32,166,1,136,30
22,324,2,941,736,675,61,731,5,490,241
22,325,2,116,113,95,18,113,0,71,42
22,326,2,665,532,423,109,531,1,298,233
22,327,2,493,360,309,51,358,2,229,129
22,328,2,284,166,162,4,164,2,145,19
22,329,2,393,143,131,12,140,3,85,55
22,330,2,366,293,256,37,289,4,182,107
22,331,2,576,340,285,55,334,6,232,102
22,332,2,548,357,321,36,355,2,230,125
22,333,2,480,228,213,15,226,2,152,74
22,334,2,750,619,520,99,614,5,368,246
22,335,2,402,326,284,42,322,4,229,93
22,336,2,358,212,186,26,210,2,152,58
22,337,2,813,356,328,28,353,3,254,99
22,338,2,760,286,272,14,285,1,226,59
22,339,2,691,441,425,16,439,2,357,82
22,340,2,457,351,328,23,347,4,275,72
22,341,2,265,202,184,18,194,8,176,18
22,342,2,143,70,61,9,68,2,53,15
22,343,2,724,461,403,58,447,14,240,207
22,344,2,668,567,505,62,561,6,336,225
22,345,2,424,404,376,28,400,4,224,176
22,346,2,272,200,171,29,196,4,130,66
22,347,2,0,277,0,277,272,5,146,126
22,348,2,159,149,147,2,147,2,78,69
22,349,2,247,252,225,27,252,0,133,119
22,350,2,0,237,0,237,237,0,72,165
22,351,2,897,666,582,84,664,2,328,336
22,352,2,674,341,322,19,335,6,144,191
22,353,2,768,534,445,89,527,7,319,208
22,354,2,1080,717,677,40,714,3,482,232
22,355,2,195,95,84,11,95,0,62,33
22,356,2,1046,625,565,60,622,3,423,199
22,357,2,499,331,318,13,330,1,200,130
22,358,2,566,300,274,26,300,0,219,81
22,359,2,470,344,318,26,337,7,208,129
22,360,2,923,810,583,227,808,2,457,351
22,361,2,897,535,521,14,530,5,336,194
22,362,2,908,608,577,31,598,10,416,182
22,363,2,1122,864,763,101,858,6,558,300
22,364,2,271,258,237,21,258,0,192,66
22,365,2,811,517,471,46,511,6,341,170
22,366,2,260,160,147,13,159,1,108,51
22,367,2,282,272,231,41,263,9,194,69
22,368,2,1124,917,820,97,904,13,649,255
22,369,2,633,570,522,48,563,7,419,144
22,370,2,158,158,131,27,158,0,129,29
22,371,2,233,193,183,10,192,1,165,27
22,372,2,794,479,429,50,477,2,293,184
22,373,2,468,328,306,22,327,1,237,90
22,374,2,314,224,187,37,223,1,181,42
22,375,2,547,392,353,39,383,9,320,63
22,376,2,1030,705,680,25,693,12,480,213
22,377,2,439,339,323,16,338,1,231,107
22,378,2,365,350,297,53,347,3,211,136
22,379,2,222,185,140,45,184,1,107,77
22,380,2,801,602,562,40,593,9,410,183
22,381,2,846,426,407,19,425,1,291,134
22,382,2,1831,1093,989,104,1085,8,874,211
22,383,2,678,464,429,35,459,5,384,75
22,384,2,517,280,260,20,278,2,211,67
22,385,2,352,277,256,21,277,0,184,93
22,386,2,306,216,194,22,198,18,143,55
22,387,2,216,181,162,19,179,2,118,61
22,388,2,729,580,518,62,573,7,436,137
22,389,2,221,222,201,21,221,1,170,51
22,390,2,304,254,237,17,252,2,174,78
22,391,2,790,552,506,46,544,8,331,213
22,392,2,510,446,335,111,437,9,292,145
22,393,2,369,311,249,62,310,1,206,104
22,394,2,268,285,164,121,275,10,185,90
22,395,2,458,235,216,19,228,7,180,48
22,396,2,621,355,339,16,349,6,314,35
22,397,2,623,474,418,56,466,8,273,193
22,398,2,201,119,113,6,119,0,83,36
22,399,2,269,162,145,17,160,2,104,56
22,400,2,381,250,228,22,249,1,171,78
22,401,2,440,370,328,42,367,3,199,168
22,402,2,0,146,0,146,141,5,66,75
22,403,2,0,479,0,479,460,19,213,247
22,404,2,0,391,0,391,375,16,222,153
22,405,2,0,458,0,458,447,11,288,159
22,406,2,0,237,0,237,232,5,129,103
22,407,2,0,135,0,135,132,3,87,45
22,408,2,0,267,0,267,259,8,122,137
22,409,2,0,599,0,599,580,19,333,247
22,410,2,0,91,0,91,87,4,58,29
23,1,2,1417,1041,928,113,1036,5,807,229
23,2,2,1440,944,884,60,939,5,714,225
23,3,2,1502,969,878,91,958,11,772,186
23,4,2,1372,994,926,68,987,7,713,274
23,5,2,1475,1008,965,43,1006,2,747,259
23,6,2,1269,906,856,50,905,1,666,239
23,7,2,1548,1204,1124,80,1196,8,885,311
23,8,2,1612,1102,1008,94,1097,5,818,279
23,9,2,1112,852,761,91,845,7,624,221
23,10,2,1690,1201,1123,78,1197,4,950,247
23,11,2,1544,1052,979,73,1049,3,786,263
23,12,2,1502,1102,1012,90,1095,7,791,304
23,13,2,1499,1031,962,69,1025,6,774,251
23,14,2,1274,846,759,87,840,6,601,239
23,15,2,1396,936,847,89,926,10,676,250
23,16,2,1508,1001,893,108,997,4,767,230
23,17,2,1753,1020,933,87,1014,6,783,231
23,18,2,1457,903,817,86,893,10,651,242
23,19,2,1818,1329,1140,189,1324,5,940,384
23,20,2,1519,1065,1017,48,1057,8,796,261
23,21,2,1563,1092,1037,55,1090,2,775,315
23,22,2,918,597,549,48,597,0,439,158
23,23,2,1414,1005,874,131,997,8,808,189
23,24,2,967,680,561,119,659,21,527,132
23,25,2,1350,904,781,123,893,11,751,142
23,26,2,0,354,0,354,348,6,267,81
23,27,2,0,227,0,227,223,4,157,66
23,28,2,0,102,0,102,100,2,75,25
23,29,2,604,613,597,16,608,5,109,499
23,30,2,995,799,750,49,796,3,733,63
23,31,2,2239,1407,1306,101,1390,17,1188,202
23,32,2,1133,787,714,73,784,3,650,134
23,33,2,956,711,604,107,706,5,614,92
23,34,2,1952,1393,1204,189,1378,15,1120,258
23,35,2,1439,1064,979,85,1039,25,905,134
23,36,2,1807,1270,1200,70,1268,2,996,272
23,37,2,1485,1017,914,103,1009,8,770,239
23,38,2,2092,1432,1287,145,1426,6,1164,262
23,39,2,1080,774,696,78,770,4,590,180
23,40,2,1825,1253,1176,77,1244,9,980,264
23,41,2,1541,1216,1050,166,1214,2,920,294
23,42,2,1703,1227,1112,115,1215,12,1029,186
23,43,2,1236,940,835,105,933,7,781,152
23,44,2,2630,1824,1710,114,1806,18,1529,277
23,45,2,1569,1098,957,141,1090,8,897,193
23,46,2,467,453,424,29,443,10,327,116
23,47,2,1443,935,817,118,928,7,714,214
23,48,2,1250,799,665,134,785,14,630,155
23,49,2,1717,1078,887,191,1075,3,759,316
23,50,2,1136,744,665,79,738,6,599,139
23,51,2,1440,1099,1010,89,1097,2,870,227
23,52,2,1305,905,776,129,893,12,723,170
23,53,2,1290,398,210,188,391,7,335,56
23,54,2,1475,932,828,104,917,15,628,289
23,55,2,1524,970,847,123,962,8,627,335
23,56,2,721,522,442,80,515,7,331,184
23,57,2,866,663,582,81,659,4,438,221
23,58,2,1133,778,730,48,772,6,526,246
23,59,2,1047,779,659,120,773,6,536,237
23,60,2,1429,978,888,90,974,4,702,272
23,61,2,1252,883,800,83,879,4,595,284
23,62,2,1336,928,819,109,924,4,633,291
23,63,2,1227,796,735,61,785,11,513,272
23,64,2,1086,661,572,89,656,5,465,191
23,65,2,1757,1332,1182,150,1312,20,1094,218
23,66,2,1104,697,628,69,682,15,502,180
23,67,2,584,497,328,169,483,14,370,113
23,68,2,949,726,576,150,709,17,558,151
23,69,2,524,398,312,86,391,7,335,56
23,70,2,1848,1256,1188,68,1248,8,1079,169
23,71,2,180,177,173,4,175,2,110,65
23,72,2,1803,865,745,120,852,13,724,128
23,73,2,1838,949,800,149,940,9,699,241
23,74,2,1583,967,741,226,963,4,740,223
23,75,2,175,198,175,23,197,1,143,54
23,76,2,1563,1201,1002,199,1190,11,900,290
23,77,2,574,493,413,80,487,6,409,78
23,78,2,703,359,298,61,348,11,264,84
23,79,2,1005,450,400,50,443,7,369,74
23,80,2,1417,827,721,106,814,13,636,178
23,81,2,1029,536,465,71,526,10,440,86
23,82,2,651,516,393,123,511,5,444,67
23,83,2,585,621,468,153,619,2,586,33
23,84,2,789,672,500,172,671,1,558,113
23,85,2,1151,774,591,183,764,10,649,115
23,86,2,847,647,518,129,642,5,535,107
23,87,2,1785,1274,1113,161,1266,8,1057,209
23,88,2,1570,994,786,208,986,8,855,131
23,89,2,1421,819,723,96,796,23,627,169
23,90,2,1687,955,871,84,925,30,770,155
23,91,2,1652,1240,1095,145,1221,19,1014,207
23,92,2,1073,648,534,114,642,6,557,85
23,93,2,968,798,714,84,784,14,608,176
23,94,2,1718,1200,1048,152,1187,13,978,209
23,95,2,1784,1179,977,202,1164,15,897,267
23,96,2,1434,947,819,128,935,12,757,178
23,97,2,1048,667,561,106,661,6,562,99
23,98,2,726,518,466,52,513,5,411,102
23,99,2,1324,884,763,121,875,9,693,182
23,100,2,687,638,501,137,631,7,544,87
23,101,2,705,689,542,147,687,2,586,101
23,102,2,940,680,589,91,669,11,549,120
23,103,2,759,685,552,133,665,20,583,82
23,104,2,1776,1380,1197,183,1359,21,1198,161
23,105,2,1155,879,746,133,869,10,767,102
23,106,2,693,618,504,114,612,6,512,100
23,107,2,668,641,551,90,633,8,522,111
23,108,2,1128,1063,932,131,1056,7,988,68
23,109,2,1573,1189,1082,107,1167,22,806,361
23,110,2,1055,842,771,71,820,22,657,163
23,111,2,939,791,723,68,778,13,628,150
23,112,2,1765,1051,928,123,1012,39,808,204
23,113,2,886,601,440,161,592,9,469,123
23,114,2,1965,1288,1097,191,1275,13,945,330
23,115,2,786,521,438,83,510,11,355,155
23,116,2,452,316,263,53,308,8,255,53
23,117,2,1083,856,670,186,846,10,714,132
23,118,2,1981,1437,1214,223,1409,28,1186,223
23,119,2,1920,1670,1432,238,1646,24,1316,330
23,120,2,484,366,319,47,362,4,311,51
23,121,2,1301,732,622,110,731,1,545,186
23,122,2,1752,909,851,58,895,14,632,263
23,123,2,1141,787,722,65,776,11,524,252
23,124,2,1102,829,697,132,825,4,711,114
23,125,2,1173,853,750,103,847,6,715,132
23,126,2,1741,1366,1164,202,1356,10,1066,290
23,127,2,1207,1042,921,121,1034,8,849,185
23,128,2,1932,1099,941,158,1088,11,813,275
23,129,2,1665,947,840,107,920,27,749,171
23,130,2,1995,1534,1332,202,1528,6,1305,223
23,131,2,1059,821,729,92,813,8,674,139
23,132,2,1000,645,541,104,633,12,535,98
23,133,2,990,768,652,116,753,15,670,83
23,134,2,1254,958,835,123,945,13,846,99
23,135,2,933,745,585,160,739,6,645,94
23,136,2,906,720,637,83,711,9,559,152
23,137,2,815,680,583,97,675,5,578,97
23,138,2,946,785,713,72,775,10,644,131
23,139,2,1739,1114,1024,90,1096,18,930,166
23,140,2,1474,744,686,58,729,15,638,91
23,141,2,1950,1233,1153,80,1224,9,1069,155
23,142,2,1634,1080,993,87,1069,11,908,161
23,143,2,1266,967,838,129,960,7,793,167
23,144,2,1070,965,721,244,952,13,800,152
23,145,2,1072,833,703,130,824,9,745,79
23,146,2,1036,781,707,74,777,4,691,86
23,147,2,1604,1110,950,160,1090,20,971,119
23,148,2,473,335,285,50,330,5,282,48
23,149,2,444,376,250,126,373,3,299,74
23,150,2,1409,1087,951,136,1074,13,871,203
23,151,2,1062,658,561,97,645,13,540,105
23,152,2,866,494,363,131,489,5,392,97
23,153,2,1623,1133,949,184,1119,14,986,133
23,154,2,1569,1076,960,116,1068,8,913,155
23,155,2,1510,1070,876,194,1063,7,837,226
23,156,2,1559,927,817,110,916,11,785,131
23,157,2,665,485,386,99,477,8,413,64
23,158,2,175,161,114,47,160,1,135,25
23,159,2,1285,906,679,227,893,13,729,164
23,160,2,893,689,524,165,676,13,573,103
23,161,2,610,671,529,142,669,2,549,120
23,162,2,911,618,512,106,614,4,509,105
23,163,2,954,909,756,153,902,7,791,111
23,164,2,1248,922,831,91,909,13,791,118
23,165,2,1105,860,767,93,848,12,745,103
23,166,2,415,378,325,53,374,4,247,127
23,167,2,1486,1190,911,279,1164,26,1033,131
23,168,2,2350,1453,1293,160,1430,23,1313,117
23,169,2,895,934,765,169,932,2,846,86
23,170,2,722,605,516,89,601,4,480,121
23,171,2,883,717,598,119,715,2,618,97
23,172,2,894,490,432,58,485,5,326,159
23,173,2,896,468,435,33,459,9,361,98
23,174,2,1214,902,814,88,890,12,793,97
23,175,2,1767,1492,1303,189,1484,8,1337,147
23,176,2,1318,1126,947,179,1104,22,902,202
23,177,2,1241,924,834,90,906,18,775,131
23,178,2,541,438,353,85,433,5,339,94
23,179,2,1604,1313,1120,193,1300,13,1083,217
24,1,2,1578,1303,1079,224,1287,16,874,413
24,2,2,1340,1000,913,87,995,5,706,289
24,3,2,1062,789,721,68,783,6,491,292
24,4,2,1358,1001,932,69,994,7,690,304
24,5,2,1318,1046,918,128,1037,9,702,335
24,6,2,1232,872,799,73,864,8,588,276
24,7,2,953,759,607,152,750,9,477,273
24,8,2,1091,791,722,69,785,6,534,251
24,9,2,1301,962,848,114,955,7,687,268
24,10,2,1126,830,767,63,824,6,536,288
24,11,2,1386,1276,934,342,1267,9,766,501
24,12,2,1102,858,768,90,849,9,465,384
24,13,2,1040,824,768,56,818,6,492,326
24,14,2,1097,789,753,36,783,6,497,286
24,15,2,1012,817,679,138,812,5,474,338
24,16,2,1179,863,811,52,856,7,460,396
24,17,2,1088,995,843,152,990,5,554,436
24,18,2,1307,950,866,84,941,9,577,364
24,19,2,1023,916,797,119,913,3,476,437
24,20,2,1260,968,845,123,967,1,469,498
24,21,2,1064,842,690,152,838,4,453,385
24,22,2,1276,974,879,95,969,5,542,427
24,23,2,1318,979,843,136,978,1,586,392
24,24,2,1206,1019,907,112,1015,4,589,426
24,25,2,1241,1090,879,211,1087,3,627,460
24,26,2,1037,760,629,131,752,8,505,247
24,27,2,1079,981,700,281,967,14,510,457
24,28,2,1118,895,803,92,888,7,491,397
24,29,2,1086,926,832,94,925,1,470,455
24,30,2,1058,855,786,69,846,9,478,368
24,31,2,844,712,633,79,708,4,358,350
24,32,2,1068,878,754,124,871,7,451,420
24,33,2,928,877,626,251,874,3,485,389
24,34,2,1221,928,870,58,924,4,437,487
24,35,2,1169,912,814,98,909,3,449,460
24,36,2,1159,923,810,113,918,5,458,460
24,37,2,1263,993,915,78,988,5,479,509
24,38,2,1247,865,767,98,858,7,551,307
24,39,2,994,734,657,77,730,4,385,345
24,40,2,1029,785,721,64,781,4,451,330
24,41,2,1373,992,877,115,984,8,612,372
24,42,2,1221,730,639,91,720,10,466,254
24,43,2,986,716,647,69,706,10,450,256
24,44,2,951,729,652,77,726,3,433,293
24,45,2,1269,821,763,58,812,9,537,275
24,46,2,1296,963,902,61,955,8,608,347
24,47,2,1208,867,819,48,863,4,533,330
24,48,2,1151,929,862,67,926,3,515,411
24,49,2,1110,810,756,54,806,4,420,386
24,50,2,1220,1009,890,119,1004,5,669,335
24,51,2,934,630,579,51,611,19,432,179
24,52,2,1469,1090,978,112,1076,14,707,369
24,53,2,1129,839,787,52,835,4,557,278
24,54,2,1194,888,855,33,885,3,542,343
24,55,2,1256,1004,844,160,988,16,705,283
24,56,2,1182,766,724,42,761,5,502,259
24,57,2,1194,975,838,137,968,7,688,280
24,58,2,1234,937,867,70,932,5,620,312
24,59,2,1606,1070,974,96,1059,11,732,327
24,60,2,1154,832,738,94,823,9,571,252
24,61,2,929,669,619,50,665,4,417,248
24,62,2,996,754,681,73,748,6,514,234
24,63,2,1109,849,781,68,846,3,530,316
24,64,2,1722,1130,1023,107,1114,16,710,404
24,65,2,1631,1180,1078,102,1171,9,767,404
24,66,2,970,961,642,319,951,10,550,401
24,67,2,1355,1001,928,73,997,4,585,412
24,68,2,1337,1008,929,79,1001,7,687,314
24,69,2,1443,1233,1098,135,1223,10,734,489
24,70,2,780,475,398,77,461,14,311,150
24,71,2,1030,957,715,242,954,3,587,367
24,72,2,1005,711,570,141,705,6,434,271
24,73,2,1331,963,798,165,951,12,538,413
24,74,2,1103,825,766,59,819,6,486,333
24,75,2,1269,1074,974,100,1068,6,535,533
24,76,2,946,754,680,74,749,5,413,336
24,77,2,1289,981,926,55,977,4,563,414
24,78,2,1449,1028,908,120,1020,8,557,463
24,79,2,1379,1058,968,90,1055,3,492,563
24,80,2,1265,1064,942,122,1057,7,588,469
24,81,2,1245,860,766,94,855,5,526,329
24,82,2,1061,780,734,46,774,6,501,273
24,83,2,1350,1021,958,63,1018,3,637,381
24,84,2,1348,958,886,72,952,6,535,417
24,85,2,1352,1062,1005,57,1061,1,657,404
24,86,2,1227,917,823,94,904,13,596,308
24,87,2,1130,829,787,42,824,5,526,298
24,88,2,1413,1143,1003,140,1133,10,716,417
24,89,2,1380,1026,956,70,1016,10,634,382
24,90,2,1344,975,915,60,967,8,583,384
24,91,2,950,746,668,78,740,6,446,294
24,92,2,1349,1037,947,90,1026,11,658,368
24,93,2,886,702,639,63,693,9,452,241
24,94,2,1803,1377,1301,76,1365,12,771,594
24,95,2,1093,889,764,125,888,1,524,364
24,96,2,978,752,693,59,747,5,480,267
24,97,2,933,685,616,69,681,4,442,239
24,98,2,840,627,566,61,617,10,379,238
24,99,2,869,690,626,64,684,6,432,252
24,100,2,1143,902,819,83,894,8,552,342
24,101,2,950,762,675,87,758,4,455,303
24,102,2,1094,812,736,76,804,8,522,282
24,103,2,1182,840,681,159,826,14,524,302
24,104,2,1547,1554,1030,524,1540,14,904,636
24,105,2,0,424,0,424,417,7,290,127
24,106,2,1184,1272,723,549,1262,10,792,470
24,107,2,0,837,0,837,826,11,550,276
24,108,2,1278,943,861,82,932,11,654,278
24,109,2,1641,1112,1048,64,1092,20,728,364
24,110,2,1150,1149,705,444,1142,7,725,417
24,111,2,1408,1091,822,269,1072,19,827,245
24,112,2,1408,979,777,202,961,18,619,342
24,113,2,1167,988,670,318,981,7,629,352
24,114,2,1222,956,829,127,942,14,599,343
24,115,2,1249,949,858,91,941,8,583,358
24,116,2,394,409,376,33,402,7,289,113
24,117,2,1221,956,855,101,946,10,585,361
24,118,2,1273,959,891,68,950,9,617,333
24,119,2,1328,965,915,50,961,4,628,333
24,120,2,1019,757,703,54,745,12,489,256
24,121,2,1412,1029,962,67,1017,12,663,354
24,122,2,1467,1041,980,61,1034,7,654,380
24,123,2,883,694,570,124,688,6,419,269
24,124,2,1409,1048,849,199,1035,13,610,425
24,125,2,1492,1104,1001,103,1098,6,665,433
24,126,2,832,620,566,54,618,2,345,273
24,127,2,1128,778,716,62,768,10,437,331
24,128,2,1323,1017,877,140,1008,9,581,427
24,129,2,1378,1010,942,68,1005,5,559,446
24,130,2,1718,1170,1092,78,1160,10,648,512
24,131,2,1102,671,589,82,669,2,356,313
24,132,2,1440,1070,939,131,1060,10,685,375
24,133,2,1427,1169,1001,168,1161,8,788,373
24,134,2,1007,699,649,50,694,5,466,228
24,135,2,1066,781,715,66,773,8,497,276
24,136,2,1152,815,742,73,809,6,523,286
24,137,2,1682,1296,1077,219,1279,17,849,430
24,138,2,1199,914,857,57,911,3,618,293
24,139,2,1159,841,800,41,831,10,586,245
24,140,2,1112,751,631,120,740,11,527,213
24,141,2,1017,797,725,72,789,8,578,211
24,142,2,1293,885,747,138,831,54,594,237
24,143,2,1059,755,633,122,743,12,526,217
24,144,2,1117,867,754,113,861,6,531,330
24,145,2,1097,903,777,126,897,6,599,298
24,146,2,1191,973,855,118,959,14,613,346
24,147,2,1469,1063,963,100,1043,20,696,347
24,148,2,937,693,612,81,682,11,478,204
24,149,2,0,587,0,587,581,6,152,429
24,150,2,1098,954,745,209,944,10,613,331
24,151,2,1086,784,631,153,773,11,530,243
24,152,2,1724,1133,991,142,1116,17,746,370
24,153,2,1157,824,736,88,820,4,506,314
24,154,2,1723,1156,1056,100,1143,13,794,349
24,155,2,1227,837,776,61,824,13,557,267
24,156,2,1309,929,857,72,922,7,632,290
24,157,2,1262,933,864,69,928,5,615,313
24,158,2,1330,1057,1019,38,1043,14,674,369
24,159,2,1186,867,795,72,864,3,531,333
24,160,2,1326,1008,921,87,993,15,683,310
24,161,2,1171,856,774,82,847,9,573,274
24,162,2,1245,925,816,109,915,10,626,289
24,163,2,1672,1197,1067,130,1183,14,824,359
24,164,2,1876,1240,1086,154,1230,10,886,344
24,165,2,927,624,583,41,612,12,401,211
24,166,2,1378,1051,977,74,1042,9,730,312
24,167,2,1186,904,826,78,899,5,626,273
24,168,2,1260,893,845,48,885,8,640,245
24,169,2,1341,982,929,53,968,14,656,312
24,170,2,1981,1443,1364,79,1437,6,956,481
24,171,2,1496,1125,1028,97,1117,8,827,290
24,172,2,1726,1333,1259,74,1322,11,881,441
24,173,2,1016,811,718,93,807,4,497,310
24,174,2,1287,1028,956,72,1020,8,681,339
24,175,2,929,711,653,58,701,10,480,221
24,176,2,1145,828,753,75,819,9,555,264
24,177,2,1332,967,862,105,960,7,610,350
24,178,2,1317,997,827,170,983,14,697,286
24,179,2,1813,1348,1198,150,1338,10,845,493
24,180,2,1465,1039,945,94,1027,12,705,322
24,181,2,1293,985,930,55,979,6,630,349
24,182,2,1414,1077,949,128,1070,7,564,506
24,183,2,1448,1025,959,66,1013,12,648,365
24,184,2,0,143,0,143,142,1,99,43
24,185,2,0,190,0,190,187,3,141,46
24,186,2,0,643,0,643,642,1,469,173
24,187,2,0,106,0,106,100,6,68,32
24,188,2,0,234,0,234,233,1,153,80
24,189,2,0,320,0,320,318,2,225,93
24,190,2,0,208,0,208,208,0,151,57
24,191,2,0,182,0,182,181,1,118,63
24,192,2,375,405,261,144,403,2,306,97
24,193,2,0,297,0,297,297,0,222,75
24,194,2,0,199,0,199,198,1,133,65
24,195,2,113,95,82,13,95,0,71,24
24,196,2,0,0,0,0,0,0,0,0
24,197,2,0,0,0,0,0,0,0,0
24,198,2,1087,603,386,217,596,7,248,348
24,199,2,0,1927,0,1927,1920,7,523,1397
24,200,2,0,566,0,566,564,2,140,424
24,201,2,0,643,0,643,632,11,162,470
24,202,2,1881,1534,1173,361,1509,25,444,1065
24,203,2,1349,1371,792,579,1361,10,319,1042
24,204,2,1687,905,728,177,898,7,177,721
24,205,2,0,987,0,987,980,7,188,792
24,206,2,0,36,0,36,36,0,29,7
24,207,2,0,41,0,41,40,1,17,23
24,208,2,0,32,0,32,32,0,17,15
24,209,2,0,54,0,54,51,3,36,15
24,210,2,1686,1258,1131,127,1250,8,1044,206
24,211,2,1628,1340,1254,86,1330,10,1100,230
24,212,2,1792,1350,1280,70,1341,9,1092,249
24,213,2,2205,1478,1374,104,1452,26,1147,305
24,214,2,1089,936,781,155,926,10,696,230
24,215,2,1344,1037,951,86,1033,4,764,269
24,216,2,1011,790,655,135,782,8,589,193
24,217,2,1241,944,833,111,936,8,754,182
24,218,2,1581,1476,1094,382,1468,8,1111,357
24,219,2,1057,1015,756,259,1011,4,795,216
24,220,2,1958,1569,1421,148,1558,11,1180,378
24,221,2,1535,1288,1008,280,1280,8,931,349
24,222,2,1057,999,696,303,995,4,684,311
24,223,2,1046,979,867,112,955,24,770,185
24,224,2,1542,1370,1132,238,1359,11,1044,315
24,225,2,1859,1482,1225,257,1475,7,1117,358
24,226,2,1826,1415,1337,78,1407,8,1127,280
24,227,2,1173,1054,848,206,1048,6,802,246
24,228,2,884,708,604,104,705,3,522,183
24,229,2,639,562,376,186,558,4,441,117
24,230,2,1055,1027,900,127,1019,8,831,188
24,231,2,960,912,844,68,899,13,709,190
24,232,2,684,642,493,149,637,5,524,113
24,233,2,769,736,651,85,732,4,589,143
24,234,2,1090,950,828,122,941,9,809,132
24,235,2,834,860,700,160,845,15,726,119
24,236,2,933,915,815,100,900,15,770,130
24,237,2,1100,1059,758,301,1052,7,789,263
24,238,2,1321,1105,948,157,1098,7,849,249
24,239,2,1122,860,725,135,848,12,657,191
24,240,2,974,656,472,184,649,7,457,192
24,241,2,1112,860,705,155,852,8,661,191
24,242,2,1331,940,841,99,933,7,719,214
24,243,2,1360,1052,951,101,1037,15,859,178
24,244,2,680,604,530,74,593,11,531,62
24,245,2,1715,1411,1257,154,1391,20,1155,236
24,246,2,560,425,353,72,418,7,353,65
24,247,2,843,614,538,76,600,14,498,102
24,248,2,873,593,544,49,590,3,464,126
24,249,2,715,454,432,22,444,10,352,92
24,250,2,247,201,180,21,198,3,179,19
24,251,2,1092,783,735,48,778,5,664,114
24,252,2,740,548,510,38,539,9,468,71
24,253,2,497,497,446,51,495,2,432,63
24,254,2,383,332,314,18,332,0,306,26
24,255,2,596,486,452,34,484,2,412,72
24,256,2,1364,807,689,118,788,19,655,133
24,257,2,645,331,298,33,326,5,267,59
24,258,2,562,555,362,193,549,6,471,78
24,259,2,1191,958,659,299,949,9,839,110
24,260,2,1188,792,635,157,776,16,663,113
24,261,2,941,903,649,254,894,9,764,130
24,262,2,907,732,620,112,721,11,609,112
24,263,2,723,614,499,115,604,10,528,76
24,264,2,691,709,663,46,707,2,668,39
24,265,2,502,411,330,81,400,11,364,36
24,266,2,2239,1389,1161,228,1359,30,1056,303
24,267,2,945,722,607,115,716,6,590,126
24,268,2,1181,836,610,226,822,14,654,168
24,269,2,476,365,244,121,348,17,286,62
24,270,2,814,574,414,160,569,5,460,109
24,271,2,981,895,792,103,875,20,742,133
24,272,2,1167,903,871,32,896,7,789,107
24,273,2,1705,945,822,123,933,12,517,416
24,274,2,1188,637,553,84,624,13,409,215
24,275,2,317,256,208,48,250,6,192,58
24,276,2,1037,1001,898,103,990,11,845,145
24,277,2,1154,744,641,103,725,19,621,104
24,278,2,760,438,383,55,432,6,337,95
24,279,2,246,182,166,16,182,0,157,25
24,280,2,1636,1126,1011,115,1118,8,965,153
24,281,2,745,603,551,52,596,7,564,32
24,282,2,1160,673,626,47,667,6,601,66
24,283,2,1402,817,769,48,805,12,605,200
24,284,2,387,340,318,22,338,2,278,60
24,285,2,2122,1229,1046,183,1211,18,895,316
24,286,2,801,448,411,37,445,3,269,176
24,287,2,668,392,362,30,383,9,317,66
24,288,2,1335,1059,870,189,1045,14,889,156
24,289,2,471,339,260,79,337,2,297,40
24,290,2,1383,891,860,31,874,17,634,240
24,291,2,1085,675,608,67,663,12,521,142
24,292,2,769,524,464,60,512,12,409,103
24,293,2,119,117,108,9,109,8,102,7
24,294,2,1118,934,840,94,925,9,781,144
24,295,2,1180,903,833,70,891,12,758,133
24,296,2,886,727,617,110,703,24,617,86
24,297,2,674,513,424,89,492,21,372,120
24,298,2,1417,822,733,89,816,6,637,179
24,299,2,1045,682,593,89,672,10,588,84
24,300,2,1626,868,695,173,854,14,682,172
24,301,2,716,471,367,104,461,10,395,66
24,302,2,534,406,340,66,399,7,353,46
24,303,2,1024,642,533,109,634,8,555,79
24,304,2,719,444,384,60,437,7,373,64
24,305,2,260,200,200,0,197,3,161,36
24,306,2,625,606,564,42,604,2,548,56
24,307,2,361,362,329,33,361,1,325,36
24,308,2,2060,1915,1841,74,1900,15,1710,190
24,309,2,1149,740,661,79,728,12,579,149
24,310,2,1769,1550,1443,107,1518,32,1289,229
24,311,2,1001,925,811,114,915,10,821,94
24,312,2,1547,1082,976,106,1063,19,872,191
24,313,2,1134,762,678,84,755,7,648,107
24,314,2,770,550,474,76,543,7,458,85
24,315,2,871,648,599,49,635,13,543,92
24,316,2,842,557,487,70,553,4,471,82
24,317,2,629,477,394,83,471,6,371,100
24,318,2,841,599,540,59,587,12,481,106
24,319,2,1300,1055,927,128,1042,13,802,240
24,320,2,848,696,630,66,685,11,569,116
24,321,2,503,484,431,53,480,4,385,95
24,322,2,892,600,496,104,596,4,520,76
24,323,2,587,410,381,29,403,7,298,105
24,324,2,1455,890,802,88,881,9,710,171
24,325,2,1133,758,672,86,742,16,671,71
24,326,2,700,455,417,38,451,4,368,83
24,327,2,1882,1115,1001,114,1107,8,913,194
24,328,2,1091,757,688,69,747,10,606,141
24,329,2,243,200,175,25,198,2,158,40
24,330,2,425,410,331,79,402,8,300,102
24,331,2,1261,1099,960,139,1079,20,904,175
24,332,2,1034,936,837,99,894,42,790,104
24,333,2,1029,863,694,169,846,17,759,87
24,334,2,1326,675,617,58,665,10,542,123
24,335,2,390,285,262,23,285,0,246,39
24,336,2,967,715,665,50,707,8,624,83
24,337,2,617,511,411,100,506,5,428,78
24,338,2,572,417,382,35,407,10,368,39
24,339,2,441,398,326,72,393,5,324,69
24,340,2,500,445,359,86,441,4,354,87
24,341,2,1313,881,765,116,874,7,677,197
24,342,2,338,366,247,119,361,5,309,52
24,343,2,920,830,735,95,819,11,677,142
24,344,2,697,620,551,69,615,5,505,110
24,345,2,748,586,521,65,580,6,519,61
24,346,2,909,778,673,105,772,6,701,71
24,347,2,467,364,309,55,352,12,316,36
24,348,2,1758,1273,1151,122,1262,11,813,449
24,349,2,1737,1287,1134,153,1267,20,768,499
24,350,2,780,602,495,107,597,5,393,204
24,351,2,777,730,662,68,706,24,636,70
24,352,2,620,520,478,42,518,2,440,78
24,353,2,603,541,501,40,541,0,445,96
24,354,2,1443,862,743,119,855,7,581,274
24,355,2,529,398,343,55,396,2,338,58
24,356,2,226,149,134,15,149,0,137,12
24,357,2,1952,1043,878,165,1021,22,822,199
24,358,2,1104,742,672,70,731,11,607,124
24,359,2,1144,602,545,57,599,3,461,138
24,360,2,1201,947,741,206,944,3,697,247
24,361,2,1518,1079,937,142,1071,8,764,307
24,362,2,655,392,341,51,387,5,306,81
24,363,2,579,340,303,37,337,3,284,53
24,364,2,491,306,267,39,302,4,267,35
24,365,2,940,718,649,69,689,29,622,67
24,366,2,798,656,582,74,649,7,533,116
24,367,2,1896,1399,1331,68,1379,20,1149,230
24,368,2,795,564,501,63,556,8,476,80
24,369,2,561,443,399,44,442,1,373,69
24,370,2,1930,1191,894,297,1182,9,966,216
24,371,2,464,450,385,65,449,1,424,25
24,372,2,464,261,213,48,253,8,218,35
24,373,2,1356,681,576,105,670,11,606,64
24,374,2,676,611,550,61,604,7,517,87
24,375,2,735,508,409,99,507,1,447,60
24,376,2,816,516,468,48,505,11,452,53
24,377,2,724,574,438,136,563,11,485,78
24,378,2,1051,728,683,45,721,7,608,113
24,379,2,1020,662,617,45,657,5,444,213
24,380,2,1273,881,826,55,868,13,458,410
24,381,2,1046,709,657,52,678,31,446,232
24,382,2,1273,919,808,111,902,7,641,261
24,383,2,1811,1061,964,97,1035,26,819,216
24,384,2,315,243,215,28,239,4,186,53
24,385,2,1271,839,714,125,818,21,659,159
24,386,2,552,395,358,37,391,4,307,84
24,387,2,757,506,488,18,488,18,256,232
24,388,2,665,372,338,34,367,5,307,60
24,389,2,913,636,566,70,627,9,452,175
24,390,2,1700,1400,1179,221,1170,9,1013,157
24,391,2,1487,1110,1057,53,1105,5,1014,91
24,392,2,1182,923,865,58,915,8,854,61
24,393,2,1045,993,893,100,979,14,857,122
24,394,2,1553,881,759,122,865,16,630,235
24,395,2,709,385,316,69,375,10,286,89
24,396,2,617,412,370,42,409,3,308,101
24,397,2,1185,1094,971,123,1082,12,865,217
24,398,2,1548,1432,1303,129,1420,12,1242,178
24,399,2,70,69,69,0,67,2,54,13
24,400,2,1569,882,804,78,863,19,739,124
24,401,2,2284,1886,1838,48,1879,7,1731,148
24,402,2,960,866,817,49,857,9,753,104
24,403,2,929,747,700,47,737,10,642,95
24,404,2,692,602,542,60,586,16,521,65
24,405,2,715,488,426,62,476,12,401,75
24,406,2,1770,1111,920,191,1102,9,871,231
24,407,2,879,728,608,120,700,28,547,153
24,408,2,1264,865,775,90,852,13,776,76
24,409,2,1082,1022,911,111,1011,11,907,104
24,410,2,1504,1096,927,169,1082,14,908,174
24,411,2,1097,859,707,152,851,8,675,176
24,412,2,1451,1266,1100,166,1247,19,1018,229
24,413,2,919,604,577,27,598,6,508,90
24,414,2,699,458,389,69,454,4,368,86
24,415,2,726,623,555,68,611,12,485,126
24,416,2,500,431,378,53,417,14,374,43
24,417,2,417,278,230,48,278,0,217,61
24,418,2,1309,986,858,128,974,12,816,158
24,419,2,1124,753,631,122,742,11,575,167
24,420,2,634,400,339,61,395,5,311,84
24,421,2,741,428,362,66,425,3,365,60
24,422,2,1495,1127,1041,86,1104,23,952,152
24,423,2,576,380,334,46,374,6,323,51
24,424,2,743,558,521,37,545,13,462,83
24,425,2,862,590,524,66,582,8,472,110
24,426,2,441,323,287,36,320,3,263,57
24,427,2,1362,855,779,76,837,18,686,151
24,428,2,1089,914,851,63,913,1,752,161
24,429,2,927,575,509,66,566,9,393,173
24,430,2,1631,963,894,69,955,8,683,272
24,431,2,399,262,241,21,262,0,238,24
24,432,2,1359,1195,1123,72,1177,18,990,187
24,433,2,798,753,679,74,747,6,663,84
24,434,2,456,445,379,66,441,4,369,72
24,435,2,313,274,227,47,272,2,226,46
24,436,2,1268,795,768,27,788,7,657,131
24,437,2,1640,1234,955,279,1216,18,975,241
24,438,2,629,447,390,57,439,8,339,100
24,439,2,1175,1100,869,231,1085,15,810,275
24,440,2,1245,1085,718,367,1072,13,917,155
24,441,2,375,356,313,43,354,2,298,56
24,442,2,900,621,537,84,614,7,539,75
24,443,2,1613,671,575,96,657,14,523,134
24,444,2,879,481,387,94,474,7,387,87
24,445,2,856,582,461,121,567,15,474,93
24,446,2,1021,725,637,88,714,11,527,187
24,447,2,881,501,472,29,495,6,373,122
24,448,2,626,271,252,19,269,2,217,52
24,449,2,1288,804,725,79,799,5,722,77
24,450,2,1801,1052,935,117,1045,7,871,174
24,451,2,1026,908,829,79,900,8,772,128
24,452,2,1215,787,757,30,779,8,587,192
24,453,2,1280,884,788,96,865,19,750,115
24,454,2,1206,713,646,67,690,23,607,83
24,455,2,1371,739,689,50,726,13,568,158
24,456,2,481,318,300,18,314,4,261,53
24,457,2,674,322,300,22,320,2,227,93
24,458,2,1104,926,890,36,915,11,776,139
24,459,2,1352,832,745,87,815,17,687,128
24,460,2,1451,1459,1397,62,1448,11,1130,318
24,461,2,861,767,700,67,764,3,644,120
24,462,2,794,595,518,77,590,5,504,86
24,463,2,333,286,233,53,281,5,247,34
24,464,2,1157,750,606,144,740,10,556,184
24,465,2,1364,853,719,134,840,13,734,106
24,466,2,898,626,523,103,619,7,528,91
24,467,2,529,380,339,41,378,2,312,66
24,468,2,1422,958,860,98,949,9,804,145
24,469,2,1148,919,837,82,906,13,811,95
24,470,2,1342,1022,935,87,1014,8,868,146
24,471,2,1355,1052,917,135,1041,11,899,142
24,472,2,993,746,675,71,740,6,649,91
24,473,2,1477,1047,939,108,1030,17,913,117
24,474,2,1307,884,796,88,876,8,712,164
24,475,2,890,639,608,31,636,3,529,107
24,476,2,659,529,498,31,525,4,444,81
24,477,2,1559,891,768,123,881,10,749,132
24,478,2,642,457,380,77,452,5,381,71
24,479,2,651,464,417,47,459,5,398,61
24,480,2,1600,1120,1120,0,1104,16,965,139
24,481,2,1506,1026,905,121,1012,14,902,110
24,482,2,752,514,427,87,508,6,420,88
24,483,2,489,485,428,57,481,4,414,67
24,484,2,486,413,363,50,408,5,365,43
24,485,2,827,633,591,42,628,5,522,106
24,486,2,699,401,369,32,394,7,353,41
24,487,2,889,683,625,58,677,6,615,62
24,488,2,633,504,472,32,498,6,443,55
24,489,2,865,647,604,43,643,4,574,69
24,490,2,914,741,606,135,732,9,661,71
24,491,2,171,171,149,22,168,3,134,34
24,492,2,894,587,480,107,581,6,517,64
24,493,2,404,278,232,46,271,7,231,40
24,494,2,207,112,102,10,107,5,79,28
24,495,2,1461,776,688,88,766,10,554,212
24,496,2,1154,790,632,158,783,7,599,184
24,497,2,1105,832,647,185,824,8,587,237
24,498,2,846,573,525,48,571,2,413,158
24,499,2,1074,665,602,63,660,5,511,149
24,500,2,902,565,517,48,560,5,326,234
24,501,2,1556,870,727,143,852,18,660,192
24,502,2,473,316,242,74,313,3,214,99
24,503,2,1554,793,656,137,785,8,657,128
24,504,2,1405,979,932,47,970,9,722,248
24,505,2,755,575,504,71,569,6,482,87
24,506,2,1186,764,684,80,748,16,692,56
24,507,2,795,548,493,55,546,2,494,52
24,508,2,530,441,386,55,440,1,414,26
24,509,2,742,587,531,56,586,1,519,67
24,510,2,864,693,594,99,683,10,592,91
24,511,2,524,412,326,86,408,4,363,45
24,512,2,268,247,219,28,243,4,235,8
24,513,2,1693,1351,1266,85,1331,20,1133,198
24,514,2,1248,1020,978,42,1009,11,859,150
24,515,2,1444,1111,1017,94,1095,16,943,152
24,516,2,1105,861,836,25,854,7,716,138
24,517,2,1529,972,786,186,961,11,828,133
24,518,2,869,600,514,86,590,10,543,47
24,519,2,360,276,221,55,276,0,224,52
24,520,2,935,710,650,60,706,4,547,159
24,521,2,1061,782,740,42,774,8,626,148
24,522,2,992,707,656,51,705,2,587,118
24,523,2,434,442,399,43,440,2,400,40
24,524,2,1302,920,878,42,915,5,745,170
24,525,2,1058,729,681,48,715,14,637,78
24,526,2,946,785,712,73,778,7,708,70
24,527,2,196,115,110,5,111,4,74,37
24,528,2,1974,1274,1075,199,1267,7,1002,265
24,529,2,312,299,283,16,298,1,253,45
24,530,2,923,433,326,107,428,5,358,70
25,1,2,1074,780,691,89,773,7,542,231
25,2,2,2454,1482,1370,112,1475,7,765,710
25,3,2,1984,1171,1101,70,1166,5,557,609
25,4,2,1952,1275,1175,100,1270,5,534,736
25,5,2,2319,1561,1445,116,1537,24,700,837
25,6,2,2193,1444,1360,84,1436,8,703,733
25,7,2,2176,1415,1355,60,1407,8,624,783
25,8,2,2262,1623,1505,118,1611,12,707,904
25,9,2,2252,1674,1492,182,1668,6,714,954
25,10,2,2385,1764,1634,130,1758,6,656,1102
25,11,2,2190,1528,1425,103,1520,8,519,1001
25,12,2,1153,800,713,87,798,2,256,542
25,13,2,1419,1049,955,94,1040,9,421,619
25,14,2,1979,1357,1230,127,1342,14,794,548
25,15,2,1705,1238,1099,139,1228,10,962,266
25,16,2,1228,902,809,93,892,10,750,142
25,17,2,2349,1872,1625,247,1864,8,612,1252
25,18,2,2050,1477,1365,112,1468,9,561,907
25,19,2,2264,1604,1523,81,1599,5,714,885
25,20,2,1757,1247,1158,89,1245,2,547,698
25,21,2,1729,1293,1211,82,1287,6,472,815
25,22,2,2044,1473,1363,110,1472,1,655,817
25,23,2,1392,931,689,242,926,5,340,586
25,24,2,1094,784,660,124,778,6,268,510
25,25,2,1312,928,858,70,920,8,349,571
25,26,2,1039,611,566,45,604,7,269,335
25,27,2,1205,667,556,111,665,2,273,392
25,28,2,1116,721,595,126,718,3,306,412
25,29,2,1832,1071,977,94,1066,5,473,593
25,30,2,1852,1072,991,81,1065,7,508,557
25,31,2,1294,691,615,76,685,6,313,372
25,32,2,1219,643,578,65,639,4,273,366
25,33,2,1810,1042,945,97,1030,12,489,541
25,34,2,1330,661,570,91,655,6,333,322
25,35,2,1223,830,750,80,826,4,494,332
25,36,2,2178,1369,1248,121,1366,3,618,748
25,37,2,2115,1107,1013,94,1102,5,502,600
25,38,2,1905,1232,1151,81,1229,3,602,627
25,39,2,2201,1494,1417,77,1489,5,690,799
25,40,2,1870,1340,1157,183,1331,9,603,728
25,41,2,2252,1566,1473,93,1555,11,718,837
25,42,2,1215,678,623,55,678,0,311,367
25,43,2,1715,1078,992,86,1073,5,521,552
25,44,2,1678,1193,1132,61,1187,6,545,642
25,45,2,1464,995,939,56,992,3,430,562
25,46,2,1454,968,909,59,959,9,411,548
25,47,2,1530,981,926,55,980,1,489,491
25,48,2,1345,911,856,55,909,2,485,424
25,49,2,2694,1650,1570,80,1641,9,889,752
25,50,2,2480,1582,1491,91,1577,5,850,727
25,51,2,2443,1467,1282,185,1463,4,782,681
25,52,2,2398,1444,1250,194,1437,7,821,616
25,53,2,1970,1215,1036,179,1213,2,651,562
25,54,2,2314,1370,1262,108,1357,9,780,577
25,55,2,1722,1149,1072,77,1147,2,631,516
25,56,2,1438,1039,836,203,1036,3,566,470
25,57,2,1387,1119,683,436,1109,10,543,566
25,58,2,2264,1728,1405,323,1722,6,970,752
25,59,2,2505,1224,1136,88,1214,10,598,616
25,60,2,1637,748,687,61,746,2,401,345
25,61,2,0,681,0,681,680,1,382,298
25,62,2,0,118,0,118,118,0,78,40
25,63,2,0,107,0,107,105,2,64,41
25,64,2,0,167,0,167,164,3,83,81
25,65,2,0,440,0,440,434,6,235,199
25,66,2,1314,685,548,137,684,1,582,102
25,67,2,1104,615,498,117,601,14,477,124
25,68,2,840,603,523,80,600,3,349,251
25,69,2,1375,971,827,144,967,4,378,589
25,70,2,1401,1323,981,342,1310,13,507,803
25,71,2,1641,1063,845,218,1051,12,529,522
25,72,2,1381,1025,856,169,1018,7,438,580
25,73,2,1191,931,717,214,920,11,328,592
25,74,2,1224,1045,821,224,1040,5,332,708
25,75,2,1249,866,736,130,860,6,349,511
25,76,2,1385,956,842,114,951,5,303,648
25,77,2,1535,1104,954,150,1101,3,479,622
25,78,2,2160,1341,1099,242,1334,7,638,696
25,79,2,1006,817,546,271,813,4,416,397
25,80,2,1548,1036,888,148,1027,9,654,373
25,81,2,1437,914,800,114,910,4,470,440
25,82,2,1463,1091,900,191,1085,6,502,583
25,83,2,1467,1004,888,116,1000,4,528,472
25,84,2,1705,1249,1053,196,1242,7,615,627
25,85,2,1903,1190,1019,171,1178,12,742,436
25,86,2,1650,1108,941,167,1101,7,811,290
25,87,2,712,425,379,46,419,6,333,86
25,88,2,0,348,0,348,343,5,263,80
25,89,2,2781,1810,1620,190,1797,13,543,1254
25,90,2,3007,1944,1652,292,1933,11,772,1161
25,91,2,2857,1749,1521,228,1738,11,915,823
25,92,2,576,622,576,46,563,2,486,77
25,93,2,1854,1241,1129,112,1228,13,831,397
25,94,2,1060,957,877,80,952,5,428,524
25,95,2,1161,585,520,65,580,5,468,112
25,96,2,928,630,571,59,628,2,481,147
25,97,2,809,443,356,87,440,3,376,64
25,98,2,1864,961,897,64,955,6,758,197
25,99,2,1732,905,886,19,903,2,619,284
25,100,2,2027,1405,1288,117,1396,5,989,407
25,101,2,755,488,453,35,485,3,404,81
25,102,2,823,431,376,55,427,4,329,98
25,103,2,1529,830,798,32,825,5,685,140
25,104,2,1632,768,735,33,764,4,601,163
25,105,2,936,497,468,29,491,6,390,101
25,106,2,910,489,448,41,485,4,320,165
25,107,2,1603,952,859,93,944,8,801,143
25,108,2,1599,997,921,76,995,2,786,209
25,109,2,1297,1006,767,239,998,8,811,187
25,110,2,2017,1331,1253,78,1321,10,767,554
25,111,2,1105,815,761,54,813,2,604,209
25,112,2,809,566,540,26,561,5,159,402
25,113,2,2092,1383,1189,194,1375,8,775,600
25,114,2,1720,1099,1010,89,1082,17,453,629
25,115,2,1628,1178,1030,148,1166,12,589,577
25,116,2,569,475,447,28,471,4,401,70
25,117,2,467,408,369,39,402,6,225,177
25,118,2,1488,1070,1002,68,1063,7,641,422
25,119,2,1557,1163,1050,113,1158,5,660,498
25,120,2,1091,863,802,61,855,8,467,388
25,121,2,385,362,343,19,360,2,286,74
25,122,2,402,321,287,34,321,0,197,124
25,123,2,174,147,132,15,147,0,91,56
25,124,2,722,662,636,26,657,5,73,584
25,125,2,785,547,505,42,542,5,321,221
25,126,2,288,229,214,15,225,4,152,73
25,127,2,267,190,172,18,186,4,89,97
25,128,2,993,638,606,32,635,3,494,141
25,129,2,1139,882,857,25,881,1,653,228
25,130,2,693,524,463,61,521,3,353,168
25,131,2,783,358,314,44,357,1,204,153
25,132,2,1553,837,775,62,825,12,518,307
25,133,2,2218,1444,1102,342,1435,9,726,709
25,134,2,2775,1538,1414,124,1516,22,1010,506
25,135,2,776,406,378,28,400,6,282,118
25,136,2,1904,1255,1185,70,1250,5,945,305
25,137,2,2398,1236,1153,83,1220,16,645,575
25,138,2,2190,1776,1665,111,1759,17,1502,257
25,139,2,1692,1098,915,183,1088,10,857,231
25,140,2,651,513,466,47,512,1,318,194
25,141,2,315,293,252,41,288,5,217,71
25,142,2,991,814,753,61,813,1,485,328
25,143,2,402,380,334,46,377,3,261,116
25,144,2,1085,861,758,103,858,3,637,221
25,145,2,307,251,222,29,249,2,154,95
25,146,2,1441,1003,961,42,995,8,619,376
25,147,2,574,472,450,22,464,8,316,148
25,148,2,299,272,264,8,267,5,201,66
25,149,2,704,581,498,83,579,2,397,182
25,150,2,309,268,219,49,264,4,176,88
25,151,2,442,364,318,46,361,3,301,60
25,152,2,593,504,470,34,504,0,452,52
25,153,2,240,200,181,19,198,2,174,24
25,154,2,446,435,420,15,429,6,294,135
25,155,2,729,354,325,29,350,4,287,63
25,156,2,1271,655,604,51,649,6,547,102
25,157,2,1117,549,497,52,539,10,316,223
25,158,2,2595,1541,1411,130,1532,9,1190,342
25,159,2,559,544,479,65,541,3,523,18
25,160,2,606,409,331,78,407,2,372,35
25,161,2,1339,978,910,68,970,8,693,277
25,162,2,436,321,309,12,317,4,165,152
25,163,2,1098,845,811,34,835,10,517,318
25,164,2,717,611,568,43,606,5,510,96
25,165,2,921,627,587,40,621,6,404,217
25,166,2,1996,1206,1166,40,1200,6,908,292
25,167,2,850,563,541,22,560,3,513,47
25,168,2,711,561,537,24,561,0,400,161
25,169,2,393,268,246,22,266,2,221,45
25,170,2,2032,1591,1515,76,1588,3,1499,89
25,171,2,926,723,706,17,719,4,636,83
25,172,2,1300,782,758,24,778,4,613,165
25,173,2,805,492,478,14,491,1,432,59
25,174,2,789,459,443,16,458,1,343,115
25,175,2,1223,720,688,32,714,6,463,251
25,176,2,385,256,249,7,254,2,190,64
25,177,2,1073,604,573,31,603,1,540,63
25,178,2,1515,950,887,63,944,6,782,162
25,179,2,1369,1184,1088,96,1175,9,800,375
25,180,2,1535,1032,969,63,1027,5,819,208
25,181,2,1275,881,792,89,874,7,682,192
25,182,2,1957,1206,1131,75,1193,13,128,1065
25,183,2,1243,811,738,73,801,10,473,328
25,184,2,885,743,707,36,738,5,520,218
25,185,2,752,430,378,52,429,1,277,152
25,186,2,1012,666,632,34,664,2,488,176
25,187,2,263,197,170,27,193,4,125,68
25,188,2,319,269,236,33,267,2,148,119
25,189,2,1436,1034,936,98,1028,6,717,311
25,190,2,306,250,215,35,249,1,213,36
25,191,2,706,460,445,15,459,1,390,69
25,192,2,408,289,268,21,289,0,149,140
25,193,2,972,786,757,29,785,1,647,138
25,194,2,1144,1082,1056,26,1076,6,1018,58
25,195,2,1306,1011,934,77,1001,10,690,311
25,196,2,838,787,754,33,783,4,624,159
25,197,2,2660,1599,1590,9,1596,3,1320,276
25,198,2,884,752,731,21,750,2,391,359
25,199,2,735,527,503,24,524,3,374,150
25,200,2,456,301,291,10,301,0,222,79
25,201,2,1343,918,879,39,916,2,559,357
25,202,2,1601,1278,1209,69,1271,7,957,314
25,203,2,1262,1021,959,62,1018,3,807,211
25,204,2,1468,838,783,55,832,6,627,205
25,205,2,1226,724,674,50,702,22,548,154
25,206,2,937,634,604,30,632,2,380,252
25,207,2,409,218,191,27,214,4,170,44
25,208,2,610,325,313,12,320,5,247,73
25,209,2,2779,1547,1425,122,1542,5,940,602
25,210,2,1591,1206,1136,70,1204,2,968,236
25,211,2,1281,1002,968,34,998,4,685,313
25,212,2,2072,1246,1130,116,1230,16,966,264
25,213,2,2204,1417,1340,77,1406,11,1099,307
25,214,2,860,755,703,52,753,2,544,209
25,215,2,840,672,627,45,669,3,471,198
25,216,2,2082,1315,1223,92,1302,13,1131,171
25,217,2,2044,1169,1096,73,1155,14,1006,149
25,218,2,2159,1255,1144,111,1250,5,1122,128
25,219,2,514,440,408,32,438,2,333,105
25,220,2,724,581,516,65,577,4,413,164
25,221,2,1002,719,633,86,714,5,267,447
25,222,2,1060,679,651,28,667,12,388,279
25,223,2,329,270,255,15,270,0,106,164
25,224,2,1079,578,553,25,571,7,414,157
25,225,2,2148,1193,1150,43,1184,9,973,211
25,226,2,1820,979,914,65,957,22,774,183
25,227,2,1806,840,806,34,825,15,701,124
25,228,2,979,427,385,42,422,5,368,54
25,229,2,1813,743,685,58,727,16,541,186
25,230,2,769,617,574,43,612,5,517,95
25,231,2,302,292,257,35,289,3,191,98
25,232,2,987,904,845,59,897,7,478,419
25,233,2,576,477,442,35,471,6,335,136
25,234,2,1223,973,881,92,970,3,781,189
25,235,2,1817,1030,954,76,1024,6,651,373
25,236,2,320,239,211,28,239,0,175,64
25,237,2,1675,1384,1349,35,1380,4,962,418
25,238,2,445,358,336,22,353,5,58,295
25,239,2,1900,1041,954,87,1018,23,908,110
25,240,2,872,464,429,35,455,9,340,115
25,241,2,1760,1194,1138,56,1186,8,952,234
25,242,2,3132,1136,1099,37,1124,12,919,205
25,243,2,633,383,348,35,378,5,117,261
25,244,2,2725,1531,1429,102,1524,7,1372,152
25,245,2,1966,1131,1060,71,1130,1,899,231
25,246,2,2323,1086,970,116,1073,13,760,313
25,247,2,829,435,380,55,430,5,339,91
25,248,2,1666,1288,1229,59,1218,11,605,613
25,249,2,1639,961,877,84,956,5,718,238
25,250,2,211,157,139,18,156,1,119,37
25,251,2,579,404,383,21,397,7,278,119
25,252,2,534,363,290,73,356,7,258,98
25,253,2,382,282,245,37,281,1,214,67
25,254,2,538,395,371,24,389,6,270,119
25,255,2,1661,871,789,82,867,4,620,247
25,256,2,1035,642,610,32,638,4,493,145
25,257,2,1208,1251,1201,50,1222,29,11,1211
25,258,2,95,65,57,8,65,0,60,5
25,259,2,1816,1096,1053,43,1088,8,930,158
25,260,2,1150,767,727,40,761,6,665,96
25,261,2,1697,910,871,39,908,2,614,294
25,262,2,2494,1419,1394,25,1413,4,1110,303
25,263,2,1225,867,818,49,855,12,627,228
25,264,2,1111,943,881,62,937,6,739,198
25,265,2,2449,1997,1853,144,1981,16,1146,835
25,266,2,1975,1011,1000,11,1006,5,709,297
25,267,2,580,248,238,10,248,0,126,122
25,268,2,610,239,221,18,238,1,203,35
25,269,2,493,209,200,9,204,5,157,47
25,270,2,1990,1306,1183,123,1299,7,987,312
25,271,2,1889,1420,1324,96,1418,2,1154,264
25,272,2,322,234,215,19,232,2,142,90
25,273,2,1039,682,644,38,681,1,413,268
25,274,2,1101,791,765,26,791,0,382,409
25,275,2,1061,689,662,27,680,9,399,281
25,276,2,535,414,405,9,413,1,234,179
25,277,2,1381,848,822,26,839,9,593,246
25,278,2,2026,1273,1014,259,1261,12,837,424
25,279,2,1188,953,833,120,950,3,684,266
25,280,2,933,655,624,31,653,2,586,67
25,281,2,823,718,703,15,713,5,556,157
25,282,2,574,529,506,23,525,4,405,120
25,283,2,339,219,205,14,219,0,158,61
25,284,2,237,189,170,19,188,1,147,41
25,285,2,1441,1114,909,205,1102,12,628,474
25,286,2,1489,1312,1199,113,1307,5,652,655
25,287,2,437,444,416,28,440,4,404,36
25,288,2,561,547,464,83,545,2,365,180
25,289,2,666,466,381,85,461,5,260,201
25,290,2,1720,1218,1114,104,1209,9,822,387
25,291,2,1047,1064,1033,31,985,79,233,752
25,292,2,838,590,559,31,582,8,427,155
25,293,2,896,812,771,41,805,7,321,484
25,294,2,757,524,475,49,515,9,419,96
25,295,2,1750,1130,1076,54,1124,6,880,244
25,296,2,446,362,339,23,360,2,294,66
25,297,2,1285,878,827,51,875,3,661,214
25,298,2,715,586,539,47,586,0,509,77
25,299,2,1004,739,687,52,738,1,591,147
25,300,2,466,233,206,27,230,3,177,53
25,301,2,1604,932,845,87,921,11,710,211
25,302,2,1728,1125,1074,51,1123,2,848,275
25,303,2,1190,548,512,36,542,6,417,125
26,1,2,1958,1100,1004,96,1094,6,761,333
26,2,2,1917,1246,1186,60,1241,5,729,512
26,3,2,1660,1121,988,133,1113,8,717,396
26,4,2,1778,1025,925,100,1021,4,573,448
26,5,2,1932,1101,969,132,1095,6,611,484
26,6,2,2345,1373,1234,139,1371,2,813,558
26,7,2,1899,1168,1085,83,1164,4,699,465
26,8,2,1780,1051,926,125,1050,1,647,403
26,9,2,2282,1348,1175,173,1336,12,928,408
26,10,2,1257,742,653,89,736,6,497,239
26,11,2,1806,1087,935,152,1084,3,783,301
26,12,2,2153,1161,980,181,1149,12,732,417
26,13,2,2306,1348,1252,96,1343,5,884,459
26,14,2,2703,1675,1562,113,1664,11,1181,483
26,15,2,920,567,446,121,562,5,344,218
26,16,2,2041,899,734,165,894,5,580,314
26,17,2,960,576,339,237,571,3,357,214
26,18,2,808,436,364,72,432,4,291,141
26,19,2,937,462,290,172,459,3,277,182
26,20,2,2138,1024,853,171,1021,3,659,362
26,21,2,1905,904,766,138,898,6,600,298
26,22,2,1863,989,837,152,984,5,671,313
26,23,2,1927,1045,913,132,1035,10,693,342
26,24,2,2332,1475,1366,109,1470,5,978,492
26,25,2,809,650,410,240,645,5,431,214
26,26,2,1759,961,737,224,959,2,620,339
26,27,2,1743,896,767,129,893,3,599,294
26,28,2,1539,707,624,83,705,2,534,171
26,29,2,1914,980,919,61,960,20,694,266
26,30,2,1742,1072,989,83,1068,4,766,302
26,31,2,1879,1040,961,79,1028,12,740,288
26,32,2,1734,984,910,74,974,10,706,268
26,33,2,2743,1420,1303,117,1416,4,1023,393
26,34,2,1839,1074,951,123,1066,8,714,352
26,35,2,1379,774,660,114,768,6,553,215
26,36,2,1032,703,569,134,701,2,459,242
26,37,2,1981,1161,1054,107,1154,7,765,389
26,38,2,1091,665,576,89,662,3,469,193
26,39,2,1635,1023,881,142,1017,6,734,283
26,40,2,1993,1112,939,173,1110,2,786,324
26,41,2,2168,1131,1004,127,1122,9,762,360
26,42,2,1350,685,526,159,682,3,457,225
26,43,2,1284,841,636,205,835,6,583,252
26,44,2,1560,773,689,84,761,12,524,237
26,45,2,1723,908,769,139,903,5,652,251
26,46,2,2400,1471,1130,341,1455,16,1021,434
26,47,2,1172,773,642,131,765,8,574,191
26,48,2,720,784,395,389,777,7,536,241
26,49,2,0,1,0,1,0,1,0,0
26,50,2,0,321,0,321,318,3,226,92
26,51,2,1346,828,728,100,819,9,608,211
26,52,2,785,400,360,40,388,12,284,104
26,53,2,650,426,312,114,423,3,357,66
26,54,2,1192,515,465,50,509,6,351,158
26,55,2,1547,961,911,50,947,14,543,404
26,56,2,2124,1237,877,360,1227,10,684,543
26,57,2,1240,609,519,90,603,6,323,280
26,58,2,977,646,597,49,639,7,360,279
26,59,2,1743,1095,956,139,1090,5,657,433
26,60,2,1509,970,944,26,963,7,584,379
26,61,2,1502,1121,1053,68,1108,13,659,449
26,62,2,238,187,168,19,186,1,115,71
26,63,2,2037,1116,953,163,1092,24,804,288
26,64,2,1665,911,773,138,904,7,646,258
26,65,2,1680,983,882,101,971,12,669,302
26,66,2,1200,588,468,120,575,13,460,115
26,67,2,412,217,181,36,214,3,188,26
26,68,2,577,652,567,85,647,5,574,73
26,69,2,941,586,536,50,578,8,454,124
26,70,2,282,165,143,22,160,5,136,24
26,71,2,1319,797,649,148,795,2,644,151
26,72,2,1730,995,876,119,986,9,778,208
26,73,2,358,259,197,62,257,2,169,88
26,74,2,1043,477,428,49,464,13,355,109
26,75,2,1108,622,492,130,615,7,507,108
26,76,2,565,373,306,67,364,9,270,94
26,77,2,885,636,565,71,633,3,551,82
26,78,2,535,348,278,70,345,3,274,71
26,79,2,776,518,399,119,513,3,447,66
26,80,2,593,333,283,50,331,2,279,52
26,81,2,392,264,197,67,260,4,219,41
26,82,2,557,427,371,56,423,4,208,215
26,83,2,840,489,427,62,484,5,373,111
26,84,2,1263,830,673,157,815,15,588,227
26,85,2,517,416,308,108,416,0,346,70
26,86,2,1260,733,695,38,722,11,562,160
26,87,2,759,487,406,81,483,4,371,112
26,88,2,534,522,500,22,520,2,418,102
26,89,2,493,485,420,65,476,9,383,93
26,90,2,637,373,304,69,371,2,301,70
26,91,2,1013,406,326,80,401,5,333,68
26,92,2,1126,467,377,90,461,6,259,202
26,93,2,433,259,208,51,257,2,214,43
26,94,2,1280,628,569,59,615,13,371,244
26,95,2,609,344,302,42,341,3,228,113
26,96,2,1030,445,373,72,439,6,284,155
26,97,2,1053,797,666,131,794,3,582,212
26,98,2,1048,771,658,113,764,7,674,90
26,99,2,557,489,355,134,483,6,322,161
26,100,2,647,545,421,124,533,12,349,184
26,101,2,636,367,248,119,366,1,271,95
26,102,2,233,241,143,98,238,3,188,50
26,103,2,1173,960,869,91,950,10,773,177
26,104,2,666,575,426,149,566,9,403,163
26,105,2,246,244,201,43,240,4,192,48
26,106,2,245,209,160,49,204,5,150,54
26,107,2,984,685,531,154,670,15,563,107
26,108,2,956,916,699,217,890,26,729,161
26,109,2,745,328,284,44,326,2,204,122
26,110,2,1387,825,780,45,812,13,673,139
26,111,2,735,316,294,22,313,3,285,28
26,112,2,1288,581,504,77,572,9,466,106
26,113,2,394,243,194,49,242,1,174,68
26,114,2,1154,862,709,153,859,3,698,161
26,115,2,1181,882,719,163,873,9,651,222
26,116,2,708,484,362,122,481,3,360,121
26,117,2,1027,580,522,58,576,4,433,143
26,118,2,983,983,761,222,973,10,685,288
26,119,2,460,427,248,179,422,5,291,131
26,120,2,469,435,288,147,429,6,369,60
26,121,2,626,592,592,0,577,15,418,159
26,122,2,1258,846,663,183,831,15,460,371
26,123,2,923,718,517,201,708,10,397,311
26,124,2,446,371,304,67,369,2,237,132
26,125,2,423,420,347,73,420,0,309,111
26,126,2,616,477,391,86,470,7,397,73
26,127,2,386,293,229,64,287,6,240,47
26,128,2,898,691,584,107,684,7,562,122
26,129,2,1102,740,654,86,727,13,636,91
26,130,2,883,626,504,122,623,3,529,94
26,131,2,1144,617,541,76,609,8,444,165
26,132,2,1098,579,479,100,576,3,462,114
26,133,2,1105,925,846,79,917,8,700,217
26,134,2,648,297,232,65,289,8,208,81
26,135,2,948,757,658,99,752,5,569,183
26,136,2,938,717,592,125,710,7,422,288
26,137,2,443,503,349,154,499,4,301,198
26,138,2,637,272,225,47,266,6,206,60
26,139,2,0,1246,0,1246,1237,9,577,660
26,140,2,699,390,306,84,380,10,315,65
26,141,2,647,328,245,83,322,6,226,96
26,142,2,1004,468,450,18,453,15,360,93
26,143,2,638,406,372,34,396,10,313,83
26,144,2,1438,868,786,82,854,14,682,172
26,145,2,999,624,514,110,620,4,504,116
26,146,2,306,309,274,35,297,4,270,27
26,147,2,728,511,426,85,502,9,405,97
26,148,2,936,634,544,90,617,17,386,231
26,149,2,421,344,288,56,340,4,232,108
26,150,2,789,464,434,30,455,9,281,174
26,151,2,680,363,294,69,357,6,228,129
26,152,2,1010,617,563,54,614,3,338,276
26,153,2,1063,641,593,48,637,4,343,294
26,154,2,1384,724,564,160,717,7,565,152
26,155,2,684,309,262,47,308,1,204,104
26,156,2,494,239,217,22,234,5,166,68
26,157,2,1290,786,737,49,779,7,596,183
26,158,2,605,305,251,54,290,15,253,37
26,159,2,1063,597,494,103,585,12,375,210
26,160,2,572,301,260,41,294,7,222,72
26,161,2,708,479,276,203,473,6,317,156
26,162,2,635,416,353,63,412,4,272,140
26,163,2,1495,782,724,58,767,15,562,205
26,164,2,1032,922,859,63,911,11,682,229
26,165,2,884,637,577,60,626,11,481,145
26,166,2,875,699,571,128,692,7,546,146
26,167,2,520,330,259,71,322,8,240,82
26,168,2,253,240,178,62,227,13,187,40
26,169,2,916,443,380,63,428,15,332,96
26,170,2,684,247,194,53,242,5,188,54
26,171,2,690,294,241,53,287,7,195,92
26,172,2,894,660,564,96,647,13,475,172
26,173,2,985,797,668,129,792,5,639,153
26,174,2,764,432,400,32,431,1,281,150
26,175,2,1040,695,631,64,680,15,522,158
26,176,2,1095,684,544,140,671,13,483,188
26,177,2,530,419,342,77,417,2,330,87
26,178,2,336,261,179,82,258,3,194,64
26,179,2,477,349,261,88,343,6,226,117
26,180,2,448,474,396,78,470,4,403,67
26,181,2,740,563,424,139,549,14,421,128
26,182,2,1480,1030,833,197,1010,20,604,406
26,183,2,1400,761,623,138,737,24,459,278
26,184,2,478,376,334,42,371,5,299,72
26,185,2,1066,422,371,51,416,6,255,161
26,186,2,1321,653,597,56,648,4,503,145
26,187,2,551,470,435,35,466,4,430,36
26,188,2,881,511,430,81,505,6,334,171
26,189,2,578,467,395,72,465,2,398,67
26,190,2,1126,988,820,168,984,4,779,205
26,191,2,641,410,362,48,405,5,282,123
26,192,2,445,334,237,97,329,5,261,68
26,193,2,454,283,220,63,278,5,227,51
26,194,2,400,319,207,112,317,2,252,65
26,195,2,325,152,128,24,152,0,132,20
26,196,2,409,311,264,47,306,4,247,59
26,197,2,949,618,545,73,611,7,422,189
26,198,2,589,415,311,104,410,5,282,128
26,199,2,582,538,468,70,529,9,431,98
26,200,2,1175,793,642,151,787,6,547,240
26,201,2,1579,754,688,66,739,15,539,200
26,202,2,1560,853,759,94,841,12,614,227
26,203,2,835,511,441,70,507,4,390,117
26,204,2,410,263,216,47,257,6,190,67
26,205,2,966,597,570,27,590,7,292,298
26,206,2,1098,635,469,166,630,5,417,213
26,207,2,1214,719,610,109,714,5,509,205
26,208,2,1117,559,473,86,544,15,396,148
26,209,2,1132,558,479,79,549,9,361,188
26,210,2,609,369,298,71,368,1,216,152
26,211,2,705,503,387,116,499,4,404,95
26,212,2,1101,716,562,154,698,18,555,143
26,213,2,567,510,374,136,504,6,402,102
26,214,2,749,489,451,38,482,7,436,46
26,215,2,1073,722,568,154,713,9,579,134
26,216,2,858,483,336,147,479,4,333,146
26,217,2,569,510,374,136,505,5,375,130
26,218,2,560,505,370,135,494,11,393,101
26,219,2,330,338,171,167,332,6,257,75
26,220,2,973,669,560,109,665,4,513,152
26,221,2,857,590,466,124,579,11,386,193
26,222,2,1024,813,657,156,808,5,302,506
26,223,2,428,410,301,109,408,2,314,94
26,224,2,1320,1246,1125,121,1229,17,995,234
26,225,2,1044,802,691,111,792,10,678,114
26,226,2,665,491,396,95,482,9,364,118
26,227,2,377,358,296,62,355,3,176,179
26,228,2,847,486,394,92,484,2,329,155
26,229,2,657,360,295,65,356,4,253,103
26,230,2,0,179,0,179,176,3,132,44
26,231,2,0,459,0,459,448,11,302,146
26,232,2,0,160,0,160,157,3,85,72
26,233,2,0,510,0,510,508,2,138,370
26,234,2,0,261,0,261,257,4,150,107
26,235,2,0,274,0,274,272,2,161,111
27,1,2,1839,1486,1363,123,1478,8,440,1038
27,2,2,2085,1521,1490,31,1505,16,358,1147
27,3,2,2017,1918,1426,492,1897,21,402,1495
27,4,2,1993,1554,1413,141,1538,16,439,1099
27,5,2,1941,1563,1464,99,1557,6,435,1122
27,6,2,2046,1519,1393,126,1514,5,560,954
27,7,2,2071,1633,1540,93,1626,7,318,1308
27,8,2,1250,913,697,216,900,13,193,707
27,9,2,1923,1487,1421,66,1477,10,277,1200
27,10,2,1661,1319,1224,95,1311,8,261,1050
27,11,2,1720,1330,1257,73,1324,6,381,943
27,12,2,2019,1607,1482,125,1599,8,680,919
27,13,2,1862,1460,1337,123,1454,6,484,970
27,14,2,1796,1481,1350,131,1463,18,402,1061
27,15,2,1993,1481,1398,83,1479,2,600,879
27,16,2,1621,1197,1105,92,1197,0,344,853
27,17,2,1595,1259,1162,97,1254,5,330,924
27,18,2,1675,1264,1168,96,1259,5,218,1041
27,19,2,1848,1451,1316,135,1442,9,439,1003
27,20,2,1376,1138,1085,53,1135,3,323,812
27,21,2,1206,951,919,32,948,3,310,638
27,22,2,1734,1365,1297,68,1362,3,393,969
27,23,2,963,924,742,182,916,8,273,643
27,24,2,1564,1188,1124,64,1181,7,287,894
27,25,2,1966,1505,1422,83,1496,9,461,1035
27,26,2,1331,1189,1020,169,1181,8,253,928
27,27,2,1901,1511,1427,84,1503,8,418,1085
27,28,2,1810,1361,1297,64,1357,4,567,790
27,29,2,1632,1185,1139,46,1179,6,413,766
27,30,2,1917,1502,1434,68,1500,2,555,945
27,31,2,2139,1658,1575,83,1645,13,708,937
27,32,2,1883,1425,1373,52,1420,5,608,812
27,33,2,1498,1486,1429,57,1481,5,596,885
27,34,2,2135,1542,1435,107,1540,2,624,916
27,35,2,1607,1279,1201,78,1272,7,539,733
27,36,2,1695,1343,1292,51,1338,5,546,792
27,37,2,2199,1612,1508,104,1608,4,658,950
27,38,2,2034,1488,1410,78,1485,3,632,853
27,39,2,1930,1475,1404,71,1471,4,656,815
27,40,2,1708,1246,1172,74,1244,2,515,729
27,41,2,1759,1310,1255,55,1309,1,542,767
27,42,2,2171,1665,1596,69,1665,0,350,1315
27,43,2,1941,1466,1368,98,1457,9,402,1055
27,44,2,2115,1603,1552,51,1595,8,499,1096
27,45,2,2356,1695,1618,77,1684,11,588,1096
27,46,2,1860,1489,1313,176,1478,11,326,1152
27,47,2,1760,1355,1295,60,1352,3,585,767
27,48,2,1761,1346,1265,81,1344,2,373,971
27,49,2,2099,1594,1523,71,1594,0,453,1141
27,50,2,2084,1508,1442,66,1503,5,496,1007
27,51,2,1576,1208,1144,64,1206,2,291,915
27,52,2,2005,1539,1448,91,1533,6,430,1103
27,53,2,2096,1654,1553,101,1648,6,489,1159
27,54,2,1685,1319,1259,60,1317,2,408,909
27,55,2,1890,1482,1424,58,1474,8,435,1039
27,56,2,1731,1350,1272,78,1347,3,492,855
27,57,2,2038,1574,1439,135,1567,7,434,1133
27,58,2,1827,1503,1396,107,1489,14,503,986
27,59,2,2197,1704,1647,57,1692,12,487,1205
27,60,2,1591,1164,1107,57,1157,7,442,715
27,61,2,2147,1693,1611,82,1680,13,554,1126
27,62,2,1809,1396,1309,87,1391,5,295,1096
27,63,2,1200,847,737,110,845,2,371,474
27,64,2,1018,832,683,149,824,8,335,489
27,65,2,2161,1577,1455,122,1569,8,474,1095
27,66,2,1925,1335,1211,124,1329,6,416,913
27,67,2,1415,1160,941,219,1151,9,505,646
27,68,2,0,342,0,342,331,11,246,85
27,69,2,0,379,0,379,371,8,240,131
27,70,2,0,542,0,542,530,12,361,169
27,71,2,0,224,0,224,217,7,136,81
27,72,2,0,158,0,158,157,1,64,93
27,73,2,0,935,0,935,927,8,362,565
27,74,2,0,368,0,368,366,2,112,254
27,75,2,0,57,0,57,57,0,26,31
27,76,2,0,0,0,0,0,0,0,0
27,77,2,1515,1125,1054,71,1113,12,577,536
27,78,2,2076,1348,1286,62,1331,17,520,811
27,79,2,1764,1143,1051,92,1129,14,432,697
27,80,2,501,392,346,46,390,2,144,246
27,81,2,1713,1211,1122,89,1203,8,538,665
27,82,2,2345,1687,1648,39,1671,16,622,1049
27,83,2,2113,1399,1353,46,1387,12,468,919
27,84,2,1445,1048,873,175,1029,19,399,630
27,85,2,727,622,478,144,618,4,185,433
27,86,2,2771,1931,1769,162,1926,5,526,1400
27,87,2,2028,1259,1121,138,1239,20,390,849
27,88,2,1079,798,687,111,789,9,251,538
27,89,2,1073,884,728,156,878,6,306,572
27,90,2,1886,1359,1242,117,1348,11,485,863
27,91,2,1707,1234,1117,117,1229,5,533,696
27,92,2,2132,1721,1510,211,1693,28,787,906
27,93,2,768,580,504,76,561,19,361,200
27,94,2,0,0,0,0,0,0,0,0
27,95,2,0,0,0,0,0,0,0,0
27,96,2,0,183,0,183,180,3,79,101
27,97,2,1055,871,803,68,864,7,530,334
27,98,2,1539,1148,1077,71,1140,8,528,612
27,99,2,1709,1277,1187,90,1259,18,823,436
27,100,2,777,591,540,51,588,3,407,181
27,101,2,397,336,309,27,326,10,299,27
27,102,2,624,483,417,66,478,5,397,81
27,103,2,158,143,112,31,143,0,131,12
27,104,2,234,201,180,21,200,1,143,57
27,105,2,671,604,524,80,595,9,522,73
27,106,2,1852,1432,1228,204,1412,20,692,720
27,107,2,1199,803,762,41,797,6,504,293
27,108,2,1353,1012,974,38,1007,5,595,412
27,109,2,1475,1063,1014,49,1060,3,594,466
27,110,2,1675,1121,1059,62,1107,14,672,435
27,111,2,1578,1127,1087,40,1121,6,643,478
27,112,2,1702,1203,1150,53,1197,6,765,432
27,113,2,1301,976,933,43,969,7,537,432
27,114,2,1134,911,831,80,901,10,700,201
27,115,2,898,615,574,41,609,6,107,502
27,116,2,2108,1638,1519,119,1629,9,771,858
27,117,2,973,912,692,220,905,7,443,462
27,118,2,1726,1391,1259,132,1372,19,526,846
27,119,2,1005,766,716,50,763,3,385,378
27,120,2,1830,1403,1328,75,1391,12,641,750
27,121,2,1462,1100,1017,83,1081,19,414,667
27,122,2,1896,1417,1323,94,1410,7,692,718
27,123,2,1216,968,872,96,960,8,430,530
27,124,2,1678,1262,1096,166,1247,15,601,646
27,125,2,1125,957,815,142,949,8,376,573
27,126,2,1655,1217,1115,102,1194,23,521,673
27,127,2,2129,1623,1493,130,1615,8,793,822
27,128,2,1813,1357,1189,168,1343,14,572,771
27,129,2,1739,1310,1187,123,1302,8,630,672
27,130,2,2132,1523,1459,64,1509,14,727,782
27,131,2,1987,1472,1333,139,1458,6,594,864
27,132,2,1747,1383,1281,102,1370,13,536,834
27,133,2,0,99,0,99,97,2,75,22
27,134,2,1885,1780,1570,210,1728,52,11,1717
27,135,2,1600,1609,1460,149,1575,34,52,1523
27,136,2,1121,1224,856,368,1219,5,160,1059
27,137,2,2055,1986,1709,277,1980,6,31,1949
27,138,2,318,317,302,15,304,10,5,299
27,139,2,1087,1052,963,89,1047,5,5,1042
27,140,2,1693,1351,1135,216,1333,18,803,530
27,141,2,1609,1293,1157,136,1285,8,683,602
27,142,2,1875,1362,1260,102,1345,17,691,654
27,143,2,1325,1080,967,113,1069,11,714,355
27,144,2,1692,1336,1196,140,1321,13,667,654
27,145,2,1266,1007,926,81,1001,6,448,553
27,146,2,1722,1273,1162,111,1260,13,746,514
27,147,2,1902,1610,1361,249,1596,14,892,704
27,148,2,2005,1522,1400,122,1509,13,825,684
27,149,2,1579,1199,1049,150,1193,6,530,663
27,150,2,1066,838,741,97,832,6,517,315
27,151,2,1876,1384,1208,176,1370,14,677,693
27,152,2,1052,844,730,114,831,13,591,240
27,153,2,1228,903,818,85,885,18,652,233
27,154,2,1453,1265,1197,68,1249,16,29,1220
27,155,2,325,349,304,45,347,2,4,343
27,156,2,655,672,633,39,667,5,17,650
27,157,2,275,269,259,10,266,3,7,259
27,158,2,902,857,841,16,855,2,7,848
27,159,2,1548,1330,1234,96,1315,15,624,691
27,160,2,921,911,823,88,893,18,530,363
27,161,2,1062,924,833,91,910,14,284,626
27,162,2,995,940,849,91,929,11,271,658
27,163,2,1481,1189,1093,96,1173,16,593,580
27,164,2,1088,864,807,57,856,8,363,493
27,165,2,1439,1242,1150,92,1229,13,701,528
27,166,2,1646,1480,1416,64,1463,17,272,1191
27,167,2,378,358,346,12,353,5,19,334
27,168,2,604,540,513,27,534,6,35,499
27,169,2,434,409,305,104,399,10,232,167
27,170,2,352,290,237,53,286,4,152,134
27,171,2,560,535,392,143,528,7,354,174
27,172,2,589,497,439,58,494,3,411,83
27,173,2,144,129,108,21,129,0,95,34
27,174,2,350,272,242,30,270,2,122,148
27,175,2,185,159,140,19,158,1,6,152
27,176,2,1277,994,925,69,979,15,350,629
27,177,2,141,174,120,54,174,0,127,47
27,178,2,107,124,105,19,124,0,57,67
27,179,2,208,163,141,22,160,3,29,131
27,180,2,582,445,408,37,435,10,96,339
27,181,2,219,243,212,31,205,38,162,43
27,182,2,234,215,177,38,211,4,144,67
27,183,2,2237,1676,1515,161,1650,26,358,1292
27,184,2,615,480,376,104,469,11,356,113
27,185,2,1192,862,816,46,823,39,174,649
27,186,2,389,318,277,41,312,6,232,80
27,187,2,295,264,233,31,262,2,228,34
27,188,2,132,101,75,26,98,3,81,17
27,189,2,220,267,163,104,261,6,211,50
27,190,2,211,224,183,41,224,0,209,15
27,191,2,898,799,642,157,782,17,474,308
27,192,2,954,843,710,133,836,7,562,274
27,193,2,511,458,420,38,456,2,229,227
27,194,2,397,403,295,108,395,8,214,181
27,195,2,655,589,488,101,586,3,298,288
27,196,2,997,926,871,55,913,13,232,681
27,197,2,776,731,680,51,724,7,652,72
27,198,2,224,212,186,26,210,2,164,46
27,199,2,916,825,769,56,812,13,57,755
27,200,2,485,448,419,29,441,7,83,358
27,201,2,1150,1073,1015,58,1063,10,14,1049
27,202,2,519,567,512,55,564,3,4,560
27,203,2,192,186,155,31,184,2,112,72
27,204,2,414,370,312,58,363,7,250,113
27,205,2,1042,930,845,85,918,12,578,340
27,206,2,767,789,698,91,776,13,677,99
27,207,2,357,348,310,38,344,4,78,266
27,208,2,366,399,353,46,395,4,3,392
27,209,2,174,184,162,22,182,2,159,23
27,210,2,1440,955,878,77,944,11,391,553
27,211,2,1255,1006,941,65,991,15,319,672
27,212,2,695,559,511,48,541,18,334,207
27,213,2,1064,997,968,29,977,20,142,835
27,214,2,430,392,374,18,390,2,374,16
27,215,2,532,527,513,14,527,0,457,70
27,216,2,425,405,370,35,404,1,329,75
27,217,2,1173,1083,995,88,1076,7,120,956
27,218,2,1773,1642,1520,122,1635,7,490,1145
27,219,2,306,283,247,36,283,0,95,188
27,220,2,761,729,671,58,725,4,136,589
27,221,2,983,865,826,39,850,15,630,220
27,222,2,997,826,739,87,809,17,652,157
27,223,2,548,482,431,51,474,8,304,170
27,224,2,619,500,448,52,493,7,341,152
27,225,2,786,737,651,86,731,6,620,111
27,226,2,821,719,643,76,709,10,633,76
27,227,2,818,734,615,119,725,9,344,381
27,228,2,406,436,376,60,430,6,365,65
27,229,2,395,327,289,38,323,4,268,55
27,230,2,227,184,143,41,183,1,142,41
27,231,2,1629,1391,1315,76,1381,10,7,1374
27,232,2,1130,1032,977,55,1021,11,48,973
27,233,2,258,183,160,23,180,3,18,162
27,234,2,603,533,501,32,527,6,460,67
27,235,2,316,265,248,17,260,5,227,33
27,236,2,1348,1064,985,79,1057,7,403,654
27,237,2,1913,1548,1437,111,1533,15,671,862
27,238,2,791,512,488,24,504,8,11,493
27,239,2,915,708,646,62,705,3,537,168
27,240,2,744,588,550,38,586,2,462,124
27,241,2,909,850,791,59,846,4,516,330
27,242,2,337,328,271,57,326,2,265,61
27,243,2,492,490,425,65,486,4,406,80
27,244,2,1510,1241,1088,153,1217,14,602,615
27,245,2,464,409,302,107,406,3,266,140
27,246,2,1090,814,655,159,798,16,363,435
27,247,2,236,202,149,53,199,3,101,98
27,248,2,1462,1266,1232,34,1255,11,920,335
27,249,2,749,699,650,49,693,6,571,122
27,250,2,668,546,519,27,543,3,412,131
27,251,2,461,482,444,38,482,0,396,86
27,252,2,1181,1178,1100,78,1167,11,6,1161
27,253,2,391,492,375,117,492,0,3,489
27,254,2,341,349,323,26,344,5,5,339
27,255,2,223,243,212,31,242,1,4,238
27,256,2,510,524,460,64,522,2,2,520
27,257,2,1197,1140,973,167,1132,8,32,1100
27,258,2,964,884,725,159,872,12,36,836
27,259,2,377,375,254,121,373,2,10,363
27,260,2,489,482,427,55,479,3,4,475
27,261,2,267,220,22,198,217,3,81,136
27,262,2,525,419,379,40,412,7,331,81
27,263,2,299,222,197,25,219,3,155,64
27,264,2,461,426,374,52,409,17,79,330
27,265,2,1869,1785,1711,74,1775,10,8,1767
27,266,2,430,463,421,42,459,4,6,453
27,267,2,631,606,558,48,596,10,8,588
27,268,2,322,291,265,26,283,8,11,272
27,269,2,703,663,609,54,659,4,4,655
27,270,2,933,886,826,60,886,0,6,880
27,271,2,172,218,172,46,218,0,2,216
27,272,2,268,272,253,19,270,2,4,266
27,273,2,804,841,793,48,839,2,3,836
27,274,2,1887,1872,1722,150,1860,12,361,1499
27,275,2,999,865,782,83,845,20,250,595
27,276,2,528,487,432,55,481,6,373,108
27,277,2,1474,1251,1173,78,1238,13,27,1211
27,278,2,578,478,436,42,470,8,302,168
27,279,2,1074,1118,990,128,1108,10,5,1103
27,280,2,207,226,186,40,224,2,0,224
27,281,2,1375,1260,1165,95,1254,6,4,1250
27,282,2,353,352,307,45,351,1,0,351
27,283,2,891,917,797,120,910,7,7,903
27,284,2,1504,1292,1254,38,1275,17,26,1249
27,285,2,195,234,195,39,232,2,202,30
27,286,2,338,292,265,27,286,6,171,115
27,287,2,242,258,235,23,252,6,9,243
27,288,2,425,407,380,27,404,3,47,357
27,289,2,1470,1234,1123,111,1231,3,164,1067
27,290,2,416,380,306,74,379,1,7,372
27,291,2,401,439,343,96,436,3,15,421
27,292,2,1418,1221,1132,89,1217,4,37,1180
27,293,2,428,399,344,55,392,7,17,375
27,294,2,553,475,420,55,474,1,373,101
27,295,2,0,178,0,178,176,2,131,45
27,296,2,985,777,685,92,772,5,681,91
27,297,2,1302,1005,906,99,989,16,532,457
27,298,2,242,201,174,27,200,1,154,46
27,299,2,680,568,540,28,565,3,504,61
27,300,2,275,262,247,15,261,1,236,25
27,301,2,1326,1012,954,58,998,14,163,835
27,302,2,717,615,530,85,608,7,517,91
27,303,2,189,167,151,16,164,3,131,33
27,304,2,1653,1344,1186,158,1338,6,1076,262
27,305,2,1763,1198,1087,111,1188,10,989,199
27,306,2,299,345,289,56,345,0,4,341
27,307,2,285,258,243,15,255,3,8,247
27,308,2,713,693,670,23,682,11,15,667
27,309,2,1343,1029,957,72,1016,13,860,156
27,310,2,473,331,299,32,327,4,265,62
27,311,2,806,609,573,36,606,3,553,53
27,312,2,832,608,565,43,599,9,525,74
27,313,2,1030,1060,909,151,1007,53,958,49
27,314,2,535,592,456,136,590,2,536,54
27,315,2,685,568,518,50,558,10,403,155
27,316,2,327,287,273,14,285,2,261,24
27,317,2,525,410,393,17,407,3,314,93
27,318,2,1003,783,759,24,771,12,147,624
27,319,2,1233,1060,1018,42,1048,12,29,1019
27,320,2,373,273,260,13,272,1,68,204
27,321,2,521,485,454,31,484,1,381,103
27,322,2,720,576,535,41,574,2,459,115
27,323,2,414,355,343,12,351,4,264,87
27,324,2,433,329,308,21,328,1,231,97
27,325,2,360,336,320,16,334,2,272,62
27,326,2,1235,1120,978,142,1111,9,669,442
27,327,2,368,333,291,42,327,6,284,43
27,328,2,757,805,738,67,794,11,3,791
27,329,2,628,655,577,78,651,4,2,649
27,330,2,554,610,550,60,608,2,1,607
27,331,2,494,429,408,21,428,1,2,426
27,332,2,854,714,632,82,713,1,202,511
27,333,2,943,789,726,63,774,15,259,515
27,334,2,645,544,504,40,533,11,144,389
27,335,2,674,574,538,36,564,10,17,547
27,336,2,260,259,227,32,255,4,220,35
27,337,2,1882,1824,1688,136,1822,2,23,1799
27,338,2,1079,971,875,96,965,6,10,955
27,339,2,414,391,330,61,388,3,199,189
27,340,2,755,482,440,42,461,21,113,348
27,341,2,1104,817,672,145,811,6,659,152
27,342,2,770,434,340,94,428,6,334,94
27,343,2,720,561,453,108,555,6,209,346
27,344,2,112,109,80,29,108,1,80,28
27,345,2,564,393,331,62,384,9,198,186
27,346,2,939,977,895,82,975,2,1,974
27,347,2,343,335,292,43,334,1,4,330
27,348,2,1025,921,787,134,911,10,372,539
27,349,2,228,209,185,24,206,3,98,108
27,350,2,215,209,188,21,208,1,204,4
27,351,2,170,156,113,43,156,0,110,46
27,352,2,153,151,120,31,149,2,110,39
27,353,2,795,565,522,43,558,7,213,345
27,354,2,1754,1549,1501,48,1529,20,29,1500
27,355,2,874,778,724,54,764,14,203,561
27,356,2,468,366,353,13,365,1,64,301
27,357,2,226,182,162,20,180,0,52,128
27,358,2,1039,946,902,44,938,8,80,858
27,359,2,942,925,895,30,899,26,23,876
27,360,2,645,642,592,50,642,0,1,641
27,361,2,1563,1131,1042,89,1112,19,823,289
27,362,2,340,281,249,32,276,5,239,37
27,363,2,1032,661,592,69,650,11,562,88
27,364,2,475,303,257,46,298,5,268,30
27,365,2,1249,1731,1240,491,1639,92,1041,598
27,366,2,1196,1014,891,123,1006,8,896,110
27,367,2,234,215,171,44,210,5,179,31
27,368,2,796,616,534,82,611,5,526,85
27,369,2,641,474,370,104,472,2,374,98
27,370,2,1728,1551,1439,112,1547,3,1289,258
27,371,2,1003,820,668,152,804,16,520,284
27,372,2,407,331,286,45,323,8,247,76
27,373,2,2954,2112,1905,207,2108,4,831,1277
27,374,2,880,643,557,86,632,11,438,194
27,375,2,570,463,417,46,457,6,272,185
27,376,2,563,397,361,36,394,3,269,125
27,377,2,420,415,323,92,413,2,340,73
27,378,2,1448,1165,1063,102,1162,3,416,746
27,379,2,1670,1217,1102,115,1196,21,476,720
27,380,2,1554,1199,1108,91,1190,9,926,264
27,381,2,1948,1447,1304,143,1434,13,236,1198
27,382,2,1500,1168,1091,77,1151,17,458,693
27,383,2,1670,1232,1118,114,1222,10,211,1011
27,384,2,237,173,133,40,167,6,4,163
27,385,2,1210,1023,901,122,1009,14,127,882
27,386,2,2305,1583,1457,126,1554,29,326,1228
27,387,2,671,545,441,104,535,10,12,523
27,388,2,1087,702,642,60,693,9,478,215
27,389,2,685,533,461,72,533,0,433,100
27,390,2,1190,1043,956,87,1029,14,427,602
27,391,2,632,621,551,70,619,2,539,80
27,392,2,807,754,676,78,745,9,151,594
27,393,2,951,720,636,84,713,7,583,130
27,394,2,659,433,339,94,428,5,353,75
27,395,2,326,339,302,37,338,1,312,26
27,396,2,560,345,298,47,343,2,279,64
27,397,2,1416,1143,1060,83,1133,10,556,577
27,398,2,693,644,616,28,637,7,18,619
27,399,2,426,404,370,34,396,8,178,218
27,400,2,244,239,214,25,238,1,227,11
27,401,2,1226,932,893,39,918,14,746,172
27,402,2,915,754,695,59,749,5,642,107
27,403,2,1186,958,898,60,950,8,640,310
27,404,2,661,621,519,102,615,6,261,354
27,405,2,536,577,495,82,575,2,14,561
27,406,2,622,604,476,128,600,4,521,79
27,407,2,1029,964,884,80,955,9,354,601
27,408,2,669,616,583,33,608,8,467,141
27,409,2,1535,1234,1089,145,1218,16,931,287
27,410,2,899,810,701,109,795,15,324,471
27,411,2,303,291,256,35,284,7,258,26
27,412,2,809,499,430,69,494,5,399,95
27,413,2,1100,819,755,64,816,3,563,253
27,414,2,1381,1033,992,41,1016,17,682,334
27,415,2,456,392,372,20,386,6,268,118
27,416,2,791,601,540,61,598,3,515,83
27,417,2,180,193,166,27,193,0,178,15
27,418,2,373,341,316,25,339,2,297,42
27,419,2,410,376,329,47,372,4,320,52
27,420,2,1940,725,687,38,720,5,589,131
27,421,2,667,170,155,15,170,0,116,54
27,422,2,1133,1124,1057,67,1115,9,2,1113
27,423,2,186,213,178,35,213,0,3,210
27,424,2,226,250,201,49,249,1,2,247
27,425,2,681,480,449,31,475,5,394,81
27,426,2,651,573,534,39,566,7,488,78
27,427,2,476,425,393,32,417,8,295,122
27,428,2,491,513,405,108,506,7,5,501
27,429,2,281,307,268,39,304,3,7,297
27,430,2,443,300,277,23,295,5,167,128
27,431,2,145,220,148,72,213,7,107,106
27,432,2,360,336,285,51,332,4,185,147
27,433,2,1092,898,801,97,889,9,263,626
27,434,2,466,384,316,68,381,3,270,111
27,435,2,483,441,403,38,432,9,170,262
27,436,2,407,355,328,27,350,5,183,167
27,437,2,1304,999,934,65,970,29,222,748
27,438,2,302,270,245,25,258,12,151,107
27,439,2,636,529,473,56,524,5,387,137
27,440,2,112,100,81,19,100,0,69,31
27,441,2,1945,1357,1220,137,1347,10,1072,275
27,442,2,398,356,302,54,356,0,313,43
27,443,2,0,926,0,926,917,9,215,702
28,1,2,1281,1021,882,139,1021,0,631,390
28,2,2,1354,1044,964,80,1040,4,653,387
28,3,2,1418,945,876,69,943,2,586,357
28,4,2,1600,1026,943,83,1017,9,593,424
28,5,2,1245,967,881,86,957,10,507,450
28,6,2,1875,1433,1252,181,1413,20,862,551
28,7,2,1694,1206,1122,84,1203,3,756,447
28,8,2,1343,969,935,34,963,6,536,427
28,9,2,1485,1115,1028,87,1109,6,656,453
28,10,2,1404,925,882,43,920,5,531,389
28,11,2,1324,1007,923,84,995,12,537,458
28,12,2,1410,1078,1001,77,1069,9,636,433
28,13,2,1408,1136,1045,91,1127,9,703,424
28,14,2,1351,897,841,56,890,7,562,328
28,15,2,1457,1114,1078,36,1100,14,668,432
28,16,2,1708,1338,1185,153,1316,22,835,481
28,17,2,1230,1027,954,73,1013,14,788,225
28,18,2,1622,1272,1170,102,1262,10,819,443
28,19,2,854,588,540,48,585,3,420,165
28,20,2,1618,1198,1154,44,1185,13,685,500
28,21,2,1364,1024,969,55,1017,7,600,417
28,22,2,1379,1048,946,102,1038,10,633,405
28,23,2,1084,830,733,97,825,5,411,414
28,24,2,1305,1048,899,149,1043,5,586,457
28,25,2,1130,859,760,99,852,7,535,317
28,26,2,1237,895,860,35,890,5,524,366
28,27,2,1196,898,833,65,889,9,531,358
28,28,2,1314,891,832,59,886,5,553,333
28,29,2,1718,1273,1102,171,1250,23,812,438
28,30,2,1342,889,854,35,883,6,569,314
28,31,2,1193,869,766,103,861,8,564,297
28,32,2,1365,924,852,72,908,16,677,231
28,33,2,1428,1000,834,166,992,8,615,377
28,34,2,1193,826,708,118,821,5,550,271
28,35,2,1753,976,930,46,967,9,621,346
28,36,2,1863,1277,1116,161,1270,7,858,412
28,37,2,1209,892,833,59,890,2,573,317
28,38,2,1568,1075,1049,26,1064,11,712,352
28,39,2,1346,913,791,122,903,10,638,265
28,40,2,1325,921,781,140,911,10,547,364
28,41,2,1453,1067,997,70,1053,14,781,272
28,42,2,1722,1197,1134,63,1190,7,794,396
28,43,2,835,618,545,73,610,8,360,250
28,44,2,1238,929,869,60,924,5,616,308
28,45,2,1428,1107,1016,91,1012,4,626,386
28,46,2,1337,887,820,67,877,10,567,310
28,47,2,1368,1094,986,108,1084,10,647,437
28,48,2,1463,1117,1021,96,1112,5,705,407
28,49,2,1578,1179,1093,86,1176,3,737,439
28,50,2,1313,1069,951,118,1060,9,603,457
28,51,2,1448,1065,1008,57,1058,7,605,453
28,52,2,1321,928,838,90,919,9,544,375
28,53,2,1761,1296,1153,143,1288,8,964,324
28,54,2,1931,1236,1165,71,1217,19,920,297
28,55,2,1390,925,794,131,916,9,576,340
28,56,2,1538,1163,1136,27,1158,5,712,446
28,57,2,1137,698,564,134,689,9,411,278
28,58,2,1046,779,697,82,770,9,503,267
28,59,2,1553,1203,1013,190,1197,6,753,444
28,60,2,1343,996,933,63,983,13,664,319
28,61,2,903,657,580,77,657,0,405,252
28,62,2,1323,1042,885,157,1034,8,641,393
28,63,2,1437,1036,1001,35,1027,9,676,351
28,64,2,842,691,534,157,677,14,476,201
28,65,2,0,192,0,192,189,3,133,56
28,66,2,0,215,0,215,211,4,143,68
28,67,2,0,0,0,0,0,0,0,0
28,68,2,0,504,0,504,499,5,369,130
28,69,2,1046,853,789,64,851,2,557,294
28,70,2,1733,1329,1191,138,1323,6,871,452
28,71,2,1241,956,826,130,946,10,655,291
28,72,2,1491,1184,1123,61,1180,4,823,357
28,73,2,1276,953,879,74,944,9,685,259
28,74,2,1315,1064,952,112,1048,16,753,295
28,75,2,1699,1484,1137,347,1470,14,1014,456
28,76,2,1295,1193,797,396,1175,18,795,380
28,77,2,1569,1200,1090,110,1185,15,884,301
28,78,2,1153,834,789,45,829,5,569,260
28,79,2,1354,833,773,60,812,21,591,221
28,80,2,1307,1014,894,120,1010,4,705,305
28,81,2,1079,826,741,85,820,6,585,235
28,82,2,1399,975,894,81,965,10,726,239
28,83,2,1338,1005,930,75,996,9,723,273
28,84,2,1425,1026,969,57,1013,13,756,257
28,85,2,1439,990,902,88,977,13,729,248
28,86,2,1611,1158,1062,96,1146,12,854,292
28,87,2,1773,1311,1217,94,1300,11,945,355
28,88,2,1541,1162,1078,84,1153,9,841,312
28,89,2,1539,1121,929,192,1111,10,843,268
28,90,2,1283,966,873,93,961,5,652,309
28,91,2,1608,1191,1133,58,1184,7,862,322
28,92,2,1140,879,802,77,866,13,681,185
28,93,2,1166,920,858,62,908,12,744,164
28,94,2,1385,1019,931,88,1010,9,702,308
28,95,2,1412,1035,969,66,1031,4,729,302
28,96,2,1250,918,872,46,912,6,645,267
28,97,2,1244,920,860,60,912,8,659,253
28,98,2,872,722,664,58,717,5,458,259
28,99,2,1531,1190,1076,114,1182,8,819,363
28,100,2,1156,939,858,81,937,2,679,258
28,101,2,1149,866,769,97,860,6,542,318
28,102,2,835,647,581,66,642,5,427,215
28,103,2,1837,1377,1293,84,1371,6,976,395
28,104,2,1173,892,835,57,884,8,657,227
28,105,2,1720,1286,1175,111,1281,5,896,385
28,106,2,1067,752,629,123,738,14,465,273
28,107,2,1047,813,696,117,803,10,603,200
28,108,2,974,775,633,142,771,4,563,208
28,109,2,0,388,0,388,385,3,302,83
28,110,2,0,0,0,0,0,0,0,0
28,111,2,0,1011,0,1011,978,33,728,250
28,112,2,0,121,0,121,117,4,80,37
28,113,2,0,81,0,81,80,1,48,32
28,114,2,895,726,654,72,715,11,532,183
28,115,2,1484,1138,1015,123,1124,14,831,293
28,116,2,1639,1264,1093,171,1257,7,866,391
28,117,2,1519,1133,1113,20,1125,8,790,335
28,118,2,1156,1132,994,138,1120,12,796,324
28,119,2,1469,1146,1020,126,1139,7,792,347
28,120,2,1480,1153,998,155,1140,13,806,334
28,121,2,1601,1325,1267,58,1321,4,982,339
28,122,2,573,502,482,20,498,4,398,100
28,123,2,1187,846,744,102,830,16,606,224
28,124,2,1395,1143,982,161,1132,11,905,227
28,125,2,374,296,284,12,293,3,232,61
28,126,2,0,145,0,145,145,0,118,27
28,127,2,1123,842,781,61,837,5,592,245
28,128,2,687,514,486,28,511,3,393,118
28,129,2,1201,960,866,94,953,7,655,298
28,130,2,380,329,302,27,327,2,236,91
28,131,2,543,449,418,31,444,5,296,148
28,132,2,1198,872,761,111,866,6,593,273
28,133,2,381,265,239,26,259,6,216,43
28,134,2,328,254,222,32,250,4,201,49
28,135,2,261,168,152,16,167,1,122,45
28,136,2,0,77,0,77,75,2,55,20
28,137,2,1447,904,845,59,891,13,625,266
28,138,2,782,649,605,44,644,5,537,107
28,139,2,524,378,342,36,377,1,264,113
28,140,2,782,599,513,86,587,12,426,161
28,141,2,709,590,531,59,585,5,473,112
28,142,2,597,465,419,46,463,2,389,74
28,143,2,336,252,221,31,248,3,199,49
28,144,2,363,279,256,23,276,3,233,43
28,145,2,1016,694,634,60,687,7,601,86
28,146,2,1568,1318,1221,97,1307,11,1086,221
28,147,2,1392,974,938,36,967,7,817,150
28,148,2,648,581,527,54,578,3,496,82
28,149,2,500,407,391,16,405,2,366,39
28,150,2,1193,920,762,158,911,9,777,134
28,151,2,1978,1189,1161,28,1180,9,916,264
28,152,2,798,438,427,11,433,5,303,130
28,153,2,676,504,461,43,500,4,338,162
28,154,2,1252,774,716,58,755,19,485,270
28,155,2,282,196,177,19,193,3,131,62
28,156,2,1200,731,701,30,726,5,519,207
28,157,2,460,293,285,8,288,5,209,79
28,158,2,774,657,564,93,645,12,456,189
28,159,2,648,465,403,62,457,8,348,109
28,160,2,1100,750,646,104,743,7,596,147
28,161,2,824,446,377,69,443,3,367,76
28,162,2,1230,1029,935,94,1012,17,814,198
28,163,2,714,680,573,107,676,4,546,130
28,164,2,799,607,545,62,595,12,482,113
28,165,2,523,519,459,60,512,7,459,53
28,166,2,1797,1219,1168,51,1209,10,1054,155
28,167,2,1177,685,648,37,680,5,566,114
28,168,2,866,675,631,44,666,9,573,93
28,169,2,577,482,474,8,479,3,408,71
28,170,2,834,623,568,55,623,0,500,123
28,171,2,867,773,748,25,773,0,679,94
28,172,2,559,391,364,27,389,2,332,57
28,173,2,1464,1096,940,156,1088,8,876,212
28,174,2,478,363,342,21,360,3,302,58
28,175,2,673,506,483,23,505,1,416,89
28,176,2,1545,887,861,26,880,7,689,191
28,177,2,681,419,397,22,413,6,307,106
28,178,2,231,159,146,13,159,0,112,47
28,179,2,1390,879,857,22,874,5,696,178
28,180,2,1171,599,581,18,596,3,478,118
28,181,2,1399,875,840,35,865,10,614,251
28,182,2,544,296,255,41,294,2,228,66
28,183,2,431,429,359,70,424,5,369,55
28,184,2,1396,1032,976,56,1009,23,619,390
28,185,2,1566,905,768,137,892,13,562,330
28,186,2,490,342,288,54,335,7,308,27
28,187,2,796,600,536,64,594,6,550,44
28,188,2,871,717,657,60,713,4,628,85
28,189,2,631,564,513,51,560,4,482,78
28,190,2,655,537,484,53,533,4,495,38
28,191,2,1333,1099,1029,70,1089,10,932,157
28,192,2,833,626,563,63,616,10,480,136
28,193,2,361,298,266,32,295,3,227,68
28,194,2,580,482,456,26,482,0,412,70
28,195,2,406,385,341,44,381,4,312,69
28,196,2,533,465,410,55,461,4,403,58
28,197,2,1313,1037,920,117,1033,4,851,182
28,198,2,637,497,462,35,495,2,420,75
28,199,2,1168,762,735,27,741,21,541,200
28,200,2,820,612,556,56,604,8,495,109
28,201,2,782,477,447,30,471,6,341,130
28,202,2,324,168,158,10,166,2,137,29
28,203,2,1232,1017,991,26,1010,7,832,178
28,204,2,1033,831,782,49,827,4,721,106
28,205,2,503,367,350,17,366,1,252,114
28,206,2,1116,894,803,91,890,4,767,123
28,207,2,726,648,578,70,645,3,551,94
28,208,2,592,572,504,68,566,6,475,91
28,209,2,1429,992,896,96,984,8,388,596
28,210,2,1198,906,840,66,890,16,347,543
28,211,2,1635,1210,1133,77,1203,7,1017,186
28,212,2,530,479,449,30,474,5,433,41
28,213,2,992,855,806,49,849,6,798,51
28,214,2,279,249,229,20,249,0,224,25
28,215,2,1217,559,545,14,547,12,330,217
28,216,2,510,289,272,17,289,0,207,82
28,217,2,507,234,215,19,231,3,194,37
28,218,2,1338,1002,939,63,988,14,843,145
28,219,2,1345,939,893,46,930,9,769,161
28,220,2,285,249,223,26,245,4,215,30
28,221,2,879,716,651,65,713,3,642,71
28,222,2,1083,675,632,43,665,10,349,316
28,223,2,1143,630,590,40,616,14,338,278
28,224,2,1035,627,576,51,603,24,295,308
28,225,2,457,301,269,32,295,6,180,115
28,226,2,1115,817,751,66,806,11,703,103
28,227,2,835,610,575,35,598,12,451,147
28,228,2,775,807,747,60,801,6,710,91
28,229,2,283,327,268,59,327,0,297,30
28,230,2,586,623,534,89,606,13,525,81
28,231,2,1597,1592,1415,177,1514,78,1449,65
28,232,2,530,452,381,71,427,25,355,72
28,233,2,222,212,184,28,211,1,175,36
28,234,2,1530,1458,1190,268,1386,72,846,540
28,235,2,434,409,349,60,405,4,310,95
28,236,2,1815,1222,1039,183,1207,15,911,296
28,237,2,840,698,648,50,689,9,516,173
28,238,2,938,820,762,58,796,24,679,117
28,239,2,740,695,670,25,688,7,600,88
28,240,2,531,464,431,33,456,8,365,91
28,241,2,280,240,215,25,239,1,217,22
28,242,2,695,564,485,79,556,8,481,75
28,243,2,844,813,603,210,808,5,694,114
28,244,2,1693,1139,1081,58,1124,15,767,357
28,245,2,1763,1094,1047,47,1078,16,773,305
28,246,2,432,367,304,63,364,3,312,52
28,247,2,619,422,397,25,414,8,260,154
28,248,2,1042,961,871,90,945,16,718,227
28,249,2,257,268,223,45,267,1,237,30
28,250,2,260,248,222,26,245,3,190,55
28,251,2,713,601,520,81,599,2,489,110
28,252,2,453,379,330,49,375,4,302,73
28,253,2,250,243,185,58,241,2,204,37
28,254,2,1663,1512,1351,161,1490,22,1243,247
28,255,2,651,569,504,65,564,5,486,78
28,256,2,946,667,614,53,657,10,528,129
28,257,2,994,742,697,45,733,9,575,158
28,258,2,471,413,392,21,410,3,314,96
28,259,2,923,631,613,18,629,2,507,122
28,260,2,1243,900,842,58,892,8,624,268
28,261,2,567,429,401,28,427,2,300,127
28,262,2,1201,904,882,22,898,6,775,123
28,263,2,1171,764,723,41,754,10,652,102
28,264,2,569,407,382,25,398,9,353,45
28,265,2,1209,1010,993,17,997,13,802,195
28,266,2,1419,862,796,66,849,13,697,152
28,267,2,595,367,345,22,361,6,303,58
28,268,2,1022,720,683,37,711,9,627,84
28,269,2,428,271,256,15,269,2,220,49
28,270,2,1375,1239,1144,95,1225,14,982,243
28,271,2,1235,950,868,82,945,5,765,180
28,272,2,1182,910,832,78,899,11,753,146
28,273,2,1323,960,912,48,936,24,751,185
28,274,2,689,578,503,75,571,7,482,89
28,275,2,680,447,360,87,363,84,292,71
28,276,2,924,640,589,51,633,7,512,121
28,277,2,355,238,206,32,236,2,203,33
28,278,2,431,360,292,68,355,5,302,53
28,279,2,249,222,185,37,220,2,205,15
28,280,2,1516,1229,1047,182,1224,5,1008,216
28,281,2,970,823,662,161,809,14,698,111
28,282,2,477,461,321,140,458,3,411,47
28,283,2,632,544,445,99,542,2,485,57
28,284,2,1191,1238,1191,47,1221,17,1109,112
28,285,2,280,214,177,37,207,7,193,14
28,286,2,841,560,542,18,554,6,508,46
28,287,2,191,194,169,25,190,4,163,27
28,288,2,1222,880,776,104,865,15,733,132
28,289,2,1084,739,633,106,727,12,530,197
28,290,2,556,504,438,66,498,6,409,89
28,291,2,362,289,245,44,288,1,273,15
28,292,2,582,377,340,37,373,4,327,46
28,293,2,430,341,299,42,332,9,300,32
28,294,2,1125,964,832,132,959,5,830,129
28,295,2,1196,802,633,169,789,13,656,133
28,296,2,256,221,181,40,221,0,198,23
28,297,2,1185,887,786,101,880,7,748,132
28,298,2,686,545,512,33,536,9,490,46
28,299,2,1024,701,638,63,692,9,531,161
28,300,2,735,292,255,37,283,9,208,75
28,301,2,1240,936,886,50,927,9,742,185
28,302,2,1321,952,910,42,945,7,735,210
28,303,2,2020,1267,1202,65,1255,12,1029,226
28,304,2,479,355,341,14,354,1,287,67
28,305,2,899,540,524,16,533,7,469,64
28,306,2,372,262,238,24,259,3,213,46
28,307,2,1629,1075,1016,59,1065,10,882,183
28,308,2,1012,597,568,29,594,3,511,83
28,309,2,1137,813,773,40,811,2,754,57
28,310,2,719,540,530,10,536,4,477,59
28,311,2,732,427,402,25,413,14,295,118
28,312,2,1400,930,741,189,927,3,727,200
28,313,2,525,509,467,42,503,6,387,116
28,314,2,776,665,605,60,655,10,503,152
28,315,2,1048,858,760,98,855,3,687,168
28,316,2,1905,1446,1357,89,1433,13,1182,251
28,317,2,1149,811,766,45,800,11,697,103
28,318,2,887,766,738,28,757,9,656,101
28,319,2,369,309,281,28,308,1,271,37
28,320,2,982,758,631,127,748,10,681,67
28,321,2,964,631,540,91,623,8,526,97
28,322,2,387,250,218,32,249,1,220,29
28,323,2,415,307,276,31,303,4,280,23
28,324,2,648,529,484,45,525,4,429,96
28,325,2,716,693,494,199,688,5,515,173
28,326,2,724,648,548,100,642,6,574,68
28,327,2,692,502,464,38,496,6,404,92
28,328,2,792,675,643,32,674,1,607,67
28,329,2,1141,895,831,64,888,7,765,123
28,330,2,1275,1031,989,42,1025,6,882,143
28,331,2,1593,1008,919,89,1005,3,887,118
28,332,2,718,512,471,41,506,6,448,58
28,333,2,388,343,296,47,338,5,299,39
28,334,2,460,372,333,39,369,3,309,60
28,335,2,993,925,837,88,916,9,754,162
28,336,2,801,651,587,64,648,3,568,80
28,337,2,1557,1022,955,67,1012,10,801,211
28,338,2,625,366,351,15,362,4,295,67
28,339,2,960,551,508,43,544,7,384,160
28,340,2,547,335,322,13,330,5,271,59
28,341,2,764,636,575,61,625,11,542,83
28,342,2,965,707,629,78,703,4,646,57
28,343,2,1039,799,733,66,792,7,687,105
28,344,2,706,590,532,58,583,7,504,79
28,345,2,1319,974,866,108,956,18,700,256
28,346,2,1179,816,702,114,808,8,656,152
28,347,2,1068,907,818,89,891,16,723,168
28,348,2,785,607,536,71,604,3,492,112
28,349,2,1575,1292,1137,155,1274,18,1012,262
28,350,2,994,756,579,177,751,5,613,138
28,351,2,1272,974,917,57,961,13,533,428
28,352,2,1003,859,803,56,858,1,509,349
28,353,2,1548,1211,1156,55,1194,17,932,262
28,354,2,368,317,293,24,316,1,269,47
28,355,2,612,563,499,64,559,4,389,170
28,356,2,1341,932,871,61,920,12,540,380
28,357,2,1407,926,876,50,906,20,557,349
28,358,2,1365,988,953,35,977,11,555,422
28,359,2,1141,837,811,26,828,9,513,315
28,360,2,1390,975,911,64,951,24,534,417
28,361,2,774,578,550,28,568,10,391,177
28,362,2,1738,1259,1215,44,1248,11,848,400
28,363,2,1328,1115,1072,43,1099,16,817,282
28,364,2,830,708,688,20,700,8,557,143
28,365,2,411,282,269,13,280,2,214,66
28,366,2,569,443,443,0,435,8,359,76
28,367,2,950,832,810,22,827,5,740,87
28,368,2,1036,948,813,135,940,8,829,111
28,369,2,400,318,265,53,316,2,281,35
28,370,2,928,611,514,97,606,5,470,136
28,371,2,896,583,536,47,568,15,472,96
28,372,2,1310,1172,1105,67,1163,9,1049,114
28,373,2,815,712,661,51,692,20,593,99
28,374,2,559,467,409,58,458,9,372,86
28,375,2,1454,1221,1154,67,1205,16,911,294
28,376,2,538,403,384,19,397,6,305,92
28,377,2,396,311,294,17,308,3,215,93
28,378,2,317,185,164,21,182,3,102,80
28,379,2,1277,1025,993,32,1016,9,730,286
28,380,2,721,531,508,23,531,0,418,113
28,381,2,1037,789,764,25,764,4,659,105
28,382,2,1229,978,946,32,970,8,828,142
28,383,2,1011,767,689,78,757,10,467,290
28,384,2,605,471,405,66,459,12,263,196
28,385,2,902,653,599,54,642,11,391,251
28,386,2,928,596,539,57,575,21,225,350
28,387,2,778,474,439,35,465,9,214,251
28,388,2,971,669,605,64,658,11,235,423
28,389,2,1085,893,812,81,884,9,775,109
28,390,2,803,715,615,100,710,5,643,67
28,391,2,575,484,447,37,483,1,417,66
28,392,2,493,412,368,44,412,0,350,62
28,393,2,1759,1550,1423,127,1531,19,1357,174
28,394,2,748,607,547,60,602,5,481,121
28,395,2,877,732,634,98,726,6,646,80
28,396,2,771,580,540,40,573,7,515,58
28,397,2,358,310,278,32,277,3,210,67
28,398,2,1468,1138,961,177,1132,6,966,166
28,399,2,1321,1142,1025,117,1131,11,968,163
28,400,2,858,695,599,96,685,10,617,68
28,401,2,396,398,344,54,394,4,323,71
28,402,2,830,780,703,77,768,12,647,121
28,403,2,1482,1123,1046,77,1117,6,957,160
28,404,2,726,669,627,42,665,4,594,71
28,405,2,662,631,621,10,621,10,543,78
28,406,2,801,495,433,62,490,5,423,67
28,407,2,448,391,326,65,388,3,341,47
28,408,2,637,474,390,84,469,5,382,87
28,409,2,486,364,314,50,357,7,288,69
28,410,2,524,435,399,36,433,2,344,89
28,411,2,1535,1260,1200,60,1250,10,905,345
28,412,2,1446,1197,1135,62,1191,6,949,242
28,413,2,62,360,37,323,353,7,238,115
28,414,2,1260,1001,954,47,987,14,766,221
28,415,2,993,784,770,14,772,12,642,130
28,416,2,1208,878,799,79,860,18,716,144
28,417,2,848,761,741,20,754,7,634,120
28,418,2,380,348,185,163,345,3,184,161
28,419,2,1189,916,875,41,900,16,770,130
28,420,2,1472,1105,1036,69,1093,12,898,195
28,421,2,1282,959,851,108,953,6,787,166
28,422,2,1014,734,677,57,730,4,646,84
28,423,2,786,652,597,55,648,4,603,45
29,1,2,1930,1213,1131,82,1190,23,804,386
29,2,2,1567,942,871,71,936,6,698,238
29,3,2,1812,1245,1048,197,1229,16,849,380
29,4,2,1800,987,866,121,986,1,737,249
29,5,2,1802,1242,1045,197,1231,11,842,389
29,6,2,1829,1045,954,91,1041,4,799,242
29,7,2,1683,917,841,76,907,10,665,242
29,8,2,2647,1495,1347,148,1488,7,1040,448
29,9,2,1845,1310,1101,209,1299,11,933,366
29,10,2,1952,1226,1144,82,1220,6,891,329
29,11,2,1765,1156,1081,75,1152,4,768,384
29,12,2,2227,1286,1192,94,1284,2,946,338
29,13,2,2095,1241,1148,93,1229,12,920,309
29,14,2,2363,1475,1320,155,1470,5,1046,424
29,15,2,2230,1449,1360,89,1445,4,1088,357
29,16,2,1841,1097,984,113,1090,7,784,306
29,17,2,1325,943,795,148,940,3,690,250
29,18,2,1200,670,537,133,663,7,461,202
29,19,2,2476,1523,1295,228,1515,8,1161,354
29,20,2,2059,1288,965,323,1282,6,878,404
29,21,2,2435,1369,1227,142,1363,6,1002,361
29,22,2,2292,1441,1292,149,1435,6,1060,375
29,23,2,2490,1260,1112,148,1256,4,879,377
29,24,2,2516,1429,1223,206,1418,11,1021,397
29,25,2,1689,1047,932,115,929,3,646,283
29,26,2,1806,1022,936,86,1013,9,737,276
29,27,2,881,663,582,81,651,12,534,117
29,28,2,1954,916,810,106,914,2,670,244
29,29,2,2344,1367,1215,152,1355,12,973,382
29,30,2,940,654,606,48,646,8,553,93
29,31,2,0,608,0,608,604,4,478,126
29,32,2,0,741,0,741,741,0,543,198
29,33,2,0,286,0,286,282,4,190,92
29,34,2,936,610,578,32,590,20,516,74
29,35,2,1085,793,727,66,779,14,668,111
29,36,2,874,643,587,56,637,6,498,139
29,37,2,1829,1127,1028,99,1113,14,914,199
29,38,2,2831,1716,1589,127,1703,13,1227,476
29,39,2,2623,1479,1381,98,1468,11,1110,358
29,40,2,2297,1316,1212,104,1309,7,1014,295
29,41,2,3180,1604,1417,187,1590,14,1183,407
29,42,2,1626,975,895,80,967,8,691,276
29,43,2,1503,855,808,47,835,20,586,249
29,44,2,1722,1290,1226,64,1214,12,928,286
29,45,2,1084,682,560,122,673,9,506,167
29,46,2,1735,1159,985,174,1154,5,794,360
29,47,2,1719,993,672,321,990,3,740,250
29,48,2,2024,940,928,12,930,10,706,224
29,49,2,2160,1295,1245,50,1293,2,1013,280
29,50,2,1472,976,789,187,967,9,735,232
29,51,2,2047,1341,1194,147,1336,5,1000,336
29,52,2,1974,1242,1111,131,1233,9,872,361
29,53,2,2299,1294,1262,32,1287,7,1022,265
29,54,2,2220,1373,1302,71,1354,19,1081,273
29,55,2,2004,1355,1290,65,1341,14,1003,338
29,56,2,2113,1544,1355,189,1536,8,1171,365
29,57,2,0,208,0,208,204,4,139,65
29,58,2,0,414,0,414,401,13,231,170
29,59,2,0,241,0,241,240,1,142,98
29,60,2,0,173,0,173,168,5,109,59
29,61,2,1610,964,934,30,947,17,761,186
29,62,2,1247,976,802,174,970,6,778,192
29,63,2,1883,1231,1146,85,1221,10,902,319
29,64,2,1946,1182,1076,106,1173,9,873,300
29,65,2,2589,1671,1390,281,1630,41,1281,349
29,66,2,1804,904,808,96,898,6,673,225
29,67,2,575,506,422,84,504,2,370,134
29,68,2,601,443,384,59,436,7,358,78
29,69,2,1844,1039,984,55,1031,8,828,203
29,70,2,1819,845,771,74,838,7,606,232
29,71,2,560,375,336,39,371,4,313,58
29,72,2,1605,1060,974,86,1050,10,879,171
29,73,2,2486,1391,1245,146,1381,10,1037,344
29,74,2,2571,1639,1547,92,1612,27,1274,338
29,75,2,2647,1614,1459,155,1601,13,1196,405
29,76,2,1474,1098,915,183,1089,9,934,155
29,77,2,1863,1265,1156,109,1224,41,1062,162
29,78,2,970,808,703,105,792,16,687,105
29,79,2,571,461,427,34,450,11,378,72
29,80,2,4174,1945,1698,247,1930,15,1459,471
29,81,2,1669,1018,848,170,1015,3,784,231
29,82,2,2293,1317,1204,113,1283,34,926,357
29,83,2,1493,881,768,113,874,7,729,145
29,84,2,962,656,573,83,649,7,536,113
29,85,2,834,678,605,73,670,8,584,86
29,86,2,923,780,686,94,774,6,686,88
29,87,2,2015,1323,1162,161,1307,16,1061,246
29,88,2,1038,857,690,167,848,9,670,178
29,89,2,719,604,437,167,590,14,474,116
29,90,2,150,180,146,34,178,2,155,23
29,91,2,1115,1031,907,124,1006,25,802,204
29,92,2,741,564,475,89,557,7,451,106
29,93,2,1321,1337,1253,84,1318,19,1140,178
29,94,2,1146,1149,1068,81,1140,9,950,190
29,95,2,1609,739,691,48,734,5,513,221
29,96,2,1602,805,698,107,792,13,561,231
29,97,2,1081,659,589,70,648,11,538,110
29,98,2,2354,2178,2046,132,2178,0,1916,262
29,99,2,1466,1240,1123,117,1228,12,1106,122
29,100,2,1319,1038,949,89,1023,15,908,115
29,101,2,1910,1344,1167,177,1329,15,1101,228
29,102,2,1400,1100,968,132,1094,6,967,127
29,103,2,626,465,396,69,462,3,411,51
29,104,2,2791,1760,1556,204,1737,23,1456,281
29,105,2,1304,1095,936,159,1074,21,822,252
29,106,2,1034,930,825,105,916,14,771,145
29,107,2,717,616,519,97,614,2,468,146
29,108,2,685,658,522,136,650,8,518,132
29,109,2,449,472,367,105,437,35,406,31
29,110,2,856,635,523,112,622,13,444,178
29,111,2,1135,687,612,75,672,15,530,142
29,112,2,2281,1580,1387,193,1567,13,1287,280
29,113,2,2377,1524,1208,316,1490,34,1208,282
29,114,2,536,347,321,26,345,2,265,80
29,115,2,1011,876,772,104,860,16,761,99
29,116,2,332,309,214,95,305,4,253,52
29,117,2,898,608,526,82,599,9,493,106
29,118,2,1259,1042,940,102,1036,6,879,157
29,119,2,1338,1023,928,95,1008,15,866,142
29,120,2,965,614,566,48,613,1,513,100
29,121,2,1008,804,682,122,794,10,615,179
29,122,2,1120,931,803,128,927,4,814,113
29,123,2,490,437,363,74,433,4,392,41
29,124,2,395,401,291,110,400,1,339,61
29,125,2,1374,1074,1003,71,1062,12,828,234
29,126,2,984,832,766,66,822,10,671,151
29,127,2,0,275,0,275,269,6,186,83
29,128,2,1149,1086,833,253,1069,17,883,186
29,129,2,1976,1608,1479,129,1590,18,1269,321
29,130,2,936,785,711,74,767,18,643,124
29,131,2,1544,1084,897,187,1065,19,882,183
29,132,2,1253,1166,1014,152,1099,67,1010,89
29,133,2,1459,1248,1216,32,1246,2,1139,107
29,134,2,1532,1044,971,73,1031,13,903,128
29,135,2,848,676,530,146,676,0,558,118
29,136,2,513,478,375,103,467,11,417,50
29,137,2,1768,1604,1422,182,1545,59,1347,198
29,138,2,1231,1265,1080,185,1251,14,1116,135
29,139,2,2258,1365,1271,94,1353,12,1171,182
29,140,2,1397,877,812,65,862,15,768,94
29,141,2,1459,1219,1062,157,1201,18,971,230
29,142,2,988,691,596,95,680,11,554,126
29,143,2,963,636,536,100,629,7,518,111
29,144,2,2367,1523,1401,122,1500,23,1210,290
29,145,2,1310,942,881,61,933,9,789,144
29,146,2,869,665,616,49,656,9,525,131
29,147,2,1460,1235,1008,227,1220,15,1028,192
29,148,2,1250,895,778,117,875,20,771,104
29,149,2,1836,1190,1078,112,1174,16,963,211
29,150,2,0,72,0,72,71,1,59,12
29,151,2,1848,1167,1062,105,1166,1,1025,141
29,152,2,1006,744,666,78,742,2,640,102
29,153,2,2682,1659,1495,164,1642,17,1226,416
29,154,2,1269,872,769,103,867,5,694,173
29,155,2,1554,1037,905,132,1028,9,852,176
29,156,2,1133,802,673,129,797,5,640,157
29,157,2,824,478,428,50,472,6,355,117
29,158,2,1189,799,654,145,788,11,613,175
29,159,2,658,529,426,103,526,3,355,171
29,160,2,2045,1230,1145,85,1208,22,899,309
29,161,2,2017,1151,1089,62,1132,19,808,324
29,162,2,1070,1025,942,83,1008,17,851,157
29,163,2,1532,1290,1228,62,1259,31,1101,158
29,164,2,577,504,393,111,497,7,450,47
29,165,2,597,546,420,126,545,1,429,116
29,166,2,533,370,286,84,368,2,293,75
29,167,2,2113,1442,1369,73,1428,14,1146,282
29,168,2,1462,1254,1087,167,1231,23,967,264
29,169,2,1157,720,685,35,713,7,546,167
29,170,2,904,686,624,62,677,9,536,141
29,171,2,1275,1051,961,90,1020,31,885,135
29,172,2,1108,1005,892,113,995,10,871,124
29,173,2,1390,816,773,43,801,15,649,152
29,174,2,979,657,583,74,635,22,614,21
29,175,2,1800,1102,999,103,1081,21,833,248
29,176,2,1151,854,798,56,846,8,698,148
29,177,2,1190,795,701,94,782,13,657,125
29,178,2,1343,1076,948,128,1060,16,860,200
29,179,2,1382,1160,992,168,1148,12,924,224
29,180,2,1184,1100,893,207,1087,13,731,356
29,181,2,1203,949,835,114,938,11,721,217
29,182,2,1373,932,743,189,893,39,691,202
29,183,2,1179,1053,930,123,1042,11,869,173
29,184,2,1290,957,839,118,953,4,761,192
29,185,2,995,788,675,113,779,9,682,97
29,186,2,942,592,535,57,583,9,497,86
29,187,2,2348,1542,1422,120,1522,20,1236,286
29,188,2,1561,1142,1090,52,1131,11,920,211
29,189,2,2753,1951,1726,225,1923,28,1523,400
29,190,2,1298,870,748,122,866,4,738,128
29,191,2,1954,2145,1782,363,2111,34,1687,424
29,192,2,1489,1355,1280,75,1328,27,1134,194
29,193,2,1494,1154,954,200,1135,19,918,217
29,194,2,1135,1063,1063,0,1047,16,791,256
29,195,2,961,774,708,66,755,19,635,120
29,196,2,1535,1104,985,119,1084,20,921,163
29,197,2,1456,986,839,147,971,15,832,139
29,198,2,782,568,480,88,556,12,468,88
29,199,2,1069,872,776,96,863,9,771,92
29,200,2,2613,1564,1370,194,1552,12,1232,320
29,201,2,1655,1051,892,159,1032,19,806,226
29,202,2,1735,1316,1228,88,1296,20,1059,237
29,203,2,1477,1039,895,144,1031,8,775,256
29,204,2,950,860,777,83,840,20,666,174
29,205,2,394,389,284,105,383,6,293,90
29,206,2,1106,771,624,147,761,10,584,177
29,207,2,1816,1551,1424,127,1534,17,1214,320
29,208,2,837,361,304,57,350,11,323,27
29,209,2,2577,1631,1464,167,1604,27,1310,294
29,210,2,1488,934,860,74,919,15,813,106
29,211,2,1733,842,716,126,833,9,689,144
29,212,2,1142,676,576,100,669,7,579,90
29,213,2,1650,1103,896,207,1085,18,921,164
29,214,2,642,429,369,60,429,0,355,74
29,215,2,1741,1002,903,99,986,16,814,172
29,216,2,779,559,396,163,543,16,432,111
29,217,2,2266,1302,1199,103,1293,9,1036,257
29,218,2,1085,652,557,95,646,6,552,94
29,219,2,2073,1326,1204,122,1312,14,1076,236
29,220,2,540,525,397,128,523,2,422,101
29,221,2,605,444,339,105,437,7,354,83
29,222,2,841,774,574,200,773,1,608,165
29,223,2,1811,1673,1463,210,1669,4,1377,292
29,224,2,731,798,694,104,795,3,679,116
29,225,2,1919,1315,1136,179,1298,17,1028,270
29,226,2,2558,1956,1718,238,1933,23,1634,299
29,227,2,1472,972,895,77,953,19,785,168
29,228,2,1530,1358,1287,71,1338,20,1150,188
29,229,2,1422,909,788,121,903,6,708,195
29,230,2,1384,852,722,130,840,12,617,223
29,231,2,1069,936,845,91,923,13,821,102
29,232,2,2541,1548,1352,196,1518,30,1208,310
29,233,2,2008,1381,1232,149,1369,12,1006,363
29,234,2,844,580,453,127,571,9,429,142
29,235,2,365,389,264,125,385,4,330,55
29,236,2,1350,1196,1046,150,1158,38,995,163
29,237,2,997,918,755,163,907,11,795,112
29,238,2,1072,816,751,65,811,5,710,101
29,239,2,1357,1163,1060,103,1156,7,1039,117
29,240,2,1273,802,705,97,800,2,716,84
29,241,2,706,503,371,132,491,12,389,102
29,242,2,396,276,223,53,274,2,206,68
29,243,2,2641,1719,1636,83,1702,17,1435,267
29,244,2,1624,1009,857,152,990,19,795,195
29,245,2,1022,648,550,98,637,11,524,113
29,246,2,1477,1039,919,120,1025,14,775,250
29,247,2,857,690,592,98,679,11,559,120
29,248,2,2128,1604,1506,98,1583,21,1192,391
29,249,2,1178,830,725,105,810,20,673,137
29,250,2,1390,1057,903,154,1049,8,850,199
29,251,2,1590,1281,1115,166,1268,13,1091,177
29,252,2,3052,2076,1927,149,2065,11,1713,352
29,253,2,2304,1444,1178,266,1406,38,1159,247
29,254,2,821,543,453,90,526,17,407,119
29,255,2,875,641,537,104,630,11,533,97
29,256,2,1066,788,698,90,776,12,677,99
29,257,2,830,678,581,97,675,3,560,115
29,258,2,2808,1831,1717,114,1823,8,1357,466
29,259,2,1248,770,696,74,757,13,577,180
29,260,2,1099,799,705,94,792,7,704,88
29,261,2,1493,1339,1074,265,1305,34,1068,237
29,262,2,628,700,472,228,679,21,580,99
29,263,2,1630,1128,1018,110,1115,13,932,183
29,264,2,821,724,652,72,715,9,617,98
29,265,2,906,892,762,130,889,3,786,103
29,266,2,1477,1137,1037,100,1108,29,778,330
29,267,2,848,725,647,78,708,17,559,149
29,268,2,1383,753,667,86,749,4,664,85
29,269,2,1077,690,614,76,678,12,578,100
30,1,2,1327,1136,966,170,1129,7,534,595
30,2,2,1638,1261,1071,190,1256,5,644,612
30,3,2,1681,1301,1189,112,1294,7,633,661
30,4,2,1081,790,766,24,788,2,334,454
30,5,2,1855,1575,1283,292,1564,11,746,818
30,6,2,1828,1325,1202,123,1313,12,640,673
30,7,2,2066,1234,1090,144,1229,5,640,589
30,8,2,1682,1240,1094,146,1224,16,642,582
30,9,2,793,598,505,93,589,9,291,298
30,10,2,1337,997,879,118,993,4,489,504
30,11,2,1625,1257,1079,178,1241,16,637,604
30,12,2,1285,954,878,76,944,10,514,430
30,13,2,1287,965,789,176,962,3,523,439
30,14,2,1130,945,803,142,938,7,419,519
30,15,2,1203,917,828,89,912,5,410,502
30,16,2,852,686,604,82,682,4,327,355
30,17,2,1067,860,758,102,853,7,428,425
30,18,2,1207,918,817,101,916,2,435,481
30,19,2,1420,1035,928,107,1027,8,525,502
30,20,2,1385,1006,914,92,1004,2,493,511
30,21,2,1440,1309,1076,233,1277,15,605,672
30,22,2,1101,1016,793,223,1008,8,458,550
30,23,2,1263,984,906,78,978,6,505,473
30,24,2,1664,1089,974,115,1081,8,522,559
30,25,2,1865,1391,1273,118,1378,13,729,649
30,26,2,1568,1200,960,240,1193,7,649,544
30,27,2,1774,1210,1063,147,1196,14,795,401
30,28,2,1914,1258,1158,100,1243,15,832,411
30,29,2,1645,1092,971,121,1087,5,607,480
30,30,2,1378,946,835,111,943,3,594,349
30,31,2,1720,1313,1013,300,1306,7,748,558
30,32,2,1695,1183,1062,121,1174,9,739,435
30,33,2,1730,1268,1067,201,1259,9,735,524
30,34,2,778,604,556,48,599,5,317,282
30,35,2,1715,1193,1056,137,1180,13,757,423
30,36,2,1179,949,826,123,939,10,465,474
30,37,2,1529,1158,1008,150,1152,6,575,577
30,38,2,1721,1326,1220,106,1320,6,631,689
30,39,2,1427,1148,994,154,1143,5,571,572
30,40,2,1491,1177,1075,102,1168,9,645,523
30,41,2,1464,1087,990,97,1082,5,528,554
30,42,2,1291,993,882,111,983,10,613,370
30,43,2,1028,1149,763,386,1141,8,756,385
30,44,2,1454,1123,972,151,1109,14,716,393
30,45,2,1528,1060,929,131,1046,14,575,471
30,46,2,1779,1272,1153,119,1260,12,692,568
30,47,2,1436,996,851,145,983,13,633,350
30,48,2,1464,1138,1030,108,1128,10,641,487
30,49,2,1194,867,800,67,865,2,476,389
30,50,2,804,458,343,115,454,4,233,221
30,51,2,1226,989,880,109,981,8,500,481
30,52,2,1444,1295,976,319,1281,14,638,643
30,53,2,1459,1144,1042,102,1141,3,488,653
30,54,2,871,699,559,140,694,5,320,374
30,55,2,726,651,533,118,647,4,341,306
30,56,2,1417,989,855,134,982,7,600,382
30,57,2,1547,1227,1095,132,1215,12,755,460
30,58,2,622,962,354,608,958,4,568,390
30,59,2,638,565,419,146,565,0,330,235
30,60,2,1536,1165,1046,119,1157,8,629,528
30,61,2,1551,1158,1026,132,1152,6,623,529
30,62,2,1163,875,689,186,871,4,513,358
30,63,2,1536,1122,1040,82,1115,7,603,512
30,64,2,1597,1136,949,187,1133,3,635,498
30,65,2,1623,1274,1113,161,1263,11,779,484
30,66,2,2297,1045,967,78,1039,6,646,393
30,67,2,1529,1089,932,157,1081,8,675,406
30,68,2,1950,1255,1137,118,1239,10,742,497
30,69,2,1295,903,788,115,900,3,571,329
30,70,2,1302,993,912,81,986,7,567,419
30,71,2,1681,1265,1096,169,1257,4,702,555
30,72,2,1517,982,875,107,973,9,622,351
30,73,2,1406,1096,873,223,1082,14,684,398
30,74,2,1679,1347,1105,242,1341,6,786,555
30,75,2,1631,1096,965,131,1088,8,651,437
30,76,2,1671,1140,1075,65,1129,11,676,453
30,77,2,1498,1031,899,132,1025,6,573,452
30,78,2,1539,1034,926,108,1022,12,651,371
30,79,2,1099,731,660,71,724,7,433,291
30,80,2,1706,1225,1115,110,1219,6,755,464
30,81,2,1812,1200,1137,63,1196,4,735,461
30,82,2,1634,1073,984,89,1067,6,639,428
30,83,2,1693,1083,1001,82,1073,10,665,408
30,84,2,1572,1094,1004,90,1088,6,667,421
30,85,2,1397,997,932,65,988,9,577,411
30,86,2,1258,998,900,98,994,4,569,425
30,87,2,2005,1509,1383,126,1502,7,868,634
30,88,2,1386,967,897,70,964,3,557,407
30,89,2,2001,1531,1328,203,1523,8,889,634
30,90,2,1464,1125,1011,114,1122,3,637,485
30,91,2,1552,1183,972,211,1179,4,697,482
30,92,2,1385,980,884,96,975,5,584,391
30,93,2,1636,1185,1065,120,1176,9,712,464
30,94,2,2497,1661,1543,118,1645,16,961,684
30,95,2,1798,1304,1178,126,1296,8,800,496
30,96,2,1460,982,895,87,974,8,583,391
30,97,2,1511,1034,934,100,1019,15,572,447
30,98,2,1614,1047,808,239,1040,7,633,407
30,99,2,1600,1039,943,96,1029,10,658,371
30,100,2,1380,962,877,85,957,5,649,308
30,101,2,1569,1140,980,160,1135,5,704,431
30,102,2,1955,1522,1395,127,1510,12,890,620
30,103,2,1251,926,863,63,917,9,510,407
30,104,2,1544,1258,1076,182,1249,9,624,625
30,105,2,1766,1411,1298,113,1405,6,641,764
30,106,2,1519,1265,1104,161,1259,6,554,705
30,107,2,1231,926,838,88,918,8,462,456
30,108,2,1363,969,890,79,957,12,568,389
30,109,2,1145,840,767,73,838,2,506,332
30,110,2,1501,1104,1015,89,1103,1,538,565
30,111,2,1470,1124,1060,64,1119,5,538,581
30,112,2,1271,910,841,69,902,8,525,377
30,113,2,1043,845,713,132,839,6,474,365
30,114,2,1155,850,743,107,841,9,472,369
30,115,2,1457,961,839,122,955,6,577,378
30,116,2,1359,1009,904,105,1004,5,546,458
30,117,2,1132,827,772,55,822,5,452,370
30,118,2,1113,873,794,79,863,10,498,365
30,119,2,1487,1218,1062,156,1213,5,648,565
30,120,2,1514,1086,1002,84,1082,4,592,490
30,121,2,1135,898,815,83,897,1,473,424
30,122,2,1374,1051,1026,25,1040,11,561,479
30,123,2,1658,1159,1065,94,1151,8,630,521
30,124,2,1352,1140,952,188,1134,6,586,548
30,125,2,1626,1194,1105,89,1187,7,681,506
30,126,2,1752,1346,1212,134,1334,11,783,551
30,127,2,1872,1360,1222,138,1356,4,733,623
30,128,2,796,582,487,95,564,18,395,169
30,129,2,0,491,0,491,477,14,243,234
30,130,2,147,128,114,14,126,2,58,68
30,131,2,684,692,666,26,679,13,411,268
30,132,2,0,404,0,404,400,4,262,138
30,133,2,0,170,0,170,170,0,108,62
30,134,2,0,242,0,242,239,3,143,96
30,135,2,0,263,0,263,260,3,157,103
30,136,2,0,97,0,97,96,1,71,25
30,137,2,0,348,0,348,348,0,60,288
30,138,2,0,0,0,0,0,0,0,0
30,139,2,0,0,0,0,0,0,0,0
30,140,2,1603,1526,1149,377,1508,18,916,592
30,141,2,1060,857,761,96,850,7,539,311
30,142,2,1312,1213,985,228,1202,11,740,462
30,143,2,1612,1246,1080,166,1240,6,875,365
30,144,2,1499,1165,1096,69,1153,12,775,378
30,145,2,1274,1289,884,405,1286,3,820,466
30,146,2,1319,1054,941,113,1049,5,775,274
30,147,2,1211,936,827,109,927,9,560,367
30,148,2,1610,1175,1076,99,1171,4,770,401
30,149,2,1596,1247,1184,63,1235,12,883,352
30,150,2,1427,1048,961,87,1032,16,689,343
30,151,2,1230,920,834,86,913,7,682,231
30,152,2,1090,790,726,64,782,8,557,225
30,153,2,1105,714,665,49,705,9,587,118
30,154,2,1123,818,748,70,809,9,525,284
30,155,2,1532,1056,1010,46,1051,5,609,442
30,156,2,1475,972,937,35,964,8,560,404
30,157,2,1173,954,837,117,949,5,548,401
30,158,2,1240,759,722,37,754,5,473,281
30,159,2,1152,795,744,51,786,9,493,293
30,160,2,968,581,543,38,574,7,395,179
30,161,2,0,145,0,145,144,1,92,52
30,162,2,1414,1172,1012,160,1165,7,845,320
30,163,2,859,633,586,47,627,6,406,221
30,164,2,1070,1010,792,218,999,11,602,397
30,165,2,1469,1225,1121,104,1216,9,812,404
30,166,2,1137,1005,868,137,999,5,574,425
30,167,2,1250,867,794,73,859,8,638,221
30,168,2,1070,833,740,93,829,4,607,222
30,169,2,1476,1158,1059,99,1151,7,797,354
30,170,2,1570,1215,1118,97,1204,11,830,374
30,171,2,1055,779,735,44,768,11,557,211
30,172,2,1092,806,760,46,800,6,620,180
30,173,2,1115,841,752,89,837,4,645,192
30,174,2,0,97,0,97,97,0,68,29
30,175,2,1217,956,806,150,949,7,493,456
30,176,2,1157,1038,738,300,1029,9,540,489
30,177,2,892,825,633,192,817,8,452,365
30,178,2,1210,949,805,144,940,9,501,439
30,179,2,1015,913,702,211,912,1,563,349
30,180,2,1256,1111,822,289,1102,9,654,448
30,181,2,1077,899,710,189,884,14,530,354
30,182,2,1452,1083,975,108,1078,5,661,417
30,183,2,1340,1040,992,48,1036,4,527,509
30,184,2,1774,1502,1320,182,1495,7,811,684
30,185,2,1037,761,728,33,759,2,407,352
30,186,2,1384,1024,1003,21,1020,4,581,439
30,187,2,1656,1185,1151,34,1172,13,646,526
30,188,2,1151,862,785,77,850,9,461,389
30,189,2,1231,952,876,76,944,8,487,457
30,190,2,1430,1042,1014,28,1037,5,529,508
30,191,2,1815,1416,1321,95,1412,4,685,727
30,192,2,1719,1231,1199,32,1226,5,751,475
30,193,2,1667,1239,1208,31,1229,10,770,459
30,194,2,1160,885,826,59,881,4,517,364
30,195,2,1658,1156,1134,22,1150,6,589,561
30,196,2,1585,1117,1082,35,1112,5,665,447
30,197,2,1337,1024,1001,23,1012,12,549,463
30,198,2,1277,975,952,23,965,10,562,403
30,199,2,995,780,626,154,769,10,472,297
30,200,2,1846,1328,1289,39,1328,0,795,533
30,201,2,1096,785,768,17,780,5,494,286
30,202,2,1193,854,842,12,853,1,465,388
30,203,2,1379,1100,1064,36,1092,8,617,475
30,204,2,1277,1191,913,278,1178,13,778,400
30,205,2,1335,878,807,71,875,3,537,338
30,206,2,0,1338,0,1338,1312,26,931,381
30,207,2,0,420,0,420,416,4,212,204
30,208,2,1514,1123,1033,90,1114,9,777,337
30,209,2,907,710,673,37,702,8,536,166
30,210,2,1411,971,939,32,961,10,742,219
30,211,2,1574,1124,1077,47,1107,17,879,228
30,212,2,863,635,611,24,624,11,486,138
30,213,2,499,409,381,28,407,2,316,91
30,214,2,1615,1023,981,42,1011,12,764,247
30,215,2,1145,804,774,30,794,10,693,101
30,216,2,1176,815,730,85,806,9,645,161
30,217,2,1704,1167,1015,152,1155,12,845,310
30,218,2,1946,1390,1188,202,1375,15,1069,306
30,219,2,1761,1177,1043,134,1168,9,830,338
30,220,2,1599,1157,991,166,1150,7,819,331
30,221,2,1895,1416,1243,173,1404,12,1025,379
30,222,2,2196,1596,1474,122,1581,15,1145,436
30,223,2,0,157,0,157,154,3,90,64
30,224,2,1310,1135,971,164,1125,10,774,351
30,225,2,1281,1146,909,237,1136,10,783,353
30,226,2,1291,1006,939,67,1003,3,647,356
30,227,2,1249,920,815,105,913,7,668,245
30,228,2,1216,964,877,87,957,7,664,293
30,229,2,0,236,0,236,234,2,152,82
30,230,2,1186,1492,828,664,1491,1,742,749
30,231,2,1062,997,745,252,992,5,525,467
30,232,2,1005,1132,729,403,1128,4,498,630
30,233,2,1108,852,724,128,840,9,440,400
30,234,2,1020,1001,783,218,992,9,554,438
30,235,2,1000,855,751,104,851,4,460,391
30,236,2,1392,1207,1045,162,1201,6,709,492
30,237,2,1735,1289,1143,146,1274,15,713,561
30,238,2,1050,767,714,53,759,8,385,374
30,239,2,707,578,509,69,504,74,280,224
30,240,2,0,507,0,507,499,8,279,220
30,241,2,1439,1225,1075,150,1197,28,799,398
30,242,2,1652,1472,1313,159,1460,11,940,520
30,243,2,1541,1332,1200,132,1323,9,1096,227
30,244,2,1244,1052,1014,38,1043,9,819,224
30,245,2,1106,769,715,54,764,5,499,265
30,246,2,1447,1025,950,75,1015,10,703,312
30,247,2,1272,794,703,91,777,17,531,246
30,248,2,1264,850,777,73,844,6,639,205
30,249,2,1365,869,779,90,857,12,619,238
30,250,2,1134,773,685,88,764,9,514,250
30,251,2,834,429,363,66,421,8,286,135
30,252,2,1318,1076,907,169,1062,14,729,333
30,253,2,1417,1128,1050,78,1115,13,744,371
30,254,2,1324,1058,944,114,1046,12,693,353
30,255,2,1141,815,717,98,805,10,541,264
30,256,2,930,774,698,76,768,6,559,209
30,257,2,1373,1009,945,64,996,13,758,238
30,258,2,733,588,527,61,580,8,471,109
30,259,2,1517,1212,1123,89,1204,8,835,369
30,260,2,0,66,0,66,65,1,15,50
30,261,2,0,0,0,0,0,0,0,0
30,262,2,1739,1309,1233,76,1294,15,997,297
30,263,2,1488,1017,953,64,1008,9,679,329
30,264,2,1740,1110,1001,109,1103,7,815,288
30,265,2,907,631,598,33,628,3,402,226
30,266,2,616,486,449,37,481,5,381,100
30,267,2,1364,1070,990,80,1054,16,823,231
30,268,2,866,577,553,24,575,2,453,122
30,269,2,878,631,595,36,620,11,496,124
30,270,2,1699,1159,1045,114,1147,12,870,277
30,271,2,1012,719,669,50,713,6,413,300
30,272,2,1014,737,701,36,731,6,471,260
30,273,2,192,242,192,50,239,3,188,51
30,274,2,1788,1329,1273,56,1322,7,1040,282
30,275,2,964,655,580,75,648,7,458,190
30,276,2,885,931,601,330,919,12,676,243
30,277,2,1317,699,634,65,690,9,546,144
30,278,2,1447,994,906,88,985,9,758,227
30,279,2,1067,722,645,77,711,11,608,103
30,280,2,757,503,451,52,496,7,416,80
30,281,2,1147,809,763,46,805,4,618,187
30,282,2,966,702,609,93,699,3,584,115
30,283,2,1101,807,698,109,796,11,497,299
30,284,2,1440,986,925,61,979,7,656,323
30,285,2,1334,922,888,34,917,5,638,279
30,286,2,1227,942,897,45,932,10,610,322
30,287,2,1076,792,779,13,785,7,598,187
30,288,2,1018,865,849,16,862,3,655,207
30,289,2,921,590,511,79,580,10,354,226
30,290,2,1067,744,606,138,733,11,537,196
30,291,2,1694,1158,987,171,1136,22,796,340
30,292,2,1157,816,738,78,805,11,511,294
30,293,2,1157,817,705,112,791,10,510,281
30,294,2,582,420,374,46,411,9,292,119
30,295,2,1387,1000,909,91,994,6,868,126
30,296,2,1105,747,690,57,742,5,647,95
30,297,2,1077,679,625,54,664,15,469,195
30,298,2,850,511,474,37,510,1,348,162
30,299,2,543,358,337,21,355,3,267,88
30,300,2,1024,727,661,66,715,12,456,259
30,301,2,373,268,258,10,266,2,187,79
30,302,2,532,382,305,77,381,1,231,150
30,303,2,0,210,0,210,207,3,115,92
30,304,2,983,783,726,57,768,13,629,139
30,305,2,864,684,634,50,677,7,550,127
30,306,2,1251,911,835,76,911,0,591,320
30,307,2,1313,908,829,79,899,9,603,296
30,308,2,839,604,556,48,600,4,356,244
30,309,2,1076,784,733,51,782,2,529,253
30,310,2,1115,805,751,54,791,14,536,255
30,311,2,1584,1158,1089,69,1146,12,802,344
30,312,2,1230,981,929,52,965,16,704,261
30,313,2,1213,880,823,57,867,13,572,295
30,314,2,426,311,290,21,306,5,220,86
30,315,2,1462,1084,1025,59,1075,9,864,211
30,316,2,0,281,0,281,277,4,170,107
30,317,2,854,652,617,35,646,6,500,146
30,318,2,1394,1056,998,58,1050,6,783,267
30,319,2,1550,1170,1127,43,1155,15,908,247
30,320,2,1192,911,882,29,905,6,709,196
30,321,2,1039,673,634,39,663,10,561,102
30,322,2,1433,1022,867,155,1012,10,731,281
30,323,2,1704,1049,945,104,1042,7,719,323
30,324,2,1160,793,743,50,787,6,506,281
30,325,2,1098,685,649,36,678,7,470,208
30,326,2,1068,717,646,71,710,7,515,195
30,327,2,738,590,404,186,582,8,306,276
30,328,2,0,395,0,395,382,13,188,194
30,329,2,1171,926,761,165,915,11,639,276
30,330,2,1505,937,876,61,926,11,745,181
30,331,2,1568,1096,1030,66,1085,11,848,237
30,332,2,1041,721,643,78,714,7,541,173
30,333,2,715,462,432,30,455,7,385,70
30,334,2,897,539,508,31,534,5,376,158
30,335,2,1047,867,758,109,859,8,732,127
30,336,2,898,675,607,68,673,2,575,98
30,337,2,1588,1214,1122,92,1197,17,1088,109
30,338,2,999,656,592,64,647,9,432,215
30,339,2,546,429,398,31,423,6,343,80
30,340,2,961,704,663,41,696,8,571,125
30,341,2,1655,1177,1093,84,1165,12,942,223
30,342,2,1034,749,688,61,740,9,594,146
30,343,2,895,686,609,77,682,4,589,93
30,344,2,1033,727,651,76,716,11,625,91
30,345,2,197,199,189,10,195,4,118,77
30,346,2,1494,1264,1233,31,1258,6,986,272
30,347,2,1286,1039,983,56,1031,8,813,218
30,348,2,2016,1230,1175,55,1209,21,959,250
30,349,2,1755,1170,1098,72,1155,11,862,293
30,350,2,1102,695,625,70,678,17,606,72
30,351,2,1254,910,882,28,903,7,620,283
30,352,2,1264,955,900,55,948,7,694,254
30,353,2,774,624,594,30,621,3,454,167
30,354,2,1011,796,715,81,792,4,638,154
30,355,2,1191,803,735,68,800,3,603,197
30,356,2,1192,671,634,37,661,10,454,207
30,357,2,687,475,464,11,469,6,375,94
30,358,2,1485,1126,1063,63,1118,8,937,181
30,359,2,0,167,0,167,165,2,125,40
30,360,2,1589,1020,873,147,1006,14,742,264
30,361,2,758,531,477,54,527,4,431,96
30,362,2,515,418,358,60,413,5,315,98
30,363,2,524,473,403,70,465,8,340,125
30,364,2,535,432,360,72,429,3,315,114
30,365,2,1311,902,814,88,888,14,656,232
30,366,2,672,561,488,73,551,10,427,124
30,367,2,1161,780,706,74,767,13,509,258
30,368,2,1567,1147,1042,105,1140,7,853,287
30,369,2,1182,862,840,22,833,28,584,249
30,370,2,972,671,605,66,666,5,480,186
30,371,2,1271,886,808,78,881,5,655,226
30,372,2,1610,1153,1072,81,1147,6,812,335
30,373,2,1134,759,749,10,749,10,518,231
30,374,2,1580,1010,914,96,996,14,653,343
30,375,2,923,686,599,87,683,3,530,153
30,376,2,980,737,684,53,729,8,512,217
30,377,2,980,800,728,72,794,6,544,250
30,378,2,1381,1051,970,81,1040,11,775,265
30,379,2,771,556,522,34,549,7,385,164
30,380,2,1245,813,680,133,803,10,596,207
30,381,2,1787,1111,1024,87,1097,14,870,227
30,382,2,1564,905,808,97,897,8,648,249
30,383,2,969,684,586,98,681,3,454,227
30,384,2,1116,954,773,181,951,3,688,263
30,385,2,935,866,707,159,863,3,552,311
30,386,2,794,616,564,52,612,4,477,135
30,387,2,904,740,691,49,734,6,565,169
30,388,2,1448,1026,931,95,1020,6,906,114
30,389,2,1832,1107,989,118,1092,15,939,153
30,390,2,1121,639,516,123,636,3,457,179
30,391,2,378,243,220,23,236,7,185,51
30,392,2,859,429,401,28,422,7,274,148
30,393,2,1140,514,467,47,505,9,358,147
30,394,2,2208,1659,1501,158,1646,13,1116,530
30,395,2,2217,1542,1457,85,1514,28,1011,503
30,396,2,871,528,504,24,520,8,333,187
30,397,2,1030,695,659,36,692,3,458,234
30,398,2,355,256,229,27,253,3,163,90
30,399,2,206,172,142,30,169,3,95,74
30,400,2,965,538,475,63,532,6,360,172
30,401,2,1229,539,500,39,536,3,348,188
30,402,2,1166,779,697,82,774,5,541,233
30,403,2,837,550,501,49,545,5,398,147
30,404,2,1389,1043,937,106,1021,22,800,221
30,405,2,680,456,406,50,451,5,313,138
30,406,2,756,628,572,56,619,9,514,105
30,407,2,892,696,648,48,689,7,561,128
30,408,2,562,465,428,37,458,7,300,158
30,409,2,878,568,514,54,563,5,439,124
30,410,2,859,543,479,64,537,6,350,187
30,411,2,1044,669,615,54,661,8,504,157
30,412,2,941,570,502,68,560,10,358,202
30,413,2,674,563,492,71,560,3,426,134
30,414,2,1044,855,755,100,848,7,697,151
30,415,2,968,789,726,63,784,5,686,98
30,416,2,1645,1332,1190,142,1322,10,1091,231
30,417,2,618,540,479,61,540,0,458,82
30,418,2,728,545,462,83,541,4,427,114
30,419,2,1157,749,650,99,736,13,620,116
30,420,2,1092,739,692,47,724,15,497,227
30,421,2,988,681,638,43,671,10,452,219
30,422,2,1655,1134,1054,80,1122,12,689,433
30,423,2,1667,1154,1055,99,1135,19,711,424
30,424,2,1280,867,809,58,858,9,554,304
30,425,2,605,548,438,110,538,10,382,156
30,426,2,1292,929,889,40,922,7,736,186
30,427,2,1000,686,647,39,680,6,525,155
30,428,2,1307,839,820,19,833,6,634,199
30,429,2,724,530,508,22,525,5,432,93
30,430,2,679,535,498,37,530,5,329,201
30,431,2,1343,1124,1023,101,1117,7,960,157
30,432,2,1350,1041,913,128,1035,6,865,170
30,433,2,1327,879,836,43,876,3,756,120
30,434,2,1105,846,793,53,840,6,686,154
30,435,2,1692,1243,1149,94,1235,8,1049,186
30,436,2,1480,1065,984,81,1059,6,826,233
30,437,2,284,397,196,201,393,4,228,165
30,438,2,1465,939,850,89,932,7,620,312
30,439,2,786,481,459,22,466,15,338,128
30,440,2,801,547,522,25,542,5,435,107
30,441,2,1036,724,712,12,712,12,501,211
30,442,2,1489,868,806,62,850,18,514,336
30,443,2,1022,819,644,175,809,10,641,168
30,444,2,518,485,331,154,482,3,351,131
30,445,2,884,653,601,52,643,10,456,187
30,446,2,927,696,548,148,683,13,430,253
30,447,2,617,438,423,15,436,2,312,124
30,448,2,760,586,538,48,582,4,385,197
30,449,2,814,665,603,62,658,7,428,230
30,450,2,923,501,476,25,498,3,373,125
30,451,2,784,412,393,19,403,7,284,119
30,452,2,967,593,540,53,583,10,414,169
30,453,2,1343,681,625,56,675,6,475,200
30,454,2,1117,848,745,103,841,7,620,221
30,455,2,1145,762,710,52,754,8,507,247
30,456,2,757,525,504,21,519,6,299,220
30,457,2,1154,772,717,55,764,8,526,238
30,458,2,1447,804,762,42,797,7,624,173
30,459,2,546,406,363,43,404,2,310,94
30,460,2,1212,948,828,120,939,9,682,257
30,461,2,1410,1193,956,237,1184,9,772,412
30,462,2,503,400,380,20,394,6,279,115
30,463,2,777,648,581,67,645,3,460,185
30,464,2,852,697,610,87,691,6,463,228
30,465,2,1305,829,755,74,824,5,626,198
30,466,2,640,513,468,45,508,5,434,74
30,467,2,562,418,385,33,417,1,337,80
30,468,2,771,590,534,56,583,7,425,158
30,469,2,227,201,168,33,200,1,172,28
30,470,2,959,739,670,69,732,7,620,112
30,471,2,1003,802,724,78,796,6,539,257
30,472,2,943,709,614,95,704,5,578,126
30,473,2,1660,1274,1177,97,1255,19,926,329
30,474,2,363,305,250,55,301,4,242,59
30,475,2,1223,893,836,57,876,17,591,285
30,476,2,1074,888,869,19,882,6,643,239
30,477,2,1054,770,730,40,767,3,517,250
30,478,2,1153,919,861,58,908,11,707,201
30,479,2,1700,1076,1005,71,1067,9,819,248
30,480,2,1367,996,952,44,981,15,672,309
30,481,2,861,546,491,55,543,3,420,123
30,482,2,483,314,280,34,311,3,208,103
30,483,2,317,242,181,61,238,4,159,79
30,484,2,914,553,509,44,547,6,370,177
30,485,2,824,544,477,67,529,15,368,161
30,486,2,700,502,456,46,500,2,350,150
30,487,2,1051,676,639,37,664,12,556,108
30,488,2,1082,773,696,77,762,11,671,91
30,489,2,1025,730,663,67,727,3,619,108
30,490,2,1343,979,922,57,967,12,665,302
30,491,2,1472,1071,947,124,1067,4,818,249
30,492,2,859,649,631,18,644,5,456,188
30,493,2,1350,971,925,46,960,11,733,227
30,494,2,1064,744,724,20,739,5,538,201
30,495,2,1500,856,793,63,853,3,578,275
30,496,2,625,484,461,23,480,4,397,83
30,497,2,1615,976,906,70,963,13,778,185
30,498,2,1430,1016,928,88,1006,10,826,180
30,499,2,1225,838,810,28,832,6,697,135
30,500,2,586,502,424,78,497,5,443,54
30,501,2,1629,1191,1156,35,1176,15,996,180
30,502,2,1295,818,726,92,812,6,643,169
30,503,2,1479,1075,1006,69,1068,7,664,404
30,504,2,814,577,524,53,572,5,338,234
30,505,2,862,542,488,54,533,9,337,196
30,506,2,1163,703,562,141,696,7,476,220
30,507,2,1798,1251,1195,56,1234,17,801,433
30,508,2,484,348,298,50,345,3,260,85
30,509,2,1353,788,739,49,775,13,607,168
30,510,2,1156,663,627,36,659,4,514,145
30,511,2,1850,1261,1196,65,1251,10,890,361
30,512,2,940,733,701,32,729,4,535,194
30,513,2,1125,742,670,72,731,11,519,212
30,514,2,1398,1108,1010,98,1099,9,802,297
30,515,2,1618,1100,1034,66,1096,4,844,252
30,516,2,100,87,79,8,87,0,78,9
30,517,2,1226,903,848,55,897,6,657,240
30,518,2,1701,1170,1132,38,1159,11,820,339
30,519,2,1273,932,865,67,926,6,662,264
30,520,2,669,535,474,61,529,6,425,104
30,521,2,532,317,307,10,317,0,229,88
30,522,2,1735,1103,1056,47,1089,14,804,285
30,523,2,1709,1106,1035,71,1088,18,813,275
30,524,2,1470,959,891,68,954,5,808,146
30,525,2,649,447,418,29,446,1,319,127
30,526,2,0,249,0,249,242,7,148,94
30,527,2,1479,1179,1072,107,1164,15,942,222
30,528,2,573,489,451,38,484,5,356,128
30,529,2,1142,709,681,28,703,6,547,156
30,530,2,1185,735,715,20,727,8,524,203
30,531,2,1182,798,743,55,784,14,550,234
30,532,2,2073,1221,1108,113,1215,6,869,346
30,533,2,1063,702,634,68,694,8,486,208
30,534,2,1128,698,610,88,694,4,486,208
30,535,2,1309,852,791,61,849,3,657,192
30,536,2,930,636,605,31,629,7,491,138
30,537,2,1464,771,696,75,755,16,560,195
30,538,2,120,105,65,40,105,0,87,18
30,539,2,1209,868,812,56,859,9,608,251
30,540,2,1026,751,671,80,744,7,608,136
30,541,2,994,809,744,65,803,6,701,102
30,542,2,1074,720,681,39,714,6,490,224
30,543,2,834,573,554,19,564,9,388,176
30,544,2,1580,1199,1126,73,1191,8,1026,165
30,545,2,1276,939,856,83,930,9,773,157
30,546,2,930,775,715,60,766,9,603,163
30,547,2,943,663,582,81,656,7,476,180
30,548,2,755,623,521,102,618,5,470,148
30,549,2,1287,996,951,45,983,12,684,299
30,550,2,828,654,633,21,648,6,525,123
30,551,2,608,468,457,11,459,9,357,102
30,552,2,441,361,335,26,357,4,269,88
31,1,2,2038,1463,1340,123,1443,20,94,1349
31,2,2,1295,851,821,30,843,8,134,709
31,3,2,1944,1254,1231,23,1246,8,108,1138
31,4,2,1350,951,880,71,939,12,87,852
31,5,2,1722,1158,1026,132,1153,5,290,863
31,6,2,1359,1026,777,249,1015,11,207,808
31,7,2,1079,740,686,54,733,7,152,581
31,8,2,1651,1231,1196,35,1225,6,253,972
31,9,2,2014,1274,1193,81,1264,10,296,968
31,10,2,1664,1136,1042,94,1128,8,266,862
31,11,2,1744,1323,1175,148,1318,5,299,1019
31,12,2,1851,1233,1188,45,1219,14,158,1061
31,13,2,1613,1354,1015,339,1343,11,254,1089
31,14,2,1728,1289,1090,199,1285,4,351,934
31,15,2,1947,1270,1141,129,1266,4,394,872
31,16,2,1307,973,827,146,967,6,248,719
31,17,2,1360,1066,929,137,1059,7,224,835
31,18,2,1344,973,899,74,970,3,159,811
31,19,2,1192,979,901,78,975,4,192,783
31,20,2,1445,1087,931,156,1083,4,223,860
31,21,2,1545,1384,1024,360,1374,10,478,896
31,22,2,2325,1629,1368,261,1621,8,420,1201
31,23,2,1186,910,770,140,905,5,290,615
31,24,2,1600,1443,1140,303,1432,11,388,1044
31,25,2,1107,721,664,57,714,7,185,529
31,26,2,2011,1268,1031,237,1264,4,354,910
31,27,2,1478,1046,980,66,1039,7,282,757
31,28,2,1756,1172,1074,98,1164,8,302,862
31,29,2,2388,1547,1435,112,1540,7,447,1093
31,30,2,1826,1367,1251,116,1361,6,377,984
31,31,2,1594,1035,1006,29,1030,5,214,816
31,32,2,1433,874,794,80,871,3,245,626
31,33,2,1475,1008,837,171,1000,8,219,781
31,34,2,1233,1121,827,294,1117,4,334,783
31,35,2,1596,1143,869,274,1141,2,319,822
31,36,2,1793,1362,1069,293,1351,11,368,983
31,37,2,1485,889,801,88,874,15,342,532
31,38,2,1349,898,839,59,887,11,339,548
31,39,2,1662,1094,897,197,1088,6,336,752
31,40,2,1482,1059,945,114,1054,5,356,698
31,41,2,2079,1431,961,470,1414,17,445,969
31,42,2,2294,1450,1378,72,1443,7,385,1058
31,43,2,2217,1655,1541,114,1649,6,348,1301
31,44,2,2295,1820,1564,256,1809,11,555,1254
31,45,2,1851,1440,1112,328,1427,13,387,1040
31,46,2,2043,1481,1315,166,1476,5,443,1033
31,47,2,1696,1109,1023,86,1105,4,281,824
31,48,2,2351,1404,1310,94,1392,12,267,1125
31,49,2,2134,1291,1218,73,1276,15,228,1048
31,50,2,1408,865,807,58,863,2,245,618
31,51,2,2042,1485,1332,153,1481,4,429,1052
31,52,2,2070,1492,1355,137,1486,6,428,1058
31,53,2,2224,1626,1497,129,1622,4,470,1152
31,54,2,2334,1481,1342,139,1475,6,427,1048
31,55,2,2212,1594,1533,61,1584,10,480,1104
31,56,2,2023,1359,1306,53,1350,9,430,920
31,57,2,1432,856,825,31,855,1,231,624
31,58,2,1149,897,782,115,894,3,501,393
31,59,2,1443,919,772,147,912,7,152,760
31,60,2,1354,1095,879,216,1089,6,307,782
31,61,2,1908,1327,1189,138,1320,7,216,1104
31,62,2,1698,1256,1074,182,1248,8,247,1001
31,63,2,1200,882,786,96,880,2,178,702
31,64,2,1230,965,815,150,956,9,223,733
31,65,2,1543,1127,892,235,1124,3,255,869
31,66,2,1203,983,746,237,979,4,280,699
31,67,2,1936,1629,1285,344,1619,10,277,1342
31,68,2,1280,1001,733,268,980,21,189,791
31,69,2,1559,1125,971,154,1115,10,190,925
31,70,2,1961,1442,1270,172,1426,16,328,1098
31,71,2,0,371,0,371,355,16,267,88
31,72,2,373,380,319,61,380,0,336,44
31,73,2,3048,1628,1445,183,1616,12,802,814
31,74,2,0,58,0,58,57,1,24,33
31,75,2,1834,664,630,34,648,16,410,238
31,76,2,2665,1174,1037,137,1162,12,607,555
31,77,2,2789,1262,1154,108,1247,15,763,484
31,78,2,1448,562,511,51,554,8,405,149
31,79,2,1409,1038,881,157,1034,4,299,735
31,80,2,1500,1005,845,160,1000,5,308,692
31,81,2,1766,1201,1048,153,1191,10,370,821
31,82,2,936,1067,936,131,1049,18,264,785
31,83,2,731,597,531,66,588,9,366,222
31,84,2,432,338,309,29,329,9,256,73
31,85,2,186,185,168,17,185,0,126,59
31,86,2,142,142,122,20,141,1,85,56
31,87,2,0,215,0,215,214,1,117,97
31,88,2,1270,948,864,84,931,17,251,680
31,89,2,405,411,387,24,409,2,34,375
31,90,2,477,444,385,59,438,6,348,90
31,91,2,1041,826,766,60,812,14,320,492
31,92,2,694,490,425,65,484,6,251,233
31,93,2,418,387,344,43,377,10,21,356
31,94,2,1824,1567,1500,67,1540,27,891,649
31,95,2,316,322,291,31,322,0,230,92
31,96,2,1586,1325,1249,76,1313,12,593,720
31,97,2,1340,1006,895,111,993,13,104,889
31,98,2,540,507,437,70,500,7,416,84
31,99,2,558,551,496,55,542,9,467,75
31,100,2,789,605,548,57,601,4,407,194
31,101,2,1869,973,903,70,956,17,768,188
31,102,2,863,581,547,34,575,6,462,113
31,103,2,1166,855,788,67,839,16,235,604
31,104,2,148,154,135,19,152,2,126,26
31,105,2,735,725,614,111,714,11,113,601
31,106,2,663,374,355,19,363,11,105,258
31,107,2,1580,1611,1544,67,1598,13,17,1581
31,108,2,1215,1115,1044,71,1106,9,645,461
31,109,2,2030,872,840,32,867,5,438,429
31,110,2,1199,721,670,51,718,3,525,193
31,111,2,1949,1062,920,142,1058,4,610,448
31,112,2,1406,805,781,24,796,9,641,155
31,113,2,628,453,406,47,451,2,295,156
31,114,2,971,1002,906,96,994,8,8,986
31,115,2,864,699,623,76,689,10,462,227
31,116,2,418,439,375,64,435,4,364,71
31,117,2,702,612,560,52,602,10,53,549
31,118,2,1168,901,862,39,894,7,97,797
31,119,2,1007,718,645,73,711,7,94,617
31,120,2,737,584,568,16,577,7,7,570
31,121,2,327,268,256,12,262,6,51,211
31,122,2,1947,823,733,90,815,8,340,475
31,123,2,525,283,179,104,282,1,176,106
31,124,2,655,342,284,58,339,3,281,58
31,125,2,973,355,328,27,354,1,71,283
31,126,2,937,341,317,24,339,2,43,296
31,127,2,2271,1830,1763,67,1808,22,32,1776
31,128,2,1081,1014,991,23,1005,9,34,971
31,129,2,420,353,304,49,346,7,205,141
31,130,2,911,731,660,71,719,12,56,663
31,131,2,119,152,117,35,152,0,114,38
31,132,2,151,143,112,31,142,1,43,99
31,133,2,209,203,182,21,201,2,138,63
31,134,2,107,97,86,11,96,1,64,32
31,135,2,871,564,508,56,550,14,313,237
31,136,2,652,488,467,21,483,5,47,436
31,137,2,322,281,242,39,277,4,222,55
31,138,2,2398,778,729,49,770,8,585,185
31,139,2,794,491,408,83,484,7,256,228
31,140,2,841,450,450,0,447,3,254,193
31,141,2,1144,867,756,111,846,21,347,499
31,142,2,744,641,586,55,628,13,388,240
31,143,2,549,476,457,19,475,1,296,179
31,144,2,1537,1106,1064,42,1102,4,842,260
31,145,2,1022,968,859,109,938,30,467,471
31,146,2,955,799,685,114,790,9,161,629
31,147,2,642,491,424,67,486,5,116,370
31,148,2,550,462,426,36,455,7,318,137
31,149,2,1219,839,773,66,828,11,415,413
31,150,2,950,605,544,61,594,11,302,292
31,151,2,1449,1330,1190,140,1271,59,18,1253
31,152,2,827,723,710,13,722,1,1,721
31,153,2,1555,1211,1169,42,1201,10,36,1165
31,154,2,960,378,361,17,372,6,194,178
31,155,2,829,332,301,31,328,4,251,77
31,156,2,1311,773,705,68,758,15,167,591
31,157,2,1300,932,752,180,907,25,245,662
31,158,2,295,282,258,24,279,3,8,271
31,159,2,1151,1123,1093,30,1101,22,20,1081
31,160,2,686,700,675,25,689,11,17,672
31,161,2,307,220,195,25,219,1,183,36
31,162,2,748,541,476,65,531,10,23,508
31,163,2,760,675,598,77,658,17,611,47
31,164,2,559,532,504,28,526,6,7,519
31,165,2,606,578,538,40,573,5,4,569
31,166,2,1075,752,663,89,747,5,569,178
31,167,2,562,405,349,56,400,5,289,111
31,168,2,381,376,346,30,371,5,319,52
31,169,2,1637,1288,1245,43,1279,9,95,1184
31,170,2,537,505,368,137,502,3,29,473
31,171,2,769,663,600,63,644,19,58,586
31,172,2,655,496,442,54,494,2,15,479
31,173,2,2340,1580,1532,48,1558,22,151,1407
31,174,2,1741,1179,1143,36,1153,26,178,975
31,175,2,662,540,501,39,536,4,316,220
31,176,2,1828,1296,1175,121,1282,14,774,508
31,177,2,665,421,397,24,410,11,166,244
31,178,2,519,429,374,55,429,0,343,86
31,179,2,834,697,661,36,685,12,310,375
31,180,2,753,618,559,59,606,12,150,456
31,181,2,462,366,334,32,363,3,240,123
31,182,2,2026,1368,1262,106,1323,45,244,1079
31,183,2,520,412,399,13,411,1,244,167
31,184,2,915,643,616,27,638,5,263,375
31,185,2,841,542,506,36,535,7,63,472
31,186,2,1109,814,780,34,805,9,151,654
31,187,2,380,483,370,113,481,2,343,138
31,188,2,1766,1073,969,104,1061,12,263,798
31,189,2,1693,989,965,24,979,10,322,657
31,190,2,1549,1228,1162,66,1219,9,52,1167
31,191,2,554,396,365,31,392,4,326,66
31,192,2,744,419,391,28,417,2,205,212
31,193,2,1794,978,930,48,973,5,763,210
31,194,2,460,473,444,29,457,16,2,455
31,195,2,573,457,365,92,455,2,140,315
31,196,2,1263,856,744,112,851,5,28,823
31,197,2,601,538,456,82,524,14,187,337
31,198,2,473,364,282,82,361,3,106,255
31,199,2,226,216,168,48,212,4,161,51
31,200,2,1315,1071,1022,49,1061,10,34,1027
31,201,2,1401,1070,1019,51,1050,20,290,760
31,202,2,1582,1137,1060,77,1111,26,343,768
31,203,2,354,325,275,50,321,4,159,162
31,204,2,413,434,370,64,432,2,348,84
31,205,2,1067,697,595,102,687,10,484,203
31,206,2,855,517,430,87,510,7,321,189
31,207,2,1244,859,798,61,849,10,73,776
31,208,2,1326,999,910,89,990,9,375,615
31,209,2,1262,1015,961,54,1003,12,67,936
31,210,2,235,261,179,82,258,3,194,64
31,211,2,254,238,205,33,234,4,195,39
31,212,2,1564,1415,1303,112,1403,12,780,623
31,213,2,555,482,445,37,477,5,231,246
31,214,2,814,671,618,53,659,12,122,537
31,215,2,281,228,204,24,225,3,152,73
31,216,2,547,442,367,75,436,6,319,117
31,217,2,270,233,181,52,228,5,124,104
31,218,2,535,545,515,30,536,9,38,498
31,219,2,1514,1088,966,122,1077,11,722,355
31,220,2,963,773,719,54,748,25,13,735
31,221,2,710,705,645,60,699,6,433,266
31,222,2,678,425,364,61,417,8,323,94
31,223,2,248,208,171,37,201,7,114,87
31,224,2,468,474,436,38,443,31,409,34
31,225,2,368,368,329,39,367,1,273,94
31,226,2,416,250,236,14,242,8,156,86
31,227,2,710,684,620,64,676,8,431,245
31,228,2,1411,995,878,117,976,19,695,281
31,229,2,427,315,291,24,314,1,231,83
31,230,2,896,542,514,28,536,6,429,107
31,231,2,474,463,410,53,459,4,169,290
31,232,2,412,392,357,35,391,1,338,53
31,233,2,410,394,346,48,390,4,289,101
31,234,2,1171,989,858,131,971,18,230,741
31,235,2,614,530,468,62,525,5,362,163
31,236,2,1746,691,684,7,688,3,220,468
31,237,2,288,158,152,6,157,1,61,96
31,238,2,1855,884,857,27,871,13,504,367
31,239,2,1135,516,493,23,505,11,258,247
31,240,2,789,403,384,19,399,4,267,132
31,241,2,1013,487,446,41,482,5,297,185
31,242,2,910,789,743,46,779,10,14,765
31,243,2,1187,901,832,69,880,21,52,828
31,244,2,778,553,495,58,545,8,383,162
31,245,2,1305,1251,1171,80,1245,6,26,1219
31,246,2,766,512,431,81,507,5,306,201
31,247,2,308,227,179,48,226,1,124,102
31,248,2,476,402,326,76,395,7,292,103
31,249,2,398,327,202,125,327,0,291,36
31,250,2,1961,1208,1160,48,1196,12,621,575
31,251,2,622,472,443,29,467,5,346,121
31,252,2,1450,768,632,136,755,13,110,645
31,253,2,1200,877,755,122,869,8,34,835
31,254,2,530,597,395,202,593,4,427,166
31,255,2,770,469,369,100,466,3,357,109
31,256,2,288,255,204,51,252,3,232,20
31,257,2,1597,1094,798,296,1080,14,141,939
32,1,2,1668,1248,1142,106,1235,13,224,1011
32,2,2,1990,1384,1274,110,1378,6,542,836
32,3,2,2087,1501,1457,44,1496,5,594,902
32,4,2,1914,1286,1185,101,1281,5,517,764
32,5,2,2055,1659,1517,142,1651,6,610,1041
32,6,2,1903,1418,1295,123,1415,3,662,753
32,7,2,2046,1348,1195,153,1342,6,632,710
32,8,2,1883,1371,1260,111,1363,8,671,692
32,9,2,2273,1446,1340,106,1441,5,723,718
32,10,2,1820,1154,1036,118,1149,5,553,596
32,11,2,1870,1211,968,243,1206,5,609,597
32,12,2,1961,1123,950,173,1117,6,587,530
32,13,2,2136,1345,1231,114,1341,4,604,737
32,14,2,2126,1265,1189,76,1258,7,531,727
32,15,2,1920,1225,1180,45,1223,2,553,670
32,16,2,2109,1135,1006,129,1128,7,474,654
32,17,2,1702,1003,881,122,1001,2,460,541
32,18,2,2078,1178,1152,26,1172,6,604,568
32,19,2,1981,1144,1095,49,1139,5,541,598
32,20,2,2110,1323,1266,57,1315,8,610,705
32,21,2,1946,1366,1340,26,1361,5,664,697
32,22,2,2061,1364,1302,62,1361,3,677,684
32,23,2,1177,775,702,73,765,10,583,182
32,24,2,406,346,305,41,343,3,278,65
32,25,2,0,353,0,353,351,2,186,165
32,26,2,648,612,587,25,591,21,396,195
32,27,2,1429,1088,912,176,1081,7,225,856
32,28,2,1411,1030,913,117,1019,11,294,725
32,29,2,1421,1042,980,62,1031,11,283,748
32,30,2,190,190,160,30,190,0,157,33
32,31,2,532,449,405,44,447,2,391,56
32,32,2,555,532,465,67,529,3,351,178
32,33,2,814,565,544,21,555,10,174,381
32,34,2,1763,1298,1098,200,1290,8,786,504
32,35,2,1892,1124,1088,36,1118,6,749,369
32,36,2,1482,1038,863,175,1031,7,633,398
32,37,2,1700,1159,1114,45,1135,24,572,563
32,38,2,445,342,271,71,335,7,227,108
32,39,2,564,516,474,42,514,2,472,42
32,40,2,405,391,357,34,391,0,312,79
32,41,2,2081,1453,1344,109,1430,23,588,842
32,42,2,2170,1496,1416,80,1487,9,466,1021
32,43,2,2153,1723,1400,323,1710,13,465,1245
32,44,2,2082,1327,1262,65,1322,5,396,926
32,45,2,2272,1459,1387,72,1442,17,459,983
32,46,2,1554,1002,953,49,981,21,625,356
32,47,2,317,331,316,15,321,10,159,162
32,48,2,969,802,690,112,781,21,476,305
32,49,2,483,483,413,70,479,4,65,414
32,50,2,613,466,418,48,463,3,265,198
32,51,2,420,390,358,32,385,5,42,343
32,52,2,247,240,213,27,236,4,166,70
32,53,2,854,613,532,81,608,5,431,177
32,54,2,772,448,375,73,440,8,327,113
32,55,2,204,216,172,44,216,0,159,57
32,56,2,378,315,273,42,315,0,291,24
32,57,2,952,686,615,71,675,11,506,169
32,58,2,557,576,397,179,572,4,417,155
32,59,2,684,548,530,18,543,5,424,119
32,60,2,446,381,342,39,380,1,315,65
32,61,2,704,648,470,178,647,1,500,147
32,62,2,1163,1003,885,118,992,11,621,371
32,63,2,842,721,658,63,715,6,397,318
32,64,2,446,379,340,39,376,3,224,152
32,65,2,637,538,487,51,533,5,387,146
32,66,2,491,368,345,23,365,3,127,238
32,67,2,1221,889,837,52,886,3,599,287
32,68,2,1112,952,881,71,939,13,727,212
32,69,2,555,400,346,54,397,3,271,126
32,70,2,822,698,669,29,692,6,499,193
32,71,2,1148,1098,1068,30,1087,11,12,1075
32,72,2,707,562,480,82,560,2,380,180
32,73,2,1290,1043,894,149,1036,7,491,545
32,74,2,350,399,307,92,396,3,282,114
32,75,2,276,237,183,54,231,6,136,95
32,76,2,337,424,252,172,419,5,247,172
32,77,2,1577,1432,1368,64,1424,8,84,1340
32,78,2,1022,995,890,105,983,12,6,977
32,79,2,168,152,125,27,152,0,111,41
32,80,2,1431,873,748,125,863,10,567,296
32,81,2,495,375,341,34,373,2,306,67
32,82,2,1568,895,766,129,885,10,544,341
32,83,2,490,376,285,91,370,6,261,109
32,84,2,427,391,326,65,387,4,241,146
32,85,2,386,339,311,28,334,5,4,330
32,86,2,331,355,260,95,353,2,275,78
32,87,2,1730,1474,1355,119,1464,10,83,1381
32,88,2,1441,1174,1141,33,1155,19,46,1109
32,89,2,594,575,491,84,563,12,238,325
32,90,2,826,619,575,44,605,14,455,150
32,91,2,544,517,425,92,514,3,355,159
32,92,2,498,431,381,50,427,4,263,164
32,93,2,848,639,585,54,632,7,405,227
32,94,2,632,413,376,37,410,3,312,98
32,95,2,808,497,483,14,489,8,328,161
32,96,2,248,205,182,23,203,2,162,41
32,97,2,433,327,305,22,325,2,279,46
32,98,2,780,628,571,57,624,4,512,112
32,99,2,335,293,253,40,290,3,9,281
32,100,2,529,466,395,71,461,5,214,247
32,101,2,922,857,790,67,851,6,536,315
32,102,2,206,226,193,33,226,0,192,34
32,103,2,648,500,440,60,454,44,260,194
32,104,2,188,168,137,31,168,0,132,36
32,105,2,424,370,334,36,369,1,160,209
32,106,2,582,524,421,103,518,6,15,503
32,107,2,152,159,114,45,159,0,59,100
32,108,2,356,347,293,54,345,2,3,342
32,109,2,516,474,368,106,471,3,405,66
32,110,2,193,196,127,69,195,1,164,31
32,111,2,100,107,60,47,104,3,56,48
32,112,2,302,299,190,109,295,4,217,78
32,113,2,577,503,421,82,498,5,153,345
32,114,2,839,394,368,26,386,8,273,113
32,115,2,921,839,717,122,837,2,674,163
32,116,2,618,498,409,89,494,4,379,115
32,117,2,614,573,473,100,571,2,368,203
32,118,2,656,482,420,62,477,5,318,159
32,119,2,263,287,227,60,284,3,265,19
32,120,2,423,380,331,49,379,1,296,83
32,121,2,252,238,195,43,236,2,158,78
32,122,2,325,260,216,44,254,6,172,82
32,123,2,425,362,321,41,359,3,309,50
32,124,2,931,621,588,33,616,5,364,252
32,125,2,312,238,223,15,232,6,141,91
32,126,2,447,318,302,16,312,6,186,126
32,127,2,471,311,272,39,310,1,168,142
32,128,2,854,566,503,63,561,5,390,171
32,129,2,1086,785,705,80,777,8,79,698
32,130,2,444,355,311,44,349,6,54,295
32,131,2,594,578,532,46,571,7,65,506
32,132,2,1066,928,835,93,925,3,751,174
32,133,2,538,483,406,77,481,2,378,103
32,134,2,844,698,549,149,694,4,605,89
32,135,2,313,324,295,29,321,3,296,25
32,136,2,777,727,611,116,720,7,336,384
32,137,2,463,272,235,37,272,0,205,67
32,138,2,439,313,268,45,306,7,242,64
32,139,2,824,588,480,108,581,7,337,244
32,140,2,1140,813,689,124,807,6,526,281
32,141,2,286,169,138,31,168,1,125,43
32,142,2,328,226,202,24,225,1,175,50
32,143,2,405,257,217,40,252,5,160,92
32,144,2,1320,1040,966,74,1026,14,199,827
32,145,2,912,640,605,35,634,6,356,278
32,146,2,910,885,784,101,869,16,30,839
32,147,2,857,641,576,65,639,2,523,116
32,148,2,630,453,411,42,450,3,375,75
32,149,2,611,494,453,41,492,2,383,109
32,150,2,276,177,161,16,175,2,140,35
32,151,2,612,623,521,102,619,4,477,142
32,152,2,184,199,158,41,197,2,153,44
32,153,2,261,263,214,49,261,2,242,19
32,154,2,1474,987,930,57,982,5,678,304
32,155,2,414,341,325,16,334,7,35,299
32,156,2,533,477,452,25,474,3,341,133
32,157,2,660,543,493,50,538,5,401,137
32,158,2,511,405,373,32,404,1,298,106
32,159,2,273,212,186,26,210,2,178,32
32,160,2,998,711,672,39,703,8,424,279
32,161,2,280,211,193,18,210,1,128,82
32,162,2,428,414,395,19,414,0,34,380
32,163,2,573,459,388,71,452,7,185,267
32,164,2,873,622,587,35,614,8,246,368
32,165,2,111,87,72,15,87,0,65,22
32,166,2,756,710,644,66,706,4,401,305
32,167,2,687,489,434,55,484,5,369,115
32,168,2,397,241,214,27,241,0,154,87
32,169,2,606,350,319,31,349,1,268,81
32,170,2,807,620,548,72,618,2,505,113
32,171,2,640,530,461,69,526,4,420,106
32,172,2,500,324,267,57,323,1,269,54
32,173,2,558,412,362,50,412,0,312,100
32,174,2,2313,2110,1928,182,2090,20,226,1864
32,175,2,429,433,407,26,430,3,4,426
32,176,2,1345,1248,1175,73,1235,13,38,1197
32,177,2,2140,1821,1729,92,1802,19,226,1576
32,178,2,698,589,543,46,585,4,306,279
32,179,2,327,319,282,37,315,4,190,125
32,180,2,867,568,525,43,561,7,324,237
32,181,2,615,239,210,29,235,4,52,183
32,182,2,641,354,327,27,346,8,223,123
32,183,2,731,529,484,45,524,5,355,169
32,184,2,500,367,344,23,365,2,287,78
32,185,2,996,782,686,96,770,11,600,170
32,186,2,470,462,404,58,459,3,386,73
32,187,2,360,309,276,33,308,1,206,102
32,188,2,482,426,381,45,424,2,339,85
32,189,2,854,682,584,98,675,7,536,139
32,190,2,266,288,247,41,288,0,174,114
32,191,2,449,403,370,33,397,6,351,46
32,192,2,914,646,589,57,637,9,494,143
32,193,2,378,317,289,28,311,6,145,166
32,194,2,251,259,242,17,259,0,116,143
32,195,2,927,810,763,47,791,19,27,764
32,196,2,348,379,308,71,371,8,155,216
32,197,2,728,525,478,47,523,2,371,152
32,198,2,1073,657,613,44,642,15,345,297
32,199,2,1070,525,459,66,516,9,242,274
32,200,2,710,313,271,42,302,11,196,106
32,201,2,977,662,576,86,652,10,494,158
32,202,2,541,501,453,48,494,7,415,79
32,203,2,1084,861,752,109,855,6,607,248
32,204,2,525,355,281,74,351,4,233,118
32,205,2,647,523,475,48,521,2,336,185
32,206,2,379,332,280,52,331,1,256,75
32,207,2,967,957,806,151,950,7,743,207
32,208,2,302,322,288,34,322,0,277,45
32,209,2,403,382,349,33,380,2,299,81
32,210,2,374,398,354,44,395,3,346,49
32,211,2,709,787,649,138,786,1,625,161
32,212,2,345,255,235,20,255,0,239,16
32,213,2,1265,1085,1023,62,1078,7,32,1046
32,214,2,2518,2381,2299,82,2369,12,99,2270
32,215,2,1100,832,783,49,823,9,269,554
32,216,2,653,610,507,103,601,9,7,594
32,217,2,664,562,522,40,555,7,96,459
32,218,2,942,749,658,91,742,7,497,245
32,219,2,379,262,226,36,262,0,157,105
32,220,2,522,520,436,84,516,4,409,107
32,221,2,1712,1193,1141,52,1178,15,774,404
32,222,2,780,582,558,24,579,3,458,121
32,223,2,1250,995,977,18,979,16,110,869
32,224,2,719,509,440,69,504,5,312,192
32,225,2,611,411,372,39,410,1,254,156
32,226,2,608,433,376,57,430,3,286,144
32,227,2,777,753,669,84,742,11,593,149
32,228,2,118,141,110,31,140,1,102,38
32,229,2,265,237,196,41,236,1,164,72
33,1,2,1248,848,763,85,848,0,288,560
33,2,2,1214,858,749,109,849,9,330,519
33,3,2,1554,1079,980,99,1075,4,383,692
33,4,2,1284,816,752,64,814,2,278,536
33,5,2,1548,971,901,70,961,10,353,608
33,6,2,1565,924,865,59,914,10,386,528
33,7,2,1341,896,789,107,892,4,385,507
33,8,2,1313,882,818,64,867,15,351,516
33,9,2,1028,815,644,171,809,6,325,484
33,10,2,1200,914,825,89,908,6,366,542
33,11,2,1524,1137,959,178,1124,13,406,718
33,12,2,1496,1136,892,244,1133,3,366,767
33,13,2,2282,1468,1365,103,1451,17,554,897
33,14,2,1444,1014,879,135,1006,8,361,645
33,15,2,1607,1206,1069,137,1203,3,485,718
33,16,2,1841,1180,1004,176,1168,12,417,751
33,17,2,1136,888,818,70,877,11,353,524
33,18,2,1273,967,889,78,960,7,390,570
33,19,2,1310,924,851,73,919,5,367,552
33,20,2,1684,1435,1023,412,1428,7,421,1007
33,21,2,1332,1020,947,73,1006,14,403,603
33,22,2,1566,1155,1062,93,1150,5,461,689
33,23,2,1423,1010,895,115,999,11,365,634
33,24,2,1524,1019,910,109,1013,6,318,695
33,25,2,1743,1180,928,252,1170,10,452,718
33,26,2,1553,1226,1112,114,1221,5,438,783
33,27,2,1210,751,664,87,750,1,277,473
33,28,2,1597,1217,1073,144,1213,4,541,672
33,29,2,1043,747,679,68,745,2,315,430
33,30,2,1542,1175,1029,146,1164,11,443,721
33,31,2,1576,1162,1070,92,1144,18,414,730
33,32,2,1432,1033,879,154,1028,5,449,579
33,33,2,1409,945,864,81,939,6,365,574
33,34,2,1542,1158,1062,96,1151,7,443,708
33,35,2,1482,990,881,109,989,1,431,558
33,36,2,1423,1052,945,107,1047,5,341,706
33,37,2,1609,1320,1236,84,1308,12,453,855
33,38,2,1218,922,861,61,920,2,293,627
33,39,2,1609,1209,1153,56,1198,11,425,773
33,40,2,1768,1333,1199,134,1331,2,449,882
33,41,2,1606,1216,1136,80,1207,9,465,742
33,42,2,1806,1221,1126,95,1216,5,429,787
33,43,2,1364,960,915,45,949,11,321,628
33,44,2,1982,1381,1297,84,1371,10,479,892
33,45,2,1547,1158,1040,118,1153,5,359,794
33,46,2,1194,914,837,77,907,7,327,580
33,47,2,1176,728,643,85,720,8,256,464
33,48,2,1306,1050,980,70,1047,3,360,687
33,49,2,1919,1410,1265,145,1398,12,612,786
33,50,2,1906,1323,1245,78,1313,10,520,793
33,51,2,1439,1120,1041,79,1116,4,436,680
33,52,2,1242,992,900,92,988,4,362,626
33,53,2,1149,871,800,71,863,8,383,480
33,54,2,1142,791,736,55,787,4,300,487
33,55,2,998,765,658,107,763,2,326,437
33,56,2,1500,1116,981,135,1112,4,421,691
33,57,2,1631,1231,1153,78,1230,1,490,740
33,58,2,1572,1187,1127,60,1183,4,470,713
33,59,2,1932,1525,1269,256,1512,13,559,953
33,60,2,1317,951,766,185,945,6,369,576
33,61,2,1452,940,843,97,936,4,376,560
33,62,2,1748,1313,1240,73,1302,11,464,838
33,63,2,2055,1426,1239,187,1416,10,533,883
33,64,2,1657,1165,1084,81,1163,2,458,705
33,65,2,1619,1200,1075,125,1187,13,467,720
33,66,2,1786,1368,1228,140,1362,6,477,885
33,67,2,1980,1357,1218,139,1348,9,601,747
33,68,2,1824,1165,1048,117,1155,10,514,641
33,69,2,1584,1169,1070,99,1164,5,507,657
33,70,2,1246,906,845,61,903,3,377,526
33,71,2,1765,1214,1146,68,1206,8,525,681
33,72,2,1755,1182,1094,88,1177,5,468,709
33,73,2,1386,1038,971,67,1033,5,391,642
33,74,2,1372,926,865,61,915,11,427,488
33,75,2,1912,1261,1150,111,1258,3,522,736
33,76,2,1478,1095,1025,70,1084,11,431,653
33,77,2,1213,943,831,112,939,4,425,514
33,78,2,2058,1499,1373,126,1497,2,626,871
33,79,2,2051,1494,1383,111,1489,5,662,827
33,80,2,1319,916,836,80,910,6,308,602
33,81,2,1963,1421,1332,89,1416,5,639,777
33,82,2,1622,1152,1062,90,1146,6,400,746
33,83,2,1214,813,746,67,807,6,298,509
33,84,2,0,85,0,85,85,0,19,66
33,85,2,0,741,0,741,736,5,279,457
33,86,2,0,0,0,0,0,0,0,0
33,87,2,0,0,0,0,0,0,0,0
33,88,2,0,196,0,196,185,11,74,111
33,89,2,0,507,0,507,503,4,121,382
33,90,2,0,0,0,0,0,0,0,0
33,91,2,0,1000,0,1000,958,42,477,481
33,92,2,0,739,0,739,723,16,279,444
33,93,2,0,670,0,670,640,30,335,305
33,94,2,0,426,0,426,400,26,192,208
33,95,2,0,109,0,109,107,2,60,47
33,96,2,0,204,0,204,200,4,61,139
33,97,2,0,488,0,488,480,8,223,257
33,98,2,911,733,624,109,729,4,260,469
33,99,2,1063,929,783,146,924,5,342,582
33,100,2,1078,821,739,82,814,7,246,568
33,101,2,1226,919,844,75,916,3,309,607
33,102,2,679,568,475,93,567,1,196,371
33,103,2,893,602,537,65,588,14,244,344
33,104,2,1055,820,759,61,808,12,340,468
33,105,2,892,666,622,44,658,8,267,391
33,106,2,1115,850,784,66,846,4,318,528
33,107,2,1092,790,731,59,788,2,340,448
33,108,2,1025,720,647,73,716,4,248,468
33,109,2,1050,685,628,57,682,3,254,428
33,110,2,1040,770,729,41,767,3,278,489
33,111,2,963,699,642,57,695,4,276,419
33,112,2,858,698,620,78,695,3,290,405
33,113,2,1146,924,815,109,917,7,392,525
33,114,2,952,750,614,136,745,5,226,519
33,115,2,1026,828,717,111,827,1,351,476
33,116,2,1107,956,780,176,951,5,361,590
33,117,2,1142,879,780,99,877,2,366,511
33,118,2,789,586,521,65,583,3,240,343
33,119,2,844,647,605,42,638,9,234,404
33,120,2,993,749,673,76,742,7,281,461
33,121,2,927,733,641,92,723,10,215,508
33,122,2,948,730,681,49,730,0,292,438
33,123,2,921,843,781,62,836,7,313,523
33,124,2,1341,1082,971,111,1076,6,482,594
33,125,2,997,651,590,61,642,9,296,346
33,126,2,1164,887,816,71,880,7,350,530
33,127,2,1603,1204,1072,132,1196,8,504,692
33,128,2,956,767,668,99,760,7,302,458
33,129,2,888,670,630,40,667,3,319,348
33,130,2,544,486,345,141,483,3,190,293
33,131,2,786,569,507,62,564,5,285,279
33,132,2,1000,696,626,70,691,5,317,374
33,133,2,1189,811,724,87,806,5,309,497
33,134,2,1426,1081,937,144,1078,3,329,749
33,135,2,989,692,622,70,690,2,241,449
33,136,2,1206,818,765,53,814,4,321,493
33,137,2,1254,839,797,42,836,3,288,548
33,138,2,862,660,564,96,656,4,226,430
33,139,2,858,680,596,84,678,2,244,434
33,140,2,1152,806,751,55,801,5,211,590
33,141,2,951,685,649,36,677,8,212,465
33,142,2,934,688,632,56,682,6,231,451
33,143,2,721,649,627,22,631,18,244,387
33,144,2,0,306,0,306,301,5,105,196
33,145,2,1019,623,592,31,620,3,315,305
33,146,2,946,595,572,23,590,5,283,307
33,147,2,1183,851,792,59,840,11,416,424
33,148,2,958,720,690,30,715,5,431,284
33,149,2,888,668,638,30,664,4,413,251
33,150,2,1047,707,668,39,698,9,385,313
33,151,2,946,738,679,59,736,2,406,330
33,152,2,526,486,454,32,485,1,262,223
33,153,2,641,503,443,60,502,1,334,168
33,154,2,1097,927,713,214,919,8,422,497
33,155,2,1118,727,691,36,718,9,305,413
33,156,2,982,600,557,43,592,8,305,287
33,157,2,1438,977,877,100,964,13,472,492
33,158,2,1328,839,762,77,836,3,333,503
33,159,2,962,747,547,200,739,8,365,374
33,160,2,956,623,528,95,618,5,255,363
33,161,2,148,156,147,9,149,7,62,87
33,162,2,679,498,429,69,493,5,241,252
33,163,2,533,477,428,49,470,7,180,290
33,164,2,209,175,160,15,173,2,72,101
33,165,2,1091,826,696,130,816,10,405,411
33,166,2,1154,961,756,205,948,13,404,544
33,167,2,987,951,502,449,936,15,464,472
33,168,2,1192,931,665,266,919,12,496,423
33,169,2,1576,1039,888,151,1030,9,505,525
33,170,2,1327,1067,764,303,1049,18,558,491
33,171,2,1375,918,813,105,902,16,477,425
33,172,2,1476,1089,817,272,1077,12,556,521
33,173,2,1564,1165,916,249,1150,15,573,577
33,174,2,433,195,129,66,195,0,42,153
33,175,2,1160,907,857,50,904,3,291,613
33,176,2,714,592,501,91,585,7,313,272
33,177,2,1417,1074,971,103,1068,6,461,607
33,178,2,1224,1000,928,72,996,4,322,674
33,179,2,1024,813,790,23,802,11,339,463
33,180,2,1065,896,848,48,890,6,354,536
33,181,2,1023,742,709,33,739,3,215,524
33,182,2,90,85,74,11,82,3,45,37
33,183,2,348,237,229,8,231,6,149,82
33,184,2,928,702,639,63,690,12,224,466
33,185,2,793,591,535,56,589,2,274,315
33,186,2,790,614,566,48,609,5,232,377
33,187,2,1356,976,934,42,966,10,386,580
33,188,2,198,185,131,54,184,1,94,90
33,189,2,749,534,462,72,531,3,230,301
33,190,2,1137,942,776,166,932,10,447,485
33,191,2,991,709,628,81,698,11,361,337
33,192,2,813,676,580,96,671,5,293,378
33,193,2,1100,883,761,122,880,3,222,658
33,194,2,989,716,686,30,709,7,304,405
33,195,2,829,655,544,111,651,4,326,325
33,196,2,187,198,149,49,197,1,92,105
33,197,2,197,232,172,60,230,2,170,60
33,198,2,926,719,623,96,716,3,387,329
33,199,2,322,285,247,38,282,3,167,115
33,200,2,714,640,519,121,636,4,233,403
33,201,2,929,647,574,73,646,1,380,266
33,202,2,319,322,276,46,320,2,236,84
33,203,2,799,661,584,77,658,3,238,420
33,204,2,171,170,135,35,166,4,69,97
33,205,2,659,620,565,55,615,5,325,290
33,206,2,237,212,192,20,211,1,167,44
33,207,2,729,499,471,28,496,3,288,208
33,208,2,657,534,446,88,525,9,262,263
33,209,2,694,593,523,70,589,4,377,212
33,210,2,895,769,676,93,763,6,345,418
33,211,2,186,190,140,50,186,4,69,117
33,212,2,998,935,670,265,928,7,433,495
33,213,2,1134,730,652,78,722,8,364,358
33,214,2,398,344,286,58,338,6,185,153
33,215,2,1054,801,735,66,796,5,302,494
33,216,2,450,389,322,67,384,5,174,210
33,217,2,327,279,247,32,273,6,130,143
33,218,2,664,589,534,55,583,6,280,303
33,219,2,142,109,92,17,109,0,71,38
33,220,2,354,314,290,24,308,6,202,106
33,221,2,120,142,109,33,141,1,92,49
33,222,2,332,265,233,32,264,1,178,86
33,223,2,134,156,128,28,154,2,124,30
33,224,2,1480,1049,988,61,1041,8,443,598
33,225,2,384,336,313,23,330,6,179,151
33,226,2,1326,877,830,47,866,11,310,556
33,227,2,419,346,286,60,346,0,99,247
33,228,2,416,367,326,41,363,4,164,199
33,229,2,476,448,413,35,446,2,352,94
33,230,2,147,145,138,7,140,5,66,74
33,231,2,337,268,211,57,267,1,164,103
33,232,2,200,186,136,50,186,0,100,86
33,233,2,510,394,336,58,381,13,170,211
33,234,2,160,162,113,49,162,0,123,39
33,235,2,246,173,165,8,172,1,79,93
33,236,2,80,81,67,14,80,1,49,31
33,237,2,699,560,480,80,551,9,330,221
33,238,2,860,722,551,171,711,11,358,353
33,239,2,1053,776,661,115,763,13,204,559
33,240,2,771,532,467,65,528,4,158,370
33,241,2,766,613,555,58,608,5,340,268
33,242,2,812,608,581,27,597,11,297,300
33,243,2,575,402,381,21,399,3,239,160
33,244,2,1286,856,817,39,849,7,397,452
33,245,2,1206,820,756,64,804,16,364,440
33,246,2,517,480,405,75,472,8,241,231
33,247,2,215,211,177,34,210,1,157,53
33,248,2,357,362,263,99,362,0,118,244
33,249,2,330,292,229,63,289,3,140,149
33,250,2,314,258,223,35,256,2,181,75
33,251,2,236,212,172,40,210,2,142,68
33,252,2,252,210,164,46,209,1,137,72
33,253,2,213,188,162,26,186,2,139,47
33,254,2,1274,435,407,28,429,6,116,313
33,255,2,1424,614,571,43,611,3,284,327
33,256,2,706,571,437,134,565,6,263,302
33,257,2,84,102,61,41,99,3,65,34
33,258,2,358,344,305,39,341,3,243,98
33,259,2,615,440,397,43,435,5,266,169
33,260,2,88,101,74,27,101,0,52,49
33,261,2,764,554,503,51,551,3,342,209
33,262,2,671,431,395,36,417,14,230,187
33,263,2,862,553,515,38,547,6,362,185
33,264,2,380,337,273,64,335,2,183,152
33,265,2,800,624,552,72,618,6,393,225
33,266,2,466,433,322,111,432,1,244,188
33,267,2,798,668,567,101,663,5,314,349
33,268,2,601,524,457,67,521,3,270,251
33,269,2,977,812,698,114,808,4,514,294
33,270,2,313,310,210,100,304,6,155,149
33,271,2,453,331,298,33,323,8,114,209
33,272,2,369,301,253,48,296,5,153,143
33,273,2,1165,914,866,48,907,7,468,439
33,274,2,171,151,137,14,147,4,106,41
33,275,2,585,447,405,42,443,4,300,143
33,276,2,453,366,323,43,365,1,185,180
33,277,2,255,213,152,61,211,2,95,116
33,278,2,1153,864,738,126,853,11,418,435
33,279,2,280,261,216,45,256,5,80,176
33,280,2,198,183,148,35,180,3,122,58
33,281,2,630,548,444,104,542,6,253,289
33,282,2,461,379,338,41,373,6,150,223
33,283,2,114,108,85,23,107,1,48,59
33,284,2,240,220,185,35,215,5,90,125
33,285,2,104,103,78,25,102,1,28,74
33,286,2,1175,850,780,70,844,6,282,562
33,287,2,968,594,568,26,592,2,203,389
33,288,2,639,479,455,24,475,4,309,166
33,289,2,652,337,302,35,334,3,213,121
33,290,2,375,352,329,23,348,4,245,103
33,291,2,474,319,284,35,316,3,200,116
33,292,2,1207,490,436,54,483,7,195,288
33,293,2,969,311,279,32,305,6,139,166
33,294,2,1196,848,762,86,833,15,316,517
33,295,2,683,598,532,66,595,3,302,293
33,296,2,132,136,108,28,134,2,58,76
33,297,2,739,638,506,132,623,15,318,305
33,298,2,335,334,274,60,334,0,118,216
33,299,2,540,483,365,118,476,7,232,244
33,300,2,1597,1232,1186,46,1210,22,531,679
33,301,2,628,527,501,26,523,4,232,291
33,302,2,1379,814,768,46,804,10,209,595
33,303,2,1425,819,800,19,808,11,262,546
33,304,2,1411,708,676,32,692,16,289,403
33,305,2,490,258,236,22,256,2,127,129
33,306,2,718,558,517,41,548,10,284,264
33,307,2,831,535,472,63,527,8,279,248
33,308,2,461,408,364,44,406,2,231,175
33,309,2,407,331,278,53,326,5,203,123
33,310,2,307,254,205,49,252,2,138,114
33,311,2,106,123,91,32,121,2,75,46
33,312,2,955,703,675,28,695,8,388,307
33,313,2,802,594,550,44,583,11,327,256
33,314,2,990,597,503,94,588,9,253,335
33,315,2,964,720,579,141,711,9,343,368
33,316,2,209,238,172,66,234,4,132,102
33,317,2,297,302,221,81,302,0,181,121
33,318,2,322,286,225,61,283,3,91,192
33,319,2,245,216,181,35,214,2,125,89
33,320,2,231,224,182,42,221,3,85,136
33,321,2,387,311,280,31,303,8,130,173
33,322,2,249,245,182,63,243,2,102,141
33,323,2,351,268,223,45,267,1,126,141
33,324,2,1205,907,792,115,901,6,379,522
33,325,2,406,284,269,15,279,5,169,110
33,326,2,585,465,411,54,460,5,208,252
33,327,2,1174,895,843,52,890,5,475,415
33,328,2,728,471,385,86,466,5,252,214
33,329,2,868,416,368,48,415,1,188,227
33,330,2,673,471,404,67,465,6,302,163
33,331,2,243,213,199,14,212,1,135,77
33,332,2,1410,1171,995,176,1162,9,456,706
33,333,2,1011,811,734,77,807,4,296,511
33,334,2,376,301,262,39,297,4,106,191
33,335,2,157,138,123,15,138,0,85,53
33,336,2,531,492,434,58,488,4,191,297
33,337,2,65,68,47,21,67,1,14,53
33,338,2,584,459,322,137,458,1,239,219
33,339,2,518,414,360,54,413,1,279,134
33,340,2,807,590,523,67,584,6,266,318
33,341,2,556,383,281,102,378,5,166,212
33,342,2,363,310,249,61,306,4,120,186
33,343,2,795,647,532,115,643,4,261,382
33,344,2,355,292,251,41,291,1,81,210
33,345,2,997,492,470,22,485,7,282,203
33,346,2,407,343,296,47,337,6,207,130
33,347,2,889,773,676,97,769,4,391,378
33,348,2,780,640,618,22,635,5,274,361
33,349,2,1200,962,820,142,957,5,423,534
33,350,2,616,546,470,76,540,6,209,331
33,351,2,1001,814,764,50,807,7,371,436
33,352,2,292,267,230,37,258,9,139,119
33,353,2,643,436,380,56,430,6,192,238
33,354,2,666,467,439,28,467,0,295,172
34,1,2,1350,1157,1001,156,1155,2,693,462
34,2,2,1286,950,885,65,943,7,468,475
34,3,2,1262,952,863,89,948,4,551,397
34,4,2,1575,1170,1081,89,1165,5,653,512
34,5,2,1421,1089,1029,60,1080,9,623,457
34,6,2,1601,1235,1150,85,1228,7,721,507
34,7,2,1428,1074,1021,53,1067,7,645,422
34,8,2,1158,879,809,70,869,10,535,334
34,9,2,1344,1015,947,68,1006,9,598,408
34,10,2,1340,992,948,44,988,4,538,450
34,11,2,1392,1044,907,137,1038,6,620,418
34,12,2,1412,1099,1004,95,1095,4,626,469
34,13,2,1741,1225,1143,82,1219,6,741,478
34,14,2,1512,1052,943,109,1047,5,647,400
34,15,2,1544,1322,1013,309,1319,3,742,577
34,16,2,1699,1265,1165,100,1259,6,760,499
34,17,2,1646,1214,1155,59,1204,10,724,480
34,18,2,1574,1210,1154,56,1207,3,783,424
34,19,2,1339,957,883,74,955,2,518,437
34,20,2,1111,766,715,51,763,3,407,356
34,21,2,1193,830,759,71,825,5,448,377
34,22,2,1230,974,880,94,962,12,510,452
34,23,2,1425,1108,979,129,1105,3,557,548
34,24,2,1184,875,774,101,864,11,432,432
34,25,2,974,713,618,95,699,14,340,359
34,26,2,1679,1317,1211,106,1311,6,814,497
34,27,2,1382,1035,968,67,1026,9,634,392
34,28,2,1617,1202,1141,61,1198,4,738,460
34,29,2,1615,1204,1149,55,1190,14,769,421
34,30,2,1465,1022,958,64,1010,12,617,393
34,31,2,1580,1161,1084,77,1146,15,710,436
34,32,2,1261,987,906,81,981,6,539,442
34,33,2,1677,1258,1158,100,1248,10,744,504
34,34,2,1401,1010,965,45,1008,2,639,369
34,35,2,1722,1332,1244,88,1318,14,771,547
34,36,2,1447,1193,958,235,1188,5,586,602
34,37,2,1244,904,795,109,899,5,553,346
34,38,2,1453,1125,986,139,1117,8,843,274
34,39,2,1611,1174,1064,110,1160,14,808,352
34,40,2,1074,732,632,100,723,9,457,266
34,41,2,1488,1611,937,674,1596,15,909,687
34,42,2,1169,884,820,64,874,10,582,292
34,43,2,1210,910,856,54,900,10,520,380
34,44,2,1227,899,854,45,889,10,576,313
34,45,2,1237,930,823,107,924,6,625,299
34,46,2,1341,1018,951,67,1007,11,662,345
34,47,2,1276,897,811,86,889,8,566,323
34,48,2,1167,850,742,108,848,2,576,272
34,49,2,1301,979,868,111,970,9,614,356
34,50,2,1727,1179,1098,81,1167,12,728,439
34,51,2,1092,804,717,87,796,8,460,336
34,52,2,1453,1053,979,74,1048,5,644,404
34,53,2,1251,964,889,75,956,8,641,315
34,54,2,1179,791,745,46,787,4,596,191
34,55,2,1377,843,796,47,831,12,625,206
34,56,2,0,193,0,193,192,1,136,56
34,57,2,0,591,0,591,588,3,434,154
34,58,2,1312,1052,1016,36,1045,7,590,455
34,59,2,965,749,721,28,746,3,404,342
34,60,2,1368,1032,1003,29,1021,11,574,447
34,61,2,847,636,601,35,625,11,341,284
34,62,2,1071,845,786,59,836,9,443,393
34,63,2,1832,1373,1303,70,1367,6,739,628
34,64,2,1610,1237,1174,63,1227,10,610,617
34,65,2,572,503,462,41,497,6,275,222
34,66,2,1924,1338,1306,32,1323,15,681,642
34,67,2,2183,1590,1545,45,1578,12,889,689
34,68,2,1061,803,780,23,795,8,493,302
34,69,2,962,776,750,26,768,8,555,213
34,70,2,1173,885,846,39,881,4,587,294
34,71,2,91,99,67,32,97,2,51,46
34,72,2,0,243,0,243,242,1,148,94
34,73,2,1299,1077,997,80,1075,2,807,268
34,74,2,1269,1044,975,69,1041,3,843,198
34,75,2,1238,991,894,97,987,4,761,226
34,76,2,1138,950,889,61,943,7,738,205
34,77,2,1112,889,730,159,876,13,679,197
34,78,2,1356,1120,1038,82,1115,5,846,269
34,79,2,1430,1113,999,114,1107,6,821,286
34,80,2,1169,935,858,77,932,3,748,184
34,81,2,1689,1422,1286,136,1412,10,1076,336
34,82,2,1079,846,778,68,836,10,654,182
34,83,2,1118,998,788,210,992,6,765,227
34,84,2,1395,1139,1037,102,1130,9,901,229
34,85,2,1448,1200,1106,94,1196,4,948,248
34,86,2,1027,825,750,75,821,4,627,194
34,87,2,1158,1040,956,84,1040,0,899,141
34,88,2,504,418,384,34,416,2,313,103
34,89,2,1321,990,839,151,985,5,833,152
34,90,2,656,547,528,19,534,13,406,128
34,91,2,0,189,0,189,188,1,170,18
34,92,2,2117,1591,1394,197,1569,22,1033,536
34,93,2,2033,1486,1325,161,1475,11,971,504
34,94,2,1905,1330,1206,124,1320,10,844,476
34,95,2,1783,1244,1090,154,1235,9,797,438
34,96,2,1852,1283,1137,146,1273,10,829,444
34,97,2,1577,1148,1059,89,1143,5,762,381
34,98,2,555,457,406,51,451,6,342,109
34,99,2,1979,1395,1243,152,1385,10,749,636
34,100,2,2349,1763,1619,144,1752,11,1000,752
34,101,2,1963,1379,1280,99,1370,9,785,585
34,102,2,1789,1251,1128,123,1238,13,706,532
34,103,2,2221,1429,1225,204,1416,13,721,695
34,104,2,2320,1209,1102,107,1196,13,651,545
34,105,2,1985,1296,1166,130,1281,15,646,635
34,106,2,1761,1186,1090,96,1176,10,662,514
34,107,2,2077,1429,1274,155,1411,18,819,592
34,108,2,2214,1542,1412,130,1523,19,880,643
34,109,2,2122,1485,1347,138,1463,22,877,586
34,110,2,313,314,305,9,312,2,235,77
34,111,2,0,280,0,280,271,9,175,96
34,112,2,1529,1126,957,169,1122,4,624,498
34,113,2,1214,873,764,109,862,11,485,377
34,114,2,1475,986,903,83,976,10,592,384
34,115,2,1000,773,692,81,761,12,423,338
34,116,2,421,372,314,58,367,5,312,55
34,117,2,471,372,333,39,372,0,291,81
34,118,2,1821,1560,1368,192,1552,8,1176,376
34,119,2,1437,1149,1099,50,1142,7,921,221
34,120,2,1748,1461,1169,292,1438,23,860,578
34,121,2,2058,1816,1428,388,1803,13,1066,737
34,122,2,1019,878,820,58,871,7,448,423
34,123,2,1144,920,899,21,913,7,584,329
34,124,2,445,340,329,11,336,4,123,213
34,125,2,1425,1047,842,205,1040,7,592,448
34,126,2,1992,1524,1462,62,1510,14,933,577
34,127,2,1077,721,702,19,717,4,492,225
34,128,2,1848,1336,1294,42,1330,6,711,619
34,129,2,796,656,546,110,644,12,365,279
34,130,2,574,495,459,36,491,4,332,159
34,131,2,433,365,301,64,357,8,224,133
34,132,2,2026,1535,1438,97,1520,15,1223,297
34,133,2,516,457,399,58,455,2,409,46
34,134,2,448,389,337,52,387,2,312,75
34,135,2,402,330,303,27,325,5,270,55
34,136,2,2198,1982,1824,158,1970,12,1749,221
34,137,2,1659,1294,1224,70,1288,6,914,374
34,138,2,2497,1960,1854,106,1944,16,1165,779
34,139,2,900,733,679,54,732,1,561,171
34,140,2,1886,1314,1286,28,1300,14,1157,143
34,141,2,1680,1303,1252,51,1297,6,1095,202
34,142,2,953,682,663,19,673,9,587,86
34,143,2,1489,864,783,81,841,23,558,283
34,144,2,1067,786,704,82,769,17,543,226
34,145,2,978,750,722,28,744,6,545,199
34,146,2,929,736,718,18,730,6,500,230
34,147,2,665,474,454,20,469,5,333,136
34,148,2,1489,1112,1058,54,1098,14,935,163
34,149,2,1133,911,863,48,896,15,775,121
34,150,2,1502,1225,1133,92,1215,10,1030,185
34,151,2,455,409,379,30,406,3,352,54
34,152,2,695,633,590,43,627,6,524,103
34,153,2,1034,818,725,93,810,8,672,138
34,154,2,1611,1021,975,46,1007,14,788,219
34,155,2,1069,709,670,39,704,5,528,176
34,156,2,1508,973,928,45,961,12,713,248
34,157,2,170,155,135,20,153,2,133,20
34,158,2,1907,1573,1523,50,1572,1,1104,468
34,159,2,1012,879,812,67,871,8,672,199
34,160,2,712,586,528,58,580,6,420,160
34,161,2,1370,1044,1004,40,1035,9,861,174
34,162,2,1095,723,672,51,713,10,450,263
34,163,2,830,718,549,169,715,3,475,240
34,164,2,603,277,259,18,274,3,160,114
34,165,2,1110,810,774,36,807,3,653,154
34,166,2,1191,940,877,63,932,8,663,269
34,167,2,947,929,606,323,921,8,678,243
34,168,2,1260,823,805,18,812,11,606,206
34,169,2,138,142,110,32,141,1,99,42
34,170,2,717,696,634,62,693,3,590,103
34,171,2,616,472,404,68,464,8,423,41
34,172,2,480,372,319,53,366,6,301,65
34,173,2,1356,1099,1044,55,1082,17,710,372
34,174,2,988,848,760,88,838,10,603,235
34,175,2,667,581,526,55,575,6,381,194
34,176,2,1676,1358,1326,32,1337,21,899,438
34,177,2,312,299,261,38,288,11,211,77
34,178,2,1495,912,842,70,903,9,593,310
34,179,2,851,624,584,40,621,3,525,96
34,180,2,2606,1538,1499,39,1528,10,854,674
34,181,2,1640,945,920,25,930,15,565,365
34,182,2,1680,1485,1270,215,1473,12,1043,430
34,183,2,1324,972,891,81,962,10,754,208
34,184,2,1250,1060,916,144,1047,13,743,304
34,185,2,1266,947,862,85,932,15,535,397
34,186,2,1020,869,761,108,859,10,725,134
34,187,2,1133,964,929,35,956,8,710,246
34,188,2,870,707,640,67,701,6,491,210
34,189,2,1110,722,638,84,715,7,581,134
34,190,2,594,491,455,36,486,5,398,88
34,191,2,970,877,683,194,876,1,697,179
34,192,2,454,362,339,23,360,2,282,78
34,193,2,994,812,761,51,806,6,700,106
34,194,2,702,581,550,31,571,10,472,99
34,195,2,1252,984,931,53,976,8,654,322
34,196,2,638,556,513,43,551,5,455,96
34,197,2,759,620,568,52,616,4,477,139
34,198,2,1312,1062,910,152,1052,10,754,298
34,199,2,1384,1059,918,141,1039,20,772,267
34,200,2,354,269,219,50,267,2,210,57
34,201,2,1097,807,721,86,800,7,664,136
34,202,2,1466,1292,1095,197,1282,10,1094,188
34,203,2,1005,801,711,90,793,8,695,98
34,204,2,504,447,404,43,447,0,377,70
34,205,2,1450,1292,1142,150,1281,11,1061,220
34,206,2,841,752,651,101,749,3,621,128
34,207,2,511,544,444,100,531,13,461,70
34,208,2,1620,1266,1244,22,1258,8,756,502
34,209,2,713,583,554,29,579,4,356,223
34,210,2,1422,1188,1048,140,1182,6,754,428
34,211,2,1128,863,780,83,861,2,564,297
34,212,2,637,520,462,58,516,4,257,259
34,213,2,1307,762,732,30,754,8,564,190
34,214,2,1832,1375,1254,121,1351,24,962,389
34,215,2,792,588,528,60,581,7,470,111
34,216,2,1395,1025,948,77,1008,17,651,357
34,217,2,374,338,306,32,337,1,260,77
34,218,2,1463,1065,997,68,1051,14,836,215
34,219,2,1674,1233,1139,94,1214,19,999,215
34,220,2,302,289,228,61,287,2,257,30
34,221,2,2041,1464,1364,100,1447,17,1044,403
34,222,2,1400,961,872,89,945,16,741,204
34,223,2,1225,914,853,61,905,9,713,192
34,224,2,450,352,315,37,348,4,266,82
34,225,2,2566,1789,1713,76,1770,19,1021,749
34,226,2,1097,764,683,81,761,3,542,219
34,227,2,2019,1292,1210,82,1275,17,750,525
34,228,2,797,772,734,38,766,6,639,127
34,229,2,1019,851,789,62,847,4,635,212
34,230,2,1495,1153,1093,60,1131,22,941,190
34,231,2,1195,874,818,56,866,8,795,71
34,232,2,1041,888,803,85,887,1,768,119
34,233,2,1657,1257,1159,98,1245,12,1116,129
34,234,2,2069,1525,1401,124,1507,18,1097,410
34,235,2,1113,941,872,69,937,4,755,182
34,236,2,1568,1057,1022,35,1052,5,864,188
34,237,2,1401,1062,986,76,1049,13,732,317
34,238,2,1155,727,672,55,708,19,520,188
34,239,2,1273,818,774,44,808,10,578,230
34,240,2,2102,1223,1167,56,1216,7,842,374
34,241,2,1380,856,799,57,848,8,630,218
34,242,2,1659,1319,1243,76,1314,5,1043,271
34,243,2,658,553,533,20,546,7,377,169
34,244,2,291,233,212,21,232,1,172,60
34,245,2,1443,1154,1102,52,1149,5,830,319
34,246,2,773,643,624,19,641,2,499,142
34,247,2,958,732,684,48,727,5,560,167
34,248,2,1894,1246,1151,95,1219,27,923,296
34,249,2,2012,1126,1103,23,1109,17,699,410
34,250,2,1524,1206,1072,134,1193,13,910,283
34,251,2,649,550,454,96,550,0,466,84
34,252,2,1684,1145,1068,77,1129,16,814,315
34,253,2,862,713,661,52,708,5,523,185
34,254,2,741,559,496,63,551,8,419,132
34,255,2,1373,1065,974,91,1060,5,926,134
34,256,2,1615,1227,1138,89,1217,10,1102,115
34,257,2,1157,812,755,57,803,9,513,290
34,258,2,807,577,553,24,572,5,426,146
34,259,2,1283,899,853,46,889,10,593,296
34,260,2,995,736,696,40,734,2,582,152
34,261,2,721,441,422,19,434,7,273,161
34,262,2,1896,1420,1315,105,1401,19,1009,392
34,263,2,1167,1000,963,37,990,10,691,299
34,264,2,2054,1548,1434,114,1527,21,846,681
34,265,2,598,519,471,48,508,11,412,96
34,266,2,612,531,495,36,528,3,401,127
34,267,2,728,418,353,65,413,5,263,150
34,268,2,431,245,214,31,244,1,160,84
34,269,2,673,382,345,37,372,10,145,227
34,270,2,1467,982,911,71,966,16,712,254
34,271,2,1774,1156,1098,58,1147,9,914,233
34,272,2,1444,949,888,61,941,8,755,186
34,273,2,1093,837,780,57,827,10,639,188
34,274,2,677,536,487,49,534,2,418,116
34,275,2,603,426,388,38,420,6,348,72
34,276,2,1647,988,942,46,980,8,592,388
34,277,2,733,419,397,22,416,3,224,192
34,278,2,1557,986,941,45,980,6,608,372
34,279,2,1453,947,905,42,942,5,586,356
34,280,2,1089,816,753,63,806,10,538,268
34,281,2,1257,916,870,46,914,2,789,125
34,282,2,1161,763,726,37,752,11,488,264
34,283,2,930,655,594,61,653,2,579,74
34,284,2,551,531,468,63,527,4,484,43
34,285,2,1694,1254,1206,48,1244,10,639,605
34,286,2,636,506,484,22,504,2,200,304
34,287,2,1066,722,637,85,718,4,539,179
34,288,2,847,746,614,132,738,8,605,133
34,289,2,374,238,202,36,234,4,182,52
34,290,2,1454,1026,970,56,1019,7,861,158
34,291,2,546,427,400,27,425,2,381,44
34,292,2,875,677,619,58,659,18,483,176
34,293,2,981,708,657,51,696,12,444,252
34,294,2,561,402,388,14,400,2,227,173
34,295,2,1907,1515,1421,94,1502,13,858,644
34,296,2,878,675,649,26,671,4,330,341
34,297,2,697,484,460,24,475,9,251,224
34,298,2,1034,711,635,76,705,6,544,161
34,299,2,791,652,581,71,648,4,475,173
34,300,2,1797,1633,1307,326,1623,10,1213,410
34,301,2,1210,910,865,45,898,12,570,328
34,302,2,574,407,380,27,406,1,288,118
34,303,2,2032,1733,1657,76,1719,14,1305,414
34,304,2,1837,1513,1441,72,1509,4,1204,305
34,305,2,1606,1255,1183,72,1245,10,870,375
34,306,2,717,589,539,50,583,6,420,163
34,307,2,1410,1057,1003,54,1052,5,847,205
34,308,2,886,684,656,28,679,5,542,137
34,309,2,1367,1012,970,42,999,13,738,261
34,310,2,197,197,147,50,195,2,161,34
34,311,2,774,679,598,81,672,7,483,189
34,312,2,1133,963,892,71,951,12,669,282
34,313,2,253,277,193,84,276,1,162,114
34,314,2,1302,1140,1075,65,1094,46,997,97
34,315,2,1344,1295,1176,119,1280,15,1143,137
34,316,2,805,641,593,48,637,4,516,121
34,317,2,1134,810,744,66,799,11,712,87
34,318,2,662,685,653,32,676,9,642,34
34,319,2,458,423,375,48,419,4,403,16
34,320,2,1809,1430,1358,72,1420,10,1053,367
34,321,2,825,594,572,22,590,4,446,144
34,322,2,2107,1523,1380,143,1508,15,1123,385
34,323,2,1122,899,838,61,894,5,724,170
34,324,2,178,156,144,12,152,4,128,24
34,325,2,2016,1515,1465,50,1501,14,1248,253
34,326,2,1321,886,849,37,882,4,771,111
34,327,2,1782,1513,1475,38,1505,8,979,526
34,328,2,1828,1487,1323,164,1469,18,1097,372
34,329,2,2054,1469,1400,69,1451,18,1138,313
34,330,2,796,627,604,23,618,9,411,207
34,331,2,1034,729,685,44,709,20,510,199
34,332,2,885,616,593,23,610,6,449,161
34,333,2,1019,785,761,24,770,15,557,213
34,334,2,858,647,595,52,645,2,495,150
34,335,2,1279,896,856,40,877,19,608,269
34,336,2,1190,946,885,61,931,15,679,252
34,337,2,1029,815,727,88,799,16,644,155
34,338,2,758,625,524,101,617,8,466,151
34,339,2,1343,1132,1055,77,1120,12,1005,115
34,340,2,1999,1326,1266,60,1311,15,717,594
34,341,2,1803,1009,982,27,1001,8,577,424
34,342,2,1868,1427,1359,68,1414,13,1092,322
34,343,2,708,594,554,40,588,6,464,124
34,344,2,2124,1533,1484,49,1521,12,1113,408
34,345,2,737,681,658,23,672,9,521,151
34,346,2,400,398,383,15,397,1,342,55
34,347,2,678,574,564,10,571,3,464,107
34,348,2,475,411,395,16,400,11,345,55
34,349,2,999,782,704,78,771,11,516,255
34,350,2,752,569,498,71,557,12,341,216
34,351,2,1803,1400,1308,92,1388,12,1003,385
34,352,2,1281,1037,943,94,1026,11,767,259
34,353,2,1489,1172,1054,118,1154,18,809,345
34,354,2,1748,1276,1185,91,1261,15,913,348
34,355,2,1847,1292,1173,119,1275,17,956,319
34,356,2,1146,960,888,72,957,3,797,160
34,357,2,1284,978,922,56,973,5,803,170
34,358,2,901,777,734,43,770,7,602,168
34,359,2,986,843,773,70,837,6,668,169
34,360,2,1607,1423,1272,151,1410,13,1155,255
34,361,2,1519,1272,1079,193,1264,8,1040,224
34,362,2,2074,1642,1576,66,1630,12,1308,322
34,363,2,882,510,470,40,501,9,383,118
34,364,2,720,469,429,40,460,9,295,165
34,365,2,1087,973,881,92,965,8,861,104
34,366,2,1698,1767,1620,147,1752,15,1515,237
34,367,2,1251,927,821,106,919,8,821,98
34,368,2,1129,995,882,113,971,24,880,91
34,369,2,1884,1386,1279,107,1375,11,765,610
34,370,2,1511,1305,1132,173,1293,12,761,532
34,371,2,2437,1886,1744,142,1870,16,1168,702
34,372,2,823,611,590,21,609,2,420,189
34,373,2,494,381,365,16,377,4,234,143
34,374,2,635,533,494,39,527,6,346,181
34,375,2,1125,935,890,45,917,18,476,441
34,376,2,653,565,541,24,556,9,376,180
34,377,2,1176,868,858,10,857,11,602,255
34,378,2,341,289,280,9,282,7,140,142
34,379,2,1567,1244,1118,126,1223,21,925,298
34,380,2,1609,1237,1084,153,1224,13,912,312
34,381,2,966,792,671,121,777,15,558,219
34,382,2,2217,1572,1501,71,1565,7,1086,479
34,383,2,1710,1109,1083,26,1100,9,691,409
34,384,2,1826,1189,1152,37,1173,16,821,352
34,385,2,2035,1319,1242,77,1308,11,848,460
34,386,2,1520,988,929,59,982,6,658,324
34,387,2,1784,1210,1176,34,1192,18,824,368
34,388,2,1708,1097,1055,42,1090,7,741,349
34,389,2,1295,886,857,29,865,21,502,363
34,390,2,1520,1029,991,38,1019,10,668,351
34,391,2,1354,856,806,50,847,9,558,289
34,392,2,1000,789,691,98,783,6,681,102
34,393,2,571,533,470,63,533,0,486,47
34,394,2,668,581,531,50,578,3,480,98
34,395,2,266,284,243,41,282,2,238,44
34,396,2,310,300,269,31,300,0,265,35
34,397,2,1886,1536,1399,137,1516,20,1265,251
34,398,2,424,343,327,16,341,2,294,47
34,399,2,1049,963,785,178,946,17,776,170
34,400,2,1039,1031,887,144,1011,20,816,195
34,401,2,509,487,432,55,485,2,362,123
34,402,2,1208,1016,883,133,1007,9,879,128
35,1,2,1481,822,747,75,819,3,641,178
35,2,2,1111,541,490,51,538,3,410,128
35,3,2,1243,758,683,75,748,10,568,180
35,4,2,1317,911,813,98,906,5,681,225
35,5,2,1670,1062,993,69,1057,5,827,230
35,6,2,1477,1000,912,88,996,4,762,234
35,7,2,1646,1082,995,87,1071,11,809,262
35,8,2,1652,1158,1017,141,1157,1,834,323
35,9,2,1526,1015,925,90,1009,6,716,293
35,10,2,1800,1207,1087,120,1206,1,890,316
35,11,2,1426,922,863,59,918,4,634,284
35,12,2,1227,821,757,64,816,5,554,262
35,13,2,1015,689,649,40,688,1,494,194
35,14,2,1387,860,777,83,856,4,602,254
35,15,2,1479,898,795,103,891,7,610,281
35,16,2,1110,790,709,81,788,2,562,226
35,17,2,1527,896,810,86,893,3,663,230
35,18,2,1294,784,703,81,782,2,576,206
35,19,2,1064,736,661,75,734,2,556,178
35,20,2,1228,816,761,55,814,2,651,163
35,21,2,1040,609,567,42,607,2,463,144
35,22,2,906,561,514,47,557,4,414,143
35,23,2,1100,580,504,76,578,2,425,153
35,24,2,1525,939,895,44,931,8,694,237
35,25,2,1173,707,659,48,703,4,556,147
35,26,2,1545,883,789,94,873,10,672,201
35,27,2,1193,792,724,68,784,8,615,169
35,28,2,1163,588,536,52,584,4,454,130
35,29,2,1975,1401,1266,135,1386,15,1118,268
35,30,2,2401,1190,1042,148,1168,22,944,224
35,31,2,234,237,222,15,234,3,169,65
35,32,2,0,356,0,356,351,5,280,71
35,33,2,1597,1119,997,122,1115,4,936,179
35,34,2,1448,833,795,38,832,1,697,135
35,35,2,1783,906,829,77,900,6,713,187
35,36,2,1865,1055,985,70,1051,4,809,242
35,37,2,1657,1081,1029,52,1074,7,824,250
35,38,2,1509,725,703,22,722,3,576,146
35,39,2,1069,626,589,37,619,7,468,151
35,40,2,1241,732,668,64,728,4,537,191
35,41,2,1169,736,701,35,735,1,488,247
35,42,2,1494,1020,975,45,1015,5,643,372
35,43,2,1347,856,808,48,847,9,594,253
35,44,2,1774,1138,1031,107,1119,19,777,342
35,45,2,1201,854,797,57,850,4,603,247
35,46,2,1105,702,652,50,702,0,478,224
35,47,2,1453,1071,991,80,1063,8,817,246
35,48,2,1010,655,622,33,653,2,430,223
35,49,2,1489,830,744,86,826,4,598,228
35,50,2,1311,919,777,142,912,7,754,158
35,51,2,1519,1101,972,129,1089,12,865,224
35,52,2,447,433,413,20,428,5,279,149
35,53,2,0,241,0,241,235,6,178,57
35,54,2,1342,1132,878,254,1123,9,801,322
35,55,2,1236,857,783,74,846,11,583,263
35,56,2,1431,989,967,22,984,5,663,321
35,57,2,1286,926,890,36,923,3,628,295
35,58,2,1294,796,746,50,779,17,517,262
35,59,2,976,712,625,87,705,7,537,168
35,60,2,1113,714,665,49,713,1,517,196
35,61,2,1299,803,768,35,794,9,605,189
35,62,2,1382,912,867,45,900,12,687,213
35,63,2,1345,765,735,30,756,9,608,148
35,64,2,1445,1005,928,77,999,6,803,196
35,65,2,1142,747,707,40,746,1,564,182
35,66,2,1233,937,913,24,928,9,707,221
35,67,2,1242,850,813,37,844,6,612,232
35,68,2,1200,817,782,35,817,0,568,249
35,69,2,1478,990,932,58,984,6,674,310
35,70,2,1382,913,870,43,906,7,692,214
35,71,2,1075,720,692,28,719,1,546,173
35,72,2,1245,751,717,34,744,7,596,148
35,73,2,1282,860,793,67,857,3,681,176
35,74,2,970,683,655,28,680,3,521,159
35,75,2,1418,1038,905,133,1029,9,700,329
35,76,2,1231,921,720,201,911,10,652,259
35,77,2,1304,877,788,89,875,2,642,233
35,78,2,790,552,493,59,549,3,438,111
35,79,2,1321,843,783,60,834,9,699,135
35,80,2,679,498,439,59,495,3,375,120
35,81,2,1291,898,807,91,892,6,653,239
35,82,2,426,365,325,40,357,8,274,83
35,83,2,0,157,0,157,155,2,118,37
35,84,2,1417,985,938,47,973,12,840,133
35,85,2,1594,1056,981,75,1045,11,884,161
35,86,2,1499,973,901,72,963,10,792,171
35,87,2,1352,840,735,105,836,4,618,218
35,88,2,1355,802,748,54,794,8,567,227
35,89,2,1051,685,596,89,681,4,474,207
35,90,2,1533,1055,987,68,1043,12,873,170
35,91,2,1646,1121,1056,65,1108,13,885,223
35,92,2,1466,1087,1016,71,1078,9,785,293
35,93,2,0,137,0,137,136,1,109,27
35,94,2,1349,1184,1045,139,1176,8,1020,156
35,95,2,976,816,611,205,810,6,647,163
35,96,2,1606,1007,912,95,995,12,800,195
35,97,2,910,820,710,110,770,50,714,56
35,98,2,1756,1274,1191,83,1267,7,994,273
35,99,2,735,461,427,34,450,11,307,143
35,100,2,2058,1706,1547,159,1689,17,1413,276
35,101,2,1171,918,862,56,905,13,702,203
35,102,2,383,272,258,14,270,2,218,52
35,103,2,1046,875,598,277,866,9,752,114
35,104,2,769,827,696,131,823,4,681,142
35,105,2,899,779,570,209,775,4,658,117
35,106,2,1425,847,783,64,828,19,631,197
35,107,2,1066,858,839,19,805,53,681,124
35,108,2,1804,1173,982,191,1149,24,945,204
35,109,2,257,162,146,16,161,1,125,36
35,110,2,1672,793,702,91,784,9,615,169
35,111,2,1430,746,588,158,739,7,592,147
35,112,2,1507,655,566,89,650,5,493,157
35,113,2,1438,749,632,117,744,5,628,116
35,114,2,1263,829,765,64,821,8,680,141
35,115,2,1250,904,856,48,894,10,671,223
35,116,2,709,564,488,76,554,10,443,111
35,117,2,423,396,327,69,389,7,325,64
35,118,2,834,601,497,104,598,3,470,128
35,119,2,951,591,485,106,589,2,441,148
35,120,2,1187,714,660,54,701,13,523,178
35,121,2,1108,542,507,35,535,7,431,104
35,122,2,1181,664,614,50,660,4,572,88
35,123,2,1446,1279,1205,74,1272,7,1158,114
35,124,2,1055,1070,944,126,1060,10,927,133
35,125,2,1141,936,783,153,930,6,787,143
35,126,2,943,595,505,90,594,1,489,105
35,127,2,502,317,288,29,312,5,246,66
35,128,2,600,491,429,62,476,14,411,65
35,129,2,1030,655,573,82,643,12,548,95
35,130,2,1462,795,671,124,787,8,565,222
35,131,2,1196,882,716,166,868,14,615,253
35,132,2,1550,1110,961,149,1100,10,914,186
35,133,2,1462,974,863,111,968,6,746,222
35,134,2,1289,759,630,129,747,12,611,136
35,135,2,1097,583,514,69,577,6,487,90
35,136,2,810,770,656,114,770,0,687,83
35,137,2,424,382,349,33,355,27,331,24
35,138,2,1072,679,624,55,674,5,547,127
35,139,2,889,531,457,74,528,3,395,133
35,140,2,1518,1051,850,201,1046,5,880,166
35,141,2,1556,1032,921,111,1019,13,876,143
35,142,2,894,583,521,62,577,6,482,95
35,143,2,1271,913,812,101,907,6,805,102
35,144,2,988,850,767,83,843,7,743,100
35,145,2,518,469,415,54,468,1,383,85
35,146,2,1974,1156,997,159,1137,19,851,286
35,147,2,915,583,512,71,578,5,483,95
35,148,2,484,482,376,106,479,3,331,148
35,149,2,1524,1088,905,183,1079,9,879,200
35,150,2,1349,988,849,139,976,12,806,170
35,151,2,469,379,310,69,373,6,290,83
35,152,2,1416,961,875,86,956,5,795,161
35,153,2,1653,906,842,64,889,17,648,241
35,154,2,1591,854,772,82,844,10,608,236
35,155,2,1275,820,744,76,814,6,678,136
35,156,2,1374,1239,1060,179,1227,12,1062,165
35,157,2,458,451,373,78,451,0,404,47
35,158,2,1256,807,724,83,786,21,558,228
35,159,2,267,235,181,54,234,1,138,96
35,160,2,1170,824,720,104,819,5,692,127
35,161,2,461,396,334,62,389,7,329,60
35,162,2,2176,1449,1366,83,1441,8,1265,176
35,163,2,1402,1019,959,60,1007,12,880,127
35,164,2,324,282,234,48,280,2,228,52
35,165,2,778,600,539,61,597,3,517,80
35,166,2,1456,1133,961,172,1123,10,942,181
35,167,2,1133,922,753,169,913,9,762,151
35,168,2,764,642,545,97,631,11,498,133
35,169,2,1786,1175,1055,120,1168,7,956,212
35,170,2,631,445,403,42,440,5,372,68
35,171,2,1506,610,553,57,597,13,380,217
35,172,2,1327,873,748,125,867,6,706,161
35,173,2,1085,685,637,48,678,7,545,133
35,174,2,1530,959,870,89,954,5,735,219
35,175,2,1787,1058,960,98,1048,10,834,214
35,176,2,1718,1140,1034,106,1129,11,948,181
35,177,2,1070,792,733,59,785,7,674,111
35,178,2,1089,722,646,76,714,8,589,125
35,179,2,1275,997,878,119,988,9,787,201
35,180,2,1292,1067,982,85,1060,7,832,228
35,181,2,1531,1191,1064,127,1168,23,950,218
35,182,2,780,600,510,90,596,4,510,86
35,183,2,1493,962,889,73,952,10,768,184
35,184,2,1552,997,905,92,991,6,772,219
35,185,2,1245,842,756,86,837,5,640,197
35,186,2,910,595,536,59,591,4,477,114
35,187,2,653,458,452,6,455,3,402,53
35,188,2,1004,1113,1004,109,1093,20,997,96
35,189,2,891,669,571,98,667,2,459,208
35,190,2,1102,908,810,98,902,6,672,230
35,191,2,1160,858,767,91,853,5,763,90
35,192,2,1077,793,710,83,789,4,690,99
35,193,2,1640,1051,895,156,1038,11,858,180
35,194,2,504,334,265,69,332,2,285,47
35,195,2,1801,1355,1161,194,1350,5,1097,253
35,196,2,1040,779,693,86,771,8,624,147
35,197,2,1268,706,667,39,698,8,534,164
35,198,2,1133,818,769,49,817,1,603,214
35,199,2,1532,1008,960,48,998,10,749,249
35,200,2,1577,698,581,117,690,8,568,122
35,201,2,1182,898,806,92,863,24,787,76
35,202,2,680,567,503,64,563,4,452,111
35,203,2,1026,675,569,106,668,7,545,123
35,204,2,889,683,584,99,679,4,535,144
35,205,2,1347,1026,889,137,1013,13,846,167
35,206,2,1543,833,771,62,822,11,636,186
35,207,2,1448,996,931,65,991,5,866,125
35,208,2,1240,1024,925,99,1020,4,878,142
35,209,2,1280,1000,912,88,995,5,888,107
35,210,2,965,754,722,32,751,3,669,82
35,211,2,809,611,570,41,582,29,545,37
35,212,2,832,681,586,95,668,13,530,138
35,213,2,1475,927,842,85,923,4,766,157
35,214,2,1070,573,514,59,565,8,429,136
35,215,2,1001,916,743,173,898,18,748,150
35,216,2,1322,1019,1019,0,1016,3,822,194
35,217,2,1142,765,654,111,761,4,581,180
35,218,2,1472,949,870,79,942,7,771,171
35,219,2,1991,1803,1528,275,1789,14,1570,219
35,220,2,1045,660,645,15,651,9,560,91
35,221,2,1433,830,792,38,824,6,673,151
35,222,2,1422,688,663,25,682,6,578,104
35,223,2,1320,924,856,68,915,9,772,143
35,224,2,1245,846,834,12,839,7,700,139
35,225,2,1309,975,886,89,972,3,794,178
35,226,2,1140,812,681,131,804,8,650,154
35,227,2,1092,787,721,66,785,2,652,133
35,228,2,1505,844,705,139,831,13,661,170
35,229,2,1526,890,758,132,883,7,684,199
35,230,2,1583,1061,951,110,1048,13,824,224
35,231,2,1200,685,640,45,653,32,554,99
35,232,2,1105,838,790,48,832,6,655,177
35,233,2,597,496,432,64,494,2,433,61
35,234,2,1330,861,727,134,855,6,742,113
35,235,2,1557,1108,919,189,1090,18,869,221
35,236,2,1002,623,542,81,615,8,487,128
35,237,2,861,652,553,99,648,4,570,78
35,238,2,1121,870,724,146,865,5,745,120
35,239,2,984,568,510,58,558,10,444,114
35,240,2,460,389,324,65,385,4,346,39
35,241,2,1416,911,884,27,901,10,762,139
35,242,2,1328,1032,981,51,1020,12,840,180
35,243,2,1041,859,809,50,852,7,705,147
35,244,2,670,554,473,81,547,7,439,108
35,245,2,1031,845,721,124,812,33,732,80
35,246,2,1283,844,710,134,833,11,682,151
35,247,2,1760,1306,1191,115,1295,11,1063,232
35,248,2,987,833,726,107,829,3,678,151
35,249,2,1328,982,842,140,978,4,852,126
35,250,2,1133,1206,1138,68,1182,24,1049,133
35,251,2,1083,919,781,138,914,5,768,146
35,252,2,1071,728,628,100,722,6,562,160
35,253,2,951,702,556,146,694,8,559,135
35,254,2,1024,873,726,147,864,9,731,133
35,255,2,935,718,638,80,710,8,637,73
35,256,2,819,603,550,53,596,7,489,107
35,257,2,2054,1764,1655,109,1744,20,1311,433
35,258,2,773,653,587,66,651,2,546,105
35,259,2,808,551,499,52,547,4,467,80
35,260,2,1220,1078,991,87,1074,4,948,126
35,261,2,417,383,325,58,382,1,302,80
35,262,2,353,340,285,55,338,2,272,66
35,263,2,1435,1014,909,105,999,15,850,149
35,264,2,1024,732,641,91,731,1,630,101
35,265,2,1108,776,682,94,773,3,655,118
35,266,2,1040,807,716,91,802,5,686,116
35,267,2,1404,874,776,98,856,18,599,257
35,268,2,1509,1051,922,129,1043,8,829,214
35,269,2,1470,1359,1244,115,1353,6,1159,194
35,270,2,1291,794,708,86,781,13,652,129
35,271,2,713,736,672,64,734,2,651,83
35,272,2,1426,986,836,150,966,20,741,225
35,273,2,1120,853,761,92,841,12,678,163
35,274,2,708,438,389,49,430,8,356,74
35,275,2,889,551,469,82,549,2,464,85
35,276,2,1169,1074,990,84,1073,1,978,95
35,277,2,1130,890,791,99,887,3,786,101
35,278,2,1016,674,594,80,667,7,545,122
35,279,2,1019,609,543,66,607,2,491,116
35,280,2,1642,1169,1021,148,1159,10,912,247
35,281,2,493,419,384,35,416,3,354,62
35,282,2,974,721,658,63,708,13,604,104
35,283,2,927,695,602,93,687,8,586,101
35,284,2,224,257,211,46,255,2,204,51
35,285,2,1357,918,812,106,913,5,773,140
35,286,2,1451,1073,948,125,1067,6,851,216
35,287,2,946,642,594,48,634,8,571,63
35,288,2,948,638,587,51,634,4,548,86
35,289,2,1739,1206,1085,121,1189,17,998,191
35,290,2,1708,1246,1108,138,1240,6,1040,200
35,291,2,1245,1184,1100,84,1171,13,965,206
35,292,2,1031,912,871,41,901,11,775,126
35,293,2,1897,1409,1231,178,1394,15,1131,263
35,294,2,1151,756,633,123,746,10,630,116
35,295,2,1320,1336,1219,117,1326,10,1146,180
35,296,2,1144,877,726,151,870,7,749,121
35,297,2,1445,1093,976,117,1092,1,939,153
35,298,2,947,777,692,85,770,7,547,223
35,299,2,1141,946,840,106,932,14,687,245
35,300,2,1020,671,598,73,664,7,485,179
35,301,2,819,519,452,67,508,11,457,51
35,302,2,1244,973,837,136,968,5,840,128
35,303,2,1945,1595,1417,178,1582,13,1323,259
35,304,2,1402,1140,1070,70,1127,13,972,155
35,305,2,298,223,192,31,223,0,202,21
35,306,2,1514,1098,1045,53,1089,9,956,133
35,307,2,1433,1030,950,80,1022,7,868,154
35,308,2,1746,1527,1427,100,1516,11,1140,376
35,309,2,989,720,652,68,717,3,634,83
35,310,2,1216,1228,1126,102,1222,6,1077,145
35,311,2,419,388,361,27,372,16,339,33
35,312,2,1133,869,755,114,860,9,654,206
35,313,2,916,740,637,103,735,5,570,165
35,314,2,1302,815,715,100,806,9,638,168
35,315,2,1065,699,596,103,689,10,554,135
35,316,2,874,456,387,69,446,10,345,101
35,317,2,1193,994,905,89,989,5,809,180
35,318,2,588,557,502,55,555,2,485,70
36,1,2,1286,1366,1286,80,1357,9,461,896
36,2,2,1632,1133,961,172,1126,7,335,791
36,3,2,1317,1049,894,155,1045,4,430,615
36,4,2,1908,1534,1206,328,1530,4,610,920
36,5,2,2347,1622,1430,192,1616,6,568,1048
36,6,2,1081,738,668,70,736,2,221,515
36,7,2,1989,1424,1372,52,1420,4,654,766
36,8,2,1507,1857,1023,834,1852,5,476,1376
36,9,2,2079,938,879,59,934,4,304,630
36,10,2,2477,1608,1519,89,1597,11,548,1049
36,11,2,2366,1144,1053,91,1142,2,374,768
36,12,2,1810,1290,1051,239,1283,7,395,888
36,13,2,2071,1249,1074,175,1241,8,386,855
36,14,2,2257,1513,1302,211,1505,8,422,1083
36,15,2,1937,1298,1156,142,1295,3,336,959
36,16,2,2193,1009,956,53,1007,2,253,754
36,17,2,1465,911,835,76,904,7,273,631
36,18,2,1429,786,594,192,785,1,197,588
36,19,2,2808,1592,1461,131,1583,9,363,1220
36,20,2,2608,1250,1033,217,1243,7,429,814
36,21,2,1760,903,860,43,899,4,274,625
36,22,2,1157,869,598,271,865,4,266,599
36,23,2,1864,1198,1079,119,1194,4,296,898
36,24,2,1878,1308,1151,157,1304,4,287,1017
36,25,2,2303,1109,943,166,1102,7,277,825
36,26,2,1597,956,869,87,952,4,220,732
36,27,2,1372,922,868,54,916,6,269,647
36,28,2,2556,1385,1213,172,1377,8,412,965
36,29,2,2453,1400,1301,99,1390,10,451,939
36,30,2,1915,1413,1101,312,1397,16,359,1038
36,31,2,2171,1594,1476,118,1578,16,500,1078
36,32,2,1671,1294,1050,244,1285,9,274,1011
36,33,2,2286,1554,1456,98,1542,12,518,1024
36,34,2,2106,1291,1092,199,1283,8,249,1034
36,35,2,1938,1211,1152,59,1204,7,288,916
36,36,2,2196,1453,1318,135,1446,7,386,1060
36,37,2,1782,738,686,52,732,6,160,572
36,38,2,1884,1071,983,88,1063,6,300,763
36,39,2,1279,898,794,104,893,5,174,719
36,40,2,2294,1361,1254,107,1352,9,265,1087
36,41,2,1882,1330,968,362,1330,0,302,1028
36,42,2,1123,803,750,53,798,5,130,668
36,43,2,2193,1385,1284,101,1381,4,319,1062
36,44,2,2205,1455,1329,126,1451,4,363,1088
36,45,2,1983,1375,1171,204,1372,3,379,993
36,46,2,2399,1521,1385,136,1516,5,304,1212
36,47,2,1847,1209,1049,160,1204,5,333,871
36,48,2,1683,1174,1053,121,1173,1,402,771
36,49,2,2053,1420,1218,202,1415,5,405,1010
36,50,2,2136,1389,1217,172,1384,5,389,995
36,51,2,1882,1321,1168,153,1315,6,422,893
36,52,2,1811,1156,1062,94,1150,6,334,816
36,53,2,1583,1087,949,138,1079,8,274,805
36,54,2,2095,1489,1387,102,1483,6,423,1060
36,55,2,2256,1499,1406,93,1495,4,418,1077
36,56,2,2875,1981,1792,189,1976,5,512,1464
36,57,2,2270,1510,1382,128,1505,5,467,1038
36,58,2,2148,1384,1265,119,1380,4,369,1011
36,59,2,1805,1100,1040,60,1098,2,338,760
36,60,2,1567,1165,1067,98,1155,10,576,579
36,61,2,1194,849,771,78,847,2,356,491
36,62,2,1869,1251,1157,94,1242,9,398,844
36,63,2,1811,1213,1179,34,1205,8,484,721
36,64,2,2092,1249,1116,133,1243,6,364,879
36,65,2,1881,910,854,56,908,2,235,673
36,66,2,1081,688,634,54,686,2,215,471
36,67,2,1921,1221,1118,103,1219,2,307,912
36,68,2,2158,1338,1270,68,1335,3,380,955
36,69,2,1741,1176,1078,98,1173,3,349,824
36,70,2,2102,1378,1250,128,1368,10,359,1009
36,71,2,2289,1500,1395,105,1485,15,348,1137
36,72,2,1952,1095,1019,76,1089,6,239,850
36,73,2,2059,989,939,50,983,6,255,728
36,74,2,1907,1132,1068,64,1128,4,409,719
36,75,2,2060,1482,1271,211,1475,7,409,1066
36,76,2,2574,1461,1372,89,1451,10,591,860
36,77,2,2216,1429,1303,126,1424,5,443,981
36,78,2,2156,1447,1359,88,1439,8,433,1006
36,79,2,1871,1148,1091,57,1145,3,320,825
36,80,2,1835,1124,1028,96,1120,4,323,797
36,81,2,2229,1274,1178,96,1258,16,351,907
36,82,2,2112,1427,1328,99,1418,9,465,953
36,83,2,2029,1406,1290,116,1399,7,515,884
36,84,2,1479,864,812,52,858,6,292,566
36,85,2,2060,1515,1291,224,1510,5,622,888
36,86,2,2073,1267,1144,123,1265,2,393,872
36,87,2,2091,1330,1197,133,1319,11,414,905
36,88,2,2456,1333,1166,167,1323,10,427,896
36,89,2,2351,1572,1374,198,1561,11,478,1083
36,90,2,1746,938,864,74,936,2,248,688
36,91,2,2191,1292,1218,74,1286,6,422,864
36,92,2,2010,1292,1229,63,1287,5,377,910
36,93,2,1596,1028,917,111,1020,8,294,726
36,94,2,2309,1867,1706,161,1764,103,295,1469
36,95,2,2367,1442,1373,69,1436,6,408,1028
36,96,2,2300,1374,1265,109,1367,7,422,945
36,97,2,2222,1506,1461,45,1498,8,478,1020
36,98,2,2310,1472,1356,116,1464,8,405,1059
36,99,2,1800,1173,1118,55,1168,5,324,844
36,100,2,1474,902,841,61,897,5,253,644
36,101,2,1831,1089,974,115,1084,5,268,816
36,102,2,2036,1103,847,256,1093,10,224,869
36,103,2,2633,1884,1516,368,1867,17,444,1423
36,104,2,2207,1369,1250,119,1369,0,307,1062
36,105,2,2225,1303,1162,141,1293,10,334,959
36,106,2,1576,1026,853,173,1018,8,267,751
36,107,2,1770,1084,958,126,1077,7,323,754
36,108,2,2074,1661,1232,429,1657,4,643,1014
36,109,2,1857,1171,1074,97,1164,7,379,785
36,110,2,2396,1446,1272,174,1436,10,398,1038
36,111,2,2098,1418,1349,69,1415,3,561,854
36,112,2,1850,1337,1253,84,1333,4,484,849
36,113,2,1364,888,813,75,877,11,325,552
36,114,2,2281,1510,1431,79,1504,6,515,989
36,115,2,2319,1505,1413,92,1503,2,515,988
36,116,2,2140,1321,1262,59,1311,10,467,844
36,117,2,2189,1445,1365,80,1431,7,456,975
36,118,2,2257,1510,1401,109,1504,6,480,1024
36,119,2,1886,1302,1213,89,1298,4,432,866
36,120,2,2319,1470,1378,92,1461,9,440,1021
36,121,2,1975,1300,1236,64,1296,4,457,839
36,122,2,2129,1377,1308,69,1370,7,497,873
36,123,2,1801,1195,1124,71,1189,6,453,736
36,124,2,2259,1418,1307,111,1413,5,409,1004
36,125,2,2179,1528,1363,165,1519,9,454,1065
36,126,2,2290,1549,1370,179,1547,2,379,1168
36,127,2,2044,1368,1251,117,1362,6,451,911
36,128,2,1633,712,609,103,707,5,194,513
36,129,2,1515,921,853,68,916,5,289,627
36,130,2,1479,951,812,139,949,2,257,692
36,131,2,1176,1003,678,325,1001,2,312,689
36,132,2,2345,1557,1452,105,1547,10,478,1069
36,133,2,2271,1324,1251,73,1317,7,483,834
36,134,2,1867,1240,1143,97,1226,14,382,844
36,135,2,1634,1296,1064,232,1294,2,361,933
36,136,2,867,791,759,32,777,14,310,467
36,137,2,0,1070,0,1070,1050,20,319,731
36,138,2,1337,1200,1121,79,1172,27,459,713
36,139,2,349,701,213,488,689,12,195,494
36,140,2,928,1000,653,347,993,7,315,678
36,141,2,0,849,0,849,843,6,120,723
36,142,2,0,695,0,695,688,7,273,415
36,143,2,0,906,0,906,901,5,141,760
36,144,2,0,1599,0,1599,1590,9,240,1350
36,145,2,0,1137,0,1137,1132,5,133,999
36,146,2,0,519,0,519,519,0,113,406
36,147,2,0,56,0,56,55,1,15,40
36,148,2,0,0,0,0,0,0,0,0
36,149,2,0,0,0,0,0,0,0,0
36,150,2,1760,1103,999,104,1098,5,481,617
36,151,2,1949,1398,1293,105,1383,15,559,824
36,152,2,1481,1009,907,102,997,12,339,658
36,153,2,2587,1719,1617,102,1705,14,820,885
36,154,2,1336,906,848,58,903,3,370,533
36,155,2,2447,1640,1469,171,1627,13,729,898
36,156,2,1782,1235,1006,229,1221,14,509,712
36,157,2,816,624,466,158,616,8,171,445
36,158,2,1663,1209,1111,98,1193,16,470,723
36,159,2,2294,1528,1442,86,1519,9,627,892
36,160,2,2499,1655,1528,127,1646,9,664,982
36,161,2,0,944,921,23,899,45,479,420
36,162,2,2474,1586,1520,66,1582,4,575,1007
36,163,2,2156,1490,1442,48,1485,5,579,906
36,164,2,804,743,527,216,738,5,261,477
36,165,2,1897,1360,1167,193,1342,18,479,863
36,166,2,1374,848,796,52,839,9,324,515
36,167,2,1373,1023,868,155,1016,7,438,578
36,168,2,2836,1786,1666,120,1773,13,705,1068
36,169,2,2283,1528,1301,227,1511,17,592,919
36,170,2,1640,1023,949,74,1010,13,395,615
36,171,2,1616,1055,965,90,1040,15,368,672
36,172,2,325,269,225,44,260,6,106,154
36,173,2,556,295,246,49,293,2,134,159
36,174,2,2139,1735,1302,433,1721,14,976,745
36,175,2,1837,1438,1256,182,1419,19,787,632
36,176,2,0,761,0,761,726,35,431,295
36,177,2,891,564,419,145,553,11,289,264
36,178,2,705,499,445,54,495,4,323,172
36,179,2,1616,1290,1143,147,1282,8,373,909
36,180,2,1849,1434,1264,170,1425,9,414,1011
36,181,2,1288,978,913,65,955,6,240,715
36,182,2,448,326,300,26,321,5,128,193
36,183,2,1734,1302,1164,138,1292,10,283,1009
36,184,2,2029,1412,1274,138,1388,24,442,946
36,185,2,1490,1081,951,130,1073,8,308,765
36,186,2,1138,893,623,270,881,12,304,577
36,187,2,1433,1035,884,151,1028,7,329,699
36,188,2,2226,1506,1336,170,1492,14,560,932
36,189,2,2035,1385,1285,100,1374,11,543,831
36,190,2,2059,1554,1311,243,1524,30,618,906
36,191,2,1343,997,884,113,984,13,372,612
36,192,2,1463,1000,884,116,975,25,415,560
36,193,2,1239,800,727,73,792,8,294,498
36,194,2,214,243,195,48,239,4,96,143
36,195,2,1400,952,793,159,939,13,575,364
36,196,2,753,631,519,112,625,6,429,196
36,197,2,239,288,198,90,287,0,104,183
36,198,2,316,337,239,98,333,4,169,164
36,199,2,348,314,269,45,311,3,189,122
36,200,2,243,305,197,108,295,10,135,160
36,201,2,785,571,451,120,564,7,344,220
36,202,2,433,355,282,73,330,25,12,318
36,203,2,1621,1128,964,164,1113,13,491,622
36,204,2,1287,842,630,212,827,15,381,446
36,205,2,1317,1008,889,119,992,16,455,537
36,206,2,732,585,500,85,577,8,277,300
36,207,2,274,264,227,37,261,3,143,118
36,208,2,246,208,192,16,205,3,140,65
36,209,2,606,394,360,34,390,4,179,211
36,210,2,527,303,273,30,301,2,164,137
36,211,2,393,291,272,19,287,4,119,168
36,212,2,335,266,247,19,265,1,150,115
36,213,2,440,398,362,36,396,2,189,207
36,214,2,1168,866,743,123,861,5,446,415
36,215,2,1400,775,653,122,774,1,311,463
36,216,2,1158,900,649,251,891,9,602,289
36,217,2,317,244,219,25,243,1,157,86
36,218,2,439,272,267,5,268,4,111,157
36,219,2,380,258,227,31,255,3,143,112
36,220,2,298,203,176,27,201,2,68,133
36,221,2,188,149,91,58,146,3,50,96
36,222,2,232,244,209,35,243,1,131,112
36,223,2,504,433,364,69,426,7,184,242
36,224,2,380,324,279,45,322,2,206,116
36,225,2,653,500,419,81,497,3,230,267
36,226,2,438,492,380,112,489,3,235,254
36,227,2,230,186,160,26,184,2,61,123
36,228,2,181,174,161,13,172,2,106,66
36,229,2,222,207,184,23,202,5,123,79
36,230,2,2350,1561,1484,77,1548,13,770,778
36,231,2,684,502,459,43,493,9,162,331
36,232,2,1480,989,943,46,977,12,582,395
36,233,2,1332,1024,877,147,1012,12,411,601
36,234,2,1329,957,867,90,950,7,285,665
36,235,2,1405,1152,893,259,1144,8,451,693
36,236,2,620,532,485,47,526,6,304,222
36,237,2,1215,867,705,162,847,20,440,407
36,238,2,718,458,384,74,457,1,271,186
36,239,2,326,383,303,80,379,4,79,300
36,240,2,322,297,259,38,297,0,233,64
36,241,2,1149,814,771,43,805,9,348,457
36,242,2,764,699,506,193,694,5,255,439
36,243,2,580,492,402,90,480,12,224,256
36,244,2,1398,1023,913,110,1012,8,290,722
36,245,2,168,169,142,27,157,12,74,83
36,246,2,362,299,272,27,297,2,184,113
36,247,2,368,300,268,32,298,2,107,191
36,248,2,549,454,408,46,453,1,197,256
36,249,2,1414,1083,932,151,1067,16,594,473
36,250,2,1158,771,701,70,760,11,332,428
36,251,2,532,425,343,82,417,8,109,308
36,252,2,1730,1108,1028,80,1097,11,469,628
36,253,2,756,576,519,57,567,9,99,468
36,254,2,300,286,255,31,282,4,122,160
36,255,2,838,693,670,23,686,7,421,265
36,256,2,526,466,442,24,465,1,199,266
36,257,2,634,557,525,32,549,8,258,291
36,258,2,444,422,378,44,415,7,213,202
36,259,2,666,547,374,173,538,9,188,350
36,260,2,303,262,232,30,258,4,106,152
36,261,2,917,537,481,56,530,7,244,286
36,262,2,1329,1103,880,223,1081,22,441,640
36,263,2,453,418,376,42,414,4,106,308
36,264,2,266,307,240,67,306,1,71,235
36,265,2,1730,1268,1123,145,1260,8,275,985
36,266,2,1632,1142,1026,116,1132,10,222,910
36,267,2,934,718,540,178,709,9,362,347
36,268,2,380,333,263,70,326,7,95,231
36,269,2,656,556,472,84,555,1,100,455
36,270,2,929,532,487,45,526,6,215,311
36,271,2,414,367,333,34,351,10,138,213
36,272,2,1734,1489,1436,53,1472,13,257,1215
36,273,2,2016,1458,1298,160,1446,12,595,851
36,274,2,1107,735,679,56,726,9,353,373
36,275,2,314,268,237,31,266,2,177,89
36,276,2,365,327,314,13,318,9,150,168
36,277,2,595,378,355,23,375,3,168,207
36,278,2,582,428,401,27,425,3,278,147
36,279,2,243,180,164,16,177,3,103,74
36,280,2,467,379,358,21,376,3,242,134
36,281,2,831,537,497,40,533,4,307,226
36,282,2,277,201,173,28,199,2,139,60
36,283,2,579,391,357,34,388,3,279,109
36,284,2,846,648,567,81,640,8,229,411
36,285,2,394,372,305,67,364,8,41,323
36,286,2,866,694,574,120,687,7,363,324
36,287,2,421,340,288,52,335,5,222,113
36,288,2,276,285,256,29,226,0,109,117
36,289,2,652,439,370,69,436,3,163,273
36,290,2,1189,1076,866,210,1066,10,277,789
36,291,2,1000,706,618,88,700,6,253,447
36,292,2,1176,813,712,101,807,6,213,594
36,293,2,706,572,489,83,567,5,188,379
36,294,2,343,234,203,31,233,1,116,117
36,295,2,396,331,273,58,325,6,148,177
36,296,2,320,304,262,42,298,6,131,167
36,297,2,153,163,141,22,163,0,117,46
36,298,2,384,262,226,36,254,8,78,176
36,299,2,233,226,166,60,218,8,117,101
36,300,2,2822,1734,1565,169,1713,21,498,1215
36,301,2,1080,829,763,66,823,6,325,498
36,302,2,274,279,194,85,279,0,97,182
36,303,2,228,227,183,44,226,1,139,87
36,304,2,419,362,323,39,360,2,195,165
36,305,2,1156,1024,671,353,1012,12,380,632
36,306,2,905,805,564,241,795,10,330,465
36,307,2,583,437,316,121,429,8,197,232
36,308,2,434,357,308,49,351,6,82,269
36,309,2,121,164,87,77,161,3,34,127
36,310,2,273,274,217,57,272,2,90,182
36,311,2,1667,1011,897,114,1006,5,317,689
36,312,2,1392,969,847,122,962,7,332,630
36,313,2,675,574,474,100,563,11,328,235
36,314,2,441,319,271,48,310,9,147,163
36,315,2,521,404,325,79,397,7,152,245
36,316,2,444,342,295,47,337,5,88,249
36,317,2,858,817,605,212,806,11,421,385
36,318,2,553,434,357,77,428,6,147,281
36,319,2,471,371,331,40,368,3,188,180
36,320,2,231,288,215,73,284,4,155,129
36,321,2,239,230,183,47,228,2,107,121
36,322,2,1108,723,627,96,718,5,266,452
36,323,2,1230,886,657,229,870,16,261,609
36,324,2,1265,755,603,152,742,13,344,398
36,325,2,887,703,546,157,696,7,267,429
36,326,2,864,712,603,109,698,14,347,351
36,327,2,1135,894,705,189,883,11,498,385
36,328,2,1863,1329,1111,218,1321,8,719,602
36,329,2,221,268,202,66,268,0,145,123
36,330,2,181,183,124,59,182,1,21,161
36,331,2,2152,1609,1292,317,1588,21,934,654
36,332,2,1255,910,759,151,900,10,574,326
36,333,2,1750,1611,1284,327,1596,15,712,884
36,334,2,184,149,120,29,146,3,84,62
36,335,2,866,627,505,122,622,5,360,262
36,336,2,417,420,367,53,414,6,218,196
36,337,2,195,190,165,25,188,2,96,92
36,338,2,200,218,188,30,217,1,102,115
36,339,2,119,123,110,13,120,3,71,49
36,340,2,67,75,61,14,75,0,42,33
36,341,2,322,321,187,134,315,6,103,212
36,342,2,685,569,487,82,566,3,227,339
36,343,2,1080,1050,826,224,1041,9,455,586
36,344,2,233,218,151,67,214,4,57,157
36,345,2,878,664,612,52,660,4,336,324
36,346,2,99,87,77,10,87,0,42,45
36,347,2,294,237,219,18,234,3,115,119
36,348,2,691,605,426,179,593,12,206,387
36,349,2,167,132,107,25,132,0,63,69
36,350,2,148,165,113,52,165,0,115,50
36,351,2,420,378,275,103,373,5,138,235
36,352,2,824,747,597,150,742,5,186,556
36,353,2,757,571,476,95,566,5,240,326
36,354,2,848,695,563,132,676,19,171,505
36,355,2,260,218,193,25,216,2,124,92
36,356,2,1167,878,804,74,864,14,599,265
36,357,2,1125,808,732,76,802,6,530,272
36,358,2,254,234,203,31,233,1,157,76
36,359,2,596,476,388,88,473,3,261,212
36,360,2,169,162,139,23,160,2,89,71
36,361,2,215,205,185,20,203,2,93,110
36,362,2,272,258,232,26,256,2,199,57
36,363,2,241,192,172,20,188,4,126,62
36,364,2,168,173,139,34,168,5,136,32
36,365,2,275,272,232,40,265,7,129,136
36,366,2,1512,1128,921,207,1121,7,549,572
36,367,2,473,432,344,88,423,9,195,228
36,368,2,354,335,260,75,334,1,151,183
36,369,2,470,436,337,99,433,3,296,137
36,370,2,907,559,512,47,549,10,224,325
36,371,2,927,753,657,96,743,10,354,389
36,372,2,788,618,484,134,607,11,220,387
36,373,2,741,650,488,162,643,7,333,310
36,374,2,1410,992,872,120,982,8,419,563
36,375,2,1762,1316,1092,224,1076,16,422,654
36,376,2,1382,957,820,137,947,10,478,469
36,377,2,417,309,284,25,302,7,195,107
36,378,2,234,160,153,7,158,2,121,37
36,379,2,211,153,145,8,152,1,77,75
36,380,2,615,507,388,119,503,4,177,326
36,381,2,510,396,321,75,385,11,201,184
36,382,2,309,224,201,23,220,4,103,117
36,383,2,398,362,320,42,356,6,160,196
36,384,2,981,722,639,83,717,5,459,258
36,385,2,703,422,365,57,419,2,214,205
36,386,2,927,628,542,86,622,6,415,207
36,387,2,1372,979,862,117,968,11,354,614
36,388,2,2041,1325,1075,250,1309,16,584,725
36,389,2,1047,860,732,128,850,10,376,474
36,390,2,696,510,409,101,506,4,225,281
36,391,2,284,313,217,96,301,12,168,133
36,392,2,375,249,236,13,246,3,156,90
36,393,2,369,333,264,69,328,5,164,164
36,394,2,821,631,513,118,622,9,296,326
36,395,2,761,555,427,128,553,2,186,367
36,396,2,181,182,133,49,180,2,118,62
36,397,2,622,456,388,68,448,8,194,254
36,398,2,516,418,343,75,418,0,146,272
36,399,2,353,274,213,61,274,0,105,169
36,400,2,216,195,162,33,195,0,76,119
36,401,2,222,237,177,60,235,2,24,211
36,402,2,294,273,215,58,268,5,101,167
36,403,2,482,407,350,57,402,5,150,252
36,404,2,184,222,164,58,220,2,128,92
36,405,2,1689,1227,1035,192,1221,6,593,628
36,406,2,692,566,452,114,562,4,237,325
36,407,2,372,316,267,49,311,5,164,147
36,408,2,953,709,558,151,701,8,274,427
36,409,2,1148,934,616,318,916,18,286,630
36,410,2,1116,907,712,195,903,4,264,639
36,411,2,579,364,309,55,359,5,166,193
36,412,2,180,197,147,50,195,2,98,97
36,413,2,700,515,421,94,512,3,163,349
36,414,2,896,598,471,127,593,5,207,386
36,415,2,1267,775,646,129,762,13,267,495
36,416,2,314,260,191,69,255,5,80,175
36,417,2,1158,852,709,143,845,7,397,448
36,418,2,346,300,221,79,295,5,86,209
36,419,2,1108,755,605,150,742,13,257,485
36,420,2,1407,984,814,170,966,18,480,486
36,421,2,1019,666,583,83,656,10,244,412
36,422,2,1691,1242,1123,119,1229,13,342,887
36,423,2,1590,1235,943,292,1221,14,327,894
36,424,2,1050,808,659,149,801,7,282,519
36,425,2,377,260,230,30,255,5,96,159
36,426,2,219,214,168,46,213,1,92,121
36,427,2,243,238,194,44,233,5,129,104
36,428,2,252,159,143,16,154,5,51,103
36,429,2,1437,1051,835,216,1027,24,501,526
36,430,2,203,207,127,80,206,1,86,120
36,431,2,796,558,487,71,554,4,263,291
36,432,2,435,342,306,36,338,4,232,106
36,433,2,744,539,516,23,537,2,346,191
36,434,2,554,392,363,29,387,5,239,148
36,435,2,401,270,253,17,267,3,164,103
36,436,2,984,784,675,109,781,3,304,477
36,437,2,238,195,175,20,194,1,113,81
36,438,2,361,357,261,96,355,2,138,217
36,439,2,435,413,337,76,406,7,140,266
36,440,2,310,232,202,30,216,16,121,95
36,441,2,1147,980,875,105,975,5,58,917
36,442,2,228,231,193,38,228,3,129,99
36,443,2,676,485,430,55,478,7,342,136
36,444,2,967,574,494,80,570,4,218,352
36,445,2,527,416,367,49,410,6,181,229
36,446,2,333,267,230,37,266,1,151,115
36,447,2,978,661,587,74,657,4,257,400
36,448,2,351,300,276,24,289,11,37,252
36,449,2,515,488,420,68,481,7,228,253
36,450,2,613,560,502,58,551,9,23,528
36,451,2,421,476,346,130,473,3,114,359
36,452,2,1477,1072,984,88,1060,12,588,472
36,453,2,1371,1122,1004,118,1111,11,605,506
36,454,2,1026,732,617,115,720,12,371,349
36,455,2,262,172,140,32,169,3,49,120
36,456,2,637,474,416,58,472,2,225,247
36,457,2,250,200,166,34,196,4,82,114
36,458,2,445,414,366,48,409,5,168,241
36,459,2,264,221,132,89,220,1,109,111
36,460,2,421,330,254,76,324,6,124,200
36,461,2,1198,912,779,133,904,8,471,433
36,462,2,374,372,302,70,367,5,208,159
37,1,2,1700,1384,1118,266,1368,16,985,383
37,2,2,2180,1508,1360,148,1496,12,1076,420
37,3,2,2048,1388,1278,110,1383,5,919,464
37,4,2,2238,1536,1398,138,1521,15,1032,489
37,5,2,2209,1591,1465,126,1581,10,1139,442
37,6,2,2219,1598,1437,161,1590,8,978,612
37,7,2,2186,1541,1422,119,1531,10,1155,376
37,8,2,1906,1291,1105,186,1273,18,923,350
37,9,2,2247,1422,1295,127,1413,9,983,430
37,10,2,2343,1548,1397,151,1536,12,1049,487
37,11,2,2103,1331,1206,125,1323,8,866,457
37,12,2,1258,916,843,73,913,3,600,313
37,13,2,1786,1252,1176,76,1248,4,782,466
37,14,2,1890,1553,1208,345,1548,5,866,682
37,15,2,2045,1380,1273,107,1374,6,908,466
37,16,2,2094,1374,1312,62,1367,7,780,587
37,17,2,2032,1507,1331,176,1495,4,922,573
37,18,2,2197,1708,1531,177,1701,7,1085,616
37,19,2,2134,1507,1360,147,1499,8,910,589
37,20,2,999,691,600,91,685,6,438,247
37,21,2,1038,852,759,93,845,7,548,297
37,22,2,1907,1389,1250,139,1375,14,887,488
37,23,2,1461,1025,943,82,1021,4,632,389
37,24,2,1960,1357,1285,72,1347,10,805,542
37,25,2,1672,1164,1083,81,1155,9,745,410
37,26,2,2161,1503,1392,111,1495,8,970,525
37,27,2,2607,1737,1565,172,1724,13,1249,475
37,28,2,2107,1297,1161,136,1287,10,798,489
37,29,2,2936,1722,1557,165,1715,7,1068,647
37,30,2,1496,1011,957,54,1004,7,682,322
37,31,2,1683,1330,1158,172,1328,2,848,480
37,32,2,848,432,257,175,428,4,224,204
37,33,2,2205,1197,1025,172,1190,7,693,497
37,34,2,2049,1518,1265,253,1510,8,989,521
37,35,2,0,326,0,326,322,4,211,111
37,36,2,0,99,0,99,99,0,58,41
37,37,2,0,97,0,97,96,1,83,13
37,38,2,1084,1050,971,79,1017,33,586,431
37,39,2,1406,948,852,96,942,6,667,275
37,40,2,1439,1020,942,78,1014,6,726,288
37,41,2,1434,990,879,111,977,13,733,244
37,42,2,1372,832,729,103,818,14,618,200
37,43,2,986,680,583,97,673,7,447,226
37,44,2,499,466,453,13,451,15,237,214
37,45,2,37,91,30,61,91,0,59,32
37,46,2,1726,1259,1089,170,1235,24,762,473
37,47,2,1557,1088,937,151,1072,16,645,427
37,48,2,450,358,297,61,356,2,317,39
37,49,2,44,50,41,9,50,0,33,17
37,50,2,1959,1472,1365,107,1456,16,1029,427
37,51,2,1771,1455,1272,183,1438,17,1011,427
37,52,2,2682,1983,1896,87,1975,8,1340,635
37,53,2,1989,1444,1344,100,1435,9,1042,393
37,54,2,1815,1454,1168,286,1441,13,1070,371
37,55,2,1636,1272,1144,128,1262,10,975,287
37,56,2,47,65,42,23,64,1,36,28
37,57,2,2067,1402,1270,132,1393,9,1136,257
37,58,2,530,247,202,45,247,0,122,125
37,59,2,143,124,104,20,123,1,87,36
37,60,2,781,397,357,40,392,5,164,228
37,61,2,336,190,156,34,190,0,134,56
37,62,2,422,373,276,97,361,12,221,140
37,63,2,330,288,208,80,284,4,187,97
37,64,2,383,316,245,71,311,5,219,92
37,65,2,243,208,161,47,208,0,172,36
37,66,2,335,307,226,81,304,3,235,69
37,67,2,223,240,179,61,233,7,209,24
37,68,2,150,140,119,21,140,0,127,13
37,69,2,1789,1075,1009,66,1054,21,891,163
37,70,2,1665,1077,996,81,1066,11,881,185
37,71,2,1087,828,712,116,818,10,659,159
37,72,2,373,337,286,51,334,3,279,55
37,73,2,599,427,376,51,421,6,320,101
37,74,2,295,311,259,52,307,4,273,34
37,75,2,783,571,482,89,560,11,440,120
37,76,2,967,573,500,73,568,5,439,129
37,77,2,215,228,102,126,225,3,144,81
37,78,2,102,113,57,56,109,4,83,26
37,79,2,1846,1255,1144,111,1246,9,980,266
37,80,2,1085,790,739,51,783,7,652,131
37,81,2,588,385,345,40,384,1,301,83
37,82,2,1049,708,708,0,698,10,631,67
37,83,2,801,693,493,200,686,7,565,121
37,84,2,980,693,619,74,685,8,524,161
37,85,2,129,91,67,24,90,1,69,21
37,86,2,499,314,274,40,310,4,230,80
37,87,2,330,338,247,91,337,1,250,87
37,88,2,417,404,356,48,404,0,391,13
37,89,2,240,288,174,114,282,5,163,119
37,90,2,2100,1670,1566,104,1653,17,1416,237
37,91,2,722,634,562,72,617,17,509,108
37,92,2,424,301,267,34,297,4,278,19
37,93,2,151,131,103,28,131,0,99,32
37,94,2,98,86,73,13,86,0,74,12
37,95,2,913,628,550,78,617,11,501,116
37,96,2,959,633,547,86,628,5,434,194
37,97,2,588,341,278,63,337,4,233,104
37,98,2,512,379,325,54,372,7,285,87
37,99,2,2039,1472,1369,103,1456,16,995,461
37,100,2,2015,1251,1184,67,1237,14,884,353
37,101,2,980,587,540,47,582,5,354,228
37,102,2,343,241,195,46,237,4,171,66
37,103,2,319,231,180,51,227,4,155,72
37,104,2,583,408,339,69,400,8,321,79
37,105,2,869,681,571,110,675,6,554,121
37,106,2,300,179,147,32,178,1,116,62
37,107,2,1064,783,652,131,781,2,600,181
37,108,2,646,465,366,99,461,4,379,82
37,109,2,457,387,324,63,386,1,317,69
37,110,2,447,414,295,119,408,6,335,73
37,111,2,1441,1024,953,71,1019,5,577,442
37,112,2,267,209,172,37,206,3,160,46
37,113,2,1201,791,704,87,769,22,573,196
37,114,2,266,220,200,20,217,3,184,33
37,115,2,1613,1147,1115,32,1146,1,978,168
37,116,2,1414,991,957,34,987,4,814,173
37,117,2,1112,825,799,26,819,6,636,183
37,118,2,2670,1819,1567,252,1789,30,1235,554
37,119,2,822,579,536,43,571,8,450,121
37,120,2,1745,1118,1015,103,1098,20,764,334
37,121,2,2198,1542,1407,135,1526,16,1166,360
37,122,2,1544,1062,959,103,1051,11,906,145
37,123,2,246,224,163,61,222,2,124,98
37,124,2,327,329,233,96,324,5,217,107
37,125,2,92,123,69,54,122,1,99,23
37,126,2,487,303,263,40,298,5,183,115
37,127,2,925,744,705,39,734,10,617,117
37,128,2,610,489,424,65,488,1,398,90
37,129,2,1390,991,862,129,981,10,796,185
37,130,2,479,348,302,46,342,6,236,106
37,131,2,489,387,320,67,381,6,293,88
37,132,2,700,522,404,118,513,9,400,113
37,133,2,465,423,302,121,414,9,328,86
37,134,2,283,220,159,61,215,5,158,57
37,135,2,1805,1082,965,117,1067,15,752,315
37,136,2,1907,1205,1091,114,1195,10,789,406
37,137,2,798,614,493,121,604,10,479,125
37,138,2,742,499,436,63,488,11,390,98
37,139,2,117,114,72,42,113,1,97,16
37,140,2,1578,1366,1188,178,1358,8,1236,122
37,141,2,1526,1052,935,117,1040,12,912,128
37,142,2,1614,874,817,57,872,2,702,170
37,143,2,1649,896,866,30,891,5,737,154
37,144,2,608,412,372,40,408,4,334,74
37,145,2,1329,986,836,150,974,12,720,254
37,146,2,978,688,647,41,682,6,565,117
37,147,2,408,277,246,31,276,1,221,55
37,148,2,860,710,633,77,700,10,580,120
37,149,2,1325,714,638,76,704,10,611,93
37,150,2,1127,542,451,91,535,7,408,127
37,151,2,810,631,550,81,626,5,469,157
37,152,2,1726,1069,876,193,1055,14,810,245
37,153,2,1013,680,657,23,669,11,502,167
37,154,2,617,377,308,69,366,11,285,81
37,155,2,783,387,368,19,385,2,271,114
37,156,2,552,359,335,24,356,3,260,96
37,157,2,554,302,282,20,299,3,218,81
37,158,2,1638,1114,997,117,1108,6,874,234
37,159,2,137,134,121,13,133,1,120,13
37,160,2,555,504,438,66,498,6,420,78
37,161,2,231,151,128,23,149,2,117,32
37,162,2,276,211,179,32,211,0,181,30
37,163,2,506,381,329,52,380,1,329,51
37,164,2,239,185,142,43,184,1,158,26
37,165,2,1540,1182,1094,88,1170,12,967,203
37,166,2,1305,959,904,55,954,5,796,158
37,167,2,1350,992,914,78,984,8,832,152
37,168,2,1125,792,755,37,787,5,711,76
37,169,2,681,488,421,67,485,3,395,90
37,170,2,1006,742,676,66,728,14,477,251
37,171,2,988,698,633,65,691,7,557,134
37,172,2,1306,857,734,123,847,10,709,138
37,173,2,891,607,536,71,602,5,505,97
37,174,2,296,291,152,139,289,2,188,101
37,175,2,841,603,537,66,593,10,387,206
37,176,2,0,671,0,671,654,17,105,549
38,1,2,1712,1347,1143,204,1341,6,951,390
38,2,2,1804,1102,1066,36,1095,7,802,293
38,3,2,1804,1175,1044,131,1172,3,887,285
38,4,2,1243,974,806,168,969,5,767,202
38,5,2,1229,858,740,118,854,4,549,305
38,6,2,1799,1474,1133,341,1465,9,1064,401
38,7,2,1779,1112,929,183,1106,6,819,287
38,8,2,1406,985,854,131,974,11,750,224
38,9,2,1485,902,825,77,893,9,685,208
38,10,2,1092,1428,855,573,1420,8,1157,263
38,11,2,1250,863,779,84,857,6,654,203
38,12,2,1059,767,685,82,757,10,570,187
38,13,2,1108,808,747,61,807,1,597,210
38,14,2,1113,848,772,76,841,7,628,213
38,15,2,1472,979,901,78,975,4,739,236
38,16,2,1275,953,783,170,939,14,764,175
38,17,2,1502,1145,1000,145,1140,5,860,280
38,18,2,1290,1143,835,308,1134,9,876,258
38,19,2,1367,926,787,139,924,2,728,196
38,20,2,1455,1071,964,107,1062,9,846,216
38,21,2,961,852,628,224,847,5,656,191
38,22,2,1514,927,841,86,919,8,730,189
38,23,2,1350,913,818,95,907,6,677,230
38,24,2,1123,840,721,119,831,9,610,221
38,25,2,1251,1181,831,350,1176,5,704,472
38,26,2,1621,1064,997,67,1049,15,809,240
38,27,2,1151,1222,651,571,1216,6,888,328
38,28,2,1625,1116,1006,110,1107,9,852,255
38,29,2,1468,1122,987,135,1113,9,848,265
38,30,2,1250,918,847,71,913,5,663,250
38,31,2,1655,1221,1131,90,1208,13,871,337
38,32,2,2054,1383,1307,76,1374,9,1023,351
38,33,2,441,351,333,18,344,7,302,42
38,34,2,342,362,326,36,359,3,320,39
38,35,2,824,630,564,66,627,3,533,94
38,36,2,700,599,387,212,544,55,350,194
38,37,2,737,646,539,107,638,8,549,89
38,38,2,256,247,232,15,239,8,179,60
38,39,2,2447,1830,1673,157,1817,13,1242,575
38,40,2,2152,1645,1367,278,1635,10,1061,574
38,41,2,2830,1835,1393,442,1824,11,1271,553
38,42,2,1932,1607,1359,248,1588,19,1164,424
38,43,2,2742,2044,1640,404,2013,31,1567,446
38,44,2,2984,2318,1998,320,2295,23,1685,610
38,45,2,2116,1579,1398,181,1565,14,1091,474
38,46,2,1651,1147,1023,124,1141,6,835,306
38,47,2,1903,1443,1128,315,1419,24,1045,374
38,48,2,1912,1456,1335,121,1452,4,1101,351
38,49,2,2260,1586,1482,104,1575,11,1100,475
38,50,2,2390,1819,1513,306,1803,16,1371,432
38,51,2,2112,1630,1265,365,1610,20,1185,425
38,52,2,2415,1663,1256,407,1647,16,1141,506
38,53,2,2395,1505,1279,226,1494,11,1013,481
38,54,2,2538,2051,1674,377,2026,25,1514,512
38,55,2,2403,1654,1382,272,1623,31,1102,521
38,56,2,2907,2188,1812,376,2160,28,1617,543
38,57,2,1997,1502,1367,135,1493,9,1041,452
38,58,2,2662,1988,1816,172,1806,10,1295,511
38,59,2,2836,2104,1879,225,2081,23,1607,474
38,60,2,0,265,0,265,262,3,201,61
38,61,2,0,150,0,150,147,3,124,23
38,62,2,206,200,200,0,193,7,142,51
38,63,2,1338,1004,889,115,998,6,715,283
38,64,2,2170,1561,1389,172,1546,15,1076,470
38,65,2,2014,1452,1273,179,1441,11,981,460
38,66,2,839,635,539,96,635,0,466,169
38,67,2,1849,1383,1204,179,1370,13,936,434
38,68,2,1181,913,814,99,895,18,590,305
38,69,2,1441,1229,962,267,1220,9,845,375
38,70,2,1466,1076,981,95,1067,9,763,304
38,71,2,1102,820,760,60,817,3,563,254
38,72,2,988,674,615,59,658,16,354,304
38,73,2,1562,1110,988,122,1096,14,587,509
38,74,2,1728,1122,1012,110,1108,14,742,366
38,75,2,928,651,614,37,644,7,501,143
38,76,2,2379,1477,1316,161,1447,30,1006,441
38,77,2,66,131,66,65,130,1,114,16
38,78,2,197,191,179,12,188,3,118,70
38,79,2,2155,1548,1475,73,1518,30,1046,472
38,80,2,1474,1038,972,66,1024,14,805,219
38,81,2,650,535,477,58,524,11,417,107
38,82,2,1120,600,534,66,589,11,483,106
38,83,2,1056,640,598,42,636,4,564,72
38,84,2,70,70,0,70,70,0,56,14
38,85,2,1370,800,734,66,784,16,627,157
38,86,2,1157,887,760,127,879,8,665,214
38,87,2,637,602,455,147,581,21,496,85
38,88,2,358,304,231,73,303,1,274,29
38,89,2,573,399,327,72,393,6,290,103
38,90,2,490,485,423,62,482,3,445,37
38,91,2,573,427,391,36,421,6,378,43
38,92,2,625,650,495,155,648,2,591,57
38,93,2,753,618,479,139,614,4,496,118
38,94,2,860,622,539,83,615,7,536,79
38,95,2,809,626,562,64,611,15,471,140
38,96,2,483,306,266,40,300,6,255,45
38,97,2,624,436,397,39,429,7,397,32
38,98,2,507,336,292,44,334,2,264,70
38,99,2,544,459,385,74,458,1,385,73
38,100,2,1168,838,784,54,830,8,692,138
38,101,2,442,341,277,64,329,12,262,67
38,102,2,1746,1373,1094,279,1351,22,1088,263
38,103,2,454,343,275,68,340,3,268,72
38,104,2,92,97,84,13,94,3,71,23
38,105,2,1227,897,819,78,888,9,768,120
38,106,2,1820,1454,1215,239,1444,10,1294,150
38,107,2,919,849,756,93,846,3,755,91
38,108,2,775,550,425,125,547,3,480,67
38,109,2,389,393,270,123,392,1,370,22
38,110,2,1139,836,696,140,827,9,681,146
38,111,2,446,354,302,52,351,3,302,49
38,112,2,1023,676,589,87,665,11,527,138
38,113,2,205,160,129,31,155,5,127,28
38,114,2,880,770,616,154,757,13,634,123
38,115,2,256,209,181,28,208,1,168,40
38,116,2,981,648,545,103,636,12,513,123
38,117,2,614,377,298,79,367,10,316,51
38,118,2,397,314,252,62,311,3,272,39
38,119,2,900,774,663,111,765,9,683,82
38,120,2,928,766,671,95,760,6,650,110
38,121,2,1200,994,867,127,987,7,879,108
38,122,2,1253,822,736,86,814,8,692,122
38,123,2,1140,852,788,64,832,20,688,144
38,124,2,962,628,600,28,621,7,558,63
38,125,2,991,717,664,53,709,8,624,85
38,126,2,354,355,281,74,348,7,297,51
38,127,2,872,563,484,79,553,10,483,70
38,128,2,851,721,629,92,705,16,580,125
38,129,2,1416,1168,934,234,1142,26,812,330
38,130,2,572,445,353,92,436,9,377,59
38,131,2,231,209,166,43,208,1,181,27
38,132,2,1365,1145,974,171,1133,12,971,162
38,133,2,484,473,421,52,472,1,371,101
38,134,2,612,555,428,127,551,4,477,74
38,135,2,267,270,169,101,268,2,208,60
38,136,2,275,202,148,54,199,3,171,28
38,137,2,1310,961,838,123,952,9,748,204
38,138,2,524,396,341,55,391,5,318,73
38,139,2,805,592,530,62,577,15,513,64
38,140,2,844,594,479,115,590,4,482,108
38,141,2,790,430,371,59,425,5,341,84
38,142,2,1024,908,769,139,902,6,808,94
38,143,2,507,481,411,70,473,8,409,64
38,144,2,609,587,504,83,581,6,437,144
38,145,2,578,566,499,67,560,6,481,79
38,146,2,525,431,362,69,421,10,343,78
38,147,2,717,770,656,114,766,4,671,95
38,148,2,825,667,493,174,659,8,598,61
38,149,2,417,350,322,28,344,6,287,57
38,150,2,503,526,424,102,514,12,426,88
38,151,2,1850,1070,933,137,1047,23,819,228
38,152,2,368,278,237,41,275,3,242,33
38,153,2,1141,995,765,230,983,12,867,116
38,154,2,0,44,0,44,44,0,27,17
38,155,2,1680,988,904,84,976,12,814,162
38,156,2,1220,944,816,128,929,15,742,187
38,157,2,1150,555,500,55,529,26,411,118
38,158,2,1593,1097,955,142,1092,5,859,233
38,159,2,770,570,527,43,569,1,464,105
38,160,2,1513,1090,886,204,1054,36,856,198
38,161,2,456,364,254,110,357,7,260,97
38,162,2,943,769,668,101,762,7,602,160
38,163,2,1205,868,767,101,855,13,692,163
38,164,2,881,759,607,152,742,17,657,85
38,165,2,429,453,345,108,445,8,381,64
38,166,2,481,421,365,56,417,4,321,96
38,167,2,482,436,355,81,426,10,355,71
38,168,2,314,373,247,126,372,1,310,62
38,169,2,291,309,244,65,307,2,259,48
38,170,2,759,706,564,142,700,3,560,140
38,171,2,438,335,268,67,329,6,295,34
38,172,2,404,287,231,56,284,3,228,56
38,173,2,247,198,175,23,196,2,173,23
38,174,2,262,290,234,56,278,12,277,1
38,175,2,592,638,557,81,614,24,588,26
38,176,2,1032,711,625,86,699,12,572,127
38,177,2,688,658,571,87,658,0,585,73
38,178,2,934,884,816,68,875,9,787,88
38,179,2,830,554,474,80,544,10,442,102
38,180,2,523,420,347,73,420,0,374,46
38,181,2,576,522,459,63,510,12,428,82
38,182,2,487,429,360,69,412,17,294,118
38,183,2,483,413,359,54,406,7,357,49
38,184,2,453,529,419,110,443,5,408,35
38,185,2,570,520,437,83,513,7,452,61
38,186,2,436,447,328,119,438,9,383,55
38,187,2,520,511,400,111,501,10,448,53
38,188,2,1537,968,879,89,958,10,759,199
38,189,2,765,592,503,89,589,3,487,102
38,190,2,1480,1022,893,129,1005,17,866,139
38,191,2,690,466,380,86,461,5,420,41
38,192,2,308,303,199,104,302,1,294,8
38,193,2,995,821,749,72,814,7,740,74
38,194,2,2084,1325,1265,60,1312,13,1139,173
38,195,2,1310,934,870,64,924,10,781,143
38,196,2,1675,987,939,48,971,16,820,151
38,197,2,826,590,558,32,585,5,510,75
38,198,2,1676,751,693,58,737,14,629,108
38,199,2,318,129,117,12,123,6,96,27
38,200,2,1649,1227,1124,103,1207,20,1062,145
38,201,2,918,687,610,77,675,12,569,106
38,202,2,519,375,360,15,369,6,299,70
38,203,2,1489,1059,977,82,1048,11,902,146
38,204,2,756,591,500,91,576,15,498,78
38,205,2,427,346,295,51,341,5,240,101
38,206,2,823,667,619,48,659,8,532,127
38,207,2,755,590,515,75,587,3,478,109
38,208,2,976,614,556,58,611,3,522,89
38,209,2,802,658,579,79,651,7,573,78
38,210,2,1073,724,667,57,717,7,629,88
38,211,2,355,353,328,25,347,6,320,27
38,212,2,1936,1161,1106,55,1142,19,975,167
38,213,2,823,679,609,70,670,9,585,85
38,214,2,2100,1592,1444,148,1577,15,1211,366
38,215,2,1183,935,843,92,929,6,751,178
38,216,2,547,486,466,20,475,11,428,47
38,217,2,1032,1005,793,212,992,13,856,136
38,218,2,423,383,342,41,378,5,286,92
38,219,2,623,406,313,93,401,5,281,120
38,220,2,588,512,407,105,508,4,435,73
38,221,2,857,718,556,162,711,7,603,108
38,222,2,1265,793,705,88,773,20,609,164
38,223,2,804,494,402,92,483,11,382,101
38,224,2,1936,1206,1150,56,1191,15,951,240
38,225,2,431,402,348,54,396,6,295,101
38,226,2,1205,802,733,69,786,16,576,210
38,227,2,2345,1316,1316,0,1298,18,1128,170
38,228,2,636,468,331,137,461,7,335,126
38,229,2,301,259,230,29,247,12,191,56
38,230,2,935,618,580,38,616,2,549,67
38,231,2,584,580,511,69,569,4,481,88
38,232,2,890,514,503,11,507,7,424,83
38,233,2,869,511,466,45,499,12,394,105
38,234,2,1286,1035,867,168,1030,5,900,130
38,235,2,685,578,480,98,574,4,519,55
38,236,2,338,280,215,65,275,5,242,33
38,237,2,353,309,262,47,304,5,251,53
38,238,2,449,341,268,73,339,2,291,48
38,239,2,428,336,282,54,333,3,294,39
38,240,2,784,587,522,65,572,15,468,104
38,241,2,610,490,421,69,485,5,376,109
38,242,2,546,373,336,37,366,7,254,112
38,243,2,462,330,270,60,324,6,269,55
38,244,2,1442,886,745,141,864,22,710,154
38,245,2,1179,661,584,77,652,9,575,77
38,246,2,1002,768,637,131,756,12,591,165
38,247,2,627,332,293,39,327,5,294,33
38,248,2,572,433,356,77,427,6,374,53
38,249,2,396,307,267,40,305,2,274,31
38,250,2,253,307,200,107,301,6,234,67
38,251,2,951,719,675,44,706,13,597,109
38,252,2,710,451,395,56,436,15,374,62
38,253,2,641,454,396,58,446,8,396,50
38,254,2,458,380,338,42,372,8,309,63
38,255,2,2474,1905,1792,113,1890,15,1577,313
38,256,2,385,266,223,43,262,4,211,51
38,257,2,1250,688,625,63,681,7,588,93
38,258,2,1265,863,814,49,852,11,669,183
38,259,2,906,715,659,56,704,11,622,82
38,260,2,1357,802,638,164,797,5,661,136
38,261,2,507,454,362,92,454,0,404,50
38,262,2,2213,1342,1211,131,1327,15,1077,250
38,263,2,1374,891,840,51,879,12,746,133
38,264,2,981,657,614,43,652,5,523,129
38,265,2,639,497,447,50,493,4,448,45
38,266,2,379,406,370,36,404,2,370,34
38,267,2,605,385,354,31,384,1,347,37
38,268,2,250,257,218,39,256,1,222,34
38,269,2,372,296,275,21,290,6,241,49
38,270,2,1070,696,588,108,691,5,578,113
38,271,2,577,349,310,39,344,5,295,49
38,272,2,642,438,385,53,434,4,371,63
38,273,2,1666,922,828,94,913,9,772,141
38,274,2,720,465,414,51,457,8,417,40
38,275,2,1207,540,433,107,530,10,399,131
38,276,2,1206,960,888,72,951,9,811,140
38,277,2,521,455,416,39,449,6,397,52
38,278,2,525,468,387,81,462,6,398,64
38,279,2,632,592,505,87,583,9,487,96
38,280,2,687,515,473,42,505,10,391,114
38,281,2,2026,1176,1009,167,1164,12,1021,143
38,282,2,1573,934,796,138,925,9,835,90
38,283,2,817,525,425,100,520,5,435,85
38,284,2,1472,1183,963,220,1179,4,1066,113
38,285,2,956,764,710,54,759,5,683,76
38,286,2,193,249,158,91,223,26,201,22
38,287,2,899,831,593,238,826,5,726,100
38,288,2,485,473,414,59,470,3,428,42
38,289,2,1074,1084,744,340,1075,9,943,132
38,290,2,1197,700,599,101,688,12,470,218
38,291,2,529,538,442,96,532,6,483,49
38,292,2,846,578,532,46,564,14,455,109
38,293,2,561,331,286,45,326,5,248,78
38,294,2,356,215,189,26,212,3,180,32
38,295,2,320,249,217,32,246,3,212,34
38,296,2,679,650,636,14,647,3,598,49
38,297,2,377,345,312,33,345,0,337,8
38,298,2,209,209,164,45,208,1,178,30
38,299,2,543,454,373,81,446,8,340,106
38,300,2,148,159,124,35,159,0,137,22
38,301,2,892,764,659,105,753,11,595,158
38,302,2,687,642,544,98,635,7,496,139
38,303,2,997,750,534,216,739,11,602,137
38,304,2,1053,544,482,62,532,12,455,77
38,305,2,1468,1074,918,156,1067,7,949,118
38,306,2,667,518,470,48,511,7,415,96
38,307,2,1040,1040,975,65,1033,7,942,91
38,308,2,2927,1914,1761,153,1884,30,1513,371
38,309,2,1063,838,655,183,817,21,667,150
38,310,2,1603,1396,1129,267,1377,19,1149,228
39,1,2,1163,1065,763,302,1053,12,759,294
39,2,2,1525,833,730,103,829,4,564,265
39,3,2,972,598,541,57,598,0,353,245
39,4,2,1988,1159,1058,101,1148,11,748,400
39,5,2,1487,911,833,78,907,4,539,368
39,6,2,1220,735,677,58,730,5,497,233
39,7,2,1517,1034,945,89,1027,7,697,330
39,8,2,1027,414,377,37,413,1,251,162
39,9,2,1657,684,648,36,677,7,422,255
39,10,2,1304,765,724,41,758,7,497,261
39,11,2,972,689,635,54,685,4,426,259
39,12,2,1494,996,902,94,994,2,502,492
39,13,2,1412,758,702,56,756,2,477,279
39,14,2,967,472,417,55,471,1,301,170
39,15,2,1397,975,806,169,973,2,610,363
39,16,2,1317,767,700,67,761,6,530,231
39,17,2,1217,579,519,60,578,1,312,266
39,18,2,1380,1052,623,429,1045,7,641,404
39,19,2,1432,1116,863,253,1113,3,710,403
39,20,2,1862,1263,1178,85,1255,8,754,501
39,21,2,1453,1170,847,323,1168,2,707,461
39,22,2,2045,1238,1097,141,1231,7,796,435
39,23,2,1511,890,840,50,890,0,486,404
39,24,2,1276,871,762,109,866,5,506,360
39,25,2,1296,741,686,55,737,4,434,303
39,26,2,1435,1019,925,94,1014,5,603,411
39,27,2,2406,1707,1591,116,1695,12,959,736
39,28,2,2154,1541,1376,165,1538,3,857,681
39,29,2,1386,1085,1004,81,1078,7,677,401
39,30,2,1379,798,760,38,786,12,608,178
39,31,2,750,556,464,92,551,5,340,211
39,32,2,1780,977,921,56,971,6,650,321
39,33,2,1120,755,685,70,753,2,451,302
39,34,2,1445,950,882,68,942,8,584,358
39,35,2,1520,1111,887,224,1110,1,703,407
39,36,2,729,606,378,228,603,3,369,234
39,37,2,1209,481,445,36,476,5,372,104
39,38,2,1317,793,572,221,780,13,629,151
39,39,2,1413,980,830,150,967,13,759,208
39,40,2,637,481,412,69,469,12,371,98
39,41,2,1873,1407,1231,176,1400,7,877,523
39,42,2,1347,956,900,56,948,8,662,286
39,43,2,1990,1223,1151,72,1219,4,897,322
39,44,2,1227,771,712,59,770,1,509,261
39,45,2,1153,653,607,46,650,3,456,194
39,46,2,1614,930,880,50,922,8,693,229
39,47,2,1771,1107,1049,58,1097,10,803,294
39,48,2,1895,1101,1043,58,1091,10,779,312
39,49,2,1028,1194,1028,166,1187,7,864,323
39,50,2,2035,1156,1112,44,1150,6,795,355
39,51,2,962,538,482,56,534,4,351,183
39,52,2,1215,760,689,71,754,6,523,231
39,53,2,2528,1599,1522,77,1586,13,1097,489
39,54,2,1267,914,840,74,913,1,638,275
39,55,2,1066,708,604,104,702,6,497,205
39,56,2,1809,1037,954,83,1033,4,718,315
39,57,2,1471,841,782,59,831,10,645,186
39,58,2,1118,658,613,45,655,3,510,145
39,59,2,286,161,139,22,156,5,139,17
39,60,2,731,721,691,30,701,20,425,276
39,61,2,317,294,270,24,292,2,187,105
39,62,2,0,447,0,447,445,2,353,92
39,63,2,0,215,0,215,212,3,163,49
39,64,2,0,126,0,126,126,0,79,47
39,65,2,2047,1887,1461,426,1873,14,1363,510
39,66,2,278,260,231,29,259,1,231,28
39,67,2,1605,1212,1125,87,1202,10,869,333
39,68,2,1142,857,753,104,854,3,646,208
39,69,2,793,633,588,45,626,7,534,92
39,70,2,1700,893,0,893,892,1,587,305
39,71,2,676,471,419,52,464,7,356,108
39,72,2,356,226,186,40,225,1,185,40
39,73,2,484,456,309,147,452,4,297,155
39,74,2,1620,1204,1007,197,1195,9,857,338
39,75,2,1715,1339,1096,243,1330,9,962,368
39,76,2,447,316,260,56,309,7,238,71
39,77,2,1470,1240,1080,160,1224,16,873,351
39,78,2,937,749,684,65,738,11,544,194
39,79,2,973,905,581,324,902,3,594,308
39,80,2,296,783,139,644,777,6,513,264
39,81,2,917,557,479,78,548,9,359,189
39,82,2,643,475,423,52,465,10,321,144
39,83,2,664,464,421,43,458,6,316,142
39,84,2,1390,898,859,39,890,8,710,180
39,85,2,1612,1105,1016,89,1095,10,804,291
39,86,2,1483,857,808,49,847,10,605,242
39,87,2,1448,937,869,68,931,6,642,289
39,88,2,1300,935,796,139,927,8,614,313
39,89,2,1340,780,701,79,774,6,546,228
39,90,2,1310,830,795,35,828,2,607,221
39,91,2,930,636,594,42,626,10,470,156
39,92,2,1335,735,696,39,726,9,530,196
39,93,2,1725,1028,985,43,1021,7,778,243
39,94,2,1483,1013,947,66,997,16,792,205
39,95,2,1363,932,885,47,923,9,744,179
39,96,2,0,135,0,135,132,3,113,19
39,97,2,488,499,482,17,493,6,304,189
39,98,2,1334,944,865,79,938,6,633,305
39,99,2,1745,1251,1153,98,1241,10,881,360
39,100,2,1202,799,761,38,782,17,645,137
39,101,2,384,275,248,27,270,5,212,58
39,102,2,514,301,282,19,300,1,186,114
39,103,2,0,51,0,51,50,1,40,10
39,104,2,1505,1095,974,121,1086,9,859,227
39,105,2,1378,1053,952,101,1046,7,869,177
39,106,2,1704,908,839,69,898,10,713,185
39,107,2,1674,1313,1188,125,1298,15,1142,156
39,108,2,1130,1023,909,114,1009,14,777,232
39,109,2,732,581,477,104,570,11,466,104
39,110,2,1688,1227,942,285,1213,14,935,278
39,111,2,730,678,426,252,676,2,560,116
39,112,2,1277,864,802,62,854,10,743,111
39,113,2,446,377,336,41,375,2,302,73
39,114,2,1522,964,743,221,958,6,798,160
39,115,2,1821,1473,1188,285,1460,13,1129,331
39,116,2,871,713,592,121,701,12,614,87
39,117,2,940,722,632,90,719,3,562,157
39,118,2,1058,640,545,95,628,12,511,117
39,119,2,1679,1255,1164,91,1244,11,1050,194
39,120,2,1478,1167,1082,85,1159,8,1042,117
39,121,2,1421,844,737,107,832,12,710,122
39,122,2,1101,670,359,311,668,2,486,182
39,123,2,1268,719,610,109,711,8,563,148
39,124,2,1042,644,580,64,633,11,512,121
39,125,2,277,218,180,38,218,0,181,37
39,126,2,692,363,320,43,354,9,198,156
39,127,2,406,264,245,19,264,0,213,51
39,128,2,1717,697,652,45,684,13,468,216
39,129,2,2444,1528,1416,112,1511,17,1235,276
39,130,2,1364,937,881,56,931,6,743,188
39,131,2,1072,704,666,38,690,14,503,187
39,132,2,1477,1154,1103,51,1150,4,959,191
39,133,2,1646,1446,1303,143,1432,14,1256,176
39,134,2,461,404,369,35,399,5,361,38
39,135,2,1246,873,774,99,854,19,720,134
39,136,2,1035,1046,940,106,1018,28,957,61
39,137,2,769,668,583,85,644,24,600,44
39,138,2,1044,759,639,120,750,9,412,338
39,139,2,920,465,410,55,452,13,305,147
39,140,2,220,245,156,89,245,0,183,62
39,141,2,1241,960,762,198,945,15,781,164
39,142,2,706,548,471,77,546,2,407,139
39,143,2,1570,1380,1314,66,1361,19,1119,242
39,144,2,584,519,481,38,515,4,453,62
39,145,2,502,436,378,58,433,3,316,117
39,146,2,1060,698,613,85,689,9,541,148
39,147,2,1142,728,650,78,720,8,529,191
39,148,2,1237,881,817,64,872,9,656,216
39,149,2,591,485,408,77,482,3,388,94
39,150,2,1250,704,538,166,701,3,579,122
39,151,2,902,638,563,75,632,6,551,81
39,152,2,1185,781,682,99,770,11,638,132
39,153,2,761,538,487,51,534,4,460,74
39,154,2,1409,826,699,127,819,7,591,228
39,155,2,1666,985,829,156,970,15,743,227
39,156,2,1269,754,603,151,740,14,593,147
39,157,2,1532,923,773,150,910,13,754,156
39,158,2,552,539,485,54,538,1,439,99
39,159,2,556,460,347,113,457,3,365,92
39,160,2,1679,1067,935,132,1057,10,948,109
39,161,2,1106,899,787,112,887,12,740,147
39,162,2,1147,755,670,85,743,12,603,140
39,163,2,102,107,98,9,103,4,70,33
39,164,2,2502,1804,1673,131,1793,11,1544,249
39,165,2,700,582,498,84,580,2,480,100
39,166,2,1061,761,572,189,750,11,535,215
39,167,2,735,529,416,113,523,6,392,131
39,168,2,1125,771,677,94,762,9,615,147
39,169,2,373,321,271,50,314,7,237,77
39,170,2,998,632,528,104,624,8,529,95
39,171,2,677,573,538,35,566,7,479,87
39,172,2,675,467,392,75,463,4,381,82
39,173,2,757,559,520,39,549,10,468,81
39,174,2,553,399,324,75,396,3,310,86
39,175,2,666,514,432,82,504,10,381,123
39,176,2,1058,569,511,58,563,6,441,122
39,177,2,1005,782,719,63,767,15,626,141
39,178,2,635,481,418,63,474,7,398,76
39,179,2,1303,757,684,73,754,3,637,117
39,180,2,1148,752,666,86,749,3,562,187
39,181,2,859,588,534,54,582,6,483,99
39,182,2,1176,765,652,113,751,14,543,208
39,183,2,689,654,590,64,646,8,541,105
39,184,2,1286,944,760,184,937,7,734,203
39,185,2,713,456,395,61,449,7,392,57
39,186,2,1433,885,800,85,874,11,677,197
39,187,2,650,412,397,15,412,0,347,65
39,188,2,1063,839,701,138,827,12,675,152
39,189,2,895,799,709,90,792,7,686,106
39,190,2,1791,1298,1106,192,1287,11,1057,230
39,191,2,1117,906,777,129,892,14,752,140
39,192,2,864,630,545,85,627,3,494,133
39,193,2,359,248,163,85,244,4,135,109
39,194,2,232,181,163,18,181,0,121,60
39,195,2,1507,953,901,52,947,6,791,156
39,196,2,916,656,562,94,650,6,528,122
39,197,2,1418,956,874,82,944,12,738,206
39,198,2,584,448,432,16,444,4,352,92
39,199,2,1146,682,578,104,674,8,554,120
39,200,2,468,385,324,61,384,1,332,52
39,201,2,1619,1124,1058,66,1113,11,968,145
39,202,2,1713,1226,1052,174,1206,20,929,277
39,203,2,1269,930,803,127,900,30,717,183
39,204,2,1457,1253,1127,126,1246,7,941,305
39,205,2,0,90,0,90,90,0,80,10
39,206,2,1142,683,604,79,673,10,534,139
39,207,2,780,627,591,36,621,6,487,134
39,208,2,1200,932,894,38,916,16,727,189
39,209,2,1316,1009,847,162,1001,8,854,147
39,210,2,1805,1167,1085,82,1155,12,990,165
39,211,2,1816,1259,1156,103,1247,12,1017,230
39,212,2,1006,692,645,47,683,9,567,116
39,213,2,1858,1103,1038,65,1095,8,854,241
39,214,2,1514,989,950,39,983,6,807,176
39,215,2,1207,948,845,103,936,12,743,193
39,216,2,1218,804,707,97,800,4,674,126
39,217,2,1500,1172,1093,79,1158,14,1016,142
39,218,2,1124,886,853,33,861,25,746,115
39,219,2,1937,1416,1296,120,1399,17,1033,366
39,220,2,610,470,391,79,462,8,358,104
39,221,2,988,595,535,60,587,8,466,121
39,222,2,659,475,461,14,472,3,421,51
39,223,2,463,386,342,44,383,3,341,42
39,224,2,1048,534,503,31,525,9,370,155
39,225,2,1786,1417,1284,133,1401,16,1195,206
39,226,2,1509,1042,950,92,1034,8,879,155
39,227,2,1248,788,730,58,782,6,679,103
39,228,2,1285,836,766,70,830,6,646,184
39,229,2,1184,943,846,97,942,1,856,86
39,230,2,1542,1315,1157,158,1297,18,984,313
39,231,2,1411,948,853,95,935,13,804,131
39,232,2,1086,985,865,120,981,4,782,199
39,233,2,1325,722,606,116,706,16,510,196
39,234,2,669,520,463,57,515,5,448,67
39,235,2,1112,781,712,69,775,6,647,128
39,236,2,1336,809,646,163,796,13,579,217
39,237,2,1311,697,556,141,692,5,578,114
39,238,2,1102,728,686,42,723,5,634,89
39,239,2,945,792,682,110,786,6,593,193
39,240,2,596,370,333,37,364,6,299,65
39,241,2,1198,723,677,46,713,10,528,185
39,242,2,726,450,415,35,447,3,321,126
39,243,2,1098,996,901,95,989,7,845,144
39,244,2,752,669,592,77,666,3,569,97
39,245,2,1875,1700,1624,76,1687,13,1424,263
39,246,2,639,487,460,27,482,5,394,88
39,247,2,1414,1262,1109,153,1250,12,1112,138
39,248,2,1336,1075,997,78,1061,14,832,229
39,249,2,1058,805,738,67,798,7,696,102
39,250,2,901,663,601,62,655,8,541,114
39,251,2,776,478,400,78,469,9,388,81
39,252,2,625,485,394,91,474,11,379,95
39,253,2,1082,759,738,21,749,10,659,90
39,254,2,823,522,442,80,518,4,474,44
39,255,2,1006,661,583,78,652,9,521,131
39,256,2,828,634,565,69,627,7,514,113
39,257,2,480,380,336,44,374,6,327,47
39,258,2,2356,1283,1212,71,1265,18,932,333
39,259,2,1104,859,814,45,843,16,757,86
39,260,2,1398,807,734,73,797,10,664,133
39,261,2,592,438,403,35,437,1,391,46
39,262,2,1825,1592,1525,67,1576,16,1336,240
39,263,2,1373,1466,1373,93,1456,10,1245,211
39,264,2,626,536,421,115,530,6,435,95
39,265,2,1104,1022,844,178,1013,9,883,130
39,266,2,1406,1037,962,75,1030,7,852,178
39,267,2,1022,774,623,151,770,4,587,183
39,268,2,1464,941,753,188,931,10,691,240
39,269,2,1545,1205,1118,87,1195,10,1043,152
39,270,2,1154,985,903,82,979,6,876,103
39,271,2,735,638,522,116,635,3,576,59
39,272,2,2171,972,908,64,964,8,634,330
39,273,2,676,506,450,56,499,7,392,107
39,274,2,536,449,380,69,447,2,396,51
39,275,2,1221,825,738,87,821,4,715,106
39,276,2,942,669,532,137,662,7,509,153
39,277,2,655,537,475,62,510,27,461,49
39,278,2,952,652,603,49,644,8,501,143
39,279,2,722,530,485,45,513,17,383,130
39,280,2,1410,979,907,72,974,5,831,143
39,281,2,599,646,378,268,642,4,385,257
39,282,2,612,549,403,146,545,4,322,223
39,283,2,1022,729,614,115,723,6,608,115
39,284,2,449,318,248,70,314,4,218,96
39,285,2,499,287,241,46,286,1,222,64
39,286,2,530,345,242,103,337,8,249,88
39,287,2,1352,912,763,149,904,8,655,249
39,288,2,113,104,98,6,93,11,65,28
40,1,2,2339,1481,1396,85,1471,10,964,507
40,2,2,1393,1068,946,122,1066,2,644,422
40,3,2,1905,1233,1182,51,1229,4,729,500
40,4,2,1507,1046,926,120,1042,4,668,374
40,5,2,1487,997,894,103,992,5,650,342
40,6,2,998,760,709,51,758,2,478,280
40,7,2,1525,1138,1091,47,1127,7,711,416
40,8,2,1432,938,885,53,933,5,621,312
40,9,2,807,675,597,78,670,5,472,198
40,10,2,1427,1118,919,199,1112,6,768,344
40,11,2,1378,770,728,42,769,1,489,280
40,12,2,2100,1617,1579,38,1610,7,1134,476
40,13,2,755,498,445,53,494,4,370,124
40,14,2,1635,1094,1045,49,1088,6,705,383
40,15,2,1482,991,926,65,987,4,708,279
40,16,2,2347,1551,1388,163,1540,11,928,612
40,17,2,1249,864,701,163,862,2,585,277
40,18,2,1967,1312,1264,48,1309,3,803,506
40,19,2,736,483,452,31,481,2,254,227
40,20,2,1529,998,955,43,991,7,689,302
40,21,2,1205,707,604,103,702,5,508,194
40,22,2,1103,829,722,107,821,8,624,197
40,23,2,1810,1235,1184,51,1229,6,859,370
40,24,2,1788,1152,1109,43,1146,6,818,328
40,25,2,1314,864,796,68,862,2,571,291
40,26,2,1739,1072,1030,42,1071,1,775,296
40,27,2,1615,1128,954,174,1110,15,757,353
40,28,2,1640,1224,1162,62,1219,5,777,442
40,29,2,1175,898,753,145,894,4,633,261
40,30,2,1367,1033,905,128,1026,7,619,407
40,31,2,1536,996,892,104,995,1,686,309
40,32,2,2106,1354,1301,53,1349,5,908,441
40,33,2,1659,1181,1015,166,1178,3,793,385
40,34,2,1873,1080,1041,39,1073,7,659,414
40,35,2,2101,1295,1242,53,1293,2,848,445
40,36,2,1311,890,823,67,890,0,579,311
40,37,2,984,667,637,30,662,5,406,256
40,38,2,1184,810,784,26,806,4,578,228
40,39,2,1915,1333,1311,22,1326,7,1023,303
40,40,2,1833,1222,990,232,1217,5,912,305
40,41,2,666,456,385,71,453,3,306,147
40,42,2,1208,819,663,156,815,4,617,198
40,43,2,1925,1411,1375,36,1403,8,1052,351
40,44,2,988,735,553,182,727,8,533,194
40,45,2,1107,633,583,50,632,1,446,186
40,46,2,1016,572,485,87,570,2,408,162
40,47,2,1103,597,582,15,593,4,411,182
40,48,2,0,575,0,575,573,2,429,144
40,49,2,0,0,0,0,0,0,0,0
40,50,2,0,0,0,0,0,0,0,0
40,51,2,0,289,0,289,274,15,180,94
40,52,2,0,360,0,360,359,1,235,124
40,53,2,0,256,0,256,251,5,115,136
40,54,2,0,86,0,86,84,2,65,19
40,55,2,0,669,0,669,660,9,170,490
40,56,2,1376,1052,973,79,1050,2,739,311
40,57,2,1675,1281,1048,233,1264,17,931,333
40,58,2,1382,1033,982,51,1027,6,739,288
40,59,2,1313,886,864,22,883,3,698,185
40,60,2,1594,1083,933,150,1074,9,755,319
40,61,2,1652,1116,1087,29,1108,8,814,294
40,62,2,1415,1127,1076,51,1121,6,780,341
40,63,2,1329,893,863,30,887,6,630,257
40,64,2,398,400,342,58,399,1,318,81
40,65,2,523,429,411,18,424,5,358,66
40,66,2,1191,937,877,60,933,4,704,229
40,67,2,1042,1054,1011,43,1046,8,778,268
40,68,2,1534,981,960,21,956,25,599,357
40,69,2,2530,1665,1596,69,1646,19,1232,414
40,70,2,1676,1221,1083,138,1209,12,888,321
40,71,2,1234,813,640,173,804,9,643,161
40,72,2,0,0,0,0,0,0,0,0
40,73,2,1953,1545,1377,168,1531,14,1094,437
40,74,2,1709,1379,1215,164,1364,15,1143,221
40,75,2,978,755,704,51,742,13,531,211
40,76,2,1099,842,745,97,827,15,617,210
40,77,2,2172,1760,1445,315,1741,19,1276,465
40,78,2,2141,1376,1163,213,1371,5,881,490
40,79,2,830,680,593,87,669,11,505,164
40,80,2,766,651,490,161,645,6,404,241
40,81,2,789,624,549,75,615,9,415,200
40,82,2,558,502,404,98,501,1,340,161
40,83,2,554,431,408,23,428,3,391,37
40,84,2,535,397,326,71,395,2,337,58
40,85,2,441,400,383,17,398,2,380,18
40,86,2,1710,1560,1389,171,1543,17,1361,182
40,87,2,1232,847,788,59,832,15,639,193
40,88,2,1682,918,869,49,906,12,768,138
40,89,2,890,611,556,55,607,4,512,95
40,90,2,580,492,431,61,490,2,405,85
40,91,2,1072,941,783,158,931,10,744,187
40,92,2,1636,1169,998,171,1155,14,930,225
40,93,2,326,251,213,38,246,5,224,22
40,94,2,580,462,388,74,458,4,366,92
40,95,2,1502,1067,892,175,1050,17,808,242
40,96,2,1660,1177,1091,86,1168,9,966,202
40,97,2,1597,938,910,28,935,3,821,114
40,98,2,1079,804,730,74,795,9,647,148
40,99,2,311,287,247,40,281,6,249,32
40,100,2,829,701,624,77,701,0,619,82
40,101,2,570,525,471,54,520,5,484,36
40,102,2,312,312,272,40,311,1,302,9
40,103,2,288,238,219,19,236,2,191,45
40,104,2,302,272,239,33,269,3,237,32
40,105,2,1925,1478,1338,140,1467,11,1149,318
40,106,2,979,571,532,39,564,7,425,139
40,107,2,1020,801,764,37,785,16,595,190
40,108,2,605,354,337,17,353,1,284,69
40,109,2,766,476,415,61,469,7,399,70
40,110,2,1427,1066,852,214,1051,15,844,207
40,111,2,878,658,535,123,652,6,541,111
40,112,2,605,449,371,78,447,2,354,93
40,113,2,436,417,351,66,411,6,323,88
40,114,2,448,444,365,79,442,2,365,77
40,115,2,1909,1522,1200,322,1516,6,1222,294
40,116,2,1388,1144,900,244,1129,15,880,249
40,117,2,1883,1666,1457,209,1650,16,1374,276
40,118,2,1035,894,705,189,882,12,665,217
40,119,2,1462,765,685,80,750,15,569,181
40,120,2,872,660,564,96,652,8,508,144
40,121,2,540,302,275,27,302,0,174,128
40,122,2,900,548,509,39,541,7,423,118
40,123,2,258,180,158,22,180,0,100,80
40,124,2,1438,1041,883,158,1032,9,594,438
40,125,2,1127,861,757,104,843,18,547,296
40,126,2,1457,1087,885,202,1080,7,818,262
40,127,2,390,337,258,79,333,4,269,64
40,128,2,1110,826,689,137,813,13,664,149
40,129,2,2265,1672,1433,239,1648,24,1203,445
40,130,2,1750,1301,1133,168,1292,9,1089,203
40,131,2,822,630,563,67,626,4,529,97
40,132,2,1678,1348,1092,256,1339,9,1110,229
40,133,2,761,587,506,81,581,6,423,158
40,134,2,699,711,585,126,669,40,640,29
40,135,2,624,434,388,46,430,4,399,31
40,136,2,2683,1407,1269,138,1378,29,1133,245
40,137,2,1853,1359,1210,149,1338,21,1005,333
40,138,2,1138,882,734,148,877,5,740,137
40,139,2,2373,1879,1577,302,1862,17,1329,533
40,140,2,959,735,656,79,727,8,570,157
40,141,2,191,189,147,42,188,1,175,13
40,142,2,976,689,656,33,679,10,559,120
40,143,2,326,264,256,8,262,2,240,22
40,144,2,1957,1355,1205,150,1340,15,1121,219
40,145,2,1459,1270,1119,151,1260,10,1119,141
40,146,2,571,533,472,61,526,7,489,37
40,147,2,377,359,311,48,355,4,322,33
40,148,2,1310,834,807,27,812,22,667,145
40,149,2,1286,771,670,101,758,13,583,175
40,150,2,2258,1798,1722,76,1786,8,1432,354
40,151,2,748,608,543,65,594,14,460,134
40,152,2,2571,2142,1948,194,2114,28,1594,520
40,153,2,1990,1516,1345,171,1496,20,1234,262
40,154,2,1206,844,802,42,839,5,605,234
40,155,2,1407,782,726,56,769,13,586,183
40,156,2,532,576,452,124,564,12,434,130
40,157,2,376,317,262,55,315,2,260,55
40,158,2,1150,778,685,93,766,12,594,172
40,159,2,1104,752,655,97,740,11,580,160
40,160,2,1470,1264,1095,169,1252,12,1030,222
40,161,2,1067,807,790,17,801,6,651,150
40,162,2,1405,819,769,50,804,15,571,233
40,163,2,1051,598,567,31,590,8,517,73
40,164,2,838,576,534,42,575,1,480,95
40,165,2,1045,657,593,64,650,7,491,159
40,166,2,569,346,313,33,343,3,289,54
40,167,2,878,508,466,42,505,3,425,80
40,168,2,1302,876,812,64,864,12,661,203
40,169,2,1453,926,840,86,913,13,708,205
40,170,2,1579,988,928,60,971,17,767,204
40,171,2,717,538,509,29,531,7,438,93
40,172,2,1574,1013,964,49,1002,11,913,89
40,173,2,463,418,413,5,406,12,403,3
40,174,2,219,153,132,21,153,0,129,24
40,175,2,1902,1405,1270,135,1373,32,1028,345
40,176,2,866,714,607,107,705,9,555,150
40,177,2,972,836,804,32,828,8,595,233
40,178,2,782,551,521,30,547,4,404,143
40,179,2,658,533,533,0,528,5,383,145
40,180,2,403,371,325,46,370,1,319,51
40,181,2,447,250,237,13,249,1,187,62
40,182,2,1085,661,648,13,634,27,557,77
40,183,2,445,324,311,13,318,6,244,74
40,184,2,1763,1333,1281,52,1332,1,993,339
40,185,2,854,514,482,32,508,6,425,83
40,186,2,626,531,520,11,525,6,451,74
40,187,2,1671,1066,990,76,1053,13,793,260
40,188,2,499,413,366,47,403,10,346,57
40,189,2,972,702,554,148,696,6,612,84
40,190,2,1062,949,825,124,938,11,850,88
40,191,2,0,76,0,76,76,0,69,7
40,192,2,853,614,544,70,606,8,530,76
40,193,2,913,621,584,37,616,5,468,148
40,194,2,877,362,356,6,340,22,211,129
40,195,2,1081,1004,838,166,994,10,844,150
40,196,2,520,475,438,37,438,10,344,94
40,197,2,1452,1024,924,100,1014,10,822,192
40,198,2,1120,639,608,31,634,5,497,137
40,199,2,1214,1024,783,241,1010,14,617,393
40,200,2,907,763,643,120,751,12,570,181
40,201,2,310,292,251,41,289,3,252,37
40,202,2,805,626,552,74,616,10,501,115
40,203,2,2514,1287,1217,70,1272,13,789,483
40,204,2,1784,948,872,76,940,8,591,349
40,205,2,1658,1200,959,241,1178,22,917,261
40,206,2,1033,804,707,97,791,13,664,127
40,207,2,555,536,397,139,530,6,452,78
40,208,2,1107,803,738,65,795,8,685,110
40,209,2,896,758,714,44,753,5,650,103
40,210,2,1179,907,838,69,897,10,807,90
40,211,2,836,660,542,118,652,8,558,94
40,212,2,851,580,525,55,573,7,474,99
40,213,2,1252,806,645,161,795,11,623,172
40,214,2,1019,788,652,136,781,7,629,152
40,215,2,1962,1040,1010,30,1021,19,745,276
40,216,2,725,428,413,15,425,3,338,87
40,217,2,1010,570,553,17,564,6,485,79
40,218,2,661,585,579,6,574,11,462,112
40,219,2,241,251,141,110,249,2,186,63
40,220,2,1499,1215,976,239,1206,9,895,311
40,221,2,1111,925,791,134,905,20,781,124
40,222,2,673,667,502,165,651,16,533,118
40,223,2,763,607,541,66,606,1,490,116
40,224,2,2104,1289,1148,141,1270,19,888,382
40,225,2,1655,1115,967,148,1100,11,781,319
40,226,2,733,488,419,69,483,5,345,138
40,227,2,749,580,548,32,572,8,471,101
40,228,2,926,704,662,42,697,7,589,108
40,229,2,2045,1463,1306,157,1447,16,1166,281
40,230,2,994,547,491,56,533,14,441,92
40,231,2,484,335,281,54,331,4,261,70
40,232,2,1011,637,532,105,620,17,539,81
40,233,2,624,496,469,27,487,9,394,93
40,234,2,666,422,381,41,414,8,328,86
40,235,2,971,607,566,41,604,3,470,134
40,236,2,624,385,360,25,378,7,337,41
40,237,2,1078,691,629,62,683,8,417,266
40,238,2,307,196,188,8,192,4,148,44
40,239,2,737,515,487,28,508,7,375,133
40,240,2,1238,707,655,52,699,8,590,109
40,241,2,1294,816,696,120,808,8,630,178
40,242,2,1158,877,719,158,871,6,685,186
40,243,2,1838,1094,950,144,1083,11,855,228
40,244,2,1638,1344,1181,163,1339,5,1054,285
40,245,2,880,817,666,151,806,11,689,117
40,246,2,569,320,309,11,310,10,243,67
40,247,2,630,367,333,34,360,7,242,118
40,248,2,558,274,244,30,270,4,226,44
40,249,2,677,604,581,23,594,10,555,39
40,250,2,3089,2251,2091,160,2231,20,1814,417
40,251,2,966,890,803,87,881,9,731,150
40,252,2,1122,938,796,142,934,4,862,72
40,253,2,678,567,483,84,562,5,512,50
40,254,2,963,727,619,108,724,3,605,119
41,1,2,1767,1328,1198,130,1321,7,602,719
41,2,2,1792,1308,1194,114,1298,10,501,797
41,3,2,1991,1857,1363,494,1841,16,791,1050
41,4,2,1300,1205,906,299,1197,8,535,662
41,5,2,1943,1532,1301,231,1522,10,745,777
41,6,2,1668,1414,1091,323,1399,15,548,851
41,7,2,2033,1451,1330,121,1443,8,697,746
41,8,2,1736,1269,1108,161,1266,3,521,745
41,9,2,1665,1283,1065,218,1271,12,486,785
41,10,2,1654,957,929,28,946,11,360,586
41,11,2,1246,1044,843,201,1037,7,454,583
41,12,2,1609,1066,980,86,1061,5,510,551
41,13,2,1646,1102,1034,68,1097,5,531,566
41,14,2,2215,1449,1425,24,1441,8,849,592
41,15,2,1917,1253,1193,60,1246,7,478,768
41,16,2,1592,1088,1016,72,1086,2,562,524
41,17,2,1708,1260,1066,194,1255,5,627,628
41,18,2,1641,1017,904,113,1008,9,441,567
41,19,2,1779,1174,1054,120,1167,7,541,626
41,20,2,1780,1189,1020,169,1183,6,571,612
41,21,2,1668,1005,887,118,1002,3,372,630
41,22,2,1312,854,787,67,851,3,452,399
41,23,2,2046,1281,1140,141,1274,7,593,681
41,24,2,1445,745,664,81,736,9,364,372
41,25,2,1975,1244,1148,96,1234,10,553,681
41,26,2,1237,823,752,71,818,5,471,347
41,27,2,1301,959,907,52,957,2,552,405
41,28,2,1775,1226,1045,181,1216,10,700,516
41,29,2,1908,1508,1362,146,1502,6,767,735
41,30,2,1749,1236,1137,99,1229,7,567,662
41,31,2,1458,907,850,57,905,2,503,402
41,32,2,1581,894,815,79,889,5,356,533
41,33,2,1720,1090,956,134,1079,11,520,559
41,34,2,1652,1219,1152,67,1215,4,490,725
41,35,2,1869,1315,1260,55,1306,9,594,712
41,36,2,1676,1243,1173,70,1238,5,654,584
41,37,2,2147,1593,1490,103,1588,5,748,840
41,38,2,1618,962,897,65,957,5,372,585
41,39,2,1914,1265,1183,82,1260,5,536,724
41,40,2,1908,1196,1116,80,1189,7,561,628
41,41,2,1584,961,928,33,956,5,452,504
41,42,2,1671,1126,1079,47,1119,7,614,505
41,43,2,1823,1272,1166,106,1263,9,710,553
41,44,2,1632,1105,1037,68,1103,2,585,518
41,45,2,1619,1105,1031,74,1102,3,425,677
41,46,2,1110,1219,1110,109,1218,1,582,636
41,47,2,1532,1183,1086,97,1180,3,472,708
41,48,2,1760,1142,1088,54,1135,7,475,660
41,49,2,1821,1234,1210,24,1230,4,508,722
41,50,2,1669,1280,1160,120,1278,2,536,742
41,51,2,1927,1391,1348,43,1387,4,665,722
41,52,2,1264,891,774,117,886,5,467,419
41,53,2,1679,1106,1066,40,1093,13,643,450
41,54,2,1446,1111,1084,27,1105,6,630,475
41,55,2,1814,1223,1176,47,1220,3,707,513
41,56,2,1837,1243,1158,85,1237,6,514,723
41,57,2,1994,1434,1367,67,1431,3,714,717
41,58,2,1882,1323,1238,85,1318,5,570,748
41,59,2,1938,1249,1148,101,1244,5,628,616
41,60,2,1606,1165,1105,60,1156,9,616,540
41,61,2,1557,1043,966,77,1038,5,596,442
41,62,2,1704,1243,1124,119,1236,7,690,546
41,63,2,1979,1185,1124,61,1179,6,714,465
41,64,2,1910,1234,1109,125,1222,12,781,441
41,65,2,1713,1176,1085,91,1162,14,673,489
41,66,2,1766,1159,1089,70,1150,9,582,568
41,67,2,1772,1155,1078,77,1144,11,561,583
41,68,2,1810,1101,1028,73,1087,14,674,413
41,69,2,1845,1116,1097,19,1108,8,678,430
41,70,2,1886,1310,1220,90,1300,10,654,646
41,71,2,1653,1019,979,40,1016,3,552,464
41,72,2,790,537,394,143,528,9,386,142
41,73,2,1863,1008,897,111,1004,4,635,369
41,74,2,1781,1255,1124,131,1110,14,648,462
41,75,2,1784,1120,1035,85,1110,10,688,422
41,76,2,1875,1341,1269,72,1332,9,864,468
41,77,2,1785,1095,1018,77,1081,14,654,427
41,78,2,2173,1420,1384,36,1403,17,869,534
41,79,2,2352,1478,1334,144,1472,6,868,604
41,80,2,1766,1222,1144,78,1217,5,585,632
41,81,2,1816,1284,1131,153,1281,3,571,710
41,82,2,1703,1175,1099,76,1167,8,597,570
41,83,2,1778,1326,1211,115,1324,2,700,624
41,84,2,1870,1334,1200,134,1327,7,727,600
41,85,2,1859,1445,1327,118,1436,9,728,708
41,86,2,1621,1285,1207,78,1274,11,658,616
41,87,2,1539,1228,1117,111,1215,13,652,563
41,88,2,1309,980,926,54,975,5,506,469
41,89,2,2467,1402,1242,160,1393,9,696,697
41,90,2,2435,1622,1554,68,1610,12,840,770
41,91,2,1815,1151,1034,117,1137,14,673,464
41,92,2,1946,1074,1043,31,1064,10,602,462
41,93,2,1901,1390,1298,92,1386,4,632,754
41,94,2,1960,1381,1309,72,1376,5,481,895
41,95,2,1702,1081,999,82,1077,4,497,580
41,96,2,1578,1000,898,102,998,2,404,594
41,97,2,3306,2242,2084,158,2233,9,951,1282
41,98,2,1852,1239,1052,187,1236,3,520,716
41,99,2,847,624,540,84,620,4,258,362
41,100,2,1749,1136,1057,79,1131,5,547,584
41,101,2,2078,1447,1324,123,1438,9,587,851
41,102,2,1631,961,893,68,958,3,443,515
41,103,2,1654,1123,1018,105,1122,1,470,652
41,104,2,1791,1456,1342,114,1328,14,521,807
41,105,2,1668,1333,1191,142,1330,3,563,767
41,106,2,1542,1268,1134,134,1265,3,638,627
41,107,2,1575,1198,1143,55,1195,3,517,678
41,108,2,1743,1288,1174,114,1287,1,666,621
41,109,2,1639,1249,1173,76,1239,10,519,720
41,110,2,1825,1401,1331,70,1398,3,551,847
41,111,2,1676,1257,1119,138,1251,6,596,655
41,112,2,1893,1326,1265,61,1324,2,770,554
41,113,2,1636,1245,1165,80,1243,2,652,591
41,114,2,1985,1460,1342,118,1450,10,668,782
41,115,2,2207,1660,1552,108,1644,16,713,931
41,116,2,1681,1543,1235,308,1533,10,972,561
41,117,2,2077,1506,1458,48,1501,5,620,881
41,118,2,1763,1329,1235,94,1323,6,648,675
41,119,2,1833,1197,1138,59,1192,5,515,677
41,120,2,1866,1391,1206,185,1387,4,649,738
41,121,2,1794,1392,1340,52,1379,13,634,745
41,122,2,1906,1483,1316,167,1478,5,768,710
41,123,2,2164,1535,1491,44,1528,7,780,748
41,124,2,1855,1313,1232,81,1306,7,558,748
41,125,2,1977,1500,1351,149,1489,11,650,839
41,126,2,2115,1428,1281,147,1420,8,589,831
41,127,2,0,141,100,41,141,0,84,57
41,128,2,0,117,0,117,116,1,76,40
41,129,2,0,0,0,0,0,0,0,0
41,130,2,0,0,0,0,0,0,0,0
41,131,2,0,221,0,221,216,5,152,64
41,132,2,0,139,0,139,138,1,82,56
41,133,2,114,155,91,64,155,0,86,69
41,134,2,0,156,0,156,153,3,87,66
41,135,2,0,67,0,67,67,0,27,40
41,136,2,0,371,0,371,364,7,224,140
41,137,2,327,324,297,27,322,2,221,101
41,138,2,0,498,0,498,493,5,257,236
41,139,2,123,115,98,17,115,0,68,47
41,140,2,0,241,0,241,237,4,146,91
41,141,2,0,0,0,0,0,0,0,0
41,142,2,0,160,0,160,151,9,137,14
41,143,2,83,100,80,20,99,1,65,34
41,144,2,0,0,0,0,0,0,0,0
41,145,2,0,1332,0,1332,1323,9,348,975
41,146,2,0,2568,0,2568,2554,14,1008,1546
41,147,2,0,0,0,0,0,0,0,0
41,148,2,0,0,0,0,0,0,0,0
41,149,2,1642,1254,1147,107,1248,6,510,738
41,150,2,1462,1081,1025,56,1074,7,413,661
41,151,2,1973,1504,1367,137,1500,4,598,902
41,152,2,1864,1259,1185,74,1249,10,508,741
41,153,2,1595,1257,1085,172,1249,8,527,722
41,154,2,1848,1353,1264,89,1346,7,540,806
41,155,2,2124,1545,1439,106,1536,9,683,853
41,156,2,1972,1485,1328,157,1478,7,735,743
41,157,2,1859,1447,1389,58,1444,3,628,816
41,158,2,1365,1035,974,61,1033,2,362,671
41,159,2,2066,1561,1413,148,1555,6,901,654
41,160,2,1272,790,717,73,786,4,312,474
41,161,2,1255,838,777,61,833,5,328,505
41,162,2,1204,760,684,76,753,7,350,403
41,163,2,1583,1109,1023,86,1104,5,454,650
41,164,2,1862,1304,1268,36,1296,8,537,759
41,165,2,1575,934,901,33,927,7,412,515
41,166,2,1366,1054,813,241,1049,5,465,584
41,167,2,1264,931,878,53,931,0,394,537
41,168,2,1647,1342,1195,147,1335,7,613,722
41,169,2,1475,1095,1055,40,1094,1,588,506
41,170,2,1247,1011,884,127,1006,5,445,561
41,171,2,2140,1632,1452,180,1619,13,749,870
41,172,2,2055,1346,1289,57,1343,3,556,787
41,173,2,1694,1244,1196,48,1235,9,495,740
41,174,2,1222,916,860,56,912,4,386,526
41,175,2,1549,1108,1076,32,1100,8,434,666
41,176,2,1990,1474,1288,186,1468,6,576,892
41,177,2,2073,1477,1373,104,1468,9,563,905
41,178,2,1663,1221,1160,61,1212,9,595,617
41,179,2,1708,1283,1241,42,1280,3,621,659
41,180,2,1657,1265,1234,31,1258,7,667,591
41,181,2,1726,1242,1087,155,1232,10,703,529
41,182,2,1603,1077,1024,53,1068,9,508,560
41,183,2,1488,1006,988,18,1004,2,529,475
41,184,2,1388,972,925,47,966,6,385,581
41,185,2,1365,830,795,35,822,8,411,411
41,186,2,1986,1058,949,109,1054,4,570,484
41,187,2,1927,1392,1365,27,1383,9,529,854
41,188,2,1590,1100,1056,44,1090,10,628,462
41,189,2,1693,1226,1073,153,1222,4,638,584
41,190,2,1957,1466,1413,53,1460,6,595,865
41,191,2,1722,1168,1136,32,1162,6,653,509
41,192,2,1638,1014,991,23,1004,10,533,471
41,193,2,1230,1086,909,177,1079,7,548,531
41,194,2,1829,1277,1177,100,1270,7,599,671
41,195,2,1657,1171,1095,76,1165,6,520,645
41,196,2,1569,952,881,71,947,5,498,449
41,197,2,2074,1312,1246,66,1302,10,683,619
41,198,2,1724,1276,1118,158,1269,7,628,641
41,199,2,1822,1181,1104,77,1174,7,516,658
41,200,2,1770,1214,1196,18,1205,9,513,692
41,201,2,1831,1311,1180,131,1308,3,608,700
41,202,2,1142,893,842,51,890,3,407,483
41,203,2,2291,1740,1707,33,1728,12,714,1014
41,204,2,1411,843,801,42,843,0,401,442
41,205,2,1828,1238,1066,172,1225,13,644,581
41,206,2,2540,1733,1691,42,1672,61,770,902
41,207,2,1534,968,923,45,965,3,477,488
41,208,2,957,754,710,44,742,12,402,340
41,209,2,712,376,333,43,370,6,206,164
41,210,2,1049,708,612,96,699,9,429,270
41,211,2,1751,1294,1186,108,1289,5,556,733
41,212,2,1253,895,868,27,891,4,413,478
41,213,2,2023,1442,1415,27,1430,12,655,775
41,214,2,790,435,389,46,430,5,243,187
41,215,2,1586,964,890,74,959,5,537,422
41,216,2,1321,790,746,44,778,12,477,301
41,217,2,1305,860,734,126,848,12,502,346
41,218,2,1386,952,907,45,943,9,540,403
41,219,2,1251,912,826,86,904,8,574,330
41,220,2,1311,730,716,14,722,8,404,318
41,221,2,1224,693,673,20,691,2,396,295
41,222,2,1603,999,903,96,989,10,685,304
41,223,2,1877,1243,1119,124,1231,12,793,438
41,224,2,1774,1065,1047,18,1052,13,671,381
41,225,2,1586,1051,1007,44,1043,8,663,380
41,226,2,1630,1112,1052,60,1098,14,701,397
41,227,2,1320,903,879,24,898,5,480,418
41,228,2,1795,1152,908,244,1143,9,572,571
41,229,2,1945,863,813,50,859,4,440,419
41,230,2,1305,663,569,94,659,4,355,304
41,231,2,1969,1350,1090,260,1340,10,675,665
41,232,2,1645,1178,1031,147,1175,3,567,608
41,233,2,1332,842,791,51,839,3,413,426
41,234,2,1600,1083,1036,47,1078,5,518,560
41,235,2,1774,1079,1001,78,1073,6,510,563
41,236,2,1225,730,715,15,721,9,407,314
41,237,2,1916,1192,1152,40,1165,27,697,468
41,238,2,2463,891,725,166,876,15,535,341
41,239,2,2100,1517,1188,329,1507,10,748,759
41,240,2,1712,1440,1281,159,1430,10,646,784
41,241,2,2058,1395,1282,113,1377,18,649,728
41,242,2,1883,1182,981,201,1162,20,658,504
41,243,2,2296,1634,1492,142,1624,10,872,752
41,244,2,1469,1119,957,162,1104,15,598,506
41,245,2,1559,1012,968,44,1003,9,429,574
41,246,2,1214,793,700,93,777,16,410,367
41,247,2,1977,1402,1368,34,1397,5,667,730
41,248,2,1802,1271,1245,26,1268,3,644,624
41,249,2,1697,1334,1298,36,1329,5,596,733
41,250,2,1684,1164,1143,21,1156,8,439,717
41,251,2,2237,1630,1555,75,1625,5,744,881
41,252,2,1743,1302,1204,98,1294,8,515,779
41,253,2,1869,1439,1254,185,1430,9,714,716
41,254,2,2449,1834,1794,40,1828,6,774,1054
41,255,2,1782,1362,1287,75,1355,7,678,677
41,256,2,1552,1060,1025,35,1049,11,523,526
41,257,2,1456,1099,1073,26,1092,7,530,562
41,258,2,1661,1163,1078,85,1158,5,624,534
41,259,2,1469,1075,1008,67,1069,6,574,495
41,260,2,1720,1284,1231,53,1275,9,570,705
41,261,2,1857,1245,1157,88,1238,7,509,729
41,262,2,1878,1344,1242,102,1333,11,608,725
41,263,2,1714,1316,1259,57,1309,7,538,771
41,264,2,1721,1247,1196,51,1241,6,625,616
41,265,2,2005,1429,1346,83,1418,11,813,605
41,266,2,1609,1226,1197,29,1225,1,628,597
41,267,2,1064,753,685,68,750,3,338,412
41,268,2,1430,1111,1013,98,1109,2,566,543
41,269,2,1365,960,922,38,960,0,453,507
41,270,2,2390,1803,1755,48,1799,4,904,895
41,271,2,1080,707,686,21,699,8,284,415
41,272,2,1670,1120,1085,35,1110,10,544,566
41,273,2,1600,1091,1062,29,1086,5,599,487
41,274,2,1664,1261,1210,51,1253,8,560,693
41,275,2,1303,878,795,83,872,6,454,418
41,276,2,1027,695,656,39,688,7,324,364
41,277,2,1422,1024,988,36,1013,11,466,547
41,278,2,1857,1328,1291,37,1321,7,678,643
41,279,2,1925,1420,1361,59,1410,10,662,748
41,280,2,1403,1025,977,48,1020,5,435,585
41,281,2,1545,1195,1124,71,1191,4,545,646
41,282,2,1586,1247,1187,60,1240,7,583,657
41,283,2,1420,1043,1018,25,1041,2,445,596
41,284,2,1639,1315,1273,42,1314,1,472,842
41,285,2,1948,1554,1497,57,1542,12,626,916
41,286,2,1193,953,904,49,947,6,343,604
41,287,2,1685,1394,1280,114,1382,12,608,774
41,288,2,1002,1099,1007,92,1087,12,480,607
41,289,2,1631,1241,1082,159,1237,4,549,688
41,290,2,1898,1226,1159,67,1218,8,657,561
41,291,2,1789,1172,1119,53,1165,7,699,466
41,292,2,1685,1256,1195,61,1254,2,628,626
41,293,2,1468,1036,963,73,1028,8,553,475
41,294,2,1863,1452,1385,67,1445,7,641,804
41,295,2,1236,865,818,47,864,1,439,425
41,296,2,964,653,640,13,651,2,341,310
41,297,2,2341,1482,1163,319,1468,14,733,735
41,298,2,1734,993,858,135,984,9,534,450
41,299,2,952,586,532,54,547,39,276,271
41,300,2,1699,1262,1209,53,1257,5,557,700
41,301,2,1284,740,682,58,731,9,462,269
41,302,2,1744,1094,1083,11,1092,2,702,390
41,303,2,1442,810,764,46,798,12,518,280
41,304,2,1318,986,915,71,982,4,532,450
41,305,2,1712,1061,959,102,1053,8,593,460
41,306,2,1316,944,889,55,939,5,537,402
41,307,2,1319,978,873,105,967,11,546,421
41,308,2,1593,1047,982,65,1041,6,459,582
41,309,2,1795,1195,1182,13,1182,13,651,531
41,310,2,1286,798,770,28,791,7,431,360
41,311,2,1462,1097,1025,72,1093,4,465,628
41,312,2,1874,1442,1234,208,1434,8,779,655
41,313,2,1693,1085,1068,17,1078,7,587,491
41,314,2,2303,1133,1007,126,1110,23,738,372
41,315,2,1324,1018,848,170,1010,8,571,439
41,316,2,1219,956,863,93,949,7,504,445
41,317,2,1660,1198,1130,68,1189,9,636,553
41,318,2,1292,874,826,48,870,4,506,364
41,319,2,1609,1149,1110,39,1144,5,600,544
41,320,2,1489,1071,1045,26,1064,7,598,466
41,321,2,1605,1051,1018,33,1043,8,585,458
41,322,2,1262,927,907,20,924,3,527,397
41,323,2,1556,1042,1004,38,1026,16,622,404
41,324,2,1570,1207,1104,103,1194,13,654,540
41,325,2,1917,1334,1242,92,1322,12,767,555
41,326,2,1438,1114,993,121,1108,6,601,507
41,327,2,1518,1034,967,67,1031,3,598,433
41,328,2,1638,1261,1141,120,1256,5,707,549
41,329,2,1287,887,850,37,885,2,479,406
41,330,2,1945,1338,1313,25,1329,9,743,586
41,331,2,1864,1282,1146,136,1268,14,704,564
41,332,2,1400,995,978,17,985,10,611,374
41,333,2,1320,937,885,52,932,5,518,414
41,334,2,1872,1305,1229,76,1299,6,754,545
41,335,2,2043,1362,1261,101,1350,12,722,628
41,336,2,1811,1190,1149,41,1186,4,646,540
41,337,2,1078,755,732,23,751,4,423,328
41,338,2,1323,972,917,55,964,8,558,406
41,339,2,2507,1035,806,229,1033,2,148,885
41,340,2,475,269,169,100,267,2,139,128
41,341,2,119,145,113,32,145,0,98,47
41,342,2,362,433,217,216,433,0,238,195
41,343,2,511,487,268,219,485,2,325,160
41,344,2,0,0,0,0,0,0,0,0
41,345,2,206,220,87,133,217,3,100,117
41,346,2,0,0,0,0,0,0,0,0
41,347,2,747,885,515,370,876,9,511,365
41,348,2,148,176,128,48,173,3,140,33
41,349,2,126,138,74,64,136,2,64,72
41,350,2,408,314,305,9,314,0,196,118
41,351,2,262,266,86,180,266,0,167,99
41,352,2,105,138,88,50,136,2,89,47
41,353,2,103,107,94,13,107,0,75,32
41,354,2,1657,1233,996,237,1220,13,693,527
41,355,2,1538,799,757,42,794,5,393,401
41,356,2,1757,1036,981,55,1026,10,491,535
41,357,2,1553,988,935,53,984,4,461,523
41,358,2,1564,1015,939,76,1007,8,460,547
41,359,2,1723,1096,1054,42,1091,5,521,570
41,360,2,1468,831,785,46,828,0,447,381
41,361,2,1169,730,629,101,726,4,350,376
41,362,2,1231,736,673,63,730,6,357,373
41,363,2,1365,854,818,36,850,4,365,485
41,364,2,1602,804,765,39,798,6,349,449
41,365,2,1079,661,619,42,658,3,305,353
41,366,2,1222,821,786,35,818,3,393,425
41,367,2,881,462,440,22,455,7,212,243
41,368,2,1506,908,878,30,901,7,371,530
41,369,2,1196,779,510,269,776,3,370,406
41,370,2,616,321,289,32,321,0,154,167
41,371,2,1209,829,786,43,817,12,424,393
41,372,2,1380,894,868,26,888,6,376,512
41,373,2,1527,1203,1147,56,1199,4,620,579
41,374,2,1502,994,898,96,990,4,453,537
41,375,2,1568,1057,931,126,1050,7,455,595
41,376,2,1176,776,760,16,772,4,382,390
41,377,2,1272,775,753,22,771,4,411,360
41,378,2,1689,973,930,43,967,6,485,482
41,379,2,1118,703,635,68,700,3,325,375
41,380,2,380,372,208,164,370,2,210,160
41,381,2,564,563,321,242,559,4,304,255
41,382,2,662,505,344,161,497,8,277,220
41,383,2,1102,678,583,95,675,3,363,312
41,384,2,989,554,519,35,552,2,253,299
41,385,2,1034,456,433,23,454,2,219,235
41,386,2,1244,695,665,30,692,3,386,306
41,387,2,1320,610,499,111,604,6,321,283
41,388,2,1540,793,640,153,784,9,378,406
41,389,2,1396,718,696,22,716,2,364,352
41,390,2,956,566,560,6,564,2,339,225
41,391,2,1001,581,503,78,576,5,306,270
41,392,2,1956,1240,1218,22,1230,10,675,555
41,393,2,1732,799,731,68,796,3,396,400
41,394,2,624,554,547,7,552,2,292,260
41,395,2,1165,672,625,47,668,4,399,269
41,396,2,547,312,294,18,308,4,153,155
41,397,2,1006,593,573,20,591,2,301,290
41,398,2,822,460,344,116,457,3,221,236
41,399,2,1461,789,777,12,783,6,369,414
41,400,2,871,576,502,74,571,5,279,292
41,401,2,1052,705,642,63,702,3,356,346
41,402,2,900,618,568,50,616,2,343,273
41,403,2,1372,956,906,50,946,10,475,471
41,404,2,1644,1186,1040,146,1175,11,618,557
41,405,2,1399,1035,999,36,1029,6,571,458
41,406,2,1413,1070,1004,66,1070,0,506,564
41,407,2,1732,1093,1036,57,1084,9,494,590
41,408,2,1194,937,856,81,933,4,432,501
41,409,2,1565,1076,1040,36,1074,2,520,554
41,410,2,1205,904,841,63,900,4,481,419
41,411,2,1296,910,890,20,904,6,446,458
41,412,2,1627,1183,1136,47,1174,9,647,527
41,413,2,1632,1123,1048,75,1117,6,621,496
41,414,2,1640,1225,1195,30,1216,9,610,606
41,415,2,1702,1145,1109,36,1134,11,575,559
41,416,2,1551,1129,1094,35,1120,9,583,537
41,417,2,1314,967,924,43,963,4,466,497
41,418,2,1121,748,689,59,744,4,351,393
41,419,2,1834,1208,1180,28,1199,9,630,569
41,420,2,1216,929,898,31,925,4,340,585
41,421,2,1444,1072,1012,60,1064,8,517,547
41,422,2,1247,921,848,73,916,5,471,445
41,423,2,1645,1223,1206,17,1214,9,603,611
41,424,2,1483,1103,1021,82,1096,7,573,523
41,425,2,1359,838,805,33,832,6,517,315
41,426,2,1446,985,931,54,976,9,510,466
41,427,2,1472,1056,1023,33,1053,3,494,559
41,428,2,1012,704,676,28,693,11,364,329
41,429,2,1146,787,760,27,780,7,415,365
41,430,2,1308,892,874,18,891,1,526,365
41,431,2,1499,1059,1029,30,1056,3,622,434
41,432,2,1363,952,921,31,949,3,536,413
41,433,2,1139,906,869,37,905,1,462,443
41,434,2,1368,966,915,51,961,5,458,503
41,435,2,1121,762,724,38,758,4,432,326
41,436,2,1329,898,838,60,892,6,483,409
41,437,2,941,619,571,48,618,1,331,287
41,438,2,1427,903,878,25,900,3,480,420
41,439,2,1078,750,673,77,746,4,371,375
41,440,2,1527,961,913,48,956,5,465,491
41,441,2,1231,686,657,29,680,6,376,304
41,442,2,808,477,427,50,470,7,221,249
41,443,2,745,477,448,29,475,2,221,254
41,444,2,1582,951,782,169,943,8,577,366
41,445,2,1223,781,754,27,777,4,422,355
41,446,2,1370,810,779,31,807,3,475,332
41,447,2,1125,539,514,25,538,1,266,272
41,448,2,1243,772,758,14,762,10,432,330
41,449,2,1227,750,625,125,746,4,428,318
41,450,2,1241,770,687,83,767,3,450,317
41,451,2,1117,742,698,44,739,3,427,312
41,452,2,1717,903,878,25,897,6,513,384
41,453,2,1164,762,750,12,754,8,395,359
41,454,2,1201,700,684,16,693,7,364,329
41,455,2,1737,1023,967,56,1015,8,472,543
41,456,2,1946,1344,1313,31,1340,4,702,638
41,457,2,1355,820,778,42,816,4,457,359
41,458,2,1372,906,840,66,898,8,429,469
41,459,2,1088,752,737,15,747,5,416,331
41,460,2,874,520,472,48,519,1,241,278
41,461,2,1027,710,495,215,702,8,395,307
41,462,2,1428,909,843,66,898,11,515,383
41,463,2,893,558,501,57,554,4,292,262
41,464,2,656,567,491,76,564,3,303,261
41,465,2,1168,757,740,17,755,2,433,322
41,466,2,1091,621,604,17,619,2,429,190
41,467,2,1010,631,601,30,630,1,343,287
41,468,2,983,588,557,31,583,5,269,314
41,469,2,997,576,553,23,572,4,321,251
41,470,2,1220,559,538,21,551,8,337,214
41,471,2,1349,518,456,62,513,5,273,240
41,472,2,1202,876,693,183,868,8,441,427
41,473,2,1377,1039,867,172,1027,12,560,467
41,474,2,1470,785,730,55,778,7,452,326
41,475,2,1448,764,592,172,757,7,365,392
41,476,2,1691,1095,1036,59,1089,6,606,483
41,477,2,1123,769,718,51,767,2,425,342
41,478,2,1036,635,615,20,629,6,300,329
41,479,2,1126,665,647,18,664,1,358,306
41,480,2,1300,876,858,18,867,9,440,427
41,481,2,1692,1051,926,125,1045,6,565,480
41,482,2,1671,1192,1071,121,1180,12,616,564
41,483,2,1649,1194,1142,52,1192,2,617,575
41,484,2,1538,1190,1111,79,1185,5,574,611
41,485,2,1476,1022,992,30,1017,5,496,521
41,486,2,1882,1351,1332,19,1346,5,678,668
41,487,2,1018,671,654,17,662,9,373,289
41,488,2,1536,1265,1125,140,1258,7,629,629
41,489,2,1492,1046,1025,21,1036,10,631,405
41,490,2,1664,1174,1144,30,1171,3,484,687
41,491,2,1253,792,741,51,787,5,419,368
41,492,2,1493,1030,1001,29,1025,5,588,437
41,493,2,1643,1269,1191,78,1260,9,450,810
41,494,2,1349,1008,989,19,1002,6,430,572
41,495,2,1403,1057,969,88,1054,3,574,480
41,496,2,1314,793,787,6,788,5,380,408
41,497,2,1868,930,866,64,924,6,438,486
41,498,2,1394,915,853,62,909,6,475,434
41,499,2,1323,929,826,103,925,4,513,412
41,500,2,1367,888,852,36,884,4,463,421
41,501,2,1052,823,632,191,817,6,503,314
41,502,2,990,648,606,42,646,2,352,294
41,503,2,1377,921,869,52,914,7,480,434
41,504,2,1195,870,755,115,865,5,531,334
41,505,2,1302,974,949,25,964,10,519,445
41,506,2,1531,739,717,22,735,4,408,327
41,507,2,1393,830,821,9,821,9,464,357
41,508,2,1468,916,876,40,911,5,417,494
41,509,2,1343,950,932,18,945,5,473,472
41,510,2,1295,958,919,39,952,6,484,468
41,511,2,1342,861,839,22,856,5,485,371
41,512,2,1304,887,865,22,883,4,475,408
41,513,2,1488,836,812,24,830,6,408,422
41,514,2,914,569,554,15,564,5,277,287
41,515,2,1279,974,919,55,965,6,503,462
41,516,2,1407,864,814,50,859,5,472,387
41,517,2,1710,962,922,40,946,16,567,379
41,518,2,1250,779,723,56,777,2,419,358
41,519,2,569,433,420,13,430,3,197,233
41,520,2,1645,1022,1004,18,1013,9,523,490
41,521,2,1322,750,738,12,747,3,401,346
41,522,2,1556,957,925,32,949,8,501,448
41,523,2,1668,811,792,19,805,6,479,326
41,524,2,1563,887,850,37,881,6,522,359
41,525,2,1080,870,854,16,864,6,492,372
41,526,2,1706,1182,1139,43,1168,14,508,660
41,527,2,1796,1329,1287,42,1325,4,585,740
41,528,2,1023,752,672,80,747,5,414,333
41,529,2,1395,907,880,27,897,10,481,416
41,530,2,1500,960,917,43,955,5,494,461
41,531,2,1350,906,882,24,900,6,487,413
41,532,2,1632,1038,1028,10,1027,11,582,445
41,533,2,1441,982,950,32,973,9,560,413
41,534,2,1342,913,862,51,906,7,463,443
41,535,2,1439,1029,980,49,1024,5,457,567
41,536,2,1613,1106,1084,22,1099,7,612,487
41,537,2,1498,1000,983,17,992,8,595,397
41,538,2,1989,1122,1095,27,1116,6,548,568
41,539,2,1434,813,796,17,810,3,545,265
41,540,2,1567,952,921,31,946,6,557,389
41,541,2,1653,1072,1058,14,1070,2,521,549
41,542,2,1415,897,863,34,890,7,516,374
41,543,2,2016,1101,969,132,1092,9,671,421
41,544,2,1141,803,749,54,798,5,423,375
41,545,2,1005,685,625,60,684,1,285,399
41,546,2,1451,944,906,38,934,10,511,423
41,547,2,1703,988,956,32,980,8,595,385
41,548,2,1690,936,880,56,920,16,520,400
41,549,2,1749,1035,1018,17,1022,13,587,435
41,550,2,1657,1124,1075,49,1115,9,528,587
41,551,2,1331,894,791,103,890,4,520,370
41,552,2,1519,1000,947,53,993,7,530,463
41,553,2,1189,742,683,59,738,4,422,316
41,554,2,1346,839,805,34,831,8,443,388
41,555,2,1434,1022,995,27,1018,4,520,498
41,556,2,1527,1145,1072,73,1141,4,611,530
41,557,2,1181,872,850,22,863,9,450,413
41,558,2,1113,839,808,31,834,5,376,458
41,559,2,1837,1292,1246,46,1279,13,593,686
41,560,2,1404,927,882,45,920,7,482,438
41,561,2,1337,225,135,90,224,1,117,107
41,562,2,1418,744,589,155,742,2,444,298
41,563,2,1150,818,763,55,813,5,482,331
41,564,2,1456,1042,925,117,1036,6,570,466
41,565,2,1349,982,950,32,979,3,417,562
41,566,2,1148,850,834,16,849,1,433,416
41,567,2,1446,1175,1081,94,1168,7,598,570
41,568,2,1811,1342,1261,81,1333,9,694,639
41,569,2,1531,962,950,12,958,4,495,463
41,570,2,1678,974,957,17,963,11,531,432
41,571,2,1386,916,884,32,908,8,518,390
41,572,2,1748,1245,1217,28,1243,2,666,577
41,573,2,1204,853,790,63,847,6,404,443
41,574,2,1356,1015,979,36,1011,4,500,511
41,575,2,1504,1005,990,15,1000,5,504,496
41,576,2,1668,1182,1102,80,1172,10,678,494
41,577,2,1310,953,898,55,939,14,508,431
41,578,2,1699,1197,1169,28,1193,4,591,602
41,579,2,1512,991,935,56,988,3,530,458
41,580,2,2593,1728,1657,71,1719,9,1061,658
41,581,2,1508,1045,935,110,1042,3,557,485
41,582,2,1694,995,980,15,991,4,602,389
41,583,2,1259,737,651,86,732,5,402,330
41,584,2,1526,885,845,40,880,5,556,324
41,585,2,1460,1033,935,98,1010,23,738,272
41,586,2,1356,944,909,35,936,8,695,241
41,587,2,1389,857,831,26,848,9,608,240
41,588,2,1381,896,855,41,892,4,637,255
41,589,2,1145,705,654,51,698,7,501,197
41,590,2,1299,746,698,48,736,10,538,198
41,591,2,1296,787,681,106,774,13,540,234
41,592,2,1369,784,714,70,778,6,544,234
41,593,2,990,666,585,81,661,5,484,177
41,594,2,1333,806,719,87,794,12,575,219
41,595,2,0,341,0,341,337,4,174,163
41,596,2,456,352,340,12,348,4,198,150
41,597,2,0,108,0,108,107,1,70,37
41,598,2,165,174,144,30,171,3,85,86
41,599,2,0,154,0,154,152,2,91,61
41,600,2,54,77,54,23,75,2,26,49
41,601,2,1715,1112,1027,85,1110,2,622,488
41,602,2,1203,697,643,54,693,4,315,378
41,603,2,1802,1284,1062,222,1272,12,607,665
41,604,2,1364,910,837,73,898,12,356,542
41,605,2,1466,969,860,109,964,5,385,579
41,606,2,1538,1124,1001,123,1120,4,417,703
41,607,2,1701,1190,1064,126,1184,6,552,632
41,608,2,1505,989,945,44,981,8,520,461
41,609,2,1450,959,941,18,953,6,509,444
41,610,2,1247,814,688,126,809,5,370,439
41,611,2,1481,912,837,75,907,5,433,474
41,612,2,1396,974,935,39,969,5,559,410
41,613,2,1446,981,932,49,975,6,536,439
41,614,2,1591,1013,922,91,1005,8,455,550
41,615,2,1755,1133,1080,53,1127,6,545,582
41,616,2,1278,782,679,103,780,2,314,466
41,617,2,1359,826,770,56,822,4,375,447
41,618,2,1459,1171,995,176,1168,3,535,633
41,619,2,1508,975,909,66,967,8,470,497
41,620,2,1563,1180,1109,71,1177,3,645,532
41,621,2,1329,982,915,67,978,4,542,436
41,622,2,1033,719,671,48,714,5,313,401
41,623,2,1530,1153,1053,100,1144,9,467,677
41,624,2,1012,782,688,94,781,1,365,416
41,625,2,1348,977,927,50,972,5,428,544
41,626,2,1115,805,727,78,799,6,423,376
41,627,2,1322,854,780,74,851,3,435,416
41,628,2,1314,901,855,46,898,3,421,477
41,629,2,1421,927,852,75,923,4,474,449
41,630,2,1588,1058,1014,44,1052,6,490,562
41,631,2,1885,1072,1002,70,1068,4,563,505
41,632,2,1486,1067,987,80,1064,3,506,558
41,633,2,1470,974,912,62,967,7,546,421
41,634,2,1540,1006,968,38,1004,2,541,463
41,635,2,1368,964,901,63,960,4,543,417
41,636,2,1735,1176,1094,82,1167,9,700,467
41,637,2,1455,1057,998,59,1047,10,641,406
41,638,2,1193,736,691,45,727,9,444,283
41,639,2,1187,782,736,46,777,5,439,338
41,640,2,1158,730,705,25,725,0,387,338
41,641,2,2107,1377,1178,199,1372,5,647,725
41,642,2,1825,1218,1162,56,1208,10,717,491
41,643,2,1590,1037,891,146,1032,5,523,509
41,644,2,1315,833,771,62,832,1,449,383
41,645,2,1751,1163,1081,82,1154,9,601,553
41,646,2,1470,1094,987,107,1087,7,576,511
41,647,2,1699,948,883,65,948,0,495,453
41,648,2,1484,937,897,40,931,6,501,430
41,649,2,1441,952,909,43,948,4,582,366
41,650,2,1699,1122,1035,87,1115,7,633,482
41,651,2,1067,717,671,46,717,0,445,272
41,652,2,1724,1103,1049,54,1100,3,565,535
41,653,2,1220,833,810,23,826,7,426,400
41,654,2,1483,1085,951,134,1083,2,626,457
41,655,2,1489,887,843,44,881,6,493,388
41,656,2,1540,804,778,26,802,2,436,366
41,657,2,1584,1058,975,83,1053,5,615,438
41,658,2,1322,890,824,66,886,4,574,312
41,659,2,1440,1075,1036,39,1069,6,578,491
41,660,2,1361,905,875,30,897,8,503,394
41,661,2,1398,957,939,18,953,4,531,422
41,662,2,1269,813,734,79,812,1,486,326
41,663,2,1714,1222,1167,55,1215,7,694,521
41,664,2,1654,740,663,77,740,0,423,317
41,665,2,1610,1099,890,209,1092,7,659,433
41,666,2,1340,984,925,59,979,5,492,487
41,667,2,1107,780,733,47,776,4,397,379
41,668,2,1695,1017,835,182,1010,7,578,432
41,669,2,1736,1202,1157,45,1197,5,701,496
41,670,2,1173,888,856,32,880,8,473,407
41,671,2,1732,1147,1092,55,1138,9,581,557
41,672,2,1310,897,850,47,892,5,461,431
41,673,2,1200,771,731,40,770,1,446,324
41,674,2,1311,889,849,40,869,20,474,395
41,675,2,1366,927,845,82,921,6,543,378
41,676,2,1294,897,767,130,892,5,488,404
41,677,2,1514,960,857,103,955,5,516,439
41,678,2,1484,871,791,80,860,11,550,310
41,679,2,1178,813,749,64,811,2,506,305
41,680,2,1494,1069,1045,24,1066,3,509,557
41,681,2,1552,1147,1073,74,1138,9,627,511
41,682,2,1462,920,879,41,916,4,494,422
41,683,2,1472,1053,1012,41,1047,5,537,510
41,684,2,1220,820,744,76,816,4,472,344
41,685,2,1877,1343,1228,115,1338,5,731,607
41,686,2,1490,1110,827,283,1102,8,661,441
41,687,2,1702,1201,1116,85,1187,14,662,525
41,688,2,1592,1105,1015,90,1096,9,676,420
41,689,2,1726,1315,1251,64,1304,11,726,578
41,690,2,1763,1056,1001,55,1049,7,620,429
41,691,2,1558,933,886,47,926,7,549,377
41,692,2,1758,1265,1188,77,1255,10,704,551
41,693,2,1849,1203,1123,80,1192,11,634,558
41,694,2,1694,950,874,76,942,8,508,434
41,695,2,1451,853,783,70,847,6,520,327
41,696,2,1571,945,867,78,942,3,474,468
41,697,2,1457,980,893,87,975,5,604,371
41,698,2,1026,707,627,80,701,6,385,316
41,699,2,1232,655,592,63,650,5,403,247
41,700,2,1443,1016,930,86,1007,9,606,401
41,701,2,1639,999,957,42,988,11,573,415
41,702,2,1599,952,904,48,939,13,571,368
41,703,2,1689,1181,1105,76,1172,9,591,581
41,704,2,1728,1244,1195,49,1233,11,630,603
41,705,2,1503,1144,1105,39,1139,5,622,517
41,706,2,1155,821,745,76,819,2,407,412
41,707,2,1519,1139,1098,41,1134,5,642,492
41,708,2,1664,1190,1092,98,1187,3,562,625
41,709,2,1573,1196,1069,127,1183,13,605,578
41,710,2,1419,978,937,41,974,4,558,416
41,711,2,1695,1105,1066,39,1099,6,588,511
41,712,2,1481,1029,961,68,1025,4,504,521
41,713,2,1568,987,916,71,980,7,535,445
41,714,2,1570,1087,968,119,1082,5,616,466
41,715,2,1787,1092,1047,45,1088,4,672,416
41,716,2,1496,940,880,60,932,8,618,314
41,717,2,1496,711,643,68,703,8,417,286
41,718,2,1461,778,733,45,775,3,496,279
41,719,2,1461,960,907,53,959,1,527,432
41,720,2,1779,1151,1067,84,1139,12,681,458
41,721,2,1697,959,937,22,951,8,584,367
41,722,2,1330,923,853,70,911,12,566,345
41,723,2,1347,845,812,33,840,5,494,346
41,724,2,1719,928,767,161,924,4,622,302
41,725,2,1702,1059,1021,38,1050,9,659,391
41,726,2,1154,744,674,70,742,2,465,277
41,727,2,1393,638,579,59,633,5,408,225
41,728,2,1265,788,730,58,785,3,511,274
41,729,2,1044,799,699,100,787,12,490,297
41,730,2,1558,950,886,64,938,12,584,354
41,731,2,1170,632,550,82,623,9,426,197
41,732,2,928,791,485,306,777,14,524,253
41,733,2,1096,645,595,50,642,3,406,236
41,734,2,1815,1081,1036,45,1076,5,558,518
41,735,2,1412,951,807,144,947,4,477,470
41,736,2,1695,945,863,82,941,4,545,396
41,737,2,1430,869,817,52,861,8,505,356
41,738,2,1502,956,921,35,955,1,556,399
41,739,2,1283,881,820,61,874,7,497,377
41,740,2,1763,1116,1046,70,1113,3,591,522
41,741,2,1558,984,896,88,980,4,562,418
41,742,2,1574,1065,980,85,1053,12,558,495
41,743,2,895,625,588,37,622,3,351,271
41,744,2,1520,1037,967,70,1034,3,564,470
41,745,2,993,588,550,38,583,5,348,235
41,746,2,1201,905,810,95,901,4,466,435
41,747,2,1420,880,841,39,876,4,465,411
41,748,2,1169,953,882,71,950,3,489,461
41,749,2,1501,1086,892,194,1081,5,501,580
41,750,2,1348,983,843,140,981,2,517,464
41,751,2,1636,1078,924,154,1073,5,690,383
41,752,2,1437,903,813,90,898,5,478,420
41,753,2,1469,967,898,69,961,6,563,398
41,754,2,1559,930,829,101,926,4,585,341
41,755,2,1988,1194,1099,95,1187,7,678,509
41,756,2,1364,905,873,32,899,6,495,404
41,757,2,1333,958,907,51,950,8,512,438
41,758,2,1046,1060,972,88,1055,5,616,439
41,759,2,1491,902,839,63,898,4,436,462
41,760,2,1395,944,875,69,941,3,528,413
41,761,2,1350,849,817,32,847,2,492,355
41,762,2,935,724,668,56,724,0,407,317
41,763,2,1556,784,759,25,783,1,442,341
41,764,2,1443,674,652,22,670,4,372,298
41,765,2,1300,938,846,92,934,4,532,402
41,766,2,1261,912,845,67,909,3,470,439
41,767,2,1146,735,677,58,730,5,415,315
41,768,2,1903,1066,998,68,1060,6,607,453
41,769,2,1631,1234,1159,75,1225,9,691,534
41,770,2,1270,996,814,182,989,7,578,411
41,771,2,1225,849,767,82,843,6,422,421
41,772,2,1096,755,715,40,753,2,471,282
41,773,2,1702,1153,1108,45,1150,3,643,507
41,774,2,2715,1654,1568,86,1643,11,915,728
41,775,2,1000,589,545,44,585,4,323,262
41,776,2,0,456,0,456,454,2,274,180
41,777,2,0,129,0,129,129,0,67,62
41,778,2,926,789,0,789,779,10,518,261
41,779,2,0,190,0,190,180,10,112,68
41,780,2,0,0,0,0,0,0,0,0
41,781,2,0,142,0,142,138,4,72,66
41,782,2,0,216,0,216,204,12,135,69
41,783,2,0,83,0,83,82,1,50,32
41,784,2,0,45,0,45,45,0,24,21
41,785,2,0,0,0,0,0,0,0,0
41,786,2,1584,855,727,128,847,8,567,280
41,787,2,1314,726,703,23,723,3,504,219
41,788,2,1665,996,501,495,978,18,608,370
41,789,2,1925,1396,1166,230,1375,21,810,565
41,790,2,1695,1085,921,164,1068,17,716,352
41,791,2,1488,671,305,366,667,4,439,228
41,792,2,1544,790,614,176,784,6,473,311
41,793,2,1617,1258,1097,161,1248,10,762,486
41,794,2,1340,1010,930,80,1010,0,642,368
41,795,2,1775,1361,1210,151,1345,16,751,594
41,796,2,1969,1002,800,202,984,18,526,458
41,797,2,1783,892,629,263,880,12,577,303
41,798,2,1644,891,742,149,883,8,490,393
41,799,2,2035,1064,891,173,1051,13,661,390
41,800,2,1291,434,389,45,431,3,254,177
41,801,2,1250,679,583,96,674,5,434,240
41,802,2,1530,852,755,97,842,10,498,344
41,803,2,1370,859,723,136,852,7,541,311
41,804,2,1064,791,747,44,786,5,469,317
41,805,2,2273,1583,1350,233,1574,9,906,668
41,806,2,930,713,607,106,709,4,360,349
41,807,2,1435,910,841,69,900,10,437,463
41,808,2,1055,699,663,36,695,4,407,288
41,809,2,1570,1200,1160,40,1195,5,657,538
41,810,2,1904,1290,1024,266,1279,11,674,605
41,811,2,1413,756,587,169,754,2,395,359
41,812,2,1748,1146,935,211,1142,4,640,502
41,813,2,1651,929,644,285,924,5,507,417
41,814,2,1576,1035,944,91,1025,10,638,387
41,815,2,1467,810,545,265,805,5,467,338
41,816,2,1469,1153,979,174,1145,8,680,465
41,817,2,956,476,362,114,475,1,259,216
41,818,2,1789,1070,890,180,1063,7,609,454
41,819,2,1877,1254,1149,105,1240,14,729,511
41,820,2,1818,1258,1120,138,1245,13,712,533
41,821,2,1761,1187,1004,183,1181,6,693,488
41,822,2,1537,1104,905,199,1099,5,622,477
41,823,2,1314,1010,754,256,1002,8,535,467
41,824,2,1794,1099,954,145,1090,9,665,425
41,825,2,1453,873,748,125,869,4,486,383
41,826,2,1412,1014,808,206,1001,13,593,408
41,827,2,1087,943,623,320,936,7,563,373
41,828,2,1323,928,832,96,920,6,562,358
41,829,2,1721,1292,1066,226,1280,12,779,501
41,830,2,1544,1045,907,138,1039,6,625,414
41,831,2,1891,1298,1064,234,1286,12,724,562
41,832,2,1704,1093,828,265,1077,16,685,392
41,833,2,1275,863,693,170,856,7,510,346
41,834,2,1174,998,717,281,991,7,576,415
41,835,2,1877,1085,898,187,1074,11,646,428
41,836,2,1670,965,847,118,946,19,625,321
41,837,2,1904,1192,1018,174,1178,14,713,465
41,838,2,1762,1197,1003,194,1184,13,740,444
41,839,2,1553,1045,901,144,1034,11,655,379
41,840,2,1865,1265,1151,114,1248,17,673,575
41,841,2,2132,1336,1240,96,1326,10,899,427
41,842,2,1136,721,624,97,709,12,517,192
41,843,2,1659,1090,856,234,1075,15,757,318
41,844,2,1353,953,830,123,944,9,639,305
41,845,2,1390,790,666,124,786,4,508,278
41,846,2,1877,1127,1000,127,1112,15,782,330
41,847,2,1512,924,819,105,912,12,681,231
41,848,2,2163,1218,1183,35,1207,11,906,301
41,849,2,1630,897,824,73,892,5,680,212
41,850,2,1506,902,817,85,894,8,616,278
41,851,2,1865,902,813,89,895,7,605,290
41,852,2,1622,1196,1045,151,1182,14,627,555
41,853,2,1732,1114,1114,0,1100,14,635,465
41,854,2,1484,869,803,66,860,9,591,269
41,855,2,1690,1383,1161,222,1375,8,782,593
41,856,2,1688,1352,1237,115,1347,5,642,705
41,857,2,1722,1147,1033,114,1136,11,679,457
41,858,2,1506,1114,961,153,1108,6,699,409
41,859,2,1582,1101,973,128,1098,3,636,462
41,860,2,2500,1716,1672,44,1715,1,1058,657
41,861,2,2072,1421,1273,148,1417,4,875,542
41,862,2,2036,1455,1315,140,1448,7,900,548
41,863,2,1612,1007,913,94,1000,7,632,368
41,864,2,1204,747,645,102,738,9,507,231
41,865,2,1091,765,663,102,756,9,521,235
41,866,2,2005,1264,1069,195,1252,12,836,416
41,867,2,1610,1076,852,224,1072,4,699,373
41,868,2,1029,747,654,93,742,5,455,287
41,869,2,1391,1081,936,145,1071,10,670,401
41,870,2,1970,1293,1077,216,1282,11,786,496
41,871,2,1307,808,740,68,806,2,450,356
41,872,2,1622,1003,882,121,995,8,547,448
41,873,2,1606,1019,875,144,1017,2,627,390
41,874,2,1683,1121,838,283,1113,8,646,467
41,875,2,1740,964,783,181,952,12,543,409
41,876,2,2162,1408,993,415,1394,14,706,688
41,877,2,2302,1458,1258,200,1449,9,682,767
41,878,2,1740,1088,988,100,1085,3,657,428
41,879,2,1258,793,710,83,790,3,398,392
41,880,2,1607,1162,905,257,1161,1,619,542
41,881,2,1968,1054,970,84,1053,1,617,436
41,882,2,2128,1091,1020,71,1087,4,569,518
41,883,2,1872,966,834,132,954,12,543,411
41,884,2,1251,944,802,142,941,3,419,522
41,885,2,1749,1211,1089,122,1206,5,703,503
41,886,2,1834,1360,1157,203,1350,10,662,688
41,887,2,1437,1105,967,138,1099,6,493,606
41,888,2,2059,1387,1344,43,1378,9,603,775
41,889,2,1075,1154,761,393,1150,4,464,686
41,890,2,1706,1357,1244,113,1350,7,485,865
41,891,2,1194,979,580,399,972,7,481,491
41,892,2,2126,1175,963,212,1171,4,632,539
41,893,2,1045,650,521,129,641,9,315,326
41,894,2,913,432,366,66,426,6,205,221
41,895,2,1737,1213,1073,140,1209,4,771,438
41,896,2,2018,1447,1333,114,1438,9,1040,398
41,897,2,1417,1086,988,98,1081,5,752,329
41,898,2,1361,1005,871,134,1001,4,396,605
41,899,2,1842,1206,1039,167,1198,8,566,632
41,900,2,0,641,0,641,636,5,160,476
41,901,2,1867,1142,1127,15,1136,6,581,555
41,902,2,1417,929,729,200,924,5,471,453
41,903,2,1437,1072,966,106,1067,5,508,559
41,904,2,1376,906,736,170,903,3,389,514
41,905,2,1311,748,667,81,739,9,498,241
41,906,2,1050,691,565,126,677,14,435,242
41,907,2,1484,1094,810,284,1084,10,592,492
41,908,2,813,525,466,59,524,1,290,234
41,909,2,1530,1034,918,116,1029,5,565,464
41,910,2,1556,913,746,167,908,5,471,437
41,911,2,1489,1105,879,226,1097,8,577,520
41,912,2,1397,1113,800,313,1104,9,643,461
41,913,2,0,886,0,886,878,8,445,433
41,914,2,0,189,0,189,188,1,103,85
41,915,2,0,264,0,264,262,2,145,117
41,916,2,0,170,0,170,169,1,118,51
41,917,2,1148,813,774,39,808,5,431,377
41,918,2,1285,994,945,49,986,8,449,537
41,919,2,1399,1017,957,60,1012,5,529,483
41,920,2,1304,877,841,36,870,7,531,339
41,921,2,1377,980,950,30,976,4,471,505
41,922,2,1448,1021,994,27,1021,0,500,521
41,923,2,1215,778,760,18,777,1,468,309
41,924,2,1423,984,968,16,981,3,648,333
41,925,2,1124,824,789,35,818,6,517,301
41,926,2,1119,829,813,16,827,2,411,416
41,927,2,1142,810,791,19,807,3,466,341
41,928,2,1253,852,825,27,851,1,464,387
41,929,2,1102,821,792,29,817,4,390,427
41,930,2,1165,876,845,31,869,7,467,402
41,931,2,1406,1051,1016,35,1041,10,607,434
41,932,2,1793,1080,1048,32,1068,12,540,528
41,933,2,1214,850,831,19,847,3,487,360
41,934,2,1726,1238,1193,45,1225,13,710,515
41,935,2,1674,1287,1263,24,1279,8,630,649
41,936,2,1370,1021,1003,18,1011,10,532,479
41,937,2,1731,1306,1244,62,1300,6,645,655
41,938,2,1553,1159,1115,44,1149,10,633,516
41,939,2,1391,1100,1074,26,1090,10,533,557
41,940,2,1573,1238,1215,23,1231,7,685,546
41,941,2,1501,1130,1106,24,1126,4,529,597
41,942,2,1350,1040,1019,21,1037,3,598,439
41,943,2,1298,927,907,20,921,6,487,434
41,944,2,1579,1285,1226,59,1278,7,777,501
41,945,2,1332,1091,1041,50,1082,9,591,491
41,946,2,1417,1120,1087,33,1116,4,620,496
41,947,2,1361,1022,961,61,1009,13,625,384
41,948,2,1582,1161,1116,45,1154,7,589,565
41,949,2,1400,1130,1077,53,1123,7,669,454
41,950,2,1572,1172,1127,45,1167,5,667,500
41,951,2,1404,1048,1008,40,1042,6,544,498
41,952,2,1376,1092,1054,38,1088,4,469,619
41,953,2,1362,1069,1043,26,1057,12,557,500
41,954,2,1510,1109,1041,68,1099,10,600,499
41,955,2,1493,1163,1141,22,1151,12,609,542
41,956,2,1545,1178,1131,47,1165,13,616,549
41,957,2,1388,1019,990,29,1014,5,504,510
41,958,2,1310,1069,1026,43,1068,1,528,540
41,959,2,1422,1086,1033,53,1080,6,582,498
41,960,2,1378,1007,946,61,999,8,555,444
41,961,2,1471,1100,1071,29,1096,4,584,512
41,962,2,1397,1150,1129,21,1148,2,585,563
41,963,2,1514,1219,1196,23,1205,14,627,578
41,964,2,1288,811,791,20,804,7,441,363
41,965,2,1298,976,959,17,975,1,536,439
41,966,2,1314,969,927,42,963,6,506,457
41,967,2,1385,1124,1093,31,1121,3,500,621
41,968,2,1126,859,845,14,854,5,437,417
41,969,2,1413,1072,1036,36,1067,5,472,595
41,970,2,1565,1182,1158,24,1174,8,550,624
41,971,2,1569,1109,1090,19,1105,4,570,535
41,972,2,1592,1247,1199,48,1235,12,619,616
41,973,2,1346,1059,1024,35,1054,5,444,610
41,974,2,1236,937,904,33,931,6,438,493
41,975,2,1366,981,959,22,979,2,590,389
41,976,2,1457,1011,958,53,1003,8,507,496
41,977,2,1288,989,968,21,981,8,461,520
41,978,2,1296,996,975,21,989,7,424,565
41,979,2,1151,901,883,18,894,7,394,500
41,980,2,1435,1064,1036,28,1061,3,508,553
41,981,2,1450,1050,1022,28,1044,6,463,581
41,982,2,1665,1292,1244,48,1284,8,612,672
41,983,2,1592,1229,1174,55,1226,3,660,566
41,984,2,1754,1310,1274,36,1302,8,656,646
41,985,2,1507,1037,1016,21,1031,6,593,438
41,986,2,1335,987,957,30,980,7,548,432
41,987,2,1404,1074,1022,52,1066,8,578,488
41,988,2,997,716,687,29,710,6,362,348
41,989,2,1407,1069,1021,48,1066,3,545,521
41,990,2,1441,1053,1018,35,1047,6,539,508
41,991,2,1489,1065,1039,26,1059,5,589,470
41,992,2,1602,1166,1138,28,1156,10,539,617
41,993,2,1363,1019,977,42,1011,8,472,539
41,994,2,1546,1032,1003,29,1025,7,512,513
41,995,2,1328,1024,957,67,1022,2,494,528
41,996,2,1417,971,948,23,962,9,549,413
41,997,2,1375,847,817,30,845,2,446,399
41,998,2,1485,1095,1064,31,1088,7,516,572
41,999,2,1564,1179,1160,19,1173,6,469,704
41,1000,2,1651,1224,1146,78,1218,6,677,541
41,1001,2,1183,909,852,57,904,5,346,558
41,1002,2,1454,1093,1039,54,1085,8,603,482
41,1003,2,1671,1288,1226,62,1285,3,549,736
41,1004,2,1346,984,947,37,977,7,435,542
41,1005,2,1298,935,885,50,931,4,506,425
41,1006,2,1771,1058,1027,31,1051,7,584,467
41,1007,2,1607,1056,993,63,1049,7,535,514
41,1008,2,1377,1013,974,39,1001,12,521,480
41,1009,2,1556,1108,1070,38,1100,8,576,524
41,1010,2,1538,1125,1101,24,1117,8,544,573
41,1011,2,1360,924,889,35,918,6,496,422
41,1012,2,1511,1071,972,99,1061,10,556,505
41,1013,2,1152,882,833,49,878,4,397,481
41,1014,2,1330,1012,992,20,1008,4,434,574
41,1015,2,1485,1078,1048,30,1074,4,546,528
41,1016,2,1448,650,606,44,643,7,402,241
41,1017,2,1494,984,943,41,978,6,523,455
41,1018,2,1653,1014,875,139,1013,1,571,442
41,1019,2,1148,795,777,18,791,4,426,365
41,1020,2,1525,948,887,61,944,4,443,501
41,1021,2,1569,1099,1053,46,1093,6,620,473
41,1022,2,1302,893,873,20,890,3,488,402
41,1023,2,1441,995,954,41,983,12,596,387
41,1024,2,1259,800,735,65,795,5,475,320
41,1025,2,1470,1022,994,28,1019,3,555,464
41,1026,2,1298,933,904,29,929,4,465,464
41,1027,2,1383,948,895,53,947,1,524,423
41,1028,2,1544,974,953,21,964,10,514,450
41,1029,2,1662,995,960,35,981,14,559,422
41,1030,2,1426,928,825,103,925,3,557,368
41,1031,2,1398,988,911,77,985,3,625,360
41,1032,2,1643,980,967,13,975,5,575,400
41,1033,2,1350,959,921,38,956,3,586,370
41,1034,2,1349,905,883,22,901,4,482,419
41,1035,2,1315,898,873,25,893,5,503,390
41,1036,2,1020,642,602,40,638,4,427,211
41,1037,2,920,663,618,45,659,4,351,308
41,1038,2,1314,895,867,28,889,6,499,390
41,1039,2,1273,847,813,34,840,7,483,357
41,1040,2,1337,926,893,33,922,4,552,370
41,1041,2,1127,704,653,51,704,0,428,276
41,1042,2,1390,772,751,21,764,8,431,333
41,1043,2,1341,906,879,27,903,3,499,404
41,1044,2,1559,1016,999,17,1008,8,649,359
41,1045,2,1326,804,776,28,801,3,498,303
41,1046,2,1502,1086,1041,45,1078,8,605,473
41,1047,2,1578,1051,1011,40,1048,3,658,390
41,1048,2,920,551,457,94,544,7,314,230
41,1049,2,1341,935,891,44,933,2,464,469
41,1050,2,855,551,465,86,544,7,315,229
41,1051,2,1179,170,119,51,169,1,92,77
41,1052,2,1289,730,709,21,721,9,383,338
41,1053,2,1332,713,694,19,704,9,432,272
41,1054,2,1274,857,826,31,849,8,496,353
41,1055,2,1214,905,878,27,897,8,478,419
41,1056,2,1387,990,976,14,985,5,514,471
41,1057,2,1776,1059,1019,40,1055,4,584,471
41,1058,2,1385,977,947,30,969,8,527,442
41,1059,2,1024,698,658,40,696,2,389,307
41,1060,2,1653,1168,1139,29,1162,6,685,477
41,1061,2,1480,1000,976,24,997,3,544,453
41,1062,2,1443,1051,1007,44,1041,10,501,540
41,1063,2,1396,885,859,26,878,7,528,350
41,1064,2,1667,1114,1087,27,1107,7,591,516
41,1065,2,1247,915,885,30,912,3,486,426
41,1066,2,1426,1132,1053,79,1124,8,618,506
41,1067,2,1673,1259,1209,50,1257,2,743,514
41,1068,2,1361,1031,974,57,1023,8,589,434
41,1069,2,1383,994,968,26,988,6,571,417
41,1070,2,927,969,927,42,965,4,540,425
41,1071,2,1027,697,645,52,691,6,379,312
41,1072,2,1192,824,799,25,822,2,391,431
41,1073,2,1087,823,762,61,822,1,454,368
41,1074,2,827,582,563,19,579,3,307,272
41,1075,2,822,621,594,27,615,6,305,310
41,1076,2,1078,805,765,40,797,8,393,404
41,1077,2,1446,1101,1013,88,1096,5,547,549
41,1078,2,1098,723,708,15,722,1,403,319
41,1079,2,1014,687,664,23,686,1,357,329
41,1080,2,1453,1016,987,29,1012,4,535,477
41,1081,2,1474,1033,992,41,1026,7,548,478
41,1082,2,1553,1163,1132,31,1155,8,612,543
41,1083,2,1215,981,930,51,978,3,426,552
41,1084,2,1333,943,911,32,938,5,509,429
41,1085,2,1587,1286,1252,34,1285,1,580,705
41,1086,2,1012,753,731,22,747,6,383,364
41,1087,2,1790,1093,1058,35,1084,9,679,405
41,1088,2,1719,1167,1058,109,1166,1,577,589
41,1089,2,1204,716,700,16,712,4,385,327
41,1090,2,1293,917,770,147,907,10,461,446
41,1091,2,1876,1103,1051,52,1098,5,628,470
41,1092,2,1143,806,651,155,803,3,484,319
41,1093,2,1373,941,869,72,935,6,606,329
41,1094,2,1505,1065,965,100,1057,8,562,495
41,1095,2,1484,925,891,34,918,7,491,427
41,1096,2,1093,733,702,31,728,5,437,291
41,1097,2,1481,912,881,31,907,5,516,391
41,1098,2,1180,856,834,22,850,6,429,421
41,1099,2,1473,1078,1035,43,1073,5,516,557
41,1100,2,1202,837,814,23,832,5,394,438
41,1101,2,1553,1092,1071,21,1090,2,491,599
41,1102,2,1079,820,797,23,816,4,332,484
41,1103,2,1428,1070,1017,53,1063,7,565,498
41,1104,2,1297,973,860,113,965,8,368,597
41,1105,2,701,384,293,91,378,6,194,184
41,1106,2,1640,1023,945,78,1013,10,529,484
41,1107,2,1350,870,832,38,855,15,467,388
41,1108,2,1102,771,739,32,769,2,385,384
41,1109,2,1162,829,796,33,826,3,465,361
41,1110,2,1899,1155,1072,83,1140,15,563,577
41,1111,2,1410,828,800,28,823,5,426,397
41,1112,2,1312,909,885,24,902,7,481,421
41,1113,2,1410,961,927,34,955,6,515,440
41,1114,2,1418,885,840,45,880,5,417,463
41,1115,2,1363,941,916,25,936,5,465,471
41,1116,2,1452,990,926,64,984,6,521,463
41,1117,2,1221,838,818,20,836,2,454,382
41,1118,2,1173,813,783,30,808,5,420,388
41,1119,2,991,704,688,16,702,2,424,278
41,1120,2,1293,883,858,25,877,6,428,449
41,1121,2,1071,686,671,15,685,1,354,331
41,1122,2,1441,997,967,30,992,5,559,433
41,1123,2,1438,979,945,34,971,8,512,459
41,1124,2,1041,758,717,41,753,5,350,403
41,1125,2,930,650,599,51,645,5,371,274
41,1126,2,1320,938,875,63,932,6,586,346
41,1127,2,1115,722,690,32,722,0,400,322
41,1128,2,1524,1141,1112,29,1139,2,630,509
41,1129,2,1114,849,823,26,847,2,458,389
41,1130,2,1461,1067,1051,16,1062,5,535,527
41,1131,2,1344,985,955,30,981,4,555,426
41,1132,2,1405,1098,1036,62,1084,14,586,498
41,1133,2,1121,859,844,15,852,7,454,398
41,1134,2,1056,751,730,21,751,0,389,362
41,1135,2,871,559,536,23,554,5,304,250
41,1136,2,1002,672,655,17,669,3,311,358
41,1137,2,1047,686,658,28,678,8,378,300
41,1138,2,957,678,660,18,674,4,388,286
41,1139,2,976,620,580,40,618,2,333,285
41,1140,2,968,708,682,26,703,5,403,300
41,1141,2,1492,1017,976,41,1007,10,617,390
41,1142,2,1951,1051,994,57,1036,15,720,316
41,1143,2,1308,817,756,61,810,7,522,288
41,1144,2,0,165,0,165,164,1,87,77
41,1145,2,0,736,0,736,732,4,151,581
41,1146,2,0,1173,0,1173,1169,4,234,935
41,1147,2,2137,879,750,129,873,6,153,720
41,1148,2,0,866,0,866,861,5,169,692
41,1149,2,0,883,0,883,880,3,143,737
41,1150,2,0,834,0,834,827,7,109,718
41,1151,2,1139,1138,462,676,1131,7,142,989
41,1152,2,0,733,0,733,732,1,110,622
41,1153,2,0,58,0,58,58,0,35,23
41,1154,2,0,2827,0,2827,2770,57,1641,1129
41,1155,2,1173,1222,1114,108,1192,30,733,459
41,1156,2,0,261,0,261,255,6,149,106
41,1157,2,0,165,0,165,162,3,100,62
41,1158,2,0,77,0,77,74,3,44,30
41,1159,2,0,194,0,194,191,3,92,99
41,1160,2,0,501,0,501,488,13,351,137
41,1161,2,0,83,0,83,83,0,29,54
41,1162,2,0,1583,0,1583,1556,27,1119,437
41,1163,2,0,1239,0,1239,1201,38,604,597
41,1164,2,0,738,0,738,712,26,373,339
41,1165,2,0,699,0,699,680,19,338,342
41,1166,2,0,1138,0,1138,1095,43,614,481
41,1167,2,0,694,0,694,633,31,310,323
41,1168,2,0,839,0,839,814,25,425,389
41,1169,2,0,386,0,386,380,6,209,171
41,1170,2,0,334,0,334,326,8,223,103
41,1171,2,0,290,0,290,287,3,145,142
41,1172,2,0,1241,0,1241,1228,13,734,494
41,1173,2,0,923,0,923,889,34,475,414
41,1174,2,0,907,0,907,876,31,482,394
41,1175,2,0,124,0,124,124,0,17,107
41,1176,2,27,27,23,4,27,0,15,12
41,1177,2,94,28,28,0,28,0,12,16
41,1178,2,162,70,0,70,69,1,43,26
41,1179,2,0,454,0,454,450,4,91,359
41,1180,2,18,16,16,0,16,0,12,4
41,1181,2,0,103,103,0,102,1,22,80
41,1182,2,25,25,25,0,25,0,11,14
41,1183,2,759,207,98,109,207,0,45,162
41,1184,2,10,10,10,0,10,0,9,1
41,1185,2,40,38,38,0,38,0,26,12
41,1186,2,17,19,15,4,19,0,19,0
41,1187,2,0,103,0,103,103,0,46,57
41,1188,2,7,5,5,0,5,0,5,0
41,1189,2,0,56,0,56,56,0,16,40
41,1190,2,0,262,0,262,255,7,22,233
41,1191,2,0,405,0,405,401,4,36,365
41,1192,2,3,2,0,2,2,0,2,0
41,1193,2,101,172,86,86,171,1,77,94
41,1194,2,7,7,7,0,7,0,0,7
41,1195,2,30,25,0,25,25,0,14,11
41,1196,2,84,133,54,79,133,0,64,69
41,1197,2,0,131,0,131,131,0,22,109
41,1198,2,36,32,12,20,32,0,12,20
41,1199,2,28,21,20,1,20,1,11,9
41,1200,2,11,11,11,0,11,0,9,2
41,1201,2,0,19,0,19,19,0,15,4
41,1202,2,21,17,17,0,16,1,7,9
41,1203,2,6,19,6,13,19,0,19,0
41,1204,2,58,58,58,0,58,0,19,39
41,1205,2,44,24,24,0,24,0,9,15
41,1206,2,104,119,96,23,119,0,78,41
41,1207,2,0,455,0,455,454,1,192,262
41,1208,2,815,211,211,0,182,29,31,151
41,1209,2,41,41,1,40,41,0,23,18
41,1210,2,175,170,94,76,170,0,49,121
41,1211,2,8,10,8,2,10,0,10,0
41,1212,2,13,12,12,0,12,0,6,6
41,1213,2,0,47,0,47,47,0,18,29
41,1214,2,759,1235,469,766,1230,5,168,1062
41,1215,2,232,183,97,86,181,2,10,171
41,1216,2,26,26,26,0,26,0,14,12
41,1217,2,0,363,0,363,359,4,68,291
41,1218,2,94,94,0,94,94,0,22,72
41,1219,2,47,47,47,0,46,1,4,42
41,1220,2,26,18,18,0,16,2,6,10
41,1221,2,43,43,36,7,43,0,22,21
41,1222,2,23,19,19,0,19,0,14,5
41,1223,2,637,77,61,16,76,1,37,39
41,1224,2,19,20,19,1,20,0,17,3
41,1225,2,142,127,127,0,125,2,80,45
41,1226,2,278,278,278,0,277,1,89,188
41,1227,2,0,315,0,315,315,0,61,254
41,1228,2,207,166,128,38,165,1,26,139
41,1229,2,24,43,24,19,43,0,29,14
41,1230,2,99,46,46,0,46,0,27,19
41,1231,2,203,109,101,8,109,0,28,81
41,1232,2,0,9,0,9,9,0,5,4
41,1233,2,53,53,53,0,53,0,21,32
41,1234,2,648,198,165,33,190,8,101,89
41,1235,2,103,86,60,26,86,0,12,74
41,1236,2,10,10,10,0,10,0,10,0
41,1237,2,383,202,130,72,202,0,47,155
41,1238,2,392,272,255,17,268,4,81,187
41,1239,2,3,3,2,1,3,0,1,2
41,1240,2,33,33,33,0,33,0,15,18
41,1241,2,0,256,0,256,256,0,106,150
41,1242,2,18,18,18,0,18,0,13,5
41,1243,2,15,14,14,0,14,0,0,14
41,1244,2,0,5,0,5,5,0,5,0
41,1245,2,18,18,0,18,18,0,4,14
41,1246,2,86,31,21,10,31,0,16,15
41,1247,2,227,134,90,44,134,0,27,107
41,1248,2,21,15,15,0,15,0,8,7
41,1249,2,0,28,0,28,28,0,0,28
41,1250,2,34,31,31,0,31,0,10,21
41,1251,2,69,69,57,12,69,0,42,27
41,1252,2,68,41,35,6,41,0,17,24
41,1253,2,8,6,6,0,6,0,4,2
41,1254,2,12,9,8,1,9,0,7,2
41,1255,2,144,144,0,144,142,2,79,63
41,1256,2,636,83,59,24,82,1,34,48
41,1257,2,17,16,16,0,16,0,7,9
41,1258,2,0,3003,0,3003,2994,9,76,2918
41,1259,2,0,1283,0,1283,1281,2,89,1192
41,1260,2,20,20,20,0,20,0,17,3
41,1261,2,2073,98,63,35,98,0,22,76
41,1262,2,0,15,0,15,15,0,11,4
41,1263,2,0,1,0,1,0,0,0,0
41,1264,2,68,32,27,5,32,0,22,10
41,1265,2,0,31,0,31,31,0,23,8
41,1266,2,926,79,37,42,79,0,31,48
41,1267,2,0,5015,0,5015,4991,24,148,4843
41,1268,2,0,1756,0,1756,1716,40,1019,697
41,1269,2,4554,3473,3318,155,3402,71,2047,1355
41,1270,2,0,18,18,0,18,0,7,11
41,1271,2,0,37,0,37,36,1,32,4
41,1272,2,13,11,11,0,11,0,6,5
41,1273,2,47,13,13,0,13,0,6,7
41,1274,2,25,21,21,0,21,0,4,17
41,1275,2,17,17,17,0,17,0,4,13
41,1276,2,11,11,11,0,10,1,9,1
41,1277,2,0,489,0,489,485,4,217,268
41,1278,2,0,730,0,730,710,20,342,368
41,1279,2,0,1,0,1,0,0,0,0
41,1280,2,14,41,13,28,41,0,15,26
41,1281,2,5,5,5,0,5,0,5,0
42,1,2,993,756,609,147,752,4,483,269
42,2,2,1353,922,854,68,918,4,607,311
42,3,2,1401,954,899,55,951,3,563,388
42,4,2,1756,1091,939,152,1070,21,635,435
42,5,2,1307,757,717,40,756,1,420,336
42,6,2,1500,1026,938,88,1016,10,656,360
42,7,2,1279,938,847,91,926,12,576,350
42,8,2,944,634,493,141,623,11,350,273
42,9,2,952,615,537,78,609,6,366,243
42,10,2,1373,897,833,64,886,11,639,247
42,11,2,1720,863,803,60,856,7,499,357
42,12,2,1650,687,649,38,679,8,424,255
42,13,2,1430,833,682,151,823,10,389,434
42,14,2,1986,1625,1150,475,1607,18,998,609
42,15,2,1229,858,680,178,852,6,598,254
42,16,2,700,472,414,58,462,10,339,123
42,17,2,0,248,0,248,246,2,135,111
42,18,2,1634,858,777,81,849,9,560,289
42,19,2,1704,830,796,34,822,8,542,280
42,20,2,1611,782,737,45,762,20,567,195
42,21,2,1800,1038,969,69,1013,25,668,345
42,22,2,1562,843,799,44,833,10,538,295
42,23,2,1360,770,743,27,757,13,494,263
42,24,2,1998,1240,1180,60,1219,21,771,448
42,25,2,2202,1321,1249,72,1297,24,864,433
42,26,2,961,774,729,45,762,12,612,150
42,27,2,1517,1314,809,505,1282,32,785,497
42,28,2,1653,1067,952,115,1050,17,833,217
42,29,2,1739,1048,923,125,1027,21,710,317
42,30,2,821,633,546,87,625,8,493,132
42,31,2,1863,1111,1035,76,1094,17,670,424
42,32,2,1855,1175,1095,80,1150,25,714,436
42,33,2,1240,775,718,57,770,5,509,261
42,34,2,1134,663,602,61,655,8,423,232
42,35,2,1200,851,758,93,842,9,597,245
42,36,2,2056,1302,1135,167,1289,13,843,446
42,37,2,1200,756,662,94,747,9,469,278
42,38,2,1877,975,899,76,960,15,592,368
42,39,2,1910,1033,976,57,1018,15,736,282
42,40,2,941,833,528,305,816,17,581,235
42,41,2,2348,1467,1362,105,1436,31,920,516
42,42,2,761,541,503,38,534,7,388,146
42,43,2,469,364,281,83,361,3,221,140
42,44,2,938,634,567,67,623,11,469,154
42,45,2,1269,819,771,48,806,13,575,231
42,46,2,1196,685,631,54,676,9,493,183
42,47,2,1634,1044,926,118,1035,9,756,279
42,48,2,760,469,405,64,462,7,260,202
42,49,2,1090,724,670,54,706,18,470,236
42,50,2,1165,694,625,69,672,22,510,162
42,51,2,1200,833,736,97,810,23,551,259
42,52,2,1642,902,835,67,896,6,628,268
42,53,2,1229,805,685,120,793,12,539,254
42,54,2,1098,695,596,99,685,10,441,244
42,55,2,1146,645,570,75,635,10,494,141
42,56,2,1442,762,678,84,749,13,531,218
42,57,2,442,392,368,24,384,8,312,72
42,58,2,1024,1069,972,97,1052,17,636,416
42,59,2,1235,742,731,11,735,7,515,220
42,60,2,2184,1372,1265,107,1356,16,935,421
42,61,2,1965,1131,1046,85,1121,10,767,354
42,62,2,1809,1289,1092,197,1270,19,827,443
42,63,2,383,197,169,28,193,4,159,34
42,64,2,745,568,531,37,559,9,382,177
42,65,2,1684,1166,1121,45,1142,24,887,255
42,66,2,611,420,384,36,417,3,308,109
42,67,2,449,306,275,31,302,4,224,78
42,68,2,456,350,315,35,343,7,232,111
42,69,2,455,232,198,34,230,2,103,127
42,70,2,551,367,333,34,352,15,177,175
42,71,2,843,409,351,58,398,11,209,189
42,72,2,1766,935,836,99,915,20,636,279
42,73,2,1035,555,533,22,548,7,244,304
42,74,2,2001,1231,1155,76,1215,16,785,430
42,75,2,1295,770,669,101,754,16,586,168
42,76,2,705,478,427,51,476,2,390,86
42,77,2,1599,920,806,114,905,15,665,240
42,78,2,1870,1148,1031,117,1133,15,871,262
42,79,2,2019,1003,852,151,996,7,649,347
42,80,2,481,299,242,57,296,3,248,48
42,81,2,1782,1616,896,720,1596,20,803,793
42,82,2,1345,1364,750,614,1341,23,656,685
42,83,2,1741,1764,978,786,1745,19,787,958
42,84,2,1837,1800,848,952,1769,28,719,1050
42,85,2,1814,1089,909,180,1069,20,705,364
42,86,2,1123,797,742,55,792,5,360,432
42,87,2,1484,842,779,63,827,15,546,281
42,88,2,775,500,452,48,492,8,417,75
42,89,2,1050,564,534,30,549,15,355,194
42,90,2,1714,1062,981,81,1046,16,812,234
42,91,2,1249,703,649,54,694,9,521,173
42,92,2,1291,701,620,81,677,15,491,186
42,93,2,1565,1068,958,110,1061,7,621,440
42,94,2,1756,1112,915,197,1091,21,584,507
42,95,2,1492,1346,1134,212,1326,20,1036,290
42,96,2,1071,880,775,105,870,10,717,153
42,97,2,877,622,495,127,622,0,447,175
42,98,2,1330,1076,768,308,1065,11,565,500
42,99,2,1162,840,734,106,825,15,460,365
42,100,2,1100,745,618,127,737,8,450,287
42,101,2,898,623,576,47,610,13,360,250
42,102,2,589,406,365,41,404,2,258,146
42,103,2,476,424,292,132,422,2,236,186
42,104,2,0,495,0,495,493,2,212,281
42,105,2,1687,938,913,25,918,20,608,310
42,106,2,1670,946,891,55,944,2,644,300
42,107,2,640,208,183,25,205,3,152,53
42,108,2,1292,780,715,65,753,27,492,261
42,109,2,1221,841,740,101,836,5,595,241
42,110,2,1428,837,779,58,830,7,535,295
42,111,2,1891,988,883,105,980,8,697,283
42,112,2,2101,1095,1010,85,1078,17,767,311
42,113,2,66,82,39,43,79,3,15,64
42,114,2,1692,1178,932,246,1172,6,797,375
42,115,2,2014,991,885,106,977,14,632,345
42,116,2,648,394,351,43,388,6,281,107
42,117,2,393,257,208,49,255,2,157,98
42,118,2,1129,659,568,91,642,17,504,138
42,119,2,1704,1017,932,85,1001,16,805,196
42,120,2,320,265,241,24,259,6,225,34
42,121,2,1485,1021,914,107,1007,14,444,563
42,122,2,1361,948,911,37,939,9,487,452
42,123,2,1130,737,676,61,727,10,381,346
42,124,2,954,754,620,134,751,3,309,442
42,125,2,2087,1407,1247,160,1388,19,766,622
42,126,2,548,888,254,634,879,9,633,246
42,127,2,1596,1051,946,105,1033,18,727,306
42,128,2,988,851,625,226,842,9,442,400
42,129,2,1290,838,585,253,829,9,521,308
42,130,2,812,454,382,72,450,4,310,140
42,131,2,1173,737,704,33,723,4,358,365
42,132,2,1593,850,787,63,830,20,573,257
42,133,2,1251,601,553,48,586,15,419,167
42,134,2,1192,772,706,66,755,17,454,301
42,135,2,1227,673,613,60,665,8,350,315
42,136,2,1236,874,805,69,863,11,510,353
42,137,2,1506,835,734,101,816,19,506,310
42,138,2,1703,904,856,48,890,14,506,384
42,139,2,743,562,514,48,551,11,282,269
42,140,2,1476,786,699,87,764,22,527,237
42,141,2,1356,764,703,61,755,9,475,280
42,142,2,1429,714,674,40,704,10,461,243
42,143,2,1034,617,435,182,608,9,391,217
42,144,2,1352,859,805,54,851,8,530,321
42,145,2,987,652,502,150,645,7,426,219
42,146,2,1284,706,633,73,699,7,487,212
42,147,2,1455,862,813,49,851,11,579,272
42,148,2,1579,852,802,50,848,4,528,320
42,149,2,1423,769,714,55,748,21,520,228
42,150,2,1393,824,778,46,813,11,579,234
42,151,2,1286,837,751,86,829,8,541,288
42,152,2,1300,739,682,57,737,2,463,274
42,153,2,1679,770,727,43,762,8,501,261
42,154,2,1439,868,800,68,862,6,609,253
42,155,2,1496,786,738,48,782,3,407,375
42,156,2,1405,775,731,44,765,8,411,354
42,157,2,1550,1027,601,426,1013,14,576,437
42,158,2,1437,1120,861,259,1110,10,801,309
42,159,2,1502,803,706,97,791,12,540,251
42,160,2,1143,637,582,55,634,3,458,176
42,161,2,0,520,0,520,508,12,371,137
42,162,2,1255,1267,1216,51,1233,34,746,487
42,163,2,0,333,0,333,325,8,141,184
42,164,2,0,394,0,394,380,14,231,149
42,165,2,0,312,0,312,301,11,201,100
42,166,2,0,645,0,645,618,27,290,328
42,167,2,0,374,0,374,366,8,150,216
42,168,2,369,312,276,36,310,2,140,170
42,169,2,0,1005,0,1005,975,30,508,467
42,170,2,210,209,199,10,208,1,113,95
42,171,2,1144,549,444,105,546,3,102,444
