NCE,NUME_CE,NSV,SVSPEC,ADRESA,NUME_L,SIRUTA,TIP_L,MEDIU_L,A_SVD,AIP_SVD,AIS_SVD,AP_SVD,APP_SV,APS1_SV,APS2_SV,TVE_SV,VN_SV,BVP_SV,BVN_SV,P1,P2
1,ALBA,1,0,Gradinita nr.3 Str. Marasesti nr.55   tel. 813479,MUNICIPIUL ALBA IULIA,1017,M,1,1148,1132,16,871,854,16,1,865,6,1500,629,274,591
1,ALBA,2,0,Scoala cu cls. I-VIII (nr.1) Vasile Goldis  Str. Calarasi (N. Filipescu) nr.2  Tel. 811737,MUNICIPIUL ALBA IULIA,1017,M,1,1167,1137,30,731,692,30,9,728,3,1205,474,222,506
1,ALBA,3,0,Scoala cu cls. I-VIII (nr.3)  Avram Iancu  Str. Moldovei nr.2 Tel. 811548,MUNICIPIUL ALBA IULIA,1017,M,1,1421,1405,16,899,852,16,31,894,5,1600,701,257,637
1,ALBA,4,0,Disco Albert  Columna  (Cinematograf Columna) str. Nicolae Titulescu(Zorilor) nr. 5,MUNICIPIUL ALBA IULIA,1017,M,1,973,965,8,988,965,8,15,985,3,1700,712,301,684
1,ALBA,5,0,Casa de Cultura a Studentilor Str. Ardealului nr.1  Tel.812692,MUNICIPIUL ALBA IULIA,1017,M,1,779,764,15,508,493,15,0,506,2,800,292,170,336
1,ALBA,6,0,Scoala cu cls. I-VIII (nr.3)  Avram Iancu  Str. Moldovei nr.2 tel. 811548,MUNICIPIUL ALBA IULIA,1017,M,1,870,862,8,547,538,8,1,542,5,900,353,124,418
1,ALBA,7,0,Colegiul Economic   Dionisie Pop Martian  Str. Octavian Goga  (B-dul Incoronarii tel. 811161,MUNICIPIUL ALBA IULIA,1017,M,1,1177,1141,36,748,710,36,2,745,3,1300,552,217,528
1,ALBA,8,0,Casa de cultura a Sindicatelor Str.Mihai Viteazul  Tel. 815842,MUNICIPIUL ALBA IULIA,1017,M,1,1312,1298,14,827,781,14,32,821,6,1400,573,342,479
1,ALBA,9,0,"Colegiul  National  Horea, Closca si Crisan  B-dul 1 Decembrie 1918 nr.11 Tel.835164 - 835165",MUNICIPIUL ALBA IULIA,1017,M,1,1641,1566,75,882,807,75,0,879,3,1700,818,268,611
1,ALBA,10,0,Casa de Cultura a Sindicatelor Str.Mihai Viteazul  Tel. 815842,MUNICIPIUL ALBA IULIA,1017,M,1,1183,1137,46,700,652,46,2,699,1,1200,500,203,496
1,ALBA,11,0,Scoala cu cls.I-VIII (nr.2 ) Liviu Rebreanu  B-dul 1 Decembrie 1918 nr.11A  Tel. 830271,MUNICIPIUL ALBA IULIA,1017,M,1,1342,1315,27,636,607,27,2,635,1,1500,864,161,474
1,ALBA,12,0,"Colegiul National  Horea, Closca si Crisan  B-dul 1 Decembrie 1918 nr.11 Tel. 835164 -835165",MUNICIPIUL ALBA IULIA,1017,M,1,1137,1126,11,456,445,11,0,454,2,1200,744,114,340
1,ALBA,13,0,Scoala cu cls. I-VIII (nr.2 )  Liviu Rebreanu   B-dul 1 Decembrie 1918 nr.11A  Tel.830271,MUNICIPIUL ALBA IULIA,1017,M,1,1192,1174,18,624,606,18,0,621,3,1300,676,138,483
1,ALBA,14,0,Gradinita nr.9 Str. Vasile Goldis nr.7  Tel.835031,MUNICIPIUL ALBA IULIA,1017,M,1,1525,1430,95,797,702,95,0,795,2,1600,803,185,610
1,ALBA,15,0,Camin studentesc al Universitatii 1 Decembrie 1918  Str. Vasile Goldis nr.9  tel. 830075,MUNICIPIUL ALBA IULIA,1017,M,1,1364,1347,17,677,656,17,4,673,4,1500,823,175,498
1,ALBA,16,0,Cinematograf Dacia B-dul Transilvaniei nr.25A  Tel. 821656,MUNICIPIUL ALBA IULIA,1017,M,1,1541,1508,33,837,801,33,3,832,5,1600,763,199,633
1,ALBA,17,0,Scoala cu cls.I-VIII (nr.6)  Ion Agarbiceanu  Str. Vasile Goldis nr.14  Tel. 821875,MUNICIPIUL ALBA IULIA,1017,M,1,1107,1086,21,657,636,21,0,654,3,1200,543,224,430
1,ALBA,18,0,Scoala cu cls.I-VIII (nr.6)  Ion Agarbiceanu  Str. Vasile Goldis nr.14 Tel.821875,MUNICIPIUL ALBA IULIA,1017,M,1,1041,1033,8,634,618,8,8,630,4,1100,466,221,409
1,ALBA,19,0,Gradinita nr.11 Str. Vasile Goldis nr.14B  Tel. 834395,MUNICIPIUL ALBA IULIA,1017,M,1,1500,1482,18,706,687,18,1,701,5,1600,894,196,505
1,ALBA,20,0,Gradinita nr.12 Str. Stefan cel Mare (Mesteacanului) nr.11  Tel. 821303,MUNICIPIUL ALBA IULIA,1017,M,1,1300,1282,18,698,680,18,0,693,5,1400,702,208,485
1,ALBA,21,0,Gradinita nr.12 Str. Stefan cel Mare (Mesteacanului) nr.11 Tel.  Tel. 821303,MUNICIPIUL ALBA IULIA,1017,M,1,1292,1284,8,775,765,8,2,773,2,1400,625,252,521
1,ALBA,22,0,Scoala cu cls.I-VIII (nr.7)  Mihai Eminescu  Str. Toporasilor (Petru Rares ) nr.18 Tel. 835093,MUNICIPIUL ALBA IULIA,1017,M,1,1424,1411,13,812,799,13,0,808,4,1500,688,192,616
1,ALBA,23,0,Scoala cu cls.I-VIII (nr. 7)  Mihai Eminescu  Str. Toporasilor (Petru Rares)  nr.18 tel. 835093,MUNICIPIUL ALBA IULIA,1017,M,1,1511,1472,39,831,791,39,1,828,3,1600,769,186,642
1,ALBA,24,0,Gradinita nr.13 Str.Energiei (Maresal Ion Antonescu) nr.1  Tel. 820057,MUNICIPIUL ALBA IULIA,1017,M,1,1239,1216,23,713,690,23,0,709,4,1300,587,190,519
1,ALBA,25,0,Gradinita nr.13 Str. Energiei(Maresal Ion Antonescu) nr.1   Tel. 820057,MUNICIPIUL ALBA IULIA,1017,M,1,1452,1429,23,812,789,23,0,806,6,1600,788,197,609
1,ALBA,26,0,Directia pentru agricultura si dezvoltare rurala Alba Calea Motilor nr.112  Tel. 835342,MUNICIPIUL ALBA IULIA,1017,M,1,1559,1539,20,826,806,20,0,824,2,1700,874,161,663
1,ALBA,27,0,Bazin Olimpic B-dul Republicii(Victoriei) nr.3 Tel. 835947,MUNICIPIUL ALBA IULIA,1017,M,1,1453,1433,20,823,802,20,1,821,2,1600,777,201,620
1,ALBA,28,0,Liceul Sportiv Str. Stefan cel Mare(Mesteacanului) nr.25  Tel. 835346,MUNICIPIUL ALBA IULIA,1017,M,1,1507,1494,13,664,649,13,2,663,1,1600,936,161,502
1,ALBA,29,0,Liceul Sportiv Str. Stefan cel Mare(Mesteacanului) nr.25  Tel. 835346,MUNICIPIUL ALBA IULIA,1017,M,1,1706,1691,15,995,980,15,0,994,1,1900,905,253,741
1,ALBA,30,0,Serviciul de ambulanta Str. Calea Motilor nr.83  tel. 826313,MUNICIPIUL ALBA IULIA,1017,M,1,1407,1389,18,921,902,18,1,921,0,1500,579,257,664
1,ALBA,31,0,Club Sportiv  Unirea  Str.Marcus Aurelius  Tel. 819086,MUNICIPIUL ALBA IULIA,1017,M,1,1776,1759,17,1050,1033,17,0,1048,2,1900,850,221,827
1,ALBA,32,0,S.C.Apa Canal B-dul Republicii (Victoriei)  nr.70 tel. 816403,MUNICIPIUL ALBA IULIA,1017,M,1,822,793,29,461,432,29,0,454,7,900,439,144,310
1,ALBA,33,0,AUTOSOF S.R.L.(in sediul FLIPS) Str. Gheorghe Sincai(Muncii) nr.2A,MUNICIPIUL ALBA IULIA,1017,M,1,1577,1547,30,840,808,30,2,832,8,1700,860,296,536
1,ALBA,34,0,Scoala de soferi (Fostul sediu S.C. Salprest S.A.)  B-dul Republicii nr.33,MUNICIPIUL ALBA IULIA,1017,M,1,1566,1553,13,657,644,13,0,656,1,1700,1043,144,512
1,ALBA,35,0,Colegiul tehnic Dorin Pavel  (Scoala Generala nr.9)  str.Tudor Vladimirescu  (B-dul Regele Carol I) nr.39  tel. 816416,MUNICIPIUL ALBA IULIA,1017,M,1,1125,1113,12,683,666,12,5,678,5,1200,517,204,474
1,ALBA,36,0,Colegiul tehnic Dorin Pavel  str.Tudor Vladimirescu  (B-dul Regele Carol I) nr.39  tel. 816938,MUNICIPIUL ALBA IULIA,1017,M,1,868,855,13,417,404,13,0,415,2,902,485,77,338
1,ALBA,37,0,Gradinita nr.16 str.Tudor Vladimirescu (B-dul Regele Carol I) nr.143  tel. 815596,MUNICIPIUL ALBA IULIA,1017,M,1,1214,1199,15,729,714,15,0,723,6,1600,871,127,596
1,ALBA,38,0,Colegiul tehnic Alexandru Domsa  str.Tudor Vladimirescu (B-dul Regele Carol I) nr.143  Tel. 816065,MUNICIPIUL ALBA IULIA,1017,M,1,921,900,21,477,456,21,0,476,1,900,423,119,357
1,ALBA,39,0,Colegiul tehnic Alexandru Domsa  str.Tudor Vladimirescu(B-dul Regele Carol I)  nr.143  Tel. 816065,MUNICIPIUL ALBA IULIA,1017,M,1,1444,1433,11,647,636,11,0,642,5,1600,953,111,531
1,ALBA,40,0,Colegiul tehnic Alexandru Domsa   str.Tudor Vladimirescu(B-dul Regele Carol I) nr.143  Tel. 816065,MUNICIPIUL ALBA IULIA,1017,M,1,1604,1593,11,810,789,11,10,809,1,1700,890,187,622
1,ALBA,41,0,Scoala cu cls.I-VIII Barabant Str. Cabanei nr.7  Tel. 812004,MUNICIPIUL ALBA IULIA,1017,M,1,1776,1763,13,1096,993,13,90,1086,10,2000,904,373,713
1,ALBA,42,0,Scoala cu cls.I-VIII Micesti Str. Scarisoarei nr.17  Tel. 826076,MUNICIPIUL ALBA IULIA,1017,M,1,1426,1408,18,843,822,18,3,839,4,1500,657,260,579
1,ALBA,43,0,Scoala cu cls. I-IV Paclisa Str. Carpenului nr.133  Tel. 835041,MUNICIPIUL ALBA IULIA,1017,M,1,697,685,12,364,352,12,0,359,5,800,436,80,279
1,ALBA,44,0,"Scoala cu cls. I-IV Partos,nr.4 Str. Liliacului nr.8  Tel. 810251",MUNICIPIUL ALBA IULIA,1017,M,1,709,700,9,447,438,9,0,445,2,800,353,112,333
1,ALBA,45,0,Scoala generala cu clasele I- IV Oarda de jos  Str.Biruintei nr. 5  tel.811610,MUNICIPIUL ALBA IULIA,1017,M,1,1046,1016,30,617,585,30,2,612,5,1100,483,169,443
1,ALBA,46,0,Scoala cu cls.I-IV Oarda de Sus Str. Victoriei nr.87  Tel.812843,MUNICIPIUL ALBA IULIA,1017,M,1,617,608,9,334,324,9,1,329,5,700,366,81,248
1,ALBA,47,1,Spitalul Judetean Alba B-dul Revolutiei 1989 nr.23  tel.820825,MUNICIPIUL ALBA IULIA,1017,M,1,10,0,10,249,0,10,239,245,4,1000,751,112,133
1,ALBA,48,1,Camin studentesc Universitatea 1  Decembrie 1918  Vasile Alecsandri,MUNICIPIUL ALBA IULIA,1017,M,1,9,0,9,184,0,9,175,183,1,1000,816,70,113
1,ALBA,49,1,Caminul pentru persoane varstnice str.Lalelelor,MUNICIPIUL ALBA IULIA,1017,M,1,9,0,9,85,0,9,76,80,5,100,15,21,59
1,ALBA,50,1,Statia CFR Alba Iulia,MUNICIPIUL ALBA IULIA,1017,M,1,12,0,12,991,0,12,979,983,8,1000,9,250,733
1,ALBA,51,1,"Colegiul Militar Liceal 'Mihai Viteazul', b-dul Victoriei nr.25 Alba Iulia",MUNICIPIUL ALBA IULIA,1017,M,1,9,0,9,200,0,9,191,196,4,200,0,59,137
1,ALBA,52,0,"Casa de cultura  Liviu Rebreanu   str. Transilvaniei,  nr. 31, Aiud",MUNICIPIUL AIUD,1213,M,1,2121,2075,46,1275,1073,46,156,1261,14,2200,925,523,738
1,ALBA,53,0,"Grup Scolar Agricol Aiud  Str. Tribun Tudoran, nr.5",MUNICIPIUL AIUD,1213,M,1,1646,1636,10,1002,894,10,98,994,8,1800,798,451,543
1,ALBA,54,0,"Cresa de copii Micro III  Aiud, str. Unirii, nr. 26",MUNICIPIUL AIUD,1213,M,1,1890,1880,10,991,968,10,13,986,5,2100,1109,460,526
1,ALBA,55,0,"Gradinita de copii Micro III  Aiud, str. Unirii nr. 24",MUNICIPIUL AIUD,1213,M,1,1745,1726,19,902,883,19,0,900,2,1900,998,397,503
1,ALBA,56,0,"Sc. Generala nr. 3  Axente Sever   Str. Unirii, nr. 22   Aiud",MUNICIPIUL AIUD,1213,M,1,1605,1595,10,726,714,10,2,718,8,1800,1074,280,438
1,ALBA,57,0,"Sc. Generala nr. 3  Axente Sever   Str.Unirii,Nr.22 Aiud",MUNICIPIUL AIUD,1213,M,1,1107,1098,9,549,538,9,2,544,5,1200,651,208,336
1,ALBA,58,0,"Colegiul  Titu Maiorescu   str.Ec.Varga, nr.8 Aiud",MUNICIPIUL AIUD,1213,M,1,1950,1933,17,1048,911,17,120,1034,14,2200,1152,454,580
1,ALBA,59,0,"Grup Scolar Metalurgic  Str. I.Creanga, nr. 24  Aiud",MUNICIPIUL AIUD,1213,M,1,2082,2065,17,1065,1048,17,0,1055,10,2300,1235,424,631
1,ALBA,60,0,"Gradinita nr. 1 Str. Simion Barnutiu, nr. 20  Aiud",MUNICIPIUL AIUD,1213,M,1,1914,1904,10,998,981,10,7,995,3,2100,1102,417,578
1,ALBA,61,0,"Sc. Generala nr. 1  Ovidiu Hulea  Str. Cuza Voda, Nr. 35 Aiud",MUNICIPIUL AIUD,1213,M,1,1883,1847,36,995,922,36,37,987,8,2000,1005,405,582
1,ALBA,62,0,"Sc. Generala nr. 2 Str. Gh. Lazar, nr. 17,  Aiud II",MUNICIPIUL AIUD,1213,M,1,1945,1932,13,947,928,13,6,932,15,2100,1153,428,504
1,ALBA,63,0,"Sc. Generala Magina Str. Pandurilor, nr.50",MUNICIPIUL AIUD,1213,M,1,477,467,10,245,235,10,0,244,1,500,255,118,126
1,ALBA,64,0,"Sc. Generala Gimbas Str. Baba Novac, nr. 9",MUNICIPIUL AIUD,1213,M,1,439,427,12,280,267,12,1,277,3,500,220,187,90
1,ALBA,65,0,"Sc. Generala Pagida Str. Dealului, nr. 12",MUNICIPIUL AIUD,1213,M,1,110,101,9,79,69,9,1,77,2,200,121,29,48
1,ALBA,66,0,"Sc. Generala Ciumbrud, Str. V. Lucaciu, nr. 18",MUNICIPIUL AIUD,1213,M,1,1073,1059,14,569,553,14,2,565,4,1200,631,282,283
1,ALBA,67,0,"Sc. Generala Sincrai Str. A. Muresanu, nr. 60",MUNICIPIUL AIUD,1213,M,1,609,598,11,357,346,11,0,350,7,700,343,205,145
1,ALBA,68,0,"Sc. Generala Girbova de Jos  Str. Gh. Asachi, nr. 24",MUNICIPIUL AIUD,1213,M,1,445,437,8,217,206,8,3,212,5,500,283,101,111
1,ALBA,69,0,"Sc.Generala Girbovita,nr. 66",MUNICIPIUL AIUD,1213,M,1,134,125,9,89,80,9,0,84,5,200,111,41,43
1,ALBA,70,0,"Sc. Generala Girbova de Sus  Str. Gruisoarei, nr. 2",MUNICIPIUL AIUD,1213,M,1,293,280,13,189,176,13,0,187,2,300,111,96,91
1,ALBA,71,0,Str. Garii (Piata Mica Agroalimentara),MUNICIPIUL BLAJ,1348,M,1,1507,1499,8,1073,840,8,225,1066,7,1700,627,433,633
1,ALBA,72,0,"Gradinita de copii cu program prelungit str. Eroilor, nr.3 - Blaj",MUNICIPIUL BLAJ,1348,M,1,1465,1455,10,751,741,10,0,745,6,1600,849,233,512
1,ALBA,73,0,"Scoala generala nr. 1, B-dul Republicii, nr. 48.",MUNICIPIUL BLAJ,1348,M,1,1415,1404,11,731,712,11,8,725,6,1600,869,243,482
1,ALBA,74,0,"Casa de cultura a municipiului Blaj, B-dul Republicii , nr.36-Blaj",MUNICIPIUL BLAJ,1348,M,1,999,993,6,571,565,6,0,570,1,1100,529,174,396
1,ALBA,75,0,"Grupul Scolar Agricol, Piata 1848, nr. 3",MUNICIPIUL BLAJ,1348,M,1,1220,1149,71,652,581,71,0,643,9,1300,648,214,429
1,ALBA,76,0,"Universitatea Spiru Haret Blaj str. T.Valdimirescu, nr. 80-Blaj (fostul sediu Agromec Blaj)",MUNICIPIUL BLAJ,1348,M,1,1229,1216,13,652,639,13,0,645,7,1300,648,167,478
1,ALBA,77,0,Grupul Scolar pentru industrializarea lemnului Blaj - str. Dr. V. Suciu nr. 29-Blaj,MUNICIPIUL BLAJ,1348,M,1,1620,1610,10,959,947,10,2,958,1,1800,841,287,671
1,ALBA,78,0,Colegiul National I.I.M. Clain Blaj - str. S.Barnutiu nr. 2-Blaj,MUNICIPIUL BLAJ,1348,M,1,1573,1564,9,964,842,9,113,961,3,1700,736,280,681
1,ALBA,79,0,Scoala generala nr. 4 Veza - str. Pacii nr.1-Blaj,MUNICIPIUL BLAJ,1348,M,1,1696,1686,10,896,886,10,0,887,9,1900,1004,296,591
1,ALBA,80,0,"Scoala generala nr. 2 Izvoarele, Str.Pacii nr.144-Blaj",MUNICIPIUL BLAJ,1348,M,1,1159,1145,14,683,669,14,0,677,6,1300,617,490,187
1,ALBA,81,0,"Gradinita de copii, Str. Pacii nr. 81",MUNICIPIUL BLAJ,1348,M,1,1162,1149,13,655,642,13,0,653,2,1300,645,156,497
1,ALBA,82,0,Scoala Generala Tiur,MUNICIPIUL BLAJ,1348,M,1,1413,1404,9,803,794,9,0,801,2,1600,797,210,591
1,ALBA,83,0,Scoala Generala Manarade,MUNICIPIUL BLAJ,1348,M,1,808,798,10,442,432,10,0,440,2,900,458,180,260
1,ALBA,84,0,Scoala generala Petrisat,MUNICIPIUL BLAJ,1348,M,1,500,493,7,287,280,7,0,285,2,600,313,101,184
1,ALBA,85,0,"SC ARGOS SA Sala de sedinte, Str.Viilor 28, Sebes",MUNICIPIUL SEBES,1874,M,1,981,970,11,596,584,11,1,595,1,1100,504,197,398
1,ALBA,86,0,Grup scolar industrial Str.Viilor nr.2,MUNICIPIUL SEBES,1874,M,1,1619,1604,15,984,952,15,17,968,16,1803,819,514,454
1,ALBA,87,0,"Scoala generala nr.3 B-dul Lucian Blaga nr.76, Sebes",MUNICIPIUL SEBES,1874,M,1,1915,1899,16,1057,1041,16,0,1051,6,2100,1043,281,770
1,ALBA,88,0,"Casa de cultura ""Lucian Blaga""   B-dul Lucian Blaga , Sebes",MUNICIPIUL SEBES,1874,M,1,953,941,12,600,566,12,22,595,5,1001,401,158,437
1,ALBA,89,0,"Casa Elevului B-dul Lucian Blaga nr.31, Sebes",MUNICIPIUL SEBES,1874,M,1,2069,2040,29,1162,1083,29,50,1160,2,2300,1138,348,812
1,ALBA,90,0,"Scoala Generala nr.2 Str.Piata Libertatii nr.1, Sebes",MUNICIPIUL SEBES,1874,M,1,1629,1610,19,903,874,19,10,896,7,1700,797,273,623
1,ALBA,91,0,"Grupul Scolar Industrial str.Dorin Pavel, Sebes",MUNICIPIUL SEBES,1874,M,1,1893,1870,23,1120,1078,23,19,1114,6,2100,980,344,770
1,ALBA,92,0,"SC CISEROM S.A. Str.Dorin Pavel nr.76, Sebes",MUNICIPIUL SEBES,1874,M,1,1448,1442,6,928,866,6,56,923,5,1600,672,291,632
1,ALBA,93,0,"Scoala Generala nr.1 Str.Stefan cel Mare nr.1, Sebes",MUNICIPIUL SEBES,1874,M,1,1652,1643,9,924,915,9,0,918,6,1800,876,261,657
1,ALBA,94,0,Gradinita nr.8 cartier Mihail Kogalniceanu  Sebes,MUNICIPIUL SEBES,1874,M,1,1660,1650,10,826,816,10,0,822,4,1802,976,217,605
1,ALBA,95,0,Scoala generala nr.4 cartier Mihail Kogalniceanu  Sebes,MUNICIPIUL SEBES,1874,M,1,1647,1628,19,798,779,19,0,790,8,1800,1002,233,557
1,ALBA,96,0,Scoala generala nr.4 cartier Mihail Kogalniceanu  Sebes,MUNICIPIUL SEBES,1874,M,1,1598,1581,17,795,777,17,1,788,7,1701,906,237,551
1,ALBA,97,0,Scoala generala Lancram,MUNICIPIUL SEBES,1874,M,1,1239,1229,10,773,763,10,0,769,4,1400,627,208,561
1,ALBA,98,0,Scoala generala Petresti,MUNICIPIUL SEBES,1874,M,1,1793,1779,14,856,830,14,12,847,9,1600,744,228,619
1,ALBA,99,0,Scoala generala Petresti,MUNICIPIUL SEBES,1874,M,1,1753,1673,80,986,899,80,7,972,14,1800,814,340,632
1,ALBA,100,0,"Scoala Generala Rahau,",MUNICIPIUL SEBES,1874,M,1,780,770,10,388,378,10,0,388,0,901,513,138,250
1,ALBA,101,1,"Autogara Sebes, Str. Vanatori, nr.24",MUNICIPIUL SEBES,1874,M,1,17,0,17,471,0,17,454,469,2,602,131,124,345
1,ALBA,102,1,"UM 01760 Sebes, Str. Calarasi, nr. 76",MUNICIPIUL SEBES,1874,M,1,8,0,8,127,0,8,119,125,2,300,173,35,90
1,ALBA,103,0,"Scoala generala , Sala mica de sport, Str. Piata eroilor nr.17",ORAS ABRUD,1151,O,1,1244,1238,6,754,646,6,102,748,6,1400,646,333,415
1,ALBA,104,0,"Scoala de aplicatie, str. Detunata nr.2",ORAS ABRUD,1151,O,1,1189,1179,10,689,674,10,5,683,6,1300,611,307,376
1,ALBA,105,0,Gradinita cu program prelungit str.Republicii,ORAS ABRUD,1151,O,1,1298,1294,4,718,661,4,53,718,0,1400,682,295,423
1,ALBA,106,0,Grupul scolar HCC Abrud str.Republicii nr.16,ORAS ABRUD,1151,O,1,1139,1135,4,562,551,4,7,556,6,1200,638,217,339
1,ALBA,107,0,"Clubul ""Minerul"" Baia de Aries, Sala Mare",ORAS BAIA DE ARIES,2915,O,1,994,982,12,435,401,12,22,432,3,1100,665,186,246
1,ALBA,108,0,"Clubul ""Minerul"" Baia de Aries Sala mica",ORAS BAIA DE ARIES,2915,O,1,721,713,8,352,344,8,0,347,5,800,448,141,206
1,ALBA,109,0,Primaria Baia de Aries,ORAS BAIA DE ARIES,2915,O,1,975,966,9,469,407,9,53,465,4,1100,631,149,316
1,ALBA,110,0,Scoala primara Brazesti,ORAS BAIA DE ARIES,2915,O,1,238,231,7,138,131,7,0,137,1,300,162,48,89
1,ALBA,111,0,Scoala primara Cioara de Sus,ORAS BAIA DE ARIES,2915,O,1,233,224,9,113,104,9,0,112,1,300,187,48,64
1,ALBA,112,0,Scoala primara Muncel,ORAS BAIA DE ARIES,2915,O,1,358,349,9,178,169,9,0,173,5,400,222,60,113
1,ALBA,113,0,Caminul cultural Sartas,ORAS BAIA DE ARIES,2915,O,1,356,351,5,189,184,5,0,188,1,400,211,74,114
1,ALBA,114,0,Consiliul local Cimpeni str. Piata Avram Iancu 5,ORAS CAMPENI,1455,O,1,1264,1241,23,614,590,23,1,608,6,1100,486,283,325
1,ALBA,115,0,Scoala generala Cimpeni str. Motilor 29,ORAS CAMPENI,1455,O,1,1162,1148,14,608,574,14,20,604,4,1300,692,236,368
1,ALBA,116,0,Colegiul national Avram Iancu Oituz nr. 6,ORAS CAMPENI,1455,O,1,1640,1622,18,958,840,18,100,950,8,1800,842,349,601
1,ALBA,117,0,Ocolul silvic Cimpeni str.Horea nr.4,ORAS CAMPENI,1455,O,1,905,895,10,481,471,10,0,479,2,1000,519,195,284
1,ALBA,118,0,"Scoala generala Virsi, str. Garii nr. 42",ORAS CAMPENI,1455,O,1,671,660,11,282,271,11,0,279,3,700,418,100,179
1,ALBA,119,0,Scoala generala Valea Bistrii,ORAS CAMPENI,1455,O,1,426,417,9,197,188,9,0,196,1,500,303,92,104
1,ALBA,120,0,Scoala generala Certege,ORAS CAMPENI,1455,O,1,512,500,12,190,178,12,0,189,1,600,410,77,112
1,ALBA,121,0,Scoala generala Mihoiesti,ORAS CAMPENI,1455,O,1,294,284,10,160,150,10,0,159,1,300,140,84,75
1,ALBA,122,1,Autogara Cimpeni str.Calea Turzii,ORAS CAMPENI,1455,O,1,10,0,10,250,0,10,240,249,1,300,50,73,176
1,ALBA,123,0,"Scoala generala nr.3, sala de sport, str.Doinei nr.3",ORAS CUGIR,1696,O,1,1937,1930,7,865,855,7,3,860,5,2100,1235,372,488
1,ALBA,124,0,"Scoala generala nr.3, local vechi, str.Doinei nr.3",ORAS CUGIR,1696,O,1,1850,1837,13,926,902,13,11,918,8,2102,1176,434,484
1,ALBA,125,0,"Scoala generala nr.3 local nou, str.Aleea Constructorului nr.1",ORAS CUGIR,1696,O,1,1715,1707,8,852,842,8,2,850,2,1902,1050,338,512
1,ALBA,126,0,"Colegiul ""David Prodan"" Cugir str.Victoriei nr.15",ORAS CUGIR,1696,O,1,1735,1717,18,950,776,18,156,945,5,1902,952,387,558
1,ALBA,127,0,"Clubul Copiilor Cugir,str.Victoriei,nr.15",ORAS CUGIR,1696,O,1,1411,1381,30,735,705,30,0,731,4,1502,767,356,375
1,ALBA,128,0,"Scoala generala nr.4 Cugir, Str.Al.Sahia nr.16",ORAS CUGIR,1696,O,1,1697,1686,11,843,831,11,1,837,6,1800,957,360,477
1,ALBA,129,0,"Colegiul 'I.D. Lazarescu'  Cugir, str.Victoriei nr.9",ORAS CUGIR,1696,O,1,1502,1494,8,755,743,8,4,751,4,1602,847,349,402
1,ALBA,130,0,"Cantina SC ""CUGIR"" S.A. Str. Tineretului nr.4",ORAS CUGIR,1696,O,1,1313,1301,12,724,704,12,8,721,3,1402,678,312,409
1,ALBA,131,0,"Scoala generala nr.2 local vechi, str.Nicolae Balcescu nr.6",ORAS CUGIR,1696,O,1,1212,1204,8,712,637,8,67,707,5,1304,592,341,366
1,ALBA,132,0,"Scoala generala nr.2 local nou, str.Gh Asachi nr.15 A",ORAS CUGIR,1696,O,1,1704,1676,28,833,805,28,0,818,15,1802,969,430,388
1,ALBA,133,0,"Clubul Sindicatului Liber al SC ""CUGIR"" SA, Str. I.L. Caragiale  nr.3",ORAS CUGIR,1696,O,1,1555,1548,7,781,765,7,9,775,6,1702,921,375,400
1,ALBA,134,0,"Sediul SC DISTRIGAZ NORD SA Filiala Cugir, Str. I.B. Deleanu nr. 1 A",ORAS CUGIR,1696,O,1,1132,1117,15,592,576,15,1,583,9,1202,610,236,347
1,ALBA,135,0,Scoala generala nr.1 local vechi str.21 Decembrie 1989 nr.27,ORAS CUGIR,1696,O,1,1194,1176,18,686,668,18,0,683,3,1302,616,269,414
1,ALBA,136,0,"Scoala generala nr.1 local nou, Str.21 Decembrie 1989 nr.157",ORAS CUGIR,1696,O,1,1265,1252,13,611,592,13,6,610,1,1302,691,265,345
1,ALBA,137,0,Gradinita nr.1 Cugir Str.Riul Mic nr.105,ORAS CUGIR,1696,O,1,1193,1181,12,607,592,12,3,602,5,1302,695,321,281
1,ALBA,138,0,Scoala generala Vinerea str.Principala nr.178,ORAS CUGIR,1696,O,1,1086,1072,14,588,545,14,29,580,8,1302,714,214,366
1,ALBA,139,0,"Caminul Cultural Vinerea, str.Culturii nr.1",ORAS CUGIR,1696,O,1,943,926,17,545,528,17,0,542,3,1102,557,244,298
1,ALBA,140,0,Scoala generala Bucuru,ORAS CUGIR,1696,O,1,149,139,10,55,45,10,0,54,1,202,147,10,44
1,ALBA,141,0,Scoala generala Mugesti,ORAS CUGIR,1696,O,1,167,159,8,45,37,8,0,44,1,200,155,12,32
1,ALBA,142,0,"Spatiul comercial liber Cartierul 'Blocurile'  Uioara de Sus, str.Aleea Independentei nr. 1",ORAS OCNA MURES,1794,O,1,1903,1885,18,941,923,18,0,930,11,2100,1159,368,562
1,ALBA,143,0,"Scoala generala ""Lucian Blaga"" Str.Brazilor, nr.2",ORAS OCNA MURES,1794,O,1,1879,1860,19,1127,1078,19,30,1119,8,2300,1173,339,780
1,ALBA,144,0,"Clubul ""SALINA"" Str.Horea nr.1",ORAS OCNA MURES,1794,O,1,710,695,15,383,366,15,2,377,6,800,417,122,255
1,ALBA,145,0,"Clubul Vinatorilor, Str. 9 Mai  nr. 7",ORAS OCNA MURES,1794,O,1,1200,1187,13,638,621,13,4,630,8,1300,662,256,374
1,ALBA,146,0,"Liceul ""Petru Maior"" str.Vadului nr.1",ORAS OCNA MURES,1794,O,1,1198,1178,20,586,565,20,1,581,5,1300,714,230,351
1,ALBA,147,0,"Clubul ""SODA"" Str.M,Eminescu nr.2",ORAS OCNA MURES,1794,O,1,1683,1648,35,896,792,35,69,894,2,1800,904,287,607
1,ALBA,148,0,Caminul cultural  al localitatii componente Uioara de Sus Str.Lunga nr.79,ORAS OCNA MURES,1794,O,1,1096,1082,14,562,548,14,0,557,5,1200,638,263,294
1,ALBA,149,0,"Caminul cultural al localitatii componente Uioara de Jos, str.Piata Izvor nr.1",ORAS OCNA MURES,1794,O,1,1064,1050,14,584,570,14,0,576,8,1200,616,182,394
1,ALBA,150,0,"Scoala generala de 8 ani, nr.81 - satul apartinator Cisteiul de Mures",ORAS OCNA MURES,1794,O,1,533,524,9,274,265,9,0,270,4,600,326,111,159
1,ALBA,151,0,"Gradinita de copii, nr.122 - satul apartinator Micoslaca",ORAS OCNA MURES,1794,O,1,256,242,14,165,151,14,0,163,2,300,135,86,77
1,ALBA,152,0,Caminul cultural nr.142 - satul apartinator Razboieni-Cetate,ORAS OCNA MURES,1794,O,1,1200,1182,18,657,628,18,11,652,5,1300,643,272,380
1,ALBA,153,0,Casa de cultura Teius,ORAS TEIUS,8096,O,1,1605,1596,9,909,888,9,12,897,12,1800,891,347,550
1,ALBA,154,0,Scoala generala Teius,ORAS TEIUS,8096,O,1,1185,1167,18,650,621,18,11,641,9,1300,650,280,361
1,ALBA,155,0,Liceul Teoretic Teius,ORAS TEIUS,8096,O,1,1600,1588,12,961,938,12,11,954,7,1800,839,343,611
1,ALBA,156,0,Gara CFR Teius,ORAS TEIUS,8096,O,1,1044,1025,19,937,538,19,380,928,9,1600,663,334,594
1,ALBA,157,0,Scoala Generala sat Beldiu,ORAS TEIUS,8096,O,1,209,206,3,148,135,3,10,146,2,300,152,81,65
1,ALBA,158,0,Scoala Generala sat Capud,ORAS TEIUS,8096,O,1,265,259,6,145,139,6,0,144,1,300,155,89,55
1,ALBA,159,0,Scoala sat Petelca,ORAS TEIUS,8096,O,1,196,187,9,116,107,9,0,114,2,200,84,66,48
1,ALBA,160,0,Scoala generala Zlatna Str.Piata Unirii nr.4 tel.856509,ORAS ZLATNA,1936,O,1,1246,1240,6,788,719,6,63,781,7,1401,613,299,482
1,ALBA,161,0,"Grup Scolar Industrial Minier ""Avram Iancu"" Str.Tudor Vladimirescu nr.14 tel.856521",ORAS ZLATNA,1936,O,1,1293,1273,20,672,650,20,2,667,5,1400,728,251,416
1,ALBA,162,0,Casa de cultura 'Avram Iancu' Zlatna Str.Valea Morilor nr.5 tel.856181,ORAS ZLATNA,1936,O,1,937,927,10,546,529,10,7,543,3,1000,454,216,327
1,ALBA,163,0,Scoala generala sat Fenes,ORAS ZLATNA,1936,O,1,840,830,10,459,449,10,0,454,5,900,441,151,303
1,ALBA,164,0,Camin Cultural sat  Izvoru Ampoiului,ORAS ZLATNA,1936,O,1,513,503,10,276,264,10,2,273,3,600,324,92,181
1,ALBA,165,0,Camin cultural sat Patringeni,ORAS ZLATNA,1936,O,1,516,509,7,284,273,7,4,280,4,600,316,151,129
1,ALBA,166,0,Scoala generala sat Trimpoiele,ORAS ZLATNA,1936,O,1,448,441,7,220,213,7,0,217,3,500,280,73,144
1,ALBA,167,0,Camin cultural sat Valea Mica,ORAS ZLATNA,1936,O,1,381,372,9,247,234,9,4,245,2,400,153,72,173
1,ALBA,168,0,Scoala generala sat Viltori,ORAS ZLATNA,1936,O,1,240,231,9,132,123,9,0,131,1,300,168,52,79
1,ALBA,169,0,Scoala generala sat Pirita,ORAS ZLATNA,1936,O,1,341,328,13,183,170,13,0,178,5,400,217,98,80
1,ALBA,170,0,Scoala generala sat Galati,ORAS ZLATNA,1936,O,1,330,319,11,146,135,11,0,143,3,400,254,38,105
1,ALBA,171,0,Scoala generala Albac,ALBAC,2130,C,3,1128,1114,14,581,567,14,0,577,4,1200,619,285,292
1,ALBA,172,0,Scoala generala Cionesti,ALBAC,2130,C,3,584,564,20,292,272,20,0,288,4,600,308,108,180
1,ALBA,173,0,Scoala generala Costesti,ALBAC,2130,C,3,151,143,8,68,60,8,0,68,0,200,132,37,31
1,ALBA,174,0,Primaria Almasu Mare,ALMASU MARE,2309,C,3,456,438,18,204,185,18,1,204,0,500,296,83,121
1,ALBA,175,0,Scoala primara Suseni,ALMASU MARE,2309,C,3,307,257,50,186,127,50,9,184,2,300,114,102,82
1,ALBA,176,0,Scoala primara Almasu de Mijloc,ALMASU MARE,2309,C,3,175,167,8,95,87,8,0,93,2,200,105,44,49
1,ALBA,177,0,Scoala primara Cib,ALMASU MARE,2309,C,3,296,290,6,162,156,6,0,161,1,300,138,85,76
1,ALBA,178,0,Scoala primara sat Glod,ALMASU MARE,2309,C,3,180,173,7,112,101,7,4,109,3,200,88,62,47
1,ALBA,179,0,"Primaria Arieseni, str. Centru nr.19",ARIESENI,2381,C,3,1214,1211,3,618,615,3,0,605,13,1300,682,361,244
1,ALBA,180,0,Scoala primara sat Casa de Piatra nr.100,ARIESENI,2381,C,3,96,92,4,72,68,4,0,72,0,100,28,23,49
1,ALBA,181,0,Scoala primara sat Cobles nr.576A,ARIESENI,2381,C,3,223,213,10,146,136,10,0,146,0,300,154,75,71
1,ALBA,182,0,Scoala generala Avram Iancu,AVRAM IANCU,2577,C,3,827,823,4,476,449,4,23,473,3,900,424,148,325
1,ALBA,183,0,Scoala generala sat Tirsa,AVRAM IANCU,2577,C,3,715,708,7,441,408,7,26,437,4,800,359,218,219
1,ALBA,184,0,Camin cultural Berghin,BERGHIN,2988,C,3,617,603,14,305,291,14,0,303,2,700,395,139,164
1,ALBA,185,0,Scoala generala Ghirbom,BERGHIN,2988,C,3,548,542,6,293,287,6,0,288,5,600,307,168,120
1,ALBA,186,0,Scoala generala Henig,BERGHIN,2988,C,3,311,303,8,150,142,8,0,147,3,400,250,66,81
1,ALBA,187,0,Scoala generala Straja,BERGHIN,2988,C,3,318,311,7,177,170,7,0,175,2,400,223,76,99
1,ALBA,188,0,"Scoala generala Nicodim Ganea, Cladirea nr. 1 Bistra",BISTRA,3039,C,3,1795,1779,16,736,720,16,0,729,7,2000,1264,323,406
1,ALBA,189,0,"Scoala generala Nicodim Ganea, Cladirea nr. 2 Bistra",BISTRA,3039,C,3,1035,955,80,426,346,80,0,425,1,1100,674,163,262
1,ALBA,190,0,Scoala generala Girde,BISTRA,3039,C,3,736,691,45,326,281,45,0,326,0,700,374,152,174
1,ALBA,191,0,Scoala generala Ciuldesti,BISTRA,3039,C,3,672,631,41,293,252,41,0,289,4,700,407,132,157
1,ALBA,192,0,Primaria comunei Blandiana nr.15,BLANDIANA,3397,C,3,527,522,5,296,277,5,14,291,5,600,304,127,164
1,ALBA,193,0,Scoala sat Acmariu nr.173,BLANDIANA,3397,C,3,387,382,5,230,223,5,2,228,2,400,170,139,89
1,ALBA,194,0,Scoala sat Racatau nr.15,BLANDIANA,3397,C,3,61,51,10,31,21,10,0,31,0,100,69,17,14
1,ALBA,195,0,"Primaria Bucium, tel.784112",BUCIUM,3459,C,3,457,454,3,190,184,3,3,189,1,500,310,122,67
1,ALBA,196,0,"Scoala generala Bucium-Sat, tel. 780004",BUCIUM,3459,C,3,461,455,6,197,191,6,0,195,2,500,303,98,97
1,ALBA,197,0,Camin cultural Bucium-Cerbu,BUCIUM,3459,C,3,286,278,8,150,141,8,1,150,0,300,150,78,72
1,ALBA,198,0,Camin cultural Bucium-Poieni,BUCIUM,3459,C,3,338,332,6,153,144,6,3,153,0,400,247,100,53
1,ALBA,199,0,Primaria Cenade,CENADE,3761,C,3,782,771,11,406,393,11,2,396,10,900,494,190,206
1,ALBA,200,0,Scoala generala Cergau Mare,CERGAU,3805,C,3,792,787,5,437,431,5,1,435,2,900,463,216,219
1,ALBA,201,0,Scoala generala Cergau Mic,CERGAU,3805,C,3,303,294,9,165,156,9,0,162,3,300,135,103,59
1,ALBA,202,0,Scoala generala Lupu,CERGAU,3805,C,3,262,252,10,146,136,10,0,142,4,300,154,83,59
1,ALBA,203,0,Caminul cultural Ceru Bacainti,CERU-BACAINTI,3841,C,3,305,300,5,193,165,5,23,190,3,400,207,117,73
1,ALBA,204,0,Camin cultural Cetatea de Balta,CETATEA DE BALTA,3958,C,3,1576,1570,6,822,794,6,22,812,10,1700,878,462,350
1,ALBA,205,0,Scoala generala Craciunelu de Sus,CETATEA DE BALTA,3958,C,3,188,175,13,112,99,13,0,112,0,200,88,45,67
1,ALBA,206,0,Scoala generala Sintamarie,CETATEA DE BALTA,3958,C,3,240,233,7,159,152,7,0,157,2,300,141,79,78
1,ALBA,207,0,Scoala generala sat Tatirlaua,CETATEA DE BALTA,3958,C,3,585,576,9,308,299,9,0,306,2,600,292,218,88
1,ALBA,208,0,"Primaria comunei Ciugud, str.Principala, nr. 157",CIUGUD,1071,C,3,408,402,6,267,258,6,3,264,3,503,236,114,150
1,ALBA,209,0,"Scoala generala cu cls.I-IV, Limba, str.Principala, nr. 46",CIUGUD,1071,C,3,274,262,12,204,192,12,0,202,2,300,96,104,98
1,ALBA,210,0,"Caminul cultural seusa, str. Pod,nr. 6",CIUGUD,1071,C,3,531,525,6,346,338,6,2,342,4,600,254,107,235
1,ALBA,211,0,"Scoala generala cu cls.I-IV Drimbar, str.Principala,nr. 155",CIUGUD,1071,C,3,292,284,8,203,195,8,0,202,1,305,102,85,117
1,ALBA,212,0,"Scoala generala cu cls.I-IV Teleac, str.Principala, nr. 7",CIUGUD,1071,C,3,308,298,10,209,199,10,0,206,3,400,191,94,112
1,ALBA,213,0,"Scoala generala Hapria, str.Principala, nr. 201",CIUGUD,1071,C,3,404,393,11,285,274,11,0,282,3,500,215,108,174
1,ALBA,214,0,Primaria  comunei Ciuruleasa,CIURULEASA,4008,C,3,1101,1098,3,440,437,3,0,434,6,1200,760,216,218
1,ALBA,215,0,"Primaria comunei Cilnic, 747101;747050",CALNIC,4106,C,3,978,964,14,484,469,14,1,479,5,1100,616,309,170
1,ALBA,216,0,"Scoala primara Deal, 747297",CALNIC,4106,C,3,343,331,12,176,160,12,4,172,4,400,224,53,119
1,ALBA,217,0,Primaria comunei Craciunelu de Jos,CRACIUNELU DE JOS,4188,C,3,1704,1687,17,940,918,17,5,932,8,1900,960,445,487
1,ALBA,218,0,"Fostul local al primariei Bucerdea-Grinoasa, nr.6",CRACIUNELU DE JOS,4188,C,3,1834,1820,14,958,944,14,0,950,8,2000,1042,390,560
1,ALBA,219,0,Camin cultural Cricau nr.318,CRICAU,4142,C,3,1030,1011,19,563,538,19,6,559,4,1100,537,240,319
1,ALBA,220,0,"Scoala primara Craiva, nr.76",CRICAU,4142,C,3,319,305,14,199,185,14,0,197,2,400,201,65,132
1,ALBA,221,0,"Scoala generala Tibru, nr.98",CRICAU,4142,C,3,344,334,10,207,197,10,0,204,3,400,193,70,134
1,ALBA,222,0,"Scoala generala Cut, tel.745256",CUT,9019,C,3,1048,1004,44,654,610,44,0,647,7,1100,446,174,473
1,ALBA,223,0,Primaria comunei Daia Romana,DAIA ROMANA,4240,C,3,2484,2474,10,1096,1086,10,0,1082,14,2700,1604,439,643
1,ALBA,224,0,Caminul mic Dostat,DOSTAT,4268,C,3,497,492,5,312,307,5,0,309,3,600,288,135,174
1,ALBA,225,0,Scoala generala Boz,DOSTAT,4268,C,3,321,310,11,194,182,11,1,193,1,400,206,140,53
1,ALBA,226,0,Scoala generala Farau,FARAU,4302,C,3,513,505,8,288,278,8,2,281,7,600,312,101,180
1,ALBA,227,0,Scoala primara Heria,FARAU,4302,C,3,258,253,5,158,151,5,2,156,2,300,142,102,54
1,ALBA,228,0,Scoala primara Medves,FARAU,4302,C,3,189,180,9,98,89,9,0,96,2,200,102,54,42
1,ALBA,229,0,Scoala primara Sinbenedic,FARAU,4302,C,3,278,271,7,168,161,7,0,168,0,300,132,115,53
1,ALBA,230,0,Scoala primara silea,FARAU,4302,C,3,352,348,4,157,149,4,4,154,3,400,243,90,64
1,ALBA,231,0,Camin cultural Galda de Jos,GALDA DE JOS,4366,C,3,1373,1368,5,761,745,5,11,760,1,1500,739,290,470
1,ALBA,232,0,Scoala romana Oiejdea,GALDA DE JOS,4366,C,3,707,703,4,349,338,4,7,346,3,802,453,136,210
1,ALBA,233,0,Scoala generala Mesentea,GALDA DE JOS,4366,C,3,188,178,10,123,110,10,3,120,3,200,77,32,88
1,ALBA,234,0,Scoala generala Benic,GALDA DE JOS,4366,C,3,430,421,9,252,241,9,2,250,2,500,248,93,157
1,ALBA,235,0,Scoala generala Cetea,GALDA DE JOS,4366,C,3,456,446,10,217,207,10,0,216,1,500,283,103,113
1,ALBA,236,0,Scoala generala Galda de Sus,GALDA DE JOS,4366,C,3,432,422,10,202,187,10,5,196,6,500,298,74,122
1,ALBA,237,0,Scoala generala Poiana Galdei,GALDA DE JOS,4366,C,3,130,123,7,99,90,7,2,98,1,200,101,36,62
1,ALBA,238,0,Primaria comunei Girbova,GARBOVA,4482,C,3,1078,1067,11,621,585,11,25,609,12,1200,579,341,268
1,ALBA,239,0,Sediul fostului CAP sat Carpinis,GARBOVA,4482,C,3,269,258,11,156,145,11,0,155,1,300,144,105,50
1,ALBA,240,0,Sediul fostului CAP sat Reciu,GARBOVA,4482,C,3,239,228,11,150,139,11,0,149,1,300,150,73,76
1,ALBA,241,0,"Scoala generala nr.1 Girda de Sus,nr.50A",GARDA DE SUS,4525,C,3,969,951,18,447,429,18,0,439,8,1100,653,204,235
1,ALBA,242,0,Scoala generala nr.2 Ghetar nr.778,GARDA DE SUS,4525,C,3,476,452,24,222,198,24,0,221,1,500,278,154,67
1,ALBA,243,0,"Scoala generala Biharia,nr.777",GARDA DE SUS,4525,C,3,164,154,10,71,61,10,0,71,0,200,129,28,43
1,ALBA,244,0,"Camin cultural Hopirta,tel.875713",HOPARTA,4703,C,3,300,295,5,143,138,5,0,143,0,302,159,85,58
1,ALBA,245,0,Scoala primara spalnaca,HOPARTA,4703,C,3,227,224,3,103,100,3,0,103,0,302,199,37,66
1,ALBA,246,0,Camin cultural Turdas,HOPARTA,4703,C,3,235,229,6,129,123,6,0,127,2,302,173,80,47
1,ALBA,247,0,Caminul cultural Vama Seaca,HOPARTA,4703,C,3,175,170,5,84,79,5,0,83,1,202,118,44,39
1,ALBA,248,0,Camin cultural Silivas,HOPARTA,4703,C,3,177,170,7,113,106,7,0,110,3,202,89,88,22
1,ALBA,249,0,Scoala cu clasele I-VIII Horea (sal de sport),HOREA,4767,C,3,749,733,16,359,343,16,0,355,4,800,441,142,213
1,ALBA,250,0,Camin cultural Matisesti,HOREA,4767,C,3,365,345,20,200,180,20,0,199,1,400,200,93,106
1,ALBA,251,0,Scoala cu clasele I-IV sat Dirlesti,HOREA,4767,C,3,385,359,26,228,202,26,0,228,0,400,172,91,137
1,ALBA,252,0,Scoala cu clasele I-IV sat Patrusesti,HOREA,4767,C,3,143,128,15,104,89,15,0,104,0,200,96,31,73
1,ALBA,253,0,Scoala cu cls.I-IV Giurgiut,HOREA,4767,C,3,145,133,12,94,82,12,0,94,0,200,106,36,58
1,ALBA,254,0,Scoala cu cls.I-IV Preluca,HOREA,4767,C,3,81,67,14,62,48,14,0,61,1,100,38,20,41
1,ALBA,255,0,"Primaria comunei Ighiu, 844103",IGHIU,4927,C,3,1031,1012,19,555,535,19,1,550,5,1100,545,251,299
1,ALBA,256,0,Scoala generala Bucerdea Vinoasa,IGHIU,4927,C,3,816,803,13,459,446,13,0,457,2,900,441,170,287
1,ALBA,257,0,"Scoala generala Ighiel, 844950",IGHIU,4927,C,3,828,818,10,421,411,10,0,417,4,900,479,168,249
1,ALBA,258,0,"Scoala generala sard, 843174",IGHIU,4927,C,3,1665,1645,20,894,872,20,2,886,8,1802,908,342,544
1,ALBA,259,0,"Scoala generala [elna, 843692",IGHIU,4927,C,3,929,914,15,446,431,15,0,438,8,1000,554,176,262
1,ALBA,260,0,Scoala generala intregalde,INTREGALDE,4981,C,3,314,311,3,135,129,3,3,133,2,400,265,54,79
1,ALBA,261,0,Scoala primara Necrilesti,INTREGALDE,4981,C,3,199,185,14,124,110,14,0,123,1,200,76,33,90
1,ALBA,262,0,Scoala primara Dealul Geoagiului,INTREGALDE,4981,C,3,151,141,10,52,42,10,0,52,0,200,148,14,38
1,ALBA,263,0,Scoala primara Ghioncani,INTREGALDE,4981,C,3,101,92,9,59,50,9,0,59,0,100,41,22,37
1,ALBA,264,0,Camin cultural Jidvei,JIDVEI,5103,C,3,971,964,7,482,474,7,1,477,5,1100,618,198,279
1,ALBA,265,0,Scoala generala Balcaciu,JIDVEI,5103,C,3,986,967,19,476,457,19,0,472,4,1100,624,256,216
1,ALBA,266,0,"Scoala generala Capilna de Jos,",JIDVEI,5103,C,3,679,669,10,403,393,10,0,399,4,700,297,162,237
1,ALBA,267,0,Camin cultural Feisa,JIDVEI,5103,C,3,755,744,11,439,428,11,0,432,7,800,361,193,239
1,ALBA,268,0,Camin cultural Veseus,JIDVEI,5103,C,3,781,772,9,441,432,9,0,434,7,900,459,322,112
1,ALBA,269,0,Camin cultural Livezile nr.59,LIVEZILE,5167,C,3,633,630,3,357,342,3,12,353,4,700,343,142,211
1,ALBA,270,0,Gradinita Izvoarele nr.26,LIVEZILE,5167,C,3,199,192,7,106,97,7,2,106,0,200,94,58,48
1,ALBA,271,0,Camin cultural Poiana Aiudului nr.141/A,LIVEZILE,5167,C,3,370,362,8,207,195,8,4,204,3,400,193,126,78
1,ALBA,272,0,Scoala primara Valisoara nr.41,LIVEZILE,5167,C,3,185,178,7,91,83,7,1,91,0,200,109,51,40
1,ALBA,273,0,Sala de cununii Primaria Lopadea Noua,LOPADEA NOUA,5210,C,3,883,869,14,383,369,14,0,373,10,1000,617,265,108
1,ALBA,274,0,Camin cultural sat Asinip,LOPADEA NOUA,5210,C,3,159,150,9,100,90,9,1,99,1,200,100,78,21
1,ALBA,275,0,Scoala generala Bagau,LOPADEA NOUA,5210,C,3,470,465,5,294,288,5,1,293,1,500,206,148,145
1,ALBA,276,0,Scoala generala Beta,LOPADEA NOUA,5210,C,3,461,451,10,200,189,10,1,199,1,502,302,139,60
1,ALBA,277,0,Dispensar Ciuguzel,LOPADEA NOUA,5210,C,3,603,592,11,383,372,11,0,383,0,700,317,268,115
1,ALBA,278,0,"Scoala generala Lunca Muresului, nr.242,878134",LUNCA MURESULUI,5309,C,3,1668,1664,4,831,822,4,5,822,9,1800,969,477,345
1,ALBA,279,0,"Scoala generala Gura Ariesului,nr.86",LUNCA MURESULUI,5309,C,3,444,438,6,255,247,6,2,251,4,500,245,144,107
1,ALBA,280,0,Camin cultural Lupsa,LUPSA,5336,C,3,994,984,10,513,503,10,0,507,6,1100,587,189,318
1,ALBA,281,0,"Localul fostei primarii Musca,tel.769434",LUPSA,5336,C,3,1083,1079,4,442,438,4,0,439,3,1200,758,184,255
1,ALBA,282,0,Scoala primara Valea Lupsii,LUPSA,5336,C,3,743,731,12,354,342,12,0,346,8,800,446,143,203
1,ALBA,283,0,"Locuinta Nicoara Elena sat Vinta,tel.769063",LUPSA,5336,C,3,135,127,8,49,41,8,0,49,0,202,153,28,21
1,ALBA,284,0,"Scoala generala Ampoita, nr. 127",METES,5577,C,3,601,566,35,352,307,35,10,352,0,600,248,123,229
1,ALBA,285,0,"Scoala generala Lunca Ampoitei, nr. 40",METES,5577,C,3,222,210,12,128,106,12,10,127,1,300,172,32,95
1,ALBA,286,0,"Scoala generala Metes, nr. 51",METES,5577,C,3,594,586,8,314,280,8,26,310,4,700,386,148,162
1,ALBA,287,0,"Scoala generala Poiana Ampoiului, nr. 122",METES,5577,C,3,275,264,11,156,144,11,1,155,1,300,144,66,89
1,ALBA,288,0,"Scoala generala Presaca Ampoiului, nr.32",METES,5577,C,3,357,351,6,236,220,6,10,232,4,400,164,83,149
1,ALBA,289,0,Scoala generala Tauti,METES,5577,C,3,578,574,4,342,320,4,18,335,7,600,258,134,201
1,ALBA,290,0,Scoala generala Mihalt,MIHALT,5700,C,3,1876,1868,8,935,927,8,0,932,3,2100,1165,313,619
1,ALBA,291,0,Scoala generala Cistei,MIHALT,5700,C,3,508,497,11,308,297,11,0,306,2,600,292,124,182
1,ALBA,292,0,Gradinita Obreja,MIHALT,5700,C,3,522,512,10,285,256,10,19,284,1,600,315,122,162
1,ALBA,293,0,Gradinita Miraslau,MIRASLAU,5755,C,3,753,738,15,436,421,15,0,434,2,800,364,269,165
1,ALBA,294,0,Scoala generala Decea,MIRASLAU,5755,C,3,621,612,9,364,353,9,2,363,1,700,336,197,166
1,ALBA,295,0,Scoala generala Lopadea Veche,MIRASLAU,5755,C,3,309,301,8,180,172,8,0,180,0,400,220,101,79
1,ALBA,296,0,Scoala generala Cicau,MIRASLAU,5755,C,3,177,172,5,97,92,5,0,94,3,200,103,44,50
1,ALBA,297,0,Scoala generala Ormenis,MIRASLAU,5755,C,3,94,90,4,58,54,4,0,57,1,100,42,38,19
1,ALBA,298,0,Primaria comunei Mogos,MOGOS,5826,C,3,638,633,5,289,271,5,13,283,6,700,411,154,129
1,ALBA,299,0,Camin cultural Valea Barnii,MOGOS,5826,C,3,244,235,9,97,83,9,5,97,0,302,205,43,54
1,ALBA,300,0,Scoala generala Butesti,MOGOS,5826,C,3,106,98,8,43,35,8,0,43,0,100,57,27,16
1,ALBA,301,0,"Primaria comunei Noslac, Sala de sedinte",NOSLAC,6048,C,3,1031,1021,10,539,527,10,2,529,10,1100,561,241,288
1,ALBA,302,0,Scoala generala Stina de Mures,NOSLAC,6048,C,3,412,403,9,218,209,9,0,218,0,500,282,110,108
1,ALBA,303,0,Scoala generala Gabud,NOSLAC,6048,C,3,236,226,10,130,120,10,0,127,3,302,172,64,63
1,ALBA,304,0,Internat scolar Ocolis,OCOLIS,6119,C,3,351,345,6,199,186,6,7,198,1,400,201,97,101
1,ALBA,305,0,Scoala primara Runc,OCOLIS,6119,C,3,147,136,11,80,68,11,1,78,2,202,122,41,37
1,ALBA,306,0,Tabara de odihna si creatie  Avram Iancu  Lunca Larga,OCOLIS,6119,C,3,91,81,10,61,51,10,0,60,1,100,39,48,12
1,ALBA,307,0,Scoala Vidolm,OCOLIS,6119,C,3,101,92,9,65,56,9,0,64,1,102,37,31,33
1,ALBA,308,0,"Primaria comunei Ohaba, str. Viilor nr. 188",OHABA,6164,C,3,493,493,0,345,277,0,68,341,4,500,155,186,155
1,ALBA,309,0,"Camera agricola Secasel, nr. 123",OHABA,6164,C,3,236,232,4,210,153,4,53,207,3,300,90,94,113
1,ALBA,310,0,"Scoala generala Colibi, nr.10",OHABA,6164,C,3,58,54,4,52,38,4,10,52,0,100,48,20,32
1,ALBA,311,0,"Caminul cultural Pianu de Sus, nr. 237",PIANU,6217,C,3,1315,1315,0,595,595,0,0,587,8,1500,905,230,357
1,ALBA,312,0,"Caminul cultural, Pianu de Jos, nr.284D",PIANU,6217,C,3,1039,1028,11,462,451,11,0,456,6,1100,638,217,239
1,ALBA,313,0,"Scoala generala Strungari, nr. 22",PIANU,6217,C,3,177,170,7,84,77,7,0,83,1,200,116,49,34
1,ALBA,314,0,"Scoala primara Purcareti, nr. 36",PIANU,6217,C,3,275,265,10,98,88,10,0,97,1,300,202,38,59
1,ALBA,315,0,"Scoala primara Plaiuri, nr. 11",PIANU,6217,C,3,61,52,9,24,15,9,0,24,0,100,76,9,15
1,ALBA,316,0,Camin cultural Poiana Vadului,POIANA VADULUI,6271,C,3,1034,1030,4,391,387,4,0,388,3,1104,713,149,239
1,ALBA,317,0,Primaria comunei Ponor,PONOR,6397,C,3,372,366,6,236,192,6,38,235,1,402,166,165,70
1,ALBA,318,0,Camin cultural Geogel,PONOR,6397,C,3,287,281,6,143,121,6,16,141,2,300,157,87,54
1,ALBA,319,0,Camin cultural Posaga de Jos,POSAGA,6468,C,3,422,416,6,206,200,6,0,204,2,500,294,74,130
1,ALBA,320,0,Scoala primara sat Lunca,POSAGA,6468,C,3,171,164,7,95,85,7,3,93,2,200,105,43,50
1,ALBA,321,0,"Scoala generala Posaga de Sus , tel.776517",POSAGA,6468,C,3,193,185,8,74,66,8,0,73,1,200,126,43,30
1,ALBA,322,0,Scoala primara sat Sagagea,POSAGA,6468,C,3,265,257,8,143,135,8,0,137,6,300,157,32,105
1,ALBA,323,0,Scoala primara sat Orasti,POSAGA,6468,C,3,132,122,10,68,58,10,0,64,4,202,134,18,46
1,ALBA,324,0,Scoala generala Radesti,RADESTI,6547,C,3,872,853,19,529,498,19,12,528,1,900,371,280,248
1,ALBA,325,0,Scoala generala Mescreac,RADESTI,6547,C,3,304,289,15,151,136,15,0,149,2,300,149,79,70
1,ALBA,326,0,Camin cultural Rimetea,RAMETEA,6592,C,3,502,496,6,223,214,6,3,218,5,600,377,152,66
1,ALBA,327,0,soala generala Coltesti,RAMETEA,6592,C,3,516,512,4,231,227,4,0,231,0,600,369,176,55
1,ALBA,328,0,Scoala generala Rimet,RAMET,6627,C,3,274,265,9,105,96,9,0,103,2,300,195,43,60
1,ALBA,329,0,Scoala primara Bradesti,RAMET,6627,C,3,151,142,9,65,56,9,0,64,1,200,135,35,29
1,ALBA,330,0,Scoala primara Valea Inzelului,RAMET,6627,C,3,120,115,5,59,54,5,0,58,1,200,141,24,34
1,ALBA,331,0,Scoala primara Valea Manastirii,RAMET,6627,C,3,169,167,2,123,115,2,6,116,7,200,77,82,34
1,ALBA,332,0,"Primaria  comunei Rosia Montana, nr. 184, sala de sedinte",ROSIA MONTANA,6761,C,3,1215,1207,8,523,514,8,1,514,9,1303,780,243,271
1,ALBA,333,0,Caminul cultural Carpinis,ROSIA MONTANA,6761,C,3,1198,1189,9,700,688,9,3,687,13,1305,605,336,351
1,ALBA,334,0,"Scoala primara Corna, nr.703",ROSIA MONTANA,6761,C,3,310,305,5,153,148,5,0,151,2,400,247,65,86
1,ALBA,335,0,Caminul cultural Virtop,ROSIA MONTANA,6761,C,3,198,191,7,97,90,7,0,96,1,200,103,51,45
1,ALBA,336,0,Caminul cultural Rosia de Secas,ROSIA DE SECAS,6930,C,3,630,624,6,365,357,6,2,360,5,700,335,208,152
1,ALBA,337,0,Cladirea administrativa sat Tau nr.357,ROSIA DE SECAS,6930,C,3,423,418,5,219,213,5,1,216,3,500,281,99,117
1,ALBA,338,0,Camin cultural Ungurei nr.217,ROSIA DE SECAS,6930,C,3,268,265,3,143,138,3,2,143,0,300,157,100,43
1,ALBA,339,0,Scoala primara Salciua de Jos,SALCIUA,6976,C,3,768,761,7,370,362,7,1,369,1,900,530,195,174
1,ALBA,340,0,Scoala primara Salciua de Sus,SALCIUA,6976,C,3,671,652,19,324,305,19,0,322,2,702,378,135,187
1,ALBA,341,0,"Camin cultural Salistea,str.Joseni 449",SALISTEA,7044,C,3,983,975,8,609,600,8,1,603,6,1100,491,246,357
1,ALBA,342,0,"Scoala generala sat Tartaria,str.Principala 34",SALISTEA,7044,C,3,607,603,4,390,385,4,1,388,2,700,310,202,186
1,ALBA,343,0,Scoala generala Salistea-Deal nr.80,SALISTEA,7044,C,3,210,200,10,150,140,10,0,149,1,300,150,116,33
1,ALBA,344,0,Scoala generala Margineni nr.14A,SALISTEA,7044,C,3,60,49,11,28,17,11,0,27,1,102,74,1,26
1,ALBA,345,0,"Scoala generala Sasciori,str.Principala nr.380",SASCIORI,7099,C,3,1231,1224,7,634,623,7,4,632,2,1400,766,250,382
1,ALBA,346,0,"Scoala generala Capilna,str.Principala nr.12",SASCIORI,7099,C,3,662,647,15,328,313,15,0,328,0,700,372,116,212
1,ALBA,347,0,"Scoala generala Laz, str.Bisericii nr.49",SASCIORI,7099,C,3,365,356,9,237,228,9,0,236,1,400,163,75,161
1,ALBA,348,0,"Sediul fostei Primarii Loman, str.Bisericii nr.24",SASCIORI,7099,C,3,746,735,11,276,265,11,0,271,5,800,524,128,143
1,ALBA,349,0,"Scoala generala Rachita, str.Principala nr.31",SASCIORI,7099,C,3,571,556,15,323,308,15,0,321,2,600,277,157,164
1,ALBA,350,0,"Scoala generala Sebesel, str.Principala nr.264",SASCIORI,7099,C,3,899,868,31,537,506,31,0,530,7,1000,463,193,337
1,ALBA,351,0,Camin cultural Scarisoara,SCARISOARA,7197,C,3,1329,1319,10,642,632,10,0,633,9,1500,858,369,264
1,ALBA,352,0,Scoala generala Lazesti,SCARISOARA,7197,C,3,258,227,31,137,106,31,0,134,3,300,163,60,74
1,ALBA,353,0,Camin cultural Sincel,SANCEL,7348,C,3,1354,1348,6,747,741,6,0,743,4,1500,753,253,490
1,ALBA,354,0,Scoala generala Iclod,SANCEL,7348,C,3,352,345,7,164,157,7,0,163,1,400,236,67,96
1,ALBA,355,0,Scoala generala Panade,SANCEL,7348,C,3,550,542,8,338,327,8,3,337,1,600,262,139,198
1,ALBA,356,0,"Camin cultural Sintimbru, str.Blajului nr.187",SANTIMBRU,7384,C,3,1410,1397,13,725,703,13,9,723,2,1500,775,177,546
1,ALBA,357,0,"Scoala primara Coslariu, str.Blajului nr.85",SANTIMBRU,7384,C,3,349,343,6,199,191,6,2,199,0,400,201,54,145
1,ALBA,358,0,Scoala primara Totoi,SANTIMBRU,7384,C,3,569,560,9,261,251,9,1,260,1,600,339,81,179
1,ALBA,359,0,Camin cultural Sohodol,SOHODOL,7446,C,3,1720,1702,18,730,712,18,0,725,5,1900,1170,237,488
1,ALBA,360,0,Scoala generala Stremt,STREMT,7767,C,3,1182,1173,9,578,564,9,5,575,3,1300,722,203,372
1,ALBA,361,0,Scoala generala Geoagiu de Sus,STREMT,7767,C,3,759,749,10,297,287,10,0,292,5,800,503,138,154
1,ALBA,362,0,Scoala primara Geomal,STREMT,7767,C,3,344,337,7,168,161,7,0,167,1,402,234,62,105
1,ALBA,363,0,Scoala generala clasele I-VIII  sibot,SIBOT,7810,C,3,1096,1088,8,622,602,8,12,617,5,1200,578,266,351
1,ALBA,364,0,Scoala generala clasele I-IV Balomir,SIBOT,7810,C,3,547,544,3,301,298,3,0,296,5,600,299,138,158
1,ALBA,365,0,Scoala generala clasele I-IV Bacainti,SIBOT,7810,C,3,245,234,11,132,121,11,0,131,1,300,168,45,86
1,ALBA,366,0,Scoala generala clasele I-IV Saracsau,SIBOT,7810,C,3,204,198,6,93,87,6,0,93,0,202,109,39,54
1,ALBA,367,0,"Scoala generala sona, str. Lunga nr.22",SONA,7865,C,3,896,884,12,470,458,12,0,466,4,1000,530,232,234
1,ALBA,368,0,"Gradinita Biia, nr.470",SONA,7865,C,3,1072,1062,10,590,580,10,0,585,5,1202,612,191,394
1,ALBA,369,0,"Gradinita Sinmiclaus, str.Principala nr.5",SONA,7865,C,3,1130,1108,22,714,692,22,0,704,10,1200,486,275,429
1,ALBA,370,0,"Scoala generala Lunca Tirnavei,",SONA,7865,C,3,369,360,9,215,206,9,0,214,1,400,185,60,154
1,ALBA,371,0,Scoala generala Alecus,SONA,7865,C,3,210,203,7,101,94,7,0,100,1,300,199,69,31
1,ALBA,372,0,Primaria comunei spring,SPRING,7945,C,3,626,623,3,389,373,3,13,384,5,700,311,205,179
1,ALBA,373,0,Scoala generala Cunta,SPRING,7945,C,3,460,456,4,317,298,4,15,314,3,500,183,136,178
1,ALBA,374,0,Scoala generala Drasov,SPRING,7945,C,3,429,424,5,287,277,5,5,285,2,500,213,149,136
1,ALBA,375,0,Localul fostei primarii Vingard,SPRING,7945,C,3,568,553,15,298,280,15,3,292,6,600,302,177,115
1,ALBA,376,0,"Primaria comunei sugag, nr.232",SUGAG,8014,C,3,1361,1357,4,715,702,4,9,715,0,1500,785,97,618
1,ALBA,377,0,"Scoala cu clasele I-IV Dobra, nr.63",SUGAG,8014,C,3,439,434,5,258,249,5,4,257,1,500,242,49,208
1,ALBA,378,0,"Scoala cu clasele I-IV Martinie, nr.19",SUGAG,8014,C,3,424,417,7,271,264,7,0,269,2,500,229,55,214
1,ALBA,379,0,Scoala cu clasele I-IV Tau-Bistra,SUGAG,8014,C,3,102,92,10,53,36,10,7,53,0,100,47,12,41
1,ALBA,380,0,"Scoala generala nr.1 str. Avram Iancu nr.76, tel. 876108",UNIREA,8158,C,3,1441,1428,13,822,784,13,25,814,8,2100,1278,423,391
1,ALBA,381,0,"Scoala generala nr.2 str. scolii nr.1142, tel. 876231",UNIREA,8158,C,3,1202,1172,30,655,623,30,2,649,6,1300,645,314,335
1,ALBA,382,0,Scoala generala Inoc,UNIREA,8158,C,3,217,208,9,130,120,9,1,130,0,300,170,62,68
1,ALBA,383,0,Scoala generala Ciugudul de Jos,UNIREA,8158,C,3,321,318,3,138,134,3,1,137,1,400,262,89,48
1,ALBA,384,0,Scoala generala Ciugudul de Sus,UNIREA,8158,C,3,169,151,18,96,78,18,0,96,0,200,104,53,43
1,ALBA,385,0,Scoala generala Dumbrava,UNIREA,8158,C,3,323,315,8,185,173,8,4,180,5,400,215,106,74
1,ALBA,386,0,Scoala generala Mahaceni,UNIREA,8158,C,3,292,286,6,139,131,6,2,137,2,300,161,69,68
1,ALBA,387,0,Camin cultural Vadu Motilor,VADU MOTILOR,8229,C,3,1263,1253,10,671,661,10,0,659,12,1400,729,297,362
1,ALBA,388,0,"Primaria comunei Valea Lunga, tel.888102",VALEA LUNGA,8354,C,3,1510,1471,39,733,691,39,3,722,11,1600,867,224,498
1,ALBA,389,0,Caminul cultural Lunca,VALEA LUNGA,8354,C,3,376,359,17,267,231,17,19,265,2,400,133,132,133
1,ALBA,390,0,Scoala generala Lodroman,VALEA LUNGA,8354,C,3,240,222,18,151,133,18,0,150,1,300,149,71,79
1,ALBA,391,0,Scoala generala Glogovet,VALEA LUNGA,8354,C,3,185,176,9,97,88,9,0,97,0,200,103,43,54
1,ALBA,392,0,Scoala generala Tauni,VALEA LUNGA,8354,C,3,367,346,21,243,222,21,0,241,2,400,157,48,193
1,ALBA,393,0,Imobil sat Faget nr.54,VALEA LUNGA,8354,C,3,61,51,10,38,28,10,0,38,0,100,62,11,27
1,ALBA,394,0,"Scoala generala Vidra, tel.786583",VIDRA,8425,C,3,777,770,7,372,365,7,0,367,5,800,428,102,265
1,ALBA,395,0,"Fostul sfat popular, Ponorel, tel.786612",VIDRA,8425,C,3,885,879,6,463,457,6,0,457,6,1002,539,212,245
1,ALBA,396,0,Camin cultural Vintu de Jos,VINTU DE JOS,8826,C,3,2191,2167,24,1131,1088,24,19,1123,8,2700,1569,443,680
1,ALBA,397,0,Camin cultural Vurpar,VINTU DE JOS,8826,C,3,836,824,12,399,385,12,2,398,1,900,501,184,214
1,ALBA,398,0,Scoala primara Inuri,VINTU DE JOS,8826,C,3,287,278,9,72,63,9,0,69,3,300,228,29,40
1,ALBA,399,0,Casa parohiala Sibiseni,VINTU DE JOS,8826,C,3,553,534,19,308,289,19,0,303,5,400,92,93,210
1,ALBA,400,0,Caminul cultural Mereteu,VINTU DE JOS,8826,C,3,184,175,9,101,92,9,0,100,1,200,99,51,49
1,ALBA,401,0,Scoala generala Valea Vintului,VINTU DE JOS,8826,C,3,297,281,16,165,149,16,0,163,2,300,135,110,53
2,ARAD,1,0,COLEGIUL ECONOMIC P-TA GEORGE ENESCU NR.2,MUNICIPIUL ARAD,9262,M,1,1304,1283,21,691,670,21,0,683,8,1400,709,221,462
2,ARAD,2,0,POLICLINICA MUNICIPALA B-DUL REVOLUTIEI NR.45(B-DUL REPUBLICII),MUNICIPIUL ARAD,9262,M,1,1736,1713,23,1013,989,23,1,1007,6,1900,887,368,639
2,ARAD,3,0,SPITALUL MUNICIPAL-SECTIA OFTALMOLOGIE STR.T.VLADIMIRESCU 1 SALA DE SPORT GLORIA,MUNICIPIUL ARAD,9262,M,1,1585,1563,22,928,856,22,50,921,7,1700,772,323,598
2,ARAD,4,0,SC.GENERALA NR.4 B-DUL ST.AUGUSTIN DOINAS NR.33-37,MUNICIPIUL ARAD,9262,M,1,1606,1586,20,916,882,20,14,913,3,1800,884,262,651
2,ARAD,5,0,SC.GENERALA NR.4 B-DUL ST.AUGUSTIN DOINAS NR.33-37,MUNICIPIUL ARAD,9262,M,1,1492,1475,17,855,828,17,10,849,6,1600,745,264,585
2,ARAD,6,0,SC.GENERALA NR.4 B-DUL ST.AUGUSTIN DOINAS NR.33-37,MUNICIPIUL ARAD,9262,M,1,1197,1166,31,679,646,31,2,675,4,1300,621,243,432
2,ARAD,7,0,SC.GENERALA NR.4 B-DUL ST.AUGUSTIN DOINAS NR.33-37,MUNICIPIUL ARAD,9262,M,1,1265,1254,11,732,720,11,1,730,2,1400,668,261,469
2,ARAD,8,0,"LIC.TEORETIC ""VASILE GOLDIS"" CALEA VICTORIEI NR.3-5",MUNICIPIUL ARAD,9262,M,1,1671,1627,44,969,925,44,0,962,7,1801,832,268,694
2,ARAD,9,0,"LIC.DE ARTA ""SABIN DRAGOI B-DUL REVOLUTIEI NR.20-22",MUNICIPIUL ARAD,9262,M,1,1143,1133,10,602,591,10,1,602,0,1300,698,201,401
2,ARAD,10,0,"LIC.DE ARTA ""SABIN DRAGOI B-DUL REVOLUTIEI NR.20-22",MUNICIPIUL ARAD,9262,M,1,1595,1570,25,856,831,25,0,850,6,1700,844,297,553
2,ARAD,11,0,GRUP SCOLAR INDUSTRIAL TRANSPORTURI CAI FERATE P-TA ACAD.CAIUS IACOB NR.1,MUNICIPIUL ARAD,9262,M,1,1574,1564,10,922,910,10,2,920,2,1700,778,322,598
2,ARAD,12,0,LIC.BAPTIST STR.DR.I.SUCIU NR.7-9,MUNICIPIUL ARAD,9262,M,1,1116,1090,26,656,627,26,3,655,1,1200,544,247,408
2,ARAD,13,0,LIC.BAPTIST STR.DR.I.SUCIU NR.7-9,MUNICIPIUL ARAD,9262,M,1,1307,1283,24,756,732,24,0,750,6,1382,626,264,486
2,ARAD,14,0,"GR.SCOLAR INDUSTRIAL ""I.MANIU""B-DUL IULIU MANIU NR.39-41",MUNICIPIUL ARAD,9262,M,1,1748,1726,22,996,972,22,2,988,8,1900,904,331,657
2,ARAD,15,0,SALA POLIVALENTA PIATA SPORTURILOR,MUNICIPIUL ARAD,9262,M,1,1156,1120,36,745,707,36,2,743,2,1300,555,251,492
2,ARAD,16,0,SALA POLIVALENTA PIATA SPORTURILOR,MUNICIPIUL ARAD,9262,M,1,1130,1101,29,718,687,29,2,715,3,1200,482,196,519
2,ARAD,17,0,"UNIVERSITATEA ""AUREL VLAICU"" MICALACA ZONA 300",MUNICIPIUL ARAD,9262,M,1,1423,1396,27,692,665,27,0,687,5,1500,808,194,493
2,ARAD,18,0,"UNIVERSITATEA ""AUREL VLAICU"" MICALACA ZONA 300",MUNICIPIUL ARAD,9262,M,1,1619,1602,17,912,895,17,0,911,1,1800,888,227,684
2,ARAD,19,0,"UNIVERSITATEA ""AUREL VLAICU"" MICALACA ZONA 300",MUNICIPIUL ARAD,9262,M,1,1530,1503,27,757,730,27,0,753,4,1700,943,170,583
2,ARAD,20,0,"UNIVERSITATEA ""AUREL VLAICU"" MICALACA ZONA 300",MUNICIPIUL ARAD,9262,M,1,1461,1437,24,858,832,24,2,852,6,1600,742,202,650
2,ARAD,21,0,GRADINITA PN NR.18 CALEA RADNEI NR.120,MUNICIPIUL ARAD,9262,M,1,1824,1801,23,1013,990,23,0,1007,6,2000,987,302,705
2,ARAD,22,0,SC.GENERALA NR.12 STR.MIORITA,MUNICIPIUL ARAD,9262,M,1,1788,1764,24,984,959,24,1,977,7,1896,912,272,705
2,ARAD,23,0,SC.GENERALA NR.12 STR.MIORITA,MUNICIPIUL ARAD,9262,M,1,1697,1667,30,755,725,30,0,748,7,1800,1045,261,487
2,ARAD,24,0,SC.GENERALA NR.12 STR.MIORITA,MUNICIPIUL ARAD,9262,M,1,1700,1673,27,944,917,27,0,937,7,1800,856,278,659
2,ARAD,25,0,SC.GENERALA NR.22 STR.NUCET NR.3 SALA DE SPORT,MUNICIPIUL ARAD,9262,M,1,1621,1610,11,855,844,11,0,852,3,1800,945,210,642
2,ARAD,26,0,SC.GENERALA NR.22 STR.NUCET NR.3 SALA DE SPORT,MUNICIPIUL ARAD,9262,M,1,1592,1563,29,746,717,29,0,740,6,1700,954,235,505
2,ARAD,27,0,SC.GENERALA NR.22 STR.NUCET NR.3,MUNICIPIUL ARAD,9262,M,1,1660,1633,27,811,784,27,0,807,4,1800,989,214,593
2,ARAD,28,0,SC.GENERALA NR.22 STR.NUCET NR.3,MUNICIPIUL ARAD,9262,M,1,2026,2004,22,995,973,22,0,986,9,2200,1205,279,707
2,ARAD,29,0,SC.GENERALA NR.22 STR.NUCET NR.3,MUNICIPIUL ARAD,9262,M,1,1907,1883,24,985,961,24,0,982,3,2100,1115,261,721
2,ARAD,30,0,SC.GENERALA NR.12 CALEA RADNEI NR.250,MUNICIPIUL ARAD,9262,M,1,1801,1771,30,1023,992,30,1,1019,4,2000,977,331,688
2,ARAD,31,0,GRADINITA PP NR.7 CALEA RADNEI NR.143,MUNICIPIUL ARAD,9262,M,1,1504,1474,30,837,806,30,1,833,4,1600,763,237,596
2,ARAD,32,0,GRADINITA PP NR.7 CALEA RADNEI NR.143,MUNICIPIUL ARAD,9262,M,1,1953,1922,31,960,929,31,0,953,7,2200,1240,246,707
2,ARAD,33,0,GRADINITA PN NR.18 STR.FABIUS NR.8,MUNICIPIUL ARAD,9262,M,1,1290,1266,24,715,690,24,1,711,4,1396,681,231,480
2,ARAD,34,0,SC.GENERALA NR.13 STR.ARDEALULUI NR.8,MUNICIPIUL ARAD,9262,M,1,1660,1631,29,915,886,29,0,909,6,1800,885,262,647
2,ARAD,35,0,GRADINITA PP NR.11 STR.CRASNA NR.44,MUNICIPIUL ARAD,9262,M,1,1783,1767,16,879,863,16,0,871,8,1900,1021,235,636
2,ARAD,36,0,SC.GENERALA NR.13 STR.PETRU RARES NR.20,MUNICIPIUL ARAD,9262,M,1,1463,1435,28,765,737,28,0,754,11,1600,835,248,506
2,ARAD,37,0,SC.GENERALA NR.13 STR.PETRU RARES NR.20,MUNICIPIUL ARAD,9262,M,1,1475,1452,23,802,758,23,21,797,5,1600,798,254,543
2,ARAD,38,0,SC.GENERALA NR.13 STR.PETRU RARES NR.21,MUNICIPIUL ARAD,9262,M,1,1822,1800,22,1017,994,22,1,1010,7,2000,983,354,656
2,ARAD,39,0,SC.GENERALA NR.13 STR.PETRU RARES NR.21,MUNICIPIUL ARAD,9262,M,1,1783,1762,21,950,929,21,0,944,6,1900,950,298,646
2,ARAD,40,0,SC.GENERALA NR.15 CALEA 6 VANATORI NR.55,MUNICIPIUL ARAD,9262,M,1,771,759,12,416,348,12,56,411,5,800,384,113,298
2,ARAD,41,0,GRADINITA PS NR.1 STR.IZOI NR.1 (CALEA 6 VANATORI),MUNICIPIUL ARAD,9262,M,1,1270,1225,45,649,587,45,17,641,8,1400,751,200,441
2,ARAD,42,0,SC.GENERALA NR.21 STR.FULGERULUI NR.2-4,MUNICIPIUL ARAD,9262,M,1,1374,1349,25,713,688,25,0,705,8,1500,787,233,472
2,ARAD,43,0,SC.GENERALA NR.21 STR.FULGERULUI NR.2-4,MUNICIPIUL ARAD,9262,M,1,1503,1484,19,806,787,19,0,802,4,1600,794,258,544
2,ARAD,44,0,SC.GENERALA NR.21 STR.FULGERULUI NR.2-4,MUNICIPIUL ARAD,9262,M,1,1180,1157,23,690,667,23,0,684,6,1298,608,198,486
2,ARAD,45,0,SC.GENERALA NR.11 STR.POETULUI NR.85/A,MUNICIPIUL ARAD,9262,M,1,1860,1841,19,934,915,19,0,931,3,2000,1066,302,629
2,ARAD,46,0,SC.GENERALA NR.11 STR.POETULUI NR.85/A,MUNICIPIUL ARAD,9262,M,1,1724,1706,18,765,747,18,0,757,8,1900,1135,234,523
2,ARAD,47,0,SC.GENERALA NR.11 STR.POETULUI NR.85/A,MUNICIPIUL ARAD,9262,M,1,1431,1406,25,592,567,25,0,587,5,1600,1008,180,407
2,ARAD,48,0,GRADINITA PP NR.17 STR.ST.LUCHIAN FN,MUNICIPIUL ARAD,9262,M,1,1870,1828,42,975,932,42,1,966,9,2000,1025,294,672
2,ARAD,49,0,GRADINITA PP NR.17 STR.ST.LUCHIAN FN,MUNICIPIUL ARAD,9262,M,1,1881,1832,49,911,862,49,0,907,4,2000,1089,271,636
2,ARAD,50,0,CENTRUL DE VARSTNICI C.A.VLAICU NR.227,MUNICIPIUL ARAD,9262,M,1,1741,1721,20,841,819,20,2,836,5,1900,1059,308,528
2,ARAD,51,0,GRADINITA PN NR.8 STR.POETULUI NR.72,MUNICIPIUL ARAD,9262,M,1,1676,1656,20,779,759,20,0,774,5,1800,1021,245,529
2,ARAD,52,0,SC.GEN.NR.10 STR.FAURILOR NR.94,MUNICIPIUL ARAD,9262,M,1,1374,1338,36,670,634,36,0,665,5,1500,830,195,470
2,ARAD,53,0,SC.GENERALA NR.10 STR.GRADINARILOR NR.1-15,MUNICIPIUL ARAD,9262,M,1,1240,1203,37,495,458,37,0,495,0,1300,805,157,338
2,ARAD,54,0,SC.GENERALA NR.10 STR.GRADINARILOR NR.1-15,MUNICIPIUL ARAD,9262,M,1,1318,1292,26,634,608,26,0,631,3,1400,766,217,414
2,ARAD,55,0,SC.GENERALA NR.9 STR.INDEPENDENTEI NR.3,MUNICIPIUL ARAD,9262,M,1,1573,1555,18,779,761,18,0,768,11,1700,921,247,521
2,ARAD,56,0,SC.GENERALA NR.9 STR.INDEPENDENTEI NR.3,MUNICIPIUL ARAD,9262,M,1,1529,1510,19,734,715,19,0,726,8,1700,966,218,508
2,ARAD,57,0,SC.GENERALA NR.9 STR.INDEPENDENTEI NR.3,MUNICIPIUL ARAD,9262,M,1,1570,1549,21,718,697,21,0,706,12,1700,982,244,462
2,ARAD,58,0,GRADINITA PP NR.16 STR.PREDEAL FN,MUNICIPIUL ARAD,9262,M,1,2093,1989,104,1009,903,104,2,1002,7,2200,1191,336,666
2,ARAD,59,0,GRADINITA PP NR.16 STR.PREDEAL FN,MUNICIPIUL ARAD,9262,M,1,1607,1545,62,839,775,62,2,835,4,1700,861,273,562
2,ARAD,60,0,SC.GENERALA NR.6 STR.HATEG NR.3,MUNICIPIUL ARAD,9262,M,1,1586,1542,44,756,712,44,0,747,9,1700,944,252,495
2,ARAD,61,0,SC.GENERALA NR.6 STR.HATEG NR.3,MUNICIPIUL ARAD,9262,M,1,1698,1668,30,791,761,30,0,788,3,1800,1009,230,558
2,ARAD,62,0,GRADINITA PP NR.10 CALEA AUREL VLAICU FN,MUNICIPIUL ARAD,9262,M,1,1817,1765,52,897,845,52,0,892,5,1901,1004,321,571
2,ARAD,63,0,GRADINITA PP NR.10 CALEA AUREL VLAICU FN,MUNICIPIUL ARAD,9262,M,1,1561,1535,26,831,805,26,0,826,5,1700,869,272,554
2,ARAD,64,0,SC.GENERALA NR.18 STR.VASILE CONTA NR.2B,MUNICIPIUL ARAD,9262,M,1,1382,1355,27,763,736,27,0,758,5,1500,737,247,511
2,ARAD,65,0,SC.GENERALA NR.18 STR.VASILE CONTA NR.2B,MUNICIPIUL ARAD,9262,M,1,1693,1667,26,905,879,26,0,899,6,1800,895,274,625
2,ARAD,66,0,GRADINITA PN NR.16 STR.TIBERIU NR.4,MUNICIPIUL ARAD,9262,M,1,1554,1527,27,688,661,27,0,682,6,1700,1012,224,458
2,ARAD,67,0,COLEGIUL TEHNIC DE CONSTRUCTII SI PROTECTIA MEDIULUI STR.I FLUIERAS 10C,MUNICIPIUL ARAD,9262,M,1,1605,1565,40,764,724,40,0,761,3,1700,936,244,517
2,ARAD,68,0,COLEGIUL TEHNIC DE CONSTRUCTII SI PROTECTIA MEDIULUI STR.I FLUIERAS 10C,MUNICIPIUL ARAD,9262,M,1,1329,1308,21,587,566,21,0,582,5,1400,813,239,343
2,ARAD,69,0,SC.GENERALA NR.8 STR.PROF.DR.ILARION FELEA NR.7-13,MUNICIPIUL ARAD,9262,M,1,1038,1019,19,437,417,19,1,430,7,1094,657,203,227
2,ARAD,70,0,"LIC.TEORETIC ""VASILE GOLDIS"" CALEA VICTORIEI NR.1-3",MUNICIPIUL ARAD,9262,M,1,1477,1453,24,702,678,24,0,698,4,1600,898,215,483
2,ARAD,71,0,GRADINITA PN 12 STR.RODNEI NR.3-5 BLOC 5,MUNICIPIUL ARAD,9262,M,1,1568,1538,30,752,722,30,0,747,5,1689,937,224,523
2,ARAD,72,0,GRADINITA PN 12 STR.RODNEI NR.3-5 BLOC 5,MUNICIPIUL ARAD,9262,M,1,1616,1561,55,756,699,55,2,751,5,1700,944,203,548
2,ARAD,73,0,CENTRUL PT.ACORDAREA AJUT.BANESTI PT.INCALZ.LOCUINTELOR STR.RODNEI 3-5 BL.5,MUNICIPIUL ARAD,9262,M,1,1490,1442,48,687,638,48,1,682,5,1600,913,179,503
2,ARAD,74,0,SC.GENERALA NR.3 STR.EP.ROMAN CIOROGARIU NR.18-22,MUNICIPIUL ARAD,9262,M,1,1450,1434,16,780,762,16,2,773,7,1600,820,239,534
2,ARAD,75,0,SC.GENERALA NR.3 STR.OITUZ NR.108-114,MUNICIPIUL ARAD,9262,M,1,1587,1566,21,753,677,21,55,747,6,1698,945,261,486
2,ARAD,76,0,GRADINITA PN NR.24 STR.DOROBANTI NR.41,MUNICIPIUL ARAD,9262,M,1,1633,1545,88,818,718,88,12,800,18,1700,882,278,522
2,ARAD,77,0,SC.GENERALA NR.3 STR.CONDURASILOR NR.48-50,MUNICIPIUL ARAD,9262,M,1,1725,1698,27,857,829,27,1,854,3,1900,1043,209,645
2,ARAD,78,0,SC.GENERALA NR.3 STR.CONDURASILOR NR.48-50,MUNICIPIUL ARAD,9262,M,1,1431,1388,43,777,734,43,0,770,7,1500,723,182,588
2,ARAD,79,0,SC.GENERALA NR.3 STR.CONDURASILOR NR.48-50,MUNICIPIUL ARAD,9262,M,1,1591,1568,23,779,756,23,0,773,6,1700,921,192,581
2,ARAD,80,0,GRADINITA PP NR.9 STR.CONDURASILOR NR.13,MUNICIPIUL ARAD,9262,M,1,1900,1876,24,831,807,24,0,830,1,2100,1269,222,608
2,ARAD,81,0,GRADINITA PP NR.9 STR.CONDURASILOR NR.13,MUNICIPIUL ARAD,9262,M,1,1622,1603,19,755,736,19,0,747,8,1800,1045,219,528
2,ARAD,82,0,S.C.P.C.B.MURESUL CALEA BODROGULUI,MUNICIPIUL ARAD,9262,M,1,435,413,22,200,178,22,0,200,0,500,300,90,110
2,ARAD,83,0,"GRUP SCOLAR INDUSTRIAL ""HENRI COANDA"" STR.MARASESTI 34",MUNICIPIUL ARAD,9262,M,1,1165,1149,16,616,598,16,2,609,7,1300,684,184,425
2,ARAD,84,0,SC.GENERALA NR.1 STR.EPISCOPIEI 40-42,MUNICIPIUL ARAD,9262,M,1,1832,1800,32,942,848,32,62,935,7,2000,1058,293,642
2,ARAD,85,0,GRUP SCOLAR DE INDUSTRIE ALIMENTARA STR.L.BLAGA 15,MUNICIPIUL ARAD,9262,M,1,1918,1897,21,949,893,21,35,940,9,2100,1151,286,654
2,ARAD,86,0,"GRUP SCOLAR INDUSTRIAL ""CSIKY GERGELY"" STR.IOAN CALVIN 22",MUNICIPIUL ARAD,9262,M,1,1931,1892,39,1038,936,39,63,1022,16,2100,1062,357,665
2,ARAD,87,0,SC.GENERALA NR.2 STR.CIOCARLIEI 27,MUNICIPIUL ARAD,9262,M,1,1844,1799,45,693,648,45,0,683,10,2000,1307,269,414
2,ARAD,88,0,GRUP SCOLAR DE INDUSTRIE USOARA STR.I.TEKELJA NR.1 (AGRISELOR),MUNICIPIUL ARAD,9262,M,1,1509,1486,23,706,678,23,5,700,6,1700,994,202,498
2,ARAD,89,0,LOCAL S.C.RECONS S.A.STR.MUCIUS SCAEVOLA 9-11,MUNICIPIUL ARAD,9262,M,1,1684,1662,22,826,804,22,0,816,10,1800,974,266,550
2,ARAD,90,0,CLUBUL CASEI DE AJUTOR RECIPROC A PENSIONARILOR P-TA A.IANCU 21,MUNICIPIUL ARAD,9262,M,1,1341,1324,17,676,637,17,22,670,6,1500,824,186,484
2,ARAD,91,0,"GRUP SCOLAR INDUSTRIAL ""AUREL VLAICU"" B-DUL DECEBAL 31A",MUNICIPIUL ARAD,9262,M,1,1359,1336,23,769,744,23,2,759,10,1500,731,275,484
2,ARAD,92,0,GRUP SCOLAR DE INDUSTRIE USOARA - INTERNAT STR.LABIRINT 6,MUNICIPIUL ARAD,9262,M,1,1274,1227,47,786,738,47,1,779,7,1400,614,249,530
2,ARAD,93,0,GRADINITA PP NR.14 STR.PATRIA 2-6,MUNICIPIUL ARAD,9262,M,1,1336,1305,31,740,709,31,0,736,4,1400,660,280,456
2,ARAD,94,0,SC.GENERALA NR.20 STR.SPARTACUS 1,MUNICIPIUL ARAD,9262,M,1,1057,1040,17,532,515,17,0,529,3,1100,568,129,400
2,ARAD,95,0,SC.GENERALA NR.20 STR.POSADA 19,MUNICIPIUL ARAD,9262,M,1,1499,1475,24,814,788,24,2,810,4,1600,786,199,611
2,ARAD,96,0,SC.GENERALA NR.20 STR.CONSTITUTIEI 132,MUNICIPIUL ARAD,9262,M,1,1663,1644,19,889,870,19,0,872,17,1800,911,250,622
2,ARAD,97,0,"LIC.""A.M.GUTTEMBRUNN"" CALEA TIMISORII 88",MUNICIPIUL ARAD,9262,M,1,1680,1650,30,839,808,30,1,830,9,1800,961,238,592
2,ARAD,98,0,"LIC.""A.M.GUTTEMBRUNN"" CALEA TIMISORII 93",MUNICIPIUL ARAD,9262,M,1,1419,1398,21,624,603,21,0,619,5,1500,876,172,447
2,ARAD,99,0,GRUP SCOLAR FORESTIER CALEA TIMISORII 29-31,MUNICIPIUL ARAD,9262,M,1,1690,1667,23,768,745,23,0,760,8,1800,1032,193,567
2,ARAD,100,0,GRADINITA PN NR.26 STR.A.M.GUTTEMBRUNN NR.114,MUNICIPIUL ARAD,9262,M,1,1698,1662,36,808,772,36,0,801,7,1800,992,211,590
2,ARAD,101,0,SC.GENERALA NR.7 STR.STEAGULUI 25-27,MUNICIPIUL ARAD,9262,M,1,1771,1749,22,853,830,22,1,840,13,1900,1047,290,550
2,ARAD,102,0,SC.GENERALA NR.7 STR.STEAGULUI 25-27,MUNICIPIUL ARAD,9262,M,1,1623,1600,23,772,748,23,1,764,8,1799,1027,226,538
2,ARAD,103,1,SPITALUL CLINIC MUNICIPAL ARAD P-TA MIHAI VITEAZUL 7-8,MUNICIPIUL ARAD,9262,M,1,10,0,10,177,0,10,167,175,2,600,423,74,101
2,ARAD,104,1,SPITALUL CLINIC JUDETEAN DE URGENTA ARAD STR.ANDRENYI KAROLY 2-4,MUNICIPIUL ARAD,9262,M,1,10,0,10,248,0,10,238,245,3,902,654,77,168
2,ARAD,105,1,"CAMIN STUDENTESC UNIV.DE VEST ""VASILE GOLDIS""ARAD STR.COCORILOR 57",MUNICIPIUL ARAD,9262,M,1,11,0,11,64,0,11,53,64,0,400,336,12,52
2,ARAD,106,1,"CAMIN STUDENTESC UNIV.""AUREL VLAICU""ARAD STR.URSULUI 2-4",MUNICIPIUL ARAD,9262,M,1,11,0,11,125,0,11,114,125,0,400,275,29,96
2,ARAD,107,1,"SPITALUL DE OBSTRETICA SI GINECOLOGIE ""DR.SALVATOR VUIA""ARAD STR.EPISCOPIEI 5",MUNICIPIUL ARAD,9262,M,1,11,0,11,126,0,11,115,126,0,300,174,45,81
2,ARAD,108,1,"STATIA CFR-MUNICIPIUL ARAD, P-TA GARII 1-5",MUNICIPIUL ARAD,9262,M,1,44,0,44,2279,0,44,2235,2262,17,5000,2721,551,1711
2,ARAD,109,0,"LIC.TEORETIC ""MIHAI VELICIU""CHISINEU-CRIS STR.PRIMAVERII NR.3",ORAS CHISINEU-CRIS,9459,O,1,2284,2273,11,1130,1119,11,0,1126,4,2500,1370,385,741
2,ARAD,110,0,SC.GENERALA CHISINEU-CRIS STR.OITUZ NR.4,ORAS CHISINEU-CRIS,9459,O,1,1778,1759,19,1070,905,19,146,1065,5,1900,830,415,650
2,ARAD,111,0,ASOCIATIA AGRICOLA PADURENI STR.INFRATIRII NR.10 CHISINEU CRIS,ORAS CHISINEU-CRIS,9459,O,1,1617,1604,13,622,609,13,0,610,12,1800,1178,344,266
2,ARAD,112,0,SC.GENERALA NADAB NR.313 SAT NADAB ORAS CHISINEU-CRIS,ORAS CHISINEU-CRIS,9459,O,1,1460,1448,12,778,766,12,0,772,6,1600,822,347,425
2,ARAD,113,1,CENTRUL DE SANATATE CHISINEU-CRIS STR.INFRATIRII 95,ORAS CHISINEU-CRIS,9459,O,1,9,0,9,46,0,9,37,45,1,200,154,14,31
2,ARAD,114,0,CASA DE CULTURA CURTICI STR.HOREA NR1,ORAS CURTICI,9495,O,1,1909,1895,14,1129,952,14,163,1120,9,2100,971,432,688
2,ARAD,115,0,"GRUP SCOLAR ""ION CREANGA"" STR.REVOLUTIEI 37 CURTICI",ORAS CURTICI,9495,O,1,2510,2502,8,1199,1185,8,6,1180,19,2800,1601,468,712
2,ARAD,116,0,CLUBUL ELEVILOR STR.PRIMARIEI 89 CURTICI,ORAS CURTICI,9495,O,1,2131,2118,13,1005,984,13,8,996,9,2300,1295,438,558
2,ARAD,117,0,SC.GENERALA INEU - C.REPUBLICII NR.3,ORAS INEU,9538,O,1,2550,2538,12,1412,1212,12,188,1407,5,2800,1388,563,844
2,ARAD,118,0,GRADINITA DE COPII CU PN STR.HORIA NR.11,ORAS INEU,9538,O,1,2036,2017,19,946,868,19,59,936,10,2200,1254,446,490
2,ARAD,119,0,"GR.SC.INDUSTRIAL ""MIHAI VITEAZUL"" INEU C.TRAIAN NR.7",ORAS INEU,9538,O,1,1733,1714,19,837,726,19,92,833,4,1900,1063,326,507
2,ARAD,120,0,SCOALA CL.I-IV DIN CARTIERUL TRAIAN ORAS INEU STR.MARASESTI 17,ORAS INEU,9538,O,1,1379,1369,10,685,665,10,10,679,6,1500,815,313,366
2,ARAD,121,0,SCOALA CL.I-IV MOCREA,ORAS INEU,9538,O,1,665,642,23,324,300,23,1,321,3,700,376,172,149
2,ARAD,122,0,SC MARA COM MIXT SA UNITATEA NR.20 STR.COSBUC NR.31 BL.31,ORAS LIPOVA,9574,O,1,960,937,23,510,478,23,9,505,5,1100,590,171,334
2,ARAD,123,0,SEDIUL RENEL STR.B.P.HASDEU NR.51,ORAS LIPOVA,9574,O,1,1155,1146,9,607,597,9,1,604,3,1300,693,246,358
2,ARAD,124,0,SCOALA GENERALA N.BALCESCU NR.52,ORAS LIPOVA,9574,O,1,1145,1084,61,646,585,61,0,638,8,1200,554,255,383
2,ARAD,125,0,SCOALA GENERALA STR.9 MAI NR.1,ORAS LIPOVA,9574,O,1,1007,1007,0,490,476,0,14,484,6,1100,610,180,304
2,ARAD,126,0,CASA ARMATEI STR.BUGARIU NR.8,ORAS LIPOVA,9574,O,1,1061,1041,20,776,534,20,222,766,10,1200,424,289,477
2,ARAD,127,1,CASA ARMATEI STR.BUGARIU NR.8,ORAS LIPOVA,9574,O,1,12,0,12,46,0,12,34,44,2,100,54,19,25
2,ARAD,128,0,PALATUL COPIILOR STR.BUGARIU NR.12,ORAS LIPOVA,9574,O,1,1836,1786,50,936,884,50,2,929,7,2000,1064,306,623
2,ARAD,129,0,SCOALA GENERALA SOIMOS STR.PRINCIPALA 132,ORAS LIPOVA,9574,O,1,674,674,0,340,302,0,38,336,4,700,360,114,222
2,ARAD,130,0,RADNA-CENTRUL LOCAL DE REPRODUCTIE SI SELECTIE A ANIMALELOR CALEA ARDEALULUI 448,ORAS LIPOVA,9574,O,1,963,951,12,420,404,12,4,417,3,1000,580,144,273
2,ARAD,131,0,SCOALA GENERALA RADNA STR.DETASAMENT PAULIS NR.23,ORAS LIPOVA,9574,O,1,970,958,12,576,474,12,90,572,4,1100,524,204,368
2,ARAD,132,0,"GR.SCOLAR IND.J.GR.TAJOVSKI"" P-TA UNIRII NR.2",ORAS NADLAC,9627,O,1,1694,1664,30,1009,865,30,114,1004,5,1800,791,208,796
2,ARAD,133,0,CASA DE CULTURA STR.1 DECEMBRIE NR.26,ORAS NADLAC,9627,O,1,1601,1585,16,854,835,16,3,852,2,1800,946,218,634
2,ARAD,134,0,SCOALA GENERALA NR.3 STR.1 DECEMBRIE NR.9,ORAS NADLAC,9627,O,1,1697,1676,21,865,841,21,3,860,5,1800,935,233,627
2,ARAD,135,0,LOCAL GRADINITA PN 2 STR.DR.MARTIN LUTHER NR.144,ORAS NADLAC,9627,O,1,1677,1664,13,902,886,13,3,893,9,1800,898,170,723
2,ARAD,136,0,CAMIN CULTURAL PECICA,ORAS PECICA,11584,O,1,1176,1155,21,574,552,21,1,572,2,1300,726,150,422
2,ARAD,137,0,GRUP SCOLAR GHEORGHE LAZAR PECICA,ORAS PECICA,11584,O,1,1540,1502,38,819,662,38,119,811,8,1700,881,241,570
2,ARAD,138,0,SC AGROINDUSTRIALA SA - (IAS) PECICA,ORAS PECICA,11584,O,1,1316,1304,12,473,457,12,4,465,8,1400,927,155,310
2,ARAD,139,0,PRIMARIA ORASULUI PECICA,ORAS PECICA,11584,O,1,1289,1220,69,509,427,69,13,498,11,1400,891,165,333
2,ARAD,140,0,SCOALA PRIMARA NR.2 (ZAGONI) PECICA,ORAS PECICA,11584,O,1,1279,1263,16,404,388,16,0,395,9,1400,996,171,224
2,ARAD,141,0,SCOALA PRIMARA NR.3 PECICA,ORAS PECICA,11584,O,1,1405,1376,29,514,485,29,0,495,19,1500,986,212,283
2,ARAD,142,0,SCOALA PRIMARA NR.1 PECICA,ORAS PECICA,11584,O,1,1483,1448,35,807,772,35,0,779,28,1600,793,251,528
2,ARAD,143,0,PRIMARIA TURNU,ORAS PECICA,11584,O,1,986,975,11,399,388,11,0,393,6,1100,701,137,256
2,ARAD,144,0,SCOALA PRIMARA SEDERHAT,ORAS PECICA,11584,O,1,236,224,12,122,110,12,0,122,0,300,178,42,80
2,ARAD,145,0,"""BUCURIA COPIILOR"" STR.T.VLADIMIRESCU 22",ORAS PANCOTA,9654,O,1,1941,1905,36,907,866,36,5,890,17,2100,1193,414,476
2,ARAD,146,0,LICEUL TEORETIC STR. V.GOLDIS NR.67 PANCOTA,ORAS PANCOTA,9654,O,1,1396,1379,17,770,615,17,138,758,12,1500,730,280,478
2,ARAD,147,0,LICEUL - STR.V.GOLDIS NR.67 PANCOTA,ORAS PANCOTA,9654,O,1,1460,1431,29,605,575,29,1,603,2,1600,995,227,376
2,ARAD,148,0,SCOALA GENERALA MADERAT NR.336,ORAS PANCOTA,9654,O,1,1168,1152,16,536,520,16,0,527,9,1300,764,290,237
2,ARAD,149,0,CAMINUL CULTURAL SANTANA STR.BUCEGI NR.25,ORAS SANTANA,12091,O,1,2150,2140,10,704,691,10,3,698,6,2300,1596,257,441
2,ARAD,150,0,SCOALA CLS.I-IV SANTANA STR.MUNCII NR.80,ORAS SANTANA,12091,O,1,1674,1644,30,731,555,30,146,728,3,1800,1069,263,465
2,ARAD,151,0,CAMINUL CULTURAL COMLAUS STR.1 DECEMBRIE NR.36,ORAS SANTANA,12091,O,1,2395,2385,10,1059,1048,10,1,1052,7,2600,1541,438,614
2,ARAD,152,0,SCOALA GENERALA NR.2 STR.MUNCII NR.117,ORAS SANTANA,12091,O,1,2122,2091,31,847,816,31,0,825,22,2300,1453,453,372
2,ARAD,153,0,CAMINUL CULTURAL SANTANA STR.UNIRII NR.3,ORAS SANTANA,12091,O,1,1985,1973,12,938,924,12,2,935,3,2200,1262,378,557
2,ARAD,154,0,ASOCIATIA SPICUL-CAPORAL ALEXA,ORAS SANTANA,12091,O,1,1001,986,15,443,427,15,1,440,3,1200,757,217,223
2,ARAD,155,0,LICEUL SEBIS B-DUL VICTORIEI NR.7,ORAS SEBIS,9690,O,1,1567,1556,11,970,805,11,154,961,9,1700,730,288,673
2,ARAD,156,0,SCOALA GENERALA SEBIS B-DUL VICTORIEI NR.7,ORAS SEBIS,9690,O,1,1556,1540,16,758,742,16,0,746,12,1700,942,318,428
2,ARAD,157,0,CLUBUL SCOLAR SEBIS STR.LIBERTATII NR.3,ORAS SEBIS,9690,O,1,1470,1460,10,717,690,10,17,710,7,1598,881,214,496
2,ARAD,158,0,SCOALA GENERALA PRAJESTI STR.CODRULUI NR.2,ORAS SEBIS,9690,O,1,220,211,9,146,113,9,24,145,1,300,154,36,109
2,ARAD,159,0,SCOALA GENERALA SAT PRUNISOR NR.78,ORAS SEBIS,9690,O,1,489,484,5,264,259,5,0,259,5,600,336,92,167
2,ARAD,160,0,SCOALA GENERALA SAT DONCENI NR.67,ORAS SEBIS,9690,O,1,158,150,8,97,89,8,0,95,2,200,103,26,69
2,ARAD,161,0,SCOALA GENERALA SAT SALAJENI NR.106,ORAS SEBIS,9690,O,1,165,154,11,103,90,11,2,103,0,200,97,45,58
2,ARAD,162,0,CAMINUL CULTURAL ALMAS,ALMAS,9743,C,3,1221,1214,7,608,601,7,0,602,6,1300,692,156,446
2,ARAD,163,0,CAMINUL CULTURAL CIL,ALMAS,9743,C,3,526,519,7,297,290,7,0,295,2,600,303,68,227
2,ARAD,164,0,CAMINUL CULTURAL RADESTI,ALMAS,9743,C,3,422,413,9,240,231,9,0,234,6,500,260,89,145
2,ARAD,165,0,CAMINUL CULTURAL JOIA MARE,ALMAS,9743,C,3,172,163,9,101,92,9,0,100,1,200,99,39,61
2,ARAD,166,0,CAMINUL CULTURAL APATEU NR.364,APATEU,9798,C,3,1898,1892,6,1010,1004,6,0,1005,5,2100,1090,422,583
2,ARAD,167,0,SCOALA CL.I-VIII SAT BERECHIU NR.594,APATEU,9798,C,3,730,720,10,410,400,10,0,409,1,800,390,268,141
2,ARAD,168,0,SCOALA CL.I-IV SAT MOTIORI NR.75,APATEU,9798,C,3,307,304,3,205,202,3,0,203,2,400,195,131,72
2,ARAD,169,0,PRIMARIA COMUNEI ARCHIS,ARCHIS,9832,C,3,331,326,5,226,221,5,0,226,0,400,174,145,81
2,ARAD,170,0,SCOALA CL.I-IV NERMIS,ARCHIS,9832,C,3,173,173,0,129,123,0,6,128,1,200,71,44,84
2,ARAD,171,0,SCOALA CL.I-IV SAT BARZESTI,ARCHIS,9832,C,3,143,136,7,95,87,7,1,95,0,200,105,52,43
2,ARAD,172,0,SCOALA CL.I-VIII GROSENI,ARCHIS,9832,C,3,696,694,2,362,360,2,0,362,0,800,438,242,120
2,ARAD,173,0,PRIMARIA BATA NR.166,BATA,9887,C,3,364,351,13,201,188,13,0,200,1,400,199,96,104
2,ARAD,174,0,SCOALA PRIMARA SAT TELA NR.136,BATA,9887,C,3,268,262,6,90,84,6,0,89,1,300,210,45,44
2,ARAD,175,0,SCOALA PRIMARA BACAUL DE MIJLOC NR.68,BATA,9887,C,3,148,141,7,78,69,7,2,78,0,200,122,19,59
2,ARAD,176,0,CAMINUL CULTURAL BULCI,BATA,9887,C,3,118,113,5,82,57,5,20,81,1,200,118,40,41
2,ARAD,177,0,CONSILIUL LOCAL BELIU,BELIU,9930,C,3,1544,1536,8,889,867,8,14,881,8,1700,811,341,540
2,ARAD,178,0,SCOALA CL.I-IV SAT TAGADAU,BELIU,9930,C,3,419,413,6,232,221,6,5,228,4,500,268,125,103
2,ARAD,179,0,SCOALA DIN BENESTI,BELIU,9930,C,3,172,160,12,116,104,12,0,116,0,200,84,29,87
2,ARAD,180,0,CAMINUL CULTURAL SAT SECACI,BELIU,9930,C,3,168,162,6,116,110,6,0,114,2,200,84,47,67
2,ARAD,181,0,SCOALA CL.I-IV SAT VASILE GOLDIS,BELIU,9930,C,3,412,403,9,258,245,9,4,254,4,500,242,135,119
2,ARAD,182,0,CLUBUL CAMINULUI CULTURAL BIRCHIS NR.162,BIRCHIS,10006,C,3,520,517,3,297,252,3,42,295,2,600,303,147,148
2,ARAD,183,0,SCOALA GENERALA SAT CAPALNAS NR.208,BIRCHIS,10006,C,3,748,741,7,369,343,7,19,366,3,800,431,179,187
2,ARAD,184,0,CAMIN CULTURAL OSTROV NR.112,BIRCHIS,10006,C,3,228,220,8,117,99,8,10,116,1,400,283,64,52
2,ARAD,185,0,CAMINUL CULTURAL BIRSA NR.380/A,BARSA,10051,C,3,855,847,8,480,469,8,3,478,2,900,420,160,318
2,ARAD,186,0,CAMINUL CULTURAL SAT ALDESTI NR.197,BARSA,10051,C,3,487,479,8,272,264,8,0,270,2,600,328,109,161
2,ARAD,187,0,SCOALA CL.I-IV VOIEVODENI NR.56,BARSA,10051,C,3,143,132,11,87,76,11,0,87,0,200,113,45,42
2,ARAD,188,0,SCOALA CL.I-IV SAT HODIS NR.72,BARSA,10051,C,3,155,144,11,94,83,11,0,92,2,200,106,33,59
2,ARAD,189,0,PRIMARIA COMUNEI BIRZAVA NR.314,BARZAVA,10104,C,3,778,757,21,413,364,21,28,409,4,900,487,182,227
2,ARAD,190,0,SCOALA CU CL.I-IV MONOROSTIA NR.99,BARZAVA,10104,C,3,255,243,12,126,113,12,1,122,4,300,174,45,77
2,ARAD,191,0,SCOALA CU CL.I-IV SAT CAPRUTA NR.26,BARZAVA,10104,C,3,249,235,14,134,120,14,0,133,1,300,166,53,80
2,ARAD,192,0,SCOALA CU CL.I-IV SAT DUMBRAVITA NR.191,BARZAVA,10104,C,3,276,268,8,147,138,8,1,144,3,300,153,58,86
2,ARAD,193,0,SCOALA CU CL.I-IV SAT GROSII NOI NR.147,BARZAVA,10104,C,3,244,233,11,125,114,11,0,125,0,300,175,55,70
2,ARAD,194,0,SCOALA CU CL.I-IV SAT SLATINA DE MURES NR.11,BARZAVA,10104,C,3,161,156,5,90,85,5,0,90,0,200,110,44,46
2,ARAD,195,0,SCOALA CU CL.I-IV SAT BATUTA NR.9,BARZAVA,10104,C,3,81,71,10,42,32,10,0,41,1,100,58,18,23
2,ARAD,196,0,SCOALA CU CL.I-IV SAT LALASINT NR.123,BARZAVA,10104,C,3,342,332,10,150,140,10,0,148,2,400,250,72,76
2,ARAD,197,0,CAMINUL CULTURAL BOCSIG NR.566,BOCSIG,10195,C,3,1530,1517,13,732,710,13,9,729,3,1700,968,303,426
2,ARAD,198,0,SCOALA CL.I-IV BOCSIG NR.913-CARTIER,BOCSIG,10195,C,3,393,382,11,251,237,11,3,250,1,500,249,88,162
2,ARAD,199,0,CAMINUL CULTURAL SAT MINERAU NR.219,BOCSIG,10195,C,3,312,298,14,195,178,14,3,194,1,400,205,118,76
2,ARAD,200,0,SCOALA VECHE SAT RAPSIG NR.219,BOCSIG,10195,C,3,637,622,15,384,369,15,0,382,2,700,316,122,260
2,ARAD,201,0,PRIMARIA COM.BRAZII NR.26-SALA DE SEDINTA A CONSILIULUI LOCAL,BRAZII,10239,C,3,95,86,9,59,50,9,0,56,3,100,41,28,28
2,ARAD,202,0,CAMINUL CULTURAL SAT IACOBINI NR.108,BRAZII,10239,C,3,187,185,2,105,103,2,0,104,1,200,95,45,59
2,ARAD,203,0,CAMINUL CULTURAL SAT SECAS NR.114,BRAZII,10239,C,3,372,368,4,250,244,4,2,247,3,400,150,54,193
2,ARAD,204,0,CAMINUL CULTURAL SAT BUCEAVA NR.82,BRAZII,10239,C,3,100,93,7,54,47,7,0,54,0,200,146,22,32
2,ARAD,205,0,SCOALA GENERALA CLS I/IV SOIMUS NR. 68,BRAZII,10239,C,3,91,76,15,62,47,15,0,61,1,100,38,23,38
2,ARAD,206,0,CAMINUL CULTURAL MADRIGESTI NR.99,BRAZII,10239,C,3,238,230,8,151,143,8,0,149,2,300,149,77,72
2,ARAD,207,0,PRIMARIA BUTENI NR 78,BUTENI,10293,C,3,809,796,13,480,463,13,4,478,2,900,420,132,346
2,ARAD,208,0,CAMINUL CULTURAL BUTENI NR 1,BUTENI,10293,C,3,947,939,8,479,470,8,1,476,3,1000,521,190,286
2,ARAD,209,0,SEDIUL FOSTEI PRIMARII CUIED NR 378,BUTENI,10293,C,3,635,626,9,325,316,9,0,325,0,700,375,171,154
2,ARAD,210,0,CAMINUL CULTURAL PAULIAN NR 8,BUTENI,10293,C,3,278,268,10,157,144,10,3,156,1,300,143,33,123
2,ARAD,211,0,CAMINUL CULTURAL SAT BERINDIA NR 12,BUTENI,10293,C,3,187,179,8,141,132,8,1,140,1,200,59,27,113
2,ARAD,212,0,CAMINUL CULTURAL CARAND NR 71B,CARAND,10346,C,3,613,609,4,394,385,4,5,391,3,700,306,152,239
2,ARAD,213,0,CAMINUL CULTURAL SELISTEA NR 134,CARAND,10346,C,3,449,449,0,273,273,0,0,269,4,500,227,113,156
2,ARAD,214,0,PRIMARIA CERMEI NR 304,CERMEI,10373,C,3,1542,1532,10,910,816,10,84,898,12,1700,790,481,417
2,ARAD,215,0,SCOALA GENERALA SOMOSCHES NR 411,CERMEI,10373,C,3,739,728,11,452,414,11,27,445,7,800,348,286,159
2,ARAD,216,0,PRIMARIA COMUNEI CHISINDIA NR 191A,CHISINDIA,10417,C,3,832,811,21,440,419,21,0,435,5,900,460,167,268
2,ARAD,217,0,CAMINUL CULTURAL SAT PAIUSENI,CHISINDIA,10417,C,3,411,401,10,215,205,10,0,214,1,500,285,74,140
2,ARAD,218,0,CAMINUL CULTURAL SAT VASOAIA,CHISINDIA,10417,C,3,86,75,11,47,36,11,0,44,3,100,53,20,24
2,ARAD,219,0,SCOALA GENERALA CONOP,CONOP,10453,C,3,435,421,14,218,204,14,0,218,0,500,282,95,123
2,ARAD,220,0,SCOALA GENERALA SAT BELOTINT,CONOP,10453,C,3,248,238,10,137,127,10,0,137,0,300,163,67,70
2,ARAD,221,0,SCOALA GENERALA SAT CHELMAC,CONOP,10453,C,3,313,308,5,167,162,5,0,165,2,400,233,108,57
2,ARAD,222,0,SCOALA GENERALA SAT MILOVA,CONOP,10453,C,3,398,383,15,219,203,15,1,214,5,500,281,128,86
2,ARAD,223,0,SCOALA GENERALA SAT ODVOS,CONOP,10453,C,3,385,375,10,219,209,10,0,218,1,500,281,112,106
2,ARAD,224,0,CAMINUL CULTURAL COVASANT NR 320,COVASINT,10514,C,3,2060,2048,12,941,918,12,11,927,14,2300,1359,405,522
2,ARAD,225,0,PRIMARIA COMUNEI CRAIVA NR 108,CRAIVA,10532,C,3,497,492,5,253,247,5,1,251,2,600,347,175,76
2,ARAD,226,0,SCOALA GENERALA SAT CHISLACA NR 382,CRAIVA,10532,C,3,597,585,12,309,297,12,0,304,5,700,391,189,115
2,ARAD,227,0,SCOALA GENERALA SAT MARAUS NR 90A,CRAIVA,10532,C,3,287,279,8,176,168,8,0,172,4,300,124,93,79
2,ARAD,228,0,SCOALA GENERALA SAT STOINESTI NR 84A,CRAIVA,10532,C,3,162,156,6,108,102,6,0,108,0,200,92,47,61
2,ARAD,229,0,SCOALA GENERALA SAT SUSAG NR 56,CRAIVA,10532,C,3,383,378,5,184,179,5,0,181,3,500,316,89,92
2,ARAD,230,0,CAMINUL CULTURAL SAT COROI NR 35,CRAIVA,10532,C,3,126,116,10,89,79,10,0,89,0,200,111,35,54
2,ARAD,231,0,SCOALA GENERALA SAT SIAD NR 136,CRAIVA,10532,C,3,261,248,13,174,161,13,0,174,0,300,126,112,62
2,ARAD,232,0,SCOALA GENERALA SAT ROGOZ NR 51,CRAIVA,10532,C,3,142,134,8,106,98,8,0,106,0,200,94,71,35
2,ARAD,233,0,CAMINUL CULTURAL SAT CIUNTESTI NR 70,CRAIVA,10532,C,3,163,155,8,81,73,8,0,81,0,200,119,57,24
2,ARAD,234,0,CAMINUL CULTURAL DEZNA CALEA LAZULUI NR 1,DEZNA,10649,C,3,741,735,6,453,404,6,43,447,6,800,347,210,237
2,ARAD,235,0,CAMINUL CULTURAL SAT BUHANI NR 37A,DEZNA,10649,C,3,167,161,6,109,102,6,1,108,1,226,117,55,53
2,ARAD,236,0,SCOALA GENERALA SLATINA DE CRIS NR 16,DEZNA,10649,C,3,165,154,11,96,85,11,0,94,2,200,104,34,60
2,ARAD,237,0,CAMINUL CULTURAL NEAGRA NR 29,DEZNA,10649,C,3,138,130,8,65,57,8,0,64,1,200,135,26,38
2,ARAD,238,0,CAMINUL CULTURAL LAZ NR 22,DEZNA,10649,C,3,74,67,7,41,34,7,0,41,0,98,57,12,29
2,ARAD,239,0,PRIMARIA COMUNEI DIECI,DIECI,10701,C,3,667,662,5,392,375,5,12,391,1,800,408,149,242
2,ARAD,240,0,CAMINUL CULTURAL SAT CROCNA,DIECI,10701,C,3,394,388,6,208,201,6,1,207,1,500,292,100,107
2,ARAD,241,0,CAMINUL CULTURAL SAT REVETIS,DIECI,10701,C,3,333,326,7,173,155,7,11,171,2,400,227,58,113
2,ARAD,242,0,SCOALA CU CLS I-VIII USUSAU NR 312,DORGOS,10765,C,3,403,400,3,237,214,3,20,236,1,500,263,108,128
2,ARAD,243,0,CAMINUL CULTURAL SAT DORGOS,DORGOS,10765,C,3,185,162,23,132,109,23,0,126,6,200,68,76,50
2,ARAD,244,0,SCOALA PATARS SAT PATARS,DORGOS,10765,C,3,78,62,16,36,20,16,0,35,1,100,64,21,14
2,ARAD,245,0,SCOALA CU CLS I-IV SAT ZABALT,DORGOS,10765,C,3,246,233,13,150,137,13,0,147,3,300,150,101,46
2,ARAD,246,0,SCOALA CU CLS I-IV SAT BRUZNIC,DORGOS,10765,C,3,121,110,11,68,57,11,0,66,2,200,132,56,10
2,ARAD,247,0,CAMINUL CULTURAL DOROBANTI NR 91,DOROBANTI,12912,C,3,1428,1420,8,496,445,8,43,493,3,1600,1104,366,127
2,ARAD,248,0,SCOALA CU CLS I-VIII FELNAC LOCALUL NR 2,FELNAC,10827,C,3,2066,2037,29,950,921,29,0,938,12,2300,1350,373,565
2,ARAD,249,0,SCOALA CU CLS I-IV SAT CALUGARENI,FELNAC,10827,C,3,202,191,11,119,108,11,0,115,4,300,181,42,73
2,ARAD,250,0,PRIMARIA FANTANELE,FANTINELE,9280,C,3,1175,1157,18,573,551,18,4,569,4,1300,727,171,398
2,ARAD,251,0,SCOALA FANTANELE,FANTINELE,9280,C,3,813,796,17,405,387,17,1,402,3,900,495,183,219
2,ARAD,252,0,CAMINUL CULTURAL TISA NOUA,FANTINELE,9280,C,3,739,726,13,363,350,13,0,358,5,800,437,168,190
2,ARAD,253,0,PRIMARIA COMUNEI FRUMUSENI,FRUMUSENI,12920,C,3,1310,1290,20,662,641,20,1,654,8,1400,738,255,399
2,ARAD,254,0,CAMINUL CULTURAL ALUNIS,FRUMUSENI,12920,C,3,735,726,9,358,349,9,0,353,5,800,442,83,270
2,ARAD,255,0,CAMINUL CULTURAL GHIOROC NR 3,GHIOROC,10872,C,3,1470,1452,18,604,584,18,2,600,4,1600,996,164,436
2,ARAD,256,0,CAMINUL CULTURAL SAT CUVIN NR 98,GHIOROC,10872,C,3,1265,1248,17,607,590,17,0,604,3,1400,793,185,419
2,ARAD,257,0,CAMINUL CULTURAL SAT MINIS NR 165,GHIOROC,10872,C,3,563,554,9,280,271,9,0,279,1,600,320,65,214
2,ARAD,258,0,PRIMARIA COMUNEI GRANICERI NR 10,GRANICERI,10916,C,3,1072,1065,7,517,509,7,1,513,4,1200,683,287,226
2,ARAD,259,0,SCOALA GENERALA SAT SICLAU NR 137,GRANICERI,10916,C,3,956,943,13,392,379,13,0,387,5,1100,708,223,164
2,ARAD,260,0,CAMINUL CULTURAL GURAHONT STR AVRAM IANCU NR 12,GURAHONT,10943,C,3,1348,1330,18,758,712,18,28,751,7,1500,742,239,512
2,ARAD,261,0,CAMINUL CULTURAL IOSASEL STR IOSASEL NR 64,GURAHONT,10943,C,3,318,306,12,209,178,12,19,208,1,400,191,69,139
2,ARAD,262,0,CAMINUL CULTURAL SAT BONTESTI NR 242,GURAHONT,10943,C,3,583,571,12,332,320,12,0,332,0,692,360,89,243
2,ARAD,263,0,SCOALA CU CLS I-IV FENIS NR 1 SAT FENIS,GURAHONT,10943,C,3,156,150,6,101,95,6,0,99,2,200,99,48,51
2,ARAD,264,0,SCOALA CU CLS I-IV HONTISOR NR 138,GURAHONT,10943,C,3,282,275,7,182,175,7,0,181,1,400,218,69,112
2,ARAD,265,0,SCOALA CU CLS I-IV IOSAS NR 48,GURAHONT,10943,C,3,221,214,7,151,143,7,1,151,0,300,149,61,90
2,ARAD,266,0,CAMINUL CULTURAL SAT PESCARI NR 151,GURAHONT,10943,C,3,237,231,6,146,139,6,1,145,1,300,154,67,78
2,ARAD,267,0,CAMINUL CULTURAL VALEA MARE NR 62,GURAHONT,10943,C,3,90,81,9,66,57,9,0,66,0,100,34,40,26
2,ARAD,268,0,CAMINUL CULTURAL SAT ZIMBRU NR 125,GURAHONT,10943,C,3,421,416,5,206,201,5,0,206,0,500,294,91,115
2,ARAD,269,0,PRIMARIA HALMAGIU STR PRIMARIEI NR 9,HALMAGIU,11058,C,3,1113,1105,8,486,478,8,0,481,5,1300,814,170,311
2,ARAD,270,0,SCOALA NR 6 POIENARI,HALMAGIU,11058,C,3,211,201,10,124,114,10,0,122,2,300,176,49,73
2,ARAD,271,0,CAMINUL CULTURAL TARMURE NR 28 SAT TARMURE,HALMAGIU,11058,C,3,372,366,6,178,172,6,0,177,1,500,322,78,99
2,ARAD,272,0,TISA SCOALA NR 45,HALMAGIU,11058,C,3,249,241,8,143,135,8,0,142,1,300,157,77,65
2,ARAD,273,0,LEASA SCOALA NR 45,HALMAGIU,11058,C,3,248,236,12,126,114,12,0,125,1,300,174,45,80
2,ARAD,274,0,BANESTI CAMIN CULTURAL NR 54,HALMAGIU,11058,C,3,352,344,8,189,181,8,0,188,1,400,211,53,135
2,ARAD,275,0,BRUSTURI SCOALA NR 54,HALMAGIU,11058,C,3,443,437,6,208,202,6,0,208,0,500,292,53,155
2,ARAD,276,0,PRIMARIA COMUNEI HALMAGEL-SALA DE SEDINTE,HALMAGEL,11174,C,3,631,625,6,336,330,6,0,332,4,700,364,146,186
2,ARAD,277,0,SCOALA GENERALA SAT LUNCSOARA,HALMAGEL,11174,C,3,450,445,5,217,212,5,0,211,6,500,283,86,125
2,ARAD,278,0,SCOALA GENERALA SAT SIRBI,HALMAGEL,11174,C,3,140,133,7,95,88,7,0,94,1,200,105,46,48
2,ARAD,279,0,SCOALA GENERALA TIRNAVITA,HALMAGEL,11174,C,3,180,175,5,129,124,5,0,129,0,200,71,91,38
2,ARAD,280,0,PRIMARIA COMUNEI HASMAS NR 217,HASMAS,11236,C,3,418,407,11,289,274,11,4,289,0,500,211,137,152
2,ARAD,281,0,CAMIN CULTURAL SAT CLIT NR 33,HASMAS,11236,C,3,78,72,6,59,52,6,1,57,2,100,41,28,29
2,ARAD,282,0,SCOALA CU CLS I-IV URVIS NR 9,HASMAS,11236,C,3,209,203,6,149,139,6,4,147,2,300,151,62,85
2,ARAD,283,0,CAMIN CULTURAL SAT COMANESTI NR 61,HASMAS,11236,C,3,114,107,7,88,81,7,0,87,1,200,112,36,51
2,ARAD,284,0,SCOALA CU CLS I-IV SAT AGRISUL MIC NR 110,HASMAS,11236,C,3,149,147,2,108,106,2,0,106,2,200,92,47,59
2,ARAD,285,0,SCOALA CU CLS I-IV SAT BOTFEL NR 97,HASMAS,11236,C,3,214,202,12,146,125,12,9,145,1,300,154,62,83
2,ARAD,286,0,PRIMARIA COMUNEI IGNESTI,IGNESTI,11307,C,3,231,226,5,171,162,5,4,170,1,300,129,95,75
2,ARAD,287,0,CAMIN CULTURAL MINEAD,IGNESTI,11307,C,3,103,100,3,74,71,3,0,73,1,200,126,45,28
2,ARAD,288,0,SCOALA GENERALA NADALBESTI,IGNESTI,11307,C,3,125,119,6,63,57,6,0,62,1,200,137,34,28
2,ARAD,289,0,SCOALA GENERALA SUSANI,IGNESTI,11307,C,3,202,200,2,117,109,2,6,114,3,300,183,57,57
2,ARAD,290,0,CONSILIUL LOCAL IRATOSU,IRATOSU,11352,C,3,1504,1462,42,528,486,42,0,519,9,1600,1072,302,217
2,ARAD,291,0,SCOALA GENERALA DIN SATUL VARIASUL; MARE,IRATOSU,11352,C,3,316,302,14,130,116,14,0,129,1,400,270,64,65
2,ARAD,292,0,SCOALA GENERALA DIN SATUL VARIASUL MIC,IRATOSU,11352,C,3,112,99,13,49,36,13,0,49,0,200,151,23,26
2,ARAD,293,0,SCOALA GENERALA LIVADA NR 62,LIVADA,9333,C,3,1237,1229,8,580,572,8,0,575,5,1399,819,218,357
2,ARAD,294,0,SCOALA CU CLS.I-IV SAT SINLEANI NR 120,LIVADA,9333,C,3,1334,1321,13,594,581,13,0,588,6,1500,906,184,404
2,ARAD,295,0,SCOALA GENERALA MACEA LOCALUL 1,MACEA,11398,C,3,1790,1778,12,787,766,12,9,782,5,2000,1213,216,566
2,ARAD,296,0,SCOALA GENERALA MACEA LOCALUL 2,MACEA,11398,C,3,1689,1667,22,739,717,22,0,729,10,1800,1061,310,419
2,ARAD,297,0,SCOALA GENERALA SAT SINMARTIN,MACEA,11398,C,3,1806,1783,23,712,686,23,3,701,11,2000,1288,331,370
2,ARAD,298,0,PRIMARIA COMUNEI MISCA NR 116,MISCA,11423,C,3,888,880,8,453,434,8,11,441,12,1000,547,304,137
2,ARAD,299,0,SEDIUL FOSTEI PRIMARII SAT SATU NOU NR 318,MISCA,11423,C,3,692,682,10,352,334,10,8,349,3,800,448,301,48
2,ARAD,300,0,SCOALA GENERALA SAT VINATORI FN,MISCA,11423,C,3,913,903,10,533,523,10,0,523,10,1000,467,420,103
2,ARAD,301,0,SCOALA ELEMENTARA SAT ZERINDU MIC NR 33,MISCA,11423,C,3,162,157,5,102,96,5,1,100,2,200,98,80,20
2,ARAD,302,0,CAMINUL CULTURAL MONEASA,MONEASA,11478,C,3,696,694,2,428,413,2,13,425,3,809,381,126,299
2,ARAD,303,0,SCOALA SAT RANUSA,MONEASA,11478,C,3,241,233,8,155,146,8,1,154,1,308,153,65,89
2,ARAD,304,0,CONSILIUL LOCAL OLARI,OLARI,11502,C,3,1237,1220,17,608,591,17,0,602,6,1400,792,252,350
2,ARAD,305,0,SCOALA CL I-IV SAT SINTEA MICA,OLARI,11502,C,3,322,307,15,210,195,15,0,209,1,400,190,72,137
2,ARAD,306,0,CAMINUL CULTURAL PAULIS,PAULIS,11539,C,3,1470,1458,12,706,691,12,3,699,7,1600,894,217,482
2,ARAD,307,0,SEDIUL FOSTEI PRIMARII SIMBATENI,PAULIS,11539,C,3,1354,1338,16,768,752,16,0,763,5,1500,732,234,529
2,ARAD,308,0,CAMINUL CULTURAL SAT CLADOVA,PAULIS,11539,C,3,285,276,9,169,160,9,0,166,3,400,231,71,95
2,ARAD,309,0,FOSTUL MAGAZIN SATESC BARATCA NR 630D,PAULIS,11539,C,3,191,180,11,106,95,11,0,103,3,200,94,43,60
2,ARAD,310,0,SALA DE SEDINTE A CONSILIULUI LOCAL PEREGU MARE NR 137,PEREGU MARE,11637,C,3,842,836,6,305,295,6,4,302,3,1000,695,155,147
2,ARAD,311,0,SEDIUL FOSTULUI CAP SAT PEREGU MIC NR 323,PEREGU MARE,11637,C,3,734,727,7,183,173,7,3,182,1,800,617,149,33
2,ARAD,312,0,CONSILIUL LOCAL PETRIS NR 253,PETRIS,11664,C,3,406,400,6,206,196,6,4,203,3,500,294,87,116
2,ARAD,313,0,CAMINUL CULTURAL SAT ILTEU NR 54,PETRIS,11664,C,3,235,228,7,135,128,7,0,135,0,300,165,68,67
2,ARAD,314,0,CAMINUL CULTURAL SELISTE NR 60,PETRIS,11664,C,3,103,97,6,64,58,6,0,59,5,200,136,26,33
2,ARAD,315,0,CAMINUL CULTURAL SAT CORBESTI NR 46,PETRIS,11664,C,3,174,166,8,103,95,8,0,101,2,200,97,62,39
2,ARAD,316,0,CAMINUL CULTURAL SAT ROSIA NOUA,PETRIS,11664,C,3,287,276,11,145,134,11,0,145,0,400,255,83,62
2,ARAD,317,0,CAMINUL CULTURAL SAT OBARSIA NR 47,PETRIS,11664,C,3,117,110,7,74,67,7,0,71,3,200,126,60,11
2,ARAD,318,0,PRIMARIA COMUNEI PILU NR 69,PILU,11735,C,3,780,769,11,450,437,11,2,444,6,900,450,287,157
2,ARAD,319,0,SCOALA GENERALA SAT VARSAND NR 31,PILU,11735,C,3,685,679,6,290,284,6,0,283,7,800,510,163,120
2,ARAD,320,0,CAMINUL CULTURAL PLESCUTA NR 34,PLESCUTA,11762,C,3,327,325,2,171,169,2,0,170,1,400,229,71,99
2,ARAD,321,0,CAMINUL CULTURAL SAT TALAGIU NR 62,PLESCUTA,11762,C,3,447,441,6,234,228,6,0,231,3,500,266,120,111
2,ARAD,322,0,SCOALA CU CL I-IV SAT ACIUTA NR 125,PLESCUTA,11762,C,3,210,201,9,113,104,9,0,110,3,300,187,51,59
2,ARAD,323,0,CAMINUL CULTURAL GURA VAII NR 41,PLESCUTA,11762,C,3,289,280,9,158,149,9,0,157,1,300,142,70,87
2,ARAD,324,0,SEDIUL CONSILIULUI LOCAL SAVARSIN,SAVARSIN,11842,C,3,1161,1150,11,592,581,11,0,589,3,1300,708,210,379
2,ARAD,325,0,CAMINUL CULTURAL SAT PIRNESTI,SAVARSIN,11842,C,3,192,186,6,102,96,6,0,102,0,300,198,50,52
2,ARAD,326,0,SCOALA DE 4 ANI SAT TROAS,SAVARSIN,11842,C,3,180,174,6,112,97,6,9,109,3,200,88,49,60
2,ARAD,327,0,CAMINUL CULTURAL TEMESESTI,SAVARSIN,11842,C,3,130,124,6,96,90,6,0,96,0,200,104,49,47
2,ARAD,328,0,CAMINUL CULTURAL SAT TOC,SAVARSIN,11842,C,3,400,395,5,197,192,5,0,196,1,500,303,121,75
2,ARAD,329,0,SCOALA DE 4 ANI CAPRIOARA,SAVARSIN,11842,C,3,286,279,7,141,134,7,0,138,3,300,159,62,76
2,ARAD,330,0,SCOALA DE 4 ANI VALEA MARE,SAVARSIN,11842,C,3,176,171,5,94,89,5,0,93,1,200,106,45,48
2,ARAD,331,0,PRIMARIA SECUSIGIU,SECUSIGIU,11940,C,3,1700,1686,14,705,684,14,7,703,2,1900,1195,284,419
2,ARAD,332,0,SCOALA CL I-IV SAT SATU MARE,SECUSIGIU,11940,C,3,806,788,18,352,334,18,0,350,2,900,548,102,248
2,ARAD,333,0,CAMINUL CULTURAL SAT MUNAR,SECUSIGIU,11940,C,3,416,396,20,244,224,20,0,243,1,500,256,93,150
2,ARAD,334,0,SCOALA GENERALA SAT SIMPETRU GERMAN,SECUSIGIU,11940,C,3,1566,1535,31,595,561,31,3,588,7,1700,1105,232,356
2,ARAD,335,0,CONSILIUL LOCAL SELEUS NR 200,SELEUS,11995,C,3,1596,1581,15,773,756,15,2,769,4,1700,927,317,452
2,ARAD,336,0,SCOALA GENERALA IERMATA NR 14,SELEUS,11995,C,3,329,315,14,153,139,14,0,151,2,400,247,45,106
2,ARAD,337,0,SEDIUL PRIMARIEI NR 332 SAT MORODA,SELEUS,11995,C,3,564,550,14,261,247,14,0,260,1,600,339,99,161
2,ARAD,338,0,SCOALA GENERALA NR 1 SEMLAC NR 648,SEMLAC,12037,C,3,1551,1537,14,565,545,14,6,560,5,1700,1135,172,388
2,ARAD,339,0,SCOALA GENERALA NR 2 SEMLAC NR 767,SEMLAC,12037,C,3,1614,1594,20,661,639,20,2,653,8,1800,1139,297,356
2,ARAD,340,0,GRADINITA DE COPII SINTEA MARE,SINTEA MARE,12055,C,3,906,903,3,522,507,3,12,517,5,1000,478,207,310
2,ARAD,341,0,CAMINUL CULTURAL SAT ADEA,SINTEA MARE,12055,C,3,784,773,11,282,271,11,0,278,4,900,618,233,45
2,ARAD,342,0,CAMINUL CULTURAL SAT TIPARI,SINTEA MARE,12055,C,3,1136,1128,8,455,439,8,8,448,7,1200,745,284,164
2,ARAD,343,0,PRIMARIA SOCODOR,SOCODOR,12126,C,3,1820,1795,25,871,846,25,0,867,4,2000,1129,372,495
2,ARAD,344,0,PRIMARIA COMUNEI SAGU,SAGU,12144,C,3,1672,1648,24,907,870,24,13,907,0,1800,893,219,688
2,ARAD,345,0,SCOALA GENERALA SAT CRUCENI,SAGU,12144,C,3,538,520,18,275,257,18,0,274,1,600,325,120,154
2,ARAD,346,0,SCOALA GENERALA SAT FIRITEAZ,SAGU,12144,C,3,353,339,14,206,192,14,0,206,0,400,194,79,127
2,ARAD,347,0,SCOALA GENERALA SAT FISCUT,SAGU,12144,C,3,381,371,10,256,246,10,0,255,1,402,146,102,153
2,ARAD,348,0,SCOALA GENERALA SAT HUNEDOARA TIMISANA,SAGU,12144,C,3,202,191,11,114,101,11,2,114,0,300,186,35,79
2,ARAD,349,0,PRIMARIA COMUNEI SEITIN STR REVOLUTIEI NR 47,SEITIN,12206,C,3,1200,1182,18,462,444,18,0,459,3,1300,838,232,227
2,ARAD,350,0,SCOALA CU CL I-IV SEITIN STR REVOLUTIEI NR 40,SEITIN,12206,C,3,1056,1046,10,439,429,10,0,432,7,1100,661,206,226
2,ARAD,351,0,PRIMARIA COMUNEI SEPREUS -SALA MARE,SEPREUS,12224,C,3,910,910,0,445,445,0,0,441,4,1100,655,209,232
2,ARAD,352,0,CAMINUL CULTURAL SEPREUS,SEPREUS,12224,C,3,1120,1119,1,452,451,1,0,447,5,1200,748,213,234
2,ARAD,353,0,CLUB CAMIN CULTURAL SICULA,SICULA,12242,C,3,996,986,10,477,466,10,1,472,5,1100,623,200,272
2,ARAD,354,0,SCOALA GENERALA SICULA,SICULA,12242,C,3,952,948,4,392,388,4,0,390,2,1000,608,148,242
2,ARAD,355,0,CAMINUL CULTURAL SAT GURBA,SICULA,12242,C,3,980,974,6,525,511,6,8,518,7,1100,575,285,233
2,ARAD,356,0,SCOALA GENERALA CHERELUS,SICULA,12242,C,3,797,797,0,417,411,0,6,413,4,900,483,151,262
2,ARAD,357,0,CAMINUL CULTURAL SILINDIA,SILINDIA,12288,C,3,710,706,4,432,420,4,8,426,6,835,403,275,151
2,ARAD,358,0,SCOALA CU CL I-IV SIMANDU DE JOS NR 1202,SIMAND,12340,C,3,1845,1837,8,816,800,8,8,807,9,2000,1184,324,483
2,ARAD,359,0,SCOALA CU CL I-IV SIMANDU DE SUS NR 693,SIMAND,12340,C,3,1336,1333,3,666,658,3,5,657,9,1500,834,267,390
2,ARAD,360,0,CAMINUL CULTURAL SIRIA NR 158,SIRIA,12368,C,3,2132,2116,16,839,810,16,13,833,6,2300,1461,385,448
2,ARAD,361,0,SCOALA CU CL I-IV SIRIA NR 286,SIRIA,12368,C,3,2034,2021,13,798,775,13,10,785,13,2200,1402,442,343
2,ARAD,362,0,CAMINUL CULTURAL SAT GALSA NR 136A,SIRIA,12368,C,3,1717,1707,10,785,763,10,12,782,3,1900,1115,330,452
2,ARAD,363,0,CAMINUL CULTURAL SAT MISCA NR 258,SIRIA,12368,C,3,795,778,17,426,401,17,8,420,6,900,474,202,218
2,ARAD,364,0,PRIMARIA COMUNEI SISTAROVAT NR 116,SISTAROVAT,12402,C,3,278,272,6,181,169,6,6,181,0,300,119,95,86
2,ARAD,365,0,CAMINUL CULTURAL SOFRONEA,SOFRONEA,9360,C,3,1585,1565,20,699,679,20,0,695,4,1700,1001,262,433
2,ARAD,366,0,SCOALA CL I-IV SAT SINPAUL NR 252,SOFRONEA,9360,C,3,491,476,15,223,206,15,2,218,5,500,277,137,81
2,ARAD,367,0,CAMINUL CULTURAL TAUT,TAUT,12457,C,3,672,656,16,426,362,16,48,423,3,700,274,276,147
2,ARAD,368,0,CAMINUL CULTURAL SAT NADAS,TAUT,12457,C,3,745,733,12,438,426,12,0,437,1,800,362,215,222
2,ARAD,369,0,SCOALA GENERALA SAT MINISEL,TAUT,12457,C,3,176,169,7,119,112,7,0,119,0,200,81,85,34
2,ARAD,370,0,SCOALA GENERALA SAT MINISUL DE SUS,TAUT,12457,C,3,117,104,13,73,60,13,0,72,1,200,127,40,32
2,ARAD,371,0,CAMINUL CULTURAL TIRNOVA,TARNOVA,12509,C,3,1518,1505,13,786,743,13,30,778,8,1700,914,336,442
2,ARAD,372,0,CAMINUL CULTURAL SAT CHIER,TARNOVA,12509,C,3,907,890,17,434,398,17,19,431,3,1000,566,188,243
2,ARAD,373,0,CAMINUL CULTURAL SAT AGRISU MARE,TARNOVA,12509,C,3,794,788,6,390,384,6,0,386,4,900,510,136,250
2,ARAD,374,0,CAMINUL CULTURAL SAT ARANEAG,TARNOVA,12509,C,3,324,310,14,188,174,14,0,184,4,400,212,102,82
2,ARAD,375,0,CAMINUL CULTURAL SAT DRAUT,TARNOVA,12509,C,3,753,741,12,416,400,12,4,414,2,800,384,240,174
2,ARAD,376,0,CAMINUL CULTURAL SAT DUD,TARNOVA,12509,C,3,460,460,0,281,269,0,12,279,2,500,219,171,108
2,ARAD,377,0,CAMINUL CULTURAL VARADIA DE MURES,VARADIA DE MURES,12572,C,3,485,476,9,194,184,9,1,193,1,500,306,90,103
2,ARAD,378,0,SCOALA GENERALA SAT JULITA,VARADIA DE MURES,12572,C,3,352,341,11,214,172,11,31,211,3,400,186,70,141
2,ARAD,379,0,CAMINUL CULTURAL SAT LUPESTI,VARADIA DE MURES,12572,C,3,264,261,3,164,160,3,1,163,1,300,136,109,54
2,ARAD,380,0,SCOALA GENERALA SAT BALCESCU,VARADIA DE MURES,12572,C,3,218,209,9,111,102,9,0,111,0,300,189,45,66
2,ARAD,381,0,CAMINUL CULTURAL SAT BAIA,VARADIA DE MURES,12572,C,3,134,120,14,85,71,14,0,83,2,200,115,30,53
2,ARAD,382,0,SCOALA GENERALA SAT STEJAR,VARADIA DE MURES,12572,C,3,132,126,6,80,74,6,0,80,0,200,120,30,50
2,ARAD,383,0,PRIMARIA COMUNEI VINGA,VINGA,12643,C,3,1742,1714,28,845,817,28,0,834,11,1900,1055,201,633
2,ARAD,384,0,SCOALA GENERALA NR 2 VINGA,VINGA,12643,C,3,1646,1613,33,720,687,33,0,708,12,1800,1080,242,466
2,ARAD,385,0,CAMINUL CULTURAL SAT MAILAT,VINGA,12643,C,3,878,865,13,336,315,13,8,330,6,1000,664,210,120
2,ARAD,386,0,SCOALA GENERALA SAT MANASTUR,VINGA,12643,C,3,828,816,12,400,383,12,5,394,6,900,500,152,242
2,ARAD,387,0,PRIMARIA COMUNEI VIRFURILE-SALA DE SEDINTE A CONS LOCAL,VARFURILE,12689,C,3,1175,1154,21,629,607,21,1,625,4,1300,671,232,393
2,ARAD,388,0,SCOALA CU CL I-IV SAT AVRAM IANCU,VARFURILE,12689,C,3,788,778,10,366,356,10,0,362,4,900,534,127,235
2,ARAD,389,0,CAMINUL CULTURAL SAT LAZURI,VARFURILE,12689,C,3,748,731,17,378,361,17,0,377,1,800,422,179,198
2,ARAD,390,0,PRIMARIA COMUNEI VLADIMIRESCU STR REVOLUTIEI NR 4,VLADIMIRESCU,9397,C,3,1790,1759,31,763,732,31,0,758,5,1900,1137,230,528
2,ARAD,391,0,CAMINUL CULTURAL VLADIMIRESCU STR STEFAN CEL MARE 5,VLADIMIRESCU,9397,C,3,2051,2020,31,848,817,31,0,845,3,2200,1352,250,595
2,ARAD,392,0,SCOALA GENERALA VLADIMIRESCU STR GARII 59-61,VLADIMIRESCU,9397,C,3,1508,1485,23,794,670,23,101,792,2,1600,806,252,540
2,ARAD,393,0,SCOALA GENERALA SAT HOREA,VLADIMIRESCU,9397,C,3,1897,1869,28,975,947,28,0,966,9,2000,1025,325,641
2,ARAD,394,0,SCOALA GENERALA SAT MINDRULOC,VLADIMIRESCU,9397,C,3,937,919,18,433,415,18,0,426,7,1000,567,142,284
2,ARAD,395,0,SCOALA GENERALA SAT CICIR,VLADIMIRESCU,9397,C,3,716,700,16,409,393,16,0,407,2,800,391,136,271
2,ARAD,396,0,CAMINUL CULTURAL ZABRANI NR 648,ZABRANI,12778,C,3,1825,1800,25,806,770,25,11,802,4,2000,1194,255,547
2,ARAD,397,0,CAMINUL CULTURAL SAT CHESINT NR 488,ZABRANI,12778,C,3,926,907,19,458,439,19,0,455,3,1000,542,183,272
2,ARAD,398,0,CAMINUL CULTURAL SAT NEUDORF NR 146,ZABRANI,12778,C,3,817,802,15,420,402,15,3,411,9,900,480,179,232
2,ARAD,399,0,SEDIUL FORMATIEI DE POMPIERI CIVILI ZADARENI,ZADARENI,12938,C,3,1739,1710,29,801,772,29,0,797,4,1900,1099,265,532
2,ARAD,400,0,SCOALA GENERALA BODROGUL-NOU,ZADARENI,12938,C,3,169,156,13,94,81,13,0,92,2,200,106,34,58
2,ARAD,401,0,PRIMARIA COMUNEI ZARAND NR 512,ZARAND,12812,C,3,1064,1058,6,843,828,6,9,839,4,1200,357,212,627
2,ARAD,402,0,SCOALA GENERALA SAT CINTEI NR 86,ZARAND,12812,C,3,966,939,27,888,856,27,5,880,8,1100,212,267,613
2,ARAD,403,0,PRIMARIA COMUNEI ZERIND -SALA DE SEDINTE,ZERIND,12849,C,3,699,694,5,298,292,5,1,290,8,800,502,156,134
2,ARAD,404,0,SCOALA CU CL I-IV SAT IERMATA NEAGRA,ZERIND,12849,C,3,465,456,9,207,198,9,0,204,3,500,293,170,34
2,ARAD,405,0,SCOALA GENERALA ZIMANDU NOU,ZIMANDU NOU,12876,C,3,1313,1300,13,434,421,13,0,427,7,1400,966,140,287
2,ARAD,406,0,SCOALA GENERALA ANDREI SAGUNA,ZIMANDU NOU,12876,C,3,1213,1205,8,547,539,8,0,546,1,1300,753,151,395
2,ARAD,407,0,SCOALA GENERALA SAT ZIMAND CUZ,ZIMANDU NOU,12876,C,3,1245,1220,25,465,440,25,0,461,4,1300,835,221,240
3,ARGES,1,0,Biblioteca Judeteana Arges Dinicu Golescu str. Victoriei nr.18,MUNICIPIUL PITESTI,13169,M,1,1660,1587,73,1075,1001,73,1,1074,1,1800,725,398,676
3,ARGES,2,0,Colegiul  Economic Maria Teiuleanu Bd. Republicii nr.63,MUNICIPIUL PITESTI,13169,M,1,1316,1259,57,879,821,57,1,873,6,1500,621,313,560
3,ARGES,3,0,Scoala nr.3 Ion Pillat Intrarea Rahovei nr.6,MUNICIPIUL PITESTI,13169,M,1,1136,1108,28,656,625,28,3,646,10,1200,544,215,431
3,ARGES,4,0,Grup Scolar Industrial  de Constructii nr.2 Bd. Eroilor nr.26,MUNICIPIUL PITESTI,13169,M,1,1567,1539,28,932,904,28,0,928,4,1700,768,296,632
3,ARGES,5,0,Scoala nr.12 (Intrarea A) Str. Bradului nr.13 cartier Trivale,MUNICIPIUL PITESTI,13169,M,1,1710,1697,13,912,899,13,0,900,12,2000,1088,343,557
3,ARGES,6,0,Scoala nr.12 (Intrarea B) Str. Bradului nr.13 cartier Trivale,MUNICIPIUL PITESTI,13169,M,1,2176,2141,35,1080,1045,35,0,1074,6,2400,1320,422,652
3,ARGES,7,0,Scoala nr.12 (Intrarea C) Str. Bradului nr.13 cartier Trivale,MUNICIPIUL PITESTI,13169,M,1,1883,1857,26,810,779,26,5,805,5,2000,1189,322,483
3,ARGES,8,0,Casa de copii scolari - Calea Dragasani nr.10 cartier Trivale,MUNICIPIUL PITESTI,13169,M,1,2013,1994,19,952,920,19,13,949,3,2200,1247,378,571
3,ARGES,9,0,Gradinita nr.13 cu program prelungit - Str. Campului nr.1 cartier Trivale,MUNICIPIUL PITESTI,13169,M,1,1988,1960,28,837,807,28,2,832,5,2200,1363,331,501
3,ARGES,10,0,Scoala nr.13 Mircea cel Batran (Intrarea A) Str.Zimbrului nr.3 - cartier Trivale,MUNICIPIUL PITESTI,13169,M,1,1479,1458,21,788,767,21,0,784,4,1600,812,338,446
3,ARGES,11,0,Scoala nr.13 Mircea cel Batran (Intrarea B) Str.Zimbrului nr.3 - cartier Trivale,MUNICIPIUL PITESTI,13169,M,1,2218,2181,37,1131,1094,37,0,1122,9,2300,1166,457,665
3,ARGES,12,0,Scoala nr.13 Mircea cel Batran (Intrarea C) Str.Zimbrului nr.3 - cartier Trivale,MUNICIPIUL PITESTI,13169,M,1,2454,2418,36,1312,1276,36,0,1306,6,2600,1288,500,806
3,ARGES,13,0,Scoala nr.13 Mircea cel Batran (Intrarea D) Str.Zimbrului nr.3 - cartier Trivale,MUNICIPIUL PITESTI,13169,M,1,1789,1769,20,960,940,20,0,953,7,1900,940,414,539
3,ARGES,14,0,Gradinita cu program prelungit si cresa nr.6 (Intrarea A) Str. Frasinului nr.10,MUNICIPIUL PITESTI,13169,M,1,1661,1637,24,1000,976,24,0,993,7,1800,800,371,622
3,ARGES,15,0,Gradinita cu program prelungit si Cresa nr.6 (Intrarea B) Str. Frasinului nr.10,MUNICIPIUL PITESTI,13169,M,1,1904,1870,34,1090,1054,34,2,1084,6,2100,1004,418,666
3,ARGES,16,0,Grupul Scolar  Industrial Constructii Masini Dacia Str. Henri Coanda nr.4,MUNICIPIUL PITESTI,13169,M,1,1591,1554,37,982,944,37,1,978,4,1700,718,331,647
3,ARGES,17,0,Colegiul National I.C. Bratianu Str. Armand Calinescu nr.14,MUNICIPIUL PITESTI,13169,M,1,1212,1172,40,804,682,40,82,795,9,1600,796,267,528
3,ARGES,18,0,Scoala nr.9 (Intrarea A) Str. Negru Voda nr.33,MUNICIPIUL PITESTI,13169,M,1,1833,1810,23,1177,1127,23,27,1166,11,2002,825,478,688
3,ARGES,19,0,Scoala nr.9 (Intrarea B) Str. Negru Voda nr.33,MUNICIPIUL PITESTI,13169,M,1,1886,1864,22,1121,1095,22,4,1118,3,2100,978,417,701
3,ARGES,20,0, Dispensarul Uman - Zona Nord Aleea dr. Stefan Odobleja nr.3,MUNICIPIUL PITESTI,13169,M,1,2068,2020,48,1012,964,48,0,1005,7,2200,1188,447,558
3,ARGES,21,0,S.C. GROSMETCHIM S.A. Bd. N. Balcescu nr.48,MUNICIPIUL PITESTI,13169,M,1,2158,2145,13,1128,1115,13,0,1116,12,2400,1272,476,640
3,ARGES,22,0,Scoala nr.6 (Intrarea A) Bd. N. Balcescu nr.141 - cartier Gavana,MUNICIPIUL PITESTI,13169,M,1,2258,2232,26,1099,1071,26,2,1094,3,2500,1403,455,639
3,ARGES,23,0,Scoala nr.6 (Intrarea B) Bd. N. Balcescu nr.141 - cartier Gavana,MUNICIPIUL PITESTI,13169,M,1,2575,2539,36,1094,1058,36,0,1086,8,2700,1606,433,653
3,ARGES,24,0,Gradinita cu program prelungit si Cresa nr.10 Aleea Eftimie Antonescu nr4 Gavana,MUNICIPIUL PITESTI,13169,M,1,2366,2342,24,1141,1114,24,3,1136,5,2500,1359,483,653
3,ARGES,25,0,Scoala nr.15 Adrian Paunescu ( Intrarea A) Str. Paltinului nr.9 - cartier Gavana,MUNICIPIUL PITESTI,13169,M,1,2167,2124,43,1133,1090,43,0,1114,19,2300,1167,436,678
3,ARGES,26,0,Scoala nr.15 Adrian Paunescu (Intrarea B) Str. Paltinului nr.9 - cartier Gavana,MUNICIPIUL PITESTI,13169,M,1,2325,2306,19,1155,1136,19,0,1148,7,2500,1345,487,661
3,ARGES,27,0,Cinematograful Lumina Bd. Nicolae Balcescu nr.143,MUNICIPIUL PITESTI,13169,M,1,2545,2505,40,1296,1256,40,0,1285,11,2700,1404,555,730
3,ARGES,28,0,S.C. SUBANSAMBLE AUTO S.A. Bd. Nicolae Balcescu nr.157,MUNICIPIUL PITESTI,13169,M,1,1866,1840,26,1038,1012,26,0,1034,4,2000,962,405,629
3,ARGES,29,0,S.C. URSUS S.A. Bd. Nicolae Balcescu nr.158,MUNICIPIUL PITESTI,13169,M,1,1428,1406,22,853,831,22,0,848,5,1700,842,341,507
3,ARGES,30,0,S.C. LISA DRAXLMAIER S.A. (Intrarea A) Bd. Nicolae Balcescu Nr.186,MUNICIPIUL PITESTI,13169,M,1,2256,2222,34,1166,1132,34,0,1158,8,2400,1234,457,701
3,ARGES,31,0,S.C. LISA DRAXLMAIER S.A. (Intrarea B) Bd. Nicolae Balcescu Nr.186,MUNICIPIUL PITESTI,13169,M,1,1360,1247,113,789,676,113,0,780,7,1400,612,324,456
3,ARGES,32,0,Policlinica Spitalului Judetean (Intrarea A) Aleea Spitalului nr.32 cart. Gavana,MUNICIPIUL PITESTI,13169,M,1,2043,2001,42,1023,981,42,0,1018,5,2100,1077,411,607
3,ARGES,33,0,Policlinica Spitalului Judetean (Intrarea B) Aleea Spitalului nr.32 cart. Gavana,MUNICIPIUL PITESTI,13169,M,1,1991,1964,27,1142,1115,27,0,1135,7,2200,1058,449,686
3,ARGES,34,0,Grup Scolar Ion Cantacuzino Str. dr. Carol Davila  nr.1,MUNICIPIUL PITESTI,13169,M,1,1809,1789,20,900,877,20,3,895,5,2000,1100,344,551
3,ARGES,35,0,Scoala nr.19 (Intrarea A) str. Gheorghe Ionescu - Gion nr.8 - cartier Gavana,MUNICIPIUL PITESTI,13169,M,1,2286,2235,51,1255,1204,51,0,1250,5,2500,1245,454,796
3,ARGES,36,0,Scoala nr.19 (Intrarea B) str. Gheorghe Ionescu - Gion nr.8 - cartier Gavana,MUNICIPIUL PITESTI,13169,M,1,1852,1840,12,936,924,12,0,934,2,2000,1064,404,530
3,ARGES,37,0,Universitatea Constantin Brincoveanu Calea Bascovului nr.4,MUNICIPIUL PITESTI,13169,M,1,2346,2325,21,1217,1196,21,0,1208,9,2600,1383,448,760
3,ARGES,38,0,Scoala nr.14 Al. Davila Str. FagaraS nr.10,MUNICIPIUL PITESTI,13169,M,1,1964,1935,29,1096,1067,29,0,1090,6,2100,1004,398,692
3,ARGES,39,0,Scoala nr.10 Marin Preda (Intrarea B) Str. Pictor Nicolae Grigorescu nr.37,MUNICIPIUL PITESTI,13169,M,1,1790,1768,22,1057,1035,22,0,1055,2,2000,940,372,683
3,ARGES,40,0,Scoala nr.10 Marin Preda (Intrarea A) Str. Pictor Nicolae Grigorescu  nr.37,MUNICIPIUL PITESTI,13169,M,1,1980,1945,35,1209,1142,35,32,1207,2,2100,891,464,743
3,ARGES,41,0,Scoala nr.10 Marin Preda (Intrarea B) Str. Pictor Nicolae Grigorescu nr.37,MUNICIPIUL PITESTI,13169,M,1,1825,1793,32,1194,1161,32,1,1183,11,2000,806,492,691
3,ARGES,42,0,Gradinita cu program prelungit nr.3 Bd. I.C. Bratianu nr.50,MUNICIPIUL PITESTI,13169,M,1,911,887,24,556,532,24,0,554,2,1000,438,197,357
3,ARGES,43,0,Scoala nr.1 Nicolae Simonide (Intrarea A) Str. 9 Mai nr.50,MUNICIPIUL PITESTI,13169,M,1,1424,1405,19,924,901,19,4,917,7,1600,674,366,551
3,ARGES,44,0,Scoala nr.1 Nicolae Simonide (Intrarea B) Str. 9 Mai nr.50,MUNICIPIUL PITESTI,13169,M,1,1786,1707,79,1057,978,79,0,1053,4,2000,943,347,706
3,ARGES,45,0,Scoala nr.1 Nicolae Simonide (Intrarea A) Str. 9 Mai nr.50,MUNICIPIUL PITESTI,13169,M,1,1089,1075,14,694,659,14,21,690,4,1200,506,250,440
3,ARGES,46,0,Directia Apelor Arges - Vedea Calea Cimpulung nr.6,MUNICIPIUL PITESTI,13169,M,1,730,704,26,396,370,26,0,392,4,800,404,169,223
3,ARGES,47,0,Dispensarul nr.16 (in cladirea cresei nr.9) Str. Mihai Eminescu nr.1,MUNICIPIUL PITESTI,13169,M,1,2109,2088,21,1240,1219,21,0,1232,8,2200,960,385,847
3,ARGES,48,0,Grup Scolar de Industrie Usoara Armand Calinescu Bd. I.C. Bratianu nr.44,MUNICIPIUL PITESTI,13169,M,1,1782,1767,15,1148,1130,15,3,1143,5,2000,852,399,744
3,ARGES,49,0,Scoala nr.5 Nicolae Iorga (Intrarea A) Str. Raurilor nr.5,MUNICIPIUL PITESTI,13169,M,1,1680,1629,51,929,878,51,0,925,4,1800,871,295,630
3,ARGES,50,0,Scoala nr.5 Nicolae Iorga (Intrarea B) Str. Raurilor nr.5,MUNICIPIUL PITESTI,13169,M,1,1135,1110,25,684,657,25,2,679,5,1200,516,207,472
3,ARGES,51,0,Santier C.F. nr.11 Str. Garii nr.7,MUNICIPIUL PITESTI,13169,M,1,2262,2206,56,1208,1151,56,1,1205,3,2300,1089,438,767
3,ARGES,52,0,Scoala nr. 20 - cartier Tudor Vladimirescu,MUNICIPIUL PITESTI,13169,M,1,2878,2845,33,1498,1456,33,9,1492,6,3100,1602,511,981
3,ARGES,53,0,Scoala nr.18 (Intrarea A) Bd.  Petrochinmistilor nr.31 - cartier Prundu,MUNICIPIUL PITESTI,13169,M,1,2319,2295,24,1142,1118,24,0,1131,11,2500,1358,443,688
3,ARGES,54,0,Scoala nr.18 (Intrarea B) Bd.  Petrochimistilor nr.31 - cartier Prundu,MUNICIPIUL PITESTI,13169,M,1,1738,1720,18,761,739,18,4,757,4,1900,1139,309,448
3,ARGES,55,0,Scoala nr.7 (Intrarea A) Str. Horia Closcas si Crisan nr.7 - cartier Prundu,MUNICIPIUL PITESTI,13169,M,1,2983,2923,60,1424,1352,60,12,1413,11,3104,1680,592,821
3,ARGES,56,0,Scoala nr.7 (Intrarea B) Str. Horia Closcas si Crisan nr.7 - cartier Prundu,MUNICIPIUL PITESTI,13169,M,1,2897,2871,26,1524,1498,26,0,1522,2,3200,1675,576,946
3,ARGES,57,0,Depoul C.F.R. Pitesti Bd.  Republicii nr.157 - cartier Prundu,MUNICIPIUL PITESTI,13169,M,1,2082,2021,61,1175,1114,61,0,1167,8,2300,1125,460,707
3,ARGES,58,0,Grup Scolar de Chimie Industriala (Intrarea A) bd.Petrochimistilor nr.33 -Prundu,MUNICIPIUL PITESTI,13169,M,1,2326,2264,62,1241,1075,62,104,1222,19,2500,1259,500,722
3,ARGES,59,0,Grup Scolar de Chimie Industriala (Intrarea B) bd.Petrochimistilor nr.33 -Prundu,MUNICIPIUL PITESTI,13169,M,1,2044,2019,25,1167,1012,25,130,1159,8,2200,1033,501,658
3,ARGES,60,0,Scoala nr.8 Bd. Republicii nr.226,MUNICIPIUL PITESTI,13169,M,1,2390,2366,24,3021,1409,24,1588,3003,18,3100,79,919,2084
3,ARGES,61,0,SC ELECTRICA SA Sucursala de Distrib. a Energiei Electrice Pitesti Republici 148,MUNICIPIUL PITESTI,13169,M,1,1635,1615,20,1010,969,20,21,999,11,1800,790,354,645
3,ARGES,62,0,Scoala nr.11 Mihai Eminescu (Intrarea A) Str. Tineretului nr.4,MUNICIPIUL PITESTI,13169,M,1,1765,1745,20,987,960,20,7,985,2,2001,1014,377,608
3,ARGES,63,0,Scoala nr.11 Mihai Eminescu  (Intrarea B) Str. Tineretului nr.4,MUNICIPIUL PITESTI,13169,M,1,1529,1506,23,853,826,23,4,845,8,1700,845,363,482
3,ARGES,64,0,Gradinita cu program prelungit si Cresa nr.5 Str. Tineretului nr.2A,MUNICIPIUL PITESTI,13169,M,1,1291,1274,17,818,800,17,1,809,9,1400,582,331,478
3,ARGES,65,0,Universitatea Pitesti Aleea Scolii normale nr.7,MUNICIPIUL PITESTI,13169,M,1,1786,1738,48,1038,981,48,9,1032,6,2000,960,417,615
3,ARGES,66,0,Colegiul National Liceal Alexandru Odobescu Str. Burebista  nr.20,MUNICIPIUL PITESTI,13169,M,1,2224,2141,83,1167,1084,83,0,1154,11,2400,1235,439,715
3,ARGES,67,0,Gradinita cu program prelungit si Cresa nr.8 Str. Deceneu nr.1 cartier Razboieni,MUNICIPIUL PITESTI,13169,M,1,2653,2608,45,1121,1074,45,2,1107,14,2900,1779,440,667
3,ARGES,68,0,Scoala nr.2 Ion Minulescu (Intrarea A) Str. Exercitiu nr.206,MUNICIPIUL PITESTI,13169,M,1,2261,2238,23,1063,1040,23,0,1056,7,2500,1437,394,662
3,ARGES,69,0,Scoala nr.2 Ion Minulescu (Intrarea B) Str. Exercitiu nr.206,MUNICIPIUL PITESTI,13169,M,1,2034,1997,37,1185,1148,37,0,1174,11,2200,1015,498,676
3,ARGES,70,0,Colegiul Tehnic Dimitrie Dima (Intrarea A) Str. Decebal nr.2 Razboieni,MUNICIPIUL PITESTI,13169,M,1,2118,2095,23,1102,1079,23,0,1091,11,2300,1195,426,665
3,ARGES,71,0,Colegiul Tehnic Dimitrie Dima (Intrarea B) Str. Decebal nr.2 Razboieni,MUNICIPIUL PITESTI,13169,M,1,1893,1645,248,937,688,248,1,932,5,1900,957,414,518
3,ARGES,72,0,Scoala nr.17 Str. Vasile Parvan nr.1,MUNICIPIUL PITESTI,13169,M,1,1281,1261,20,921,901,20,0,912,9,2200,1279,379,533
3,ARGES,73,0,Grup Scolar de Industralizare a Lemnului Str. Patrascu Voda nr.4,MUNICIPIUL PITESTI,13169,M,1,2048,2030,18,1178,1160,18,0,1170,8,2200,1022,394,776
3,ARGES,74,0,S.C. AUTO DACIA S.A. Str.Patrascu Voda nr.2,MUNICIPIUL PITESTI,13169,M,1,2236,2202,34,1289,1255,34,0,1282,6,2400,1111,422,860
3,ARGES,75,0,Cresa Dobrescu Arges Str. Al. D. Xenopol nr.2A - cartier Banat,MUNICIPIUL PITESTI,13169,M,1,2274,2239,35,1126,1089,35,2,1122,4,2400,1274,436,686
3,ARGES,76,0,Gradinita cu program prelungit si Cresa nr.14 Aleea Fratii Trifonescu  nr6 Banat,MUNICIPIUL PITESTI,13169,M,1,2195,2137,58,1248,1190,58,0,1235,13,2400,1152,468,767
3,ARGES,77,0,Scoala nr.16 I.L. Caragiale  (Intrarea A) Intrarea Petrache Poenaru nr.2 Banat,MUNICIPIUL PITESTI,13169,M,1,2169,2112,57,1115,1058,57,0,1109,6,2300,1185,444,665
3,ARGES,78,0,Scoala nr.16 I.L. Caragiale  (Intrarea B) Intrarea Petrache Poenaru nr.2 Banat,MUNICIPIUL PITESTI,13169,M,1,2516,2476,40,1267,1227,40,0,1257,10,2700,1433,508,749
3,ARGES,79,0,Scoala nr.4 (Intrarea A) Str. Traian nr.35,MUNICIPIUL PITESTI,13169,M,1,2251,2194,57,1314,1253,57,4,1304,10,2400,1086,477,827
3,ARGES,80,0,Scoala nr.4 (Intrarea B) Str. Traian nr.35,MUNICIPIUL PITESTI,13169,M,1,1945,1907,38,1179,1087,38,54,1172,7,2100,921,501,671
3,ARGES,81,1,Sectia speciala pentu studenti UNIVERSITATEA PITESTI Aleea Scolii Normale nr.7,MUNICIPIUL PITESTI,13169,M,1,11,0,11,312,0,11,301,309,3,400,88,79,230
3,ARGES,82,1,Sectia speciala SPITALUL JUDETEAN ARGES Aleea Spitalului nr.36 - cartier Gavana,MUNICIPIUL PITESTI,13169,M,1,8,0,8,414,0,8,406,408,6,702,288,207,201
3,ARGES,83,1,Sectia Speciala SPITALUL DE PEDIATRIE PITESTI Str. Dacia nr.1,MUNICIPIUL PITESTI,13169,M,1,14,0,14,118,0,14,104,117,1,200,82,42,75
3,ARGES,84,1,Sectia Speciala SPITALUL MILIRAR DE URGENTA DR. ION JIANU Str. Negru Voda nr.47,MUNICIPIUL PITESTI,13169,M,1,12,0,12,128,0,12,116,128,0,200,72,76,52
3,ARGES,85,1,Sectia Speciala SPITALUL NICOLAE BALCESCU Bd. I.C. Bratianu nr.62,MUNICIPIUL PITESTI,13169,M,1,9,0,9,80,0,9,71,80,0,300,220,46,34
3,ARGES,86,1,Sectie speciala CENTRUL DE INGRIJIRE SI ASISTENTA PITESTI Aleea Spitalului nr.2,MUNICIPIUL PITESTI,13169,M,1,9,0,9,141,0,9,132,139,2,200,59,87,52
3,ARGES,87,1,Sectie speciala SPITALUL JUDETEAN NR.2 ARGES Str. Negru Voda nr.53,MUNICIPIUL PITESTI,13169,M,1,9,0,9,76,0,9,67,74,2,100,24,39,35
3,ARGES,88,1,Sectie speciala pentru militari UM 01261 Str.Stadionului nr. 4,MUNICIPIUL PITESTI,13169,M,1,9,0,9,273,0,9,264,264,9,300,27,128,136
3,ARGES,89,1,Sectie speciala pentru militari UM 01225 Str.Trivale nr.16,MUNICIPIUL PITESTI,13169,M,1,58,0,58,297,0,58,239,289,8,300,3,151,138
3,ARGES,90,0,Casa de cultura Tudor Musatescu Str. Republicii nr.63,MUNICIPIUL CAMPULUNG,13490,M,1,1153,1132,21,645,624,21,0,644,1,1200,555,247,397
3,ARGES,91,0,Scoala Generala nr.1 Str. General Posoiu nr.1,MUNICIPIUL CAMPULUNG,13490,M,1,1185,1170,15,709,694,15,0,705,4,1200,491,274,431
3,ARGES,92,0,Liceul Industrial nr.1 Str. Negru Voda nr.145,MUNICIPIUL CAMPULUNG,13490,M,1,1474,1455,19,870,849,19,2,869,1,1500,630,280,589
3,ARGES,93,0,Piata Agroalimentara Grui,MUNICIPIUL CAMPULUNG,13490,M,1,2219,2203,16,1083,1063,16,4,1075,8,2300,1217,303,772
3,ARGES,94,0,Piata Agroalimentara Grui,MUNICIPIUL CAMPULUNG,13490,M,1,2550,2541,9,1392,1362,9,21,1382,10,2600,1208,430,952
3,ARGES,95,0,Bl. S.C. CIMPULUNG S.A. Str. I. Ticaloiu nr.52,MUNICIPIUL CAMPULUNG,13490,M,1,1973,1939,34,1038,1004,34,0,1029,9,2200,1162,313,716
3,ARGES,96,0,Scoala Generala nr.5 Str. Negru Voda nr.282,MUNICIPIUL CAMPULUNG,13490,M,1,965,891,74,1050,516,74,460,1044,6,1500,450,453,591
3,ARGES,97,0,Scoala Generala nr.6 Visoi Str. C. Voda nr.30,MUNICIPIUL CAMPULUNG,13490,M,1,1015,986,29,613,584,29,0,611,2,1100,487,273,338
3,ARGES,98,0,"Scoala Generala nr.7 Visoi Sectia I, str.G. Toparceanu nr.6",MUNICIPIUL CAMPULUNG,13490,M,1,1556,1537,19,896,877,19,0,889,7,1599,703,287,602
3,ARGES,99,0,"Scoala Generala nr.7 Visoi Sectia II,  str.G. Toparceanu nr.6",MUNICIPIUL CAMPULUNG,13490,M,1,2291,2276,15,1206,1191,15,0,1197,9,2306,1100,411,786
3,ARGES,100,0,Sediul S.C. CONMUS S.A. Str. Emil Garleanu nr.14,MUNICIPIUL CAMPULUNG,13490,M,1,2257,2199,58,1149,1091,58,0,1136,13,2300,1151,425,711
3,ARGES,101,0,Caminul de copii nr.2 Str. G. Toparceanu,MUNICIPIUL CAMPULUNG,13490,M,1,2333,2318,15,1188,1173,15,0,1182,6,2400,1212,387,795
3,ARGES,102,0,Gradinita nr.3 Str. D. Lazea,MUNICIPIUL CAMPULUNG,13490,M,1,2785,2760,25,1284,1259,25,0,1265,19,2802,1518,472,793
3,ARGES,103,0,Blocul Tineretului nr.1 ARO str. Dr. Falcoianu nr.2,MUNICIPIUL CAMPULUNG,13490,M,1,1786,1760,26,1021,994,26,1,1015,6,1900,879,339,676
3,ARGES,104,0,Scoala Generala Valea Romanestilor Str. Valea Romanestilor,MUNICIPIUL CAMPULUNG,13490,M,1,457,447,10,238,228,10,0,236,2,502,264,106,130
3,ARGES,105,0,Liceul Dan Barbilian Str. Mr. Gildau nr.12C,MUNICIPIUL CAMPULUNG,13490,M,1,1224,1205,19,708,689,19,0,699,9,1300,592,249,450
3,ARGES,106,0,Scoala Normala Carol I Str. Marasesti,MUNICIPIUL CAMPULUNG,13490,M,1,772,761,11,586,461,11,114,581,5,1200,614,252,329
3,ARGES,107,0,Sediul Concifor Str. Marasti nr.1,MUNICIPIUL CAMPULUNG,13490,M,1,952,933,19,520,501,19,0,517,3,999,479,201,316
3,ARGES,108,0,Liceul Minier nr.2 Str. Maresal Antonescu nr.108,MUNICIPIUL CAMPULUNG,13490,M,1,1153,1143,10,607,597,10,0,600,7,1300,693,318,282
3,ARGES,109,0,Scoala Generala nr.4 Apa Sarata Soseaua Maresal Antonescu,MUNICIPIUL CAMPULUNG,13490,M,1,971,968,3,502,493,3,6,497,5,1000,498,259,238
3,ARGES,110,0,Scoala Generala Marcus Str. Dracesti,MUNICIPIUL CAMPULUNG,13490,M,1,582,571,11,345,333,11,1,344,1,600,255,159,185
3,ARGES,111,0,Liceul Dinicu Golescu Str. N. Voda nr.66,MUNICIPIUL CAMPULUNG,13490,M,1,1550,1528,22,1356,874,22,460,1341,15,1900,544,480,861
3,ARGES,112,0,Scoala Generala nr.2 Str. Republicii nr.3,MUNICIPIUL CAMPULUNG,13490,M,1,1095,1085,10,640,630,10,0,637,3,1100,460,229,408
3,ARGES,113,1,Sectie speciala Spitalul Municipal Cimpulung Str. Dr. Costea nr.8,MUNICIPIUL CAMPULUNG,13490,M,1,11,0,11,217,0,11,206,214,3,600,383,106,108
3,ARGES,114,0,Scoala Generala nr.2 Str. Progresului nr.1,MUNICIPIUL CURTEA DE ARGES,13622,M,1,2436,2404,32,1282,1250,32,0,1271,11,2600,1318,482,789
3,ARGES,115,0,Scoala Generala nr.2 Str. Progresului nr.1,MUNICIPIUL CURTEA DE ARGES,13622,M,1,1852,1811,41,1027,986,41,0,1022,5,2000,973,397,625
3,ARGES,116,0,Liceul Electroarges Str. Albesti nr.5,MUNICIPIUL CURTEA DE ARGES,13622,M,1,1565,1537,28,767,710,28,29,763,4,1700,933,324,439
3,ARGES,117,0,Liceul Agroindustrial B-dul. Basarabilor nr.15,MUNICIPIUL CURTEA DE ARGES,13622,M,1,2791,2736,55,1375,1320,55,0,1366,9,2900,1525,602,764
3,ARGES,118,0,Scoala Generala nr.6 Str. Posada nr.1,MUNICIPIUL CURTEA DE ARGES,13622,M,1,2567,2521,46,1194,1148,46,0,1186,8,2800,1606,492,694
3,ARGES,119,0,Liceul Industrial 1 Sectia I B-dul. Basarabilor nr.21,MUNICIPIUL CURTEA DE ARGES,13622,M,1,1654,1621,33,1054,1019,33,2,1051,3,2400,1346,398,653
3,ARGES,120,0,Liceul Industrial 1 Sectia a II-a B-dul. Basarabilor nr.21,MUNICIPIUL CURTEA DE ARGES,13622,M,1,1432,1412,20,723,703,20,0,714,7,1600,879,295,419
3,ARGES,121,0,Casa de Cultura B-dul. Basarabilor nr.58,MUNICIPIUL CURTEA DE ARGES,13622,M,1,2132,2092,40,1199,1157,40,2,1193,6,2300,1101,497,696
3,ARGES,122,0,Scoala Generala nr.4 Str. Banu Maracine,MUNICIPIUL CURTEA DE ARGES,13622,M,1,2359,2323,36,1392,1226,36,130,1383,9,2500,1108,604,779
3,ARGES,123,0,Scoala Generala nr.1 Str. Traian nr.2,MUNICIPIUL CURTEA DE ARGES,13622,M,1,2820,2800,20,1834,1436,20,378,1818,16,3100,1266,782,1036
3,ARGES,124,0,Scoala Generala nr.5 Str. Negru Voda nr.76,MUNICIPIUL CURTEA DE ARGES,13622,M,1,2565,2523,42,1344,1301,42,1,1339,5,2700,1356,581,758
3,ARGES,125,0,Scoala Generala Valea Sasului,MUNICIPIUL CURTEA DE ARGES,13622,M,1,872,853,19,518,499,19,0,512,6,1100,582,328,184
3,ARGES,126,0,Grup Scolar Auto Str. Rm. Vilcea nr.41,MUNICIPIUL CURTEA DE ARGES,13622,M,1,1679,1660,19,916,895,19,2,908,8,1900,984,444,464
3,ARGES,127,0,Gradinita nr.4 B-dul. Basarabilor nr.60,MUNICIPIUL CURTEA DE ARGES,13622,M,1,663,647,16,372,356,16,0,371,1,800,428,131,240
3,ARGES,128,0,Scoala Generala nr.3 Str. Rm. Vilcea,MUNICIPIUL CURTEA DE ARGES,13622,M,1,1268,1237,31,718,687,31,0,704,14,1300,582,395,309
3,ARGES,129,0,Scoala Generala Noaptes Str. Liniei nr.13,MUNICIPIUL CURTEA DE ARGES,13622,M,1,673,657,16,372,356,16,0,367,5,700,328,192,175
3,ARGES,130,0,Sediul Primariei oras Costesti,ORAS COSTESTI,13668,O,1,1273,1251,22,664,530,22,112,661,2,1402,739,280,381
3,ARGES,131,0,Casa de Cultura Costesti,ORAS COSTESTI,13668,O,1,2537,2495,42,1256,1214,42,0,1249,7,2700,1444,562,687
3,ARGES,132,0,Liceul Teoretic CosteSti,ORAS COSTESTI,13668,O,1,1563,1542,21,772,690,21,61,770,2,1700,928,412,358
3,ARGES,133,0,Scoala Generala Telesti,ORAS COSTESTI,13668,O,1,844,830,14,378,364,14,0,376,2,900,522,185,191
3,ARGES,134,0,Scoala Generala Zorile,ORAS COSTESTI,13668,O,1,966,947,19,505,486,19,0,500,5,1000,495,295,205
3,ARGES,135,0,Scoala Generala Brosteni,ORAS COSTESTI,13668,O,1,741,722,19,298,279,19,0,292,6,800,502,157,135
3,ARGES,136,0,Scoala Generala Podu Brosteni,ORAS COSTESTI,13668,O,1,511,487,24,259,235,24,0,257,2,600,341,126,131
3,ARGES,137,0,Scoala Generala Parvu Rosu,ORAS COSTESTI,13668,O,1,561,536,25,269,244,25,0,265,4,600,331,177,88
3,ARGES,138,0,Scoala Generala Stirci,ORAS COSTESTI,13668,O,1,226,217,9,97,88,9,0,95,2,300,203,63,32
3,ARGES,139,0,Gradinita din Blocul A1,ORAS MIOVENI,13301,O,1,2086,2063,23,1084,1061,23,0,1079,5,2300,1216,457,622
3,ARGES,140,0,Gradinita din blocul L9,ORAS MIOVENI,13301,O,1,1824,1801,23,913,890,23,0,907,6,1800,887,392,515
3,ARGES,141,0,Gradinita din blocul M6,ORAS MIOVENI,13301,O,1,2162,2125,37,1030,993,37,0,990,3,2300,1305,436,554
3,ARGES,142,0,Dispensar uman,ORAS MIOVENI,13301,O,1,1348,1321,27,715,688,27,0,708,7,1500,785,350,358
3,ARGES,143,0,Camin - Scoala - Corp B,ORAS MIOVENI,13301,O,1,1351,1340,11,671,611,11,49,668,3,1500,829,312,356
3,ARGES,144,0,Posta Mioveni,ORAS MIOVENI,13301,O,1,1658,1621,37,857,820,37,0,853,4,1800,943,372,481
3,ARGES,145,0,Scoala Liviu Rebreanu - intrare elevi,ORAS MIOVENI,13301,O,1,1015,994,21,535,514,21,0,528,7,1100,565,248,280
3,ARGES,146,0,Scoala Liviu Rebreanu - intrare profesori,ORAS MIOVENI,13301,O,1,1227,1201,26,590,563,26,1,590,0,1300,710,283,307
3,ARGES,147,0,Cresa Mioveni,ORAS MIOVENI,13301,O,1,1055,1040,15,539,524,15,0,537,2,1200,661,242,295
3,ARGES,148,0,Gradinita din blocul F9,ORAS MIOVENI,13301,O,1,1324,1308,16,718,702,16,0,714,4,1420,702,315,399
3,ARGES,149,0,Sediul A.D.P.- Mioveni,ORAS MIOVENI,13301,O,1,1526,1504,22,847,825,22,0,844,3,1600,753,344,500
3,ARGES,150,0,Casa de cultura a sindicatelor,ORAS MIOVENI,13301,O,1,1315,1293,22,760,725,22,13,756,4,1600,840,330,426
3,ARGES,151,0,Gradinita din blocul T6,ORAS MIOVENI,13301,O,1,1424,1406,18,770,752,18,0,765,5,1500,730,334,431
3,ARGES,152,0,Gradinita din blocul T2A,ORAS MIOVENI,13301,O,1,1422,1403,19,683,664,19,0,679,4,1400,717,286,393
3,ARGES,153,0,Gradinita din blocul P19,ORAS MIOVENI,13301,O,1,1787,1773,14,920,906,14,0,910,10,2000,1080,379,531
3,ARGES,154,0,Scoala George Toparceanu,ORAS MIOVENI,13301,O,1,776,760,16,409,393,16,0,409,0,902,493,162,247
3,ARGES,155,0,Scoala Generala Marin Sorescu,ORAS MIOVENI,13301,O,1,774,751,23,519,426,23,70,517,2,900,381,363,154
3,ARGES,156,0,Scoala Racovita de Sus,ORAS MIOVENI,13301,O,1,667,657,10,365,355,10,0,361,4,700,335,235,126
3,ARGES,157,0,Scoala generala Colibasi,ORAS MIOVENI,13301,O,1,890,837,53,537,484,53,0,535,2,900,363,279,256
3,ARGES,158,0,Dispensar  Veterinar Colibasi,ORAS MIOVENI,13301,O,1,757,729,28,410,382,28,0,406,4,900,490,260,146
3,ARGES,159,0,Scoala Clucereasa,ORAS MIOVENI,13301,O,1,400,255,145,275,130,145,0,272,3,500,225,162,110
3,ARGES,160,0,Scoala Faget,ORAS MIOVENI,13301,O,1,618,599,19,357,338,19,0,351,6,700,343,254,97
3,ARGES,161,0,Caminul cultural Faget,ORAS MIOVENI,13301,O,1,286,275,11,186,175,11,0,183,3,303,117,85,98
3,ARGES,162,0,Camin Cultural Stefanesti,ORAS STEFANESTI,13392,O,1,1902,1742,160,865,705,160,0,858,6,1900,1036,350,508
3,ARGES,163,0,Scoala Profesionala Auto Stefanesti,ORAS STEFANESTI,13392,O,1,3131,2737,394,1540,1045,394,101,1528,12,3000,1460,630,898
3,ARGES,164,0,Scoala Generala Valea Mare,ORAS STEFANESTI,13392,O,1,3189,2953,236,1503,1267,236,0,1496,7,3200,1697,736,760
3,ARGES,165,0,Scoala Generala Golesti,ORAS STEFANESTI,13392,O,1,947,901,46,478,432,46,0,474,4,1000,522,277,197
3,ARGES,166,0,Scoala I-IV Stefanesti Vale,ORAS STEFANESTI,13392,O,1,1420,1278,142,728,586,142,0,727,1,1400,672,367,360
3,ARGES,167,0,Scoala I-IV Enculesti,ORAS STEFANESTI,13392,O,1,387,336,51,322,271,51,0,315,7,400,78,194,121
3,ARGES,168,0,Scoala Primara Golestii-Badii,ORAS TOPOLOVENI,13757,O,1,878,866,12,596,584,12,0,587,9,960,364,277,310
3,ARGES,169,0,Liceul Teoretic Ion Mihalache Topoloveni,ORAS TOPOLOVENI,13757,O,1,1715,1693,22,1060,1038,22,0,1051,9,1890,830,345,706
3,ARGES,170,0, Banca Agricola-Sediu Centru de Integrare Europeana  Topoloveni,ORAS TOPOLOVENI,13757,O,1,768,736,32,721,475,32,214,709,12,820,99,328,381
3,ARGES,171,0,Scoala Generala nr.1 Topoloveni A ( intrarea din fata),ORAS TOPOLOVENI,13757,O,1,1573,1533,40,1028,988,40,0,1020,8,1720,692,375,645
3,ARGES,172,0,Scoala Generala nr.1 Topoloveni B ( intrarea din spate),ORAS TOPOLOVENI,13757,O,1,1608,1583,25,982,957,25,0,978,4,1770,788,367,611
3,ARGES,173,0,Scoala  Tiganesti - Linie,ORAS TOPOLOVENI,13757,O,1,675,648,27,478,451,27,0,468,10,720,242,260,208
3,ARGES,174,0,Scoala Generala Tiganesti,ORAS TOPOLOVENI,13757,O,1,766,744,22,515,493,22,0,506,9,820,305,206,300
3,ARGES,175,0,Casa de Cultura Albestii de Arges,ALBESTII DE ARGES,13819,C,3,2316,2259,57,1223,1166,57,0,1213,10,2500,1277,662,551
3,ARGES,176,0,Scoala Generala Albesti-Ungureni,ALBESTII DE ARGES,13819,C,3,1912,1826,86,1061,975,86,0,1041,20,2000,939,498,543
3,ARGES,177,0,Scoala   Generala Albesti - Bratesti,ALBESTII DE ARGES,13819,C,3,702,670,32,340,308,32,0,338,2,700,360,210,128
3,ARGES,178,0,Scoala  Generala Albesti,ALBESTII DE MUSCEL,13891,C,3,987,961,26,566,540,26,0,559,7,1100,533,172,387
3,ARGES,179,0,Scoala  Generala Candesti,ALBESTII DE MUSCEL,13891,C,3,425,406,19,276,252,19,5,271,5,500,224,87,184
3,ARGES,180,0,Scoala Generala Albota,ALBOTA,13935,C,3,1631,1571,60,1027,967,60,0,1008,19,1730,703,610,398
3,ARGES,181,0,Scoala Generala Mares,ALBOTA,13935,C,3,895,823,72,665,593,72,0,614,51,905,240,504,110
3,ARGES,182,0,Scoala Cerbu,ALBOTA,13935,C,3,560,513,47,380,333,47,0,376,4,565,185,239,137
3,ARGES,183,0,Gradinita sat Aninoasa,ANINOASA,13999,C,3,1215,1161,54,745,688,54,3,742,3,1300,555,440,302
3,ARGES,184,0,Caminul Cultural Valea Silistii,ANINOASA,13999,C,3,614,598,16,344,328,16,0,342,2,700,356,170,172
3,ARGES,185,0,Caminul Cultural Slanic,ANINOASA,13999,C,3,841,824,17,515,498,17,0,506,9,900,385,311,195
3,ARGES,186,0,Gradinita Arefu,AREFU,14049,C,3,1200,1188,12,536,524,12,0,531,5,1300,764,294,237
3,ARGES,187,0,Scoala Generala Capatineni,AREFU,14049,C,3,1003,996,7,519,467,7,45,513,6,1100,581,247,266
3,ARGES,188,0,Caminul Cultural Bascov,BASCOV,13187,C,3,1548,1478,70,849,779,70,0,846,3,1600,751,294,552
3,ARGES,189,0,Scoala Generala Bascov,BASCOV,13187,C,3,2447,2399,48,1073,1021,48,4,1065,8,2500,1427,474,591
3,ARGES,190,0,Scoala Generala Scheau,BASCOV,13187,C,3,938,895,43,509,466,43,0,503,6,900,391,261,242
3,ARGES,191,0,Scoala  Generala Glimboc,BASCOV,13187,C,3,586,555,31,355,324,31,0,352,3,600,245,140,212
3,ARGES,192,0,Scoala Generala  Valea Ursului,BASCOV,13187,C,3,1353,1264,89,684,599,85,0,674,10,1500,816,331,343
3,ARGES,193,0,Scoala Generala Mica,BASCOV,13187,C,3,464,443,21,315,294,21,0,310,5,600,285,193,117
3,ARGES,194,0,Scoala Generala Babana,BABANA,14085,C,3,1252,1219,33,485,451,33,1,482,3,1300,815,200,282
3,ARGES,195,0,Scoala  Generala Slatioarele,BABANA,14085,C,3,606,567,39,307,268,39,0,301,6,700,393,184,117
3,ARGES,196,0,Scoala  Grosi,BABANA,14085,C,3,373,338,35,200,155,35,10,197,3,400,200,116,81
3,ARGES,197,0,Sediu C.L.-Primarie,BAICULESTI,14165,C,3,1384,1324,60,539,479,60,0,535,4,1500,961,309,226
3,ARGES,198,0,Scoala  Generala Manicesti,BAICULESTI,14165,C,3,577,540,37,254,217,37,0,254,0,600,346,156,98
3,ARGES,199,0,Scoala Zigoneni,BAICULESTI,14165,C,3,759,730,29,428,399,29,0,425,3,800,372,225,200
3,ARGES,200,0,Scoala Valea lui Enache,BAICULESTI,14165,C,3,733,705,28,324,296,28,0,315,9,800,476,168,147
3,ARGES,201,0,Scoala Tutana,BAICULESTI,14165,C,3,1604,1557,47,663,616,47,0,656,7,1700,1037,344,312
3,ARGES,202,0,Primaria  Balilesti,BALILESTI,14272,C,3,925,902,23,511,488,23,0,507,4,1000,489,310,197
3,ARGES,203,0,Scoala de Jos Bajesti,BALILESTI,14272,C,3,1000,994,6,633,627,6,0,627,6,1102,469,407,220
3,ARGES,204,0,Scoala Golesti,BALILESTI,14272,C,3,627,591,36,381,345,36,0,379,2,700,319,250,129
3,ARGES,205,0,Camin Cultural Poenita,BALILESTI,14272,C,3,1038,1004,34,589,555,34,0,576,13,1100,511,394,182
3,ARGES,206,0,Camin Cultural Beleti,BELETI-NEGRESTI,14352,C,3,545,540,5,311,300,5,6,306,5,600,289,160,146
3,ARGES,207,0,Camin Cultural Negresti,BELETI-NEGRESTI,14352,C,3,1039,1024,15,587,572,15,0,586,1,1100,513,324,262
3,ARGES,208,0,Camin Cultural Berevoesti Paminteni,BEREVOESTI,14405,C,3,1749,1737,12,933,921,12,0,923,10,2000,1067,603,320
3,ARGES,209,0,Scoala  Bratia,BEREVOESTI,14405,C,3,882,867,15,556,541,15,0,539,17,1000,444,490,49
3,ARGES,210,0,Scoala  Urluieni,BARLA,14450,C,3,1249,1214,35,505,470,35,0,497,8,1300,795,294,203
3,ARGES,211,0,Scoala  Mindra,BARLA,14450,C,3,764,740,24,377,353,24,0,374,3,800,423,201,173
3,ARGES,212,0,Scoala  Birla,BARLA,14450,C,3,1112,1079,33,506,471,33,2,501,5,1200,694,341,160
3,ARGES,213,0,Scoala  Mozaceni - vale,BARLA,14450,C,3,1138,1110,28,472,444,28,0,463,9,1200,728,297,166
3,ARGES,214,0,Scoala Badesti,BARLA,14450,C,3,342,325,17,183,166,17,0,174,9,400,217,104,70
3,ARGES,215,0, Scoala Generala Glimbocelu,BOGATI,14584,C,3,626,608,18,313,295,18,0,313,0,700,387,179,134
3,ARGES,216,0, Scoala ChiteSti,BOGATI,14584,C,3,279,267,12,164,152,12,0,163,1,350,186,80,83
3,ARGES,217,0,Scoala Bogati,BOGATI,14584,C,3,1567,1550,17,721,704,17,0,714,7,1650,929,370,344
3,ARGES,218,0,Gradinita Bujoi,BOGATI,14584,C,3,592,583,9,291,282,9,0,287,4,600,309,132,155
3,ARGES,219,0,Scoala Suseni,BOGATI,14584,C,3,892,883,9,419,410,9,0,415,4,1050,631,234,181
3,ARGES,220,0,Scoala Glimbocel Deal,BOGATI,14584,C,3,181,168,13,115,102,13,0,114,1,250,135,62,52
3,ARGES,221,0,Camin Cultural Boteni,BOTENI,14673,C,3,1773,1762,11,1002,969,11,22,991,11,1906,904,629,362
3,ARGES,222,0,Scoala  Primara Lunca,BOTENI,14673,C,3,512,469,43,354,300,43,11,353,1,601,247,284,69
3,ARGES,223,0,Scoala Gimnaziala Botesti,BOTESTI,14726,C,3,738,718,20,480,452,20,8,474,6,800,320,241,233
3,ARGES,224,0,Scoala Primara Mosteni-Greci,BOTESTI,14726,C,3,348,338,10,219,209,10,0,219,0,400,181,100,119
3,ARGES,225,0,Gradinita de la Scoala nr.2 Bradu de Jos,BRADU,13276,C,3,1511,1468,43,680,637,43,0,675,5,1600,920,345,330
3,ARGES,226,0,Camin Cultural Bradu de Sus,BRADU,13276,C,3,1489,1459,30,594,564,30,0,591,3,1600,1006,293,298
3,ARGES,227,0, Camin Cultural Geamana,BRADU,13276,C,3,1316,1251,65,587,522,65,0,583,4,1400,813,274,309
3,ARGES,228,0,Caminul Cultural Bradulet,BRADULET,14753,C,3,553,530,23,270,244,23,3,268,2,600,330,142,126
3,ARGES,229,0,Caminul Cultural Galesu,BRADULET,14753,C,3,801,797,4,368,358,4,6,366,2,900,532,212,154
3,ARGES,230,0,Scoala Primara Bradetu,BRADULET,14753,C,3,375,368,7,251,200,7,44,248,3,400,149,118,130
3,ARGES,231,0,Scoala  Budeasa Mare,BUDEASA,14851,C,3,1179,1168,11,379,365,11,3,375,4,1300,921,177,198
3,ARGES,232,0,Scoala  Galasesti,BUDEASA,14851,C,3,674,579,95,374,279,95,0,373,1,700,326,226,147
3,ARGES,233,0,Scoala  Calotesti,BUDEASA,14851,C,3,849,752,97,443,346,97,0,439,4,800,357,296,143
3,ARGES,234,0,Scoala  Budeasa Mica,BUDEASA,14851,C,3,568,523,45,293,248,45,0,292,1,600,307,154,138
3,ARGES,235,0,Scoala Generala Bughea de Jos,BUGHEA DE JOS,14922,C,3,1472,1447,25,807,782,25,0,807,0,1600,793,335,472
3,ARGES,236,0,Scoala Primara  Mlaci,BUGHEA DE JOS,14922,C,3,461,450,11,322,311,11,0,321,1,500,178,259,62
3,ARGES,237,0,Scoala Primara  Hulubesti,BUGHEA DE JOS,14922,C,3,446,446,0,292,264,0,28,292,0,500,208,172,120
3,ARGES,238,0,Scoala Generala Bughea de Sus,BUGHEA DE SUS,20063,C,3,1602,1564,38,860,822,38,0,837,23,1800,940,419,418
3,ARGES,239,0,Gradinita Grui,BUGHEA DE SUS,20063,C,3,684,632,52,389,335,52,2,388,1,700,311,179,209
3,ARGES,240,0,Caminul Cultural Serboieni,BUZOESTI,14940,C,3,1292,1278,14,597,583,14,0,596,1,1400,803,418,178
3,ARGES,241,0,Granita Ionesti,BUZOESTI,14940,C,3,695,681,14,310,296,14,0,303,7,800,490,189,114
3,ARGES,242,0,Scoala Tomsanca,BUZOESTI,14940,C,3,286,271,15,140,125,15,0,140,0,300,160,114,26
3,ARGES,243,0,Scoala Vulpesti,BUZOESTI,14940,C,3,757,734,23,545,522,23,0,540,5,800,255,361,179
3,ARGES,244,0,Scoala Cornatal,BUZOESTI,14940,C,3,1014,997,17,501,467,17,17,495,6,1100,599,309,186
3,ARGES,245,0,Scoala Buzoesti,BUZOESTI,14940,C,3,745,745,0,434,390,0,44,431,3,900,466,214,217
3,ARGES,246,0,Scoala Curteanca,BUZOESTI,14940,C,3,248,236,12,144,119,12,13,143,1,200,56,86,57
3,ARGES,247,0,Scoala  Generala Caldararu,CALDARARU,15064,C,3,795,787,8,427,388,8,31,423,4,900,473,270,153
3,ARGES,248,0,Scoala  Generala Strimbeni,CALDARARU,15064,C,3,906,891,15,536,458,15,63,533,3,1000,464,337,196
3,ARGES,249,0,Scoala Generala  Burdea,CALDARARU,15064,C,3,628,609,19,372,351,19,2,362,10,700,328,264,98
3,ARGES,250,0,Scoala  Valeni Podgoria,CALINESTI,15108,C,3,1592,1571,21,770,749,21,0,757,13,1500,730,437,320
3,ARGES,251,0,Scoala  Vranesti,CALINESTI,15108,C,3,1876,1776,100,985,885,100,0,970,15,1900,915,465,505
3,ARGES,252,0,Scoala  Gorganu,CALINESTI,15108,C,3,877,807,70,460,390,70,0,458,2,1000,540,223,235
3,ARGES,253,0,Scoala  Calinesti,CALINESTI,15108,C,3,1685,1629,56,827,713,56,58,814,13,1800,973,388,426
3,ARGES,254,0,Scoala  Glodu,CALINESTI,15108,C,3,1226,1189,37,626,589,37,0,616,10,1300,674,333,283
3,ARGES,255,0,Scoala  Cirstieni,CALINESTI,15108,C,3,1270,1198,72,848,776,72,0,831,17,1500,652,664,167
3,ARGES,256,0,Gradinita Cateasca,CATEASCA,15233,C,3,760,744,16,439,423,16,0,436,3,800,361,234,202
3,ARGES,257,0,Camin Cultural Catanele,CATEASCA,15233,C,3,591,576,15,369,354,15,0,367,2,700,331,217,150
3,ARGES,258,0,Camin Cultural Silistea,CATEASCA,15233,C,3,1530,1518,12,678,666,12,0,671,7,1600,922,382,289
3,ARGES,259,0,Camin Cultural Pamanteni,CEPARI,15313,C,3,766,741,25,351,325,25,1,348,3,900,549,224,124
3,ARGES,260,0,Scoala Ungureni,CEPARI,15313,C,3,320,300,20,167,147,20,0,165,2,400,233,107,58
3,ARGES,261,0,Scoala  Carpenis,CEPARI,15313,C,3,687,666,21,322,300,21,1,317,5,700,378,190,127
3,ARGES,262,0,Scoala  Urluiesti,CEPARI,15313,C,3,326,315,11,192,181,11,0,191,1,402,210,114,77
3,ARGES,263,0,Scoala  Cetateni Vale,CETATENI,15402,C,3,1535,1522,13,995,982,13,0,982,13,1600,605,719,263
3,ARGES,264,0,Gradinita Lacai,CETATENI,15402,C,3,836,827,9,511,502,9,0,508,3,1000,489,282,226
3,ARGES,265,0,Scoala GeneralaCicanesti,CICANESTI,15448,C,3,1854,1819,35,1011,976,35,0,1000,11,2000,989,626,374
3,ARGES,266,0,Camin Cultural Ciofringeni,CIOFRANGENI,15493,C,3,2091,2080,11,1090,1066,11,13,1068,22,2300,1210,648,420
3,ARGES,267,0,Scoala Generala  Bratia,CIOMAGESTI,15554,C,3,432,422,10,285,222,10,53,280,5,500,215,198,82
3,ARGES,268,0,Scoala Generala Ciomagesti sat,CIOMAGESTI,15554,C,3,410,403,7,215,185,7,23,213,2,500,285,150,63
3,ARGES,269,0,Scoala Primara Dogari,CIOMAGESTI,15554,C,3,220,206,14,140,112,14,14,136,4,300,160,105,31
3,ARGES,270,0,Scoala  Cocu,COCU,15652,C,3,656,613,43,285,231,43,11,283,2,700,415,171,112
3,ARGES,271,0,Scoala Generala Crucisoara,COCU,15652,C,3,298,245,53,194,141,53,0,193,1,300,106,135,58
3,ARGES,272,0,Scoala  Generala Rachitele de Jos,COCU,15652,C,3,426,370,56,222,153,56,13,220,2,400,178,146,74
3,ARGES,273,0,Scoala  Rachitele de Sus,COCU,15652,C,3,348,324,24,167,122,24,21,165,2,400,233,106,59
3,ARGES,274,0,Scoala Barbatesti,COCU,15652,C,3,534,525,9,216,174,9,33,207,9,600,384,130,77
3,ARGES,275,0,Scoala Generala Oesti,CORBENI,15741,C,3,1898,1855,43,895,852,43,0,877,18,2100,1205,601,276
3,ARGES,276,0,Scoala Generala Corbeni,CORBENI,15741,C,3,2116,2058,58,943,885,58,0,933,10,2300,1357,478,455
3,ARGES,277,0,Scoala Generala Berindesti,CORBENI,15741,C,3,700,661,39,329,290,39,0,327,2,700,371,171,156
3,ARGES,278,0,Camin Cultural Corbi,CORBI,15830,C,3,1727,1711,16,899,839,16,44,890,9,1900,1001,469,421
3,ARGES,279,0,Scoala  Generala Corbsori,CORBI,15830,C,3,909,880,29,535,482,29,24,533,2,1000,465,303,230
3,ARGES,280,0,Camin Cultural Stanesti,CORBI,15830,C,3,965,910,55,658,603,55,0,657,1,1000,342,435,222
3,ARGES,281,0,Scoala Generala Petresti,COSESTI,15901,C,3,817,769,48,426,378,48,0,423,3,900,474,284,139
3,ARGES,282,0,Camin Cultural  Cosesti,COSESTI,15901,C,3,930,888,42,435,393,42,0,433,2,1000,565,227,206
3,ARGES,283,0,Caminul Cultural Leicesti,COSESTI,15901,C,3,1601,1480,121,794,673,121,0,787,7,1700,906,490,297
3,ARGES,284,0,Caminul Cultural Jupanesti,COSESTI,15901,C,3,890,819,71,536,465,71,0,520,16,900,364,334,186
3,ARGES,285,0,Scoala Generala Lapusani,COSESTI,15901,C,3,316,279,37,205,168,37,0,203,2,300,95,132,71
3,ARGES,286,0,Camin Cultural Cotmeana,COTMEANA,15983,C,3,875,847,28,428,388,28,12,423,5,1000,572,278,145
3,ARGES,287,0,Scoala  Lintesti,COTMEANA,15983,C,3,441,431,10,165,155,10,0,163,2,500,335,113,50
3,ARGES,288,0,Scoala  Bascovele,COTMEANA,15983,C,3,494,475,19,244,206,19,19,242,2,500,256,154,88
3,ARGES,289,0,Scoala Generala centru  Cuca,CUCA,16132,C,3,461,455,6,289,247,6,36,284,5,500,211,185,99
3,ARGES,290,0,Scoala  Generala Teodoresti,CUCA,16132,C,3,561,548,13,330,299,13,18,324,6,600,270,240,84
3,ARGES,291,0,Scoala Primara Macai,CUCA,16132,C,3,530,502,28,361,299,26,36,356,5,600,239,251,105
3,ARGES,292,0,Scoala Primara Circesti,CUCA,16132,C,3,301,288,13,196,161,13,22,195,1,400,204,129,66
3,ARGES,293,0,Scoala  Davidesti,DAVIDESTI,16285,C,3,531,520,11,291,277,11,3,287,4,600,309,163,124
3,ARGES,294,0,Scoala  Contesti nr.1,DAVIDESTI,16285,C,3,1229,1209,20,677,645,20,12,670,7,1300,623,559,111
3,ARGES,295,0,Scoala Voroveni,DAVIDESTI,16285,C,3,417,413,4,267,250,4,13,263,4,500,233,196,67
3,ARGES,296,0, Camin Cultural Podu Dimbovitei,DAMBOVICIOARA,16329,C,3,484,471,13,340,327,13,0,337,3,550,210,148,189
3,ARGES,297,0, Primaria Dimbovicioara,DAMBOVICIOARA,16329,C,3,361,349,12,206,194,12,0,206,0,440,234,109,97
3,ARGES,298,0,Scoala Ciocanu,DAMBOVICIOARA,16329,C,3,102,93,9,66,57,9,0,66,0,110,44,34,32
3,ARGES,299,0,Scoala  Dirmanesti,DARMANESTI,16365,C,3,1189,1129,60,526,466,60,0,524,2,1200,674,324,200
3,ARGES,300,0,Scoala  Piscani,DARMANESTI,16365,C,3,1320,1243,77,885,808,77,0,885,0,1400,515,637,248
3,ARGES,301,0,Scoala  Valea Nandrii,DARMANESTI,16365,C,3,570,527,43,389,346,43,0,388,1,700,311,265,123
3,ARGES,302,0,Camin Cultural Dobresti,DOBRESTI,16427,C,3,796,785,11,470,452,11,7,468,2,900,430,193,275
3,ARGES,303,0,Scoala  Furesti,DOBRESTI,16427,C,3,690,674,16,391,375,16,0,385,6,800,409,261,124
3,ARGES,304,0,Casa de Cultura Petre Ionescu Muscel Domnesti,DOMNESTI,16454,C,3,2643,2620,23,1475,1422,23,30,1465,10,3000,1525,761,704
3,ARGES,305,0,Gradinita de copii nr.1 Dragoslavele,DRAGOSLAVELE,16472,C,3,629,610,19,456,378,19,59,450,6,800,344,275,175
3,ARGES,306,0,Scoala 1-4,DRAGOSLAVELE,16472,C,3,912,895,17,512,495,17,0,507,5,900,388,254,253
3,ARGES,307,0,Scoala Valea Hotarului,DRAGOSLAVELE,16472,C,3,369,358,11,306,295,11,0,300,6,400,94,270,30
3,ARGES,308,0,Camin Cultural,DRAGANU,16506,C,3,1506,1495,11,668,657,11,0,655,13,1700,1032,345,310
3,ARGES,309,0,Scoala  Generala Godeni,GODENI,16551,C,3,1231,1209,22,770,748,22,0,763,7,1300,530,467,296
3,ARGES,310,0,Scoala  Generala Cotesti,GODENI,16551,C,3,1547,1528,19,783,764,19,0,780,3,1700,917,443,337
3,ARGES,311,0,Camin Cultural Hirsesti,HARSESTI,16613,C,3,1482,1471,11,799,734,11,54,791,8,1600,801,528,263
3,ARGES,312,0,Scoala  Martalogi,HARSESTI,16613,C,3,712,705,7,397,369,7,21,391,6,800,403,258,133
3,ARGES,313,0,Consiliul Local Hirtiesti,HARTIESTI,16659,C,3,1127,1102,25,715,678,25,12,705,10,1000,285,538,167
3,ARGES,314,0,Scoala Lucieni,HARTIESTI,16659,C,3,502,428,74,400,321,74,5,395,5,700,300,293,102
3,ARGES,315,0,Scoala Generala  Izvoru,IZVORU,16739,C,3,2120,2105,15,807,739,15,53,796,11,2300,1493,430,366
3,ARGES,316,0,Primaria  Leordeni,LEORDENI,16757,C,3,1532,1418,114,895,781,114,0,889,6,1491,596,441,448
3,ARGES,317,0,Gradinita Budisteni,LEORDENI,16757,C,3,1102,1086,16,571,555,16,0,562,9,1200,629,312,250
3,ARGES,318,0, Scoala Generala Glambocata,LEORDENI,16757,C,3,1033,988,45,550,505,45,0,546,4,1102,552,283,263
3,ARGES,319,0, Scoala Ciulnita,LEORDENI,16757,C,3,975,928,47,562,515,47,0,557,5,1002,440,308,249
3,ARGES,320,0,Scoala Cotu Malului,LEORDENI,16757,C,3,378,350,28,264,236,28,0,260,4,400,136,192,68
3,ARGES,321,1,Sectie speciala Spitalul Leordeni,LEORDENI,16757,C,3,14,0,14,67,0,14,53,65,2,202,135,44,21
3,ARGES,322,0,Scoala Generala  Leresti,LERESTI,16908,C,3,2762,2737,25,1542,1504,25,13,1529,13,3100,1558,828,701
3,ARGES,323,0,Scoala Generala Voinesti,LERESTI,16908,C,3,1408,1306,102,877,775,102,0,877,0,1500,623,364,513
3,ARGES,324,0,Primaria  Lunca Corbului,LUNCA CORBULUI,16944,C,3,908,901,7,390,383,7,0,385,5,1000,610,225,160
3,ARGES,325,0,Scoala  Silisteni,LUNCA CORBULUI,16944,C,3,235,211,24,154,107,24,23,153,1,300,146,114,39
3,ARGES,326,0,Scoala  Padureti,LUNCA CORBULUI,16944,C,3,935,884,51,410,359,51,0,397,13,1100,690,290,107
3,ARGES,327,0,Scoala  Mirghia de Sus,LUNCA CORBULUI,16944,C,3,429,390,39,379,251,39,89,375,4,500,121,260,115
3,ARGES,328,0,Scoala Malureni,MALURENI,17049,C,3,580,552,28,304,253,28,23,299,5,700,396,185,114
3,ARGES,329,0,Camin Cultural Badiceni,MALURENI,17049,C,3,461,425,36,218,162,36,20,213,5,500,282,110,103
3,ARGES,330,0,Scoala  Bohari,MALURENI,17049,C,3,357,339,18,185,154,18,13,184,1,400,215,125,59
3,ARGES,331,0,Scoala Toplita,MALURENI,17049,C,3,468,424,44,233,170,44,19,229,4,500,267,178,51
3,ARGES,332,0,Scoala  Zarnesti,MALURENI,17049,C,3,855,756,99,430,331,99,0,428,2,800,370,315,113
3,ARGES,333,0,Scoala  Bunesti,MALURENI,17049,C,3,594,528,66,251,185,66,0,244,7,600,349,153,91
3,ARGES,334,0,Tabara Pauleasca,MALURENI,17049,C,3,527,477,50,424,374,50,0,407,17,600,176,342,65
3,ARGES,335,0,Grupul Scolar Agricol Maracineni,MARACINENI,13365,C,3,2284,2223,61,1220,1159,61,0,1215,5,2400,1180,603,612
3,ARGES,336,0,Scoala Generala nr.2 Argeselu,MARACINENI,13365,C,3,1351,1314,37,751,714,37,0,742,9,1400,648,399,343
3,ARGES,337,0,Scoala Generala Dobrogostea,MERISANI,17101,C,3,948,922,26,485,459,26,0,479,6,1000,515,256,223
3,ARGES,338,0,Scoala Generala Borlesti,MERISANI,17101,C,3,462,435,27,245,218,27,0,243,2,500,255,125,118
3,ARGES,339,0,Scoala Generala Merisani,MERISANI,17101,C,3,1038,1010,28,489,461,28,0,474,15,1100,611,269,205
3,ARGES,340,0,Scoala Generala Vilcele,MERISANI,17101,C,3,813,779,34,376,342,34,0,375,1,900,524,240,135
3,ARGES,341,0,Scoala Generala  Micesti,MICESTI,17209,C,3,1387,1325,62,644,582,62,0,633,11,1400,756,312,321
3,ARGES,342,0,Scoala Generala Purcareni,MICESTI,17209,C,3,1241,1187,54,593,539,54,0,589,4,1400,807,297,292
3,ARGES,343,0,Scoala Generala Pauleasca,MICESTI,17209,C,3,534,479,55,310,255,55,0,292,18,600,290,190,102
3,ARGES,344,0,Camin Cultural Mihaesti,MIHAESTI,17254,C,3,1311,1198,113,628,515,113,0,624,4,1200,572,368,256
3,ARGES,345,0,Camin Cultural Valea Popii,MIHAESTI,17254,C,3,860,824,36,535,486,36,13,530,5,1000,465,292,238
3,ARGES,346,0,Scoala Generala  Draghici,MIHAESTI,17254,C,3,949,936,13,561,531,13,17,557,4,1100,539,357,200
3,ARGES,347,0,Scoala  Generala Vacarea,MIHAESTI,17254,C,3,502,480,22,336,292,22,22,336,0,600,264,187,149
3,ARGES,348,0,Camin Cultural Furnicosi,MIHAESTI,17254,C,3,1046,985,61,502,431,61,10,501,1,1100,598,302,199
3,ARGES,349,0,Camin Cultural Matau,MIOARELE,17334,C,3,1088,1088,0,576,561,0,15,570,6,1100,524,308,262
3,ARGES,350,0,Camin Cultural Suslanesti,MIOARELE,17334,C,3,367,359,8,223,200,8,15,222,1,500,277,102,120
3,ARGES,351,0,Scoala  Mirosi,MIROSI,17398,C,3,1434,1431,3,603,585,3,15,593,10,1500,897,410,183
3,ARGES,352,0,Scoala Surdulesti,MIROSI,17398,C,3,858,847,11,379,367,11,1,377,2,1000,621,261,116
3,ARGES,353,0,Scoala  Moraresti,MORARESTI,17423,C,3,963,943,20,504,484,20,0,497,7,1000,496,273,224
3,ARGES,354,0,Scoala  Dedulesti,MORARESTI,17423,C,3,720,702,18,316,298,18,0,315,1,800,484,204,111
3,ARGES,355,0,Caminul Cultural  Mosoaia,MOSOAIA,17496,C,3,1308,1285,23,568,545,23,0,563,5,1400,832,287,276
3,ARGES,356,0,Scoala  Generala Hintesti,MOSOAIA,17496,C,3,712,675,37,373,336,37,0,367,6,800,427,259,108
3,ARGES,357,0,Scoala  I-IV Smeura,MOSOAIA,17496,C,3,864,830,34,431,397,34,0,426,5,900,469,234,192
3,ARGES,358,0,Scoala Generala Ciocanai,MOSOAIA,17496,C,3,462,412,50,283,233,50,0,281,2,500,217,145,136
3,ARGES,359,0,Grup Scolar Mozaceni,MOZACENI,17575,C,3,1440,1438,2,727,725,2,0,718,9,1602,875,552,166
3,ARGES,360,0,Scoala nr.2 Mozaceni,MOZACENI,17575,C,3,670,666,4,323,319,4,0,319,4,800,477,230,89
3,ARGES,361,0,Caminul Cultural   Musatesti,MUSATESTI,17619,C,3,1388,1379,9,653,642,9,2,642,10,1502,850,345,297
3,ARGES,362,0,Scoala  Vilsanesti,MUSATESTI,17619,C,3,460,419,41,243,202,41,0,241,2,500,257,162,79
3,ARGES,363,0,Camin Cultural Costesti Vilsan,MUSATESTI,17619,C,3,632,556,76,390,309,76,5,387,3,600,210,258,129
3,ARGES,364,0,Scoala Stroesti,MUSATESTI,17619,C,3,970,951,19,400,381,19,0,396,4,1100,700,219,177
3,ARGES,365,0,Scoala  Generala Negrasi,NEGRASI,17726,C,3,741,741,0,426,394,0,32,421,5,800,374,311,110
3,ARGES,366,0,Scoala Generala Birlogu,NEGRASI,17726,C,3,854,839,15,391,376,15,0,389,2,900,509,247,142
3,ARGES,367,0,Scoala Generala Mozacu,NEGRASI,17726,C,3,318,307,11,220,190,11,19,217,3,400,180,169,48
3,ARGES,368,0,Scoala Generala Buta,NEGRASI,17726,C,3,234,209,25,144,118,25,1,141,3,300,156,106,35
3,ARGES,369,0,Camin Cultural Nucsoara,NUCSOARA,17771,C,3,1380,1380,0,647,637,0,10,639,8,1500,853,353,286
3,ARGES,370,0,Scoala D. Radulescu  Oarja,OARJA,17824,C,3,1467,1388,79,674,595,79,0,669,5,1500,826,317,352
3,ARGES,371,0,Scoala  Oarja Sat,OARJA,17824,C,3,875,764,111,418,307,111,0,417,1,900,482,239,178
3,ARGES,372,0,Scoala  Generala Pietrosani,PIETROSANI,17851,C,3,1572,1550,22,806,784,22,0,798,8,1700,894,507,291
3,ARGES,373,0,Camin Cultural Badesti,PIETROSANI,17851,C,3,1217,1183,34,642,608,34,0,634,8,1300,658,376,258
3,ARGES,374,0,Scoala Generala Retevoiesti,PIETROSANI,17851,C,3,1427,1400,27,791,764,27,0,773,18,1500,709,506,267
3,ARGES,375,0,Scoala Generala  Ganesti,PIETROSANI,17851,C,3,600,582,18,280,262,18,0,279,1,700,420,186,93
3,ARGES,376,0,Scoala  Poiana Lacului,POIANA LACULUI,18028,C,3,2179,2100,79,975,889,79,7,967,8,2300,1325,384,583
3,ARGES,377,0,Scoala  Paduroiu,POIANA LACULUI,18028,C,3,1826,1714,112,758,646,112,0,743,15,1900,1142,314,429
3,ARGES,378,0,Scoala Samara,POIANA LACULUI,18028,C,3,1373,1261,112,636,524,112,0,630,6,1400,764,291,339
3,ARGES,379,0,Scoala 1-4 Poienari,POIENARII DE ARGES,17913,C,3,699,684,15,386,366,15,5,378,8,800,414,245,133
3,ARGES,380,0,Scoala IoaniceSti,POIENARII DE ARGES,17913,C,3,284,266,18,154,136,18,0,151,3,300,146,117,34
3,ARGES,381,0,Scoala Generala Poienari de Muscel,POIENARII DE MUSCEL,17968,C,3,2048,2027,21,1007,939,21,47,997,10,2200,1193,469,528
3,ARGES,382,0,Scoala Generala Jugur,POIENARII DE MUSCEL,17968,C,3,1011,978,33,548,488,33,27,539,9,1100,552,292,247
3,ARGES,383,0,Scoala  Popesti,POPESTI,18162,C,3,753,709,44,592,546,44,2,590,2,800,208,445,145
3,ARGES,384,0,Scoala  Genearala Slobozia,POPESTI,18162,C,3,1478,1433,45,1103,1058,45,0,1090,13,1600,497,897,193
3,ARGES,385,0,Clubul Tineretului,PRIBOIENI,18242,C,3,1423,1415,8,808,800,8,0,802,6,1600,792,389,413
3,ARGES,386,0,Scoala Gimnaziala Priboieni,PRIBOIENI,18242,C,3,1451,1427,24,710,686,24,0,704,6,1600,890,393,311
3,ARGES,387,0,Camin Cultural Ratesti,RATESTI,18331,C,3,1561,1540,21,864,843,21,0,860,4,1700,836,546,314
3,ARGES,388,0,Scoala  Furduiesti,RATESTI,18331,C,3,484,476,8,279,271,8,0,273,6,600,321,161,112
3,ARGES,389,0,Scoala Nejlovelu,RATESTI,18331,C,3,623,609,14,256,242,14,0,254,2,700,444,183,71
3,ARGES,390,0,Scoala   Raca,RACA,20048,C,3,1239,1080,159,748,589,159,0,739,9,1200,452,563,176
3,ARGES,391,0,Scoala Veche Recea,RECEA,18411,C,3,1733,1694,39,778,739,39,0,769,9,1900,1122,425,344
3,ARGES,392,0,Scoala  Deagurile,RECEA,18411,C,3,802,763,39,422,373,39,10,415,7,900,478,269,146
3,ARGES,393,0,Scoala Goleasca,RECEA,18411,C,3,158,124,34,101,67,34,0,99,2,200,99,63,36
3,ARGES,394,0,Scoala  Generala Rociu,ROCIU,18475,C,3,478,462,16,268,252,16,0,262,6,500,232,202,60
3,ARGES,395,0,Scoala Generala Gliganu de Jos,ROCIU,18475,C,3,485,437,48,266,218,48,0,266,0,500,234,206,60
3,ARGES,396,0,Scoala Generala  Gliganu de Sus,ROCIU,18475,C,3,713,679,34,364,330,34,0,360,4,800,436,256,104
3,ARGES,397,0,Scoala  Generala Serbanesti,ROCIU,18475,C,3,883,865,18,417,399,18,0,411,6,1000,583,245,166
3,ARGES,398,0,Cladirea comunei Rucar str. Brasovului nr.60 (fosta vila Bunescu),RUCAR,18527,C,3,2625,2499,126,1641,1486,126,29,1628,13,2700,1059,676,952
3,ARGES,399,0,Scoala Generala nr.1,RUCAR,18527,C,3,2386,2282,104,1465,1349,104,12,1457,8,2500,1035,661,796
3,ARGES,400,0,Scoala  Satic,RUCAR,18527,C,3,142,105,37,96,59,37,0,94,2,200,104,44,50
3,ARGES,401,0,Camin Cultural Salatrucu centru,SALATRUCU,18554,C,3,1243,1233,10,531,521,10,0,523,8,1400,869,337,186
3,ARGES,402,0,Scoala  Valeni,SALATRUCU,18554,C,3,562,549,13,272,259,13,0,268,4,600,328,181,87
3,ARGES,403,0,Gradinita Mirtesti,SAPATA,18581,C,3,277,266,11,149,134,11,4,145,4,300,151,93,52
3,ARGES,404,0,Scoala Banaresti,SAPATA,18581,C,3,405,386,19,221,200,19,2,216,5,500,279,126,90
3,ARGES,405,0,Scoala  Dealul Bradului,SAPATA,18581,C,3,199,178,21,123,102,21,0,122,1,200,77,72,50
3,ARGES,406,0,Caminul Cultural Sapata de Sus,SAPATA,18581,C,3,720,695,25,395,370,25,0,388,7,800,405,185,203
3,ARGES,407,0,Scoala  Generala Lazaresti,SCHITU GOLESTI,18670,C,3,1137,1117,20,651,631,20,0,647,4,1300,649,358,289
3,ARGES,408,0,Camin Cultural Schitu Golesti,SCHITU GOLESTI,18670,C,3,1180,1145,35,592,557,35,0,586,6,1300,708,323,263
3,ARGES,409,0,Camin Cultural Lazaresti,SCHITU GOLESTI,18670,C,3,1585,1570,15,808,792,15,1,804,4,1700,892,414,390
3,ARGES,410,0,Scoala Generala nr.1,SLOBOZIA,18741,C,3,2065,1996,69,800,731,69,0,790,10,2100,1300,534,256
3,ARGES,411,0,Scoala Generala nr.2,SLOBOZIA,18741,C,3,2002,1899,103,853,750,103,0,836,17,2100,1247,511,325
3,ARGES,412,0,Scoala Generala Nigrisoara,SLOBOZIA,18741,C,3,235,213,22,128,106,22,0,125,3,400,272,48,77
3,ARGES,413,0,Clubul Muncitorilor Forestieri,STALPENI,18778,C,3,1582,1567,15,877,862,15,0,870,7,1700,823,589,281
3,ARGES,414,0,Camin cultural Livezeni,STALPENI,18778,C,3,1133,1119,14,637,623,14,0,631,6,1200,563,427,204
3,ARGES,415,0,Camin cultural Radesti,STALPENI,18778,C,3,1402,1383,19,718,699,19,0,707,11,1500,782,444,263
3,ARGES,416,0,Camin Cultural Stoenesti,STOENESTI,18858,C,3,1310,1287,23,658,626,23,9,648,5,1400,747,223,425
3,ARGES,417,0,Camun Cultural  Badeni,STOENESTI,18858,C,3,1473,1471,2,793,732,2,59,785,8,1600,807,356,429
3,ARGES,418,0,Scoala  Generala sat Piatra,STOENESTI,18858,C,3,448,437,11,251,240,11,0,247,4,500,249,158,89
3,ARGES,419,0,Scoala Generala Valea Badenilor,STOENESTI,18858,C,3,550,544,6,352,336,6,10,346,6,600,248,238,108
3,ARGES,420,0,Scoala  Generala Stolnici,STOLNICI,18938,C,3,1705,1658,47,700,653,47,0,697,3,1800,1100,432,265
3,ARGES,421,0,Camin Cultural Filfani,STOLNICI,18938,C,3,1250,1205,45,493,448,45,0,490,3,1300,807,320,170
3,ARGES,422,0,Scoala Generala Cersani,SUSENI,19007,C,3,666,651,15,350,335,15,0,344,6,700,350,184,160
3,ARGES,423,0,Scoala  Generala Suseni,SUSENI,19007,C,3,881,857,24,438,414,24,0,433,5,1000,562,267,166
3,ARGES,424,0,Scoala  Generala Tutulesti,SUSENI,19007,C,3,1167,1140,27,585,558,27,0,579,6,1200,615,365,214
3,ARGES,425,0,Scoala Stefan cel Mare,STEFAN CEL MARE,19114,C,3,1711,1699,12,887,808,12,67,872,15,1900,1013,493,379
3,ARGES,426,0,Scoala  Glavacioc,STEFAN CEL MARE,19114,C,3,359,334,25,255,184,25,46,249,6,402,147,177,72
3,ARGES,427,0,Caminul Cultural  Suici,SUICI,19141,C,3,1160,1137,23,578,549,23,6,575,3,1300,722,325,250
3,ARGES,428,0,Scoala Generala  Rudeni,SUICI,19141,C,3,744,730,14,382,368,14,0,377,5,800,418,232,145
3,ARGES,429,0,Scoala Generala  Ianculesti,SUICI,19141,C,3,322,302,20,141,121,20,0,139,2,400,259,91,48
3,ARGES,430,0,Scoala Generala Valea Calului,SUICI,19141,C,3,101,89,12,51,39,12,0,51,0,100,49,40,11
3,ARGES,431,0,Camin Cultural Teiu,TEIU,19212,C,3,1175,1162,13,633,620,13,0,619,14,1300,667,428,191
3,ARGES,432,0,Scoala Generala Lesile,TEIU,19212,C,3,239,228,11,138,127,11,0,133,5,300,162,103,30
3,ARGES,433,0,Consiliul Local Tigveni,TIGVENI,19249,C,3,1246,1219,27,640,612,27,1,627,11,1300,659,409,218
3,ARGES,434,0,Scoala I-IV Birsestii de Jos,TIGVENI,19249,C,3,1108,1091,17,517,500,17,0,511,6,1200,683,293,218
3,ARGES,435,0,Scoala  I-IV Vladesti,TIGVENI,19249,C,3,291,268,23,137,114,23,0,136,1,300,163,86,50
3,ARGES,436,0,Primaria titeSti,TITESTI,19338,C,3,1947,1927,20,970,949,20,1,959,11,2100,1130,632,327
3,ARGES,437,0,Scoala Valea Stinii,TITESTI,19338,C,3,805,796,9,481,472,9,0,475,6,900,419,318,157
3,ARGES,438,0,Scoala Valea Minastirii,TITESTI,19338,C,3,626,613,13,375,362,13,0,366,9,700,325,335,31
3,ARGES,439,0,Scoala Uda de Jos,UDA,19392,C,3,674,649,25,253,228,25,0,247,6,700,447,187,60
3,ARGES,440,0,Scoala Uda de Sus,UDA,19392,C,3,293,274,19,161,142,19,0,159,2,300,139,98,61
3,ARGES,441,0,Scoala SaliStea,UDA,19392,C,3,612,599,13,455,442,13,0,452,3,650,195,325,127
3,ARGES,442,0,Camin Cultural Govora,UDA,19392,C,3,478,459,19,320,301,19,0,315,5,550,230,246,69
3,ARGES,443,0,Scoala  Ungheni,UNGHENI,19560,C,3,823,793,30,402,372,30,0,389,13,900,498,207,182
3,ARGES,444,0,Scoala  Coltu,UNGHENI,19560,C,3,778,746,32,353,321,32,0,348,5,900,547,261,87
3,ARGES,445,0,Societatea Agricola Albina Humele,UNGHENI,19560,C,3,1428,1413,15,631,616,15,0,620,11,1500,869,359,261
3,ARGES,446,0,Caminul Cultural Valea Danului,VALEA DANULUI,19631,C,3,1964,1932,32,837,805,32,0,817,20,2000,1163,364,453
3,ARGES,447,0,Camin Cultural Vernesti,VALEA DANULUI,19631,C,3,740,556,184,506,322,184,0,497,9,700,194,286,211
3,ARGES,448,0,Scoala Generala Valea Iasului,VALEA IASULUI,19695,C,3,856,842,14,412,398,14,0,403,9,900,488,218,185
3,ARGES,449,0,Gradinita Borovinesti,VALEA IASULUI,19695,C,3,207,199,8,115,107,8,0,113,2,300,185,65,48
3,ARGES,450,0,Scoala Generala Mustatesti,VALEA IASULUI,19695,C,3,738,718,20,396,375,20,1,392,4,800,404,208,184
3,ARGES,451,0,Scoala Cerbureni,VALEA IASULUI,19695,C,3,516,497,19,276,257,19,0,267,9,600,324,133,134
3,ARGES,452,1,Sectia speciala Spitalul TBC,VALEA IASULUI,19695,C,3,72,0,72,72,0,25,47,72,0,400,328,35,37
3,ARGES,453,0,Camin Cultural Valea Mare Pravat,VALEA MARE PRAVAT,13524,C,3,1324,1274,50,816,766,50,0,808,8,1400,584,375,433
3,ARGES,454,0,Camin Cultural Namaesti,VALEA MARE PRAVAT,13524,C,3,549,538,11,310,299,11,0,305,5,600,290,136,169
3,ARGES,455,0,Scoala  Bilcesti,VALEA MARE PRAVAT,13524,C,3,762,739,23,385,362,23,0,383,2,800,415,164,219
3,ARGES,456,0,Scoala Gura Pravat,VALEA MARE PRAVAT,13524,C,3,585,560,25,461,436,25,0,454,7,600,139,412,42
3,ARGES,457,0,Grup Scolar  I. Gh. Duca Vedea,VEDEA,19793,C,3,1447,1403,44,686,590,44,52,681,5,1500,814,386,295
3,ARGES,458,0,Scoala  Vata,VEDEA,19793,C,3,624,602,22,322,300,22,0,320,2,700,378,177,143
3,ARGES,459,0,Scoala Prodani,VEDEA,19793,C,3,652,637,15,363,348,15,0,361,2,700,337,190,171
3,ARGES,460,0,Scoala Fata,VEDEA,19793,C,3,760,742,18,379,361,18,0,375,4,800,421,249,126
3,ARGES,461,0,Gradinita Vladesti - centru,VLADESTI,19999,C,3,1734,1719,15,843,828,15,0,834,9,1800,957,516,318
3,ARGES,462,0,Scoala Primara Vladestii de Sus,VLADESTI,19999,C,3,773,739,34,423,389,34,0,414,9,900,477,255,159
3,ARGES,463,0,Primaria Vulturesti,VULTURESTI,20055,C,3,1567,1559,8,1166,1115,8,43,1155,11,1700,534,701,454
3,ARGES,464,0,Camin Cultural Barzesti,VULTURESTI,20055,C,3,536,521,15,390,361,15,14,386,4,600,210,229,157
3,ARGES,465,0,Scoala Huluba,VULTURESTI,20055,C,3,204,195,9,114,105,9,0,113,1,300,186,65,48
4,BACAU,1,0,Colegiul National Vasile Alecsandri str.Vasile Alecsandri nr.37,MUNICIPIUL BACAU,20297,M,1,1329,1309,20,909,881,20,8,905,4,1400,491,343,562
4,BACAU,2,0,Scoala Spiru Haret (fosta 18) str.Vasile Alecsandri nr.14,MUNICIPIUL BACAU,20297,M,1,933,925,8,616,606,8,2,613,3,997,381,228,385
4,BACAU,3,0,Colegiul Tehnic Anghel Saligny str.Vasile Alecsandri nr.18,MUNICIPIUL BACAU,20297,M,1,1234,1210,24,778,748,24,6,767,11,1300,522,352,415
4,BACAU,4,0,Scoala de Arte George Apostu str. Razboieni nr.24,MUNICIPIUL BACAU,20297,M,1,1057,1040,17,709,687,17,5,704,5,1100,391,302,402
4,BACAU,5,0,Scoala Alexandru cel Bun (sc.5) Str.I.S.Sturdza nr.80,MUNICIPIUL BACAU,20297,M,1,1281,1261,20,758,733,20,5,753,5,1400,642,295,458
4,BACAU,6,0,Scoala Alexandru Ioan Cuza (19) Str.Oituz nr.14,MUNICIPIUL BACAU,20297,M,1,1455,1441,14,952,938,14,0,947,5,1599,647,295,652
4,BACAU,7,0,Gradinita 40 (fosta 4) str.Cuza Voda nr.10,MUNICIPIUL BACAU,20297,M,1,1368,1353,15,683,668,15,0,675,8,1500,817,248,427
4,BACAU,8,0,Gradinita 40 (fosta 4) str.Cuza Voda nr.10,MUNICIPIUL BACAU,20297,M,1,1774,1757,17,987,968,17,2,981,6,1900,913,353,628
4,BACAU,9,0,Grup Scolar Mihai Eminescu str.M.Eminescu nr.35,MUNICIPIUL BACAU,20297,M,1,1328,1293,35,883,759,35,89,878,5,1400,517,351,527
4,BACAU,10,0,Grup Scolar Mihai Eminescu str.M.Eminescu nr.35,MUNICIPIUL BACAU,20297,M,1,1397,1374,23,721,696,23,2,715,6,1500,779,287,428
4,BACAU,11,0,Scoala Dimitrie Leonida ( nr.6) Str.Vasile Parvan nr.22,MUNICIPIUL BACAU,20297,M,1,1160,1138,22,681,659,22,0,667,14,1200,519,292,375
4,BACAU,12,0,Scoala Dimitrie Leonida ( nr.6) Str.Vasile Parvan nr.22,MUNICIPIUL BACAU,20297,M,1,1156,1134,22,902,685,22,195,891,11,1200,298,354,537
4,BACAU,13,0,Scoala Ion Creanga str.Tipografilor nr.11,MUNICIPIUL BACAU,20297,M,1,1718,1701,17,873,854,17,2,861,12,1800,927,269,592
4,BACAU,14,0,Scoala Ion Creanga str.Tipografilor nr.11,MUNICIPIUL BACAU,20297,M,1,1970,1946,24,909,883,24,2,908,1,2099,1190,340,568
4,BACAU,15,0,Grup Scolar Posta si Telecomunicatii N.V.Karpe Str.Mioritei nr.76,MUNICIPIUL BACAU,20297,M,1,1686,1676,10,958,944,10,4,954,4,1800,842,283,671
4,BACAU,16,0,Grup Scolar Posta si Telecomunicatii N.V.Karpe Str.Mioritei nr.76,MUNICIPIUL BACAU,20297,M,1,1322,1314,8,640,632,8,0,638,2,1400,760,234,404
4,BACAU,17,0,Grup Scolar Posta si Telecomunicatii N.V.Karpe Str.Mioritei nr.76,MUNICIPIUL BACAU,20297,M,1,1206,1186,20,585,565,20,0,582,3,1300,715,211,371
4,BACAU,18,0,Grup Scolar Posta si Telecomunicatii N.V.Karpe Str.Mioritei nr.76,MUNICIPIUL BACAU,20297,M,1,1495,1469,26,709,683,26,0,704,5,1600,891,209,495
4,BACAU,19,0,Gradinita 29 str.Radu Negru nr.3,MUNICIPIUL BACAU,20297,M,1,1548,1536,12,828,815,12,1,819,9,1700,872,291,528
4,BACAU,20,0,Gradinita 29 str.Radu Negru nr.3,MUNICIPIUL BACAU,20297,M,1,1502,1485,17,825,807,17,1,818,7,1600,775,273,545
4,BACAU,21,0,Scoala G.M.Cancicov str.Prieteniei nr.73,MUNICIPIUL BACAU,20297,M,1,1188,1177,11,588,577,11,0,578,10,1300,712,206,372
4,BACAU,22,0,Scoala G.M.Cancicov str.Prieteniei nr.73,MUNICIPIUL BACAU,20297,M,1,1459,1447,12,763,750,12,1,759,4,1600,837,273,486
4,BACAU,23,0,Scoala G.M.Cancicov str.Prieteniei nr.73,MUNICIPIUL BACAU,20297,M,1,1394,1379,15,709,694,15,0,707,2,1500,791,278,429
4,BACAU,24,0,Scoala G.M.Cancicov str.Prieteniei nr.73,MUNICIPIUL BACAU,20297,M,1,1178,1161,17,499,482,17,0,498,1,1304,805,176,322
4,BACAU,25,0,Scoala Mihail Sadoveanu str.Venus nr.1,MUNICIPIUL BACAU,20297,M,1,1862,1847,15,943,928,15,0,928,15,2000,1057,346,582
4,BACAU,26,0,Scoala Mihail Sadoveanu str.Venus nr.1,MUNICIPIUL BACAU,20297,M,1,1508,1490,18,736,718,18,0,726,10,1600,864,228,498
4,BACAU,27,0,Scoala Mihail Sadoveanu str.Venus nr.1,MUNICIPIUL BACAU,20297,M,1,1464,1452,12,668,656,12,0,661,7,1600,932,245,416
4,BACAU,28,0,Scoala Mihail Sadoveanu str.Venus nr.1,MUNICIPIUL BACAU,20297,M,1,1903,1884,19,925,906,19,0,918,7,1999,1074,302,616
4,BACAU,29,0,Gradinita Crai Nou (nr.37) str.Aprodu Purice nr.11A,MUNICIPIUL BACAU,20297,M,1,1610,1601,9,795,786,9,0,783,12,1700,905,258,525
4,BACAU,30,0,Scoala nr.9 Calea Moldovei nr.136,MUNICIPIUL BACAU,20297,M,1,1513,1481,32,858,826,32,0,844,14,1600,742,301,543
4,BACAU,31,0,Strandul Tineretului str.Stefan cel Mare,MUNICIPIUL BACAU,20297,M,1,1114,1100,14,599,585,14,0,596,3,1200,601,169,427
4,BACAU,32,0,S.C.Electrica str.Stefaan cel Mare nr.22,MUNICIPIUL BACAU,20297,M,1,1376,1366,10,777,766,10,1,765,12,1500,723,218,547
4,BACAU,33,0,Cantina de Ajutor Social str.Stefaan cel Mare nr.26,MUNICIPIUL BACAU,20297,M,1,1365,1354,11,706,695,11,0,699,7,1500,794,250,449
4,BACAU,34,0,Scoala Mihai Dragan str.Logofat Tautu nr.7,MUNICIPIUL BACAU,20297,M,1,1516,1506,10,781,770,10,1,778,3,1600,819,240,538
4,BACAU,35,0,Scoala Mihai Dragan str.Logofat Tautu nr.7,MUNICIPIUL BACAU,20297,M,1,1547,1535,12,806,790,12,4,801,5,1700,894,307,494
4,BACAU,36,0,Scoala Mihai Dragan str.Logofat Tautu nr.7,MUNICIPIUL BACAU,20297,M,1,1384,1366,18,732,714,18,0,726,6,1500,768,315,411
4,BACAU,37,0,Scoala Mihai Dragan str.Logofat Tautu nr.7,MUNICIPIUL BACAU,20297,M,1,1263,1243,20,601,581,20,0,596,5,1400,799,218,378
4,BACAU,38,0,Gradinita nr.35 (fosta 41) str.Costache Negri nr.1,MUNICIPIUL BACAU,20297,M,1,1365,1347,18,666,647,18,1,659,7,1500,834,250,409
4,BACAU,39,0,Administratia Finantelor Publice (Bancorex) str.9 Mai nr.30,MUNICIPIUL BACAU,20297,M,1,885,868,17,451,434,17,0,450,1,1000,549,174,276
4,BACAU,40,0,Scoala Nicu Enea (nr.7) Calea Romanului nr.144,MUNICIPIUL BACAU,20297,M,1,1469,1456,13,803,790,13,0,798,5,1592,789,326,472
4,BACAU,41,0,Scoala Nicu Enea (nr.7) Calea Romanului nr.144,MUNICIPIUL BACAU,20297,M,1,1414,1400,14,752,737,14,1,742,10,1500,748,307,435
4,BACAU,42,0,Scoala de Arte si Meserii (sc.3) str.Tecuciului nr.17,MUNICIPIUL BACAU,20297,M,1,1304,1287,17,709,692,17,0,691,18,1400,691,311,380
4,BACAU,43,0,Scoala de Arte si Meserii (sc.3) str.Tecuciului nr.17,MUNICIPIUL BACAU,20297,M,1,1243,1198,45,645,600,45,0,640,5,1300,655,304,336
4,BACAU,44,0,Colegiul Economic Ion Ghica str.9 Mai nr.104,MUNICIPIUL BACAU,20297,M,1,1582,1569,13,869,838,13,18,862,7,1699,830,295,567
4,BACAU,45,0,Scoala nr.2 str.9 Mai nr.64,MUNICIPIUL BACAU,20297,M,1,1757,1718,39,1041,1002,39,0,1029,12,1800,759,327,702
4,BACAU,46,0,Scoala nr.2 str.9 Mai nr.64,MUNICIPIUL BACAU,20297,M,1,1506,1491,15,822,807,15,0,814,8,1600,778,270,544
4,BACAU,47,0,Scoala nr.2 str.9 Mai nr.64,MUNICIPIUL BACAU,20297,M,1,1656,1647,9,1069,1056,9,4,1066,3,1800,731,376,690
4,BACAU,48,0,Gradinita cu program prelungit 12 (fosta 16) str.9 Mai nr.11,MUNICIPIUL BACAU,20297,M,1,1502,1487,15,968,949,15,4,964,4,1600,632,348,616
4,BACAU,49,0,Gradinita cu program prelungit 12 (fosta 16) str.9 Mai nr.11,MUNICIPIUL BACAU,20297,M,1,1964,1943,21,1050,1029,21,0,1040,10,2100,1050,373,667
4,BACAU,50,0,Liceul cu program de educatie fizica str.Al.cel Bun nr.43,MUNICIPIUL BACAU,20297,M,1,1179,1167,12,679,666,12,1,674,5,1300,621,213,461
4,BACAU,51,0,Liceul cu program de educatie fizica str.Al.cel Bun nr.43,MUNICIPIUL BACAU,20297,M,1,1297,1278,19,779,759,19,1,772,7,1400,621,247,525
4,BACAU,52,0,Gradinita cu program prelungit 33 (fosta 43) str.Al.cel Bun nr.10,MUNICIPIUL BACAU,20297,M,1,1538,1522,16,854,838,16,0,849,5,1700,846,298,551
4,BACAU,53,0,Scoala Miron Costin str.Miron Costin nr.64,MUNICIPIUL BACAU,20297,M,1,1846,1836,10,860,850,10,0,848,12,2000,1140,368,480
4,BACAU,54,0,Scoala Miron Costin str.Miron Costin nr.64,MUNICIPIUL BACAU,20297,M,1,944,934,10,448,438,10,0,442,6,1000,552,166,276
4,BACAU,55,0,Scoala Miron Costin str.Miron Costin nr.64,MUNICIPIUL BACAU,20297,M,1,1604,1597,7,826,819,7,0,816,10,1700,874,279,537
4,BACAU,56,0,Scoala Miron Costin str.Miron Costin nr.64,MUNICIPIUL BACAU,20297,M,1,1621,1603,18,999,981,18,0,993,6,1698,699,398,595
4,BACAU,57,0,Gradinita cu program prelungit 23 str.Mircea Eliade nr.6,MUNICIPIUL BACAU,20297,M,1,1539,1476,63,820,757,63,0,813,7,1600,780,356,457
4,BACAU,58,0,Centrul de Ingrijire si Asistenta Bacau str.Aleea Ghioceilor nr.2,MUNICIPIUL BACAU,20297,M,1,1658,1651,7,1154,980,7,167,1146,8,1800,646,479,667
4,BACAU,59,0,Bazinul de inot str.Aleea Ghioceilor nr.10,MUNICIPIUL BACAU,20297,M,1,1205,1172,33,608,575,33,0,603,5,1300,692,277,326
4,BACAU,60,0,Sala de Atletism str.Aleea Ghioceilor nr.4,MUNICIPIUL BACAU,20297,M,1,1440,1421,19,694,675,19,0,693,1,1500,806,244,449
4,BACAU,61,0,Scoala Alecu Russo (scoala 16) str.Alecu Russo nr.5,MUNICIPIUL BACAU,20297,M,1,1266,1252,14,685,671,14,0,681,4,1400,715,236,445
4,BACAU,62,0,Scoala Alecu Russo (scoala 16) str.Alecu Russo nr.5,MUNICIPIUL BACAU,20297,M,1,1279,1269,10,611,599,10,2,604,7,1400,789,261,343
4,BACAU,63,0,Scoala Alecu Russo (scoala 16) str.Alecu Russo nr.5,MUNICIPIUL BACAU,20297,M,1,1630,1615,15,829,813,15,1,818,11,1800,971,310,508
4,BACAU,64,0,Scoala Ion Luca (scoala 20) str.Alecu Russo nr.37,MUNICIPIUL BACAU,20297,M,1,1461,1446,15,770,706,15,49,762,8,1600,830,324,438
4,BACAU,65,0,Scoala Ion Luca (scoala 20) str.Alecu Russo nr.37,MUNICIPIUL BACAU,20297,M,1,1445,1430,15,733,718,15,0,723,10,1500,767,297,426
4,BACAU,66,0,Scoala Ion Luca (scoala 20) str.Alecu Russo nr.37,MUNICIPIUL BACAU,20297,M,1,1374,1364,10,691,681,10,0,684,7,1501,810,284,400
4,BACAU,67,0,Scoala Ion Luca (scoala 20) str.Alecu Russo nr.37,MUNICIPIUL BACAU,20297,M,1,1018,1005,13,524,511,13,0,516,8,1100,576,211,305
4,BACAU,68,0,Gradinita cu program prelungit 27 str.Alecu Russo nr.59,MUNICIPIUL BACAU,20297,M,1,1239,1222,17,628,611,17,0,620,8,1300,672,273,347
4,BACAU,69,0,Gradinita cu program prelungit 27 str.Alecu Russo nr.59,MUNICIPIUL BACAU,20297,M,1,2130,2109,21,983,962,21,0,978,5,2200,1217,397,581
4,BACAU,70,0,Gradinita cu program prelungit 30 str.Alecu Russo nr.29,MUNICIPIUL BACAU,20297,M,1,1154,1136,18,544,526,18,0,541,3,1200,656,211,330
4,BACAU,71,0,Gradinita cu program prelungit 30 str.Alecu Russo nr.29,MUNICIPIUL BACAU,20297,M,1,1378,1332,46,648,602,46,0,643,5,1400,752,241,402
4,BACAU,72,0,Grupul Scolar Industrial Letea str.Letea nr.26,MUNICIPIUL BACAU,20297,M,1,1839,1816,23,967,944,23,0,960,7,2000,1033,385,575
4,BACAU,73,0,Grup Scolar Industrial Letea str.Letea nr.26,MUNICIPIUL BACAU,20297,M,1,1057,1032,25,549,524,25,0,546,3,1100,551,256,290
4,BACAU,74,0,Grup Scolar Industrial Letea str.Letea nr.26,MUNICIPIUL BACAU,20297,M,1,1800,1780,20,904,884,20,0,893,11,1900,996,345,548
4,BACAU,75,0,Scoala George Bacovia  (Scoala nr.27) str.Carpati nr.12A,MUNICIPIUL BACAU,20297,M,1,1443,1429,14,834,820,14,0,826,8,1600,766,311,515
4,BACAU,76,0,Scoala George Bacovia  (Scoala nr.27) str.Carpati nr.12A,MUNICIPIUL BACAU,20297,M,1,1685,1665,20,909,887,20,2,899,10,1800,891,307,592
4,BACAU,77,0,Scoala George Bacovia  (Scoala nr.27) str.Carpati nr.12A,MUNICIPIUL BACAU,20297,M,1,1418,1409,9,765,756,9,0,759,6,1500,735,253,506
4,BACAU,78,0,Gradinita cu program prelungit nr.28 str.Carpati nr.28,MUNICIPIUL BACAU,20297,M,1,1453,1443,10,722,703,10,9,717,5,1600,878,263,454
4,BACAU,79,0,Gradinita cu program prelungit nr.28 str.Carpati nr.28,MUNICIPIUL BACAU,20297,M,1,1508,1496,12,708,684,12,12,697,11,1600,892,320,377
4,BACAU,80,0,Scoala 10 str.Pictor Andreescu nr.1,MUNICIPIUL BACAU,20297,M,1,1392,1374,18,811,793,18,0,804,7,1500,689,295,509
4,BACAU,81,0,Scoala 10 str.Pictor Andreescu nr.1,MUNICIPIUL BACAU,20297,M,1,1045,1031,14,701,686,14,1,691,10,1100,399,281,410
4,BACAU,82,0,Scoala 10 str.Pictor Andreescu nr.1,MUNICIPIUL BACAU,20297,M,1,1420,1407,13,894,881,13,0,887,7,1500,606,373,514
4,BACAU,83,0,Scoala 10 str.Pictor Andreescu nr.1,MUNICIPIUL BACAU,20297,M,1,1204,1187,17,753,735,17,1,750,3,1300,547,254,496
4,BACAU,84,0,Gradinita 21 (fosta 20) str.Pictor Andreescu nr.5,MUNICIPIUL BACAU,20297,M,1,1124,1104,20,720,698,20,2,710,10,1200,480,282,428
4,BACAU,85,0,Liceul Pedagogic Stefan cel Mare (corp A) str.Spiru Haret nr.6,MUNICIPIUL BACAU,20297,M,1,1023,1009,14,641,576,14,51,637,4,1100,459,292,345
4,BACAU,86,0,Liceul Pedagogic Stefan cel Mare (corp B) str.Spiru Haret nr.6,MUNICIPIUL BACAU,20297,M,1,1274,1257,17,851,790,17,44,844,7,1399,548,307,537
4,BACAU,87,0,SEMROM str.George Bacovia nr.51,MUNICIPIUL BACAU,20297,M,1,1430,1408,22,738,716,22,0,729,9,1500,762,245,484
4,BACAU,88,0,Directia Agricola str.George Bacovia nr.20,MUNICIPIUL BACAU,20297,M,1,1368,1347,21,713,692,21,0,709,4,1500,787,208,501
4,BACAU,89,0,Colegiul National Ferdinand I (corp C) (fost G str.George Bacovia nr.45,MUNICIPIUL BACAU,20297,M,1,1056,1040,16,612,591,16,5,608,4,1100,488,210,398
4,BACAU,90,0,Colegiul National Ferdinand I (corp A) (fost G str.George Bacovia nr.45,MUNICIPIUL BACAU,20297,M,1,1886,1857,29,1117,1085,29,3,1110,7,2000,883,317,793
4,BACAU,91,0,Colegiul National Gheorghe Vranceanu str.Lucretiu Patrascanu nr.30,MUNICIPIUL BACAU,20297,M,1,1270,1250,20,884,864,20,0,877,7,1400,516,227,650
4,BACAU,92,0,Colegiul National Gheorghe Vranceanu str.Lucretiu Patrascanu nr.30,MUNICIPIUL BACAU,20297,M,1,1655,1639,16,878,862,16,0,872,6,1800,922,263,609
4,BACAU,93,0,Scoala nr.1 corp B Izvoare (fosta scoala 17) str.C.Porumbescu nr.2,MUNICIPIUL BACAU,20297,M,1,1185,1176,9,556,547,9,0,546,10,1300,744,243,303
4,BACAU,94,0,Scoala nr.1 corp B Izvoare (fosta scoala 17) str.C.Porumbescu nr.2,MUNICIPIUL BACAU,20297,M,1,1080,1065,15,505,489,15,1,498,7,1200,695,245,253
4,BACAU,95,0,Scoala nr.1 str.Bicaz nr.17,MUNICIPIUL BACAU,20297,M,1,1315,1304,11,650,638,11,1,647,3,1400,750,239,408
4,BACAU,96,0,Scoala nr.1 str.Bicaz nr.17,MUNICIPIUL BACAU,20297,M,1,1078,1069,9,500,491,9,0,494,6,1200,700,187,307
4,BACAU,97,0,Scoala nr.1 str.Bicaz nr.17,MUNICIPIUL BACAU,20297,M,1,1596,1578,18,727,708,18,1,719,8,1700,973,276,443
4,BACAU,98,0,Scoala nr.1 str.Bicaz nr.17,MUNICIPIUL BACAU,20297,M,1,1351,1344,7,658,651,7,0,658,0,1500,842,273,385
4,BACAU,99,0,Scoala 21 (Scoala 29) str.Bicaz nr.3,MUNICIPIUL BACAU,20297,M,1,1350,1341,9,633,624,9,0,626,7,1499,866,273,353
4,BACAU,100,0,Scoala 21 (Scoala 29) str.Bicaz nr.3,MUNICIPIUL BACAU,20297,M,1,1185,1174,11,583,571,11,1,579,4,1300,717,218,361
4,BACAU,101,0,Scoala 21 (fScoala 29) str.Bicaz nr.3,MUNICIPIUL BACAU,20297,M,1,1257,1247,10,580,570,10,0,569,11,1400,820,225,344
4,BACAU,102,0,Scoala 21 (Scoala 29) str.Bicaz nr.3,MUNICIPIUL BACAU,20297,M,1,1309,1290,19,596,577,19,0,591,5,1400,804,215,376
4,BACAU,103,0,Gradinita cu program prelungit 31 str.Bicaz nr.3,MUNICIPIUL BACAU,20297,M,1,1404,1389,15,708,693,15,0,695,13,1500,792,292,403
4,BACAU,104,0,Gradinita cu program prelungit 31 str.Bicaz nr.3,MUNICIPIUL BACAU,20297,M,1,1218,1205,13,635,595,13,27,630,5,1300,665,250,380
4,BACAU,105,0,Gradinita cu program prelungit 32 str.Bicaz nr.17,MUNICIPIUL BACAU,20297,M,1,1502,1485,17,729,710,17,2,722,7,1600,871,281,441
4,BACAU,106,0,Gradinita cu program prelungit 32 str.Bicaz nr.17,MUNICIPIUL BACAU,20297,M,1,1053,1036,17,470,453,17,0,464,6,1100,630,191,273
4,BACAU,107,0,Scoala Domnita Maria str.Bicaz nr.126,MUNICIPIUL BACAU,20297,M,1,1619,1595,24,937,911,24,2,927,10,1700,763,397,530
4,BACAU,108,0,Scoala Domnita Maria str.Bicaz nr.126,MUNICIPIUL BACAU,20297,M,1,1066,1053,13,522,509,13,0,519,3,1200,678,181,338
4,BACAU,109,0,Scoala Domnita Maria str.Bicaz nr.126,MUNICIPIUL BACAU,20297,M,1,1339,1323,16,717,701,16,0,707,10,1400,683,265,442
4,BACAU,110,0,Scoala Domnita Maria str.Bicaz nr.126,MUNICIPIUL BACAU,20297,M,1,1593,1579,14,828,814,14,0,823,5,1708,880,231,592
4,BACAU,111,0,Grup Scolar Chimie Industriala str.Henri Coanda nr.7,MUNICIPIUL BACAU,20297,M,1,1321,1305,16,647,631,16,0,638,9,1404,757,242,396
4,BACAU,112,0,Grup Scolar Chimie Industriala str.Henri Coanda nr.7,MUNICIPIUL BACAU,20297,M,1,1211,1199,12,719,597,12,110,703,16,1300,581,310,393
4,BACAU,113,0,Scoala nr.15 str.Henri Coanda nr.1,MUNICIPIUL BACAU,20297,M,1,1514,1496,18,859,841,18,0,854,5,1600,741,342,512
4,BACAU,114,0,Grup Scolar Industrial Constructii de Masini D str.Aeroportului nr.5,MUNICIPIUL BACAU,20297,M,1,1351,1334,17,711,649,17,45,705,6,1498,787,280,425
4,BACAU,115,0,Grup Scolar Industrial Constructii de Masini D str.Aeroportului nr.5,MUNICIPIUL BACAU,20297,M,1,1639,1630,9,843,832,9,2,837,6,1800,957,282,555
4,BACAU,116,0,Gradinita cu program prelungit 24 str.Aviatori nr.6,MUNICIPIUL BACAU,20297,M,1,1553,1541,12,900,887,12,1,889,11,1699,799,399,490
4,BACAU,117,0,SC Iatsa SA str. Narciselor nr.5,MUNICIPIUL BACAU,20297,M,1,1249,1232,17,616,599,17,0,612,4,1400,784,238,374
4,BACAU,118,0,SC Transport Public SA str. Narciselor nr.16,MUNICIPIUL BACAU,20297,M,1,1148,1133,15,592,575,15,2,588,4,1200,608,237,351
4,BACAU,119,1,Spitalul Judetean de Urgenta Bacau str.Spiru Haret nr.2-4,MUNICIPIUL BACAU,20297,M,1,7,0,7,481,0,7,474,468,13,994,513,248,220
4,BACAU,120,1,Statia CFR (gara) Bacau str.Garii nr.13,MUNICIPIUL BACAU,20297,M,1,15,0,15,1491,0,15,1476,1486,5,1698,207,381,1105
4,BACAU,121,1,SC Transport Bistrita (Autogara) Bacau - B-dul Unirii nr.23,MUNICIPIUL BACAU,20297,M,1,7,0,7,1017,0,7,1010,1010,7,1192,175,374,636
4,BACAU,122,1,Peniteciarul Bacau str.General Gusa nr.3,MUNICIPIUL BACAU,20297,M,1,9,0,9,252,0,9,243,241,11,299,47,138,103
4,BACAU,123,1,Universitatea din Bacau Calea Marasesti nr.157,MUNICIPIUL BACAU,20297,M,1,9,0,9,275,0,9,266,275,0,500,225,79,196
4,BACAU,124,0,Liceul Spiru Haret str.Vasile Alecsandri nr.12,MUNICIPIUL MOINESTI,20876,M,1,1929,1905,24,1069,1045,24,0,1059,10,2100,1031,419,640
4,BACAU,125,0,Clubul Lira str.Libertatii nr.1,MUNICIPIUL MOINESTI,20876,M,1,1986,1960,26,1159,1130,26,3,1145,14,2200,1041,452,693
4,BACAU,126,0,Scoala generala nr.2 str. Schelei nr.1 (Scoala veche- intrarea principala),MUNICIPIUL MOINESTI,20876,M,1,1671,1649,22,975,952,22,1,968,7,1800,825,471,497
4,BACAU,127,0,Scoala generala nr.2 str. Schelei nr.1 (Scoala veche- intrarea secundara),MUNICIPIUL MOINESTI,20876,M,1,1453,1435,18,776,731,18,27,759,17,1603,827,428,331
4,BACAU,128,0,Scoala generala nr.2 str. Schelei nr.1 (scoala noua),MUNICIPIUL MOINESTI,20876,M,1,1737,1716,21,909,887,21,1,900,9,1907,998,342,558
4,BACAU,129,0,Spitalul Municipiului Moinesti str.Zorilor nr.1,MUNICIPIUL MOINESTI,20876,M,1,957,939,18,726,521,18,187,721,5,1000,274,332,389
4,BACAU,130,0,Scoala generala nr.1 str.Zorilor nr.20,MUNICIPIUL MOINESTI,20876,M,1,2022,2001,21,1362,1098,21,243,1340,22,2100,738,581,759
4,BACAU,131,0,Scoala generala nr.3 str.Lucacesti nr.2,MUNICIPIUL MOINESTI,20876,M,1,1373,1352,21,814,788,21,5,798,16,1508,694,427,371
4,BACAU,132,0,Scoala generala nr.4 str.Luminii nr.2,MUNICIPIUL MOINESTI,20876,M,1,1291,1264,27,939,912,27,0,934,5,1400,461,518,416
4,BACAU,133,0,Scoala generala nr.4 str.Luminii nr.2,MUNICIPIUL MOINESTI,20876,M,1,1312,1285,27,803,776,27,0,796,7,1400,597,401,395
4,BACAU,134,0,Scoala generala nr.8 str.M.Eminescu nr.237,MUNICIPIUL MOINESTI,20876,M,1,1010,993,17,599,579,17,3,583,16,1099,500,292,291
4,BACAU,135,0,Scoala generala nr.5 str.Lunca nr.46,MUNICIPIUL MOINESTI,20876,M,1,985,967,18,567,549,18,0,552,15,1099,532,298,254
4,BACAU,136,0,Scoala generala nr.6 str.1 Mai nr.2,MUNICIPIUL MOINESTI,20876,M,1,1712,1700,12,1035,1017,12,6,1019,16,1803,768,702,317
4,BACAU,137,0,Scoala generala nr.7 Str.Avram Iancu nr.1,MUNICIPIUL MOINESTI,20876,M,1,1094,1086,8,669,661,8,0,654,15,1204,535,476,178
4,BACAU,138,0,Liceul Gr.C.Moisil str.Tineretului nr.14,MUNICIPIUL ONESTI,20563,M,1,2241,2231,10,1317,1305,10,2,1308,9,2400,1083,649,659
4,BACAU,139,0,Liceul Gr.C.Moisil str.Tineretului nr.14,MUNICIPIUL ONESTI,20563,M,1,2328,2314,14,1401,1383,14,4,1390,11,2500,1099,729,661
4,BACAU,140,0,Scoala generala nr.9 B-dul Oituz nr.7 bis,MUNICIPIUL ONESTI,20563,M,1,2386,2367,19,1268,1245,19,4,1253,15,2500,1232,647,606
4,BACAU,141,0,Scoala generala nr.10 str.Venus nr.2,MUNICIPIUL ONESTI,20563,M,1,2514,2500,14,1266,1250,14,2,1250,16,2700,1434,639,611
4,BACAU,142,0,Scoala generala nr.7 str.Aurora nr.2,MUNICIPIUL ONESTI,20563,M,1,2911,2884,27,1390,1363,27,0,1378,12,3100,1710,731,647
4,BACAU,143,0,Scoala generala nr.7 str.Aurora nr.2,MUNICIPIUL ONESTI,20563,M,1,2867,2839,28,1446,1417,28,1,1427,19,2996,1550,742,685
4,BACAU,144,0,Casa de cultura str.Culturii nr.2,MUNICIPIUL ONESTI,20563,M,1,2410,2397,13,1272,1259,13,0,1266,6,2600,1328,562,704
4,BACAU,145,0,Casa de cultura str.Culturii nr.2,MUNICIPIUL ONESTI,20563,M,1,2358,2334,24,1367,1343,24,0,1365,2,2500,1133,609,756
4,BACAU,146,0,Scoala generala nr.5 str.1 Mai nr.7,MUNICIPIUL ONESTI,20563,M,1,2062,2050,12,1267,1255,12,0,1257,10,2200,933,694,563
4,BACAU,147,0,Scoala generala nr.1 str.Casinului nr.15,MUNICIPIUL ONESTI,20563,M,1,1711,1694,17,956,939,17,0,950,6,1800,844,483,467
4,BACAU,148,0,Scoala generala nr.1 str.Casinului nr.15,MUNICIPIUL ONESTI,20563,M,1,2059,2026,33,1250,1217,33,0,1244,6,2200,950,511,733
4,BACAU,149,0,Liceul Nadia Comanici str.Perchiului nr.4,MUNICIPIUL ONESTI,20563,M,1,2418,2406,12,1579,1300,12,267,1557,22,2600,1021,890,667
4,BACAU,150,0,Liceul Nadia Comanici str.Perchiului nr.4,MUNICIPIUL ONESTI,20563,M,1,2164,2149,15,1284,1269,15,0,1271,13,2300,1016,655,616
4,BACAU,151,0,Liceul  Dimitrie Cantemir str.dr.Victor Babes nr.12,MUNICIPIUL ONESTI,20563,M,1,3461,3444,17,1836,1819,17,0,1827,9,3700,1864,887,940
4,BACAU,152,0,Grupul scolar Petru Poni b-dul Republicii nr.60,MUNICIPIUL ONESTI,20563,M,1,2390,2377,13,1189,1176,13,0,1179,10,2500,1311,553,626
4,BACAU,153,0,Scoala generala nr.8 str.Armoniei nr.4,MUNICIPIUL ONESTI,20563,M,1,2302,2291,11,1219,1206,11,2,1217,2,2500,1281,566,651
4,BACAU,154,0,Scoala generala nr.8 str.Armoniei nr.4,MUNICIPIUL ONESTI,20563,M,1,2130,2121,9,1124,1115,9,0,1117,7,2300,1176,518,599
4,BACAU,155,0,Grupul Scolar de Arte si Meserii B-dul Republicii nr.45,MUNICIPIUL ONESTI,20563,M,1,1806,1789,17,1554,836,17,701,1541,13,1900,346,694,847
4,BACAU,156,0,Scoala generala nr.3 (TCR) ? str. Avantului nr.5,MUNICIPIUL ONESTI,20563,M,1,868,861,7,520,513,7,0,510,10,900,380,255,255
4,BACAU,157,0,Sera Borzesti,MUNICIPIUL ONESTI,20563,M,1,753,744,9,379,369,9,1,377,2,800,421,243,134
4,BACAU,158,0,Scoala generala nr.2 str.Victoriei nr.44,MUNICIPIUL ONESTI,20563,M,1,894,881,13,557,543,13,1,543,14,1000,443,399,144
4,BACAU,159,0,Gradinita nr.4 str.Flacara nr.2,MUNICIPIUL ONESTI,20563,M,1,2343,2317,26,1369,1343,26,0,1352,17,2500,1131,825,527
4,BACAU,160,0,Consiliul local al orasului Buhusi str.Republicii nr.5,ORAS BUHUSI,20778,O,1,2590,2579,11,1229,1216,11,2,1216,13,2800,1571,663,553
4,BACAU,161,0,Liceul industrial str.Tineretului nr.3,ORAS BUHUSI,20778,O,1,2830,2811,19,1367,1348,19,0,1352,15,3000,1633,785,567
4,BACAU,162,1,Spitalul Orasenesc,ORAS BUHUSI,20778,O,1,10,0,10,113,0,10,103,111,2,300,187,75,36
4,BACAU,163,0,Scoala generala nr.4 str.Tineretului,ORAS BUHUSI,20778,O,1,2473,2462,11,1207,1195,11,1,1182,25,2600,1393,691,491
4,BACAU,164,0,Scoala generala nr.2 str.Florilor nr.7,ORAS BUHUSI,20778,O,1,2947,2929,18,1357,1336,18,3,1341,16,3200,1843,744,597
4,BACAU,165,0,Scoala generala nr.5 str.Libertatii nr.255,ORAS BUHUSI,20778,O,1,2772,2741,31,1360,1180,31,149,1322,38,3006,1646,698,624
4,BACAU,166,0,scoala generala nr.1 str.Libertatii nr.143,ORAS BUHUSI,20778,O,1,2734,2716,18,1210,1191,18,1,1189,21,2900,1690,743,446
4,BACAU,167,0,Scoala generala nr.3 str.Orbic nr.246,ORAS BUHUSI,20778,O,1,1287,1191,96,665,569,96,0,648,17,1300,635,514,134
4,BACAU,168,0,Scoala nr.1 str.Republicii nr.100,ORAS COMANESTI,20821,O,1,1898,1882,16,1275,991,16,268,1257,18,2000,725,579,678
4,BACAU,169,0,Biblioteca orasenesca str.Republicii nr.21,ORAS COMANESTI,20821,O,1,1661,1645,16,864,845,16,3,859,5,1809,945,311,548
4,BACAU,170,0,Scoala nr.10 str.Sperantei nr.11,ORAS COMANESTI,20821,O,1,1716,1703,13,897,883,13,1,889,8,1900,1003,325,564
4,BACAU,171,0,Scoala nr.10 str.Sperantei nr.11,ORAS COMANESTI,20821,O,1,1518,1495,23,802,777,23,2,792,10,1598,796,266,526
4,BACAU,172,0,Primaria orasenesca str.Ciobanus nr.2,ORAS COMANESTI,20821,O,1,1227,1215,12,615,597,12,6,611,4,1406,791,213,398
4,BACAU,173,0,Scoala Supan str.Soimului nr.35,ORAS COMANESTI,20821,O,1,1827,1818,9,1105,1096,9,0,1090,15,2016,911,731,359
4,BACAU,174,0,Scoala Laloia str.Cuza Voda nr.7,ORAS COMANESTI,20821,O,1,1619,1610,9,931,920,9,2,912,19,1801,870,593,319
4,BACAU,175,0,Scoala Sublaloaia str.Libertatii nr.98,ORAS COMANESTI,20821,O,1,1467,1455,12,847,830,12,5,830,17,1599,752,516,314
4,BACAU,176,0,Scoala Leorda str.Progresului nr.43,ORAS COMANESTI,20821,O,1,1242,1237,5,772,766,5,1,764,8,1400,628,495,269
4,BACAU,177,0,Clubul elevilor str.Garii nr.1,ORAS COMANESTI,20821,O,1,1145,1130,15,657,640,15,2,654,3,1198,541,339,315
4,BACAU,178,0,Scoala Dimitrie Ghica Zavoi str.Liceului nr.35,ORAS COMANESTI,20821,O,1,1338,1327,11,746,729,11,6,733,13,1500,754,381,352
4,BACAU,179,0,Caminul cultural Vermesti str.Ciresoaia nr.68,ORAS COMANESTI,20821,O,1,1036,1029,7,553,541,7,5,548,5,1100,547,352,196
4,BACAU,180,0,Scoala Sipoteni str.Moldovei nr.55,ORAS COMANESTI,20821,O,1,635,626,9,375,365,9,1,372,3,699,324,147,225
4,BACAU,181,0,EFIL Comanesti str.Vasile Alecsandri nr.118,ORAS COMANESTI,20821,O,1,905,892,13,695,524,13,158,685,10,1007,312,391,294
4,BACAU,182,0,Scoala Podei str.Podeiului nr.20,ORAS COMANESTI,20821,O,1,431,422,9,248,239,9,0,244,4,500,252,173,71
4,BACAU,183,0,Scoala nr.1 str.Muncii nr.11,ORAS DARMANESTI,22166,O,1,1561,1533,28,950,833,28,89,932,18,1800,850,456,476
4,BACAU,184,0,Scoala nr.2 str.Chimiei nr.62,ORAS DARMANESTI,22166,O,1,1380,1369,11,743,731,11,1,724,19,1500,757,352,372
4,BACAU,185,0,Club Rafinarie str.Chimiei nr.148,ORAS DARMANESTI,22166,O,1,1907,1840,67,1110,1043,67,0,1099,11,1900,790,496,603
4,BACAU,186,0,Scoala nr.3 str.Tineretului nr.1,ORAS DARMANESTI,22166,O,1,1623,1578,45,904,859,45,0,877,27,1700,796,455,422
4,BACAU,187,0,Scoala cu clasele I-VIII Sat Lapos,ORAS DARMANESTI,22166,O,1,846,833,13,504,491,13,0,501,3,900,396,339,162
4,BACAU,188,0,Scoala cu clasele I-VIII Sat Plopu,ORAS DARMANESTI,22166,O,1,1266,1246,20,759,739,20,0,747,12,1400,641,508,239
4,BACAU,189,0,Scoala cu clasele I-IV Salatruc str.Uzinei nr.130,ORAS DARMANESTI,22166,O,1,594,581,13,393,380,13,0,390,3,700,307,206,184
4,BACAU,190,0,Scoala cu clasele I-IV Pagubeni  str Plopului nr.12,ORAS DARMANESTI,22166,O,1,299,290,9,192,183,9,0,185,7,400,208,127,58
4,BACAU,191,0,Complex Comercial str.Buciumului nr.1 A,ORAS DARMANESTI,22166,O,1,1212,1189,23,663,640,23,0,642,21,1300,637,311,331
4,BACAU,192,0,Scoala cu clasele I-IV Darmaneasca str. Calea Trotusului,ORAS DARMANESTI,22166,O,1,561,551,10,334,324,10,0,328,6,600,266,177,151
4,BACAU,193,0,Scoala generala nr.1 Slanic Moldova,ORAS SLANIC MOLDOVA,20910,O,1,1624,1600,24,1105,959,24,122,1096,9,1800,695,518,578
4,BACAU,194,0,Scoala generala nr.2 Cerdac,ORAS SLANIC MOLDOVA,20910,O,1,1006,994,12,655,630,12,13,646,9,1100,445,305,341
4,BACAU,195,0,Caminul Cultural al Parohiei Catolice Ciresoai,ORAS SLANIC MOLDOVA,20910,O,1,1509,1498,11,1006,986,11,9,989,17,1704,698,547,442
4,BACAU,196,0,Casa de cultura str.Trandafirilor nr.2,ORAS TARGU OCNA,20965,O,1,1980,1956,24,1464,1175,24,265,1455,9,2200,736,574,881
4,BACAU,197,0,Colegiul National COSTACHE NEGRI (cladirea ane,ORAS TARGU OCNA,20965,O,1,2059,2053,6,1234,1197,6,31,1222,12,2300,1066,459,763
4,BACAU,198,0,Scoala nr.2 str. Oituz nr.13,ORAS TARGU OCNA,20965,O,1,2213,2196,17,1260,1221,17,22,1249,11,2400,1140,474,775
4,BACAU,199,0,Scoala nr.3 str.C.Negri nr.123,ORAS TARGU OCNA,20965,O,1,1826,1793,33,1101,1050,33,18,1092,9,2000,899,495,597
4,BACAU,200,0,"Scoala nr.4 str, Tisesti nr.67",ORAS TARGU OCNA,20965,O,1,1285,1276,9,916,804,9,103,905,11,1394,478,417,488
4,BACAU,201,0,Scoala nr.5 str.Poieni nr.33,ORAS TARGU OCNA,20965,O,1,797,782,15,510,484,15,11,504,6,900,390,263,241
4,BACAU,202,0,Scoala nr.6 str Vilcele,ORAS TARGU OCNA,20965,O,1,1028,1011,17,697,680,17,0,688,9,1100,403,387,301
4,BACAU,203,0,Consiliul local al comunei Agas,AGAS,21007,C,3,1965,1943,22,1052,1030,22,0,1046,6,2100,1048,608,438
4,BACAU,204,0,Scoala generala satul Cotumba ( scoala veche),AGAS,21007,C,3,1064,1026,38,561,523,38,0,558,3,1100,539,350,208
4,BACAU,205,0,Scoala generala de 8 ani satul Goioasa,AGAS,21007,C,3,1621,1611,10,779,768,10,1,765,14,1700,921,515,250
4,BACAU,206,0,Primarie satul Cosnea,AGAS,21007,C,3,441,430,11,223,212,11,0,223,0,500,277,191,32
4,BACAU,207,0,Scoala generala nr.1 satul Ardeoani,ARDEOANI,21098,C,3,1361,1346,15,749,734,15,0,739,10,1500,751,448,291
4,BACAU,208,0,Scoala generala satul Leontinesti,ARDEOANI,21098,C,3,693,687,6,412,392,6,14,409,3,800,388,269,140
4,BACAU,209,0,Scoala generala cl.I-VIII satul Asau,ASAU,21123,C,3,1872,1861,11,1118,1107,11,0,1103,15,2000,882,713,390
4,BACAU,210,0,Scoala cu cl.I-IV satul Lunca Asau,ASAU,21123,C,3,662,647,15,413,398,15,0,406,7,700,287,282,124
4,BACAU,211,0,Scoala cu cl I-IV satul Straja,ASAU,21123,C,3,1055,1049,6,558,552,6,0,551,7,1200,642,314,237
4,BACAU,212,0,Scoala cu cl. I-IV satul Ciobanus,ASAU,21123,C,3,445,441,4,271,267,4,0,268,3,500,229,205,63
4,BACAU,213,0,Scoala cu cl.I-VIII satul Apa-Asau nr.1,ASAU,21123,C,3,1272,1262,10,703,693,10,0,695,8,1400,697,458,237
4,BACAU,214,0,Scoala cu cl. I-IV satul Paltinis,ASAU,21123,C,3,506,492,14,298,284,14,0,291,7,600,302,183,108
4,BACAU,215,0,Primaria comunei Balcani,BALCANI,21196,C,3,1229,1225,4,578,551,4,23,572,6,1500,922,366,206
4,BACAU,216,0,Gradinita din satul Frumoasa sala nr.1,BALCANI,21196,C,3,1547,1538,9,707,684,9,14,699,8,1600,893,446,253
4,BACAU,217,0,Gradinita din satul Frumoasa sala nr.2,BALCANI,21196,C,3,1226,1207,19,573,540,19,14,567,6,1300,727,391,176
4,BACAU,218,0,Scoala nr.1 satul Schitu-Frumoasa,BALCANI,21196,C,3,1633,1622,11,837,805,11,21,829,8,1800,963,578,251
4,BACAU,219,0,Scoala generala satul Ludasi,BALCANI,21196,C,3,826,814,12,343,324,12,7,338,5,900,557,234,104
4,BACAU,220,0,Caminul cultural satul Beresti-Bistrita,BERESTI-BISTRITA,21249,C,3,976,949,27,531,500,27,4,520,11,1100,569,372,148
4,BACAU,221,0,Caminul cultural satul Itesti,BERESTI-BISTRITA,21249,C,3,572,562,10,330,320,10,0,326,4,600,270,220,106
4,BACAU,222,0,Scoala generala satul Dumbrava,BERESTI-BISTRITA,21249,C,3,231,204,27,158,131,27,0,156,2,300,142,87,69
4,BACAU,223,0,Caminul cultural satul Ciumasi,BERESTI-BISTRITA,21249,C,3,161,143,18,109,80,18,11,108,1,200,91,69,39
4,BACAU,224,0,Scoala generala satul Padureni,BERESTI-BISTRITA,21249,C,3,342,328,14,184,170,14,0,183,1,400,216,142,41
4,BACAU,225,0,Scoala generala satul Climesti,BERESTI-BISTRITA,21249,C,3,240,233,7,148,141,7,0,145,3,300,152,96,49
4,BACAU,226,0,Scoala nr.1 Beresti-Tazlau,BERESTI-TAZLAU,21338,C,3,1103,1098,5,569,564,5,0,566,3,1200,631,436,130
4,BACAU,227,0,Scoala generala satul Bosoteni,BERESTI-TAZLAU,21338,C,3,363,351,12,246,234,12,0,243,3,400,154,177,66
4,BACAU,228,0,Caminul Cultural satul Enachesti,BERESTI-TAZLAU,21338,C,3,622,616,6,394,388,6,0,387,7,700,306,280,107
4,BACAU,229,0,Scoala generala satul Prisaca,BERESTI-TAZLAU,21338,C,3,418,405,13,260,235,13,12,259,1,500,240,193,66
4,BACAU,230,0,Scoala generala satul Romanesti,BERESTI-TAZLAU,21338,C,3,369,361,8,229,221,8,0,224,5,400,171,152,72
4,BACAU,231,0,Scoala generala satul Tescani,BERESTI-TAZLAU,21338,C,3,565,553,12,334,322,12,0,332,2,600,266,252,80
4,BACAU,232,0,Scoala generala nr.1 satul Turluianu,BERESTI-TAZLAU,21338,C,3,885,861,24,524,500,24,0,504,20,1000,476,431,73
4,BACAU,233,0,Scoala Alexandru cel Bun satul Berzunti,BERZUNTI,21418,C,3,2101,2098,3,1136,1133,3,0,1118,18,2300,1164,828,290
4,BACAU,234,0,Scoala cu cl.I-IV nr.1 satul Dragomir,BERZUNTI,21418,C,3,1510,1498,12,793,780,12,1,780,13,1600,807,621,159
4,BACAU,235,0,Scoala cu cl-I-IV satul Buda,BERZUNTI,21418,C,3,406,399,7,240,233,7,0,238,2,500,260,171,67
4,BACAU,236,0,Scoala nr.1 satul Birsanesti,BARSANESTI,21454,C,3,1484,1464,20,786,765,20,1,783,3,1602,816,517,266
4,BACAU,237,0,Scoala satul Albele,BARSANESTI,21454,C,3,556,543,13,336,323,13,0,336,0,602,266,210,126
4,BACAU,238,0,Scoala satul Bratesti,BARSANESTI,21454,C,3,1010,993,17,638,621,17,0,629,9,1100,462,374,255
4,BACAU,239,0,Scoala satul Caraclau,BARSANESTI,21454,C,3,1017,1002,15,608,593,15,0,601,7,1100,492,441,160
4,BACAU,240,0,Scoala cu cl.I-VIII nr.1 satul Blagesti,BLAGESTI,21506,C,3,1819,1801,18,887,860,18,9,880,7,2000,1113,500,380
4,BACAU,241,0,Scoala cu cl.I-VIII nr.1 satul Buda,BLAGESTI,21506,C,3,1614,1608,6,819,808,6,5,803,16,1800,981,571,232
4,BACAU,242,0,Scoala cu cl.I-VIII nr.1 satul Valea lui Ion,BLAGESTI,21506,C,3,1130,1095,35,640,605,35,0,634,6,1200,560,358,276
4,BACAU,243,0,Scoala cu clI-IV satul Tirdenii Mari,BLAGESTI,21506,C,3,986,978,8,555,547,8,0,547,8,1100,545,326,221
4,BACAU,244,0,Scoala genrala satul Bogdanesti,BOGDANESTI,21560,C,3,1731,1721,10,924,914,10,0,911,13,1900,976,421,490
4,BACAU,245,0,Scoala generala satul Filipesti,BOGDANESTI,21560,C,3,456,445,11,303,289,11,3,299,4,500,197,186,113
4,BACAU,246,0,Primaria Brusturoasa,BRUSTUROASA,21597,C,3,1058,1049,9,534,524,9,1,531,3,1200,666,302,229
4,BACAU,247,0,Scoala satul Camenca,BRUSTUROASA,21597,C,3,1088,1079,9,579,570,9,0,572,7,1200,621,287,285
4,BACAU,248,0,Scoala satul Cuchinis,BRUSTUROASA,21597,C,3,648,638,10,353,339,10,4,347,6,700,347,204,143
4,BACAU,249,0,Scoala generala satul Buhoci,BUHOCI,21668,C,3,1257,1244,13,618,605,13,0,611,7,1400,782,383,228
4,BACAU,250,0,Scoala noua satul Bijghir,BUHOCI,21668,C,3,1948,1931,17,835,818,17,0,827,8,2100,1265,511,316
4,BACAU,251,0,Scoala generala satul Coteni,BUHOCI,21668,C,3,595,585,10,308,298,10,0,300,8,700,392,183,117
4,BACAU,252,0,Caminul cultural sat Casin,CASIN,21720,C,3,2188,2180,8,1102,1094,8,0,1084,18,2300,1198,539,545
4,BACAU,253,0,Caminul cultural sat Curita,CASIN,21720,C,3,692,681,11,460,449,11,0,453,7,800,340,295,158
4,BACAU,254,0,Consiliul local al comunei Caiuti,CAIUTI,21757,C,3,1271,1264,7,692,685,7,0,684,8,1396,704,399,285
4,BACAU,255,0,Scoala satul Popeni,CAIUTI,21757,C,3,626,610,16,400,384,16,0,392,8,698,298,199,193
4,BACAU,256,0,Scoala satul Blidari,CAIUTI,21757,C,3,623,611,12,363,351,12,0,358,5,700,337,199,159
4,BACAU,257,0,Scoala satul Pralea,CAIUTI,21757,C,3,649,639,10,403,390,10,3,400,3,696,293,231,169
4,BACAU,258,0,Scoala satul Boistea,CAIUTI,21757,C,3,143,132,11,110,99,11,0,109,1,200,90,78,31
4,BACAU,259,0,Scoala satul Heltiu,CAIUTI,21757,C,3,352,343,9,227,218,9,0,220,7,400,173,105,115
4,BACAU,260,0,Scoala satul Vrinceni,CAIUTI,21757,C,3,346,339,7,193,186,7,0,191,2,400,207,105,86
4,BACAU,261,0,Scoala satul Marcesti,CAIUTI,21757,C,3,107,97,10,50,40,10,0,46,4,200,150,35,11
4,BACAU,262,0,Scoala nr.1 satul Cleja,CLEJA,21855,C,3,2325,2307,18,1061,1043,18,0,1005,56,2500,1439,607,398
4,BACAU,263,0,Scoala nr.2 satul Buda,CLEJA,21855,C,3,1164,1130,34,634,600,34,0,610,24,1200,566,307,303
4,BACAU,264,0,Scoala satul Somusca,CLEJA,21855,C,3,1266,1258,8,645,637,8,0,615,30,1400,755,490,125
4,BACAU,265,0,Scoala satul Valea Mica,CLEJA,21855,C,3,546,534,12,320,308,12,0,314,6,600,280,223,91
4,BACAU,266,0,Scoala generala nr.1 satul Colonesti,COLONESTI,21891,C,3,1050,1044,6,694,636,6,52,686,8,1200,506,578,108
4,BACAU,267,0,Scoala generala satul Spria,COLONESTI,21891,C,3,514,509,5,338,306,5,27,332,6,600,262,294,38
4,BACAU,268,0,Club consiliul local Corbasca,CORBASCA,21971,C,3,634,632,2,318,313,2,3,314,4,700,382,227,87
4,BACAU,269,0,Scoala generala satul Scarisoara,CORBASCA,21971,C,3,698,676,22,369,347,22,0,363,6,800,431,275,88
4,BACAU,270,0,Scoala generala satul Marvila,CORBASCA,21971,C,3,493,482,11,260,248,11,1,257,3,600,340,199,58
4,BACAU,271,0,Scoala generala satul Rogoaza,CORBASCA,21971,C,3,309,303,6,193,185,6,2,191,2,400,207,144,47
4,BACAU,272,0,Scoala generala satul Vilcele,CORBASCA,21971,C,3,424,409,15,242,227,15,0,235,7,500,258,204,31
4,BACAU,273,0,Scoala generala satul Bacioiu,CORBASCA,21971,C,3,1358,1343,15,961,946,15,0,950,11,1500,539,897,53
4,BACAU,274,0,Primaria comunei Cotofanesti,COTOFANESTI,22059,C,3,1200,1196,4,770,760,4,6,751,19,1300,530,579,172
4,BACAU,275,0,Scoala generala cu cl.I-VIII satul Borsani,COTOFANESTI,22059,C,3,605,600,5,407,386,5,16,404,3,700,293,250,154
4,BACAU,276,0,Scoala cu cl.I-IV satul Bilca,COTOFANESTI,22059,C,3,534,527,7,377,347,7,23,369,8,604,227,269,100
4,BACAU,277,0,Primaria comunei satul Damienesti,DAMIENESTI,22111,C,3,788,780,8,468,426,8,34,460,8,900,432,353,107
4,BACAU,278,0,Scoala satul Calugareni,DAMIENESTI,22111,C,3,854,847,7,523,511,7,5,519,4,900,377,419,100
4,BACAU,279,0,Gradinita satul Dealu Morii,DEALU MORII,22237,C,3,979,972,7,540,532,7,1,534,6,1100,560,390,144
4,BACAU,280,0,Scoala cu cl.I-IV satul Cauia,DEALU MORII,22237,C,3,598,578,20,334,314,20,0,332,2,700,366,227,105
4,BACAU,281,0,Scoala cu cl. I-VIII satul Negulesti,DEALU MORII,22237,C,3,555,541,14,328,311,14,3,323,5,600,272,181,142
4,BACAU,282,0,Scoala cu cl I-IV satul Tavadaresti,DEALU MORII,22237,C,3,391,381,10,230,218,10,2,224,6,400,170,166,58
4,BACAU,283,0,Scoala generala de 10 ani satul Dofteana,DOFTEANA,22380,C,3,2203,2175,28,1250,1204,28,18,1239,11,2400,1150,703,536
4,BACAU,284,0,Scoala generala de 8 ani satul Haghiac,DOFTEANA,22380,C,3,1177,1118,59,830,770,59,1,813,17,1200,370,494,319
4,BACAU,285,0,Scoala generala de 4 ani satul Bogata,DOFTEANA,22380,C,3,663,642,21,552,523,21,8,546,6,700,148,410,136
4,BACAU,286,0,Scoala generala de 8 ani satul Cucuieti,DOFTEANA,22380,C,3,1823,1813,10,1416,1391,10,15,1401,15,1900,484,1037,364
4,BACAU,287,0,Scoala generala de 8 ani satul Larga,DOFTEANA,22380,C,3,977,971,6,865,859,6,0,846,19,1100,235,654,192
4,BACAU,288,0,Scoala generala de 4 ani satul Stefan Voda,DOFTEANA,22380,C,3,875,852,23,691,665,23,3,631,60,900,209,478,153
4,BACAU,289,0,Scoala generala de 4 ani satul Seaca,DOFTEANA,22380,C,3,508,475,33,390,352,33,5,387,3,500,110,264,123
4,BACAU,290,0,Scoala generala nr.1 satul Faraoani,FARAOANI,22460,C,3,2390,2367,23,1145,1121,23,1,1124,21,2600,1455,659,465
4,BACAU,291,0,Scoala generala nr.2 satul Faraoani,FARAOANI,22460,C,3,2010,1979,31,928,897,31,0,900,28,2100,1172,532,368
4,BACAU,292,0,Primaria Filipeni,FILIPENI,22488,C,3,659,648,11,417,403,11,3,415,2,700,283,306,109
4,BACAU,293,0,Scoala satul Marasti,FILIPENI,22488,C,3,652,634,18,359,341,18,0,356,3,700,341,223,133
4,BACAU,294,0,Scoala satul Fruntesti,FILIPENI,22488,C,3,624,617,7,376,369,7,0,372,4,700,324,305,67
4,BACAU,295,0,Scoala sat Filipesti,FILIPESTI,22576,C,3,851,815,36,434,398,36,0,429,5,900,466,241,188
4,BACAU,296,0,Scoala sat Galbeni,FILIPESTI,22576,C,3,672,662,10,339,329,10,0,339,0,700,361,229,110
4,BACAU,297,0,Caminul cultural sat Carligi,FILIPESTI,22576,C,3,929,925,4,501,497,4,0,492,9,1000,499,296,196
4,BACAU,298,0,Scoala sat Oniscani,FILIPESTI,22576,C,3,422,409,13,200,187,13,0,194,6,500,300,113,81
4,BACAU,299,0,Scoala sat Boanta,FILIPESTI,22576,C,3,274,260,14,145,128,14,3,143,2,300,155,96,47
4,BACAU,300,0,Scoala sat Harlesti,FILIPESTI,22576,C,3,489,472,17,330,313,17,0,319,11,500,170,233,86
4,BACAU,301,0,Primaria comunei Gaiceana,GAICEANA,22665,C,3,803,799,4,479,472,4,3,473,6,900,421,333,140
4,BACAU,302,0,Scoala satul Arini,GAICEANA,22665,C,3,1065,1057,8,637,626,8,3,632,5,1200,563,538,94
4,BACAU,303,0,Scoala satul Hutu,GAICEANA,22665,C,3,562,539,23,509,483,23,3,504,5,597,88,427,77
4,BACAU,304,0,Primaria Ghimes-Faget,GHIMES-FAGET,22718,C,3,1093,1067,26,475,444,26,5,456,19,1200,725,291,165
4,BACAU,305,0,Scoala generala cl.I-VIII satul Tarhausi,GHIMES-FAGET,22718,C,3,613,596,17,237,217,17,3,234,3,700,463,133,101
4,BACAU,306,0,Scoala generala satul Ghimes,GHIMES-FAGET,22718,C,3,868,836,32,362,330,32,0,360,2,899,537,252,108
4,BACAU,307,0,Scoala generala satul Fagetul de Sus,GHIMES-FAGET,22718,C,3,215,204,11,108,97,11,0,105,3,300,192,85,20
4,BACAU,308,0,Scoala generala satul Bolovanis,GHIMES-FAGET,22718,C,3,798,785,13,339,326,13,0,327,12,900,561,181,146
4,BACAU,309,0,Scoala generala satul Rachitis,GHIMES-FAGET,22718,C,3,243,236,7,134,127,7,0,133,1,300,166,88,45
4,BACAU,310,0,Scoala gen.nr.1 satul Girlenii de Sus,GARLENI,22781,C,3,1214,1209,5,563,558,5,0,556,7,1300,737,246,310
4,BACAU,311,0,Scoala gen.nr.2 satul Girleni,GARLENI,22781,C,3,1530,1513,17,762,740,17,5,759,3,1700,938,336,423
4,BACAU,312,0,Scoala gen.nr.3 satul Lespezi,GARLENI,22781,C,3,2151,2131,20,1066,1046,20,0,1051,15,2400,1334,469,582
4,BACAU,313,0,Caminul cultural satul Glavanesti,GLAVANESTI,22834,C,3,1716,1712,4,919,915,4,0,905,14,1898,979,599,306
4,BACAU,314,0,Caminul cultural satul Frumuselu,GLAVANESTI,22834,C,3,1447,1436,11,767,754,11,2,752,15,1600,833,439,313
4,BACAU,315,0,Consiliul local Gura Vaii,GURA VAII,20607,C,3,1915,1905,10,1028,1012,10,6,1019,9,2100,1072,763,256
4,BACAU,316,0,Scoala cu cl.I-IV satul Motocesti,GURA VAII,20607,C,3,147,138,9,81,70,9,2,80,1,200,119,64,16
4,BACAU,317,0,Scoala cu cl.I-VIII satul Temelia,GURA VAII,20607,C,3,588,577,11,279,266,11,2,278,1,700,421,208,70
4,BACAU,318,0,Scoala cu cl.I-IV satul Paltinata,GURA VAII,20607,C,3,443,435,8,231,223,8,0,230,1,500,269,172,58
4,BACAU,319,0,Scoala cu cl.I-VIII satul Dumbrava,GURA VAII,20607,C,3,1065,1053,12,523,510,12,1,513,10,1200,677,313,200
4,BACAU,320,0,Scoala cu cl.I-IV satul Capata,GURA VAII,20607,C,3,276,270,6,176,170,6,0,171,5,300,124,110,61
4,BACAU,321,0,Scoala cu cl.I-VIII satul Helegiu,HELEGIU,22898,C,3,912,815,97,541,440,97,4,537,4,900,359,369,168
4,BACAU,322,0,Scoala generala cu cl.I-VIII satul Bratila 1,HELEGIU,22898,C,3,728,659,69,444,366,69,9,438,6,700,256,323,115
4,BACAU,323,0,Scoala generala cu cl.-I-VIII satul Bratila 2,HELEGIU,22898,C,3,1006,936,70,560,490,70,0,554,5,1000,440,385,169
4,BACAU,324,0,Scoala generala cu cl.-I-VIII satul Deleni,HELEGIU,22898,C,3,1607,1533,74,759,685,74,0,728,30,1700,941,532,196
4,BACAU,325,0,Scoala generala cu cl.I-VIII satul Dragugesti,HELEGIU,22898,C,3,1481,1370,111,785,666,111,8,769,16,1500,715,561,208
4,BACAU,326,0,Scoala generala cu cl.I-VIII satul Dragugesti,HELEGIU,22898,C,3,398,362,36,207,171,36,0,203,4,498,291,165,38
4,BACAU,327,0,Caminul cultural din satul Hemeius,HEMEIUS,20313,C,3,1316,1304,12,722,705,12,5,713,9,1400,678,320,393
4,BACAU,328,0,Scoala generala Ion Simionescu satul Lilieci,HEMEIUS,20313,C,3,1621,1606,15,878,834,15,29,868,10,1800,922,413,455
4,BACAU,329,0,Caminul cultural Horgesti,HORGESTI,22941,C,3,1489,1478,11,724,713,11,0,711,11,1700,976,543,168
4,BACAU,330,0,Scoala satul Recea,HORGESTI,22941,C,3,1185,1161,24,642,616,24,2,639,3,1300,658,533,106
4,BACAU,331,0,Scoala satul Racatau Razesi,HORGESTI,22941,C,3,830,808,22,446,422,22,2,442,4,900,454,381,61
4,BACAU,332,0,Primaria Huruiesti,HURUIESTI,23047,C,3,637,601,36,464,421,36,7,448,16,700,236,362,86
4,BACAU,333,0,Scoala satul Perchiu,HURUIESTI,23047,C,3,133,133,0,128,107,0,21,117,11,200,72,95,22
4,BACAU,334,0,Scoala satul Pradais,HURUIESTI,23047,C,3,281,273,8,271,263,8,0,271,0,300,29,241,30
4,BACAU,335,0,Scoala satul Capotesti,HURUIESTI,23047,C,3,266,252,14,248,215,14,19,235,13,300,52,227,8
4,BACAU,336,0,Scoala satul Ocheni,HURUIESTI,23047,C,3,362,339,23,330,307,23,0,320,10,400,70,287,33
4,BACAU,337,0,Scoala satul Floresti,HURUIESTI,23047,C,3,188,177,11,151,125,11,15,150,1,200,49,123,27
4,BACAU,338,0,Scoala satul Fundoaia,HURUIESTI,23047,C,3,409,397,12,337,290,12,35,327,10,500,163,293,34
4,BACAU,339,0,Primaria comunei Izvoru Berheciului,IZVORU BERHECIULUI,23127,C,3,627,623,4,371,367,4,0,365,6,700,329,276,89
4,BACAU,340,0,Scoala generala satul Antohesti,IZVORU BERHECIULUI,23127,C,3,331,325,6,190,184,6,0,185,5,400,210,125,60
4,BACAU,341,0,Scoala generala satul Obirsia,IZVORU BERHECIULUI,23127,C,3,323,316,7,167,160,7,0,164,3,400,233,110,54
4,BACAU,342,0,Scoala coordonatore satul Letea Veche,LETEA VECHE,20359,C,3,1909,1857,52,1004,952,52,0,994,10,2000,996,466,528
4,BACAU,343,0,Scoala satul Holt,LETEA VECHE,20359,C,3,1330,1316,14,780,766,14,0,774,6,1400,620,438,336
4,BACAU,344,0,Scoala satul Rusi Ciutea,LETEA VECHE,20359,C,3,658,649,9,366,357,9,0,362,4,700,334,211,151
4,BACAU,345,0,Scoala generala satul Lipova,LIPOVA,23207,C,3,535,531,4,296,291,4,1,287,9,600,304,203,84
4,BACAU,346,0,Caminul cultural satul Valea Hogei,LIPOVA,23207,C,3,608,599,9,347,338,9,0,332,15,700,353,268,64
4,BACAU,347,0,Scoala generala satul Valea Caselor,LIPOVA,23207,C,3,341,333,8,222,212,8,2,221,1,400,178,173,48
4,BACAU,348,0,Scoala generala satul Milosu,LIPOVA,23207,C,3,641,633,8,375,364,8,3,360,15,700,325,265,95
4,BACAU,349,0,Scoala generala nr.1 satul Livezi,LIVEZI,23289,C,3,780,761,19,416,395,19,2,411,5,900,484,271,140
4,BACAU,350,0,Scoala generala satul Orasa,LIVEZI,23289,C,3,788,772,16,507,490,16,1,501,6,900,393,354,147
4,BACAU,351,0,Scoala generala satul Prajoaia,LIVEZI,23289,C,3,747,710,37,436,399,37,0,430,6,800,364,353,77
4,BACAU,352,0,Scoala generala satul Scariga,LIVEZI,23289,C,3,437,411,26,304,278,26,0,300,4,500,196,229,71
4,BACAU,353,0,Scoala generala satul Poiana,LIVEZI,23289,C,3,738,727,11,403,391,11,1,402,1,800,397,275,127
4,BACAU,354,0,Scoala generala sat Balaneasa nr.1,LIVEZI,23289,C,3,789,767,22,462,435,22,5,455,7,900,438,365,90
4,BACAU,355,0,Primaria Luizi Calugara,LUIZI-CALUGARA,23350,C,3,2874,2863,11,1237,1220,11,6,1207,30,3200,1963,611,596
4,BACAU,356,0,Scoala generala satul Osebiti,LUIZI-CALUGARA,23350,C,3,1365,1357,8,569,560,8,1,548,21,1500,931,265,283
4,BACAU,357,0,Caminul cultural al comunei Magiresti,MAGIRESTI,23387,C,3,2076,2066,10,1119,1070,10,39,1107,12,2300,1181,593,514
4,BACAU,358,0,Scoala generala satul Valea Arinilor,MAGIRESTI,23387,C,3,1428,1357,71,821,749,71,1,808,12,1500,679,416,392
4,BACAU,359,0,Scoala nr.2 satul Magura,MAGURA,20411,C,3,901,892,9,522,513,9,0,517,5,1000,478,234,283
4,BACAU,360,0,Caminul cultural satul Magura,MAGURA,20411,C,3,1486,1470,16,670,654,16,0,668,2,1598,928,280,388
4,BACAU,361,0,Caminul cultural satul Sohodol,MAGURA,20411,C,3,761,753,8,385,377,8,0,381,4,796,411,192,189
4,BACAU,362,0,Scoala Margineni,MARGINENI,20466,C,3,2845,2776,69,1219,1150,69,0,1195,24,3100,1881,536,659
4,BACAU,363,0,Scoala Barati,MARGINENI,20466,C,3,1263,1227,36,632,596,36,0,622,10,1300,668,362,260
4,BACAU,364,0,Scoala Trebes,MARGINENI,20466,C,3,1238,1166,72,587,515,72,0,574,13,1300,713,314,260
4,BACAU,365,0,Scoala Luncani,MARGINENI,20466,C,3,1070,1055,15,546,531,15,0,537,9,1198,652,319,218
4,BACAU,366,0,Caminul cultural Manastirea Casin,MANASTIREA CASIN,23449,C,3,2214,2206,8,1073,1061,8,4,1051,22,2400,1327,636,415
4,BACAU,367,0,Scoala nr.2 Manastirea Casin,MANASTIREA CASIN,23449,C,3,1594,1584,10,806,796,10,0,789,17,1800,994,481,308
4,BACAU,368,0,Scoala satul Lupesti,MANASTIREA CASIN,23449,C,3,650,644,6,318,312,6,0,315,3,700,382,163,152
4,BACAU,369,0,Caminul cultural Motoseni,MOTOSENI,23494,C,3,968,925,43,502,449,43,10,492,10,1100,598,362,130
4,BACAU,370,0,Scoala generala satul Tepoia,MOTOSENI,23494,C,3,581,555,26,328,302,26,0,325,3,600,272,255,70
4,BACAU,371,0,Scoala generala satul Cociu,MOTOSENI,23494,C,3,326,309,17,181,143,17,21,179,2,400,219,140,39
4,BACAU,372,0,Scoala generala satul Poiana,MOTOSENI,23494,C,3,400,373,27,230,196,27,7,222,8,400,170,185,37
4,BACAU,373,0,Scoala generala satul Fintinele,MOTOSENI,23494,C,3,628,580,48,377,323,48,6,372,5,700,323,240,132
4,BACAU,374,0,Scoala generala satul Sendresti,MOTOSENI,23494,C,3,384,359,25,251,218,25,8,247,4,400,149,168,79
4,BACAU,375,0,Scoala cu cl.I-VIII Costache Negri satul Negri,NEGRI,23644,C,3,1156,1148,8,634,623,8,3,618,16,1300,666,479,139
4,BACAU,376,0,Scoala cu cl.I-VIII Ion Ionescu de Brad satul,NEGRI,23644,C,3,1291,1282,9,640,629,9,2,615,21,1400,760,492,123
4,BACAU,377,0,Scoala cu cl. I-VIII satul N. Balcescu,NICOLAE BALCESCU,23715,C,3,3530,3422,108,1328,1220,108,0,1311,17,3800,2472,610,701
4,BACAU,378,0,Scoala generala Galbeni satul Galbeni,NICOLAE BALCESCU,23715,C,3,1103,1071,32,552,520,32,0,545,7,1200,648,253,292
4,BACAU,379,0,Scoala generala  nr.1 satul Valea-Seaca,NICOLAE BALCESCU,23715,C,3,1634,1600,34,644,610,34,0,628,16,1800,1156,367,261
4,BACAU,380,0,Scoala generala nr.2 satul Valea-Seaca,NICOLAE BALCESCU,23715,C,3,741,690,51,246,195,51,0,240,6,800,554,137,103
4,BACAU,381,0,Scoala generala nr.2 Oituz,OITUZ,23797,C,3,1953,1913,40,781,711,40,30,770,11,2100,1319,487,283
4,BACAU,382,0,Scoala satul Marginea,OITUZ,23797,C,3,660,630,30,316,285,30,1,314,2,700,384,238,76
4,BACAU,383,0,Scoala generala nr.1 Oituz,OITUZ,23797,C,3,1731,1571,160,857,697,160,0,837,20,1700,843,587,250
4,BACAU,384,0,Gradinita nr.1 Oituz,OITUZ,23797,C,3,1273,1217,56,610,554,56,0,600,10,1400,790,415,185
4,BACAU,385,0,Scoala generala nr.3 satul Peste Vale,OITUZ,23797,C,3,903,855,48,438,390,48,0,434,4,1000,562,309,125
4,BACAU,386,0,Scoala generala satul Ferestrau-Oituz,OITUZ,23797,C,3,820,790,30,476,446,30,0,474,2,900,424,272,202
4,BACAU,387,0,Sediu Coop Consum sat Hirja,OITUZ,23797,C,3,326,310,16,167,148,16,3,165,2,400,233,89,76
4,BACAU,388,0,Scoala generala satul Poiana-Sarata,OITUZ,23797,C,3,227,215,12,131,117,12,2,129,2,300,169,72,57
4,BACAU,389,0,Caminul cultural satul Oncesti,ONCESTI,23868,C,3,805,797,8,489,481,8,0,479,10,900,411,358,121
4,BACAU,390,0,Scoala cu clasele I-VIII sat Tarnita,ONCESTI,23868,C,3,551,546,5,365,356,5,4,365,0,600,235,307,58
4,BACAU,391,0,Scoala nr.1 satul Orbeni,ORBENI,23948,C,3,1775,1725,50,849,789,50,10,839,10,1900,1051,445,394
4,BACAU,392,0,Scoala veche satul Scurta,ORBENI,23948,C,3,1486,1411,75,754,679,75,0,724,30,1600,846,433,291
4,BACAU,393,0,Primaria comunei Palanca,PALANCA,23975,C,3,1264,1249,15,678,661,15,2,667,11,1400,722,444,223
4,BACAU,394,0,Caminul cultural din satul Ciughes,PALANCA,23975,C,3,1548,1535,13,956,915,13,28,946,10,1700,744,778,168
4,BACAU,395,0,Scoala generala satul Cadarasti,PALANCA,23975,C,3,120,114,6,59,53,6,0,58,1,200,141,45,13
4,BACAU,396,0,Consiliul local (sala de sedinte) satul Parava,PARAVA,24034,C,3,905,890,15,422,407,15,0,415,7,1000,578,224,191
4,BACAU,397,0,Scoala cu cl.I-VIII satul Dragusani,PARAVA,24034,C,3,780,772,8,382,374,8,0,377,5,899,517,236,141
4,BACAU,398,0,Scoala cu cl.I-VIII satul Radoaia,PARAVA,24034,C,3,809,798,11,420,409,11,0,403,17,900,480,335,68
4,BACAU,399,0,Primaria Parincea,PARINCEA,24089,C,3,765,746,19,392,373,19,0,382,10,802,410,206,176
4,BACAU,400,0,Scoala Valeni,PARINCEA,24089,C,3,523,514,9,237,228,9,0,232,5,600,363,174,58
4,BACAU,401,0,Scoala Vladnic,PARINCEA,24089,C,3,745,733,12,405,393,12,0,393,12,800,395,273,120
4,BACAU,402,0,Scoala Nanesti,PARINCEA,24089,C,3,616,605,11,330,319,11,0,325,5,700,370,259,66
4,BACAU,403,0,Scoala Poieni,PARINCEA,24089,C,3,225,213,12,125,113,12,0,123,2,300,175,81,42
4,BACAU,404,0,Scoala Milesti de Jos,PARINCEA,24089,C,3,208,200,8,120,112,8,0,118,2,300,180,85,33
4,BACAU,405,0,Consiliul local Pincesti,PANCESTI,24187,C,3,1308,1263,45,609,564,45,0,589,20,1400,791,401,188
4,BACAU,406,0,Scoala generala satul Dienet,PANCESTI,24187,C,3,537,502,35,273,238,35,0,257,16,600,327,180,77
4,BACAU,407,0,Scoala generala satul Petresti,PANCESTI,24187,C,3,699,645,54,360,306,54,0,355,5,700,340,284,71
4,BACAU,408,0,Scoala generala satul Soci,PANCESTI,24187,C,3,643,616,27,330,303,27,0,323,7,700,370,226,97
4,BACAU,409,0,Scoala generala satul Fulgeris,PANCESTI,24187,C,3,333,311,22,191,169,22,0,187,4,400,209,149,38
4,BACAU,410,0,Scoala cu clasele I-IV satul Piriul Boghii,PARGARESTI,24276,C,3,316,310,6,205,199,6,0,205,0,400,195,104,101
4,BACAU,411,0,Scoala generala satul Pirgaresti,PARGARESTI,24276,C,3,873,872,1,397,394,1,2,393,4,1000,603,250,143
4,BACAU,412,0,Scoala generala satul Satu Nou,PARGARESTI,24276,C,3,1394,1388,6,641,635,6,0,630,11,1498,857,471,159
4,BACAU,413,0,Scoala generala satul Nicoresti,PARGARESTI,24276,C,3,700,692,8,315,307,8,0,312,3,800,485,230,82
4,BACAU,414,0,Scoala cu clasele I-IV satul Bahna,PARGARESTI,24276,C,3,459,450,9,241,225,9,7,233,8,500,259,139,94
4,BACAU,415,0,Scoala satul Pirjol,PARJOL,24338,C,3,850,775,75,371,296,75,0,364,7,900,529,216,148
4,BACAU,416,0,Scoala satul Barnesti,PARJOL,24338,C,3,197,151,46,130,84,46,0,128,2,200,70,98,30
4,BACAU,417,0,Scoala satul Basesti,PARJOL,24338,C,3,562,520,42,285,243,42,0,282,3,600,315,163,119
4,BACAU,418,0,Scoala satul Haineala,PARJOL,24338,C,3,238,215,23,132,109,23,0,132,0,300,168,84,48
4,BACAU,419,0,Scoala satul Cimpeni,PARJOL,24338,C,3,640,608,32,344,312,32,0,341,3,700,356,209,132
4,BACAU,420,0,Caminul Cultural Pustiana,PARJOL,24338,C,3,1621,1590,31,873,842,31,0,857,16,1700,827,635,222
4,BACAU,421,0,Scoala satul Tarita,PARJOL,24338,C,3,809,789,20,425,405,20,0,420,5,900,475,298,122
4,BACAU,422,0,Scoala satul Bahnaseni,PARJOL,24338,C,3,735,700,35,378,343,35,0,377,1,800,422,305,72
4,BACAU,423,0,Scoala cu cl.I-VIII satul Plopana,PLOPANA,24427,C,3,1269,1263,6,665,659,6,0,656,9,1400,735,518,138
4,BACAU,424,0,Scoala cu cl.I-VIII satul Rusenii-Razesi,PLOPANA,24427,C,3,1352,1332,20,791,769,20,2,782,9,1500,709,638,144
4,BACAU,425,0,Scoala satul Poduri,PODURI,24631,C,3,1889,1874,15,999,977,15,7,988,10,2290,1291,520,468
4,BACAU,426,0,Scoala  satul Valea Sosii,PODURI,24631,C,3,890,880,10,538,512,10,16,529,9,897,359,287,242
4,BACAU,427,0,Scoala satul Prohozesti,PODURI,24631,C,3,923,923,0,502,493,0,9,497,5,900,398,256,241
4,BACAU,428,0,Scoala satul Bucsesti,PODURI,24631,C,3,1281,1275,6,705,699,6,0,698,7,1393,688,360,338
4,BACAU,429,0,Scoala satul Cernu,PODURI,24631,C,3,1033,1024,9,635,622,9,4,624,11,1100,465,465,159
4,BACAU,430,0,Primaria comunei Podu Turcului,PODU TURCULUI,24524,C,3,2287,2280,7,1291,1266,7,18,1274,17,2500,1209,685,589
4,BACAU,431,0,Scoala generala satul Cabesti,PODU TURCULUI,24524,C,3,866,853,13,520,495,13,12,512,8,1000,480,319,193
4,BACAU,432,0,Scoala generala satul Lehancea,PODU TURCULUI,24524,C,3,563,557,6,359,318,6,35,349,10,600,241,202,147
4,BACAU,433,0,Scoala generala Sirbi,PODU TURCULUI,24524,C,3,457,448,9,298,288,9,1,295,3,491,193,201,94
4,BACAU,434,1,Spitalul Podu Turcului,PODU TURCULUI,24524,C,3,9,0,9,51,0,9,42,48,3,100,49,34,14
4,BACAU,435,0,Scoala generala nr. 1 satul Racova,RACOVA,24711,C,3,1751,1731,20,861,838,20,3,848,13,1900,1039,532,316
4,BACAU,436,0,Scoala generala Gura Vaii satul Gura Vaii,RACOVA,24711,C,3,924,921,3,504,437,3,64,501,3,1000,496,332,169
4,BACAU,437,0,Casa de cultura N.Stroe satul Racaciuni,RACACIUNI,24766,C,3,2423,2368,55,1175,1111,55,9,1164,11,2600,1425,582,582
4,BACAU,438,0,Scoala cu cl.I-VIII satul Gheorghe Doja,RACACIUNI,24766,C,3,889,841,48,460,409,48,3,455,5,900,440,251,204
4,BACAU,439,0,Scoala cu cl.I-VIII satul Gisteni,RACACIUNI,24766,C,3,656,594,62,448,349,62,37,434,14,700,252,251,183
4,BACAU,440,0,Scoala cu cl.I-VIII satul Fundu Racaciuni,RACACIUNI,24766,C,3,1476,1446,30,771,741,30,0,756,15,1600,829,500,256
4,BACAU,441,0,Scoala cu cl.I-IV satul Ciucani,RACACIUNI,24766,C,3,406,355,51,263,212,51,0,260,3,400,137,154,106
4,BACAU,442,0,Caminul cultural satul Rachitoasa,RACHITOASA,24837,C,3,1239,1226,13,640,625,13,2,634,6,1400,760,443,191
4,BACAU,443,0,Scoala generala satul Fundatura,RACHITOASA,24837,C,3,275,265,10,240,169,10,61,237,3,300,60,185,52
4,BACAU,444,0,Scoala generala satul Dumbrava,RACHITOASA,24837,C,3,554,536,18,317,299,18,0,311,6,600,283,274,37
4,BACAU,445,0,Scoala generala satul Burdusaci,RACHITOASA,24837,C,3,836,800,36,510,431,36,43,498,12,900,390,377,121
4,BACAU,446,0,Scoala generala satul Barcana,RACHITOASA,24837,C,3,498,487,11,284,245,11,28,280,4,600,316,213,67
4,BACAU,447,0,Scoala generala Buda,RACHITOASA,24837,C,3,610,586,24,387,322,24,41,382,5,700,313,301,81
4,BACAU,448,0,Scoala generala satul Rosiori,ROSIORI,24999,C,3,916,906,10,533,519,10,4,524,9,1000,467,442,82
4,BACAU,449,0,Scoala generala satul Poieni,ROSIORI,24999,C,3,301,301,0,176,168,0,8,173,3,400,224,147,26
4,BACAU,450,0,Scoala generala satul Valea-Mare,ROSIORI,24999,C,3,400,393,7,212,202,7,3,211,1,500,288,160,51
4,BACAU,451,0,Scoala sat Sascut,SASCUT,25068,C,3,2397,2306,91,1340,1246,91,3,1325,14,2500,1160,462,863
4,BACAU,452,0,Caminul cultural Beresti,SASCUT,25068,C,3,1170,1159,11,815,799,11,5,800,15,1300,485,349,451
4,BACAU,453,0,Scoala cu cl.I-IV satul Contesti,SASCUT,25068,C,3,503,470,33,318,285,33,0,312,6,500,182,172,140
4,BACAU,454,0,Scoala nr.1 sat Pancesti,SASCUT,25068,C,3,1308,1277,31,697,665,31,1,683,14,1400,703,286,397
4,BACAU,455,0,Scoala cu cl.I-IV nr.2 satul Pancesti,SASCUT,25068,C,3,1170,1081,89,733,602,89,42,721,12,1200,467,314,407
4,BACAU,456,0,Scoala cu cl.I-VIII sat Sascut-Sat,SASCUT,25068,C,3,1985,1959,26,1168,1142,26,0,1146,22,2200,1032,488,658
4,BACAU,457,0,Scoala generala cu cl.I-VIII satul Sanduleni,SANDULENI,25148,C,3,1416,1407,9,789,780,9,0,780,9,1600,811,571,209
4,BACAU,458,0,Scoala generala cu cl.I-VIII satul Versesti,SANDULENI,25148,C,3,720,711,9,452,443,9,0,449,3,800,348,353,96
4,BACAU,459,0,Scoala generala cu cl.I-VIII satul Coman,SANDULENI,25148,C,3,959,950,9,547,538,9,0,537,10,1091,544,438,99
4,BACAU,460,0,Scoala generala cu cl.I-IV satul Stufu,SANDULENI,25148,C,3,314,307,7,157,150,7,0,153,4,400,243,112,41
4,BACAU,461,0,Scoala nr.1 satul Sarata-Bai,SARATA,26320,C,3,869,846,23,466,443,23,0,453,13,1000,534,332,121
4,BACAU,462,0,Scoala nr.2 satul Sarata (Dealul Nou),SARATA,26320,C,3,662,592,70,385,315,70,0,378,7,700,315,259,119
4,BACAU,463,0,Scoala satul Saucesti,SAUCESTI,25228,C,3,1676,1649,27,873,842,27,4,860,13,1800,927,508,352
4,BACAU,464,0,Caminul cultural Schineni,SAUCESTI,25228,C,3,595,574,21,307,285,21,1,301,6,699,392,222,79
4,BACAU,465,0,Scoala satul Siretu,SAUCESTI,25228,C,3,926,876,50,544,434,50,60,540,4,1000,456,366,174
4,BACAU,466,0,Scoala noua  satul Scorteni,SCORTENI,25291,C,3,1283,1283,0,742,739,0,3,735,7,1400,658,483,252
4,BACAU,467,0,Scoala veche satul Grigoreni,SCORTENI,25291,C,3,706,690,16,430,414,16,0,419,11,800,370,280,139
4,BACAU,468,0,Scoala cu cl. I-IV satul Floresti,SCORTENI,25291,C,3,509,498,11,291,280,11,0,285,6,600,309,171,114
4,BACAU,469,0,Scoala cu cl.I-VIII satul Secuieni,SECUIENI,25362,C,3,1022,1017,5,530,525,5,0,519,11,1100,570,394,125
4,BACAU,470,0,Scoala satul Fundeni,SECUIENI,25362,C,3,472,457,15,249,232,15,2,247,2,500,251,187,60
4,BACAU,471,0,Scoala satul Tisa Silvestri,SECUIENI,25362,C,3,805,782,23,542,491,23,28,535,7,900,358,421,114
4,BACAU,472,0,Scoala satul Odobesti,SECUIENI,25362,C,3,373,359,14,288,229,14,45,278,10,400,112,193,85
4,BACAU,473,0,Scoala satul Ciuturesti,SECUIENI,25362,C,3,618,611,7,416,387,7,22,411,5,700,284,320,91
4,BACAU,474,0,Primaria Solont,SOLONT,25488,C,3,1346,1339,7,744,737,7,0,738,6,1500,756,559,179
4,BACAU,475,0,Scoala satul Sarata,SOLONT,25488,C,3,671,659,12,363,351,12,0,356,7,800,437,256,100
4,BACAU,476,0,Scoala satul Cucuieti,SOLONT,25488,C,3,1091,1082,9,641,631,9,1,632,9,1200,559,376,256
4,BACAU,477,0,Primaria Stanisesti,STANISESTI,25521,C,3,861,835,26,447,421,26,0,439,8,900,453,281,158
4,BACAU,478,0,Scoala satul Benesti,STANISESTI,25521,C,3,424,416,8,239,230,8,1,235,4,500,261,141,94
4,BACAU,479,0,Scoala satul Craiesti,STANISESTI,25521,C,3,443,426,17,257,240,17,0,254,3,500,243,192,62
4,BACAU,480,0,Scoala satul Slobozia nr.1,STANISESTI,25521,C,3,1344,1310,34,762,694,34,34,753,9,1400,638,587,166
4,BACAU,481,0,Scoala satul slobozia Noua,STANISESTI,25521,C,3,456,439,17,272,255,17,0,263,9,500,228,221,42
4,BACAU,482,0,Scoala generala satul Strugari,STRUGARI,25629,C,3,1157,1147,10,665,655,10,0,659,6,1300,635,468,191
4,BACAU,483,0,Scoala generala satul Rachitis,STRUGARI,25629,C,3,371,362,9,297,287,9,1,295,2,400,103,229,66
4,BACAU,484,0,Scoala generala satul Petricica,STRUGARI,25629,C,3,587,549,38,383,345,38,0,374,9,600,217,323,51
4,BACAU,485,0,Scoala generala satul Stefan cel Mare,STEFAN CEL MARE,20670,C,3,632,605,27,367,340,27,0,361,6,700,333,212,149
4,BACAU,486,0,Scoala generala satul Bogdana,STEFAN CEL MARE,20670,C,3,654,615,39,468,429,39,0,461,7,700,232,286,175
4,BACAU,487,0,Scoala generala satul Viisoara,STEFAN CEL MARE,20670,C,3,519,487,32,316,284,32,0,311,5,600,284,237,74
4,BACAU,488,0,Biblioteca comunala satul Negoiesti,STEFAN CEL MARE,20670,C,3,730,688,42,439,397,42,0,434,5,800,361,256,178
4,BACAU,489,0,Scoala generala satul Radeana,STEFAN CEL MARE,20670,C,3,550,540,10,360,350,10,0,357,3,600,240,278,79
4,BACAU,490,0,Scoala generala satul Gutinas,STEFAN CEL MARE,20670,C,3,452,437,15,288,272,15,1,276,12,500,212,220,56
4,BACAU,491,0,Scoala generala satul Racauti,STEFAN CEL MARE,20670,C,3,936,917,19,619,534,19,66,599,20,1000,381,454,145
4,BACAU,492,0,Scoala generala satul Buciumi,STEFAN CEL MARE,20670,C,3,1191,1170,21,710,687,21,2,699,11,1300,590,486,213
4,BACAU,493,0,Scoala Tamasi 2,TAMASI,25692,C,3,2057,2036,21,970,949,21,0,957,13,2300,1330,682,275
4,BACAU,494,0,Caminul cultural satul Gioseni,TAMASI,25692,C,3,2667,2648,19,1373,1354,19,0,1360,13,2900,1527,938,422
4,BACAU,495,0,Primaria Tatarasti,TATARASTI,25745,C,3,404,398,6,305,274,6,25,299,6,500,195,202,97
4,BACAU,496,0,Scoala generala de 8 ani satul Cornii de Sus,TATARASTI,25745,C,3,701,699,2,394,370,2,22,388,6,800,406,278,110
4,BACAU,497,0,Scoala generala de 4 ani satul Cornii de Jos,TATARASTI,25745,C,3,119,108,11,102,91,11,0,98,4,200,98,80,18
4,BACAU,498,0,Scoala generala de 4 ani satul Giurgeni,TATARASTI,25745,C,3,200,199,1,134,131,1,2,131,3,300,166,85,46
4,BACAU,499,0,Scoala generala de 4 ani satul Dragesti,TATARASTI,25745,C,3,345,339,6,222,216,6,0,209,13,400,178,127,82
4,BACAU,500,0,Scoala generala de 8 ani satul Gherdana,TATARASTI,25745,C,3,346,343,3,192,170,3,19,186,6,400,208,114,72
4,BACAU,501,0,Consiliul local al comunei Tirgu Trotus,TARGU TROTUS,25825,C,3,1663,1653,10,926,915,10,1,909,17,1800,874,625,284
4,BACAU,502,0,Gradinita de copii  sat Tuta,TARGU TROTUS,25825,C,3,1562,1547,15,901,886,15,0,894,7,1700,799,713,181
4,BACAU,503,0,Scoala cu cl.I-VIII Mihai Dragan satul Viisoar,TARGU TROTUS,25825,C,3,977,963,14,550,536,14,0,550,0,1100,550,256,294
4,BACAU,504,0,Scoala generala cu cl. I-VIII satul Traian,TRAIAN,25861,C,3,1260,1251,9,510,501,9,0,504,6,1399,889,321,183
4,BACAU,505,0,Scoala generala cu cl.I-VIII satul Prajesti,TRAIAN,25861,C,3,1969,1964,5,785,779,5,1,767,18,2200,1415,506,261
4,BACAU,506,0,Scoala generala satul Bogdanesti,TRAIAN,25861,C,3,482,475,7,223,213,7,3,218,5,600,377,141,77
4,BACAU,507,0,Scoala generala satul Zapodia,TRAIAN,25861,C,3,429,406,23,229,204,23,2,225,4,500,271,145,80
4,BACAU,508,0,Scoala generala Hertioana Mare,TRAIAN,25861,C,3,183,171,12,119,95,12,12,118,1,200,81,85,33
4,BACAU,509,0,Caminul cultural Ungureni,UNGURENI,25932,C,3,768,762,6,450,423,6,21,442,8,900,450,352,90
4,BACAU,510,0,Scoala satul Viforeni,UNGURENI,25932,C,3,385,369,16,223,207,16,0,219,4,400,177,163,56
4,BACAU,511,0,Scoala satul Bartasesti,UNGURENI,25932,C,3,211,202,9,145,136,9,0,142,3,300,155,120,22
4,BACAU,512,0,Caminul cultural Botesti,UNGURENI,25932,C,3,600,580,20,336,316,20,0,330,6,700,364,272,58
4,BACAU,513,0,Scoala satul Bibiresti,UNGURENI,25932,C,3,654,640,14,338,324,14,0,334,4,700,362,220,114
4,BACAU,514,0,sat Urechesti ? in sala de ceremonii,URECHESTI,26029,C,3,1428,1414,14,802,743,14,45,790,12,1600,798,424,366
4,BACAU,515,0,sat Cornatel - in sala de ceremonii,URECHESTI,26029,C,3,647,642,5,387,382,5,0,380,7,700,313,215,165
4,BACAU,516,0,Gradinita Slobozia,URECHESTI,26029,C,3,447,432,15,285,270,15,0,270,15,500,215,124,146
4,BACAU,517,0,Scoala Satu Nou,URECHESTI,26029,C,3,286,281,5,190,185,5,0,185,5,300,110,126,59
4,BACAU,518,0,Gradinita Lunca Dochiei,URECHESTI,26029,C,3,303,296,7,174,167,7,0,169,5,400,226,105,64
4,BACAU,519,0,Scoala generala nr.1 satul Valea Seaca,VALEA SEACA,26083,C,3,862,846,16,438,417,16,5,433,5,1000,562,293,140
4,BACAU,520,0,Scoala generala nr.2 satul Valea Seaca,VALEA SEACA,26083,C,3,634,576,58,405,330,58,17,399,6,600,195,233,166
4,BACAU,521,0,Scoala generala nr.3 satul Valea Seaca,VALEA SEACA,26083,C,3,847,807,40,442,402,40,0,435,7,900,458,316,119
4,BACAU,522,0,Scoala generala satul Cucova,VALEA SEACA,26083,C,3,588,551,37,332,295,37,0,327,5,600,268,215,112
4,BACAU,523,0,Scoala sat Vultureni,VULTURENI,26118,C,3,406,399,7,248,240,7,1,248,0,500,252,153,95
4,BACAU,524,0,Scoala sat Lichitiseni,VULTURENI,26118,C,3,529,524,5,283,278,5,0,280,3,600,317,213,67
4,BACAU,525,0,Scoala sat Godinestii de Jos,VULTURENI,26118,C,3,363,358,5,243,238,5,0,239,4,400,157,130,109
4,BACAU,526,0,Scoala sat Medeleni,VULTURENI,26118,C,3,201,192,9,139,128,9,2,137,2,300,161,77,60
4,BACAU,527,0,Scoala sat Ghilavesti,VULTURENI,26118,C,3,258,253,5,177,172,5,0,174,3,300,123,112,62
4,BACAU,528,0,Scoala Mihai Eminescu Zemes,ZEMES,26289,C,3,1140,1128,12,561,549,12,0,556,5,1200,639,281,275
4,BACAU,529,0,Primaria Zemes,ZEMES,26289,C,3,1855,1845,10,1165,1155,10,0,1139,26,2000,835,578,561
4,BACAU,530,0,Scoala nr.1 Ion Creanga sat Bolatau,ZEMES,26289,C,3,794,787,7,431,424,7,0,426,5,900,469,285,141
5,BIHOR,1,0,Gradinita de copii nr.53 str. Calugareni nr. 4/A (intrarea A),MUNICIPIUL ORADEA,26564,M,1,952,942,10,430,388,10,32,428,2,1040,610,158,270
5,BIHOR,2,0,Gradinita de copii nr.53 str. Calugareni nr. 4/A (intrarea B),MUNICIPIUL ORADEA,26564,M,1,983,979,4,484,478,4,2,478,6,1077,593,182,296
5,BIHOR,3,0,Gradinita de copii nr.52  str.Calugareni nr. 8/A (intrarea A),MUNICIPIUL ORADEA,26564,M,1,1658,1639,19,645,620,19,6,642,3,1816,1171,201,441
5,BIHOR,4,0,"Gradinita de copii nr.52  str.Calugareni, nr. 8/A (intrarea B)",MUNICIPIUL ORADEA,26564,M,1,1705,1683,22,691,667,22,2,689,2,1868,1177,244,445
5,BIHOR,5,0,Scoala cu clasele I-VIII nr. 16 str.Calugareni nr.4 (intrarea A),MUNICIPIUL ORADEA,26564,M,1,1192,1171,21,618,590,21,7,616,2,1292,674,202,414
5,BIHOR,6,0,Scoala cu clasele I-VIII nr. 16 str.Calugareni nr.4 (intrarea B),MUNICIPIUL ORADEA,26564,M,1,1115,1108,7,583,575,7,1,582,1,1223,640,205,377
5,BIHOR,7,0,"Gradinita de copii nr. 35, str. Mihail Sadoveanu nr.10 (intrarea A)",MUNICIPIUL ORADEA,26564,M,1,832,814,18,371,353,18,0,368,3,895,524,119,249
5,BIHOR,8,0,Gradinita de copii nr. 35 str.Mihail Sadoveanu nr.10 (intrarea B),MUNICIPIUL ORADEA,26564,M,1,1579,1551,28,738,710,28,0,738,0,1707,969,203,535
5,BIHOR,9,0,Liceul 'Lucian Blaga' Aleea Posada nr. 1(intrarea A),MUNICIPIUL ORADEA,26564,M,1,2032,2011,21,981,959,21,1,974,7,2231,1250,322,652
5,BIHOR,10,0,Gradinita de copii   nr.17 str. Transilvaniei nr. 21,MUNICIPIUL ORADEA,26564,M,1,1826,1812,14,937,923,14,0,932,5,1996,1059,320,612
5,BIHOR,11,0,Gradinita de copii nr. 20  Aleea Posada nr. 20 (intrarea A),MUNICIPIUL ORADEA,26564,M,1,794,786,8,299,284,8,7,294,5,865,566,101,193
5,BIHOR,12,0,Gradinita de copii nr.20  Aleea Posada nr. 20 (intrarea B),MUNICIPIUL ORADEA,26564,M,1,717,699,18,375,356,18,1,371,4,775,400,127,244
5,BIHOR,13,0,Liceul 'Lucian Blaga' Aleea Posada nr.1 (intrarea B),MUNICIPIUL ORADEA,26564,M,1,1017,986,31,525,439,31,55,523,2,1090,565,145,378
5,BIHOR,14,0,Liceul 'Lucian Blaga' Aleea Posada nr.1 (intrarea C),MUNICIPIUL ORADEA,26564,M,1,1439,1425,14,723,709,14,0,717,6,1569,846,283,434
5,BIHOR,15,0,"Scoala cu clasele I-VIII'Andrei Muresanu'(Fosta nr. 17) str. Aluminei nr.88  corp A, intrarea A",MUNICIPIUL ORADEA,26564,M,1,952,938,14,449,435,14,0,442,7,1034,585,186,256
5,BIHOR,16,0,"Scoala cu clasele I-VIII'Andrei Muresanu'(Fosta nr. 17)Str. Aluminei nr.88, corp A, intrarea A",MUNICIPIUL ORADEA,26564,M,1,879,864,15,439,421,15,3,439,0,959,520,133,306
5,BIHOR,17,0,Gradinita de copii nr.54 Bulevardul  Dacia nr.110 (intrarea A),MUNICIPIUL ORADEA,26564,M,1,1119,1100,19,632,613,19,0,631,1,1211,579,234,397
5,BIHOR,18,0,Gradinita de copii nr.54  Bulevardul Dacia nr. 110 (intrarea B),MUNICIPIUL ORADEA,26564,M,1,1160,1140,20,621,601,20,0,616,5,1257,636,233,383
5,BIHOR,19,0,"Scoala cu clasele I-VIII'Andrei Muresanu'(Fosta nr. 17)str. Aluminei nr.88, corp B, intrarea A",MUNICIPIUL ORADEA,26564,M,1,1542,1528,14,750,734,14,2,746,4,1690,940,253,493
5,BIHOR,20,0,"Scoala cu clasele I-VIII'Andrei Muresanu'(Fosta nr. 17)str. Aluminei nr.88, corp B, intrarea A",MUNICIPIUL ORADEA,26564,M,1,1415,1403,12,739,727,12,0,737,2,1547,808,279,458
5,BIHOR,21,0,Gradinita 'Metalica'str. Nicolae Gane nr.1 (intrarea A),MUNICIPIUL ORADEA,26564,M,1,1424,1398,26,909,883,26,0,905,4,2041,1132,292,613
5,BIHOR,22,0,Gradinita 'Metalica'Str. Nicolae Gane nr.1 (intrarea B),MUNICIPIUL ORADEA,26564,M,1,1230,1211,19,611,586,19,6,606,5,1339,728,184,422
5,BIHOR,23,0,Gradinita  'Metalica'str. Nicolae Gane nr.1 (intrarea C),MUNICIPIUL ORADEA,26564,M,1,1628,1614,14,846,831,14,1,843,3,1780,934,291,552
5,BIHOR,24,0,"Scoala cl.I-VIII Andrei Muresanu, fosta nr.17, str. Aluminei nr.88, corp A, intrarea A",MUNICIPIUL ORADEA,26564,M,1,2402,2360,42,1049,1006,42,1,1046,3,2596,1547,306,740
5,BIHOR,25,0,"Gradinita de copii nr. 45, Str. Aluminei nr. 100/A (intrarea A)",MUNICIPIUL ORADEA,26564,M,1,2007,1982,25,1074,1046,25,3,1071,3,2185,1111,359,712
5,BIHOR,26,0,"Gradinita de copii nr.45, str.Aluminei nr.100/A (intrarea B)",MUNICIPIUL ORADEA,26564,M,1,1620,1607,13,809,793,13,3,806,3,1777,968,276,530
5,BIHOR,27,0,Gradinita de copii nr.45str.Aluminei nr. 100/A (intrarea B),MUNICIPIUL ORADEA,26564,M,1,1914,1894,20,1050,1030,20,0,1046,4,2090,1040,326,720
5,BIHOR,28,0,Colegiul Tehnic 'Constantin Brancusi'str. Menumorut nr.33 (intrarea A),MUNICIPIUL ORADEA,26564,M,1,1463,1440,23,792,768,23,1,790,2,1594,802,210,580
5,BIHOR,29,0,Colegiul Tehnic 'Constantin Brancusi'str. Menumorut nr.33 (intrarea B),MUNICIPIUL ORADEA,26564,M,1,1683,1655,28,904,866,28,10,898,6,1822,918,218,680
5,BIHOR,30,0,Grup scolar economic 'Partenie Cosma' str. Partenie Cozma (fosta Orsovei) nr.5,MUNICIPIUL ORADEA,26564,M,1,1769,1742,27,950,923,27,0,946,4,1919,969,257,689
5,BIHOR,31,0,Scoala cu clasele I-VIII'Dacia'Bulevardul Dacia nr.25 (intrarea A),MUNICIPIUL ORADEA,26564,M,1,2174,2148,26,975,949,26,0,972,3,2368,1393,340,632
5,BIHOR,32,0,Scoala cu clasele I-VIII'Dacia'Bulevardul Dacia nr. 25 (Intrarea B),MUNICIPIUL ORADEA,26564,M,1,2105,2088,17,1070,1049,17,4,1062,8,2300,1230,333,729
5,BIHOR,33,0,Centrul de Plasament'Julia'B-dul Stefan cel Mare nr.28,MUNICIPIUL ORADEA,26564,M,1,2027,2012,15,926,910,15,1,925,1,2226,1300,286,639
5,BIHOR,34,0,Centrul de Plasament'Julia'B-dul Stefan cel Mare nr.28,MUNICIPIUL ORADEA,26564,M,1,1671,1632,39,785,746,39,0,783,2,1797,1012,226,557
5,BIHOR,35,0,Scoala ajutatoare nr.2 str. Traian Lalescu nr.1,MUNICIPIUL ORADEA,26564,M,1,1553,1540,13,635,619,13,3,634,1,1697,1062,205,429
5,BIHOR,36,0,Centrul Medical 'Arsmed'(fosta Policlinica nr.3) str.Corneliu Coposu nr.14,MUNICIPIUL ORADEA,26564,M,1,1456,1438,18,649,624,18,7,648,1,1586,937,231,417
5,BIHOR,37,0,Cabinete medicale individuale (fosta Policlinica nr.3) str.Corneliu Coposu nr.14,MUNICIPIUL ORADEA,26564,M,1,1777,1760,17,854,829,17,8,849,5,1948,1089,266,583
5,BIHOR,38,0,Policlinica de copii nr.2 str.Corneliu Coposu nr.12,MUNICIPIUL ORADEA,26564,M,1,1145,1127,18,493,468,18,7,490,3,1241,748,162,328
5,BIHOR,39,0,Spitalul Clinic de copii str.Corneliu Coposu nr.12,MUNICIPIUL ORADEA,26564,M,1,1765,1747,18,873,820,18,35,870,3,1928,1055,288,582
5,BIHOR,40,0,"Scoala cu clasele I - VIII (fosta nr.11) str.Moldovei nr.55 (intrarea A, cladirea veche)",MUNICIPIUL ORADEA,26564,M,1,1453,1434,19,649,630,19,0,646,3,1583,934,224,422
5,BIHOR,41,0,"Scoala cu clasele I - VIII (fosta nr.11) str.Moldovei nr.55( intrarea B, cladirea veche)",MUNICIPIUL ORADEA,26564,M,1,1149,1129,20,508,487,20,1,505,3,1250,742,162,343
5,BIHOR,42,0,Gradinita de copii nr.41 str.Ioan Cantacuzino nr. 68,MUNICIPIUL ORADEA,26564,M,1,1967,1953,14,919,905,14,0,916,3,2154,1235,265,651
5,BIHOR,43,0,"Scoala cu clasele I - VIII (fosta nr.11) str.Moldovei nr.55 (intrarea A, cladirea noua)",MUNICIPIUL ORADEA,26564,M,1,2048,2034,14,1017,999,14,4,1009,8,2256,1239,308,701
5,BIHOR,44,0,"Scoala cu clasele I - VIII (fosta nr.11) str.Moldovei nr.55 ( intrarea B, cladirea noua)",MUNICIPIUL ORADEA,26564,M,1,1879,1858,21,929,908,21,0,927,2,2052,1123,287,640
5,BIHOR,45,0,Scoala cu clasele I-VIII nr. 16 Str. Calugareni nr. 4 (intrarea B),MUNICIPIUL ORADEA,26564,M,1,998,987,11,444,433,11,0,444,0,1088,644,126,318
5,BIHOR,46,0,Casa Minunata Str. Cosminului nr.1(corp A),MUNICIPIUL ORADEA,26564,M,1,1980,1958,22,939,917,22,0,935,4,2167,1228,275,660
5,BIHOR,47,0,Casa Minunata Str. Cosminului nr.1(corp B),MUNICIPIUL ORADEA,26564,M,1,1548,1531,17,722,705,17,0,719,3,1692,970,224,495
5,BIHOR,48,0,Gradinita de copii nr. 15 Str. Matei Corvin nr. 231,MUNICIPIUL ORADEA,26564,M,1,1517,1507,10,470,460,10,0,466,4,1661,1191,187,279
5,BIHOR,49,0,Scoala cu clasele I-VIII 'Juhasz Gyula' (fosta nr. 5) Str. Matei Corvin nr.106/A,MUNICIPIUL ORADEA,26564,M,1,1926,1918,8,564,553,8,3,562,2,1918,1354,229,333
5,BIHOR,50,0,Scoala cu clasele I-VIII 'Ion Bogdan'  str. Ion Bogdan nr.20  (intrarea A),MUNICIPIUL ORADEA,26564,M,1,1131,1112,19,513,494,19,0,511,2,1228,715,161,350
5,BIHOR,51,0,Scoala cu clasele I-VIII'Ion Bogdan' str. Ion Bogdan nr. 20( intrarea B),MUNICIPIUL ORADEA,26564,M,1,1290,1275,15,597,581,15,1,596,1,1406,809,184,412
5,BIHOR,52,0,Scoala cu clasele I-VIII 'Dacia' str. Calimanestilor nr. 10 (intrarea A),MUNICIPIUL ORADEA,26564,M,1,1096,1085,11,530,518,11,1,529,1,1195,665,138,391
5,BIHOR,53,0,Scoala cu clasele I-VIII 'Dacia' str. Calimanestilor nr. 10( intrarea B),MUNICIPIUL ORADEA,26564,M,1,1125,1112,13,525,512,13,0,521,4,1225,700,180,341
5,BIHOR,54,0,Centrul de Recoltare a Sangelui str. Louis Pasteur nr. 30,MUNICIPIUL ORADEA,26564,M,1,1119,1103,16,564,548,16,0,560,4,1223,659,166,394
5,BIHOR,55,0,Centrul de Recoltare a sangelui str.Louis Pasteur nr.30,MUNICIPIUL ORADEA,26564,M,1,1336,1316,20,707,687,20,0,704,3,1456,749,155,549
5,BIHOR,56,0,Dispensar TBC  Aleea Strandului nr. 18,MUNICIPIUL ORADEA,26564,M,1,1649,1629,20,719,699,20,0,718,1,1795,1076,166,552
5,BIHOR,57,0,"Univ. Oradea, Facultatea Textile-Pielarie, (fost Grup scolar 'Roman Ciorogariu') str. Barbu St. Delavrancea nr.4, parter",MUNICIPIUL ORADEA,26564,M,1,914,899,15,456,441,15,0,452,4,990,534,142,310
5,BIHOR,58,0,"Univ. Oradea, Facultatea Textile-Pielarie, (fost Grup scolar 'Roman Ciorogariu') str. Barbu St. Delavrancea nr.4, parter",MUNICIPIUL ORADEA,26564,M,1,1066,1055,11,675,655,11,9,669,6,1162,487,240,429
5,BIHOR,59,0,Liceul de arta Parcul  Petofi nr.26,MUNICIPIUL ORADEA,26564,M,1,1368,1354,14,677,660,14,3,671,6,1492,815,227,444
5,BIHOR,60,0,Palatul copiilor si elevilor str.Muzeului nr.2,MUNICIPIUL ORADEA,26564,M,1,1580,1564,16,869,791,16,62,865,4,1729,860,332,533
5,BIHOR,61,0,Clubul 'Constructorul' str. Ady Endre nr. 63,MUNICIPIUL ORADEA,26564,M,1,1551,1539,12,633,621,12,0,624,9,1700,1067,210,414
5,BIHOR,62,0,"Scoala cu clasele I-VIII 'George Cosbuc'(fosta nr.9) str. Mihai Eminescu nr.28, intrarea A",MUNICIPIUL ORADEA,26564,M,1,837,825,12,418,406,12,0,413,5,907,489,130,283
5,BIHOR,63,0,"Scoala cu clasele I-VIII 'George Cosbuc'(fosta nr.9) str. Mihai Eminescu nr.28, intrarea B",MUNICIPIUL ORADEA,26564,M,1,736,719,17,397,380,17,0,397,0,791,394,129,268
5,BIHOR,64,0,Liceul teoretic 'Ady Endre' str. Moscovei nr.1 (intrarea A),MUNICIPIUL ORADEA,26564,M,1,820,805,15,384,368,15,1,384,0,889,505,163,221
5,BIHOR,65,0,Liceul teoretic 'Ady Endre' str. Moscovei nr. 1( intrarea B),MUNICIPIUL ORADEA,26564,M,1,846,832,14,434,417,14,3,434,0,916,482,135,299
5,BIHOR,66,0,"Lic. Teoretic Reformat 'Lorantffy Zsuzsana' (fost Grup Sc. Andrei Saguna) str. Andrei Saguna nr.1, intrarea A",MUNICIPIUL ORADEA,26564,M,1,864,848,16,448,432,16,0,448,0,939,491,145,303
5,BIHOR,67,0,"Lic. Teoretic Reformat 'Lorantffy Zsuzsana' (fost Grup Sc. Andrei Saguna) str. Andrei Saguna nr.1, intrarea B",MUNICIPIUL ORADEA,26564,M,1,1026,1019,7,747,550,7,190,734,13,1124,377,257,477
5,BIHOR,68,0,Casa de cultura a sindicatelor Parcul 1 Decembrie (intrarea A),MUNICIPIUL ORADEA,26564,M,1,1394,1378,16,732,716,15,1,727,5,1519,787,258,469
5,BIHOR,69,0,Casa de Cultura a sindicatelor Parcul 1 Decembrie (intrarea B),MUNICIPIUL ORADEA,26564,M,1,1112,1096,16,629,612,16,1,624,5,1208,579,202,422
5,BIHOR,70,0,Liceul 'Aurel Lazar' str. Avram Iancu nr. 10,MUNICIPIUL ORADEA,26564,M,1,1029,1015,14,462,435,14,13,461,1,1121,659,158,303
5,BIHOR,71,0,Seminarul  Liceal Reformat 'Lorantffy Zsuzsana' str. Mihai Viteazul nr.3,MUNICIPIUL ORADEA,26564,M,1,1165,1149,16,528,512,16,0,523,5,1271,743,198,325
5,BIHOR,72,0,Scoala cu clasele I-VIII'Lucretia Suciu'(fosta nr.7) str. Grivitei nr.2,MUNICIPIUL ORADEA,26564,M,1,1413,1395,18,609,587,18,4,605,4,1539,930,230,375
5,BIHOR,73,0,"Scoala cu clasele I-VIII 'Alexandru  Roman' Calea Clujului nr.66, intrarea A",MUNICIPIUL ORADEA,26564,M,1,1307,1294,13,564,550,13,1,562,2,1426,862,209,353
5,BIHOR,74,0,"Scoala cu clasele I-VIII 'Alexandru Roman' Calea Clujului nr.66, intrarea B",MUNICIPIUL ORADEA,26564,M,1,1185,1164,21,547,526,21,0,539,8,1289,742,178,361
5,BIHOR,75,0,"Scoala cu clasele I-VIII'Alexandru  Roman 'Calea Clujului nr.106, intrarea A",MUNICIPIUL ORADEA,26564,M,1,1510,1493,17,528,511,17,0,525,3,1659,1131,167,358
5,BIHOR,76,0,"Scoala cu clasele I-VIII'Alexandru Roman ' Calea Clujului 106, intrarea B",MUNICIPIUL ORADEA,26564,M,1,902,886,16,408,392,16,0,407,1,986,578,176,231
5,BIHOR,77,0,"Scoala cu clasele I-VIII'Ioan Slavici'(fosta nr.1) Calea Clujului nr.188, intrarea A",MUNICIPIUL ORADEA,26564,M,1,1900,1883,17,940,921,17,2,933,7,2090,1150,286,647
5,BIHOR,78,0,"Scoala cu clasele I-VIII'Ioan Slavici'(fosta nr.1) Calea Clujului nr.188, intrarea B",MUNICIPIUL ORADEA,26564,M,1,1713,1681,32,817,779,32,6,802,15,1860,1043,290,512
5,BIHOR,79,0,Scoala cu clasele I-VIII'Ioan Slavici'(fosta nr.1)  Calea Clujului nr.229,MUNICIPIUL ORADEA,26564,M,1,1576,1563,13,834,816,13,5,832,2,1741,907,275,557
5,BIHOR,80,0,Farmavet Str. Rampei nr. 2,MUNICIPIUL ORADEA,26564,M,1,1849,1824,25,836,809,25,2,831,5,2018,1182,242,589
5,BIHOR,81,0,Farmavet Str. Rampei nr.2,MUNICIPIUL ORADEA,26564,M,1,1959,1945,14,953,933,14,6,949,4,2150,1197,298,651
5,BIHOR,82,0,Gradinita de copii nr. 25 str. Zalaului nr. 11,MUNICIPIUL ORADEA,26564,M,1,1833,1823,10,773,761,10,2,763,10,2009,1236,264,499
5,BIHOR,83,0,Scoala cu clasele I-VIII 'Dimitrie Cantemir'str. Dimitrie Cantemir nr.32,MUNICIPIUL ORADEA,26564,M,1,1929,1908,21,1013,992,21,0,1008,5,2101,1088,292,716
5,BIHOR,84,0,Gradinita de copii nr. 24 str. Dimitrie Cantemir nr. 84,MUNICIPIUL ORADEA,26564,M,1,1455,1441,14,768,754,14,0,766,2,1602,834,265,501
5,BIHOR,85,0,SC 'Nufarul' SA 'Agroindustriala' str. Nucetului nr. 3,MUNICIPIUL ORADEA,26564,M,1,1771,1755,16,877,861,16,0,875,2,1933,1056,285,590
5,BIHOR,86,0,Gradinita de copii nr. 2 str. Ialomitei nr. 3 bl. AN7 sc. C (intrarea A),MUNICIPIUL ORADEA,26564,M,1,1635,1625,10,814,798,10,6,809,5,1791,977,238,571
5,BIHOR,87,0,"Liceul teoretic 'Onisifor Ghibu' str. Onisifor Ghibu nr.3 (cladirea noua, intrarea A)",MUNICIPIUL ORADEA,26564,M,1,1811,1765,46,887,841,46,0,881,6,1942,1055,319,562
5,BIHOR,88,0,"Liceul teoretic 'Onisifor Ghibu' str. Onisifor Ghibu nr. 3 (cladirea noua, intrarea B)",MUNICIPIUL ORADEA,26564,M,1,1000,974,26,700,674,26,0,695,5,1983,1283,251,444
5,BIHOR,89,0,Gradinita de copii nr. 28 str. Onisifor Ghibu nr. 16 (intrarea A),MUNICIPIUL ORADEA,26564,M,1,1696,1677,19,872,844,19,9,865,7,1847,975,306,559
5,BIHOR,90,0,Gradinita de copii nr. 28 str. Onisifor Ghibu nr. 16 (intrarea B),MUNICIPIUL ORADEA,26564,M,1,1644,1617,27,796,769,27,0,789,7,1784,988,273,516
5,BIHOR,91,0,"Liceul teoretic 'Onisifor Ghibu' str. Onisifor Ghibu nr. 3  (cladirea veche , intrarea A)",MUNICIPIUL ORADEA,26564,M,1,1210,1203,7,513,502,7,4,511,2,1326,813,187,324
5,BIHOR,92,0,"Liceul teoretic 'Onisifor Ghibu' str. Onisifor Ghibu nr. 3 (cladirea veche, intrarea A)",MUNICIPIUL ORADEA,26564,M,1,1199,1187,12,586,574,12,0,578,8,1308,722,194,384
5,BIHOR,93,0,"Liceul teoretic'Onisifor Ghibu'str. Onisifor Ghibu nr.3(cladirea veche, intrarea A)",MUNICIPIUL ORADEA,26564,M,1,2208,2186,22,1074,1048,22,4,1069,5,2422,1348,315,754
5,BIHOR,94,0,Gradinita de copii nr. 2 str. Ialomitei nr.3 bl.An7 sc.C (intrarea B),MUNICIPIUL ORADEA,26564,M,1,1446,1421,25,749,723,25,1,747,2,1564,815,229,518
5,BIHOR,95,0,Gradinita de copii nr. 56 Str. Bumbacului nr. 22( intrarea A),MUNICIPIUL ORADEA,26564,M,1,1213,1197,16,672,656,16,0,670,2,1318,646,221,449
5,BIHOR,96,0,Gradinita de copii nr. 56 Str. Bumbacului nr.22 (intrarea B),MUNICIPIUL ORADEA,26564,M,1,1480,1464,16,745,728,16,1,740,5,1612,867,259,481
5,BIHOR,97,0,"Liceul teoretic 'Onisifor Ghibu' str. Onisifor Ghibu nr.3(cladirea veche, intrarea A)",MUNICIPIUL ORADEA,26564,M,1,1672,1661,11,798,786,11,1,797,1,1830,1032,256,541
5,BIHOR,98,0,"Liceul teoretic 'Onisifor Ghibu' str. Onisifor Ghibu nr.3 (cladirea noua, intrarea B)",MUNICIPIUL ORADEA,26564,M,1,2028,2005,23,967,940,23,4,964,3,2211,1244,275,689
5,BIHOR,99,0,"Scoala cu clasele I-VIII'Dimitrie Cantemir' str. Sextil Puscariu nr.2, intrarea A",MUNICIPIUL ORADEA,26564,M,1,1230,1219,11,656,618,11,27,654,2,1350,694,210,444
5,BIHOR,100,0,"Scoala cu clasele I-VIII 'Dimitrie  Cantemir' str. Sextil Puscariu nr.2, intrarea B",MUNICIPIUL ORADEA,26564,M,1,1408,1394,14,695,681,14,0,694,1,1539,844,206,488
5,BIHOR,101,0,Gradinita de copii nr.46 str. Feldioarei nr. 17( intrarea A),MUNICIPIUL ORADEA,26564,M,1,1509,1498,11,670,659,11,0,664,6,1652,982,215,449
5,BIHOR,102,0,Gradinita de copii nr. 46 str. Feldioarei nr. 17 (intrarea B),MUNICIPIUL ORADEA,26564,M,1,1257,1247,10,530,516,10,4,530,0,1380,850,189,341
5,BIHOR,103,0,"Scoala cls. I-VIII Dimitrie Cantemir, str.Dimitrie Cantemir nr.32",MUNICIPIUL ORADEA,26564,M,1,1634,1606,28,697,669,28,0,694,3,1771,1074,236,458
5,BIHOR,104,0,"Scoala cu clasele I-VIII'Nicolae Balcescu'str. Erou Marius Cosma nr.8, intrarea A",MUNICIPIUL ORADEA,26564,M,1,897,882,15,439,415,15,9,437,2,972,533,155,282
5,BIHOR,105,0,"Scoala cu clasele I-VIII'Nicolae Balcescu'Str.Erou Marius Cosma nr.8, intrarea B",MUNICIPIUL ORADEA,26564,M,1,1011,998,13,505,492,13,0,502,3,1108,603,172,330
5,BIHOR,106,0,Liceul Greco-Catolic str. Iuliu Maniu nr. 5 (intrarea A),MUNICIPIUL ORADEA,26564,M,1,1107,1087,20,403,383,20,0,399,4,1202,799,128,271
5,BIHOR,107,0,Liceul Greco-Catolic str. Iuliu Maniu nr. 5 (intrarea B),MUNICIPIUL ORADEA,26564,M,1,1047,1031,16,391,375,16,0,386,5,1135,744,113,273
5,BIHOR,108,0,Liceul pedagogic'Iosif Vulcan' str. Jean Calvin nr.3 (intrarea A),MUNICIPIUL ORADEA,26564,M,1,989,974,15,431,416,15,0,429,2,1072,641,137,292
5,BIHOR,109,0,Liceul pedagogic'Iosif Vulcan' str. Jean Calvin nr. 3 (intrarea B),MUNICIPIUL ORADEA,26564,M,1,1110,1054,56,466,408,56,2,461,5,1165,699,164,297
5,BIHOR,110,0,Scoala cu clasele I-VIII 'Decebal'Piata Cazarmii nr. 7 (intrarea A),MUNICIPIUL ORADEA,26564,M,1,1444,1421,23,657,634,23,0,651,6,1570,913,190,461
5,BIHOR,111,0,Scoala cu clasele I-VIII 'Decebal'Piata Cazarmii nr.7 (intrarea B),MUNICIPIUL ORADEA,26564,M,1,1579,1554,25,662,637,25,0,661,1,1712,1050,215,446
5,BIHOR,112,0,"Grup scolar 'Andrei Saguna' (fosta Scoala  cu clasele I-VIII Decebal, Bdul Decebal nr.60, intrarea A",MUNICIPIUL ORADEA,26564,M,1,1767,1749,18,847,823,18,6,843,4,1931,1084,230,613
5,BIHOR,113,0,"Grup scolar 'Andrei Saguna' (fosta Scoala  cu clasele I-VIII Decebal, Bdul Decebal nr.60, intrarea B",MUNICIPIUL ORADEA,26564,M,1,1936,1915,21,890,869,21,0,884,6,2110,1220,269,615
5,BIHOR,114,0,Scoala cu clasele I-VIII 'Decebal'str. William Shakespeare nr. 22,MUNICIPIUL ORADEA,26564,M,1,1872,1850,22,1101,1029,22,50,1095,6,2038,937,384,711
5,BIHOR,115,0,Sala Sporturilor str. Cazaban nr. 3 (intrarea A),MUNICIPIUL ORADEA,26564,M,1,1670,1653,17,853,835,17,1,851,2,1822,969,236,615
5,BIHOR,116,0,Sala Sporturilor str. Cazaban nr. 3( intrarea B),MUNICIPIUL ORADEA,26564,M,1,2269,2249,20,1108,1085,20,3,1102,6,2483,1375,368,734
5,BIHOR,117,0,Strand Termal Iosia-Nord str.Cazaban (intrarea A),MUNICIPIUL ORADEA,26564,M,1,1558,1544,14,758,741,14,3,756,2,1702,944,246,510
5,BIHOR,118,0,Strand Termal Iosia-Nord str. Cazaban (intrarea B),MUNICIPIUL ORADEA,26564,M,1,1633,1598,35,769,732,35,2,765,4,1760,991,201,564
5,BIHOR,119,0,Grup Scolar 'Transilvania'   Str.Cazaban nr.48  (intrarea A) fost Grup Sc. Sinteza (intrarea A),MUNICIPIUL ORADEA,26564,M,1,1749,1725,24,817,787,24,6,814,3,1904,1087,265,549
5,BIHOR,120,0,"Grup Scolar 'Transilvania' str. Cazaban nr.48, (intrarea B)  fostul Grup Scolar Sinteza (intrarea B)",MUNICIPIUL ORADEA,26564,M,1,1692,1676,16,829,813,16,0,825,4,1848,1019,239,586
5,BIHOR,121,0,"Drumuri Bihor SA, str. Tudor Vladimirescu nr.84, parter",MUNICIPIUL ORADEA,26564,M,1,848,836,12,393,380,12,1,393,0,920,527,134,259
5,BIHOR,122,0,Gradinita de copii nr. 55 Str. Hategului nr. 32,MUNICIPIUL ORADEA,26564,M,1,1280,1268,12,705,692,12,1,703,2,1396,691,228,475
5,BIHOR,123,0,"Scoala cu clasele I-VIII'Avram Iancu'(fosta nr.12) str. Gheorge Pop de Basesti nr.3-5, intrarea A",MUNICIPIUL ORADEA,26564,M,1,1112,1103,9,623,614,8,1,618,5,1221,598,259,359
5,BIHOR,124,0,"Scoala cu clasele I-VIII'Avram Iancu'(fosta nr.12) str. Gheorge Pop de Basesti nr.3-5, intrarea B",MUNICIPIUL ORADEA,26564,M,1,1083,1071,12,614,602,12,0,610,4,1180,566,199,411
5,BIHOR,125,0,Gradinita de copii nr. 44 str. Aviatorilor nr. 2 (intrarea A),MUNICIPIUL ORADEA,26564,M,1,1210,1181,29,704,675,29,0,701,3,1268,564,254,447
5,BIHOR,126,0,Gradinita de copii nr. 44str. Aviatorilor nr.2 ( intrarea B),MUNICIPIUL ORADEA,26564,M,1,1059,1044,15,624,605,15,4,619,5,1152,528,211,408
5,BIHOR,127,0,Fundatia de scleroza multipla str. Buzaului nr. 2/A,MUNICIPIUL ORADEA,26564,M,1,1446,1423,23,615,592,23,0,613,2,1570,955,198,415
5,BIHOR,128,0,Policlinica nr.6 -Iosia Piata Devei,MUNICIPIUL ORADEA,26564,M,1,1274,1261,13,467,454,13,0,466,1,1355,888,136,330
5,BIHOR,129,0,Dispensarul Urban nr. 25 Str. Alexandru Roman nr.2,MUNICIPIUL ORADEA,26564,M,1,1216,1180,36,646,609,36,1,641,5,1301,655,212,429
5,BIHOR,130,0,"Imprimeria de Vest str. Calea Aradului (fosta Maresal Ion Antonescu) nr.105, numar vechi",MUNICIPIUL ORADEA,26564,M,1,2043,2028,15,1106,1087,15,4,1104,2,2237,1131,349,755
5,BIHOR,131,0,Scoala cu clasele I-VIII 'Oltea Doamna' (fosta nr. 4) Cartier Podgoria,MUNICIPIUL ORADEA,26564,M,1,321,312,9,89,80,9,0,89,0,345,256,25,64
5,BIHOR,132,1,Universitatea Oradea  Str. Armatei Romane nr.5,MUNICIPIUL ORADEA,26564,M,1,11,0,11,216,0,11,205,216,0,1000,784,70,146
5,BIHOR,133,1,"Spitalul Clinic Judetean I, str. Gheorghe Doja nr.65",MUNICIPIUL ORADEA,26564,M,1,11,0,11,432,0,11,421,432,0,770,338,174,258
5,BIHOR,134,1,"Spitalul Clinic Judetean Stationar II, str. Republicii nr. 33",MUNICIPIUL ORADEA,26564,M,1,9,0,9,215,0,9,206,213,2,506,291,102,111
5,BIHOR,135,1,"Spitalul clinic de Obstetrica Ginecologie, str. Clujului nr.50",MUNICIPIUL ORADEA,26564,M,1,9,0,9,145,0,9,136,144,1,330,185,49,95
5,BIHOR,136,1,"Spitalul de Neuropsihiatrie si Psihiatrie, str. Louis Pasteur nr.16",MUNICIPIUL ORADEA,26564,M,1,10,0,10,158,0,10,148,155,3,275,117,67,88
5,BIHOR,137,1,"Spitalul Clinic de Pneumoftiziologie, str. Izvorului nr.57",MUNICIPIUL ORADEA,26564,M,1,10,0,10,108,0,10,98,105,3,198,90,47,58
5,BIHOR,138,1,"Campusul Universitar Emanuel, str. Nufarului nr.87",MUNICIPIUL ORADEA,26564,M,1,11,0,11,146,0,11,135,146,0,605,459,17,129
5,BIHOR,139,1,"Spitalul militar, str. Dunarii nr.3",MUNICIPIUL ORADEA,26564,M,1,14,0,14,81,0,14,67,77,4,220,139,33,44
5,BIHOR,140,1,Gara CFR - sala de asteptare,MUNICIPIUL ORADEA,26564,M,1,39,0,39,2536,0,39,2497,2521,15,3820,1284,597,1924
5,BIHOR,141,1,UM 01326 Oradea,MUNICIPIUL ORADEA,26564,M,1,21,0,21,581,0,21,560,569,12,900,319,251,318
5,BIHOR,142,0,"Primaria Beius, str. P-ta Samuil Vulcan",MUNICIPIUL BEIUS,26804,M,1,2037,2027,10,1101,1080,10,11,1089,12,2231,1130,415,674
5,BIHOR,143,0,"Cercul Militar, str. Romana, nr. 5",MUNICIPIUL BEIUS,26804,M,1,1770,1760,10,945,926,10,9,941,4,1938,993,378,563
5,BIHOR,144,0,Grup Scolar Ioan Ciordas,MUNICIPIUL BEIUS,26804,M,1,1272,1265,7,700,681,7,12,692,8,1393,693,267,425
5,BIHOR,145,0,Scoala Generala N. Popoviciu - C. Bihorului,MUNICIPIUL BEIUS,26804,M,1,2070,2061,9,1466,1218,9,239,1459,7,2270,804,645,814
5,BIHOR,146,0,"Gradinita de copii, str. Al. Independentei",MUNICIPIUL BEIUS,26804,M,1,2255,2247,8,1329,1297,8,24,1316,13,2473,1144,634,682
5,BIHOR,147,0,Caminul cultural Delani,MUNICIPIUL BEIUS,26804,M,1,319,311,8,188,179,8,1,187,1,343,155,92,95
5,BIHOR,148,1,"Spitalul Municipal Beius, str. Romana nr. 7-9",MUNICIPIUL BEIUS,26804,M,1,10,0,10,97,0,10,87,95,2,250,153,55,40
5,BIHOR,149,1,UM 01343 Beius,MUNICIPIUL BEIUS,26804,M,1,9,0,9,87,0,9,78,86,1,150,63,35,51
5,BIHOR,150,0,"Sc. cu cls. I-VIII Marghita, P-ta Independentei nr. 1",MUNICIPIUL MARGHITA,26877,M,1,1951,1932,19,905,885,19,1,902,3,2221,1316,416,486
5,BIHOR,151,0,Casa de Cultura - str. Piata Independentei nr. 20,MUNICIPIUL MARGHITA,26877,M,1,1724,1698,26,711,682,26,3,703,8,1874,1163,295,408
5,BIHOR,152,0,Clubul Copiilor - str. Calea Republicii nr. 9,MUNICIPIUL MARGHITA,26877,M,1,1555,1537,18,617,599,18,0,616,1,1694,1077,265,351
5,BIHOR,153,0,"Sc. cu cls. I-VIII Marghita, str. T. Vladimirescu nr. 2",MUNICIPIUL MARGHITA,26877,M,1,2314,2291,23,924,899,23,2,906,18,2527,1603,449,457
5,BIHOR,154,0,Fostul depozit I.C.S. Marghita - Aleea Tineretului nr. 4,MUNICIPIUL MARGHITA,26877,M,1,1815,1793,22,769,747,22,0,764,5,1983,1214,344,420
5,BIHOR,155,0,"Gr. Sc. 'O. Goga' str. N. Balcescu, nr. 80",MUNICIPIUL MARGHITA,26877,M,1,2248,2237,11,1038,890,11,137,1029,9,2478,1440,372,657
5,BIHOR,156,0,"Gr. Sc. O. Goga, str. N. Balcescu, nr. 80",MUNICIPIUL MARGHITA,26877,M,1,2128,2116,12,875,858,12,5,869,6,2345,1470,310,559
5,BIHOR,157,1,"Spitalul Municipal Dr. Pop Mircea, str. Eroilor nr.14",MUNICIPIUL MARGHITA,26877,M,1,9,0,9,86,0,9,77,83,3,275,189,50,33
5,BIHOR,158,0,Sc. cu cls. I  - VIII Chet,MUNICIPIUL MARGHITA,26877,M,1,850,843,7,337,324,7,6,330,7,933,596,275,55
5,BIHOR,159,0,Sc. cu cls. I - VIII Ghenetea,MUNICIPIUL MARGHITA,26877,M,1,614,607,7,306,298,7,1,303,3,672,366,201,102
5,BIHOR,160,1,UM 01186 Marghita,MUNICIPIUL MARGHITA,26877,M,1,8,0,8,122,0,8,114,121,1,220,98,71,50
5,BIHOR,161,0,Scoala generala str. Kulin (Muncii) nr. 62 Salonta,MUNICIPIUL SALONTA,26975,M,1,2836,2824,12,913,894,12,7,891,22,3113,2200,499,392
5,BIHOR,162,0,Gradinita SCAZ str. Bocskai Istvan (Crisului) nr.21/A,MUNICIPIUL SALONTA,26975,M,1,1877,1867,10,606,596,10,0,603,3,2140,1534,328,275
5,BIHOR,163,0,Casa de cultura str. Iuliu Maniu (1 Mai) nr. 10,MUNICIPIUL SALONTA,26975,M,1,2164,2144,20,724,702,20,2,719,5,2364,1640,284,435
5,BIHOR,164,0,Gradinita nr. 13 str. Republicii nr. 2 Salonta,MUNICIPIUL SALONTA,26975,M,1,1591,1576,15,676,555,15,106,670,6,1738,1062,304,366
5,BIHOR,165,0,Liceul Teoretic str. Republicii 90 Salonta,MUNICIPIUL SALONTA,26975,M,1,706,687,19,242,223,19,0,237,5,764,522,117,120
5,BIHOR,166,0,Gradinita nr. 11 str. Republicii nr. 113 Salonta,MUNICIPIUL SALONTA,26975,M,1,2817,2784,33,1116,1083,33,0,1104,12,3067,1951,469,635
5,BIHOR,167,0,Scoala generala str. Ion Creanga nr. 1 Salonta,MUNICIPIUL SALONTA,26975,M,1,2080,2062,18,804,786,18,0,789,15,2337,1533,399,390
5,BIHOR,168,0,Grupul Scolar Agricol str. Sarcadului nr. 1 Salonta,MUNICIPIUL SALONTA,26975,M,1,1688,1674,14,650,636,14,0,644,6,1846,1196,319,325
5,BIHOR,169,0,Scoala generala din cartierul 'Fuveskert' str. Andrei Muresan,MUNICIPIUL SALONTA,26975,M,1,753,741,12,417,405,12,0,413,4,817,400,233,180
5,BIHOR,170,1,"Spitalul municipal Salonta, str. Cantacuzino nr.2-4",MUNICIPIUL SALONTA,26975,M,1,8,0,8,72,0,8,64,69,3,139,67,39,30
5,BIHOR,171,1,"UM Salonta, str. Sarcadului nr.1",MUNICIPIUL SALONTA,26975,M,1,8,0,8,41,0,8,33,41,0,43,2,16,25
5,BIHOR,172,0,Liceul 'Al. Roman' Alesd,ORAS ALESD,26699,O,1,1840,1817,23,1117,912,23,182,1092,25,2008,891,361,731
5,BIHOR,173,0,Scoala cu cls. I-VIII Alesd,ORAS ALESD,26699,O,1,2087,2033,54,998,944,54,0,995,3,2242,1244,299,696
5,BIHOR,174,0,Primaria Alesd,ORAS ALESD,26699,O,1,2361,2330,31,1272,1241,31,0,1268,4,2566,1294,352,916
5,BIHOR,175,1,Spitalul orasenesc Alesd,ORAS ALESD,26699,O,1,10,0,10,34,0,10,24,34,0,110,76,11,23
5,BIHOR,176,1,Spitalul de pneumoftiziologie Alesd,ORAS ALESD,26699,O,1,10,0,10,38,0,10,28,36,2,83,45,16,20
5,BIHOR,177,0,Sc. cu cls I-VIII Pad.Neagra,ORAS ALESD,26699,O,1,739,729,10,300,290,10,0,296,4,807,507,177,119
5,BIHOR,178,0,Sc. cu cls. I-VIII Pestis,ORAS ALESD,26699,O,1,1122,1108,14,594,580,14,0,590,4,1223,629,161,429
5,BIHOR,179,0,Camin cultural Tinaud,ORAS ALESD,26699,O,1,652,638,14,407,392,14,1,406,1,702,295,114,292
5,BIHOR,180,0,Casa de cultura Nucet,ORAS NUCET,26920,O,1,1134,1128,6,931,815,6,110,918,13,1249,318,413,505
5,BIHOR,181,0,Caminul cultural Baita,ORAS NUCET,26920,O,1,603,565,38,408,370,38,0,407,1,627,219,185,222
5,BIHOR,182,0,"Sacueni, Fosta Librarie, Str. Libertatii",ORAS SACUENI,30915,O,1,2063,2053,10,638,628,10,0,620,18,2265,1627,365,255
5,BIHOR,183,0,"Lic. Petofi Sandor, Sacueni",ORAS SACUENI,30915,O,1,1674,1665,9,564,525,9,30,540,24,1841,1277,422,118
5,BIHOR,184,0,"Fostul sediu CAP, Sacueni",ORAS SACUENI,30915,O,1,1204,1182,22,320,298,22,0,316,4,1300,980,200,116
5,BIHOR,185,0,"Sc. gen. Sacueni, str. Infratirii",ORAS SACUENI,30915,O,1,1064,1056,8,328,294,8,26,323,5,1056,728,192,131
5,BIHOR,186,0,Sc. gen. Cadea,ORAS SACUENI,30915,O,1,903,890,13,251,231,13,7,245,6,982,731,179,66
5,BIHOR,187,0,Sc. gen. Ciocaia,ORAS SACUENI,30915,O,1,750,741,9,179,162,9,8,177,2,817,638,126,51
5,BIHOR,188,0,Fostul sediu primarie Cubulcut,ORAS SACUENI,30915,O,1,750,738,12,214,202,12,0,201,13,822,608,159,42
5,BIHOR,189,0,Camin cultural Olosig,ORAS SACUENI,30915,O,1,453,445,8,129,119,8,2,124,5,490,361,92,32
5,BIHOR,190,0,Sc. gen. Sinicolau de Munte,ORAS SACUENI,30915,O,1,661,654,7,242,235,7,0,223,19,725,483,174,49
5,BIHOR,191,0,"Stei, Casa de cultura, str. Cuza Voda nr. 11",ORAS STEI,26840,O,1,1356,1344,12,874,659,12,203,871,3,1485,611,313,558
5,BIHOR,192,0,"Scoala generala cls. I-IV, str. Tineretului",ORAS STEI,26840,O,1,1186,1171,15,608,587,15,6,605,3,1291,683,266,339
5,BIHOR,193,0,"Gr. Scolar Unirea, str. Independentei nr.19 A",ORAS STEI,26840,O,1,1611,1607,4,787,781,4,2,783,4,1774,987,314,469
5,BIHOR,194,0,"Sc. Prof. Auto, str. Independentei nr.31",ORAS STEI,26840,O,1,1478,1462,16,709,683,16,10,703,6,1613,904,246,457
5,BIHOR,195,0,"Scoala generala 'Miron Pompiliu, str. N. Iorga, nr. 28",ORAS STEI,26840,O,1,1529,1519,10,858,839,10,9,852,6,1681,823,335,517
5,BIHOR,196,0,Scoala generala - strada Marton Aron,ORAS VALEA LUI MIHAI,32027,O,1,2387,2383,4,537,512,4,21,529,8,2632,2095,349,180
5,BIHOR,197,0,Casa de cultura - strada Breslelor,ORAS VALEA LUI MIHAI,32027,O,1,2468,2450,18,650,590,18,42,645,5,2729,2079,403,242
5,BIHOR,198,0,Scoala generala - strada Apaczai-Csere Janos,ORAS VALEA LUI MIHAI,32027,O,1,1620,1608,12,391,376,12,3,375,16,1777,1386,258,117
5,BIHOR,199,0,Scoala generala - strada Rakoczi Ferenc,ORAS VALEA LUI MIHAI,32027,O,1,2483,2468,15,550,532,15,3,540,10,2736,2186,405,135
5,BIHOR,200,1,"Centrul de sanatate medico-social, Calea Revolutiei nr.50",ORAS VALEA LUI MIHAI,32027,O,1,16,0,16,42,0,16,26,38,4,110,68,25,13
5,BIHOR,201,0,"Vascau, str. Unirii, nr. 75",ORAS VASCAU,27007,O,1,1508,1501,7,917,828,7,82,909,8,1663,746,366,543
5,BIHOR,202,0,Caminul cultural Cimp,ORAS VASCAU,27007,O,1,282,275,7,169,154,7,8,169,0,305,136,115,54
5,BIHOR,203,0,Camin cultural Colesti,ORAS VASCAU,27007,O,1,181,175,6,136,129,6,1,135,1,194,58,101,34
5,BIHOR,204,0,Sc. Gen. Cimp Moti,ORAS VASCAU,27007,O,1,113,91,22,63,41,22,0,63,0,100,37,38,25
5,BIHOR,205,0,Camin Cultural Varzari de Jos,ORAS VASCAU,27007,O,1,239,234,5,160,145,5,10,160,0,257,97,88,72
5,BIHOR,206,0,Camin Cultural Varzari de Sus,ORAS VASCAU,27007,O,1,129,120,9,74,65,9,0,74,0,133,59,22,52
5,BIHOR,207,0,Primaria Abram,ABRAM,27070,C,3,727,725,2,362,355,2,5,361,1,800,438,186,175
5,BIHOR,208,0,Sc. cls. I-IV Margine,ABRAM,27070,C,3,465,463,2,267,265,2,0,265,2,509,242,85,180
5,BIHOR,209,0,Sc. cls. I-IV Satu Barba,ABRAM,27070,C,3,232,228,4,168,160,4,4,167,1,251,83,57,110
5,BIHOR,210,0,Sc. cls. I-IV Suiug,ABRAM,27070,C,3,388,384,4,277,273,4,0,273,4,422,145,103,170
5,BIHOR,211,0,Camin cultural Cohani,ABRAM,27070,C,3,102,97,5,95,70,5,20,93,2,108,13,33,60
5,BIHOR,212,0,Sc. cls. I-IV Iteu,ABRAM,27070,C,3,402,398,4,221,212,4,5,216,5,441,220,134,82
5,BIHOR,213,0,Sc. cls. I-IV Dijir,ABRAM,27070,C,3,261,256,5,137,132,5,0,136,1,284,147,90,46
5,BIHOR,214,0,Sc. gen. Abramut,ABRAMUT,27169,C,3,403,397,6,143,136,6,1,139,4,437,294,77,62
5,BIHOR,215,0,Sc. gen. Fancica,ABRAMUT,27169,C,3,272,268,4,132,128,4,0,130,2,298,166,74,56
5,BIHOR,216,0,Sc. gen. Crestur,ABRAMUT,27169,C,3,359,355,4,133,129,4,0,130,3,397,264,94,36
5,BIHOR,217,0,Sc. gen. Petreu,ABRAMUT,27169,C,3,1241,1237,4,462,458,4,0,447,15,1368,906,241,206
5,BIHOR,218,0,Sc. gen. Astileu,ASTILEU,26742,C,3,1181,1162,19,573,544,19,10,568,5,1294,721,178,390
5,BIHOR,219,0,Camin cultural Calatea,ASTILEU,26742,C,3,420,406,14,216,202,14,0,215,1,448,232,131,84
5,BIHOR,220,0,Cantina Cornet,ASTILEU,26742,C,3,284,274,10,131,121,10,0,131,0,301,170,63,68
5,BIHOR,221,0,Camin Cultural Chistag,ASTILEU,26742,C,3,476,476,0,288,284,0,4,285,3,526,238,125,160
5,BIHOR,222,0,Sc. cls.I-IV Pestere (sala de sport),ASTILEU,26742,C,3,639,625,14,366,352,14,0,363,3,698,332,190,173
5,BIHOR,223,0,Primaria Auseu,AUSEU,27212,C,3,734,727,7,409,375,7,27,406,3,835,426,95,311
5,BIHOR,224,0,Sc. generala Grosi,AUSEU,27212,C,3,810,796,14,412,396,14,2,410,2,881,469,165,245
5,BIHOR,225,0,Camin cultural Luncsoara,AUSEU,27212,C,3,778,768,10,343,323,10,10,337,6,851,508,210,127
5,BIHOR,226,0,Sc. gen.  Avram Iancu,AVRAM IANCU,27285,C,3,1588,1575,13,1056,1019,13,24,1045,11,1736,680,761,284
5,BIHOR,227,0,Scoala gen. Tamasda,AVRAM IANCU,27285,C,3,858,830,28,545,492,28,25,535,10,916,371,449,86
5,BIHOR,228,0,Primarie Ant,AVRAM IANCU,27285,C,3,167,156,11,111,100,11,0,110,1,173,62,90,20
5,BIHOR,229,0,Camin cultural Balc,BALC,27329,C,3,1032,1025,7,520,504,7,9,511,9,1132,612,194,317
5,BIHOR,230,0,Camin cultural Almasu Mare,BALC,27329,C,3,725,715,10,384,372,10,2,375,9,788,404,147,228
5,BIHOR,231,0,Sc. cls. I-IV Almasu Mic,BALC,27329,C,3,361,353,8,183,175,8,0,177,6,389,206,69,108
5,BIHOR,232,0,Sc. gen. Saldabagiu de Barcau,BALC,27329,C,3,447,438,9,234,224,9,1,227,7,483,249,110,117
5,BIHOR,233,0,Sc. cls. I-IV Ghida,BALC,27329,C,3,145,135,10,69,58,10,1,68,1,136,67,33,35
5,BIHOR,234,0,Sc. gen. Batar,BATAR,27383,C,3,1263,1258,5,677,667,5,5,659,18,1391,714,407,252
5,BIHOR,235,0,Sc. gen. Arpasel,BATAR,27383,C,3,719,714,5,203,196,5,2,198,5,786,583,146,52
5,BIHOR,236,0,Gradinita de copii Talpos,BATAR,27383,C,3,1243,1229,14,658,643,14,1,647,11,1360,702,512,135
5,BIHOR,237,0,Gradinita de copii Taut,BATAR,27383,C,3,795,794,1,413,411,1,1,408,5,874,461,228,180
5,BIHOR,238,0,Caminul cultural Biharia,BIHARIA,27436,C,3,2663,2639,24,667,642,24,1,655,12,2907,2240,353,302
5,BIHOR,239,0,Casa Comunala Cauaceu,BIHARIA,27436,C,3,556,554,2,230,218,2,10,225,5,611,381,147,78
5,BIHOR,240,0,Sc. gen. Boianu Mare,BOIANU MARE,27506,C,3,578,567,11,337,326,11,0,331,6,625,288,220,111
5,BIHOR,241,0,Sc. gen. Pagaia,BOIANU MARE,27506,C,3,558,551,7,352,344,7,1,351,1,610,258,215,136
5,BIHOR,242,0,Camin cultural Borod,BOROD,27560,C,3,1263,1252,11,605,586,11,8,595,10,1383,778,224,371
5,BIHOR,243,0,Sc. gen Borozel,BOROD,27560,C,3,528,527,1,289,283,1,5,284,5,580,291,132,152
5,BIHOR,244,0,Gradinita Cetea,BOROD,27560,C,3,256,247,9,149,136,9,4,147,2,274,125,95,52
5,BIHOR,245,0,Sc. cls. I-IV Cornitel,BOROD,27560,C,3,458,446,12,254,242,12,0,251,3,492,238,103,148
5,BIHOR,246,0,Sc. cls. I-IV Valea Mare,BOROD,27560,C,3,407,402,5,254,249,5,0,254,0,443,189,68,186
5,BIHOR,247,0,Sc. cls. I-IV Serani I,BOROD,27560,C,3,146,122,24,73,48,24,1,73,0,135,62,31,42
5,BIHOR,248,0,Sc. gen. Serani II,BOROD,27560,C,3,278,271,7,98,91,7,0,98,0,301,203,66,32
5,BIHOR,249,0,Camin cultural Bors,BORS,27631,C,3,1013,1005,8,312,291,8,13,306,6,1105,793,184,122
5,BIHOR,250,0,Gradinita Sintion,BORS,27631,C,3,1242,1233,9,331,320,9,2,328,3,1359,1028,193,135
5,BIHOR,251,0,Sc. gen. Santaul Mare,BORS,27631,C,3,306,288,18,147,106,18,23,144,3,319,172,80,64
5,BIHOR,252,0,Sc. gen. Santaul Mic,BORS,27631,C,3,352,340,12,138,115,12,11,138,0,375,237,88,50
5,BIHOR,253,0,Primarie Bratca,BRATCA,27686,C,3,1283,1265,18,730,710,18,2,723,7,1396,666,344,379
5,BIHOR,254,0,Camin cultural Beznea,BRATCA,27686,C,3,1146,1137,9,604,594,9,1,597,7,1254,650,235,362
5,BIHOR,255,0,Sc. gen. Damis,BRATCA,27686,C,3,572,564,8,339,331,8,0,336,3,620,281,200,136
5,BIHOR,256,0,Sc. gen. Ponoara,BRATCA,27686,C,3,588,579,9,329,320,9,0,327,2,638,309,106,221
5,BIHOR,257,0,Camin cultural Lorau,BRATCA,27686,C,3,402,390,12,212,200,12,0,211,1,429,217,85,126
5,BIHOR,258,0,Camin cultural Valea Crisului,BRATCA,27686,C,3,417,405,12,236,224,12,0,235,1,447,211,121,114
5,BIHOR,259,0,Primaria Brusturi,BRUSTURI,27757,C,3,1023,1006,17,460,443,17,0,456,4,1113,653,273,183
5,BIHOR,260,0,Sc. gen. Cuiesd,BRUSTURI,27757,C,3,383,369,14,201,187,14,0,196,5,411,210,149,47
5,BIHOR,261,0,Sc. gen. Loranta,BRUSTURI,27757,C,3,114,107,7,30,23,7,0,29,1,118,88,20,9
5,BIHOR,262,0,Sc. gen. Orvisele,BRUSTURI,27757,C,3,466,459,7,171,164,7,0,170,1,507,336,92,78
5,BIHOR,263,0,Camin cultural Picleu,BRUSTURI,27757,C,3,639,625,14,326,306,14,6,322,4,692,366,200,122
5,BIHOR,264,0,Gradinita Paulesti,BRUSTURI,27757,C,3,317,308,9,154,145,9,0,154,0,342,188,84,70
5,BIHOR,265,0,Sc. gen. Tiganesti de Cris,BRUSTURI,27757,C,3,295,284,11,150,133,11,6,147,3,313,163,89,58
5,BIHOR,266,0,Sc. gen. Varasau,BRUSTURI,27757,C,3,118,106,12,76,64,12,0,76,0,117,41,52,24
5,BIHOR,267,0,Camin cultural Budureasa,BUDUREASA,27846,C,3,900,888,12,493,480,12,1,487,6,1020,527,189,298
5,BIHOR,268,0,Sc. gen. Grui - Budureasa,BUDUREASA,27846,C,3,241,232,9,260,209,9,42,256,4,285,25,173,83
5,BIHOR,269,0,Camin cultural Burda,BUDUREASA,27846,C,3,343,335,8,210,202,8,0,210,0,340,130,70,140
5,BIHOR,270,0,Camin cultural Saca,BUDUREASA,27846,C,3,168,163,5,110,105,5,0,109,1,182,72,70,39
5,BIHOR,271,0,Camin cultural Teleac,BUDUREASA,27846,C,3,151,143,8,99,91,8,0,99,0,157,58,54,45
5,BIHOR,272,0,Camin cultural Saliste de Beius,BUDUREASA,27846,C,3,219,215,4,119,113,4,2,117,2,236,117,62,55
5,BIHOR,273,0,Consiliul local Buduslau,BUDUSLAU,27908,C,3,791,784,7,279,272,7,0,271,8,869,590,189,82
5,BIHOR,274,0,Sc. gen. Albis,BUDUSLAU,27908,C,3,780,777,3,174,171,3,0,174,0,862,688,125,49
5,BIHOR,275,0,Camin cultural Bulz,BULZ,27935,C,3,801,798,3,372,369,3,0,370,2,880,508,106,264
5,BIHOR,276,0,Sc. cls. I-IV Munteni,BULZ,27935,C,3,442,426,16,238,222,16,0,235,3,469,231,70,165
5,BIHOR,277,0,Camin cultural Remeti,BULZ,27935,C,3,706,688,18,432,414,18,0,431,1,756,324,135,296
5,BIHOR,278,0,Primaria Buntesti,BUNTESTI,27971,C,3,454,453,1,255,254,1,0,251,4,516,261,140,111
5,BIHOR,279,0,Sc. clsI-IV. Bradet,BUNTESTI,27971,C,3,560,555,5,366,353,5,8,363,3,614,248,142,221
5,BIHOR,280,0,Camin cultural Dumbravani,BUNTESTI,27971,C,3,271,266,5,162,157,5,0,162,0,293,131,90,72
5,BIHOR,281,0,Sc. gen. Ferice,BUNTESTI,27971,C,3,457,448,9,257,248,9,0,251,6,493,236,138,113
5,BIHOR,282,0,Sc. clsI-IV. Lelesti,BUNTESTI,27971,C,3,404,402,2,259,256,2,1,254,5,442,183,119,135
5,BIHOR,283,0,Camin cultural Poieni de Jos,BUNTESTI,27971,C,3,511,505,6,264,254,6,4,261,3,555,291,112,149
5,BIHOR,284,0,Camin cultural Poieni de Sus,BUNTESTI,27971,C,3,586,582,4,308,304,4,0,304,4,641,333,89,215
5,BIHOR,285,0,Sc. clsI-IV. Saud,BUNTESTI,27971,C,3,340,336,4,230,226,4,0,229,1,370,140,103,126
5,BIHOR,286,0,Camin cultural Stincesti,BUNTESTI,27971,C,3,248,242,6,148,142,6,0,148,0,266,118,56,92
5,BIHOR,287,0,Consiliul local Cabesti,CABESTI,28077,C,3,765,760,5,390,381,5,4,384,6,849,459,176,208
5,BIHOR,288,0,Sc. cls. I-IV Josani,CABESTI,28077,C,3,455,448,7,221,213,7,1,219,2,495,274,115,104
5,BIHOR,289,0,Camin cultural Sohodol,CABESTI,28077,C,3,277,268,9,172,163,9,0,169,3,295,123,99,70
5,BIHOR,290,0,Sc. cls. I-IV Goila,CABESTI,28077,C,3,175,164,11,119,107,11,1,119,0,180,61,64,55
5,BIHOR,291,0,Primaria Capilna,CAPALNA,28139,C,3,347,344,3,241,209,3,29,241,0,380,139,163,78
5,BIHOR,292,0,Sc. gen. Rohani,CAPALNA,28139,C,3,134,126,8,99,71,8,20,99,0,138,39,65,34
5,BIHOR,293,0,Sc. gen. Ginta,CAPALNA,28139,C,3,264,257,7,97,87,7,3,96,1,285,188,70,26
5,BIHOR,294,0,Sc. gen. Saldabagiu Mic,CAPALNA,28139,C,3,464,440,24,310,260,24,26,306,4,486,176,192,114
5,BIHOR,295,0,Sc. gen. Suplacu de Tinca,CAPALNA,28139,C,3,371,365,6,226,211,6,9,223,3,404,178,151,72
5,BIHOR,296,0,Camin cultural Carpinet,CARPINET,28193,C,3,461,457,4,278,269,4,5,278,0,506,228,157,121
5,BIHOR,297,0,Camin cultural Calugari,CARPINET,28193,C,3,548,536,12,291,279,12,0,288,3,590,299,127,161
5,BIHOR,298,0,Camin cultural Izbuc,CARPINET,28193,C,3,533,525,8,366,355,8,3,363,3,580,214,249,114
5,BIHOR,299,0,Sc. gen. Leheceni,CARPINET,28193,C,3,338,331,7,190,183,7,0,189,1,364,174,106,83
5,BIHOR,300,0,Gradinita Cefa,CEFA,28246,C,3,986,984,2,749,655,2,92,738,11,1085,336,493,245
5,BIHOR,301,0,Sc. cls. I-IV  Ateas,CEFA,28246,C,3,171,171,0,123,99,0,24,122,1,188,65,81,41
5,BIHOR,302,0,Scoala veche Inand,CEFA,28246,C,3,699,652,47,455,408,47,0,452,3,717,262,257,195
5,BIHOR,303,0,Primaria Ceica,CEICA,28335,C,3,734,730,4,357,353,4,0,354,3,806,449,163,191
5,BIHOR,304,0,Sc. gen. Bucium,CEICA,28335,C,3,201,194,7,114,107,7,0,112,2,216,102,64,48
5,BIHOR,305,0,Sc. gen. Ceisoara,CEICA,28335,C,3,562,556,6,243,237,6,0,239,4,613,370,96,143
5,BIHOR,306,0,Sc. gen. Corbesti,CEICA,28335,C,3,456,448,8,233,225,8,0,227,6,494,261,100,127
5,BIHOR,307,0,Sc. gen. Cotiglet,CEICA,28335,C,3,395,388,7,240,233,7,0,239,1,427,187,146,93
5,BIHOR,308,0,Camin cultural Dusesti,CEICA,28335,C,3,440,433,7,252,245,7,0,251,1,479,227,94,157
5,BIHOR,309,0,Camin cultural Incesti,CEICA,28335,C,3,342,335,7,183,176,7,0,181,2,370,187,99,82
5,BIHOR,310,0,Gradinita Cetariu,CETARIU,28415,C,3,870,866,4,223,213,4,6,222,1,956,733,142,80
5,BIHOR,311,0,Camin cultural Tautelec,CETARIU,28415,C,3,175,163,12,105,93,12,0,105,0,180,75,84,21
5,BIHOR,312,0,Gradinita Sisterea,CETARIU,28415,C,3,508,487,21,302,281,21,0,301,1,536,234,247,54
5,BIHOR,313,0,Sc. gen. Susturogiu,CETARIU,28415,C,3,244,236,8,138,108,8,22,133,5,260,122,92,41
5,BIHOR,314,0,Primaria Cherechiu,CHERECHIU,28497,C,3,602,594,8,162,154,8,0,155,7,656,494,134,21
5,BIHOR,315,0,Scoala gen. Chesereu,CHERECHIU,28497,C,3,834,826,8,339,331,8,0,327,12,912,573,284,43
5,BIHOR,316,0,Casa satului Tirgusor,CHERECHIU,28497,C,3,444,434,10,191,181,10,0,182,9,478,287,142,40
5,BIHOR,317,0,Sc. gen. Chislaz,CHISLAZ,28530,C,3,446,443,3,219,210,3,6,212,7,491,272,113,99
5,BIHOR,318,0,Sc. gen. Chiraleu,CHISLAZ,28530,C,3,492,489,3,257,252,3,2,255,2,540,283,159,96
5,BIHOR,319,0,Sc. gen. Haucesti,CHISLAZ,28530,C,3,56,46,10,37,27,10,0,36,1,50,13,21,15
5,BIHOR,320,0,Gradinita Misca,CHISLAZ,28530,C,3,759,751,8,325,317,8,0,322,3,827,502,258,64
5,BIHOR,321,0,Sc. gen. Poclusa de Barcau,CHISLAZ,28530,C,3,307,291,16,93,77,16,0,92,1,326,233,62,30
5,BIHOR,322,0,Sc. gen. Sarsig,CHISLAZ,28530,C,3,256,239,17,155,138,17,0,155,0,266,111,78,77
5,BIHOR,323,0,Sc. gen. Sinlazar,CHISLAZ,28530,C,3,374,364,10,205,195,10,0,203,2,402,197,88,115
5,BIHOR,324,0,Sc. gen. Ciuhoi,CIUHOI,28610,C,3,325,317,8,198,184,8,6,195,3,359,161,92,103
5,BIHOR,325,0,Sc. cls. I-IV Cenalos,CIUHOI,28610,C,3,232,226,6,156,144,6,6,153,3,251,95,85,68
5,BIHOR,326,0,Sc. cls. I-IV Sfirnas,CIUHOI,28610,C,3,229,220,9,150,138,9,3,148,2,242,92,77,71
5,BIHOR,327,0,Casa de nunti Siniob,CIUHOI,28610,C,3,968,949,19,509,490,19,0,496,13,1046,537,372,124
5,BIHOR,328,0,Primaria Ciumeghiu,CIUMEGHIU,28665,C,3,1401,1401,0,796,757,0,39,787,9,1557,761,565,222
5,BIHOR,329,0,Asociatia Agricola'Spicu' -Boiu,CIUMEGHIU,28665,C,3,658,651,7,436,403,7,26,427,9,717,281,354,73
5,BIHOR,330,0,Sc. gen. Ghiorac,CIUMEGHIU,28665,C,3,1350,1317,33,654,596,33,25,640,14,1451,797,461,179
5,BIHOR,331,0,Camin cultural Cimpani,CAMPANI,28709,C,3,760,752,8,421,413,8,0,421,0,828,407,225,196
5,BIHOR,332,0,Sc. gen. Fanate,CAMPANI,28709,C,3,555,549,6,356,350,6,0,353,3,604,248,172,181
5,BIHOR,333,0,Sc. gen. Hirsesti,CAMPANI,28709,C,3,309,308,1,181,180,1,0,181,0,339,158,82,99
5,BIHOR,334,0,Sc. gen. Sighistel,CAMPANI,28709,C,3,293,288,5,201,196,5,0,199,2,317,116,115,84
5,BIHOR,335,0,Camin cultural Valea de Sus,CAMPANI,28709,C,3,285,280,5,183,178,5,0,179,4,309,126,122,57
5,BIHOR,336,0,Primaria Cociuba Mare,COCIUBA MARE,28763,C,3,832,815,17,512,495,17,0,508,4,899,387,218,290
5,BIHOR,337,0,Sc. gen. Chesa,COCIUBA MARE,28763,C,3,567,560,7,349,342,7,0,347,2,616,267,160,187
5,BIHOR,338,0,Sc. gen. Carasau,COCIUBA MARE,28763,C,3,591,585,6,309,299,6,4,302,7,646,337,135,167
5,BIHOR,339,0,Sc. gen. Petid,COCIUBA MARE,28763,C,3,543,536,7,318,307,7,4,316,2,590,272,203,113
5,BIHOR,340,0,Camin cultural Copacel,COPACEL,28816,C,3,336,331,5,208,185,5,18,204,4,376,168,102,102
5,BIHOR,341,0,Sc. gen. Bucuroaia,COPACEL,28816,C,3,377,369,8,166,158,8,0,158,8,408,242,84,74
5,BIHOR,342,0,Sc. gen. Chijic,COPACEL,28816,C,3,224,216,8,164,123,8,33,162,2,242,78,70,92
5,BIHOR,343,0,Sc. gen. Poiana Tasad,COPACEL,28816,C,3,164,154,10,104,94,10,0,102,2,172,68,72,30
5,BIHOR,344,0,Sc. gen. Sarand,COPACEL,28816,C,3,377,373,4,190,186,4,0,189,1,423,233,128,61
5,BIHOR,345,0,Camin cultural Surduc,COPACEL,28816,C,3,385,381,4,204,182,4,18,201,3,428,224,105,96
5,BIHOR,346,0,Sc. gen. Cristioru de Jos,CRISTIORU DE JOS,28889,C,3,350,333,17,213,189,17,7,212,1,373,160,117,95
5,BIHOR,347,0,Camin cultural Cristioru de Sus,CRISTIORU DE JOS,28889,C,3,169,146,23,70,47,23,0,67,3,162,92,31,36
5,BIHOR,348,0,Sc. gen. Poiana,CRISTIORU DE JOS,28889,C,3,465,456,9,281,262,9,10,279,2,505,224,204,75
5,BIHOR,349,0,Sc. gen. Saliste de Vascau,CRISTIORU DE JOS,28889,C,3,399,399,0,270,240,0,30,266,4,445,175,127,139
5,BIHOR,350,0,Sc. gen. Curatele,CURATELE,28941,C,3,673,669,4,315,309,4,2,310,5,736,421,146,164
5,BIHOR,351,0,Sc. cls. I-IV Beiusele,CURATELE,28941,C,3,405,393,12,318,306,12,0,313,5,433,115,180,133
5,BIHOR,352,0,Sc. cls. I-IV Cresuia,CURATELE,28941,C,3,417,410,7,278,271,7,0,275,3,452,174,153,122
5,BIHOR,353,0,Camin cultural Nimaiesti,CURATELE,28941,C,3,718,712,6,448,431,6,11,445,3,785,337,176,269
5,BIHOR,354,0,Primaria Curtuiseni,CURTUISENI,29001,C,3,2180,2177,3,534,519,3,12,524,10,2401,1867,437,87
5,BIHOR,355,0,Sc. gen. Vasad,CURTUISENI,29001,C,3,751,741,10,617,597,10,10,605,12,821,204,493,112
5,BIHOR,356,0,Primaria Derna,DERNA,29038,C,3,794,789,5,377,359,5,13,374,3,874,497,229,145
5,BIHOR,357,0,Sc. gen. Dernisoara,DERNA,29038,C,3,502,496,6,221,210,6,5,218,3,547,326,126,92
5,BIHOR,358,0,Sc. gen. Sacalasau,DERNA,29038,C,3,515,511,4,226,219,4,3,223,3,562,336,134,89
5,BIHOR,359,0,Sc. gen. Sacalasau-Nou,DERNA,29038,C,3,263,258,5,111,101,5,5,108,3,285,174,89,19
5,BIHOR,360,0,Sc. gen. Tria,DERNA,29038,C,3,322,310,12,155,135,12,8,152,3,342,187,109,43
5,BIHOR,361,0,Primaria Diosig,DIOSIG,29092,C,3,1304,1290,14,364,350,14,0,359,5,1423,1059,228,131
5,BIHOR,362,0,Camin cultural Diosig,DIOSIG,29092,C,3,1391,1352,39,509,470,39,0,499,10,1495,986,410,89
5,BIHOR,363,0,Cladirea asociatiei Diosig,DIOSIG,29092,C,3,1196,1180,16,328,302,16,10,317,11,1301,973,200,117
5,BIHOR,364,0,Sc. gen. Diosig,DIOSIG,29092,C,3,1373,1347,26,683,657,26,0,671,12,1486,803,343,328
5,BIHOR,365,0,Camin cultural Dobresti,DOBRESTI,29154,C,3,1410,1404,6,777,734,6,37,756,21,1550,773,465,291
5,BIHOR,366,0,Camin cultural Luncasprie,DOBRESTI,29154,C,3,809,807,2,309,299,2,8,306,3,889,580,162,144
5,BIHOR,367,0,Camin cultural Crancesti,DOBRESTI,29154,C,3,400,393,7,245,238,7,0,239,6,433,188,179,60
5,BIHOR,368,0,Camin cultural Hidisel,DOBRESTI,29154,C,3,562,556,6,276,257,6,13,269,7,615,339,134,135
5,BIHOR,369,0,Camin cultural Cornisesti,DOBRESTI,29154,C,3,234,224,10,137,127,10,0,136,1,246,109,87,49
5,BIHOR,370,0,Sc. gen. Topa de Jos,DOBRESTI,29154,C,3,200,192,8,122,114,8,0,118,4,211,89,60,58
5,BIHOR,371,0,Camin cultural Topa de Sus,DOBRESTI,29154,C,3,569,560,9,247,237,9,1,241,6,621,374,160,81
5,BIHOR,372,0,Primaria Draganesti,DRAGANESTI,29243,C,3,346,346,0,215,214,0,1,212,3,381,166,104,108
5,BIHOR,373,0,Camin cultural Belejeni,DRAGANESTI,29243,C,3,253,249,4,173,169,4,0,173,0,274,101,107,66
5,BIHOR,374,0,Camin cultural Gradinari,DRAGANESTI,29243,C,3,361,361,0,244,242,0,2,242,2,398,154,99,143
5,BIHOR,375,0,Sc. primara Livada Beiusului,DRAGANESTI,29243,C,3,111,108,3,78,75,3,0,78,0,119,41,33,45
5,BIHOR,376,0,Fostul Sfat Popular Mizies,DRAGANESTI,29243,C,3,357,352,5,226,221,5,0,225,1,387,161,127,98
5,BIHOR,377,0,Camin cultural Pantasesti,DRAGANESTI,29243,C,3,133,127,6,83,77,6,0,83,0,140,57,31,52
5,BIHOR,378,0,Camin cultural Sebis,DRAGANESTI,29243,C,3,278,272,6,190,184,6,0,189,1,299,109,88,101
5,BIHOR,379,0,Sc. primara Talpe,DRAGANESTI,29243,C,3,234,233,1,137,136,1,0,137,0,256,119,58,79
5,BIHOR,380,0,Catun-camin cultural Tiganestii de Beius,DRAGANESTI,29243,C,3,127,120,7,80,73,7,0,80,0,132,52,45,35
5,BIHOR,381,0,Sat-camin cultural Tiganestii de Beius,DRAGANESTI,29243,C,3,197,187,10,134,124,10,0,132,2,206,72,71,61
5,BIHOR,382,0,Camin cultural Dragesti,DRAGESTI,29341,C,3,311,302,9,147,138,9,0,145,2,342,195,77,68
5,BIHOR,383,0,Camin cultural Dicanesti,DRAGESTI,29341,C,3,229,219,10,124,114,10,0,123,1,242,118,66,57
5,BIHOR,384,0,Sc. cls. I-IV Stracos,DRAGESTI,29341,C,3,233,226,7,131,124,7,0,131,0,250,119,83,48
5,BIHOR,385,0,Sc. gen. Tasad,DRAGESTI,29341,C,3,887,879,8,466,453,8,5,449,17,970,504,293,156
5,BIHOR,386,0,Sc. cls. I-IV Topesti,DRAGESTI,29341,C,3,202,195,7,116,109,7,0,114,2,217,101,76,38
5,BIHOR,387,0,Primaria Finis,FINIS,29403,C,3,1614,1602,12,710,698,12,0,700,10,1762,1052,384,316
5,BIHOR,388,0,Clubul Fabricii Ioanis,FINIS,29403,C,3,1156,1152,4,581,566,4,11,575,6,1277,696,366,209
5,BIHOR,389,0,Sc. gen. Bicaciu,GEPIU,32195,C,3,814,805,9,440,375,9,56,430,10,893,453,246,184
5,BIHOR,390,0,Sediu Scoala Bicaciu,GEPIU,32195,C,3,445,435,10,278,216,10,52,277,1,479,201,173,104
5,BIHOR,391,0,Primaria Girisu de Cris,GIRISU DE CRIS,29467,C,3,988,971,17,495,469,17,9,486,9,1072,577,250,236
5,BIHOR,392,0,Sco. gen. Cheresig,GIRISU DE CRIS,29467,C,3,822,807,15,451,436,15,0,448,3,889,438,274,174
5,BIHOR,393,0,Sc. gen. Tarian,GIRISU DE CRIS,29467,C,3,1489,1473,16,585,568,16,1,578,7,1625,1040,365,213
5,BIHOR,394,0,Sc. gen. Toboliu,GIRISU DE CRIS,29467,C,3,765,761,4,424,379,4,41,419,5,838,414,195,224
5,BIHOR,395,0,Camin cultural Hidiselu de Sus,HIDISELU DE SUS,29519,C,3,812,799,13,480,456,13,11,475,5,881,401,242,233
5,BIHOR,396,0,Gradinita Hidiselu de Jos,HIDISELU DE SUS,29519,C,3,446,437,9,266,253,9,4,263,3,482,216,146,117
5,BIHOR,397,0,Sc. gen. Mierlau,HIDISELU DE SUS,29519,C,3,634,627,7,360,346,7,7,356,4,690,330,208,148
5,BIHOR,398,0,Sc. gen. Sintelec,HIDISELU DE SUS,29519,C,3,270,261,9,151,142,9,0,146,5,287,136,91,55
5,BIHOR,399,0,Sc. gen. Sumugiu,HIDISELU DE SUS,29519,C,3,322,315,7,167,157,7,3,166,1,352,185,124,42
5,BIHOR,400,0,Camin cultural Holod,HOLOD,29573,C,3,460,452,8,234,226,8,0,233,1,498,264,133,100
5,BIHOR,401,0,Camin cultural Dumbrava,HOLOD,29573,C,3,463,453,10,288,274,10,4,278,10,499,211,211,67
5,BIHOR,402,0,Sc. cls.I-IV Dumbravita,HOLOD,29573,C,3,222,213,9,138,120,9,9,137,1,234,96,56,81
5,BIHOR,403,0,Sc. cls.I-IV Hodis,HOLOD,29573,C,3,324,316,8,116,105,8,3,113,3,348,232,50,63
5,BIHOR,404,0,Sc. cls.I-IV Lupoaia,HOLOD,29573,C,3,364,358,6,187,180,6,1,186,1,397,210,102,84
5,BIHOR,405,0,Camin cultural Vintere,HOLOD,29573,C,3,684,674,10,395,378,10,7,391,4,748,353,173,218
5,BIHOR,406,0,Camin cultural Husasau de Tinca,HUSASAU DE TINCA,29662,C,3,587,582,5,341,322,5,14,337,4,642,301,212,125
5,BIHOR,407,0, Sc. gen. Fonau,HUSASAU DE TINCA,29662,C,3,156,150,6,106,99,6,1,106,0,165,59,91,15
5,BIHOR,408,0,Sc. gen. Miersig,HUSASAU DE TINCA,29662,C,3,263,249,14,165,150,14,1,162,3,277,112,93,69
5,BIHOR,409,0,Sc. gen. Osand,HUSASAU DE TINCA,29662,C,3,374,369,5,239,230,5,4,230,9,406,167,186,44
5,BIHOR,410,0,Sc. gen. Sititelec,HUSASAU DE TINCA,29662,C,3,341,327,14,182,168,14,0,181,1,360,178,124,57
5,BIHOR,411,0,Camin cultural Ineu,INEU,29724,C,3,1585,1570,15,662,647,15,0,649,13,1735,1073,378,271
5,BIHOR,412,0,Sc. gen. Botean,INEU,29724,C,3,504,488,16,220,204,16,0,217,3,540,320,103,114
5,BIHOR,413,0,Sc. gen. Husasau de Cris,INEU,29724,C,3,724,719,5,352,335,5,12,351,1,794,442,209,142
5,BIHOR,414,0,Primaria Lazuri de Beius,LAZURI DE BEIUS,29760,C,3,286,284,2,173,166,2,5,171,2,313,140,42,129
5,BIHOR,415,0,Sc. gen. Cusuis,LAZURI DE BEIUS,29760,C,3,411,407,4,246,233,4,9,244,2,449,203,103,141
5,BIHOR,416,0,Camin cultural Hinchiris,LAZURI DE BEIUS,29760,C,3,604,597,7,343,330,7,6,340,3,657,314,95,245
5,BIHOR,417,0,Camin cultural Baleni,LAZURI DE BEIUS,29760,C,3,203,196,7,127,114,7,6,126,1,217,90,60,66
5,BIHOR,418,0,Camin cultural Lazareni,LAZARENI,29813,C,3,523,516,7,280,272,7,1,275,5,569,289,143,132
5,BIHOR,419,0,Sc. gen. Bicacel,LAZARENI,29813,C,3,193,182,11,117,101,11,5,116,1,200,83,62,54
5,BIHOR,420,0,Camin cultural Carandeni,LAZARENI,29813,C,3,170,159,11,83,71,11,1,83,0,175,92,44,39
5,BIHOR,421,0,Camin cultural Caranzel,LAZARENI,29813,C,3,104,95,9,53,44,9,0,53,0,105,52,23,30
5,BIHOR,422,0,Sc. gen. Calea Mare,LAZARENI,29813,C,3,529,524,5,247,242,5,0,244,3,576,329,122,122
5,BIHOR,423,0,Camin cultural Gepis,LAZARENI,29813,C,3,456,447,9,304,294,9,1,295,9,497,193,233,62
5,BIHOR,424,0,Camin cultural Gruilung,LAZARENI,29813,C,3,107,98,9,53,44,9,0,50,3,110,57,29,21
5,BIHOR,425,0,Camin cultural Miheleu,LAZARENI,29813,C,3,171,161,10,85,73,10,2,83,2,178,93,43,40
5,BIHOR,426,0,Camin cultural Lugasu de Jos,LUGASU DE JOS,29902,C,3,1163,1152,11,652,635,11,6,645,7,1274,622,310,335
5,BIHOR,427,0,Camin cultural Urvind,LUGASU DE JOS,29902,C,3,745,724,21,356,314,21,21,349,7,797,441,212,137
5,BIHOR,428,0,Camin cultural Lugasu de Sus,LUGASU DE JOS,29902,C,3,660,644,16,348,329,16,3,336,12,716,368,171,165
5,BIHOR,429,0,Camin cultural Lunca,LUNCA,29948,C,3,834,811,23,446,423,23,0,442,4,895,449,177,265
5,BIHOR,430,0,Camin cultural Briheni,LUNCA,29948,C,3,343,343,0,225,214,0,11,220,5,381,156,115,105
5,BIHOR,431,0,Sc. gen. Hotarel,LUNCA,29948,C,3,262,258,4,186,176,4,6,184,2,284,98,50,134
5,BIHOR,432,0,Sc. gen. Sustiu,LUNCA,29948,C,3,389,386,3,272,265,3,4,271,1,427,155,124,147
5,BIHOR,433,0,Sc. gen. Sirbesti,LUNCA,29948,C,3,297,296,1,204,188,1,15,200,4,327,123,120,80
5,BIHOR,434,0,Camin cultural Seghiste,LUNCA,29948,C,3,509,506,3,342,330,3,9,340,2,556,214,115,225
5,BIHOR,435,0,Sc. gen. Madaras,MADARAS,30014,C,3,758,755,3,411,405,3,3,409,2,830,419,185,224
5,BIHOR,436,0,Sc. cls. I-IV Homorog,MADARAS,30014,C,3,590,577,13,339,310,13,16,337,2,635,296,213,124
5,BIHOR,437,0,Sc. gen. Ianosda,MADARAS,30014,C,3,781,777,4,461,456,4,1,453,8,859,398,293,160
5,BIHOR,438,0,Camin cultural Martihaz,MADARAS,30014,C,3,203,186,17,117,94,17,6,116,1,205,88,55,61
5,BIHOR,439,0,Primaria Magesti,MAGESTI,30069,C,3,230,224,6,131,124,6,1,129,2,248,117,56,73
5,BIHOR,440,0,Sc. gen. Butan,MAGESTI,30069,C,3,285,281,4,181,173,4,4,180,1,311,130,70,110
5,BIHOR,441,0,Sc. cls. I-IV Josani,MAGESTI,30069,C,3,320,315,5,181,174,5,2,180,1,346,165,60,120
5,BIHOR,442,0,Camin cultural Dobricionesti,MAGESTI,30069,C,3,482,473,9,325,316,9,0,324,1,520,195,82,242
5,BIHOR,443,0,Sc. primara Galaseni,MAGESTI,30069,C,3,288,276,12,163,151,12,0,163,0,304,141,91,72
5,BIHOR,444,0,Sc. primara Cacuciu Nou,MAGESTI,30069,C,3,290,270,20,167,147,20,0,167,0,297,130,79,88
5,BIHOR,445,0,Sc. primara Ortiteag,MAGESTI,30069,C,3,391,380,11,285,274,11,0,283,2,428,143,92,191
5,BIHOR,446,0,Camin cultural Nojorid,NOJORID,30149,C,3,1286,1270,16,709,693,16,0,707,2,1397,688,205,502
5,BIHOR,447,0,Sc. gen. Apateu,NOJORID,30149,C,3,201,186,15,107,92,15,0,105,2,206,99,44,61
5,BIHOR,448,0,Sc. gen. Chisirid,NOJORID,30149,C,3,129,118,11,61,50,11,0,60,1,133,72,30,30
5,BIHOR,449,0,Sc. gen. Les,NOJORID,30149,C,3,476,459,17,224,207,17,0,223,1,509,285,100,123
5,BIHOR,450,0,Gradinita Livada de Bihor,NOJORID,30149,C,3,889,867,22,507,485,22,0,504,3,955,448,111,393
5,BIHOR,451,0,Sc. gen. Pausa,NOJORID,30149,C,3,225,213,12,148,136,12,0,147,1,234,86,99,48
5,BIHOR,452,0,Sc. gen. Sauaieu,NOJORID,30149,C,3,264,252,12,123,111,12,0,122,1,282,159,98,24
5,BIHOR,453,0,Sc. gen. Olcea,OLCEA,30229,C,3,471,465,6,311,298,6,7,309,2,514,203,172,137
5,BIHOR,454,0,Sc. gen. Calacea,OLCEA,30229,C,3,922,921,1,515,511,1,3,512,3,1021,506,250,262
5,BIHOR,455,0,Sc. gen. Hodisel,OLCEA,30229,C,3,326,322,4,182,178,4,0,182,0,354,172,151,31
5,BIHOR,456,0,Sc. gen. Ucuris,OLCEA,30229,C,3,434,430,4,271,259,4,8,269,2,473,202,164,105
5,BIHOR,457,0,Sc. gen. Osorhei,OSORHEI,30274,C,3,1041,1036,5,432,424,5,3,423,9,1142,710,204,219
5,BIHOR,458,0,Sc. gen. Osorhei,OSORHEI,30274,C,3,1141,1126,15,508,493,15,0,503,5,1241,733,246,257
5,BIHOR,459,0,Camin cultural Alparea,OSORHEI,30274,C,3,763,753,10,457,427,10,20,455,2,830,373,242,213
5,BIHOR,460,0,Camin cultural Cheriu,OSORHEI,30274,C,3,454,443,11,286,273,11,2,282,4,489,203,176,106
5,BIHOR,461,0,Camin cultural Felcheriu,OSORHEI,30274,C,3,291,282,9,178,169,9,0,177,1,310,132,88,89
5,BIHOR,462,0,Camin cultural Fughiu,OSORHEI,30274,C,3,724,714,10,319,309,10,0,317,2,787,468,155,162
5,BIHOR,463,0,Sc. gen. Paleu,PALEU,32161,C,3,413,407,6,214,197,6,11,208,6,450,236,132,76
5,BIHOR,464,0,Sc. gen. Uileacu de Munte,PALEU,32161,C,3,452,443,9,136,121,9,6,134,2,487,351,90,44
5,BIHOR,465,0,Sc. gen. Saldabagiu de Munte,PALEU,32161,C,3,488,481,7,155,148,7,0,152,3,530,375,52,100
5,BIHOR,466,0,Sc. gen. Pietroasa,PIETROASA,30336,C,3,753,753,0,428,428,0,0,424,4,831,403,211,213
5,BIHOR,467,0,Sc. gen. Gurani,PIETROASA,30336,C,3,569,564,5,317,312,5,0,313,4,624,307,156,157
5,BIHOR,468,0,Sc. gen. Cociuba Mica,PIETROASA,30336,C,3,358,350,8,211,203,8,0,209,2,386,175,78,131
5,BIHOR,469,0,Sc. gen. Chiscau,PIETROASA,30336,C,3,627,617,10,290,280,10,0,288,2,680,390,126,162
5,BIHOR,470,0,Sc. gen. Giulesti,PIETROASA,30336,C,3,125,121,4,74,70,4,0,72,2,134,60,22,50
5,BIHOR,471,0,Sc. gen. Magura,PIETROASA,30336,C,3,269,264,5,161,156,5,0,160,1,290,129,107,53
5,BIHOR,472,0,Sc. gen. Motesti,PIETROASA,30336,C,3,95,91,4,65,60,4,1,65,0,100,35,39,26
5,BIHOR,473,0,Camin cultural Pocola,POCOLA,30416,C,3,480,476,4,321,314,4,3,320,1,524,203,161,159
5,BIHOR,474,0,Camin cultural Feneris,POCOLA,30416,C,3,370,365,5,240,235,5,0,240,0,402,162,149,91
5,BIHOR,475,0,Camin cultural Petrani,POCOLA,30416,C,3,315,310,5,207,184,5,18,203,4,341,134,98,105
5,BIHOR,476,0,Camin cultural sinmartin de Beius,POCOLA,30416,C,3,210,205,5,158,153,5,0,156,2,225,67,39,117
5,BIHOR,477,0,Sc. gen. Pomezeu,POMEZEU,30470,C,3,148,144,4,118,111,4,3,117,1,158,40,50,67
5,BIHOR,478,0,Sc. gen. Cosdeni,POMEZEU,30470,C,3,547,541,6,270,260,6,4,264,6,596,326,153,111
5,BIHOR,479,0,Sc. gen. Hidis,POMEZEU,30470,C,3,357,353,4,227,221,4,2,227,0,389,162,89,138
5,BIHOR,480,0,Sc. gen. Spinus de Pomezeu,POMEZEU,30470,C,3,242,234,8,149,141,8,0,147,2,259,110,65,82
5,BIHOR,481,0,Sc. gen. Sitani,POMEZEU,30470,C,3,401,401,0,258,249,0,9,254,4,444,186,144,110
5,BIHOR,482,0,Sc. gen. Campani de Pomezeu,POMEZEU,30470,C,3,396,386,10,211,201,10,0,211,0,425,214,112,99
5,BIHOR,483,0,Sc. gen. Valani de Pomezeu,POMEZEU,30470,C,3,525,510,15,299,281,15,3,293,6,561,262,171,122
5,BIHOR,484,0,Sc. gen. Lacu Sarat,POMEZEU,30470,C,3,55,49,6,42,36,6,0,31,11,54,12,14,17
5,BIHOR,485,0,Gr. sc. ind. Popesti,POPESTI,30568,C,3,1902,1886,16,844,828,16,0,837,7,2078,1234,425,412
5,BIHOR,486,0,Sc. gen. Bistra,POPESTI,30568,C,3,804,798,6,372,364,6,2,368,4,890,518,202,166
5,BIHOR,487,0,Lic. Budoi,POPESTI,30568,C,3,773,761,12,314,293,12,9,313,1,838,524,238,75
5,BIHOR,488,0,Sc. gen. Cuzap,POPESTI,30568,C,3,992,985,7,409,402,7,0,404,5,1085,676,227,177
5,BIHOR,489,0,Sc. gen. Varviz,POPESTI,30568,C,3,483,472,11,251,240,11,0,250,1,520,269,109,141
5,BIHOR,490,0,Sc. gen. Varzari,POPESTI,30568,C,3,260,254,6,175,169,6,0,173,2,279,104,97,76
5,BIHOR,491,0,Sc. gen. Voivozi,POPESTI,30568,C,3,1494,1481,13,660,647,13,0,654,6,1630,970,418,236
5,BIHOR,492,0,Camin cultural Rabagani,RABAGANI,30648,C,3,541,532,9,298,286,9,3,297,1,585,287,135,162
5,BIHOR,493,0,Camin cultural Albesti,RABAGANI,30648,C,3,277,270,7,184,177,7,0,182,2,297,113,118,64
5,BIHOR,494,0,Sc. gen. Bratesti,RABAGANI,30648,C,3,126,119,7,95,88,7,0,95,0,131,36,66,29
5,BIHOR,495,0,Camin cultural Saucani,RABAGANI,30648,C,3,439,434,5,235,230,5,0,233,2,477,242,126,107
5,BIHOR,496,0,Camin cultural Saliste de Pomezeu,RABAGANI,30648,C,3,124,118,6,89,83,6,0,89,0,131,42,43,46
5,BIHOR,497,0,Camin cultural Varaseni,RABAGANI,30648,C,3,363,361,2,237,231,2,4,234,3,397,160,157,77
5,BIHOR,498,0,Sc. gen. Remetea,REMETEA,30719,C,3,667,656,11,358,347,11,0,354,4,724,366,182,172
5,BIHOR,499,0,Sc. gen. Meziad,REMETEA,30719,C,3,1016,1005,11,526,486,11,29,518,8,1105,579,225,293
5,BIHOR,500,0,Sc. primara Dragoteni,REMETEA,30719,C,3,388,382,6,229,223,6,0,229,0,420,191,114,115
5,BIHOR,501,0,Sc. primara Petreasa,REMETEA,30719,C,3,337,330,7,202,195,7,0,201,1,365,163,94,107
5,BIHOR,502,0,Sc. primara Soimus,REMETEA,30719,C,3,122,116,6,79,70,6,3,79,0,128,49,41,38
5,BIHOR,503,0,Sc. gen. Rieni,RIENI,30773,C,3,496,491,5,277,271,5,1,276,1,540,263,81,195
5,BIHOR,504,0,Camin cultural Ghighiseni,RIENI,30773,C,3,797,793,4,449,430,4,15,448,1,879,430,222,226
5,BIHOR,505,0,Sc. gen. Sudrigiu,RIENI,30773,C,3,314,307,7,187,180,7,0,186,1,339,152,59,127
5,BIHOR,506,0,Camin cultural Petrileni,RIENI,30773,C,3,475,468,7,287,280,7,0,285,2,515,228,125,160
5,BIHOR,507,0,Sc. primara Valea de Jos,RIENI,30773,C,3,478,470,8,276,268,8,0,276,0,517,241,153,123
5,BIHOR,508,0,Camin cultural Rosia,ROSIA,30844,C,3,1715,1708,7,943,928,7,8,924,19,1883,940,586,338
5,BIHOR,509,0,Camin cultural Lazuri,ROSIA,30844,C,3,355,342,13,261,247,13,1,256,5,377,116,136,120
5,BIHOR,510,0,Primaria Rosiori,ROSIORI,32187,C,3,1056,1049,7,291,246,7,38,285,6,1160,869,206,79
5,BIHOR,511,0,Sc. gen. Mihai Bravu,ROSIORI,32187,C,3,882,873,9,511,479,9,23,505,6,965,454,325,180
5,BIHOR,512,0,Sala de club Vaida,ROSIORI,32187,C,3,470,463,7,160,153,7,0,156,4,510,350,107,49
5,BIHOR,513,0,Camin cultural Sacadat,SACADAT,30871,C,3,727,715,12,392,376,12,4,386,6,788,396,216,170
5,BIHOR,514,0,Camin cultural Sabolciu,SACADAT,30871,C,3,585,576,9,345,333,9,3,338,7,634,289,134,204
5,BIHOR,515,0,Sc. cls.I-IV Borsa,SACADAT,30871,C,3,158,150,8,90,82,8,0,88,2,166,76,52,36
5,BIHOR,516,0,Camin cultural Salacea,SALACEA,30988,C,3,1917,1913,4,351,337,4,10,339,12,2116,1765,165,174
5,BIHOR,517,0,Sc. gen. Otomani,SALACEA,30988,C,3,629,621,8,150,137,8,5,145,5,683,533,86,59
5,BIHOR,518,0,Sc. gen. Salard,SALARD,31011,C,3,2210,2195,15,686,635,15,36,673,13,2428,1742,429,244
5,BIHOR,519,0,Sc. cls. I-IV Hodos,SALARD,31011,C,3,591,584,7,145,138,7,0,141,4,645,500,107,34
5,BIHOR,520,0,Fostul sediu CAP Sintimreu,SALARD,31011,C,3,463,456,7,146,134,7,5,139,7,502,356,89,50
5,BIHOR,521,0,Sc. gen. Simbata,SAMBATA,31057,C,3,336,332,4,208,204,4,0,206,2,365,157,85,121
5,BIHOR,522,0,Sc. cls. I-IV Copaceni,SAMBATA,31057,C,3,146,143,3,95,92,3,0,92,3,157,62,42,50
5,BIHOR,523,0,Sc. cls. I-IV Ogesti,SAMBATA,31057,C,3,189,186,3,135,132,3,0,134,1,206,71,77,57
5,BIHOR,524,0,Sc. cls. I-IV Rotaresti,SAMBATA,31057,C,3,143,134,9,97,88,9,0,94,3,148,51,41,53
5,BIHOR,525,0,Sc. cls. I-IV Rogoz,SAMBATA,31057,C,3,281,276,5,179,174,5,0,173,6,305,126,93,80
5,BIHOR,526,0,Sc. cls. I-IV Zavoiu,SAMBATA,31057,C,3,210,207,3,125,122,3,0,123,2,231,106,76,47
5,BIHOR,527,0,Complex cultural Baile Felix,SANMARTIN,26582,C,3,440,387,53,313,257,53,3,309,4,1527,1214,122,187
5,BIHOR,528,1,Hotel Padis - baza de tratament,SANMARTIN,26582,C,3,16,0,16,63,0,16,47,62,1,660,597,25,37
5,BIHOR,529,1,Spital de recuperare medicala,SANMARTIN,26582,C,3,17,0,17,93,0,17,76,93,0,165,72,41,52
5,BIHOR,530,1,Hotel Ceres - baza de tratament,SANMARTIN,26582,C,3,13,0,13,294,0,13,281,292,2,605,311,172,120
5,BIHOR,531,0,Sc. cls. I-IV Betfia,SANMARTIN,26582,C,3,339,331,8,220,212,8,0,216,4,361,141,125,91
5,BIHOR,532,0,Sc.noua Cihei,SANMARTIN,26582,C,3,773,755,18,503,479,18,6,499,4,835,332,189,310
5,BIHOR,533,0,Sc. gen. Cordau,SANMARTIN,26582,C,3,973,954,19,641,619,19,3,631,10,1051,410,349,282
5,BIHOR,534,0,Sc. cls. I-IV Haieu,SANMARTIN,26582,C,3,725,706,19,438,419,19,0,434,4,783,345,194,240
5,BIHOR,535,0,Sc. cls. I-IV Rontau,SANMARTIN,26582,C,3,741,725,16,456,436,16,4,455,1,799,343,213,242
5,BIHOR,536,0,Gradinita Sinmartin - cartier blocuri,SANMARTIN,26582,C,3,2366,2352,14,1363,1337,14,12,1356,7,2592,1229,378,978
5,BIHOR,537,0,Gradinita Sinicolau Roman,SANNICOLAU ROMAN,32179,C,3,885,881,4,489,475,4,10,484,5,977,488,298,186
5,BIHOR,538,0,Sc. gen. Roit,SANNICOLAU ROMAN,32179,C,3,461,450,11,261,250,11,0,260,1,498,237,162,98
5,BIHOR,539,0,Sc. cls. I-IV Berechiu,SANNICOLAU ROMAN,32179,C,3,287,283,4,165,160,4,1,164,1,312,147,92,72
5,BIHOR,540,0,Camin cultural Sintandrei,SANTANDREI,26653,C,3,2497,2479,18,1360,1331,18,11,1347,13,2770,1410,507,840
5,BIHOR,541,0,Sc. cls.I-IV Palota,SANTANDREI,26653,C,3,559,549,10,208,198,10,0,206,2,605,397,68,138
5,BIHOR,542,0,Camin cultural Sirbi,SARBI,31128,C,3,836,819,17,451,434,17,0,444,7,903,452,222,222
5,BIHOR,543,0,Sc. cls. I-IV Almasu Mic,SARBI,31128,C,3,136,130,6,67,61,6,0,67,0,143,76,39,28
5,BIHOR,544,0,Camin cultural Burzuc,SARBI,31128,C,3,700,696,4,397,374,4,19,394,3,772,375,225,169
5,BIHOR,545,0,Sc. cls. I-IV Chioag,SARBI,31128,C,3,188,184,4,114,110,4,0,112,2,204,90,54,58
5,BIHOR,546,0,Sc. cls. I-IV Fegernic,SARBI,31128,C,3,320,316,4,151,141,4,6,151,0,352,201,69,82
5,BIHOR,547,0,Sc. cls. I-IV Sarcau,SARBI,31128,C,3,92,82,10,60,50,10,0,60,0,92,32,43,17
5,BIHOR,548,0,Sc. gen. Spinus,SPINUS,31208,C,3,344,341,3,186,181,3,2,185,1,382,196,111,74
5,BIHOR,549,0,Sc. cls.I-IV Nadar,SPINUS,31208,C,3,167,161,6,104,97,6,1,103,1,190,86,55,48
5,BIHOR,550,0,Sc. cls.I-IV Ciulesti,SPINUS,31208,C,3,173,167,6,108,102,6,0,106,2,184,76,76,30
5,BIHOR,551,0,Sc. cls. I-IV Gurbesti,SPINUS,31208,C,3,120,113,7,85,74,7,4,84,1,126,41,50,34
5,BIHOR,552,0,Sc. cls. I-IV Saliste,SPINUS,31208,C,3,220,214,6,124,117,6,1,123,1,239,115,55,68
5,BIHOR,553,0,Gr. Sc. Suplacu de Barcau,SUPLACU DE BARCAU,31262,C,3,2003,1991,12,885,868,12,5,872,13,2198,1313,266,606
5,BIHOR,554,0,Sc. gen. Borumlaca,SUPLACU DE BARCAU,31262,C,3,742,734,8,418,407,8,3,414,4,811,393,217,197
5,BIHOR,555,0,Sc. gen. Dolea,SUPLACU DE BARCAU,31262,C,3,157,149,8,70,62,8,0,68,2,165,95,45,23
5,BIHOR,556,0,Sc. gen. Foglas,SUPLACU DE BARCAU,31262,C,3,175,165,10,89,78,10,1,88,1,183,94,18,70
5,BIHOR,557,0,Sc. gen. Valea Cerului,SUPLACU DE BARCAU,31262,C,3,345,337,8,212,203,8,1,209,3,373,161,97,112
5,BIHOR,558,0,Sc. gen. Vilcele,SUPLACU DE BARCAU,31262,C,3,202,194,8,118,110,8,0,115,3,213,95,58,57
5,BIHOR,559,0,Gradinita Simian,SIMIAN,31333,C,3,1942,1938,4,542,535,4,3,530,12,2135,1593,440,90
5,BIHOR,560,0,Sc. cls. I-IV Barantau,SIMIAN,31333,C,3,153,135,18,67,49,18,0,63,4,149,82,56,7
5,BIHOR,561,0,Sc. cls. I-IV Silindru,SIMIAN,31333,C,3,742,732,10,286,273,10,3,282,4,806,520,239,43
5,BIHOR,562,0,Sc. cls. I-IV Voivozi,SIMIAN,31333,C,3,365,349,16,156,140,16,0,155,1,388,232,101,54
5,BIHOR,563,0,Primaria Sinteu,SINTEU,31379,C,3,1013,1011,2,352,350,2,0,344,8,1113,761,187,157
5,BIHOR,564,0,Primaria Soimi,SOIMI,31422,C,3,463,456,7,214,201,7,6,209,5,502,288,157,52
5,BIHOR,565,0,Sc. gen. Sinicolau de Beius,SOIMI,31422,C,3,158,145,13,112,99,13,0,110,2,160,48,63,47
5,BIHOR,566,0,Sc. gen. Ursad,SOIMI,31422,C,3,169,167,2,108,92,2,14,107,1,184,76,65,42
5,BIHOR,567,0,Sc. gen. Poclusa de Beius,SOIMI,31422,C,3,90,90,0,73,73,0,0,73,0,99,26,53,20
5,BIHOR,568,0,Sc. gen.  Codru,SOIMI,31422,C,3,164,147,17,93,76,17,0,92,1,162,69,52,40
5,BIHOR,569,0,Sc. gen. Urvis de Beius,SOIMI,31422,C,3,653,648,5,335,330,5,0,329,6,714,379,188,141
5,BIHOR,570,0,Sc. gen. Dumbravita de Codru,SOIMI,31422,C,3,446,446,0,174,166,0,8,174,0,492,318,108,66
5,BIHOR,571,0,Sc. gen. Borz,SOIMI,31422,C,3,202,199,3,96,93,3,0,96,0,220,124,41,55
5,BIHOR,572,0,Gr. Sc. Suncuius,SUNCUIUS,31510,C,3,1450,1411,39,711,672,39,0,708,3,1556,845,330,378
5,BIHOR,573,0,Sc. Gen. Balnaca,SUNCUIUS,31510,C,3,833,819,14,467,453,14,0,463,4,903,436,192,271
5,BIHOR,574,0,Camin cultural Balnaca-Grosi,SUNCUIUS,31510,C,3,87,75,12,46,34,12,0,44,2,82,36,27,17
5,BIHOR,575,0,Camin Cultural Zece Hotare catun Carmazan,SUNCUIUS,31510,C,3,223,211,12,90,78,12,0,90,0,232,142,34,56
5,BIHOR,576,0,Sc. Gen. Zece Hotare catun Gugu,SUNCUIUS,31510,C,3,200,184,16,120,104,16,0,118,2,204,84,60,58
5,BIHOR,577,0,Camin cultural Tarcea,TARCEA,31565,C,3,723,714,9,250,241,9,0,246,4,801,551,191,55
5,BIHOR,578,0,Sc. gen. Adoni,TARCEA,31565,C,3,618,606,12,252,240,12,0,250,2,670,418,146,104
5,BIHOR,579,0,Sc. gen. Galospetreu,TARCEA,31565,C,3,807,799,8,235,226,8,1,231,4,884,649,211,20
5,BIHOR,580,0,Camin cultural Tamaseu,TAMASEU,32153,C,3,837,826,11,524,511,11,2,519,5,911,387,419,100
5,BIHOR,581,0,Sc. gen. Satu Nou,TAMASEU,32153,C,3,198,193,5,83,74,5,4,82,1,213,130,62,20
5,BIHOR,582,0,Camin cultural Niuved,TAMASEU,32153,C,3,179,175,4,81,77,4,0,81,0,193,112,56,25
5,BIHOR,583,0,Sc. gen. Parhida,TAMASEU,32153,C,3,394,390,4,163,142,4,17,161,2,433,270,99,62
5,BIHOR,584,0,Primaria Tarcaia,TARCAIA,31609,C,3,949,942,7,337,330,7,0,333,4,1038,701,186,147
5,BIHOR,585,0,Camin cultural Tarcaita,TARCAIA,31609,C,3,356,352,4,167,163,4,0,162,5,388,221,100,62
5,BIHOR,586,0,Camin cultural Totoreni,TARCAIA,31609,C,3,422,418,4,242,238,4,0,242,0,462,220,96,146
5,BIHOR,587,0,Sc. gen. Tauteu,TAUTEU,31654,C,3,902,898,4,206,202,4,0,204,2,988,782,138,66
5,BIHOR,588,0,Sc. gen. Ciutelec,TAUTEU,31654,C,3,625,618,7,257,246,7,4,254,3,681,424,114,140
5,BIHOR,589,1,Centrul de ingrijire Ciutelec,TAUTEU,31654,C,3,9,0,9,120,0,9,111,113,7,138,18,100,13
5,BIHOR,590,0,Sc. gen. Bogei,TAUTEU,31654,C,3,1022,1010,12,451,435,12,4,445,6,1115,664,357,88
5,BIHOR,591,0,Sc. gen. Chiribis,TAUTEU,31654,C,3,591,574,17,304,285,17,2,304,0,631,327,126,178
5,BIHOR,592,0,Sc. gen. Poiana,TAUTEU,31654,C,3,191,181,10,77,67,10,0,76,1,199,122,39,37
5,BIHOR,593,0,Camin cultural Tileagd,TILEAGD,31716,C,3,1850,1824,26,825,787,26,12,817,8,2021,1196,286,531
5,BIHOR,594,0,Sc. gen. Tileagd,TILEAGD,31716,C,3,1188,1133,55,575,509,55,11,569,6,1276,701,230,339
5,BIHOR,595,0,Camin cultural Tilecus,TILEAGD,31716,C,3,679,660,19,394,375,19,0,392,2,728,334,117,275
5,BIHOR,596,0,Camin cultural Posoloaca,TILEAGD,31716,C,3,311,301,10,120,110,10,0,119,1,331,211,62,57
5,BIHOR,597,0,Sc. gen. Uileacu de Cris,TILEAGD,31716,C,3,345,337,8,212,203,8,1,209,3,373,161,97,112
5,BIHOR,598,0,Sc. gen. Balaia,TILEAGD,31716,C,3,601,592,9,310,301,9,0,309,1,653,343,148,161
5,BIHOR,599,0,Sc. gen. Calatani,TILEAGD,31716,C,3,187,180,7,93,86,7,0,92,1,198,105,23,69
5,BIHOR,600,0,Sc. gen. Valea Uileac,TILEAGD,31716,C,3,69,60,9,37,28,9,0,36,1,66,29,22,14
5,BIHOR,601,0,Camin cultural Tinca,TINCA,31789,C,3,1466,1442,24,686,647,24,15,678,8,1590,904,292,386
5,BIHOR,602,0,Lic. Nicolae Jiga Tinca,TINCA,31789,C,3,2010,2002,8,1036,1011,8,17,1019,17,2209,1173,606,413
5,BIHOR,603,0,Sc. gen. Gurbediu,TINCA,31789,C,3,944,938,6,426,420,6,0,423,3,1035,609,255,168
5,BIHOR,604,0,Sc. gen. Ripa,TINCA,31789,C,3,496,482,14,307,293,14,0,302,5,535,228,134,168
5,BIHOR,605,0,Sc. gen. Belfir,TINCA,31789,C,3,421,413,8,158,148,8,2,157,1,455,297,95,62
5,BIHOR,606,0,Sc. gen. Girisu Negru,TINCA,31789,C,3,574,564,10,301,291,10,0,295,6,621,320,179,116
5,BIHOR,607,0,Camin cultural Tulca,TULCA,31841,C,3,1644,1610,34,946,883,34,29,937,9,1775,829,536,401
5,BIHOR,608,0,Sc. gen. Tulca,TULCA,31841,C,3,233,215,18,159,141,18,0,151,8,237,78,84,67
5,BIHOR,609,0,Camin cultural Cauasd,TULCA,31841,C,3,408,354,54,266,212,54,0,264,2,392,126,167,97
5,BIHOR,610,0,Camin cultural Tetchea,TETCHEA,31878,C,3,632,630,2,314,307,2,5,312,2,695,381,184,128
5,BIHOR,611,0,Sc. gen. Hotar,TETCHEA,31878,C,3,749,743,6,347,335,6,6,345,2,821,474,171,174
5,BIHOR,612,0,Fosta Gradinita Subpiatra,TETCHEA,31878,C,3,502,497,5,304,299,5,0,299,5,548,244,93,206
5,BIHOR,613,0,Camin cultural Telechiu,TETCHEA,31878,C,3,557,539,18,303,285,18,0,300,3,595,292,184,116
5,BIHOR,614,0,Sc. gen. Uileacu de Beius,UILEACU DE BEIUS,31921,C,3,567,563,4,344,335,4,5,342,2,622,278,171,171
5,BIHOR,615,0,Sc. gen. Forau,UILEACU DE BEIUS,31921,C,3,803,798,5,417,412,5,0,413,4,880,463,183,230
5,BIHOR,616,0,Gradinita Prisaca,UILEACU DE BEIUS,31921,C,3,425,417,8,282,273,8,1,282,0,459,177,197,85
5,BIHOR,617,0,Sc. gen. Valanii de Beius,UILEACU DE BEIUS,31921,C,3,255,244,11,164,153,11,0,164,0,269,105,83,81
5,BIHOR,618,0,Camin cultural Vadu Crisului,VADU CRISULUI,31976,C,3,1666,1646,20,703,681,20,2,700,3,1812,1109,307,393
5,BIHOR,619,0,Sc. cls. I-IV Vadu Crisului,VADU CRISULUI,31976,C,3,796,747,49,439,390,49,0,438,1,827,388,197,241
5,BIHOR,620,0,Sc. cls. I-IV Tomnatic,VADU CRISULUI,31976,C,3,316,311,5,143,138,5,0,142,1,342,199,95,47
5,BIHOR,621,0,Sc. cls. I-IV Topa de Cris,VADU CRISULUI,31976,C,3,363,353,10,210,200,10,0,209,1,389,179,78,131
5,BIHOR,622,0,Camin cultural Birtin,VADU CRISULUI,31976,C,3,332,319,13,225,212,13,0,224,1,351,126,76,148
5,BIHOR,623,0,Primaria Viisoara,VIISOARA,32045,C,3,815,811,4,356,342,4,10,350,6,905,549,228,122
5,BIHOR,624,0,Sc. gen. Izvoarele,VIISOARA,32045,C,3,210,203,7,105,98,7,0,103,2,226,121,60,43
5,BIHOR,625,0,Sc. gen. Reghea,VIISOARA,32045,C,3,63,56,7,42,35,7,0,42,0,63,21,27,15
5,BIHOR,626,0,Primaria Virciorog,VARCIOROG,32090,C,3,930,923,7,478,471,7,0,467,11,1018,540,260,207
5,BIHOR,627,0,Gradinita Serghis,VARCIOROG,32090,C,3,503,499,4,271,267,4,0,266,5,550,279,162,104
5,BIHOR,628,0,Sc. gen. Fisca,VARCIOROG,32090,C,3,419,411,8,214,206,8,0,213,1,454,240,93,120
6,BISTRITA-NASAUD,1,0,"CASA MUNICIPALA DE CULTURA ""GEORGE COSBUC"", STR. A.BERGER, NR.10",MUNICIPIUL BISTRITA,32394,M,1,1502,1485,17,849,827,17,5,848,1,1700,851,279,569
6,BISTRITA-NASAUD,2,0,"GALERIILE DE ARTA, PIATA MICA, NR.18",MUNICIPIUL BISTRITA,32394,M,1,1461,1450,11,741,724,11,6,732,9,1600,859,271,461
6,BISTRITA-NASAUD,3,0,"SCOALA GENERALA NR.2, STR. AL.ODOBESCU, NR.8",MUNICIPIUL BISTRITA,32394,M,1,1403,1375,28,774,713,28,33,766,8,1500,726,237,529
6,BISTRITA-NASAUD,4,0,"DIRECTIA FINANTELOR PUBLICE MUNICIPALE, STR. AL.ODOBESCU, NR.17",MUNICIPIUL BISTRITA,32394,M,1,1166,1153,13,575,559,13,3,573,2,1300,725,169,404
6,BISTRITA-NASAUD,5,0,"GRADINITA CU PROGRAM NORMAL NR. 6, ALEEA SIEULUI, NR.11B",MUNICIPIUL BISTRITA,32394,M,1,1537,1521,16,741,725,16,0,740,1,1700,959,225,515
6,BISTRITA-NASAUD,6,0,"CRESA NR.1, ALEEA SIEULUI, NR.11B",MUNICIPIUL BISTRITA,32394,M,1,1540,1518,22,694,669,22,3,691,3,1700,1006,163,528
6,BISTRITA-NASAUD,7,0,"SCOALA PROFESIONALA ""SFANTA MARIA"", B-DUL INDEPENDENTEI, NR.23",MUNICIPIUL BISTRITA,32394,M,1,1388,1373,15,754,660,15,79,753,1,1502,748,248,505
6,BISTRITA-NASAUD,8,0,"SCOALA GENERALA NR. 1 SEDIUL VECHI, B-DUL INDEPENDENTEI, NR.46",MUNICIPIUL BISTRITA,32394,M,1,1259,1241,18,541,523,18,0,537,4,1400,859,170,367
6,BISTRITA-NASAUD,9,0,"GRADINITA CU PROGRAM NORMAL NR.10, B-DUL INDEPENDENTEI NR.57",MUNICIPIUL BISTRITA,32394,M,1,1495,1480,15,738,723,15,0,737,1,1700,962,252,485
6,BISTRITA-NASAUD,10,0,"SCOALA GENERALA NR.5 ""LUCIAN BLAGA"", STR. GAROAFEI, NR.8",MUNICIPIUL BISTRITA,32394,M,1,1679,1661,18,822,801,18,3,819,3,1803,981,253,566
6,BISTRITA-NASAUD,11,0,"SCOALA GENERALA NR.5 ""LUCIAN BLAGA"", STR. GAROAFEI, NR.8",MUNICIPIUL BISTRITA,32394,M,1,1573,1559,14,698,681,14,3,692,6,1700,1002,229,463
6,BISTRITA-NASAUD,12,0,"SCOALA GENERALA NR.5 ""LUCIAN BLAGA"", STR. GAROAFEI NR.8",MUNICIPIUL BISTRITA,32394,M,1,1591,1568,23,799,775,23,1,795,4,1700,901,253,542
6,BISTRITA-NASAUD,13,0,"INTERNATUL GRUPULUI SCOLAR ""GRIGORE MOISIL"" (CORPUL B), STR. RODNEI, NR.23",MUNICIPIUL BISTRITA,32394,M,1,1301,1279,22,583,561,22,0,580,3,1401,818,198,382
6,BISTRITA-NASAUD,14,0,"GRADINITA NR.18 (GRUPUL SCOLAR ""GRIGORE MOISIL"" - CORPUL A), STR.RODNEI, NR.23",MUNICIPIUL BISTRITA,32394,M,1,1776,1754,22,741,716,22,3,739,2,1901,1160,235,504
6,BISTRITA-NASAUD,15,0,"GRUPUL SCOLAR ""GRIGORE MOISIL"" , STR. RODNEI, NR. 23",MUNICIPIUL BISTRITA,32394,M,1,1413,1402,11,678,667,11,0,676,2,1600,922,220,456
6,BISTRITA-NASAUD,16,0,"SCOALA GENERALA NR.1 SEDIUL NOU, STR. IMPARATUL TRAIAN",MUNICIPIUL BISTRITA,32394,M,1,1344,1323,21,687,666,21,0,686,1,1500,813,260,426
6,BISTRITA-NASAUD,17,0,"SALA DE SPORT A SCOLII GENERALE NR.1, ACCES DIN STR. IMPARATUL TRAIAN",MUNICIPIUL BISTRITA,32394,M,1,1548,1530,18,789,769,18,2,788,1,1699,910,279,509
6,BISTRITA-NASAUD,18,0,"GRADINITA CU PROGRAM PRELUNGIT NR. 2, STR. N. BALCESCU, NR. 38",MUNICIPIUL BISTRITA,32394,M,1,1460,1444,16,859,821,16,22,855,4,1397,538,346,509
6,BISTRITA-NASAUD,19,0,"GRADINITA NR. 14 ""TRENULETUL VESELIEI"", STR. RODNEI, NR.3",MUNICIPIUL BISTRITA,32394,M,1,1339,1306,33,1731,646,33,1052,1727,4,2102,371,502,1225
6,BISTRITA-NASAUD,20,0,"GRUPUL SCOLAR FORESTIER, STR. GAVRIL TRIPON, NR.22",MUNICIPIUL BISTRITA,32394,M,1,995,978,17,528,462,17,49,527,1,1098,570,217,310
6,BISTRITA-NASAUD,21,0,"SEDIUL SC ACI SA, STR. ZEFIRULUI, NR. 1",MUNICIPIUL BISTRITA,32394,M,1,1200,1170,30,641,611,30,0,635,6,1302,661,183,452
6,BISTRITA-NASAUD,22,0,"COLEGIUL NATIONAL ""ANDREI MURESANU"", B-DUL REPUBLICII, NR.26",MUNICIPIUL BISTRITA,32394,M,1,1433,1410,23,699,676,23,0,696,3,1583,884,238,458
6,BISTRITA-NASAUD,23,0,"GRADINITA NR. 11 ""CASUTA CU POVESTI"", STR. ZIMBRULUI, NR. 9",MUNICIPIUL BISTRITA,32394,M,1,1425,1410,15,719,702,15,2,714,5,1600,881,231,483
6,BISTRITA-NASAUD,24,0,"GRADINITA CU PROGRAM NORMAL NR. 15, STR. ZIMBRULUI, NR. 19",MUNICIPIUL BISTRITA,32394,M,1,1230,1218,12,492,480,12,0,488,4,1400,908,179,309
6,BISTRITA-NASAUD,25,0,"INTERNATUL COLEGIULUI NATIONAL ""LIVIU REBREANU"", STR. URSULUI NR. 3",MUNICIPIUL BISTRITA,32394,M,1,1411,1379,32,688,656,32,0,688,0,1500,812,224,464
6,BISTRITA-NASAUD,26,0,"COLEGIUL NATIONAL ""LIVIU REBREANU"", B-DUL REPUBLICII, NR. 8",MUNICIPIUL BISTRITA,32394,M,1,1509,1493,16,766,750,16,0,757,9,1699,933,261,496
6,BISTRITA-NASAUD,27,0,"GRADINITA CU PROGRAM NORMAL NR.9, STR. CRINILOR, NR. 4",MUNICIPIUL BISTRITA,32394,M,1,1419,1405,14,821,807,14,0,817,4,1600,779,262,555
6,BISTRITA-NASAUD,28,0,"COLEGIUL UNIVERSITAR BISTRITA, STR. A.MURESANU, NR. 3-5",MUNICIPIUL BISTRITA,32394,M,1,1200,1185,15,573,558,15,0,570,3,1300,727,243,327
6,BISTRITA-NASAUD,29,0,"COLEGIUL UNIVERSITAR BISTRITA, STR. A.MURESANU, NR. 3-5",MUNICIPIUL BISTRITA,32394,M,1,1586,1562,24,776,748,24,4,771,5,1300,524,235,536
6,BISTRITA-NASAUD,30,0,"SCOALA GENERALA NR. 4 - CORPUL A, STR. FLORILOR, NR. 3-5",MUNICIPIUL BISTRITA,32394,M,1,1299,1261,38,685,647,38,0,682,3,1400,715,211,471
6,BISTRITA-NASAUD,31,0,"SCOALA GENERALA NR. 4 - CORPUL B, STR. FLORILOR, NR. 3-5",MUNICIPIUL BISTRITA,32394,M,1,1446,1434,12,729,716,12,1,728,1,1600,871,262,466
6,BISTRITA-NASAUD,32,0,"GRADINITA CU PROGRAM NORMAL NR. 5, STR. MESTEACANULUI, NR. 15",MUNICIPIUL BISTRITA,32394,M,1,1466,1449,17,626,607,17,2,625,1,1600,974,210,415
6,BISTRITA-NASAUD,33,0,"GRADINITA CU PROGRAM PRELUNGIT NR. 12, STR. A.MURESANU, NR. 44A",MUNICIPIUL BISTRITA,32394,M,1,1540,1522,18,811,791,18,2,810,1,1693,882,267,543
6,BISTRITA-NASAUD,34,0,"GRADINITA CU PROGRAM NORMAL NR. 16, STR. CERBULUI, NR. 27",MUNICIPIUL BISTRITA,32394,M,1,1395,1379,16,736,717,16,3,732,4,1500,764,237,495
6,BISTRITA-NASAUD,35,0,"SCOALA GENERALA NR. 3 ""AVRAM IANCU"", STR. 1 DECEMBRIE, NR. 27-29",MUNICIPIUL BISTRITA,32394,M,1,1521,1503,18,808,789,18,1,808,0,1700,892,292,516
6,BISTRITA-NASAUD,36,0,"SCOALA GENERALA NR. 3 ""AVRAM IANCU"", STR. 1 DECEMBRIE, NR. 27-29",MUNICIPIUL BISTRITA,32394,M,1,1373,1350,23,717,691,23,3,714,3,1499,782,247,467
6,BISTRITA-NASAUD,37,0,"GRADINITA CU PROGRAM NORMAL NR. 13, STR. PETRE ISPIRESCU, NR. 10A",MUNICIPIUL BISTRITA,32394,M,1,1547,1524,23,877,853,23,1,873,4,1700,823,242,631
6,BISTRITA-NASAUD,38,0,"SCOALA GENERALA NR. 6 ""STEFAN CEL MARE"", B-DUL G-RAL GR. BALAN, NR. 36A",MUNICIPIUL BISTRITA,32394,M,1,1379,1344,35,750,715,35,0,748,2,1500,750,243,505
6,BISTRITA-NASAUD,39,0,"SCOALA GENERALA NR. 6 ""STEFAN CEL MARE"", B-DUL G-RAL GR. BALAN, NR. 36A",MUNICIPIUL BISTRITA,32394,M,1,1446,1413,33,746,713,33,0,744,2,1600,854,221,523
6,BISTRITA-NASAUD,40,0,"GRADINITA CU PROGRAM PRELUNGIT NR. 3, ALEEA PLAIESULUI, NR. 2",MUNICIPIUL BISTRITA,32394,M,1,1530,1511,19,798,776,19,3,796,2,1700,902,218,578
6,BISTRITA-NASAUD,41,0,"CRESA NR. 3, ALEEA PLAIESULUI, NR. 2",MUNICIPIUL BISTRITA,32394,M,1,1359,1346,13,615,599,13,3,611,4,1500,885,195,416
6,BISTRITA-NASAUD,42,0,"SC PRODITERM SA SALA DE SEDINTE, STR. PARCULUI NR. 1",MUNICIPIUL BISTRITA,32394,M,1,1592,1556,36,891,855,36,0,887,4,1700,809,254,633
6,BISTRITA-NASAUD,43,0,"SEDIUL ASOC. ""ROTARY CLUB"" (FOST SEDIU FLORARIE), STR. GRANICERILOR, NR. 1",MUNICIPIUL BISTRITA,32394,M,1,1487,1439,48,785,711,48,26,779,6,1598,813,216,563
6,BISTRITA-NASAUD,44,0,"GRADINITA CU PROGRAM PRELUNGIT NR. 4, STR. BIRGAULUI, NR. 12",MUNICIPIUL BISTRITA,32394,M,1,1500,1483,17,731,713,17,1,725,6,1600,869,209,516
6,BISTRITA-NASAUD,45,0,"GR. SCOLAR DE INFORMATICA SI ELECTROTEHNICA-ELECTRONICA, CALEA MOLDOVEI, NR.18",MUNICIPIUL BISTRITA,32394,M,1,1637,1619,18,739,717,18,4,736,3,1800,1061,208,528
6,BISTRITA-NASAUD,46,0,"LICEUL CU PROGRAM SPORTIV, CALEA MOLDOVEI, NR. 18",MUNICIPIUL BISTRITA,32394,M,1,1637,1619,18,760,742,18,0,757,3,1800,1040,238,519
6,BISTRITA-NASAUD,47,0,SCOALA GENERALA UNIREA,MUNICIPIUL BISTRITA,32394,M,1,1482,1462,20,755,732,20,3,743,12,1600,845,252,491
6,BISTRITA-NASAUD,48,0,"SCOALA GENERALA ""DIMITRIE COJOCARU"" SLATINITA",MUNICIPIUL BISTRITA,32394,M,1,495,483,12,236,224,12,0,231,5,500,264,167,64
6,BISTRITA-NASAUD,49,0,SCOALA GENERALA GHINDA,MUNICIPIUL BISTRITA,32394,M,1,538,526,12,266,254,12,0,265,1,600,334,133,132
6,BISTRITA-NASAUD,50,0,SCOALA GENERALA SIGMIR,MUNICIPIUL BISTRITA,32394,M,1,543,509,34,294,259,34,1,286,8,600,306,183,103
6,BISTRITA-NASAUD,51,0,SCOALA GENERALA VIISOARA,MUNICIPIUL BISTRITA,32394,M,1,1195,1175,20,607,585,20,2,604,3,1300,693,252,352
6,BISTRITA-NASAUD,52,0,SCOALA GENERALA SARATA,MUNICIPIUL BISTRITA,32394,M,1,722,710,12,356,339,12,5,348,8,797,441,216,132
6,BISTRITA-NASAUD,53,1,"SPITALUL JUDETEAN BISTRITA-NASAUD, B-DUL G-RAL GRIGORE BALAN, NR. 43",MUNICIPIUL BISTRITA,32394,M,1,11,0,11,290,0,11,279,288,2,300,10,137,151
6,BISTRITA-NASAUD,54,1,"CERCUL MILITAR, STR. PARCULUI, NR. 2",MUNICIPIUL BISTRITA,32394,M,1,17,0,17,148,0,17,131,146,2,200,52,56,90
6,BISTRITA-NASAUD,55,0,"SALA DE CASATORII, STR. 1 DECEMBRIE 1918, NR. 2",ORAS BECLEAN,32483,O,1,1280,1271,9,729,717,9,3,724,5,1400,671,289,435
6,BISTRITA-NASAUD,56,0,"CAMINUL SPITAL BECLEAN, STR. 1 DECEMBRIE 1918, NR. 43",ORAS BECLEAN,32483,O,1,1278,1260,18,736,700,18,18,732,4,1391,655,356,376
6,BISTRITA-NASAUD,57,0,"CLUBUL ELEVILOR BECLEAN, STR. ALEEA GARII, NR. 10",ORAS BECLEAN,32483,O,1,1863,1848,15,1172,924,15,233,1171,1,2000,828,491,680
6,BISTRITA-NASAUD,58,0,"SCOALA GENERALA ""GRIGORE SILASI"" BECLEAN, P-TA LIBERTATII, NR. 19",ORAS BECLEAN,32483,O,1,1364,1356,8,806,781,8,17,797,9,1500,694,373,424
6,BISTRITA-NASAUD,59,0,"CASA DE CULTURA ""R. SAPLACAN"" BECLEAN, STR. AL. GHIOCELULUI, NR. 6",ORAS BECLEAN,32483,O,1,1432,1425,7,712,702,7,3,707,5,1600,888,318,389
6,BISTRITA-NASAUD,60,0,"SCOALA GENERALA BECLENUT, BECLEAN, STR. BECLENUT",ORAS BECLEAN,32483,O,1,315,308,7,193,185,7,1,192,1,400,207,100,92
6,BISTRITA-NASAUD,61,0,SCOALA GENERALA VALEA VIILOR,ORAS BECLEAN,32483,O,1,326,318,8,185,172,8,5,183,2,400,215,113,70
6,BISTRITA-NASAUD,62,0,SCOALA GENERALA COLDAU,ORAS BECLEAN,32483,O,1,578,570,8,294,286,8,0,291,3,700,406,156,135
6,BISTRITA-NASAUD,63,0,SCOALA GENERALA FIGA,ORAS BECLEAN,32483,O,1,392,385,7,281,274,7,0,281,0,500,219,199,82
6,BISTRITA-NASAUD,64,0,SCOALA GENERALA RUSU DE JOS,ORAS BECLEAN,32483,O,1,302,291,11,182,171,11,0,179,3,400,218,115,64
6,BISTRITA-NASAUD,65,1,"SPITALUL ORASENESC BECLEAN, STR. 1 DECEMBRIE, NR. 63",ORAS BECLEAN,32483,O,1,10,0,10,87,0,10,77,83,4,200,113,36,47
6,BISTRITA-NASAUD,66,0,"CASA DE CULTURA ""LIVIU REBREANU"", STR. PIATA UNIRII, NR. 2",ORAS NASAUD,32544,O,1,1479,1469,10,796,786,10,0,782,14,1600,804,283,499
6,BISTRITA-NASAUD,67,0,"SCOALA GENERALA NR. 1, B-DUL GRANICERILOR, NR. 15",ORAS NASAUD,32544,O,1,1430,1420,10,817,707,10,100,813,4,1596,779,335,478
6,BISTRITA-NASAUD,68,0,"GRUP SCOLAR ECONOMIC ADMINISTRATIV SI DE SERVICII, B-DUL GRANICERILOR, NR. 2",ORAS NASAUD,32544,O,1,1145,1134,11,481,470,11,0,479,2,1300,819,196,283
6,BISTRITA-NASAUD,69,0,"GRUP SCOLAR SILVIC, STR. GARII, NR. 11",ORAS NASAUD,32544,O,1,1746,1735,11,779,767,11,1,777,2,1900,1121,304,473
6,BISTRITA-NASAUD,70,0,"AUTOGARA CALATORI, STR. GARII, NR. 1",ORAS NASAUD,32544,O,1,1478,1447,31,782,555,31,196,781,1,1600,818,293,488
6,BISTRITA-NASAUD,71,0,"SCOALA GENERALA VALEA SPINULUI, STR. GEORGE COSBUC, NR. 184",ORAS NASAUD,32544,O,1,904,899,5,470,464,5,1,461,9,999,529,204,257
6,BISTRITA-NASAUD,72,0,"CAMINUL CULTURAL LUSCA, NR. 185",ORAS NASAUD,32544,O,1,546,537,9,321,308,9,4,320,1,600,279,120,200
6,BISTRITA-NASAUD,73,0,"SCOALA GENERALA LIVIU REBREANU, NR. 141",ORAS NASAUD,32544,O,1,675,669,6,447,440,6,1,441,6,700,253,211,230
6,BISTRITA-NASAUD,74,0,"SCOALA GENERALA NR. 1, STR. REPUBLICII, NR. 38",ORAS SANGEORZ-BAI,32599,O,1,1427,1419,8,745,732,8,5,742,3,1600,855,313,429
6,BISTRITA-NASAUD,75,0,"CLUBUL TINERETULUI, STR. CARPATILOR, NR. 8",ORAS SANGEORZ-BAI,32599,O,1,1506,1489,17,821,804,17,0,813,8,1600,779,325,488
6,BISTRITA-NASAUD,76,0,"SCOALA GENERALA NR. 1, STR. REPUBLICII, NR. 38",ORAS SANGEORZ-BAI,32599,O,1,1540,1523,17,747,730,17,0,744,3,1700,953,325,419
6,BISTRITA-NASAUD,77,0,"POLICLINICA BALNEARA VECHE, STR. IZVOARELOR, NR. 94",ORAS SANGEORZ-BAI,32599,O,1,1374,1365,9,737,651,9,77,736,1,1501,764,324,412
6,BISTRITA-NASAUD,78,0,"SCOALA GENERALA DIN STR. TEILOR, NR. 4",ORAS SANGEORZ-BAI,32599,O,1,1503,1493,10,610,598,10,2,606,4,1700,1090,320,286
6,BISTRITA-NASAUD,79,0,"SCOALA GENERALA CORMAIA, NR. 138",ORAS SANGEORZ-BAI,32599,O,1,563,557,6,231,225,6,0,229,2,600,369,142,87
6,BISTRITA-NASAUD,80,0,"PRIMARIA COMUNEI BISTRITA-BIRGAULUI, NR. 1326",BISTRITA BARGAULUI,32633,C,3,1317,1315,2,675,658,2,15,668,7,1500,825,220,448
6,BISTRITA-NASAUD,81,0,"SALA DE NUNTI DIN BISTRITA-BIRGAULUI, PUSTA, NR. 414",BISTRITA BARGAULUI,32633,C,3,1853,1834,19,770,751,19,0,760,10,2000,1230,266,494
6,BISTRITA-NASAUD,82,0,"SCOALA GENERALA COLIBITA, NR. 84",BISTRITA BARGAULUI,32633,C,3,271,260,11,106,95,11,0,105,1,300,194,55,50
6,BISTRITA-NASAUD,83,0,PRIMARIA COMUNEI BRANISTEA,BRANISTEA,32660,C,3,1001,998,3,519,516,3,0,515,4,1100,581,254,261
6,BISTRITA-NASAUD,84,0,CAMINUL CULTURAL CIRESOAIA,BRANISTEA,32660,C,3,1327,1320,7,1083,1076,7,0,1081,2,1493,410,907,174
6,BISTRITA-NASAUD,85,0,CAMINUL CULTURAL MALUT,BRANISTEA,32660,C,3,519,514,5,316,311,5,0,312,4,600,284,187,125
6,BISTRITA-NASAUD,86,0,"PRIMARIA COMUNEI BUDACU DE JOS, NR. 251",BUDACU DE JOS,32704,C,3,724,715,9,332,322,9,1,327,5,802,470,246,81
6,BISTRITA-NASAUD,87,0,"SCOALA GENERALA BUDUS, NR. 200",BUDACU DE JOS,32704,C,3,467,453,14,273,252,14,7,270,3,499,226,168,102
6,BISTRITA-NASAUD,88,0,"GRADINITA DE COPII JELNA, NR. 109",BUDACU DE JOS,32704,C,3,590,582,8,295,278,8,9,290,5,697,402,182,108
6,BISTRITA-NASAUD,89,0,"SCOALA GENERALA MONARIU, NR. 126",BUDACU DE JOS,32704,C,3,327,317,10,191,181,10,0,189,2,400,209,104,85
6,BISTRITA-NASAUD,90,0,"SCOALA GENERALA SIMIONESTI, NR. 19",BUDACU DE JOS,32704,C,3,188,176,12,118,106,12,0,118,0,200,82,58,60
6,BISTRITA-NASAUD,91,0,"SCOALA GENERALA BUDESTI, NR. 252",BUDESTI,32768,C,3,598,591,7,319,308,7,4,313,6,696,377,190,123
6,BISTRITA-NASAUD,92,0,"SCOALA GENERALA BUDESTI-FINATE, NR. 31",BUDESTI,32768,C,3,273,251,22,199,168,22,9,194,5,300,101,108,86
6,BISTRITA-NASAUD,93,0,"SCOALA GENERALA TAGU, NR. 210",BUDESTI,32768,C,3,595,585,10,268,255,10,3,266,2,700,432,190,76
6,BISTRITA-NASAUD,94,0,"SCOALA GENERALA TAGSORU, NR. 108",BUDESTI,32768,C,3,285,263,22,156,121,22,13,154,2,301,145,102,52
6,BISTRITA-NASAUD,95,0,PRIMARIA COMUNEI CAIANU MIC,CAIANU MIC,32811,C,3,1209,1207,2,545,543,2,0,537,8,1299,754,360,177
6,BISTRITA-NASAUD,96,0,SCOALA GENERALA CAIANU MARE,CAIANU MIC,32811,C,3,500,494,6,250,244,6,0,246,4,600,350,178,68
6,BISTRITA-NASAUD,97,0,GRADINITA DOBRIC,CAIANU MIC,32811,C,3,842,839,3,381,364,3,14,380,1,903,522,267,113
6,BISTRITA-NASAUD,98,0,SCOALA GENERALA CICEU-POIENI,CAIANU MIC,32811,C,3,658,656,2,329,322,2,5,326,3,700,371,185,141
6,BISTRITA-NASAUD,99,0,"PRIMARIA COMUNEI CETATE, SATU NOU, NR. 53",CETATE,32884,C,3,563,552,11,288,277,11,0,284,4,600,312,160,124
6,BISTRITA-NASAUD,100,0,"SCOALA GENERALA CLASELE I-IV, PETRIS, NR. 290",CETATE,32884,C,3,861,846,15,370,355,15,0,364,6,900,530,199,165
6,BISTRITA-NASAUD,101,0,"CAMINUL CULTURAL ORHEIU BISTRITEI, NR. 27",CETATE,32884,C,3,472,464,8,234,226,8,0,232,2,497,263,126,106
6,BISTRITA-NASAUD,102,0,"PRIMARIA COMUNEI CHIOCHIS, CHIOCHIS, NR. 17",CHIOCHIS,33015,C,3,380,378,2,227,221,2,4,225,2,400,173,145,80
6,BISTRITA-NASAUD,103,0,"SCOALA GENERALA APATIU, NR. 50",CHIOCHIS,33015,C,3,270,266,4,165,161,4,0,165,0,300,135,96,69
6,BISTRITA-NASAUD,104,0,"CAMINUL CULTURAL BOZIES, NR. 31",CHIOCHIS,33015,C,3,574,567,7,290,283,7,0,287,3,600,310,170,117
6,BISTRITA-NASAUD,105,0,"SCOALA GENERALA TENTEA, NR. 123",CHIOCHIS,33015,C,3,161,154,7,80,73,7,0,76,4,203,123,40,36
6,BISTRITA-NASAUD,106,0,"SCOALA GENERALA SINNICOARA, NR. 69",CHIOCHIS,33015,C,3,140,134,6,82,76,6,0,79,3,200,118,53,26
6,BISTRITA-NASAUD,107,0,"SCOALA GENERALA MANIC, NR. 87A",CHIOCHIS,33015,C,3,237,231,6,143,127,6,10,141,2,300,157,75,66
6,BISTRITA-NASAUD,108,0,"FOSTUL SEDIU CAP JIMBOR, NR. 249",CHIOCHIS,33015,C,3,461,456,5,225,220,5,0,223,2,500,275,177,46
6,BISTRITA-NASAUD,109,0,"SCOALA GENERALA CHETIU, NR. 27",CHIOCHIS,33015,C,3,292,287,5,139,134,5,0,138,1,300,161,97,41
6,BISTRITA-NASAUD,110,0,"SCOALA GENERALA STRUGURENI, NR. 104",CHIOCHIS,33015,C,3,200,194,6,138,132,6,0,138,0,196,58,122,16
6,BISTRITA-NASAUD,111,0,"SCOALA GENERALA BUZA CATUN, NR. 7",CHIOCHIS,33015,C,3,135,128,7,83,76,7,0,83,0,200,117,63,20
6,BISTRITA-NASAUD,112,0,"CAMINUL CULTURAL CHIUZA, NR. 18",CHIUZA,33122,C,3,686,685,1,409,402,1,6,404,5,800,391,212,192
6,BISTRITA-NASAUD,113,0,"CAMINUL CULTURAL SASARM, NR. 189",CHIUZA,33122,C,3,570,563,7,329,319,7,3,327,2,600,271,134,193
6,BISTRITA-NASAUD,114,0,"CAMINUL CULTURAL PIATRA, NR. 46",CHIUZA,33122,C,3,403,398,5,221,216,5,0,220,1,500,279,115,105
6,BISTRITA-NASAUD,115,0,"CAMINUL CULTURAL MIRES, NR. 11",CHIUZA,33122,C,3,127,121,6,84,78,6,0,84,0,200,116,60,24
6,BISTRITA-NASAUD,116,0,SCOALA GENERALA CICEU-GIURGESTI,CICEU-GIURGESTI,32955,C,3,849,846,3,479,475,3,1,475,4,900,421,297,178
6,BISTRITA-NASAUD,117,0,SCOALA GENERALA DUMBRAVENI,CICEU-GIURGESTI,32955,C,3,625,618,7,360,353,7,0,358,2,700,340,246,112
6,BISTRITA-NASAUD,118,0,"SCOALA GENERALA ""GEORGE COSBUC""",COSBUC,33177,C,3,1626,1622,4,819,815,4,0,808,11,1800,981,612,196
6,BISTRITA-NASAUD,119,0,"SCOALA GENERALA DUMITRA, NR. 5",DUMITRA,33202,C,3,1328,1322,6,610,602,6,2,596,14,1499,889,311,285
6,BISTRITA-NASAUD,120,0,"SCOALA GENERALA DUMITRA, NR. 5",DUMITRA,33202,C,3,736,726,10,293,281,10,2,289,4,800,507,137,152
6,BISTRITA-NASAUD,121,0,"SCOALA GENERALA CEPARI, NR. 73",DUMITRA,33202,C,3,694,676,18,330,311,18,1,326,4,798,468,188,138
6,BISTRITA-NASAUD,122,0,"SCOALA GENERALA TARPIU, NR. 270",DUMITRA,33202,C,3,725,709,16,298,282,16,0,294,4,800,502,171,123
6,BISTRITA-NASAUD,123,0,"PRIMARIA COMUNEI DUMITRITA, NR. 145",DUMITRITA,179686,C,3,839,829,10,392,381,10,1,384,8,900,508,149,235
6,BISTRITA-NASAUD,124,0,"SCOALA GENERALA BUDACU DE SUS, NR. 64",DUMITRITA,179686,C,3,1262,1250,12,646,634,12,0,636,10,1400,754,333,303
6,BISTRITA-NASAUD,125,0,SCOALA GENERALA NR. 1 CORP A,FELDRU,33248,C,3,1565,1551,14,610,595,14,1,601,9,1700,1090,289,312
6,BISTRITA-NASAUD,126,0,SCOALA GENERALA NR. 1 CORP B,FELDRU,33248,C,3,1259,1250,9,454,444,9,1,453,1,1400,946,226,227
6,BISTRITA-NASAUD,127,0,"CAMINUL CULTURAL FELDRU, NR. 782",FELDRU,33248,C,3,1544,1536,8,579,571,8,0,570,9,1700,1121,301,269
6,BISTRITA-NASAUD,128,0,"SCOALA GENERALA CLASELE I-IV FELDRU, NR. 1420",FELDRU,33248,C,3,247,240,7,93,86,7,0,92,1,300,207,62,30
6,BISTRITA-NASAUD,129,0,SCOALA GENERALA NR. 1 NEPOS,FELDRU,33248,C,3,1394,1369,25,570,545,25,0,566,4,1500,930,259,307
6,BISTRITA-NASAUD,130,0,PRIMARIA COMUNEI GALATII BISTRITEI,GALATII BISTRITEI,33275,C,3,496,493,3,275,262,3,10,271,4,603,328,176,95
6,BISTRITA-NASAUD,131,0,SCOALA GENERALA ALBESTII BISTRITEI,GALATII BISTRITEI,33275,C,3,155,145,10,91,81,10,0,88,3,200,109,64,24
6,BISTRITA-NASAUD,132,0,SCOALA GENERALA DIPSA,GALATII BISTRITEI,33275,C,3,698,679,19,343,317,19,7,340,3,700,357,215,125
6,BISTRITA-NASAUD,133,0,CAMINUL CULTURAL HERINA,GALATII BISTRITEI,33275,C,3,404,393,11,259,241,11,7,256,3,480,221,195,61
6,BISTRITA-NASAUD,134,0,SCOALA GENERALA TONCIU,GALATII BISTRITEI,33275,C,3,201,192,9,123,113,9,1,120,3,300,177,99,21
6,BISTRITA-NASAUD,135,0,"PRIMARIA COMUNEI ILVA MARE, NR. 243",ILVA MARE,33337,C,3,2024,2017,7,825,818,7,0,819,6,2200,1375,380,439
6,BISTRITA-NASAUD,136,0,PRIMARIA COMUNEI ILVA MICA,ILVA MICA,33364,C,3,1700,1636,64,513,449,64,0,502,11,1800,1287,223,279
6,BISTRITA-NASAUD,137,0,"SCOALA GENERALA NR. 1, ILVA MICA",ILVA MICA,33364,C,3,1337,1153,184,604,420,183,1,601,3,1300,696,267,334
6,BISTRITA-NASAUD,138,0,"CAMINUL CULTURAL JOSENII BIRGAULUI, NR. 153",JOSENII BARGAULUI,33382,C,3,1597,1588,9,766,757,9,0,750,16,1794,1028,302,448
6,BISTRITA-NASAUD,139,0,"CAMINUL CULTURAL MIJLOCENII BIRGAULUI, NR. 76",JOSENII BARGAULUI,33382,C,3,1333,1326,7,635,625,7,3,614,21,1503,868,311,303
6,BISTRITA-NASAUD,140,0,"CAMINUL CULTURAL RUSU BIRGAULUI, NR. 239",JOSENII BARGAULUI,33382,C,3,739,726,13,422,408,13,1,418,4,797,375,240,178
6,BISTRITA-NASAUD,141,0,"SCOALA CLASELE I-IV STRIMBA, NR. 70",JOSENII BARGAULUI,33382,C,3,240,224,16,125,109,16,0,124,1,300,175,73,51
6,BISTRITA-NASAUD,142,0,PRIMARIA COMUNEI LECHINTA,LECHINTA,33435,C,3,1398,1382,16,660,644,16,0,655,5,1492,832,410,245
6,BISTRITA-NASAUD,143,0,SCOALA PROFESIONALA LECHINTA,LECHINTA,33435,C,3,837,828,9,440,430,9,1,439,1,900,460,271,168
6,BISTRITA-NASAUD,144,0,SCOALA NOUA CHIRALES,LECHINTA,33435,C,3,381,379,2,162,157,2,3,162,0,396,234,87,75
6,BISTRITA-NASAUD,145,0,CAMINUL CULTURAL SINIACOB,LECHINTA,33435,C,3,203,191,12,122,110,12,0,120,2,300,178,81,39
6,BISTRITA-NASAUD,146,0,CAMINUL CULTURAL TIGAU,LECHINTA,33435,C,3,357,347,10,204,194,10,0,201,3,400,196,154,47
6,BISTRITA-NASAUD,147,0,CAMINUL CULTURAL VERMES,LECHINTA,33435,C,3,732,719,13,353,338,13,2,350,3,795,442,284,66
6,BISTRITA-NASAUD,148,0,CAMINUL CULTURAL SINGEORZU NOU,LECHINTA,33435,C,3,836,819,17,397,380,17,0,393,4,901,504,278,115
6,BISTRITA-NASAUD,149,0,"IMOBILUL NR. 132 A, LESU (FOSTUL SEDIU AL PRIMARIEI)",LESU,33514,C,3,1389,1388,1,577,553,1,23,573,4,1500,923,402,171
6,BISTRITA-NASAUD,150,0,"SCOALA GENERALA NR. 2 LUNCA LESULUI, NR. 254 A",LESU,33514,C,3,896,889,7,259,249,7,3,255,4,1001,742,142,113
6,BISTRITA-NASAUD,151,0,PRIMARIA COMUNEI LIVEZILE,LIVEZILE,33541,C,3,1241,1222,19,551,530,19,2,544,7,1400,849,177,367
6,BISTRITA-NASAUD,152,0,SCOALA GENERALA LIVEZILE,LIVEZILE,33541,C,3,829,806,23,384,361,23,0,382,2,896,512,141,241
6,BISTRITA-NASAUD,153,0,SCOALA GENERALA DOROLEA,LIVEZILE,33541,C,3,561,552,9,268,259,9,0,261,7,596,328,136,125
6,BISTRITA-NASAUD,154,0,SCOALA GENERALA CUSMA,LIVEZILE,33541,C,3,497,485,12,259,247,12,0,252,7,500,241,134,118
6,BISTRITA-NASAUD,155,0,SCOALA GENERALA VALEA POIENII,LIVEZILE,33541,C,3,117,102,15,78,63,15,0,77,1,200,122,48,29
6,BISTRITA-NASAUD,156,0,SCOALA GENERALA DUMBRAVA,LIVEZILE,33541,C,3,189,179,10,116,106,10,0,115,1,200,84,43,72
6,BISTRITA-NASAUD,157,0,"CAMINUL CULTURAL LUNCA ILVEI, NR. 914",LUNCA ILVEI,33603,C,3,1852,1841,11,814,803,11,0,806,8,2000,1186,319,487
6,BISTRITA-NASAUD,158,0,"SCOALA GENERALA NR. 4 ILIUTA, LUNCA ILVEI, NR. 282",LUNCA ILVEI,33603,C,3,772,759,13,315,299,13,3,310,5,800,485,112,198
6,BISTRITA-NASAUD,159,0,"SCOALA PROFESIONALA MAIERU, NR. 1201",MAIERU,33621,C,3,1599,1590,9,863,853,9,1,858,5,1800,937,259,599
6,BISTRITA-NASAUD,160,0,"SCOALA GENERALA NR. 3 MAIERU, NR. 201",MAIERU,33621,C,3,1462,1450,12,669,657,12,0,664,5,1600,931,230,434
6,BISTRITA-NASAUD,161,0,"CAMINUL CULTURAL ""GREGORIU HANGEA"" MAIERU, NR. 831",MAIERU,33621,C,3,1520,1519,1,780,777,1,2,776,4,1700,920,266,510
6,BISTRITA-NASAUD,162,0,"SCOALA GENERALA ANIES, NR. 60",MAIERU,33621,C,3,1191,1185,6,663,574,6,83,661,2,1300,637,315,346
6,BISTRITA-NASAUD,163,0,SCOALA GENERALA MATEI,MATEI,33658,C,3,618,612,6,370,362,6,2,364,6,704,334,255,109
6,BISTRITA-NASAUD,164,0,SCOALA GENERALA MORUT,MATEI,33658,C,3,206,202,4,108,103,4,1,107,1,300,192,84,23
6,BISTRITA-NASAUD,165,0,SCOALA GENERALA FINTINELE,MATEI,33658,C,3,571,565,6,288,279,6,3,283,5,600,312,181,102
6,BISTRITA-NASAUD,166,0,SCOALA GENERALA CORVINESTI,MATEI,33658,C,3,666,659,7,387,379,7,1,382,5,696,309,261,121
6,BISTRITA-NASAUD,167,0,SCOALA GENERALA BIDIU,MATEI,33658,C,3,225,219,6,125,118,6,1,124,1,300,175,100,24
6,BISTRITA-NASAUD,168,0,SCOALA GENERALA ENCIU,MATEI,33658,C,3,220,214,6,137,123,6,8,133,4,300,163,77,56
6,BISTRITA-NASAUD,169,0,"CAMINUL CULTURAL MAGURA ILVEI, NR. 420",MAGURA ILVEI,33729,C,3,1431,1425,6,662,655,6,1,655,7,1600,938,289,366
6,BISTRITA-NASAUD,170,0,"SCOALA PRIMARA ARSITA, NR. 90",MAGURA ILVEI,33729,C,3,342,336,6,171,165,6,0,171,0,400,229,90,81
6,BISTRITA-NASAUD,171,0,"PRIMARIA COMUNEI MARISELU, NR. 1",MARISELU,33765,C,3,582,578,4,308,301,4,3,307,1,600,292,151,156
6,BISTRITA-NASAUD,172,0,"SCOALA GENERALA DOMNESTI, NR. 162",MARISELU,33765,C,3,610,589,21,346,320,21,5,342,4,700,354,262,80
6,BISTRITA-NASAUD,173,0,"CAMINUL CULTURAL BIRLA, NR. 95",MARISELU,33765,C,3,317,312,5,198,193,5,0,196,2,400,202,139,57
6,BISTRITA-NASAUD,174,0,"GRADINITA SINTIOANA, NR. 2",MARISELU,33765,C,3,434,429,5,247,242,5,0,244,3,501,254,176,68
6,BISTRITA-NASAUD,175,0,"ASOCIATIA AGRICOLA JEICA, NR. 127",MARISELU,33765,C,3,97,89,8,69,50,8,11,67,2,200,131,51,16
6,BISTRITA-NASAUD,176,0,CAMINUL CULTURAL MICESTII DE CIMPIE,MICESTII DE CAMPIE,33845,C,3,342,331,11,199,188,11,0,191,8,400,201,143,48
6,BISTRITA-NASAUD,177,0,SCOALA GENERALA FINTINITA,MICESTII DE CAMPIE,33845,C,3,398,391,7,188,181,7,0,186,2,500,312,112,74
6,BISTRITA-NASAUD,178,0,CAMINUL CULTURAL VISUIA,MICESTII DE CAMPIE,33845,C,3,421,416,5,192,187,5,0,186,6,500,308,150,36
6,BISTRITA-NASAUD,179,0,PRIMARIA COMUNEI MILAS,MILAS,33881,C,3,727,721,6,367,357,6,4,363,4,800,433,217,146
6,BISTRITA-NASAUD,180,0,SCOALA GENERALA CLASELE I-IV OROSFAIA,MILAS,33881,C,3,408,402,6,219,207,6,6,214,5,500,281,131,83
6,BISTRITA-NASAUD,181,0,CASTELUL COMLOD,MILAS,33881,C,3,161,148,13,98,85,13,0,98,0,200,102,81,17
6,BISTRITA-NASAUD,182,0,CAMINUL CULTURAL MONOR,MONOR,33952,C,3,836,832,4,530,526,4,0,528,2,900,370,305,223
6,BISTRITA-NASAUD,183,0,CAMINUL CULTURAL GLEDIN,MONOR,33952,C,3,501,492,9,301,292,9,0,296,5,600,299,153,143
6,BISTRITA-NASAUD,184,0,SCOALA GENERALA NEGRILESTI,NEGRILESTI,179659,C,3,1095,1089,6,674,668,6,0,670,4,1200,526,405,265
6,BISTRITA-NASAUD,185,0,SCOALA GENERALA PURCARETE,NEGRILESTI,179659,C,3,160,151,9,112,103,9,0,108,4,200,88,59,49
6,BISTRITA-NASAUD,186,0,"SCOALA GENERALA ""V.MOTOGNA"" BREAZA",NEGRILESTI,179659,C,3,827,823,4,383,368,4,11,380,3,900,517,284,96
6,BISTRITA-NASAUD,187,0,CAMINUL CULTURAL NIMIGEA DE JOS,NIMIGEA,33989,C,3,1260,1248,12,617,598,12,7,612,5,1400,783,272,340
6,BISTRITA-NASAUD,188,0,SCOALA GENERALA MOCOD,NIMIGEA,33989,C,3,563,557,6,313,307,6,0,307,6,600,287,158,149
6,BISTRITA-NASAUD,189,0,SCOALA GENERALA CLASELE I-IV MITITEI,NIMIGEA,33989,C,3,612,608,4,343,337,4,2,339,4,700,357,208,131
6,BISTRITA-NASAUD,190,0,SCOALA GENERALA NIMIGEA DE SUS,NIMIGEA,33989,C,3,516,508,8,313,304,8,1,311,2,600,287,194,117
6,BISTRITA-NASAUD,191,0,SCOALA GENERALA MINTIU,NIMIGEA,33989,C,3,383,373,10,210,200,10,0,207,3,400,190,125,82
6,BISTRITA-NASAUD,192,0,SCOALA GENERALA TAURE,NIMIGEA,33989,C,3,420,413,7,321,314,7,0,317,4,500,179,251,66
6,BISTRITA-NASAUD,193,0,SCOALA GENERALA MOGOSENI,NIMIGEA,33989,C,3,265,255,10,169,159,10,0,167,2,300,131,89,78
6,BISTRITA-NASAUD,194,0,SCOALA GENERALA FLORESTI,NIMIGEA,33989,C,3,364,357,7,210,201,7,2,208,2,400,190,123,85
6,BISTRITA-NASAUD,195,0,PRIMARIA COMUNEI NUSENI,NUSENI,34075,C,3,735,729,6,481,416,6,59,469,12,800,319,213,256
6,BISTRITA-NASAUD,196,0,SCOALA GENERALA MALIN,NUSENI,34075,C,3,445,437,8,249,241,8,0,247,2,500,251,177,70
6,BISTRITA-NASAUD,197,0,SCOALA GENERALA RUSU DE SUS,NUSENI,34075,C,3,246,240,6,176,170,6,0,172,4,300,124,89,83
6,BISTRITA-NASAUD,198,0,SCOALA GENERALA FELEAC,NUSENI,34075,C,3,324,316,8,196,187,8,1,194,2,400,204,89,105
6,BISTRITA-NASAUD,199,0,GRADINITA BEUDIU,NUSENI,34075,C,3,554,551,3,348,341,3,4,344,4,600,252,152,192
6,BISTRITA-NASAUD,200,0,SCOALA GENERALA VITA,NUSENI,34075,C,3,331,323,8,156,148,8,0,155,1,400,244,102,53
6,BISTRITA-NASAUD,201,0,"CAMINUL CULTURAL PARVA, NR. 162",PARVA,34155,C,3,1808,1806,2,664,659,2,3,653,11,2000,1336,414,239
6,BISTRITA-NASAUD,202,0,PRIMARIA COMUNEI PETRU RARES,PETRU RARES,34173,C,3,1516,1500,16,844,816,16,12,836,8,1700,856,447,389
6,BISTRITA-NASAUD,203,0,SCOALA PRIMARA RETEAG-POIENI,PETRU RARES,34173,C,3,658,650,8,258,249,8,1,254,4,700,442,173,81
6,BISTRITA-NASAUD,204,0,SCOALA PRIMARA BATA,PETRU RARES,34173,C,3,696,687,9,411,399,9,3,408,3,800,389,241,167
6,BISTRITA-NASAUD,205,0,GRADINITA CICEU-MIHAIESTI,PETRU RARES,34173,C,3,701,696,5,398,390,5,3,394,4,801,403,226,168
6,BISTRITA-NASAUD,206,0,SCOALA PRIMARA LELESTI,PETRU RARES,34173,C,3,180,167,13,114,101,13,0,110,4,207,93,50,60
6,BISTRITA-NASAUD,207,0,SCOALA PRIMARA CICEU-CORABIA,PETRU RARES,34173,C,3,164,155,9,80,71,9,0,80,0,200,120,58,22
6,BISTRITA-NASAUD,208,0,"SCOALA GENERALA ""SEVER POP"" POIANA ILVEI, NR. 412",POIANA  ILVEI,179720,C,3,1294,1289,5,760,740,5,15,749,11,1400,640,458,291
6,BISTRITA-NASAUD,209,0,"SCOALA GENERALA PRUNDU BIRGAULUI, NR. 953",PRUNDU BARGAULUI,34235,C,3,1938,1914,24,795,771,24,0,784,11,2100,1305,290,494
6,BISTRITA-NASAUD,210,0,"CAMINUL CULTURAL PRUNDU BIRGAULUI, NR. 952",PRUNDU BARGAULUI,34235,C,3,1897,1753,144,995,844,144,7,986,9,1898,903,281,705
6,BISTRITA-NASAUD,211,0,"SCOALA GENERALA PRUNDU BIRGAULUI, NR. 953",PRUNDU BARGAULUI,34235,C,3,498,492,6,258,236,6,16,258,0,600,342,78,180
6,BISTRITA-NASAUD,212,0,"CAMINUL CULTURAL SUSENII BIRGAULUI, NR. 295",PRUNDU BARGAULUI,34235,C,3,1129,1065,64,575,511,64,0,567,8,1200,625,180,387
6,BISTRITA-NASAUD,213,0,SCOALA GENERALA NR. 1 REBRA,REBRA,34262,C,3,969,969,0,355,353,0,2,348,7,1100,745,180,168
6,BISTRITA-NASAUD,214,0,PRIMARIA COMUNEI REBRA,REBRA,34262,C,3,1014,1008,6,375,361,6,8,362,13,1102,727,199,163
6,BISTRITA-NASAUD,215,0,PRIMARIA COMUNEI REBRISOARA,REBRISOARA,34280,C,3,1853,1848,5,712,707,5,0,700,12,2000,1288,341,359
6,BISTRITA-NASAUD,216,0,SCOALA GENERALA CLASELE I-IV REBRISOARA,REBRISOARA,34280,C,3,1088,1074,14,513,496,14,3,504,9,1200,687,302,202
6,BISTRITA-NASAUD,217,0,SCOALA GENERALA SAT GERSA I,REBRISOARA,34280,C,3,583,576,7,351,344,7,0,347,4,600,249,287,60
6,BISTRITA-NASAUD,218,0,SCOALA GENERALA SAT GERSA II,REBRISOARA,34280,C,3,206,196,10,157,133,10,14,151,6,300,143,108,43
6,BISTRITA-NASAUD,219,0,"SCOALA GENERALA NR. 2 ""FLORIAN PORCIUS"" RODNA, NR. 89",RODNA,34333,C,3,2021,2009,12,906,894,12,0,899,7,2198,1292,435,464
6,BISTRITA-NASAUD,220,0,"PRIMARIA COMUNEI RODNA, NR. 756",RODNA,34333,C,3,1589,1570,19,719,697,19,3,713,6,1700,981,347,366
6,BISTRITA-NASAUD,221,0,"CAMINUL CULTURAL ""GHERASIM DOMIDE"" RODNA, NR. 1192",RODNA,34333,C,3,1076,1071,5,450,445,5,0,439,11,1192,742,207,232
6,BISTRITA-NASAUD,222,0,"SCOALA GENERALA VALEA VINULUI, NR. 11",RODNA,34333,C,3,196,187,9,104,95,9,0,104,0,200,96,87,17
6,BISTRITA-NASAUD,223,0,PRIMARIA COMUNEI ROMULI,ROMULI,34360,C,3,1142,1126,16,475,459,16,0,470,5,1189,714,293,177
6,BISTRITA-NASAUD,224,0,SCOALA GENERALA DEALUL STEFANITEI,ROMULI,34360,C,3,295,232,63,153,90,63,0,152,1,300,147,76,76
6,BISTRITA-NASAUD,225,0,PRIMARIA COMUNEI SALVA,SALVA,34397,C,3,1172,1158,14,515,501,14,0,509,6,1300,785,280,229
6,BISTRITA-NASAUD,226,0,SCOALA GENERALA SALVA,SALVA,34397,C,3,1269,1218,51,667,616,51,0,662,5,1300,633,413,249
6,BISTRITA-NASAUD,227,0,SCOALA GENERALA RUNCU SALVEI,SALVA,34397,C,3,1114,1101,13,552,531,13,8,545,7,1200,642,351,194
6,BISTRITA-NASAUD,228,0,"CAMINUL CULTURAL VECHI, STR. PARCULUI, NR. 78, SILIVASU DE CIMPIE",SILIVASU DE CIMPIE,34422,C,3,989,983,6,477,469,6,2,473,4,1100,623,328,145
6,BISTRITA-NASAUD,229,0,"PRIMARIA COMUNEI SINMIHAIU DE CIMPIE, NR. 53",SANMIHAIU DE CIMPIE,34477,C,3,636,626,10,317,302,10,5,312,5,700,383,183,129
6,BISTRITA-NASAUD,230,0,"CAMINUL CULTURAL BRATENI, NR. 103",SANMIHAIU DE CIMPIE,34477,C,3,107,98,9,81,72,9,0,79,2,100,19,40,39
6,BISTRITA-NASAUD,231,0,"CAMINUL CULTURAL SALCUTA, NR. 141",SANMIHAIU DE CIMPIE,34477,C,3,129,122,7,69,60,7,2,67,2,200,131,35,32
6,BISTRITA-NASAUD,232,0,"CAMINUL CULTURAL STUPINI, NR. 20",SANMIHAIU DE CIMPIE,34477,C,3,223,217,6,104,92,6,6,101,3,300,196,58,43
6,BISTRITA-NASAUD,233,0,"CAMINUL CULTURAL ZORENI, NR. 131",SANMIHAIU DE CIMPIE,34477,C,3,312,306,6,201,190,6,5,199,2,400,199,132,67
6,BISTRITA-NASAUD,234,0,PRIMARIA COMUNEI SPERMEZEU,SPERMEZEU,34547,C,3,1508,1502,6,629,615,6,8,625,4,1700,1071,392,233
6,BISTRITA-NASAUD,235,0,SCOALA GENERALA SITA,SPERMEZEU,34547,C,3,315,311,4,152,148,4,0,152,0,399,247,98,54
6,BISTRITA-NASAUD,236,0,SCOALA GENERALA HALMASAU,SPERMEZEU,34547,C,3,254,244,10,95,85,10,0,94,1,300,205,56,38
6,BISTRITA-NASAUD,237,0,SCOALA GENERALA NR. 2 DUMBRAVITA,SPERMEZEU,34547,C,3,725,721,4,339,335,4,0,334,5,800,461,187,147
6,BISTRITA-NASAUD,238,0,SCOALA GENERALA DOBRICEL,SPERMEZEU,34547,C,3,491,489,2,256,254,2,0,253,3,600,344,188,65
6,BISTRITA-NASAUD,239,0,"GRADINITA NR. 1 SANT, NR. 80",SANT,34618,C,3,1330,1322,8,767,751,8,8,761,6,1500,733,423,338
6,BISTRITA-NASAUD,240,0,"CAMINUL CULTURAL SANT, NR. 724",SANT,34618,C,3,912,903,9,524,515,9,0,519,5,996,472,300,219
6,BISTRITA-NASAUD,241,0,"SCOALA CLASELE I-IV VALEA MARE, NR. 34",SANT,34618,C,3,219,213,6,136,130,6,0,134,2,300,164,56,78
6,BISTRITA-NASAUD,242,0,"CAMINUL CULTURAL SIEU, NR. 243",SIEU,34645,C,3,1183,1171,12,669,654,12,3,662,7,1300,631,331,331
6,BISTRITA-NASAUD,243,0,"SCOALA GENERALA NR. 2 ARDAN, NR. 212",SIEU,34645,C,3,650,644,6,328,322,6,0,327,1,700,372,195,132
6,BISTRITA-NASAUD,244,0,"SCOALA GENERALA NR. 2 POSMUS, NR. 129",SIEU,34645,C,3,590,586,4,311,294,4,13,307,4,700,389,153,154
6,BISTRITA-NASAUD,245,0,"CAMINUL CULTURAL SOIMUS, NR. 15",SIEU,34645,C,3,145,139,6,104,90,6,8,103,1,200,96,64,39
6,BISTRITA-NASAUD,246,0,SCOALA GENERALA SIEU-MAGHERUS,SIEU-MAGHERUS,34690,C,3,823,819,4,366,341,4,21,358,8,900,534,220,138
6,BISTRITA-NASAUD,247,0,CAMINUL CULTURAL CHINTELNIC,SIEU-MAGHERUS,34690,C,3,502,497,5,218,210,5,3,216,2,600,382,87,129
6,BISTRITA-NASAUD,248,0,SCOALA GENERALA CRAINIMAT,SIEU-MAGHERUS,34690,C,3,625,612,13,402,347,13,42,392,10,700,298,274,118
6,BISTRITA-NASAUD,249,0,SCOALA GENERALA SARATEL,SIEU-MAGHERUS,34690,C,3,389,379,10,205,177,10,18,203,2,400,195,114,89
6,BISTRITA-NASAUD,250,0,GRADINITA ARCALIA,SIEU-MAGHERUS,34690,C,3,566,553,13,313,264,13,36,311,2,600,287,161,150
6,BISTRITA-NASAUD,251,0,"PRIMARIA COMUNEI SIEU-ODORHEI, NR. 47",SIEU-ODORHEI,34770,C,3,609,601,8,287,279,8,0,282,5,700,413,171,111
6,BISTRITA-NASAUD,252,0,"CAMINUL CULTURAL AGRISU DE JOS, NR. 62 B",SIEU-ODORHEI,34770,C,3,317,310,7,164,157,7,0,162,2,400,236,126,36
6,BISTRITA-NASAUD,253,0,"SCOALA GENERALA AGRISU DE SUS, NR. 39",SIEU-ODORHEI,34770,C,3,165,156,9,117,108,9,0,113,4,200,83,52,61
6,BISTRITA-NASAUD,254,0,"CAMINUL CULTURAL BRETEA, NR. 22",SIEU-ODORHEI,34770,C,3,205,198,7,117,110,7,0,112,5,300,183,73,39
6,BISTRITA-NASAUD,255,0,"CAMINUL CULTURAL COASTA, NR. 60",SIEU-ODORHEI,34770,C,3,187,179,8,130,122,8,0,128,2,200,70,80,48
6,BISTRITA-NASAUD,256,0,"CAMINUL CULTURAL CRISTUR-SIEU, NR. 33",SIEU-ODORHEI,34770,C,3,378,368,10,248,188,10,50,245,3,400,152,112,133
6,BISTRITA-NASAUD,257,0,"SCOALA GENERALA SIRIOARA, NR. 14",SIEU-ODORHEI,34770,C,3,267,265,2,191,189,2,0,186,5,300,109,100,86
6,BISTRITA-NASAUD,258,0,"PRIMARIA COMUNEI SIEUT, NR. 197",SIEUT,34850,C,3,662,649,13,428,402,13,13,427,1,700,272,243,184
6,BISTRITA-NASAUD,259,0,"SCOALA GENERALA RUSTIOR, NR. 136",SIEUT,34850,C,3,495,482,13,293,280,13,0,290,3,600,307,125,165
6,BISTRITA-NASAUD,260,0,"CAMINUL CULTURAL SEBIS, NR. 36",SIEUT,34850,C,3,704,695,9,384,370,9,5,382,2,800,416,197,185
6,BISTRITA-NASAUD,261,0,"SCOALA GENERALA LUNCA, NR. 55",SIEUT,34850,C,3,325,316,9,183,168,9,6,183,0,401,218,91,92
6,BISTRITA-NASAUD,262,0,PRIMARIA COMUNEI SINTEREAG,SINTEREAG,34903,C,3,851,840,11,410,391,11,8,405,5,976,566,199,206
6,BISTRITA-NASAUD,263,0,CAMINUL CULTURAL CAILA,SINTEREAG,34903,C,3,272,266,6,194,188,6,0,192,2,302,108,121,71
6,BISTRITA-NASAUD,264,0,GRADINITA DE COPII COCIU,SINTEREAG,34903,C,3,954,942,12,520,507,12,1,519,1,1000,480,243,276
6,BISTRITA-NASAUD,265,0,CAMINUL CULTURAL BLAJENII DE JOS,SINTEREAG,34903,C,3,363,357,6,192,186,6,0,188,4,400,208,91,97
6,BISTRITA-NASAUD,266,0,SCOALA GENERALA BLAJENII DE SUS,SINTEREAG,34903,C,3,363,354,9,211,202,9,0,209,2,400,189,120,89
6,BISTRITA-NASAUD,267,0,SCOALA GENERALA SIEU-SFINTU,SINTEREAG,34903,C,3,378,372,6,281,270,6,5,278,3,400,119,184,94
6,BISTRITA-NASAUD,268,0,"CAMINUL CULTURAL ARCHIUD, NR. 32",TEACA,34985,C,3,625,617,8,303,294,8,1,303,0,700,397,201,102
6,BISTRITA-NASAUD,269,0,"CAMINUL CULTURAL BUDURLENI, NR. 82",TEACA,34985,C,3,123,112,11,74,63,11,0,74,0,200,126,47,27
6,BISTRITA-NASAUD,270,0,"CAMINUL CULTURAL OCNITA, NR. 323",TEACA,34985,C,3,1046,1037,9,490,473,9,8,480,10,1200,710,355,125
6,BISTRITA-NASAUD,271,0,"FOSTUL SEDIU CAP PINTICU, NR. 236",TEACA,34985,C,3,658,653,5,362,357,5,0,354,8,700,338,170,184
6,BISTRITA-NASAUD,272,0,"PRIMARIA COMUNEI TEACA, NR. 598",TEACA,34985,C,3,1722,1705,17,770,738,17,15,757,13,1900,1130,352,405
6,BISTRITA-NASAUD,273,0,"SCOALA GENERALA VIILE TECII, NR. 67",TEACA,34985,C,3,727,706,21,380,353,21,6,374,6,800,420,267,107
6,BISTRITA-NASAUD,274,0,GRADINITA DE COPII TELCIU,TELCIU,35054,C,3,1816,1804,12,812,800,12,0,804,8,2000,1188,375,429
6,BISTRITA-NASAUD,275,0,CAMINUL CULTURAL TELCIU,TELCIU,35054,C,3,1454,1425,29,680,640,29,11,673,7,1600,920,258,415
6,BISTRITA-NASAUD,276,0,SCOALA GENERALA TELCISOR,TELCIU,35054,C,3,860,823,37,325,288,37,0,320,5,900,575,136,184
6,BISTRITA-NASAUD,277,0,SCOALA GENERALA FIAD,TELCIU,35054,C,3,271,262,9,104,95,9,0,103,1,300,196,54,49
6,BISTRITA-NASAUD,278,0,SCOALA GENERALA BICHIGIU,TELCIU,35054,C,3,792,770,22,408,386,22,0,398,10,900,492,225,173
6,BISTRITA-NASAUD,279,0,"PRIMARIA COMUNEI TIHA BIRGAULUI, NR. 452",TIHA BARGAULUI,35090,C,3,1358,1332,26,576,548,26,2,571,5,1501,925,233,338
6,BISTRITA-NASAUD,280,0,"SCOALA GENERALA TUREAC, NR. 602",TIHA BARGAULUI,35090,C,3,1517,1497,20,748,728,20,0,744,4,1700,952,240,504
6,BISTRITA-NASAUD,281,0,"SCOAL GENERALA TUREAC, NR. 530",TIHA BARGAULUI,35090,C,3,359,349,10,140,130,10,0,136,4,400,260,67,69
6,BISTRITA-NASAUD,282,0,"SCOALA GENERALA MURESENII BIRGAULUI, NR. 320",TIHA BARGAULUI,35090,C,3,1320,1261,59,752,693,59,0,741,11,1400,648,208,533
6,BISTRITA-NASAUD,283,0,"SCOALA GENERALA PIATRA FINTINELE, NR. 62",TIHA BARGAULUI,35090,C,3,347,332,15,114,98,15,1,113,1,400,286,49,64
6,BISTRITA-NASAUD,284,0,SCOALA GENERALA TIRLISUA,TARLISUA,35152,C,3,1020,1016,4,460,454,4,2,458,2,1300,840,261,197
6,BISTRITA-NASAUD,285,0,SCOALA GENERALA BORLEASA,TARLISUA,35152,C,3,413,406,7,181,174,7,0,177,4,500,319,115,62
6,BISTRITA-NASAUD,286,0,SCOALA GENERALA LUNCA SATEASCA,TARLISUA,35152,C,3,307,303,4,105,101,4,0,105,0,400,295,45,60
6,BISTRITA-NASAUD,287,0,SCOALA GENERALA OARZINA,TARLISUA,35152,C,3,245,237,8,127,119,8,0,125,2,300,173,68,57
6,BISTRITA-NASAUD,288,0,SCOALA GENERALA AGRIES,TARLISUA,35152,C,3,947,942,5,426,421,5,0,420,6,1100,674,287,133
6,BISTRITA-NASAUD,289,0,SCOALA GENERALA MOLISET,TARLISUA,35152,C,3,196,188,8,93,85,8,0,91,2,200,107,41,50
6,BISTRITA-NASAUD,290,0,SCOALA GENERALA URIU CLASELE I-IV,URIU,35269,C,3,1124,1121,3,617,608,3,6,612,5,1200,583,191,421
6,BISTRITA-NASAUD,291,0,SCOALA GENERALA CRISTESTII-CICEULUI,URIU,35269,C,3,900,891,9,495,481,9,5,489,6,1000,505,256,233
6,BISTRITA-NASAUD,292,0,SCOALA GENERALA ILISUA CLASELE I-IV,URIU,35269,C,3,588,578,10,340,330,10,0,337,3,700,360,202,135
6,BISTRITA-NASAUD,293,0,SCOALA GENERALA HASMASU-CICEULUI CLASELE I-IV,URIU,35269,C,3,247,238,9,128,119,9,0,124,4,300,172,61,63
6,BISTRITA-NASAUD,294,0,"SCOALA GENERALA URMENIS, NR. 206",URMENIS,35312,C,3,863,857,6,362,356,6,0,361,1,1000,638,220,141
6,BISTRITA-NASAUD,295,0,"SCOALA GENERALA SOPTERIU, NR. 86",URMENIS,35312,C,3,462,449,13,194,181,13,0,191,3,500,306,127,64
6,BISTRITA-NASAUD,296,0,CAMINUL CULTURAL DELURENI,URMENIS,35312,C,3,326,315,11,131,120,11,0,130,1,400,269,57,73
6,BISTRITA-NASAUD,297,0,CAMINUL CULTURAL FINATE,URMENIS,35312,C,3,146,135,11,82,71,11,0,82,0,200,118,43,39
6,BISTRITA-NASAUD,298,0,SCOALA GENERALA ZAGRA,ZAGRA,35429,C,3,960,944,16,533,514,16,3,530,3,1100,567,244,286
6,BISTRITA-NASAUD,299,0,SCOALA GENERALA PERISOR,ZAGRA,35429,C,3,518,515,3,233,221,3,9,232,1,600,367,141,91
6,BISTRITA-NASAUD,300,0,SCOALA GENERALA POIENILE ZAGREI,ZAGRA,35429,C,3,691,681,10,356,346,10,0,353,3,800,444,215,138
6,BISTRITA-NASAUD,301,0,SCOALA GENERALA SUPLAI,ZAGRA,35429,C,3,568,547,21,362,320,21,21,358,4,600,238,208,150
6,BISTRITA-NASAUD,302,0,SCOALA GENERALA ALUNISUL,ZAGRA,35429,C,3,244,234,10,148,135,10,3,148,0,300,152,88,60
7,BOTOSANI,1,0,"Liceul de Arta ""Stefan Luchian"" Intrarea A B-dul Mihai Eminescu nr 69",MUNICIPIUL BOTOSANI,35731,M,1,1592,1560,32,1011,974,32,5,1004,7,1600,589,461,543
7,BOTOSANI,2,0,"Liceul de Arta ""Stefan Luchian"" Intrarea A B-dul Mihai Eminescu nr 69",MUNICIPIUL BOTOSANI,35731,M,1,1197,1187,10,650,640,10,0,649,1,1250,600,318,331
7,BOTOSANI,3,0,"Liceul de Arta ""Stefan Luchian"" Intrarea A B-dul Mihai Eminescu nr 69",MUNICIPIUL BOTOSANI,35731,M,1,1404,1380,24,875,851,24,0,871,4,1442,567,384,487
7,BOTOSANI,4,0,Scoala Generala nr. 4  Intrarea B str. Stefan Luchian nr.38,MUNICIPIUL BOTOSANI,35731,M,1,1723,1714,9,1038,1028,9,1,1027,11,1800,762,473,554
7,BOTOSANI,5,0,Scoala Generala nr. 4  Intrarea B str. Stefan Luchian nr.38,MUNICIPIUL BOTOSANI,35731,M,1,1660,1649,11,953,942,11,0,946,7,1750,797,471,475
7,BOTOSANI,6,0,"Scoala Generala nr.10 intrarea A, B-dul M.Eminescu nr 89",MUNICIPIUL BOTOSANI,35731,M,1,874,866,8,518,509,8,1,517,1,950,432,196,321
7,BOTOSANI,7,0,Scoala Generala nr.7 Intrarea A str. Varnav nr.7,MUNICIPIUL BOTOSANI,35731,M,1,1112,1083,29,612,580,29,3,608,4,1050,438,261,347
7,BOTOSANI,8,0,"Gradinita de Copii nr. 19, Aleea Prieteniei nr.5",MUNICIPIUL BOTOSANI,35731,M,1,976,967,9,523,514,9,0,517,6,1054,531,249,268
7,BOTOSANI,9,0,"Gradinita de Copii nr. 19, Aleea Prieteniei nr.5",MUNICIPIUL BOTOSANI,35731,M,1,1213,1197,16,606,581,16,9,601,5,1300,694,266,335
7,BOTOSANI,10,0,Scoala generala nr.7 Intrarea A str. Varnav nr.7,MUNICIPIUL BOTOSANI,35731,M,1,1423,1403,20,743,723,20,0,733,10,1450,707,338,395
7,BOTOSANI,11,0,Scoala Generala nr.17 Aleea Teodor Boyan nr. 2,MUNICIPIUL BOTOSANI,35731,M,1,1510,1456,54,842,788,54,0,836,6,1500,658,340,496
7,BOTOSANI,12,0,"Liceul de Stiinte ale Naturii ""Grigore Antipa"" Intrarea A B-dul M. Eminescu nr. 30",MUNICIPIUL BOTOSANI,35731,M,1,1779,1767,12,1092,1047,12,33,1085,7,1850,758,531,554
7,BOTOSANI,13,0,"Liceul de Stiinte ale Naturii ""Grigore Antipa"" Intrarea A B-dul M. Eminescu nr. 30",MUNICIPIUL BOTOSANI,35731,M,1,1496,1479,17,867,848,17,2,863,4,1550,683,384,479
7,BOTOSANI,14,0,"Colegiul National ""A.T.Laurian"" str. N. Iorga nr. 19",MUNICIPIUL BOTOSANI,35731,M,1,1328,1296,32,729,697,32,0,724,5,1350,621,293,431
7,BOTOSANI,15,0,"Colegiul National ""A.T.Laurian"" str. N. Iorga nr. 19",MUNICIPIUL BOTOSANI,35731,M,1,1494,1477,17,733,716,17,0,727,6,1550,817,314,413
7,BOTOSANI,16,0,"Localul fostei Case Municipale de Cultura, Piata 1 Decembrie nr.5",MUNICIPIUL BOTOSANI,35731,M,1,1290,1235,55,739,684,55,0,730,9,1300,561,353,377
7,BOTOSANI,17,0,"Scoala generala nr. 1 - Intrarea A , str.A.S. Puskin nr.20",MUNICIPIUL BOTOSANI,35731,M,1,1266,1238,28,703,675,28,0,697,6,1350,647,276,421
7,BOTOSANI,18,0,"Scoala generala nr. 1 - Intrarea A , str.A.S. Puskin nr.20",MUNICIPIUL BOTOSANI,35731,M,1,982,965,17,534,517,17,0,532,2,1050,516,218,314
7,BOTOSANI,19,0,"Scoala generala nr. 1 - Intrarea B , str.A.S. Puskin nr.20",MUNICIPIUL BOTOSANI,35731,M,1,1340,1327,13,749,735,13,1,738,11,1400,651,350,388
7,BOTOSANI,20,0,"Grup Scolar Economic si Administrativ ""Octav Onicescu"" - Intrarea B str. Bucovina nr.33",MUNICIPIUL BOTOSANI,35731,M,1,1209,1185,24,560,536,24,0,556,4,1250,690,228,328
7,BOTOSANI,21,0,"Grup Scolar Economic si Administrativ ""Octav Onicescu"" - Intrarea A str. Bucovina nr.33",MUNICIPIUL BOTOSANI,35731,M,1,1178,1167,11,630,618,11,1,628,2,1250,620,287,341
7,BOTOSANI,22,0,"Grup Scolar Economic si Administrativ ""Octav Onicescu"" - Intrarea B str. Bucovina nr.33",MUNICIPIUL BOTOSANI,35731,M,1,969,958,11,456,445,11,0,453,3,1050,594,193,260
7,BOTOSANI,23,0,"Grup Scolar Industrial ""Constructii de Masini"" (Liceul Industrial nr.1) - Intrare A,str.Dimitrie Rallet nr.9",MUNICIPIUL BOTOSANI,35731,M,1,1328,1320,8,706,698,8,0,700,6,1400,694,325,375
7,BOTOSANI,24,0,"Grup Scolar Industrial ""Constructii de Masini"" (Liceul Industrial nr.1) - Intrare B,str. Dimitrie Rallet nr. 9",MUNICIPIUL BOTOSANI,35731,M,1,1331,1314,17,676,656,17,3,668,8,1400,724,286,382
7,BOTOSANI,25,0,"Grup Scolar Industrial ""Constructii de Masini"" (Liceul Industrial nr.1) - Intrare A,str. Dimitrie Rallet nr.9",MUNICIPIUL BOTOSANI,35731,M,1,1269,1260,9,615,606,9,0,613,2,1350,735,249,364
7,BOTOSANI,26,0,"Scoala Generala nr. 6, Aleea Scolii nr. 3",MUNICIPIUL BOTOSANI,35731,M,1,1668,1640,28,813,785,28,0,809,4,1750,937,314,495
7,BOTOSANI,27,0,"Scoala Generala nr. 6, Aleea Scolii nr. 3",MUNICIPIUL BOTOSANI,35731,M,1,1654,1645,9,839,830,9,0,834,5,1750,911,346,488
7,BOTOSANI,28,0,"Scoala Generala nr. 6, Aleea Scolii nr. 3",MUNICIPIUL BOTOSANI,35731,M,1,1189,1182,7,538,531,7,0,536,2,1250,712,227,309
7,BOTOSANI,29,0,"Scoala Generala nr. 6, Aleea Scolii nr. 3",MUNICIPIUL BOTOSANI,35731,M,1,1031,1025,6,543,532,6,5,539,4,1100,557,232,307
7,BOTOSANI,30,0,"Scoala Generala nr. 10, B-dul M.Eminescu nr.89",MUNICIPIUL BOTOSANI,35731,M,1,1320,1315,5,670,665,5,0,663,7,1400,730,277,386
7,BOTOSANI,31,0,"Scoala Generala nr. 10, B-dul M.Eminescu nr.89",MUNICIPIUL BOTOSANI,35731,M,1,948,938,10,516,506,10,0,516,0,1000,484,208,308
7,BOTOSANI,32,0,"Scoala Generala nr. 16 - Intrarea A, str. Aleea Pacea nr.7",MUNICIPIUL BOTOSANI,35731,M,1,1070,1062,8,484,476,8,0,483,1,1100,616,222,261
7,BOTOSANI,33,0,"Scoala Generala nr. 16 - Intrarea B, str. Aleea Pacea nr.7",MUNICIPIUL BOTOSANI,35731,M,1,1881,1875,6,917,911,6,0,913,4,2000,1083,412,501
7,BOTOSANI,34,0,"Scoala Generala nr. 16 - Intrarea A, str. Aleea Pacea nr.7",MUNICIPIUL BOTOSANI,35731,M,1,1500,1486,14,734,718,14,2,730,4,1550,816,317,413
7,BOTOSANI,35,0,"Scoala Generala nr.13, Aleea Curcubeului nr.2",MUNICIPIUL BOTOSANI,35731,M,1,1382,1377,5,685,680,5,0,679,6,1454,769,313,366
7,BOTOSANI,36,0,"Scoala Generala nr.13, Aleea Curcubeului nr.2",MUNICIPIUL BOTOSANI,35731,M,1,844,829,15,437,422,15,0,432,5,900,463,194,238
7,BOTOSANI,37,0,"Scoala Generala nr.13, Aleea Curcubeului nr.2",MUNICIPIUL BOTOSANI,35731,M,1,1035,1009,26,534,508,26,0,529,5,1100,566,208,321
7,BOTOSANI,38,0,"Colegiul National ""Mihai Eminescu"" Intrarea A str.Octav Onicescu nr. 7",MUNICIPIUL BOTOSANI,35731,M,1,1344,1330,14,713,699,14,0,708,5,1400,687,329,379
7,BOTOSANI,39,0,"Colegiul National ""Mihai Eminescu"" Intrarea A str.Octav Onicescu nr. 7",MUNICIPIUL BOTOSANI,35731,M,1,1452,1433,19,803,780,19,4,799,4,1500,697,360,439
7,BOTOSANI,40,0,"Colegiul National ""Mihai Eminescu"" Intrarea B str.Octav Onicescu nr. 7",MUNICIPIUL BOTOSANI,35731,M,1,1458,1451,7,776,747,7,22,772,4,1550,774,345,427
7,BOTOSANI,41,0,"Colegiul National ""Mihai Eminescu"" Intrarea B str.Octav Onicescu nr. 7",MUNICIPIUL BOTOSANI,35731,M,1,1541,1534,7,742,734,7,1,735,7,1650,908,301,434
7,BOTOSANI,42,0,Scoala Generala nr. 12 - Intrarea A str. Prieteniei nr.8,MUNICIPIUL BOTOSANI,35731,M,1,1108,1100,8,563,548,8,7,562,1,1100,537,267,295
7,BOTOSANI,43,0,Scoala Generala nr. 12 - Intrarea A str. Prieteniei nr.8,MUNICIPIUL BOTOSANI,35731,M,1,930,921,9,404,395,9,0,400,4,1000,596,193,207
7,BOTOSANI,44,0,Scoala Generala nr. 12 - Intrarea B str. Prieteniei nr.8,MUNICIPIUL BOTOSANI,35731,M,1,1482,1475,7,811,803,7,1,809,2,1600,789,353,456
7,BOTOSANI,45,0,Gradinita de Copii nr.23 Aleea Nucului nr.6,MUNICIPIUL BOTOSANI,35731,M,1,1481,1472,9,740,715,9,16,735,5,1600,860,361,374
7,BOTOSANI,46,0,"Grupul Scolar Industrial ""Ghe.Asachi""(Liceul Electrocontact)-str.Prieteniei nr.2",MUNICIPIUL BOTOSANI,35731,M,1,915,910,5,496,487,5,4,492,4,1000,504,200,292
7,BOTOSANI,47,0,"Grupul Scolar Industrial ""Ghe.Asachi""(Liceul Electrocontact)-str.Prieteniei nr.2",MUNICIPIUL BOTOSANI,35731,M,1,946,935,11,518,506,11,1,515,3,1000,482,267,248
7,BOTOSANI,48,0,"Grupul Scolar Industrial ""Ghe.Asachi""(Scoala Profesionala Electrocontact)-str.Cornisa nr. 15",MUNICIPIUL BOTOSANI,35731,M,1,805,782,23,426,403,23,0,417,9,850,424,225,192
7,BOTOSANI,49,0,"Grupul Scolar Industrial ""Ghe.Asachi""(Scoala Profesionala Electrocontact)-str.Cornisa nr. 15",MUNICIPIUL BOTOSANI,35731,M,1,1595,1532,63,857,794,63,0,850,7,1650,793,426,424
7,BOTOSANI,50,0,Grupul Scolar de Industrie Usoara (Liceul Textil) str. Calea Nationala nr.28,MUNICIPIUL BOTOSANI,35731,M,1,1462,1447,15,689,673,15,1,684,5,1550,861,307,377
7,BOTOSANI,51,0,Administratia Taberelor(Gradinita de Copii nr. 17) str. Uzinei nr.4,MUNICIPIUL BOTOSANI,35731,M,1,1705,1683,22,1298,926,22,350,1288,10,1800,502,488,800
7,BOTOSANI,52,0,Administratia Taberelor(Gradinita de Copii nr. 17) str. Uzinei nr.4,MUNICIPIUL BOTOSANI,35731,M,1,1130,1105,25,999,586,25,388,992,7,1250,250,456,536
7,BOTOSANI,53,0,Scoala Generala nr.14 - Intrarea A- Aleea G-ral Gh.Avramescu nr.5,MUNICIPIUL BOTOSANI,35731,M,1,1834,1824,10,906,896,10,0,901,5,1950,1044,382,519
7,BOTOSANI,54,0,Scoala Generala nr.14 - Intrarea A- Aleea G-ral Gh.Avramescu nr.5,MUNICIPIUL BOTOSANI,35731,M,1,1323,1314,9,667,655,9,3,665,2,1400,733,311,354
7,BOTOSANI,55,0,Scoala Generala nr.14 - Intrarea A- Aleea G-ral Gh.Avramescu nr.5,MUNICIPIUL BOTOSANI,35731,M,1,1230,1218,12,654,642,12,0,647,7,1300,646,306,341
7,BOTOSANI,56,0,Scoala Generala nr.14 - Intrarea B - Aleea G-ral Gh.Avramescu nr.5,MUNICIPIUL BOTOSANI,35731,M,1,1268,1260,8,589,581,8,0,587,2,1350,761,263,324
7,BOTOSANI,57,0,Scoala Generala nr.14 - Intrarea B - Aleea G-ral Gh.Avramescu nr.5,MUNICIPIUL BOTOSANI,35731,M,1,1102,1096,6,424,418,6,0,421,3,1200,776,191,230
7,BOTOSANI,58,0,Gradinita de Copii nr.22 str. Parcul Tineretului nr.7,MUNICIPIUL BOTOSANI,35731,M,1,982,973,9,484,474,9,1,481,3,1050,566,243,238
7,BOTOSANI,59,0,Gradinita de Copii nr.22 str. Parcul Tineretului nr.7,MUNICIPIUL BOTOSANI,35731,M,1,1522,1512,10,829,819,10,0,824,5,1600,771,357,467
7,BOTOSANI,60,0,Gradinita de Copii nr.22 str. Parcul Tineretului nr.7,MUNICIPIUL BOTOSANI,35731,M,1,848,839,9,448,438,9,1,447,1,900,452,187,260
7,BOTOSANI,61,0,Scoala Generala nr.8 - Intrarea A - str. Tudor Vladimirescu nr.8,MUNICIPIUL BOTOSANI,35731,M,1,1369,1359,10,680,667,10,3,676,4,1450,770,290,386
7,BOTOSANI,62,0,Scoala Generala nr.8 - Intrarea A - str. Tudor Vladimirescu nr.8,MUNICIPIUL BOTOSANI,35731,M,1,1376,1372,4,695,690,4,1,694,1,1450,755,318,376
7,BOTOSANI,63,0,Scoala Generala nr.8 - Intrarea B - str. Tudor Vladimirescu nr.8,MUNICIPIUL BOTOSANI,35731,M,1,1218,1204,14,656,642,14,0,648,8,1300,644,276,372
7,BOTOSANI,64,0,Scoala Generala nr.8 - Intrarea B - str. Tudor Vladimirescu nr.8,MUNICIPIUL BOTOSANI,35731,M,1,1300,1285,15,662,647,15,0,657,5,1350,688,299,358
7,BOTOSANI,65,0,Scoala Generala nr.11 - Intrarea A - Calea Nationala nr.75,MUNICIPIUL BOTOSANI,35731,M,1,1412,1403,9,744,735,9,0,736,8,1500,756,295,441
7,BOTOSANI,66,0,Scoala Generala nr.11 - Intrarea A - Calea Nationala nr.75,MUNICIPIUL BOTOSANI,35731,M,1,937,934,3,570,563,3,4,565,5,1000,430,214,351
7,BOTOSANI,67,0,Scoala Generala nr.11 - Intrarea B - Calea Nationala nr.75,MUNICIPIUL BOTOSANI,35731,M,1,1052,1044,8,597,584,8,5,591,6,1108,511,188,403
7,BOTOSANI,68,0,Scoala Generala nr.11 - Intrarea B - Calea Nationala nr.75,MUNICIPIUL BOTOSANI,35731,M,1,858,850,8,462,454,8,0,459,3,900,438,151,308
7,BOTOSANI,69,0,Scoala Generala nr. 2 -Intrarea A - str. Parcul Tineretului nr.9,MUNICIPIUL BOTOSANI,35731,M,1,1164,1138,26,554,528,26,0,545,9,1200,646,273,272
7,BOTOSANI,70,0,Scoala Generala nr. 2 -Intrarea A - str. Parcul Tineretului nr.9,MUNICIPIUL BOTOSANI,35731,M,1,938,930,8,503,495,8,0,498,5,1000,497,232,266
7,BOTOSANI,71,0,Scoala Generala nr.2 - Intrarea B- str. Parcul Tineretului nr.9,MUNICIPIUL BOTOSANI,35731,M,1,1137,1109,28,586,558,28,0,582,4,1100,514,299,283
7,BOTOSANI,72,0,Scoala Generala nr.2 - Intrarea B- str. Parcul Tineretului nr.9,MUNICIPIUL BOTOSANI,35731,M,1,1096,1080,16,537,516,16,5,530,7,1150,613,254,276
7,BOTOSANI,73,0,Scoala Generala nr.3 str. Tudor Vladimirescu nr.19,MUNICIPIUL BOTOSANI,35731,M,1,1543,1534,9,764,755,9,0,754,10,1650,886,334,420
7,BOTOSANI,74,0,Gradinita de Copii nr.8 str. Savenilor nr.103,MUNICIPIUL BOTOSANI,35731,M,1,1283,1259,24,770,746,24,0,761,9,1500,730,386,375
7,BOTOSANI,75,0,Scoala Generala nr.9 Tulbureni,MUNICIPIUL BOTOSANI,35731,M,1,751,733,18,455,437,18,0,443,12,800,345,289,154
7,BOTOSANI,76,0,Grup Scolar Agricol (Liceul Agroindustrial) str. Calugareni nr.9,MUNICIPIUL BOTOSANI,35731,M,1,1171,1159,12,602,588,12,2,596,6,1250,648,256,340
7,BOTOSANI,77,0,Grup Scolar Agricol (Liceul Agroindustrial) str. Calugareni nr.9,MUNICIPIUL BOTOSANI,35731,M,1,1441,1428,13,780,759,13,8,774,6,1500,720,334,440
7,BOTOSANI,78,0,"Liceul Pedagogic""Nicolae Iorga"" - Intrarea A - str. I.C. Bratianu nr.65",MUNICIPIUL BOTOSANI,35731,M,1,1236,1198,38,724,686,38,0,719,5,1300,576,358,361
7,BOTOSANI,79,0,"Liceul Pedagogic""Nicolae Iorga"" - Intrarea B - str. I.C. Bratianu nr.65",MUNICIPIUL BOTOSANI,35731,M,1,918,906,12,466,450,12,4,463,3,999,533,221,242
7,BOTOSANI,80,0,"Liceul Pedagogic""Nicolae Iorga"" - Intrarea A - str. I.C. Bratianu nr.65",MUNICIPIUL BOTOSANI,35731,M,1,1059,1041,18,598,560,18,20,596,2,1100,502,258,338
7,BOTOSANI,81,1,"Spitalul Judetean Mavromatti, strada Marchian nr.11",MUNICIPIUL BOTOSANI,35731,M,1,10,0,10,467,0,10,457,462,5,900,433,268,194
7,BOTOSANI,82,1,"Spitalul de Specialitate Sf. Gheorghe , Calea Nationala nr. 26",MUNICIPIUL BOTOSANI,35731,M,1,20,0,20,148,0,20,128,142,6,308,160,96,46
7,BOTOSANI,83,1,"Spitalul de Obstretica si Ginecologie , B-dul G. Enescu nr.6",MUNICIPIUL BOTOSANI,35731,M,1,10,0,10,100,0,10,90,97,3,300,200,61,36
7,BOTOSANI,84,1,"Spitalul de Psihiatrie, str. I.C. Bratianu nr. 116",MUNICIPIUL BOTOSANI,35731,M,1,9,0,9,52,0,9,43,52,0,100,48,37,15
7,BOTOSANI,85,1,"Spitalul de Boli Contagioase, Str. Stefan cel Mare nr. 39",MUNICIPIUL BOTOSANI,35731,M,1,9,0,9,63,0,9,54,63,0,100,37,31,32
7,BOTOSANI,86,1,"Spitalul de Copii Cuvioasa Parascheva, B-dul M. Eminescu nr.12",MUNICIPIUL BOTOSANI,35731,M,1,0,0,0,53,0,0,53,52,1,200,147,25,27
7,BOTOSANI,87,1,"Spitalul de Pneumoftiziologie, str. Trandafirilor nr.24",MUNICIPIUL BOTOSANI,35731,M,1,18,0,18,72,0,18,54,70,2,200,128,34,36
7,BOTOSANI,88,1,"Garnizoana Botosani,(U.M. 01189) str. Petru Rares nr.2",MUNICIPIUL BOTOSANI,35731,M,1,29,0,29,232,0,29,203,231,1,304,72,122,109
7,BOTOSANI,89,1,"Comandamentul de Jandarmi Judetean Botosani, str.I.C. Bratianu nr.110",MUNICIPIUL BOTOSANI,35731,M,1,30,0,30,252,0,30,222,250,2,400,148,106,144
7,BOTOSANI,90,0,"Liceul ""Grigore Ghica Vv"" str. Grigore Ghica nr.41",MUNICIPIUL DOROHOI,36006,M,1,1215,1199,16,694,676,16,2,689,5,1254,560,374,315
7,BOTOSANI,91,0,"Cladirea fostului Centru de Plasament ""Sfanta Maria"" str. Al.I.Cuza nr.15",MUNICIPIUL DOROHOI,36006,M,1,1339,1326,13,761,747,13,1,757,4,1400,639,376,381
7,BOTOSANI,92,0,Biblioteca Municipala str.Al.I.Cuza nr.43,MUNICIPIUL DOROHOI,36006,M,1,1716,1704,12,1033,979,12,42,1023,10,1800,767,534,489
7,BOTOSANI,93,0,"Scoala Generala nr.5 ""Spiru Haret""str. Olinescu nr.2",MUNICIPIUL DOROHOI,36006,M,1,1872,1858,14,1068,1034,14,20,1052,16,1950,882,524,528
7,BOTOSANI,94,0,"Gradinita nr.4, str. Erou slt.Dumitras nr.1",MUNICIPIUL DOROHOI,36006,M,1,953,943,10,570,554,10,6,559,11,1049,479,322,237
7,BOTOSANI,95,0,Scoala Generala nr.1 str. Lt. Stroie Buican nr.2,MUNICIPIUL DOROHOI,36006,M,1,1319,1302,17,751,733,17,1,742,9,1400,649,388,354
7,BOTOSANI,96,0,Casa Municipala de Cultura  str. George Enescu nr.57,MUNICIPIUL DOROHOI,36006,M,1,1369,1354,15,1124,731,15,378,1115,9,1450,326,617,498
7,BOTOSANI,97,0,Scoala Generala nr.2 str. Stefan cel Mare nr.28,MUNICIPIUL DOROHOI,36006,M,1,1011,1002,9,570,559,9,2,563,7,1049,479,312,251
7,BOTOSANI,98,0,Scoala Generala nr.2 str. Stefan cel Mare nr.28,MUNICIPIUL DOROHOI,36006,M,1,1162,1154,8,658,649,8,1,651,7,1250,592,360,291
7,BOTOSANI,99,0,"Scoala Generala ""Al.I.Cuza""nr.7 B-dul Victoriei nr.95",MUNICIPIUL DOROHOI,36006,M,1,1766,1749,17,884,867,17,0,881,3,1850,966,510,371
7,BOTOSANI,100,0,"Scoala Generala ""Al.I.Cuza""nr.7 B-dul Victoriei nr.95",MUNICIPIUL DOROHOI,36006,M,1,592,586,6,361,322,6,33,357,4,700,339,195,162
7,BOTOSANI,101,0,"Liceul ""Regina Maria"" B-dul Victoriei nr.112",MUNICIPIUL DOROHOI,36006,M,1,1080,1069,11,579,567,11,1,577,2,1145,566,317,260
7,BOTOSANI,102,0,"Liceul ""Regina Maria"" B-dul Victoriei nr.112",MUNICIPIUL DOROHOI,36006,M,1,1311,1298,13,684,667,13,4,677,7,1402,718,337,340
7,BOTOSANI,103,0,"Scoala Generala ""Mihail Kogalniceanu""nr.8 Al.Dumbrava nr.2",MUNICIPIUL DOROHOI,36006,M,1,1353,1341,12,712,685,12,15,709,3,1450,738,400,309
7,BOTOSANI,104,0,"Scoala Generala ""Mihail Kogalniceanu""nr.8 Al.Dumbrava nr.2",MUNICIPIUL DOROHOI,36006,M,1,1353,1345,8,666,652,8,6,661,5,1450,784,389,272
7,BOTOSANI,105,0,Gradinita nr.7 - Aleea Marului,MUNICIPIUL DOROHOI,36006,M,1,1241,1231,10,607,597,10,0,603,4,1300,693,313,290
7,BOTOSANI,106,0,Gradinita nr.7 - Aleea Marului,MUNICIPIUL DOROHOI,36006,M,1,1608,1594,14,912,883,14,15,908,4,1704,792,544,364
7,BOTOSANI,107,0,Policlinica Dorohoi B-dul Victoriei nr.75,MUNICIPIUL DOROHOI,36006,M,1,918,909,9,634,494,9,131,631,3,950,316,346,285
7,BOTOSANI,108,0,"Scoala Generala nr.4, str. Horia nr.21",MUNICIPIUL DOROHOI,36006,M,1,1065,1058,7,649,641,7,1,643,6,1100,451,368,275
7,BOTOSANI,109,0,"Scoala Generala nr.4, str. Horia nr.21",MUNICIPIUL DOROHOI,36006,M,1,916,903,13,518,505,13,0,514,4,1000,482,300,214
7,BOTOSANI,110,0,"Scoala Primara din Satul Nou, str. Prunului nr.1",MUNICIPIUL DOROHOI,36006,M,1,725,718,7,377,367,7,3,371,6,750,373,253,118
7,BOTOSANI,111,0,Scoala Primara din Loturi Enescu,MUNICIPIUL DOROHOI,36006,M,1,305,296,9,222,195,9,18,222,0,352,130,176,46
7,BOTOSANI,112,0,Scoala Generala nr.1 Bucecea,ORAS BUCECEA,36453,O,1,682,650,32,426,320,32,74,422,4,700,274,239,183
7,BOTOSANI,113,0,Centrul Cultural Bucecea,ORAS BUCECEA,36453,O,1,1599,1567,32,798,765,32,1,791,7,1700,902,472,319
7,BOTOSANI,114,0,Scoala Generala nr.2 Bucecea,ORAS BUCECEA,36453,O,1,1419,1415,4,761,753,4,4,749,12,1500,739,550,199
7,BOTOSANI,115,0,Scoala Generala Calinesti,ORAS BUCECEA,36453,O,1,521,515,6,297,291,6,0,290,7,550,253,189,101
7,BOTOSANI,116,0,Grupul Scolar Darabani,ORAS DARABANI,35946,O,1,1322,1312,10,743,720,10,13,732,11,1400,657,499,233
7,BOTOSANI,117,0,"Scoala Generala ""Leon Danaila""",ORAS DARABANI,35946,O,1,1445,1442,3,904,839,3,62,891,13,1550,646,616,275
7,BOTOSANI,118,0,"Scoala Generala ""Leon Danaila""",ORAS DARABANI,35946,O,1,1507,1500,7,788,781,7,0,781,7,1600,812,487,294
7,BOTOSANI,119,0,Gradinita nr.2 Darabani,ORAS DARABANI,35946,O,1,1592,1576,16,963,946,16,1,946,17,1650,687,674,272
7,BOTOSANI,120,0,Scoala Generala sat Bajura,ORAS DARABANI,35946,O,1,1501,1492,9,830,821,9,0,816,14,1600,770,631,185
7,BOTOSANI,121,0,Scoala Generala cartier Teioasa,ORAS DARABANI,35946,O,1,1149,1138,11,692,679,11,2,683,9,1200,508,510,173
7,BOTOSANI,122,0,Scoala Generala sat Lismanita,ORAS DARABANI,35946,O,1,521,513,8,335,327,8,0,327,8,550,215,286,41
7,BOTOSANI,123,0,Scoala Generala sat Esanca,ORAS DARABANI,35946,O,1,278,268,10,188,178,10,0,184,4,300,112,152,32
7,BOTOSANI,124,0,Scoala Generala nr.1 Flamanzi,ORAS FLAMANZI,37280,O,1,928,914,14,535,464,14,57,525,10,946,411,356,169
7,BOTOSANI,125,0,Scoala Generala nr.2 Flamanzi,ORAS FLAMANZI,37280,O,1,1046,1038,8,472,464,8,0,468,4,1100,628,341,127
7,BOTOSANI,126,0,Scoala Generala nr.2 Cordun,ORAS FLAMANZI,37280,O,1,1542,1522,20,876,856,20,0,864,12,1650,774,647,217
7,BOTOSANI,127,0,Scoala Generala Poiana,ORAS FLAMANZI,37280,O,1,1490,1481,9,778,769,9,0,757,21,1549,771,657,100
7,BOTOSANI,128,0,Fost sediu CAP Nicolae Balcescu,ORAS FLAMANZI,37280,O,1,1193,1193,0,679,679,0,0,672,7,1250,571,468,204
7,BOTOSANI,129,0,Fost sediu CAP  Nicolae Balcescu,ORAS FLAMANZI,37280,O,1,503,494,9,247,238,9,0,236,11,550,303,171,65
7,BOTOSANI,130,0,Liceul N. Balcescu  Bosanceni,ORAS FLAMANZI,37280,O,1,1502,1491,11,810,777,11,22,798,12,1600,790,565,233
7,BOTOSANI,131,0,Scoala Generala Chitoveni,ORAS FLAMANZI,37280,O,1,489,474,15,306,291,15,0,292,14,550,244,225,67
7,BOTOSANI,132,0,Scoala Generala Prisacani,ORAS FLAMANZI,37280,O,1,532,509,23,308,285,23,0,305,3,550,242,213,92
7,BOTOSANI,133,0,"Liceul Teoretic ""Dr.Ciuca"" str. N.Iorga",ORAS SAVENI,36060,O,1,1158,1146,12,586,574,12,0,579,7,1200,614,358,221
7,BOTOSANI,134,0,"Liceul Teoretic ""Dr.Ciuca"" str. N.Iorga",ORAS SAVENI,36060,O,1,879,868,11,427,416,11,0,426,1,900,473,242,184
7,BOTOSANI,135,0,Scoala Generala nr.1 Saveni,ORAS SAVENI,36060,O,1,1532,1522,10,920,824,10,86,913,7,1600,680,546,367
7,BOTOSANI,136,0,Scoala Generala nr.2 str. Stefan cel Mare Saveni,ORAS SAVENI,36060,O,1,1332,1324,8,645,636,8,1,637,8,1400,755,456,181
7,BOTOSANI,137,0,Scoala Generala Petricani,ORAS SAVENI,36060,O,1,1182,1162,20,616,596,20,0,611,5,1200,584,488,123
7,BOTOSANI,138,0,Scoala Generala Bodeasa,ORAS SAVENI,36060,O,1,344,334,10,236,226,10,0,232,4,350,114,215,17
7,BOTOSANI,139,0,Scoala Generala Bozieni,ORAS SAVENI,36060,O,1,229,223,6,146,140,6,0,145,1,250,104,134,11
7,BOTOSANI,140,1,Spitalul Orasului Saveni,ORAS SAVENI,36060,O,1,15,0,15,94,0,15,79,93,1,100,6,77,16
7,BOTOSANI,141,0,Scoala Generala Bobulesti,ORAS STEFANESTI,39168,O,1,1110,1057,53,702,649,53,0,690,12,1100,398,586,104
7,BOTOSANI,142,0,Scoala Generala Badeuti,ORAS STEFANESTI,39168,O,1,706,683,23,417,390,23,4,414,3,750,333,338,76
7,BOTOSANI,143,0,Scoala generala Stefanesti,ORAS STEFANESTI,39168,O,1,1010,992,18,637,510,18,109,630,7,1050,413,426,204
7,BOTOSANI,144,0,Liceul israelit Stefanesti,ORAS STEFANESTI,39168,O,1,1053,1040,13,527,494,13,20,523,4,1102,575,348,175
7,BOTOSANI,145,0,Scoala Generala Stanca,ORAS STEFANESTI,39168,O,1,771,753,18,467,446,18,3,464,3,800,333,368,96
7,BOTOSANI,146,0,Caminul Cultural Albesti,ALBESTI,36131,C,3,1026,1022,4,533,529,4,0,521,12,1100,567,414,107
7,BOTOSANI,147,0,Scoala generala nr.2 Sat Nou,ALBESTI,36131,C,3,723,703,20,402,382,20,0,398,4,750,348,318,80
7,BOTOSANI,148,0,Scoala Generala Buimaceni,ALBESTI,36131,C,3,658,642,16,366,337,16,13,362,4,700,334,282,80
7,BOTOSANI,149,0,Scoala Generala Costiugeni,ALBESTI,36131,C,3,532,522,10,338,303,10,25,337,1,600,262,287,50
7,BOTOSANI,150,0,Scoala Generala Jijia,ALBESTI,36131,C,3,527,505,22,265,243,22,0,258,7,550,285,208,50
7,BOTOSANI,151,0,Scoala Generala Mascateni,ALBESTI,36131,C,3,335,317,18,209,189,18,2,205,4,350,141,180,25
7,BOTOSANI,152,0,Scoala Generala Tudor Vladimirescu,ALBESTI,36131,C,3,1094,1073,21,711,690,21,0,705,6,1150,439,619,86
7,BOTOSANI,153,0,Scoala Avrameni,AVRAMENI,36202,C,3,1195,1162,33,760,687,33,40,755,5,1250,490,492,263
7,BOTOSANI,154,0,Scoala Adaseni,AVRAMENI,36202,C,3,859,833,26,480,426,26,28,470,10,900,420,369,101
7,BOTOSANI,155,0,Scoala Panaitoaia,AVRAMENI,36202,C,3,956,886,70,595,503,70,22,587,8,950,355,484,103
7,BOTOSANI,156,0,Scoala Tudor Vladimirescu,AVRAMENI,36202,C,3,652,607,45,451,401,45,5,446,5,650,199,332,114
7,BOTOSANI,157,0,Scoala Aurel Vlaicu,AVRAMENI,36202,C,3,485,463,22,308,280,22,6,305,3,500,192,257,48
7,BOTOSANI,158,0,Scoala Ichimeni,AVRAMENI,36202,C,3,178,155,23,104,81,23,0,104,0,200,96,78,26
7,BOTOSANI,159,1,Centrul de ingrijire si asist. sociala Adaseni,AVRAMENI,36202,C,3,9,0,9,83,0,9,74,80,3,100,17,61,19
7,BOTOSANI,160,0,Scoala Generala Baluseni,BALUSENI,36300,C,3,1534,1506,28,828,756,28,44,809,19,1550,722,681,128
7,BOTOSANI,161,0,Scoala Generala Draxini,BALUSENI,36300,C,3,1607,1592,15,947,872,15,60,935,12,1700,753,746,189
7,BOTOSANI,162,0,Scoala Generala nr.1 Buzeni,BALUSENI,36300,C,3,596,579,17,378,323,17,38,374,4,654,276,268,106
7,BOTOSANI,163,0,Scoala Generala Zaicesti,BALUSENI,36300,C,3,528,504,24,305,281,24,0,303,2,550,245,207,96
7,BOTOSANI,164,0,Scoala Generala Blandesti,BLANDESTI,39983,C,3,753,716,37,473,417,37,19,464,9,800,327,359,105
7,BOTOSANI,165,0,Scoala Generala Cerchejeni,BLANDESTI,39983,C,3,771,737,34,483,418,34,31,477,6,800,317,341,136
7,BOTOSANI,166,0,Scoala Generala Soldanesti,BLANDESTI,39983,C,3,360,354,6,247,218,6,23,240,7,400,153,192,48
7,BOTOSANI,167,0,Camin Cultural Braesti,BRAESTI,36373,C,3,1357,1345,12,839,778,12,49,833,6,1404,565,603,230
7,BOTOSANI,168,0,Scoala Generala Poiana 2,BRAESTI,36373,C,3,393,371,22,291,236,22,33,287,4,450,159,242,45
7,BOTOSANI,169,0,Scoala Generala nr.2 Broscauti,BROSCAUTI,36426,C,3,1462,1456,6,755,733,6,16,747,8,1550,795,507,240
7,BOTOSANI,170,0,Gradinita Broscauti,BROSCAUTI,36426,C,3,1362,1359,3,697,663,3,31,690,7,1450,753,453,237
7,BOTOSANI,171,0,Scoala Generala Candesti,CANDESTI,39967,C,3,959,957,2,478,438,2,38,470,8,1000,522,280,190
7,BOTOSANI,172,0,Scoala Generala Talpa,CANDESTI,39967,C,3,541,531,10,327,285,10,32,327,0,600,273,262,65
7,BOTOSANI,173,0,Scoala Generala Vitcani,CANDESTI,39967,C,3,265,258,7,198,160,7,31,196,2,300,102,149,47
7,BOTOSANI,174,0,Scoala Generala Calarasi,CALARASI,36499,C,3,1131,1121,10,877,832,10,35,866,11,1200,323,546,320
7,BOTOSANI,175,0,Scoala Generala Calarasi,CALARASI,36499,C,3,1094,1084,10,806,779,10,17,793,13,1150,344,461,332
7,BOTOSANI,176,0,Scoala Generala Plesani,CALARASI,36499,C,3,502,475,27,433,382,27,24,425,8,500,67,332,93
7,BOTOSANI,177,0,Scoala Generala Libertatea,CALARASI,36499,C,3,441,405,36,384,340,36,8,375,9,450,66,277,98
7,BOTOSANI,178,0,Camin Cultural Concesti,CONCESTI,36532,C,3,1366,1339,27,830,792,27,11,815,15,1400,570,674,141
7,BOTOSANI,179,0,Camin Cultural Movileni,CONCESTI,36532,C,3,324,303,21,202,179,21,2,198,4,350,148,176,22
7,BOTOSANI,180,0,Scoala Generala nr.4 Copalau,COPALAU,36569,C,3,1044,1041,3,630,593,3,34,619,11,1100,470,473,146
7,BOTOSANI,181,0,Scoala Generala nr.4 Copalau,COPALAU,36569,C,3,1055,1046,9,600,573,9,18,584,16,1100,500,435,149
7,BOTOSANI,182,0,Scoala Generala Cotu,COPALAU,36569,C,3,542,530,12,395,364,12,19,391,4,600,205,270,121
7,BOTOSANI,183,0,Scoala Generala Cerbu,COPALAU,36569,C,3,596,564,32,404,362,32,10,396,8,602,198,336,60
7,BOTOSANI,184,0,Camin Cultural Cordareni,CORDARENI,36649,C,3,907,884,23,559,514,23,22,545,14,1000,441,457,88
7,BOTOSANI,185,0,Scoala Generala Grivita,CORDARENI,36649,C,3,478,428,50,394,344,50,0,388,6,500,106,248,140
7,BOTOSANI,186,0,Scoala Slobozia,CORDARENI,36649,C,3,389,368,21,263,233,21,9,259,4,450,187,220,39
7,BOTOSANI,187,0,Primaria Corlateni,CORLATENI,36676,C,3,1160,1157,3,744,679,3,62,735,9,1250,506,594,141
7,BOTOSANI,188,0,Scoala Generala Vladeni,CORLATENI,36676,C,3,834,828,6,559,514,6,39,548,11,900,341,461,87
7,BOTOSANI,189,0,Scoala Generala Centru Corni,CORNI,36756,C,3,1661,1648,13,965,896,13,56,953,12,1750,785,654,299
7,BOTOSANI,190,0,Scoala Generala Veche Corni,CORNI,36756,C,3,1483,1472,11,867,821,11,35,855,12,1600,733,613,242
7,BOTOSANI,191,0,Scoala Generala Veche Sarafinesti,CORNI,36756,C,3,1510,1460,50,875,818,50,7,861,14,1550,675,629,232
7,BOTOSANI,192,0,Scoala Generala Balta Arsa,CORNI,36756,C,3,295,276,19,211,177,19,15,209,2,350,139,177,32
7,BOTOSANI,193,0,Scoala Generala Cosula,COSULA,39975,C,3,1327,1312,15,711,654,15,42,693,18,1350,639,478,215
7,BOTOSANI,194,0,Scoala Generala Supitca,COSULA,39975,C,3,1060,1043,17,659,597,17,45,648,11,1100,441,454,194
7,BOTOSANI,195,0,Scoala Generala nr.1 Cotusca,COTUSCA,36809,C,3,1541,1513,28,855,793,28,34,845,10,1600,745,638,207
7,BOTOSANI,196,0,Scoala Generala Ghireni,COTUSCA,36809,C,3,617,584,33,408,368,33,7,405,3,600,192,361,44
7,BOTOSANI,197,0,Scoala Generala Cotu Miculinti,COTUSCA,36809,C,3,377,367,10,292,254,10,28,289,3,400,108,240,49
7,BOTOSANI,198,0,Scoala Generala Crasnaleuca,COTUSCA,36809,C,3,613,603,10,420,380,10,30,417,3,650,230,349,68
7,BOTOSANI,199,0,Scoala Generala Putureni,COTUSCA,36809,C,3,577,553,24,349,310,24,15,345,4,600,251,288,57
7,BOTOSANI,200,0,Scoala Generala Nichiteni,COTUSCA,36809,C,3,794,754,40,482,437,40,5,472,10,800,318,345,127
7,BOTOSANI,201,0,Scoala Generala Cristesti,CRISTESTI,36907,C,3,1437,1417,20,766,697,20,49,759,7,1500,734,471,288
7,BOTOSANI,202,0,Scoala Generala Ghilanesti,CRISTESTI,36907,C,3,568,535,33,368,310,33,25,359,9,600,232,238,121
7,BOTOSANI,203,0,Scoala Generala Oneaga,CRISTESTI,36907,C,3,1272,1236,36,732,662,36,34,720,12,1300,568,558,162
7,BOTOSANI,204,0,Scoala Generala Schit-Oraseni,CRISTESTI,36907,C,3,431,396,35,259,211,35,13,248,11,450,191,132,116
7,BOTOSANI,205,0,Caminul Cultural Cristinesti,CRISTINESTI,36952,C,3,1284,1281,3,896,762,3,131,888,8,1400,504,632,256
7,BOTOSANI,206,0,Scoala Generala Baranca,CRISTINESTI,36952,C,3,414,389,25,288,244,25,19,287,1,450,162,218,69
7,BOTOSANI,207,0,Scoala Generala Dragalina,CRISTINESTI,36952,C,3,507,487,20,351,300,20,31,346,5,550,199,269,77
7,BOTOSANI,208,0,Scoala Generala Fundu Hertii,CRISTINESTI,36952,C,3,685,678,7,436,383,7,46,430,6,750,314,349,81
7,BOTOSANI,209,0,Scoala Generala Curtesti,CURTESTI,35759,C,3,1258,1231,27,684,622,27,35,678,6,1296,612,487,191
7,BOTOSANI,210,0,Scoala Generala Oraseni - Deal,CURTESTI,35759,C,3,1469,1421,48,764,698,48,18,745,19,1500,736,518,227
7,BOTOSANI,211,0,Scoala Generala Manastirea - Doamnei,CURTESTI,35759,C,3,875,821,54,488,434,54,0,481,7,850,362,371,110
7,BOTOSANI,212,0,Scoala Generala Dangeni,DANGENI,37057,C,3,1048,1038,10,629,573,10,46,620,9,1096,467,459,161
7,BOTOSANI,213,0,Scoala Generala Hulub,DANGENI,37057,C,3,534,518,16,357,327,16,14,350,7,550,193,281,69
7,BOTOSANI,214,0,Scoala Generala Iacobeni,DANGENI,37057,C,3,867,839,28,504,451,28,25,496,8,900,396,399,97
7,BOTOSANI,215,0,Camin Cultural Dersca (A-G),DERSCA,37011,C,3,1492,1488,4,780,754,4,22,770,10,1600,820,533,237
7,BOTOSANI,216,0,Scoala Generala nr. 1 Dersca (H-Z),DERSCA,37011,C,3,1171,1171,0,606,565,0,41,604,2,1250,644,393,211
7,BOTOSANI,217,1,Centrul de recuperare si reabilitare Dersca,DERSCA,37011,C,3,17,0,17,48,0,17,31,47,1,100,52,34,13
7,BOTOSANI,218,0,Primaria Dimacheni,DIMACHENI,39959,C,3,981,947,34,951,881,34,36,944,7,1000,49,830,114
7,BOTOSANI,219,0,Scoala Mateieni,DIMACHENI,39959,C,3,258,238,20,229,198,20,11,229,0,300,71,164,65
7,BOTOSANI,220,0,Camin Cultural Dobarceni,DOBARCENI,37100,C,3,774,769,5,505,459,5,41,494,11,850,345,374,120
7,BOTOSANI,221,0,Scoala Bivolari,DOBARCENI,37100,C,3,153,148,5,122,92,5,25,120,2,200,78,90,30
7,BOTOSANI,222,0,Local administrativ (fost CAP) Brateni,DOBARCENI,37100,C,3,626,626,0,413,378,0,35,404,9,700,287,293,111
7,BOTOSANI,223,0,Scoala Generala Cismanesti,DOBARCENI,37100,C,3,358,350,8,272,246,8,18,269,3,400,128,234,35
7,BOTOSANI,224,0,Scoala Generala Murguta,DOBARCENI,37100,C,3,380,357,23,295,259,23,13,291,4,400,105,260,31
7,BOTOSANI,225,0,Scoala Generala Draguseni,DRAGUSENI,37173,C,3,1253,1245,8,755,734,8,13,738,17,1300,545,601,137
7,BOTOSANI,226,0,Scoala Generala Podriga,DRAGUSENI,37173,C,3,764,743,21,428,407,21,0,424,4,800,372,323,101
7,BOTOSANI,227,0,Scoala Generala Sarata,DRAGUSENI,37173,C,3,141,132,9,103,83,9,11,102,1,150,47,85,17
7,BOTOSANI,228,0,Scoala Veche Durnesti,DURNESTI,37217,C,3,981,958,23,600,559,23,18,596,4,1050,450,514,82
7,BOTOSANI,229,0,Scoala Generala Cucuteni Tufescu,DURNESTI,37217,C,3,710,683,27,507,452,27,28,505,2,750,243,407,98
7,BOTOSANI,230,0,Scoala Generala Guranda,DURNESTI,37217,C,3,853,837,16,514,473,16,25,502,12,900,386,397,105
7,BOTOSANI,231,0,Scoala Generala Babiceni,DURNESTI,37217,C,3,626,604,22,439,393,22,24,431,8,650,211,374,57
7,BOTOSANI,232,1,Pavilion administrativ Sanatoriu Guranda,DURNESTI,37217,C,3,10,0,10,63,0,10,53,60,3,100,37,35,25
7,BOTOSANI,233,0,Scoala Generala Frumusica,FRUMUSICA,37324,C,3,575,568,7,350,322,7,21,348,2,600,250,241,107
7,BOTOSANI,234,0,Scoala Generala Storesti,FRUMUSICA,37324,C,3,854,844,10,506,479,10,17,494,12,900,394,424,70
7,BOTOSANI,235,0,Scoala Generala Sendreni,FRUMUSICA,37324,C,3,606,594,12,333,313,12,8,320,13,650,317,277,43
7,BOTOSANI,236,0,Scoala Generala Vladeni Deal,FRUMUSICA,37324,C,3,1328,1304,24,774,723,24,27,766,8,1400,626,660,106
7,BOTOSANI,237,0,Scoala Generala Radeni,FRUMUSICA,37324,C,3,838,819,19,523,473,19,31,515,8,900,377,423,92
7,BOTOSANI,238,0,Scoala Generala Boscoteni,FRUMUSICA,37324,C,3,516,510,6,338,307,6,25,335,3,550,212,285,50
7,BOTOSANI,239,0,Primaria comunei Georege Enescu (sala de sedinte),GEORGE ENESCU,37397,C,3,713,666,47,460,360,47,53,453,7,700,240,316,137
7,BOTOSANI,240,0,Scoala Generala nr.2 Dumeni,GEORGE ENESCU,37397,C,3,1014,979,35,736,653,35,48,729,7,1050,314,557,172
7,BOTOSANI,241,0,Scoala Generala Arborea,GEORGE ENESCU,37397,C,3,458,427,31,381,310,31,40,374,7,450,69,276,98
7,BOTOSANI,242,0,Scoala Generala Stanca,GEORGE ENESCU,37397,C,3,325,303,22,273,221,22,30,271,2,350,77,206,65
7,BOTOSANI,243,0,Scoala Generala Popeni(sc.noua),GEORGE ENESCU,37397,C,3,426,409,17,301,265,17,19,297,4,450,149,217,80
7,BOTOSANI,244,0,Scoala Generala Gorbanesti,GORBANESTI,37459,C,3,964,959,5,622,592,5,25,610,12,1050,428,490,120
7,BOTOSANI,245,0,Scoala Generala Batranesti,GORBANESTI,37459,C,3,242,218,24,177,144,24,9,176,1,250,73,158,18
7,BOTOSANI,246,0,Scoala Generala George Cosbuc,GORBANESTI,37459,C,3,245,230,15,170,145,15,10,169,1,250,80,137,32
7,BOTOSANI,247,0,Scoala Generala Socrujeni,GORBANESTI,37459,C,3,671,657,14,426,383,14,29,420,6,802,376,341,79
7,BOTOSANI,248,0,Scoala Generala Vanatori,GORBANESTI,37459,C,3,477,467,10,323,292,10,21,321,2,548,225,247,74
7,BOTOSANI,249,0,Scoala Generala Siliscani,GORBANESTI,37459,C,3,279,262,17,202,171,17,14,198,4,300,98,137,61
7,BOTOSANI,250,0,Scoala Generala Havirna (posta),HAVARNA,37547,C,3,1056,1043,13,618,573,13,32,603,15,1100,482,473,130
7,BOTOSANI,251,0,Scoala Generala Havirna (Baseu),HAVARNA,37547,C,3,407,395,12,397,376,12,9,396,1,750,353,307,89
7,BOTOSANI,252,0,Scoala Generala Garbeni,HAVARNA,37547,C,3,1211,1193,18,619,601,18,0,608,11,1250,631,461,147
7,BOTOSANI,253,0,Scoala Generala Balinti,HAVARNA,37547,C,3,518,512,6,287,267,6,14,281,6,550,263,234,47
7,BOTOSANI,254,0,Scoala Generala Tataraseni,HAVARNA,37547,C,3,794,778,16,509,474,16,19,502,7,850,341,363,139
7,BOTOSANI,255,0,Scoala Generala Hanesti,HANESTI,37618,C,3,1195,1195,0,751,698,0,53,745,6,1300,549,541,204
7,BOTOSANI,256,0,Scoala Generala Borolea,HANESTI,37618,C,3,315,305,10,231,206,10,15,227,4,350,119,173,54
7,BOTOSANI,257,0,Scoala Generala Sarata Basarab,HANESTI,37618,C,3,331,322,9,279,247,9,23,276,3,350,71,180,96
7,BOTOSANI,258,0,Sala fostului CAP Hiliseu-Horia,HILISEU-HORIA,37672,C,3,1206,1165,41,622,559,41,22,614,8,1254,632,503,111
7,BOTOSANI,259,0,Scoala Generala Hiliseu - Crisan,HILISEU-HORIA,37672,C,3,1095,1088,7,694,638,7,49,687,7,1150,456,542,145
7,BOTOSANI,260,0,Scoala Generala Hiliseu - Closca,HILISEU-HORIA,37672,C,3,541,533,8,376,339,8,29,374,2,600,224,278,96
7,BOTOSANI,261,0,Scoala Generala Hlipiceni,HLIPICENI,37734,C,3,1545,1504,41,954,856,41,57,945,9,1600,646,644,301
7,BOTOSANI,262,0,Scoala Generala Victoria,HLIPICENI,37734,C,3,1252,1230,22,822,752,22,48,812,10,1300,478,676,136
7,BOTOSANI,263,0,Scoala Generala Dragalina,HLIPICENI,37734,C,3,346,333,13,241,222,13,6,239,2,350,109,199,40
7,BOTOSANI,264,0,Camin Cultural Lupeni,HUDESTI,37770,C,3,996,941,55,607,507,55,45,597,10,1000,393,443,154
7,BOTOSANI,265,0,Camin Cultural Vatra,HUDESTI,37770,C,3,1145,1078,67,787,695,67,25,776,11,1150,363,651,125
7,BOTOSANI,266,0,Scoala Generala Mlenauti,HUDESTI,37770,C,3,714,647,67,437,370,67,0,430,7,700,263,286,144
7,BOTOSANI,267,0,Scoala Generala Baseu,HUDESTI,37770,C,3,402,388,14,285,247,14,24,280,5,450,165,220,60
7,BOTOSANI,268,0,Camin Cultural Alba,HUDESTI,37770,C,3,1256,1230,26,819,769,26,24,802,17,1300,481,587,215
7,BOTOSANI,269,0,Scoala Generala Baranca,HUDESTI,37770,C,3,662,644,18,479,447,18,14,471,8,700,221,374,97
7,BOTOSANI,270,0,Scoala Generala nr.1 Ibanesti(sala nr.1),IBANESTI,37823,C,3,938,938,0,623,584,0,39,614,9,1000,377,466,148
7,BOTOSANI,271,0,Scoala Generala nr.1 Ibanesti (sala nr.2),IBANESTI,37823,C,3,969,963,6,646,586,6,54,638,8,1000,354,522,116
7,BOTOSANI,272,0,Scoala Generala Dumbravita,IBANESTI,37823,C,3,1315,1308,7,913,820,7,86,902,11,1400,487,621,281
7,BOTOSANI,273,0,Scoala Generala nr.1 Leorda,LEORDA,37850,C,3,1327,1321,6,781,738,6,37,776,5,1400,619,537,239
7,BOTOSANI,274,0,Scoala Generala cu clasele I-IV Dolina,LEORDA,37850,C,3,692,682,10,449,404,10,35,447,2,750,301,354,93
7,BOTOSANI,275,1,Centrul de Ingrijire si asistenta sociala Leorda,LEORDA,37850,C,3,10,0,10,76,0,10,66,65,11,200,124,50,15
7,BOTOSANI,276,0,Camin Cultural Lozna,LOZNA,39942,C,3,814,814,0,537,473,0,64,530,7,850,313,368,162
7,BOTOSANI,277,0,Camin Cultural  Strateni,LOZNA,39942,C,3,699,699,0,455,402,0,53,441,14,750,295,315,126
7,BOTOSANI,278,0,Camin Cultural Lunca,LUNCA,37912,C,3,791,774,17,416,363,17,36,415,1,850,434,340,75
7,BOTOSANI,279,0,Camin Cultural Stroiesti,LUNCA,37912,C,3,886,843,43,530,487,43,0,522,8,896,366,397,125
7,BOTOSANI,280,0,Camin Cultural Baznoasa,LUNCA,37912,C,3,824,774,50,541,491,50,0,537,4,850,309,459,78
7,BOTOSANI,281,0,Scoala Generala Zlatunoaia,LUNCA,37912,C,3,1604,1565,39,957,882,39,36,941,16,1650,693,732,209
7,BOTOSANI,282,0,Scoala Generala Stanesti,LUNCA,37912,C,3,228,185,43,159,107,43,9,157,2,200,41,127,30
7,BOTOSANI,283,0,Scoala Generala Manoleasa,MANOLEASA,37958,C,3,663,626,37,494,440,37,17,487,7,650,156,419,68
7,BOTOSANI,284,0,Scoala Generala Flondora,MANOLEASA,37958,C,3,458,441,17,358,325,17,16,357,1,500,142,261,96
7,BOTOSANI,285,0,Scoala Generala Liveni,MANOLEASA,37958,C,3,917,895,22,594,536,22,36,588,6,950,356,482,106
7,BOTOSANI,286,0,Scoala Generala Sadoveni,MANOLEASA,37958,C,3,420,405,15,283,255,15,13,280,3,450,167,215,65
7,BOTOSANI,287,0,Scoala Generala Zahoreni,MANOLEASA,37958,C,3,460,448,12,351,326,12,13,348,3,500,149,308,40
7,BOTOSANI,288,0,Scoala Generala Ipotesti,MIHAI EMINESCU,38063,C,3,500,485,15,324,307,15,2,316,8,550,226,203,113
7,BOTOSANI,289,0,Scoala Generala Cucorani,MIHAI EMINESCU,38063,C,3,734,724,10,438,400,10,28,430,8,800,362,297,133
7,BOTOSANI,290,0,Scoala Generala Cervicesti,MIHAI EMINESCU,38063,C,3,678,655,23,486,430,23,33,481,5,700,214,377,104
7,BOTOSANI,291,0,Scoala Generala Catamarasti Deal,MIHAI EMINESCU,38063,C,3,809,781,28,415,387,28,0,407,8,850,435,199,208
7,BOTOSANI,292,0,Scoala Generala Catamarasti Deal,MIHAI EMINESCU,38063,C,3,811,755,56,435,379,56,0,428,7,800,365,233,195
7,BOTOSANI,293,0,Scoala Generala Stancesti,MIHAI EMINESCU,38063,C,3,1101,1100,1,645,608,1,36,632,13,1150,505,407,225
7,BOTOSANI,294,0,Scoala Generala Catamarasti Vale,MIHAI EMINESCU,38063,C,3,526,512,14,337,284,14,39,332,5,554,217,243,89
7,BOTOSANI,295,0,Scoala Generala Mihaileni,MIHAILENI,38161,C,3,1133,1116,17,644,528,17,99,632,12,1200,556,491,141
7,BOTOSANI,296,0,Scoala Generala Rogojesti,MIHAILENI,38161,C,3,506,492,14,344,294,14,36,340,4,550,206,168,172
7,BOTOSANI,297,0,Scoala Generala Parau - Negru,MIHAILENI,38161,C,3,440,426,14,242,211,14,17,237,5,500,258,175,62
7,BOTOSANI,298,0,Scoala Generala Mihalaseni,MIHALASENI,38241,C,3,857,852,5,512,495,5,12,507,5,900,388,412,95
7,BOTOSANI,299,0,Scoala Generala Nastase,MIHALASENI,38241,C,3,668,658,10,433,399,10,24,422,11,700,267,322,100
7,BOTOSANI,300,0,Scoala Generala Sarata,MIHALASENI,38241,C,3,419,410,9,268,251,9,8,264,4,449,181,220,44
7,BOTOSANI,301,0,Primaria Mileanca,MILEANCA,38321,C,3,1494,1482,12,946,899,12,35,926,20,1550,604,689,237
7,BOTOSANI,302,0,Scoala Generala Codreni,MILEANCA,38321,C,3,358,340,18,233,195,18,20,231,2,400,167,193,38
7,BOTOSANI,303,0,Scoala Generala Selistea,MILEANCA,38321,C,3,351,325,26,255,212,26,17,249,6,350,95,206,43
7,BOTOSANI,304,0,Scoala Generala Scutari,MILEANCA,38321,C,3,243,224,19,172,149,19,4,171,1,250,78,140,31
7,BOTOSANI,305,0,Primaria Mitoc,MITOC,38376,C,3,1096,1095,1,689,645,1,43,679,10,1150,461,580,99
7,BOTOSANI,306,0,Scoala Generala Horia,MITOC,38376,C,3,516,510,6,365,344,6,15,362,3,550,185,308,54
7,BOTOSANI,307,0,Scoala Generala Nicseni,NICSENI,38456,C,3,970,964,6,604,598,6,0,596,8,1050,446,429,167
7,BOTOSANI,308,0,Camin Cultural Dorobanti,NICSENI,38456,C,3,1278,1274,4,823,818,4,1,809,14,1350,527,644,165
7,BOTOSANI,309,0,Camin Cultural Paltinis,PALTINIS,38492,C,3,1134,1093,41,698,615,41,42,687,11,1150,452,531,156
7,BOTOSANI,310,0,Primaria Paltinis,PALTINIS,38492,C,3,726,685,41,447,378,41,28,441,6,750,303,364,77
7,BOTOSANI,311,0,Scoala Generala Horodistea,PALTINIS,38492,C,3,916,893,23,579,499,23,57,570,9,950,371,416,154
7,BOTOSANI,312,0,"Liceul Teoretic ""Anastasie Basota"" Pomarla",POMARLA,38544,C,3,1037,994,43,637,574,43,20,632,5,1150,513,516,116
7,BOTOSANI,313,0,Scoala Generala Ghiorteni,POMARLA,38544,C,3,977,947,30,630,574,30,26,624,6,1000,370,533,91
7,BOTOSANI,314,0,Scoala Generala Racovat,POMARLA,38544,C,3,287,278,9,174,157,9,8,172,2,350,176,139,33
7,BOTOSANI,315,0,Scoala Generala Prajeni,PRAJENI,38580,C,3,1425,1416,9,790,755,9,26,782,8,1500,710,618,164
7,BOTOSANI,316,0,Scoala Generala Luparia,PRAJENI,38580,C,3,675,669,6,390,374,6,10,385,5,700,310,299,86
7,BOTOSANI,317,0,Scoala Generala Miletin,PRAJENI,38580,C,3,481,472,9,287,278,9,0,283,4,500,213,234,49
7,BOTOSANI,318,0,Scoala Generala Rachiti,RACHITI,35839,C,3,1227,1213,14,646,632,14,0,634,12,1258,612,326,308
7,BOTOSANI,319,0,"Scoala Generala nr.1 ""Petru Suster"" Costesti",RACHITI,35839,C,3,1209,1191,18,838,820,18,0,834,4,1250,412,609,225
7,BOTOSANI,320,0,Scoala Generala Rosiori,RACHITI,35839,C,3,1077,1048,29,718,664,29,25,707,11,1100,382,546,161
7,BOTOSANI,321,0,Scoala Generala Radauti - Prut,RADAUTI-PRUT,38633,C,3,681,674,7,433,408,7,18,426,7,750,317,307,119
7,BOTOSANI,322,0,Scoala Generala Rediu,RADAUTI-PRUT,38633,C,3,898,869,29,598,534,29,35,593,5,950,352,505,88
7,BOTOSANI,323,0,Camin Cultural Miorcani de la A-I,RADAUTI-PRUT,38633,C,3,899,895,4,589,547,4,38,575,14,950,361,478,97
7,BOTOSANI,324,0,Camin Cultural Miorcani de la J-X,RADAUTI-PRUT,38633,C,3,825,819,6,542,518,6,18,530,12,850,308,428,102
7,BOTOSANI,325,1,Sector Politie de Frontiera,RADAUTI-PRUT,38633,C,3,0,0,0,92,0,0,92,92,0,100,8,66,26
7,BOTOSANI,326,0,Camin Cultural Rauseni,RAUSENI,38679,C,3,1345,1321,24,782,695,24,63,772,10,1400,618,659,113
7,BOTOSANI,327,0,Scoala Generala Doina,RAUSENI,38679,C,3,464,451,13,304,276,13,15,297,7,500,196,259,38
7,BOTOSANI,328,0,Scoala Generala Rediu,RAUSENI,38679,C,3,470,460,10,321,279,10,32,315,6,500,179,282,33
7,BOTOSANI,329,0,Camin Cultural Ripiceni,RIPICENI,38731,C,3,955,944,11,593,557,11,25,583,10,1000,407,414,169
7,BOTOSANI,330,0,Gradinita Ripiceni,RIPICENI,38731,C,3,814,808,6,528,492,6,30,520,8,850,322,363,157
7,BOTOSANI,331,0,Scoala Generala nr.1 Roma I,ROMA,38811,C,3,1315,1267,48,800,712,48,40,787,13,1350,550,602,185
7,BOTOSANI,332,0,Scoala Generala nr.2 Roma II,ROMA,38811,C,3,891,856,35,583,524,35,24,576,7,900,317,445,131
7,BOTOSANI,333,0,Scoala Generala Cotargaci,ROMA,38811,C,3,404,373,31,268,210,31,27,266,2,400,132,199,67
7,BOTOSANI,334,0,Scoala Generala Romanesti,ROMANESTI,38848,C,3,1253,1233,20,813,759,20,34,804,9,1300,487,687,117
7,BOTOSANI,335,0,Scoala Generala Damideni,ROMANESTI,38848,C,3,546,531,15,312,277,15,20,306,6,550,238,262,44
7,BOTOSANI,336,0,Camin Cultural Santa - Mare,SANTA MARE,38893,C,3,1116,1097,19,600,581,19,0,589,11,1150,550,478,111
7,BOTOSANI,337,0,Scoala Generala cu clasele I-IV Berza,SANTA MARE,38893,C,3,206,185,21,121,100,21,0,117,4,200,79,101,16
7,BOTOSANI,338,0,Scoala Generala cu clasele I-IV Ringhilesti,SANTA MARE,38893,C,3,418,383,35,228,193,35,0,226,2,450,222,175,51
7,BOTOSANI,339,0,Scoala Generala cu clasele I-VIII Bogdanesti,SANTA MARE,38893,C,3,348,334,14,240,216,14,10,237,3,350,110,207,30
7,BOTOSANI,340,0,Scoala Generala cu clasele I-IV Iliseni,SANTA MARE,38893,C,3,361,291,70,258,178,70,10,256,2,300,42,221,35
7,BOTOSANI,341,0,Camin Cultural Stauceni,STAUCENI,35884,C,3,1309,1296,13,779,766,13,0,766,13,1400,621,541,225
7,BOTOSANI,342,0,Scoala Generala Tocileni,STAUCENI,35884,C,3,1259,1247,12,771,716,12,43,764,7,1288,517,559,205
7,BOTOSANI,343,0,Scoala Generala nr.3 Suharau I,SUHARAU,38982,C,3,1266,1239,27,667,597,27,43,655,12,1300,633,497,158
7,BOTOSANI,344,0,Scoala Generala nr.2 Suharau II,SUHARAU,38982,C,3,681,630,51,447,376,51,20,442,5,700,253,350,92
7,BOTOSANI,345,0,Scoala Generala  Lisna,SUHARAU,38982,C,3,802,750,52,577,491,52,34,569,8,800,223,403,166
7,BOTOSANI,346,0,Scoala Generala Oroftiana,SUHARAU,38982,C,3,921,904,17,553,490,17,46,545,8,950,397,373,172
7,BOTOSANI,347,0,Gradinita Smirdan,SUHARAU,38982,C,3,716,693,23,527,450,23,54,526,1,750,223,363,163
7,BOTOSANI,348,0,Scoala Generala cu clasele I-VIII Sulita,SULITA,39051,C,3,1097,1061,36,678,608,36,34,673,5,1144,466,519,154
7,BOTOSANI,349,0,Scoala Generala cu clasele I-VIII Dracsani,SULITA,39051,C,3,1292,1245,47,826,766,47,13,816,10,1350,524,677,139
7,BOTOSANI,350,0,Localul Gradinitei Sat Chelis,SULITA,39051,C,3,301,263,38,240,192,38,10,231,9,300,60,178,53
7,BOTOSANI,351,0,Scoala Generala Sendriceni I (Ghilia),SENDRICENI,39122,C,3,1019,1010,9,486,477,9,0,483,3,1100,614,369,114
7,BOTOSANI,352,0,Scoala Generala Sendriceni II (Cobala),SENDRICENI,39122,C,3,652,642,10,367,357,10,0,361,6,700,333,270,91
7,BOTOSANI,353,0,Scoala Generala Horlaceni,SENDRICENI,39122,C,3,481,471,10,264,228,10,26,260,4,500,236,192,68
7,BOTOSANI,354,0,Scoala Generala Padureni,SENDRICENI,39122,C,3,957,954,3,502,482,3,17,499,3,1000,498,390,109
7,BOTOSANI,355,0,Caminul Cultural Stiubieni,STIUBIENI,39220,C,3,1565,1550,15,923,853,15,55,911,12,1650,727,747,164
7,BOTOSANI,356,0,Scoala Generala Negreni,STIUBIENI,39220,C,3,685,652,33,446,412,33,1,441,5,700,254,369,72
7,BOTOSANI,357,0,Camin Cultural Todireni A-L,TODIRENI,39266,C,3,1365,1352,13,787,730,13,44,774,13,1450,663,605,169
7,BOTOSANI,358,0,Scoala Generala nr. 2 Todireni,TODIRENI,39266,C,3,412,405,7,258,227,7,24,257,1,450,192,194,63
7,BOTOSANI,359,0,Scoala Gimnaziala Cernesti,TODIRENI,39266,C,3,702,691,11,412,377,11,24,408,4,750,338,352,56
7,BOTOSANI,360,0,Scoala Gimnaziala Iuresti,TODIRENI,39266,C,3,432,422,10,334,284,10,40,329,5,450,116,301,28
7,BOTOSANI,361,0,Scoala cu clasele I-VIII Trusesti A-H,TRUSESTI,39328,C,3,1005,1000,5,636,577,5,54,628,8,1050,414,317,311
7,BOTOSANI,362,0,Scoala cu clasele I-VIII Trusesti I-Z,TRUSESTI,39328,C,3,1013,1010,3,632,599,3,30,624,8,1100,468,341,283
7,BOTOSANI,363,0,Scoala cu clasele I-VIII Buhaceni,TRUSESTI,39328,C,3,667,664,3,496,462,3,31,488,8,700,204,381,107
7,BOTOSANI,364,0,Gradinita de Copii Drislea,TRUSESTI,39328,C,3,828,820,8,575,537,8,30,570,5,850,275,445,125
7,BOTOSANI,365,0,Scoala cu clasele I-VIII Ionaseni,TRUSESTI,39328,C,3,936,928,8,673,612,8,53,667,6,1000,327,547,120
7,BOTOSANI,366,0,"Scoala Generala ""Tiberiu Crudu"" Tudora, corp B",TUDORA,39391,C,3,1786,1777,9,899,845,9,45,871,28,1850,951,649,222
7,BOTOSANI,367,0,"Scoala Generala ""Tiberiu Crudu"" Tudora, corp C-sala 2",TUDORA,39391,C,3,1138,1132,6,532,499,6,27,526,6,1200,668,362,164
7,BOTOSANI,368,0,Scoala Generala Arini,TUDORA,39391,C,3,1212,1208,4,540,527,4,9,532,8,1250,710,365,167
7,BOTOSANI,369,0,Camin Cultural Ungureni,UNGURENI,39417,C,3,1378,1319,59,730,641,59,30,722,8,1400,670,556,166
7,BOTOSANI,370,0,Scoala Generala Epureni,UNGURENI,39417,C,3,1169,1100,69,625,543,69,13,617,8,1150,525,466,151
7,BOTOSANI,371,0,"Scoala Generala ""Mihai Viteazul""",UNGURENI,39417,C,3,377,348,29,279,232,29,18,277,2,450,171,220,57
7,BOTOSANI,372,0,Sala de festivitati Plopenii Mari,UNGURENI,39417,C,3,892,833,59,526,447,59,20,520,6,854,328,393,127
7,BOTOSANI,373,0,Camin Cultural Borzesti,UNGURENI,39417,C,3,1208,1193,15,723,651,15,57,717,6,1250,527,596,121
7,BOTOSANI,374,0,Scoala Calugarenii Vechi,UNGURENI,39417,C,3,612,545,67,405,314,67,24,398,7,600,195,328,70
7,BOTOSANI,375,0,Scoala cu clasele I-VIII Unteni,UNTENI,39532,C,3,1114,1095,19,651,612,19,20,644,7,1150,499,524,120
7,BOTOSANI,376,0,Scoala cu clasele I-VIII Manastireni,UNTENI,39532,C,3,683,666,17,428,377,17,34,420,8,700,272,327,93
7,BOTOSANI,377,0,Scoala cu clasele I-IV Burlesti,UNTENI,39532,C,3,678,657,21,461,403,21,37,456,5,700,239,391,65
7,BOTOSANI,378,0,Camin Cultural Vf. Campului,VARFU CAMPULUI,39694,C,3,1651,1646,5,1194,1092,5,97,1184,10,1750,556,697,487
7,BOTOSANI,379,0,Camin Cultural Ionaseni,VARFU CAMPULUI,39694,C,3,709,688,21,446,402,21,23,441,5,750,304,270,171
7,BOTOSANI,380,0,Scoala cu clasele I-IV Lunca,VARFU CAMPULUI,39694,C,3,597,502,95,475,380,95,0,469,6,650,175,276,193
7,BOTOSANI,381,0,Scoala Vaculesti,VACULESTI,39612,C,3,899,885,14,630,537,14,79,620,10,946,316,435,185
7,BOTOSANI,382,0,Scoala Saucenita,VACULESTI,39612,C,3,768,754,14,555,479,14,62,553,2,804,249,412,141
7,BOTOSANI,383,0,Scoala Gorovei,VACULESTI,39612,C,3,44,34,10,47,28,10,9,47,0,50,3,38,9
7,BOTOSANI,384,0,Camin Cultural Viisoara,VIISOARA,39658,C,3,863,859,4,549,515,4,30,544,5,900,351,399,145
7,BOTOSANI,385,0,"Scoala Generala ""Cuza Voda""",VIISOARA,39658,C,3,548,539,9,385,368,9,8,383,2,600,215,336,47
7,BOTOSANI,386,0,Scoala Generala Viisoara Mica,VIISOARA,39658,C,3,530,511,19,360,330,19,11,355,5,550,190,296,59
7,BOTOSANI,387,0,Scoala veche Vladeni,VLADENI,39738,C,3,1478,1451,27,869,784,27,58,864,5,1550,681,660,204
7,BOTOSANI,388,0,Scoala Generala Brehuesti,VLADENI,39738,C,3,1271,1255,16,748,682,16,50,734,14,1350,602,524,210
7,BOTOSANI,389,0,Scoala Generala Mandresti,VLADENI,39738,C,3,1151,1140,11,635,590,11,34,626,9,1200,565,455,171
7,BOTOSANI,390,0,Scoala Generala cu clasele I-VIII Vlasinesti,VLASINESTI,39792,C,3,1435,1398,37,924,849,37,38,914,10,1500,576,709,205
7,BOTOSANI,391,0,Scoala Generala cu clasele I-VIII Sarbi,VLASINESTI,39792,C,3,927,895,32,549,501,32,16,544,5,949,400,431,113
7,BOTOSANI,392,0,Scoala Generala Miron Costin,VLASINESTI,39792,C,3,327,309,18,192,163,18,11,187,5,350,158,144,43
7,BOTOSANI,393,0,Scoala Generala nr.1 Vorniceni,VORNICENI,39836,C,3,1382,1320,62,689,607,62,20,682,7,1450,761,534,148
7,BOTOSANI,394,0,Scoala Generala nr.2 Vorniceni,VORNICENI,39836,C,3,961,902,59,535,463,59,13,531,4,1000,465,441,90
7,BOTOSANI,395,0,Scoala Generala nr.3 Vorniceni,VORNICENI,39836,C,3,962,864,98,560,457,98,5,555,5,950,390,433,122
7,BOTOSANI,396,0,Scoala Generala Dealu Cruci,VORNICENI,39836,C,3,295,262,33,200,150,33,17,198,2,300,100,150,48
7,BOTOSANI,397,0,Scoala Generala Vorona Noua,VORONA,39872,C,3,702,484,218,472,254,218,0,466,6,550,78,293,173
7,BOTOSANI,398,0,"Grup Scolar ""Stefan cel Mare si Sfant"" Vorona",VORONA,39872,C,3,1519,1447,72,503,405,72,26,485,18,1550,1047,279,206
7,BOTOSANI,399,0,Scoala Generala Chiscovata,VORONA,39872,C,3,558,352,206,351,145,206,0,346,5,400,49,252,94
7,BOTOSANI,400,0,Scoala Generala Vorona Mare,VORONA,39872,C,3,927,870,57,521,434,57,30,510,11,950,429,340,170
7,BOTOSANI,401,0,Scoala Generala Joldesti,VORONA,39872,C,3,1051,990,61,589,528,61,0,580,9,1050,461,442,138
7,BOTOSANI,402,0,Scoala Generala Icuseni,VORONA,39872,C,3,1094,1015,79,609,520,79,10,602,7,1100,491,448,154
7,BOTOSANI,403,0,Scoala Generala Poiana,VORONA,39872,C,3,1205,1181,24,546,509,24,13,542,4,1244,698,366,176
8,BRASOV,1,0,Str. Egalitatii nr. 27,MUNICIPIUL BRASOV,40198,M,1,1321,1309,12,779,762,12,5,776,3,1400,621,215,561
8,BRASOV,2,0,Str. Egalitatii nr. 27,MUNICIPIUL BRASOV,40198,M,1,1333,1316,17,759,735,17,7,757,2,1500,741,175,582
8,BRASOV,3,0,Str. Constantin Brancoveanu nr. 33,MUNICIPIUL BRASOV,40198,M,1,1064,1047,17,624,606,17,1,623,1,1100,476,165,458
8,BRASOV,4,0,Str. Constantin Brancoveanu nr. 33,MUNICIPIUL BRASOV,40198,M,1,1447,1441,6,868,835,6,27,861,7,1500,632,251,610
8,BRASOV,5,0,Str. Prundului nr. 45,MUNICIPIUL BRASOV,40198,M,1,862,853,9,591,482,9,100,585,6,900,309,178,407
8,BRASOV,6,0,"Str. Prundului nr. 45, intrare prin str.   Bisericii Sf Nicolae",MUNICIPIUL BRASOV,40198,M,1,972,950,22,627,605,22,0,617,10,1000,373,190,427
8,BRASOV,7,0,Str. Prundului nr. 45 intrarea prin str. Bisericii Sf. Nicolae,MUNICIPIUL BRASOV,40198,M,1,1516,1495,21,811,785,21,5,805,6,1600,789,244,561
8,BRASOV,8,0,Str. Castelului nr. 4,MUNICIPIUL BRASOV,40198,M,1,1309,1293,16,689,671,16,2,681,8,1400,711,206,475
8,BRASOV,9,0,Str. Castelululi nr. 4,MUNICIPIUL BRASOV,40198,M,1,1134,1116,18,608,590,18,0,605,3,1200,592,165,440
8,BRASOV,10,0,Str. Castelululi nr. 4,MUNICIPIUL BRASOV,40198,M,1,1351,1332,19,680,661,19,0,677,3,1400,720,211,466
8,BRASOV,11,0,Str. Dupa Ziduri nr. 1,MUNICIPIUL BRASOV,40198,M,1,1443,1426,17,799,779,17,3,791,8,1500,701,251,540
8,BRASOV,12,0,Str. Dupa Ziduri nr. 1,MUNICIPIUL BRASOV,40198,M,1,1367,1352,15,798,775,15,8,797,1,1000,202,202,595
8,BRASOV,13,0,B-dul Eroilor nr. 7,MUNICIPIUL BRASOV,40198,M,1,1228,1201,27,680,651,27,2,675,5,1300,620,235,440
8,BRASOV,14,0,B-dul Eroilor nr. 7,MUNICIPIUL BRASOV,40198,M,1,1191,1175,16,655,635,16,4,652,3,1200,545,222,430
8,BRASOV,15,0,Str. Paltinis nr. 6,MUNICIPIUL BRASOV,40198,M,1,1593,1572,21,958,922,21,15,954,4,1600,642,254,700
8,BRASOV,16,0,Str. Paltinis nr. 6,MUNICIPIUL BRASOV,40198,M,1,903,888,15,568,553,15,0,561,4,1000,435,177,384
8,BRASOV,17,0,Str.Verii nr. 1,MUNICIPIUL BRASOV,40198,M,1,1333,1312,21,853,831,21,1,849,4,1400,547,220,629
8,BRASOV,18,0,Str. N. Titulescu nr. 2,MUNICIPIUL BRASOV,40198,M,1,909,898,11,574,563,11,0,569,5,1000,426,228,341
8,BRASOV,19,0,Str. Dr. Cantacuzino nr. 3intrare prin str. Toma Ionescu,MUNICIPIUL BRASOV,40198,M,1,1071,1049,22,649,625,22,2,646,3,1100,451,196,450
8,BRASOV,20,0,"Str. Plevnei nr. 2, corp 2",MUNICIPIUL BRASOV,40198,M,1,1086,1071,15,682,665,15,2,682,0,1100,418,210,472
8,BRASOV,21,0,Str. Mihai Viteazul nr. 100,MUNICIPIUL BRASOV,40198,M,1,1389,1367,22,863,784,22,57,859,4,1398,535,246,613
8,BRASOV,22,0,Str. Dr. Cantacuzino nr. 3,MUNICIPIUL BRASOV,40198,M,1,1120,1101,19,679,645,19,15,677,2,1100,421,203,474
8,BRASOV,23,0,Str. Dr. Cantacuzino nr. 3,MUNICIPIUL BRASOV,40198,M,1,1183,1170,13,700,683,13,4,696,4,1300,600,178,518
8,BRASOV,24,0,Primaria Brasov Intrare -N. Iorga,MUNICIPIUL BRASOV,40198,M,1,1273,1256,17,803,779,17,7,802,1,1290,487,256,546
8,BRASOV,25,0,Str. De Mijloc nr. 41,MUNICIPIUL BRASOV,40198,M,1,722,703,19,467,446,19,2,464,3,800,333,118,346
8,BRASOV,26,0,Str. De Mijloc nr. 41,MUNICIPIUL BRASOV,40198,M,1,1211,1196,15,642,622,15,5,639,3,1300,658,196,443
8,BRASOV,27,0,Str. Scolii nr. 2 A,MUNICIPIUL BRASOV,40198,M,1,1467,1456,11,893,857,11,25,887,6,1500,607,272,615
8,BRASOV,28,0,Str. Memorandumului nr. 10,MUNICIPIUL BRASOV,40198,M,1,1433,1408,25,872,847,25,0,870,2,1500,628,252,618
8,BRASOV,29,0,Str. Lunga nr. 192-194,MUNICIPIUL BRASOV,40198,M,1,1262,1239,23,683,660,23,0,679,4,1300,617,211,468
8,BRASOV,30,0,Str. Lunga nr. 192-194,MUNICIPIUL BRASOV,40198,M,1,1139,1122,17,617,567,17,33,613,4,1204,587,147,466
8,BRASOV,31,0,Str. Mica nr. 10,MUNICIPIUL BRASOV,40198,M,1,1230,1214,16,644,628,16,0,638,6,1300,656,221,417
8,BRASOV,32,0,Str. Carierei nr. 15,MUNICIPIUL BRASOV,40198,M,1,1526,1504,22,803,781,22,0,794,9,1503,700,258,536
8,BRASOV,33,0,Str. Agricultorilor nr. 53,MUNICIPIUL BRASOV,40198,M,1,1449,1425,24,706,682,24,0,702,4,1500,794,206,496
8,BRASOV,34,0,Str. Inului nr. 14,MUNICIPIUL BRASOV,40198,M,1,1310,1293,17,719,701,17,1,715,4,1400,681,158,557
8,BRASOV,35,0,Str. Agricultorilor nr. 3,MUNICIPIUL BRASOV,40198,M,1,2540,2519,21,1278,1256,21,1,1276,2,2600,1322,380,896
8,BRASOV,36,0,Str. Agricultorilor nr. 3,MUNICIPIUL BRASOV,40198,M,1,1556,1535,21,788,767,21,0,780,8,1579,791,232,548
8,BRASOV,37,0,Str. Lanii nr. 6,MUNICIPIUL BRASOV,40198,M,1,1949,1925,24,986,919,24,43,981,5,2000,1014,274,707
8,BRASOV,38,0,Str. Lanurilor nr. 9,MUNICIPIUL BRASOV,40198,M,1,863,850,13,392,379,13,0,389,3,800,408,75,314
8,BRASOV,39,0,Str. Agricultorilor 1-A,MUNICIPIUL BRASOV,40198,M,1,1949,1940,9,944,935,9,0,943,1,2013,1069,287,656
8,BRASOV,40,0,Str. Agricultorilor nr.3,MUNICIPIUL BRASOV,40198,M,1,961,948,13,507,490,13,4,505,2,1000,493,110,395
8,BRASOV,41,0,Str. Scolii nr. 6 A,MUNICIPIUL BRASOV,40198,M,1,1566,1547,19,902,882,19,1,897,5,1602,700,222,675
8,BRASOV,42,0,Str. Scolii nr. 11,MUNICIPIUL BRASOV,40198,M,1,1314,1296,18,784,745,18,21,779,5,1401,617,209,570
8,BRASOV,43,0,Str. Fagurului nr. 1,MUNICIPIUL BRASOV,40198,M,1,1982,1951,31,1030,999,31,0,1017,13,2100,1070,203,814
8,BRASOV,44,0,Str. T. Vladimirescu nr. 33,MUNICIPIUL BRASOV,40198,M,1,982,971,11,510,499,11,0,503,7,1000,490,168,335
8,BRASOV,45,0,B-dul Grivitei nr. 55,MUNICIPIUL BRASOV,40198,M,1,1513,1491,22,933,910,22,1,929,4,1600,667,291,638
8,BRASOV,46,0,Str. Mihai Viteazul nr. 100,MUNICIPIUL BRASOV,40198,M,1,1306,1286,20,854,770,20,64,849,5,1400,546,213,636
8,BRASOV,47,0,Str. Mihai Viteazul nr.  5,MUNICIPIUL BRASOV,40198,M,1,2173,2144,29,1263,1234,22,7,1260,3,2300,1037,340,920
8,BRASOV,48,0,Str. Armoniei nr. 6,MUNICIPIUL BRASOV,40198,M,1,1786,1756,30,1012,982,30,0,1012,0,1800,788,318,694
8,BRASOV,49,0,Str. Armoniei nr. 6,MUNICIPIUL BRASOV,40198,M,1,1621,1603,18,999,975,18,6,991,8,1700,701,366,625
8,BRASOV,50,0,Str. Armoniei nr. 6,MUNICIPIUL BRASOV,40198,M,1,1207,1196,11,717,705,11,1,710,7,1300,583,193,517
8,BRASOV,51,0,Str. Aurel Vlaicu nr. 26 bis,MUNICIPIUL BRASOV,40198,M,1,1659,1642,17,968,950,17,1,962,6,1700,732,242,720
8,BRASOV,52,0,Str. Aurel Vlaicu nr. 26 bis,MUNICIPIUL BRASOV,40198,M,1,2814,2792,22,1583,1561,22,0,1570,13,3000,1417,423,1147
8,BRASOV,53,0,Str. T. Vladimirescu nr. 33,MUNICIPIUL BRASOV,40198,M,1,2013,1997,16,1168,1152,16,0,1166,2,2100,932,372,794
8,BRASOV,54,0,Str. 1 Decembrie 1918 nr. 4,MUNICIPIUL BRASOV,40198,M,1,1227,1213,14,713,699,14,0,710,3,1300,587,303,407
8,BRASOV,55,0,Str. 1 Decembrie 1918 nr. 4,MUNICIPIUL BRASOV,40198,M,1,1952,1940,12,1094,1080,12,2,1092,2,2100,1006,281,811
8,BRASOV,56,0,Str. 1 Decembrie 1918 nr. 4,MUNICIPIUL BRASOV,40198,M,1,998,982,16,612,596,14,2,609,3,1100,488,199,410
8,BRASOV,57,0,Str. 1 Decembrie 1918  nr.4,MUNICIPIUL BRASOV,40198,M,1,1372,1361,11,816,805,11,0,810,6,1500,684,188,622
8,BRASOV,58,0,Str. Oltet nr. 11,MUNICIPIUL BRASOV,40198,M,1,1655,1630,25,919,894,25,0,914,5,1700,781,280,634
8,BRASOV,59,0,Str. Oltet nr. 12,MUNICIPIUL BRASOV,40198,M,1,1029,1021,8,615,599,8,8,610,5,1100,485,213,397
8,BRASOV,60,0,Str. Oltet nr. 12,MUNICIPIUL BRASOV,40198,M,1,1041,1026,15,618,603,15,0,613,5,1100,482,181,432
8,BRASOV,61,0,Str. Oltet nr. 12,MUNICIPIUL BRASOV,40198,M,1,1806,1796,10,1008,995,10,3,999,9,1900,892,279,720
8,BRASOV,62,0,Str. Turnului nr. 3,MUNICIPIUL BRASOV,40198,M,1,1766,1750,16,932,915,16,1,929,3,1900,968,257,672
8,BRASOV,63,0,Str. Turnului nr. 3,MUNICIPIUL BRASOV,40198,M,1,1471,1441,30,708,678,30,0,704,4,1500,792,220,484
8,BRASOV,64,0,Str. 13 Decembrie nr. 125,MUNICIPIUL BRASOV,40198,M,1,2601,2573,28,1328,1300,28,0,1324,4,2700,1372,443,881
8,BRASOV,65,0,Str. 13 Decembrie nr. 125,MUNICIPIUL BRASOV,40198,M,1,1680,1664,16,848,831,16,1,843,4,1800,953,255,588
8,BRASOV,66,0,Str. 13 Decembrie nr. 125,MUNICIPIUL BRASOV,40198,M,1,1940,1920,20,1013,993,20,0,1006,7,2000,987,301,705
8,BRASOV,67,0,Str. 13 Decembrie nr. 125,MUNICIPIUL BRASOV,40198,M,1,1483,1465,18,699,681,18,0,698,1,1500,801,199,499
8,BRASOV,68,0,Str. 13 Decembrie nr. 17 A,MUNICIPIUL BRASOV,40198,M,1,1233,1195,38,760,717,38,5,758,2,1300,540,210,548
8,BRASOV,69,0,Str. 13 Decembrie nr. 131,MUNICIPIUL BRASOV,40198,M,1,2134,2112,22,1206,1085,22,99,1201,4,2300,1095,404,797
8,BRASOV,70,0,Str. Bihorului nr. 3,MUNICIPIUL BRASOV,40198,M,1,945,932,13,618,599,13,6,613,5,996,378,164,449
8,BRASOV,71,0,Str. Bihorului nr. 3,MUNICIPIUL BRASOV,40198,M,1,781,763,18,473,449,18,6,468,5,802,329,163,305
8,BRASOV,72,0,Str. Bihorului nr. 3,MUNICIPIUL BRASOV,40198,M,1,1184,1158,26,679,653,26,0,674,5,1197,518,222,452
8,BRASOV,73,0,B-dul Victoriei nr. 10,MUNICIPIUL BRASOV,40198,M,1,1003,958,45,664,617,45,2,661,3,1100,436,191,470
8,BRASOV,74,0,Aleea Lacramioarelor nr. 2,MUNICIPIUL BRASOV,40198,M,1,1369,1355,14,883,868,14,1,874,9,1400,517,310,564
8,BRASOV,75,0,Aleea Lacramioarelor nr. 2,MUNICIPIUL BRASOV,40198,M,1,1511,1492,19,944,924,19,1,935,9,1600,656,331,604
8,BRASOV,76,0,Aleea Lacramioarelor nr. 2,MUNICIPIUL BRASOV,40198,M,1,1826,1802,24,1103,1079,24,0,1095,8,1900,797,382,713
8,BRASOV,77,0,B-dul Garii,MUNICIPIUL BRASOV,40198,M,1,602,593,9,371,361,9,1,368,3,700,329,98,270
8,BRASOV,78,0,B-dul Garii,MUNICIPIUL BRASOV,40198,M,1,859,828,31,2382,415,31,1936,2371,11,2600,218,507,1864
8,BRASOV,79,0,Str. Harmanului nr. 54,MUNICIPIUL BRASOV,40198,M,1,1179,1159,20,703,681,20,2,701,2,1303,600,196,505
8,BRASOV,80,0,Str. Albastrelelor nr. 29 A,MUNICIPIUL BRASOV,40198,M,1,1786,1765,21,1003,982,21,0,998,5,1900,897,293,705
8,BRASOV,81,0,Fundatura Harmanului nr. 12,MUNICIPIUL BRASOV,40198,M,1,3860,3790,70,1980,1910,70,0,1968,12,4014,2034,629,1339
8,BRASOV,82,0,Str. Fundatura Harmanului nr.12,MUNICIPIUL BRASOV,40198,M,1,1663,1624,39,829,790,39,0,823,6,1700,871,228,595
8,BRASOV,83,0,Str. Simeria nr. 5,MUNICIPIUL BRASOV,40198,M,1,2169,2142,27,1207,1178,27,2,1199,8,2200,993,350,849
8,BRASOV,84,0,Str. Simeria nr. 5,MUNICIPIUL BRASOV,40198,M,1,2210,2195,15,1218,1201,15,2,1203,15,2400,1182,329,874
8,BRASOV,85,0,Str. Prof. Bogdan Alexandru Nr.4 (Dobroliubov),MUNICIPIUL BRASOV,40198,M,1,1835,1818,17,1012,988,17,7,1003,9,1900,888,292,711
8,BRASOV,86,0,Str. Prof. Bogdan Alexandru Nr.4 (Dobroliubov),MUNICIPIUL BRASOV,40198,M,1,1618,1606,12,886,874,12,0,878,8,1700,814,233,645
8,BRASOV,87,0,Str. Drezinei nr. 2,MUNICIPIUL BRASOV,40198,M,1,2272,2252,20,1228,1207,20,1,1220,8,2400,1172,312,908
8,BRASOV,88,0,Str. Busuiocului nr. 1,MUNICIPIUL BRASOV,40198,M,1,1578,1560,18,910,888,18,4,908,2,1600,690,307,601
8,BRASOV,89,0,Str. Busuiocului nr. 1,MUNICIPIUL BRASOV,40198,M,1,2147,2131,16,1184,1168,16,0,1169,15,2200,1016,389,780
8,BRASOV,90,0,Str. Busuiocului nr. 1,MUNICIPIUL BRASOV,40198,M,1,1572,1550,22,821,799,22,0,815,6,1600,779,240,575
8,BRASOV,91,0,Str. Albastrelelor nr. 10,MUNICIPIUL BRASOV,40198,M,1,1542,1515,27,828,801,27,0,823,5,1600,772,257,566
8,BRASOV,92,0,Str. Margaritarelor nr. 2,MUNICIPIUL BRASOV,40198,M,1,1981,1959,22,1216,1187,22,7,1210,6,2100,884,425,785
8,BRASOV,93,0,Str. Margaritarelor nr. 2,MUNICIPIUL BRASOV,40198,M,1,527,517,10,320,310,10,0,318,2,600,280,96,222
8,BRASOV,94,0,Str. Margaritarelor nr. 2,MUNICIPIUL BRASOV,40198,M,1,1679,1664,15,935,920,15,0,931,4,1800,865,309,622
8,BRASOV,95,0,Str. Margaritarelor nr. 2,MUNICIPIUL BRASOV,40198,M,1,1010,995,15,589,574,15,0,584,5,1100,511,179,405
8,BRASOV,96,0,Str. Margaritarelor nr. 2,MUNICIPIUL BRASOV,40198,M,1,1689,1675,14,974,960,14,0,968,6,1700,726,302,666
8,BRASOV,97,0,Aleea Mimozei nr. 11,MUNICIPIUL BRASOV,40198,M,1,1992,1969,23,970,947,23,0,962,8,2100,1130,310,652
8,BRASOV,98,0,Aleea Mimozei nr. 11,MUNICIPIUL BRASOV,40198,M,1,3091,3058,33,1565,1532,33,0,1553,12,3200,1635,508,1045
8,BRASOV,99,0,Str. Stefan cel Mare nr. 11,MUNICIPIUL BRASOV,40198,M,1,1355,1325,30,786,756,30,0,782,4,1400,614,202,580
8,BRASOV,100,0,Str. Stefan cel Mare nr. 11,MUNICIPIUL BRASOV,40198,M,1,1825,1807,18,1048,1029,18,1,1042,6,1900,852,291,751
8,BRASOV,101,0,Str. Lunii nr. 6,MUNICIPIUL BRASOV,40198,M,1,1759,1723,36,985,947,36,2,976,9,1900,915,282,694
8,BRASOV,102,0,Str. Zizinului nr. 46,MUNICIPIUL BRASOV,40198,M,1,1739,1716,23,1020,996,23,1,1013,6,1933,914,254,759
8,BRASOV,103,0,Str. Baba Novac nr. 15 A,MUNICIPIUL BRASOV,40198,M,1,2015,1966,49,1132,1082,49,1,1129,3,2100,968,334,795
8,BRASOV,104,0,Str. Busuiocului nr. 1,MUNICIPIUL BRASOV,40198,M,1,1527,1502,25,788,762,25,1,783,5,1600,812,261,522
8,BRASOV,105,0,Str. Zizinului nr. 128,MUNICIPIUL BRASOV,40198,M,1,250,236,14,130,114,14,2,130,0,300,170,28,102
8,BRASOV,106,0,Str. Zizinului nr. 144,MUNICIPIUL BRASOV,40198,M,1,2061,2018,43,1024,980,43,1,1016,8,2100,1076,345,671
8,BRASOV,107,0,Str. Zizinului nr. 144,MUNICIPIUL BRASOV,40198,M,1,2214,2201,13,1167,1154,13,0,1158,9,2300,1133,431,727
8,BRASOV,108,0,Str.Neptun nr. 1,MUNICIPIUL BRASOV,40198,M,1,1173,1159,14,581,563,14,4,578,3,1300,719,153,425
8,BRASOV,109,0,Str.Neptun nr. 1,MUNICIPIUL BRASOV,40198,M,1,1585,1570,15,923,904,15,4,919,4,1700,777,316,603
8,BRASOV,110,0,Str. Venus nr. 1,MUNICIPIUL BRASOV,40198,M,1,1455,1442,13,857,843,13,1,856,1,1500,643,284,572
8,BRASOV,111,0,Str. Venus nr. 1,MUNICIPIUL BRASOV,40198,M,1,1047,1029,18,651,631,18,2,648,3,1100,449,199,449
8,BRASOV,112,0,Str. Venus nr. 1,MUNICIPIUL BRASOV,40198,M,1,1206,1191,15,670,655,15,0,668,2,1200,530,181,487
8,BRASOV,113,0,Str. Jupiter nr. 4,MUNICIPIUL BRASOV,40198,M,1,1844,1827,17,1025,1008,17,0,1017,8,1900,875,394,623
8,BRASOV,114,0,Str. Minerva nr. 11,MUNICIPIUL BRASOV,40198,M,1,1223,1211,12,730,718,12,0,725,5,1302,572,212,513
8,BRASOV,115,0,Str. Minerva nr. 11,MUNICIPIUL BRASOV,40198,M,1,898,884,14,506,489,14,3,503,3,1000,494,174,329
8,BRASOV,116,0,Str. Mercur nr. 7,MUNICIPIUL BRASOV,40198,M,1,1737,1708,29,987,958,29,0,980,7,1800,813,339,641
8,BRASOV,117,0,Str. Aurora nr. 24,MUNICIPIUL BRASOV,40198,M,1,1098,1081,17,644,627,17,0,642,2,1200,556,263,379
8,BRASOV,118,0,B-dul Stefan cel Mare nr. 15,MUNICIPIUL BRASOV,40198,M,1,888,874,14,550,534,14,2,527,7,1004,470,214,313
8,BRASOV,119,0,B-dul Stefan cel Mare nr. 15,MUNICIPIUL BRASOV,40198,M,1,980,967,13,601,588,13,0,596,5,1105,504,221,375
8,BRASOV,120,0,Str. Jupiter,MUNICIPIUL BRASOV,40198,M,1,1198,1178,20,671,651,20,0,665,6,1300,629,199,466
8,BRASOV,121,0,B-dul Stefan cel Mare nr. 16 A,MUNICIPIUL BRASOV,40198,M,1,626,614,12,369,355,12,2,363,6,705,336,137,226
8,BRASOV,122,0,Str. Mercur nr. 7,MUNICIPIUL BRASOV,40198,M,1,1703,1685,18,966,946,18,2,957,3,1800,834,364,593
8,BRASOV,123,0,Str. Lunii nr. 6,MUNICIPIUL BRASOV,40198,M,1,1378,1328,50,764,714,50,0,758,6,1400,636,227,531
8,BRASOV,124,0,Str.Szemier Ferencz nr. 3(Muncii),MUNICIPIUL BRASOV,40198,M,1,1336,1285,51,707,655,51,1,706,1,1394,687,224,482
8,BRASOV,125,0,Str. Jupiter nr. 4,MUNICIPIUL BRASOV,40198,M,1,693,681,12,469,457,12,0,468,1,795,326,168,300
8,BRASOV,126,0,Calea Bucuresti nr. 68,MUNICIPIUL BRASOV,40198,M,1,1416,1396,20,813,773,20,20,805,7,1500,688,301,504
8,BRASOV,127,0,B-dul Stefan cel Mare nr. 15,MUNICIPIUL BRASOV,40198,M,1,1924,1835,89,1176,1085,89,2,1165,11,1902,726,436,729
8,BRASOV,128,0,B-dul Stefan cel Mare nr. 15,MUNICIPIUL BRASOV,40198,M,1,1741,1728,13,924,905,13,6,905,19,1800,876,320,585
8,BRASOV,129,0,B-dul Stefan cel Mare nr. 15,MUNICIPIUL BRASOV,40198,M,1,836,823,13,486,472,13,1,482,4,900,414,156,326
8,BRASOV,130,0,Str. Barbu Lautaru nr. 10,MUNICIPIUL BRASOV,40198,M,1,1527,1515,12,816,801,12,3,814,2,1600,784,280,534
8,BRASOV,131,0,Str. Traian nr. 4,MUNICIPIUL BRASOV,40198,M,1,2288,2272,16,1245,1229,16,0,1237,8,2404,1159,348,889
8,BRASOV,132,1,Str. Traian nr. 4,MUNICIPIUL BRASOV,40198,M,1,10,0,10,17,0,10,7,17,0,502,485,6,11
8,BRASOV,133,0,Str. Traian nr. 4,MUNICIPIUL BRASOV,40198,M,1,1976,1959,17,1120,1102,17,1,1115,5,2100,980,330,785
8,BRASOV,134,0,Calea Bucuresti nr. 75,MUNICIPIUL BRASOV,40198,M,1,2012,1998,14,1090,1074,14,2,1083,7,2100,1009,322,761
8,BRASOV,135,0,Calea Bucuresti nr. 75,MUNICIPIUL BRASOV,40198,M,1,1195,1163,32,768,736,32,0,764,4,1300,532,189,575
8,BRASOV,136,0,Calea Bucuresti nr. 75,MUNICIPIUL BRASOV,40198,M,1,785,770,15,448,431,15,2,446,2,891,443,121,325
8,BRASOV,137,0,Calea Bucuresti nr. 75,MUNICIPIUL BRASOV,40198,M,1,2048,2028,20,1086,1039,20,27,1078,8,2200,1114,310,768
8,BRASOV,138,0,Str. Cocorului nr. 10,MUNICIPIUL BRASOV,40198,M,1,2446,2424,22,1467,1436,22,9,1461,6,2595,1128,413,1048
8,BRASOV,139,0,Str. Cocorului nr. 10,MUNICIPIUL BRASOV,40198,M,1,757,747,10,469,459,10,0,467,2,800,331,127,340
8,BRASOV,140,0,Str. Cocorului nr. 10,MUNICIPIUL BRASOV,40198,M,1,2059,2044,15,1167,1151,15,1,1162,5,2305,1138,336,826
8,BRASOV,141,0,Str. Cocorului nr. 10,MUNICIPIUL BRASOV,40198,M,1,1964,1944,20,1046,1025,20,1,1042,4,2100,1054,332,710
8,BRASOV,142,0,Str. Barbu Lautaru nr. 10,MUNICIPIUL BRASOV,40198,M,1,1406,1387,19,785,766,19,0,778,7,1514,729,292,486
8,BRASOV,143,0,Str. Barbu Lautaru nr. 10,MUNICIPIUL BRASOV,40198,M,1,1542,1521,21,887,866,21,0,880,7,1700,813,263,617
8,BRASOV,144,0,Str. Barbu Lautaru nr. 10,MUNICIPIUL BRASOV,40198,M,1,1092,1082,10,629,619,10,0,624,5,1201,572,205,419
8,BRASOV,145,0,Str. Barbu Lautaru nr. 10,MUNICIPIUL BRASOV,40198,M,1,1046,1034,12,559,547,12,0,557,2,1100,541,154,403
8,BRASOV,146,0,Str. Barbu Lautaru nr. 8,MUNICIPIUL BRASOV,40198,M,1,1832,1809,23,920,897,23,0,912,8,2000,1080,303,609
8,BRASOV,147,0,Str. Barbu Lautaru nr. 10,MUNICIPIUL BRASOV,40198,M,1,1549,1534,15,842,826,15,1,834,8,1700,858,239,595
8,BRASOV,148,0,Str. Barbu Lautaru nr. 8,MUNICIPIUL BRASOV,40198,M,1,1918,1900,18,1057,1039,18,0,1054,3,2100,1043,310,744
8,BRASOV,149,0,Str. Barbu Lautaru nr. 8,MUNICIPIUL BRASOV,40198,M,1,933,922,11,561,516,11,34,559,2,1000,439,157,402
8,BRASOV,150,0,Str. Carpatilor nr. 60,MUNICIPIUL BRASOV,40198,M,1,1152,1129,23,607,584,23,0,605,2,1200,593,221,384
8,BRASOV,151,0,Str. Carpatilor nr. 60,MUNICIPIUL BRASOV,40198,M,1,1674,1659,15,879,864,15,0,874,5,1800,921,292,582
8,BRASOV,152,0,Str. Carpatilor nr. 60,MUNICIPIUL BRASOV,40198,M,1,1586,1559,27,811,784,27,0,808,3,1600,789,217,591
8,BRASOV,153,0,Str. Carpatilor nr. 44,MUNICIPIUL BRASOV,40198,M,1,1458,1432,26,909,883,26,0,903,6,1500,591,246,657
8,BRASOV,154,0,Str. Poienelor nr.5,MUNICIPIUL BRASOV,40198,M,1,1612,1584,28,838,810,28,0,833,5,1700,862,237,596
8,BRASOV,155,0,B-dul Valea Cetatii nr. 8,MUNICIPIUL BRASOV,40198,M,1,1465,1445,20,1083,1060,20,3,1079,4,2200,1117,269,810
8,BRASOV,156,0,B-dul Valea Cetatii nr. 8,MUNICIPIUL BRASOV,40198,M,1,1565,1557,8,827,817,8,2,824,3,1700,873,183,641
8,BRASOV,157,0,B-dul Valea Cetatii nr. 8,MUNICIPIUL BRASOV,40198,M,1,1540,1531,9,793,783,9,1,784,9,1500,707,198,586
8,BRASOV,158,0,B-dul Valea Cetatii nr. 8,MUNICIPIUL BRASOV,40198,M,1,2047,2038,9,1139,1126,9,4,1135,4,2200,1061,272,863
8,BRASOV,159,0,Str. Jepilor nr. 1,MUNICIPIUL BRASOV,40198,M,1,887,870,17,557,540,10,7,555,2,1000,443,142,413
8,BRASOV,160,0,Str. Jepilor nr. 1,MUNICIPIUL BRASOV,40198,M,1,1942,1909,33,980,947,33,0,977,3,2100,1120,258,719
8,BRASOV,161,0,Str. Jepilor nr. 1,MUNICIPIUL BRASOV,40198,M,1,1779,1758,21,994,970,21,3,990,4,1900,906,243,747
8,BRASOV,162,0,Str. Jepilor nr. 1,MUNICIPIUL BRASOV,40198,M,1,2518,2502,16,1273,1256,16,1,1267,6,2725,1452,345,922
8,BRASOV,163,0,Str. Jepilor nr.1,MUNICIPIUL BRASOV,40198,M,1,2348,2331,17,1280,1262,17,1,1277,3,2600,1320,388,889
8,BRASOV,164,0,Str. Brazilor nr. 18,MUNICIPIUL BRASOV,40198,M,1,2460,2438,22,1118,1095,22,1,1107,11,2700,1582,329,778
8,BRASOV,165,0,Str. Brazilor nr. 18,MUNICIPIUL BRASOV,40198,M,1,1994,1972,22,1051,1025,22,4,1043,8,2200,1149,338,705
8,BRASOV,166,0,Str. Prunului nr. 1,MUNICIPIUL BRASOV,40198,M,1,2516,2497,19,1266,1246,19,1,1253,13,2700,1434,420,833
8,BRASOV,167,0,Str. Prunului nr. 1,MUNICIPIUL BRASOV,40198,M,1,1825,1802,23,871,848,23,0,868,3,2000,1129,248,620
8,BRASOV,168,0,Str. Prunului nr. 1,MUNICIPIUL BRASOV,40198,M,1,1960,1942,18,980,962,18,0,979,1,2100,1120,324,655
8,BRASOV,169,0,Str. Prunului nr. 1,MUNICIPIUL BRASOV,40198,M,1,2393,2379,14,1201,1186,14,1,1186,13,2600,1399,366,820
8,BRASOV,170,0,Calea Bucuresti nr. 257,MUNICIPIUL BRASOV,40198,M,1,1220,1193,27,627,600,27,0,618,9,1299,672,200,418
8,BRASOV,171,0,Calea Bucuresti nr. 257,MUNICIPIUL BRASOV,40198,M,1,1606,1593,13,899,884,13,2,889,10,1800,901,303,586
8,BRASOV,172,1,Str. Gh. Baritiu nr. 36,MUNICIPIUL BRASOV,40198,M,1,9,0,9,374,0,9,365,365,9,400,26,112,253
8,BRASOV,173,1,"B-dul ""15 Noiembrie"" nr. 60",MUNICIPIUL BRASOV,40198,M,1,8,0,8,212,0,8,204,209,3,300,88,87,122
8,BRASOV,174,1,Str. Mihai Viteazul nr. 9,MUNICIPIUL BRASOV,40198,M,1,21,0,21,43,0,21,22,43,0,100,57,18,25
8,BRASOV,175,1,Calea Bucuresti nr. 25-27,MUNICIPIUL BRASOV,40198,M,1,11,0,11,554,0,11,543,550,4,900,346,203,347
8,BRASOV,176,1,Str. Oltet nr. 2,MUNICIPIUL BRASOV,40198,M,1,10,0,10,75,0,10,65,75,0,230,155,27,48
8,BRASOV,177,1,Str. Pietei nr. 9,MUNICIPIUL BRASOV,40198,M,1,13,0,13,75,0,13,62,75,0,300,225,28,47
8,BRASOV,178,1,Str. Universitatii,MUNICIPIUL BRASOV,40198,M,1,13,0,13,675,0,10,665,672,3,900,225,145,527
8,BRASOV,179,1,Str. Memorandului,MUNICIPIUL BRASOV,40198,M,1,12,0,12,985,0,12,973,976,9,1100,115,221,755
8,BRASOV,180,0,S.C. POIANA S.A. BRASOV Cantina,MUNICIPIUL BRASOV,40198,M,1,356,338,18,153,131,18,4,151,2,1002,849,24,127
8,BRASOV,181,0,Str. Chimistilor nr. 3,MUNICIPIUL CODLEA,40241,M,1,2682,2659,23,1309,1283,23,3,1296,13,2900,1591,511,785
8,BRASOV,182,0,Str. Chimistilor nr. 1,MUNICIPIUL CODLEA,40241,M,1,1459,1445,14,756,742,14,0,755,1,1600,844,262,493
8,BRASOV,183,0,Str. Nuferilor nr.13,MUNICIPIUL CODLEA,40241,M,1,1824,1785,39,1073,905,39,129,1067,6,2000,927,373,694
8,BRASOV,184,0,Str. Laterala nr.1,MUNICIPIUL CODLEA,40241,M,1,1211,1199,12,654,642,12,0,652,2,1300,646,194,458
8,BRASOV,185,0,Str. Magurii nr. 3,MUNICIPIUL CODLEA,40241,M,1,1425,1408,17,985,769,17,199,979,6,1600,615,251,728
8,BRASOV,186,0,Str. Magurii nr. 6,MUNICIPIUL CODLEA,40241,M,1,1518,1502,16,760,744,16,0,754,6,1700,940,279,475
8,BRASOV,187,0,Str. Lunga 147,MUNICIPIUL CODLEA,40241,M,1,1556,1543,13,660,646,13,1,653,7,1705,1045,319,334
8,BRASOV,188,0,Str. 9 Mai nr.41-43,MUNICIPIUL CODLEA,40241,M,1,1464,1456,8,758,750,8,0,756,2,1600,842,303,453
8,BRASOV,189,0,Str. Freziei nr.2,MUNICIPIUL CODLEA,40241,M,1,1766,1756,10,911,901,10,0,907,4,2000,1089,306,601
8,BRASOV,190,0,Str. Freziei nr.2,MUNICIPIUL CODLEA,40241,M,1,2061,2049,12,993,981,12,0,989,4,2300,1307,318,671
8,BRASOV,191,0,Str.Closca nr. 26,MUNICIPIUL CODLEA,40241,M,1,1675,1658,17,877,860,17,0,873,4,1800,923,268,605
8,BRASOV,192,0,Str. Carpatilor nr. 23,MUNICIPIUL CODLEA,40241,M,1,1607,1593,14,1014,968,14,32,995,19,1800,786,482,513
8,BRASOV,193,1,Spitalul Municipal  Codlea,MUNICIPIUL CODLEA,40241,M,1,9,0,9,52,0,9,43,50,2,100,48,17,33
8,BRASOV,194,0,Centrul de zi pentru persoane varstnice Cartierul Tudor Vladimirescu,MUNICIPIUL FAGARAS,40278,M,1,1973,1955,18,806,780,18,8,804,2,2200,1394,274,530
8,BRASOV,195,0,Centrul de zi pentru persoane varstnice Cartierul Tudor Vladimirescu,MUNICIPIUL FAGARAS,40278,M,1,1782,1771,11,806,710,11,85,797,9,1900,1094,281,516
8,BRASOV,196,0,Str. Mihai Viteazu nr. 1,MUNICIPIUL FAGARAS,40278,M,1,1560,1527,33,786,753,29,4,781,5,1703,917,198,583
8,BRASOV,197,0,Str. Mihai Viteazu nr. 1,MUNICIPIUL FAGARAS,40278,M,1,1643,1635,8,761,749,8,4,757,4,1800,1039,172,585
8,BRASOV,198,0,Str. Gheorghe Doja nr. 48,MUNICIPIUL FAGARAS,40278,M,1,1122,1086,36,688,652,36,0,684,4,1200,512,228,456
8,BRASOV,199,0,Str. Republicii nr. 6,MUNICIPIUL FAGARAS,40278,M,1,1187,1174,13,567,551,13,3,563,4,1300,733,164,399
8,BRASOV,200,0,Str. Doamna Stanca nr. 14,MUNICIPIUL FAGARAS,40278,M,1,1701,1683,18,869,849,18,2,868,1,1900,1031,197,671
8,BRASOV,201,0,Str. Doamna Stanca nr. 33,MUNICIPIUL FAGARAS,40278,M,1,1644,1621,23,796,773,23,0,795,1,1800,1004,210,585
8,BRASOV,202,0,Str. Scolii nr. 16,MUNICIPIUL FAGARAS,40278,M,1,1381,1334,47,711,663,47,1,709,2,1500,789,142,567
8,BRASOV,203,0,Str. Scolii nr. 16,MUNICIPIUL FAGARAS,40278,M,1,1573,1550,23,794,766,23,5,790,4,1700,906,224,566
8,BRASOV,204,0,Str. Scolii nr. 1,MUNICIPIUL FAGARAS,40278,M,1,1446,1427,19,673,654,19,0,668,5,1600,927,152,516
8,BRASOV,205,0,Str. Scolii nr. 1,MUNICIPIUL FAGARAS,40278,M,1,1728,1714,14,789,775,14,0,786,3,1900,1111,174,612
8,BRASOV,206,0,Str. 13 Decembrie,MUNICIPIUL FAGARAS,40278,M,1,1400,1385,15,618,601,15,2,614,4,1500,882,156,458
8,BRASOV,207,0,Str. 13 Decembrie,MUNICIPIUL FAGARAS,40278,M,1,1321,1298,23,611,588,23,0,607,4,1400,789,248,359
8,BRASOV,208,0,Str. 1 Decembrie 1918,MUNICIPIUL FAGARAS,40278,M,1,1669,1658,11,763,742,11,10,762,1,1800,1037,195,567
8,BRASOV,209,0,Str. 1 Decembrie 1918,MUNICIPIUL FAGARAS,40278,M,1,1375,1363,12,593,576,12,5,588,5,1500,907,176,412
8,BRASOV,210,0,Str. Combinatului nr.3,MUNICIPIUL FAGARAS,40278,M,1,1264,1253,11,526,501,11,14,519,7,1400,874,219,300
8,BRASOV,211,0,Str. Combinatului nr.3,MUNICIPIUL FAGARAS,40278,M,1,1144,1112,32,545,457,32,56,539,6,1200,655,268,271
8,BRASOV,212,0,Str. Negoiu  nr. 147,MUNICIPIUL FAGARAS,40278,M,1,1438,1418,20,607,587,20,0,602,5,1400,793,147,455
8,BRASOV,213,0,Str. Negoiu,MUNICIPIUL FAGARAS,40278,M,1,1348,1323,25,656,631,25,0,651,5,1600,944,216,435
8,BRASOV,214,0,Str. Negoiu,MUNICIPIUL FAGARAS,40278,M,1,1644,1624,20,664,640,20,4,659,5,1800,1136,207,452
8,BRASOV,215,0,"Str. Negoiu bl. 11, sc.C+D",MUNICIPIUL FAGARAS,40278,M,1,1349,1311,38,703,660,38,5,698,5,1300,597,205,493
8,BRASOV,216,0,Str. Parcului nr. 2,MUNICIPIUL FAGARAS,40278,M,1,1780,1766,14,797,781,14,2,794,3,2000,1203,215,579
8,BRASOV,217,0,Str. Vasile Alecsandri,MUNICIPIUL FAGARAS,40278,M,1,1300,1277,23,690,662,23,5,685,5,1400,710,221,464
8,BRASOV,218,1,Str.Ghioceilor nr.1,MUNICIPIUL FAGARAS,40278,M,1,9,0,9,125,0,9,116,125,0,400,275,32,93
8,BRASOV,219,1,Stacia CFR Fagaras,MUNICIPIUL FAGARAS,40278,M,1,22,0,22,515,0,22,493,514,1,700,185,138,376
8,BRASOV,220,0,B-dul Brasovului nr. 227,MUNICIPIUL SACELE,40438,M,1,1635,1612,23,1035,921,23,91,1024,11,1805,770,315,709
8,BRASOV,221,0,B-dul Brasovului nr. 250,MUNICIPIUL SACELE,40438,M,1,1580,1568,12,815,803,12,0,805,10,1700,885,309,496
8,BRASOV,222,0,Str. Scolii nr. 2,MUNICIPIUL SACELE,40438,M,1,1298,1286,12,732,720,12,0,726,6,1403,671,263,463
8,BRASOV,223,0,B-dul Brasovului nr. 107,MUNICIPIUL SACELE,40438,M,1,1307,1287,20,733,713,20,0,708,5,1400,687,216,492
8,BRASOV,224,0,Str. Mihai Eminescu nr. 6,MUNICIPIUL SACELE,40438,M,1,1322,1310,12,776,764,12,0,764,12,1500,724,203,561
8,BRASOV,225,0,Piata Libertatii nr. 24,MUNICIPIUL SACELE,40438,M,1,1738,1722,16,965,938,16,11,955,10,2000,1035,301,654
8,BRASOV,226,0,B-dul George Moroianu nr. 17,MUNICIPIUL SACELE,40438,M,1,1596,1588,8,884,869,8,7,880,4,1700,816,324,556
8,BRASOV,227,0,B-dul George Moroianu nr. 17,MUNICIPIUL SACELE,40438,M,1,1373,1359,14,765,742,14,9,761,4,1500,735,293,468
8,BRASOV,228,0,Str. Poienii nr. 1,MUNICIPIUL SACELE,40438,M,1,1659,1647,12,978,965,12,1,968,10,1800,822,307,661
8,BRASOV,229,0,B-dul George Moroianu nr. 291,MUNICIPIUL SACELE,40438,M,1,1525,1514,11,965,950,11,4,958,7,1700,735,335,623
8,BRASOV,230,0,Str. Parcului nr. 18,MUNICIPIUL SACELE,40438,M,1,1271,1256,15,771,749,15,7,765,6,1403,632,316,449
8,BRASOV,231,0,Str. Parcului nr. 22,MUNICIPIUL SACELE,40438,M,1,974,960,14,538,524,14,0,535,3,1097,559,203,332
8,BRASOV,232,0,Str. Viitorului nr. 1,MUNICIPIUL SACELE,40438,M,1,1586,1569,17,987,968,17,2,985,2,1700,713,389,596
8,BRASOV,233,0,Str. Viitorului bl. 22,MUNICIPIUL SACELE,40438,M,1,1529,1515,14,929,912,14,3,926,3,1700,771,372,554
8,BRASOV,234,0,Str. Viitorului bl. 22,MUNICIPIUL SACELE,40438,M,1,1245,1232,13,826,812,13,1,822,4,1400,574,291,531
8,BRASOV,235,0,B-dul George Moroianu nr. 399,MUNICIPIUL SACELE,40438,M,1,1582,1568,14,932,917,14,1,911,21,1712,780,373,538
8,BRASOV,236,0,Str. Barajului nr. 49,MUNICIPIUL SACELE,40438,M,1,1722,1700,22,1369,1346,22,1,1310,59,1909,540,900,410
8,BRASOV,237,1,Spitalul Municipal Sacele,MUNICIPIUL SACELE,40438,M,1,7,0,7,56,0,7,49,55,1,200,144,24,31
8,BRASOV,238,0,Str. Lunga nr. 69,ORAS GHIMBAV,40214,O,1,1627,1603,24,1041,875,24,142,1037,4,1800,759,316,721
8,BRASOV,239,0,Str. Pietii nr. 70,ORAS GHIMBAV,40214,O,1,1411,1387,24,798,774,24,0,792,6,1500,702,229,563
8,BRASOV,240,0,Str. Scolii nr. 258,ORAS GHIMBAV,40214,O,1,1381,1364,17,686,669,17,0,682,4,1500,814,214,468
8,BRASOV,241,0,Str. M. Saulescu nr. 127,ORAS PREDEAL,40303,O,1,1717,1687,30,934,862,30,42,929,5,1600,666,276,653
8,BRASOV,242,0,Str. M.Saulescu nr.91,ORAS PREDEAL,40303,O,1,2107,2084,23,1199,1049,23,127,1192,7,2307,1108,327,865
8,BRASOV,243,0,Str. Sos. Nationala nr. 25,ORAS PREDEAL,40303,O,1,269,252,17,144,113,17,14,143,1,300,156,50,93
8,BRASOV,244,0,Str. Piatra Mare nr. 1,ORAS PREDEAL,40303,O,1,576,558,18,274,256,18,0,268,6,600,326,106,162
8,BRASOV,245,1,Statia CFR,ORAS PREDEAL,40303,O,1,13,0,13,1230,0,13,1217,1227,3,1300,70,288,939
8,BRASOV,246,1,Sanatoriul de nevroze,ORAS PREDEAL,40303,O,1,19,0,19,48,0,19,29,48,0,300,252,19,29
8,BRASOV,247,1,Timisul de Sus Soseaua nationala nr. 19,ORAS PREDEAL,40303,O,1,8,0,8,59,0,8,51,56,3,200,141,17,39
8,BRASOV,248,0,Str. I.L Caragiale nr. 131,ORAS RASNOV,40367,O,1,1972,1943,29,1143,1114,29,0,1130,13,2100,957,415,715
8,BRASOV,249,0,Str. I.L.Caragiale nr. 131,ORAS RASNOV,40367,O,1,526,517,9,371,358,9,4,363,8,600,229,193,170
8,BRASOV,250,0,Piata Scolii nr. 3,ORAS RASNOV,40367,O,1,1257,1242,15,744,726,15,3,740,4,1400,656,286,454
8,BRASOV,251,0,Piata Scolii nr. 3,ORAS RASNOV,40367,O,1,1417,1405,12,819,807,12,0,814,5,1500,681,289,525
8,BRASOV,252,0,Str. Campului nr. 2,ORAS RASNOV,40367,O,1,830,812,18,417,399,18,0,415,2,900,483,138,277
8,BRASOV,253,0,Str. Izvor nr.8,ORAS RASNOV,40367,O,1,2036,2024,12,964,952,12,0,960,2,2200,1236,258,702
8,BRASOV,254,0,Str.Izvor nr.8,ORAS RASNOV,40367,O,1,2312,2296,16,1283,1267,16,0,1274,9,2500,1217,408,866
8,BRASOV,255,0,Str. Republicii 29,ORAS RASNOV,40367,O,1,1258,1245,13,785,712,13,60,779,6,1400,615,300,479
8,BRASOV,256,0,Str. Republicii nr. 29,ORAS RASNOV,40367,O,1,1640,1628,12,1083,913,12,158,1072,11,1800,717,390,682
8,BRASOV,257,0,Str. Republicii nr. 117,ORAS RUPEA,40394,O,1,1257,1245,12,632,617,12,3,629,3,1400,768,208,421
8,BRASOV,258,0,Str. Republicii nr. 124,ORAS RUPEA,40394,O,1,1289,1282,7,681,661,7,13,678,3,1400,719,289,389
8,BRASOV,259,0,Str. Republicii nr. 145,ORAS RUPEA,40394,O,1,1443,1428,15,802,780,15,7,801,1,1600,798,340,461
8,BRASOV,260,0,CLUB MUNCITORESC BRAFOR - GARA RUPEA Str. Muncii 23,ORAS RUPEA,40394,O,1,612,607,5,414,323,5,86,412,2,700,286,208,204
8,BRASOV,261,1,Spitalul orasenesc Rupea,ORAS RUPEA,40394,O,1,8,0,8,39,0,8,31,39,0,100,61,16,23
8,BRASOV,262,0,CLADIREA PRIMARIEI FISER NR. 227,ORAS RUPEA,40394,O,1,326,320,6,208,189,6,13,203,5,400,192,69,134
8,BRASOV,263,0,Str. Stadionului nr. 14,ORAS VICTORIA,40465,O,1,1504,1500,4,790,664,4,122,786,4,1700,910,216,570
8,BRASOV,264,0,Str. Stadionului nr. 18,ORAS VICTORIA,40465,O,1,1253,1245,8,588,572,8,8,584,4,1400,812,225,359
8,BRASOV,265,0,Str. 1 Decembrie 1918 nr. 8,ORAS VICTORIA,40465,O,1,1440,1433,7,660,644,7,9,653,7,1600,940,179,474
8,BRASOV,266,0,Str. 1 Decembrie  nr. 2,ORAS VICTORIA,40465,O,1,1126,1120,6,581,570,6,5,579,2,1200,619,196,383
8,BRASOV,267,0,Str. Salcamilor nr. 2,ORAS VICTORIA,40465,O,1,963,954,9,558,490,9,59,555,3,1100,542,182,373
8,BRASOV,268,0,Str. Libertatii nr.1,ORAS VICTORIA,40465,O,1,1712,1708,4,736,720,4,12,734,2,1900,1164,140,594
8,BRASOV,269,1,Spitalul de boli cronice Victoria,ORAS VICTORIA,40465,O,1,6,0,6,38,0,6,32,38,0,100,62,12,26
8,BRASOV,270,0,Cartier Grui,ORAS ZARNESTI,40492,O,1,1658,1638,20,904,882,20,2,896,8,1800,896,329,567
8,BRASOV,271,0,Str. Dr. Senchea nr. 23,ORAS ZARNESTI,40492,O,1,1491,1474,17,848,830,17,1,842,6,1600,752,298,544
8,BRASOV,272,0,Str. Tiberiu Sparchez nr. 2,ORAS ZARNESTI,40492,O,1,1626,1613,13,1006,993,13,0,992,14,1800,794,398,594
8,BRASOV,273,0,Str. I.Metianu nr. 11,ORAS ZARNESTI,40492,O,1,2189,2164,25,1207,1181,25,1,1201,6,2400,1193,441,760
8,BRASOV,274,0,Str. I. Metianu nr. 87,ORAS ZARNESTI,40492,O,1,1876,1853,23,998,975,23,0,990,7,2000,1003,347,643
8,BRASOV,275,0,Str. I. Metianu nr. 77,ORAS ZARNESTI,40492,O,1,1685,1661,24,1154,916,24,214,1150,4,1800,646,403,747
8,BRASOV,276,0,Str. Carpati nr. 1,ORAS ZARNESTI,40492,O,1,1467,1459,8,877,868,8,1,868,9,1600,723,332,536
8,BRASOV,277,0,Str. Carpati nr. 1,ORAS ZARNESTI,40492,O,1,1472,1463,9,843,834,9,0,835,8,1600,757,355,480
8,BRASOV,278,0,Str. Carpati nr. 1,ORAS ZARNESTI,40492,O,1,1568,1546,22,871,849,22,0,867,4,1700,829,354,513
8,BRASOV,279,0,Str. Carpati nr. 1,ORAS ZARNESTI,40492,O,1,1308,1298,10,774,764,10,0,767,7,1400,626,330,437
8,BRASOV,280,0,Str. Aleea Uzinei nr. 2,ORAS ZARNESTI,40492,O,1,1089,1076,13,517,504,13,0,510,7,1200,683,207,303
8,BRASOV,281,0,Str. Scolii nr. 80,ORAS ZARNESTI,40492,O,1,1854,1828,26,893,867,26,0,871,19,2000,1110,389,482
8,BRASOV,282,0,Str. Scolii nr.80,ORAS ZARNESTI,40492,O,1,896,877,19,504,485,19,0,502,2,1000,496,181,321
8,BRASOV,283,0,Str. Unirii nr. 3,ORAS ZARNESTI,40492,O,1,1058,1037,21,712,691,21,0,709,3,1100,388,254,455
8,BRASOV,284,1,Spitalul orasenesc Zarnesti,ORAS ZARNESTI,40492,O,1,9,0,9,56,0,9,47,53,3,200,144,18,35
8,BRASOV,285,0,CAMINUL CULTURAL APATA,APATA,40526,C,3,1040,1040,0,626,612,0,14,618,8,1100,474,339,279
8,BRASOV,286,0,CAMINUL CULTURAL APATA,APATA,40526,C,3,1025,1025,0,590,546,0,44,576,14,1200,610,298,278
8,BRASOV,287,0,PRIMARIA BECLEAN,BECLEAN,40544,C,3,521,513,8,326,298,8,20,324,2,600,274,88,236
8,BRASOV,288,0,"BOHOLT, NR. 66",BECLEAN,40544,C,3,195,148,47,176,114,47,15,175,1,200,24,19,156
8,BRASOV,289,0,SC. GENERALA CALBOR,BECLEAN,40544,C,3,185,178,7,141,96,7,38,140,1,200,59,25,115
8,BRASOV,290,0,SC. GENERALA HUREZ,BECLEAN,40544,C,3,370,353,17,289,254,17,18,287,2,400,111,59,228
8,BRASOV,291,0,CAMINUL CULTURAL LUTA,BECLEAN,40544,C,3,66,54,12,65,48,12,5,65,0,100,35,12,53
8,BRASOV,292,0,Str. Scolii nr. 139,BOD,40606,C,3,1663,1636,27,873,822,27,24,862,11,2400,1527,339,523
8,BRASOV,293,0,Str. Fabricii,BOD,40606,C,3,1551,1526,25,881,855,25,1,869,12,1100,219,291,578
8,BRASOV,294,0,PRIMARIA BRAN,BRAN,40633,C,3,2045,2023,22,1128,1096,22,10,1125,3,2204,1076,352,773
8,BRASOV,295,0,GRADINITA DE COPII SIMON,BRAN,40633,C,3,1359,1350,9,689,680,9,0,680,9,1500,811,234,446
8,BRASOV,296,0,CAMINUL CULTURAL SOHODOL,BRAN,40633,C,3,972,947,25,480,454,25,1,473,7,1100,620,126,347
8,BRASOV,297,0,Str. Principala nr. 261,BUDILA,40688,C,3,1035,1023,12,690,643,12,35,668,22,1100,410,515,153
8,BRASOV,298,0,Str. Prejmerului nr. 593,BUDILA,40688,C,3,1334,1305,29,766,707,29,30,748,18,1400,634,339,409
8,BRASOV,299,0,Bunesti Nr. 119,BUNESTI,40704,C,3,529,527,2,350,330,2,18,346,4,600,250,210,136
8,BRASOV,300,0,SC. GENERALA CRIT  NR. 121,BUNESTI,40704,C,3,457,447,10,255,243,10,2,252,3,500,245,180,72
8,BRASOV,301,0,SC. GENERALA MESENDORF NR. 51,BUNESTI,40704,C,3,251,246,5,118,111,5,2,118,0,300,182,92,26
8,BRASOV,302,0,SC. GENERALA ROADES NR. 163,BUNESTI,40704,C,3,171,162,9,105,93,9,3,104,1,200,95,78,26
8,BRASOV,303,0,SC. GENERALA VISCRI NR. 60,BUNESTI,40704,C,3,343,337,6,187,178,6,3,187,0,400,213,149,38
8,BRASOV,304,0,"CAMINUL CULTURAL CATA, nr.37",CATA,40768,C,3,899,891,8,564,556,8,0,561,3,1000,436,321,240
8,BRASOV,305,0,Satul Beia nr. 242,CATA,40768,C,3,288,271,17,174,157,17,0,172,2,300,126,121,51
8,BRASOV,306,0,GRADINITA DE COPII DRAUSENI NR. 147,CATA,40768,C,3,434,424,10,241,231,10,0,240,1,500,259,162,78
8,BRASOV,307,0,CAMINUL CULTURAL IONESTI NR. 68,CATA,40768,C,3,115,109,6,90,84,6,0,89,1,200,110,73,16
8,BRASOV,308,0,"SC. GENERALA PALOS, nr. 203",CATA,40768,C,3,240,234,6,140,129,6,5,138,2,304,164,65,73
8,BRASOV,309,0,Str. Pietii nr. 520,CINCU,40820,C,3,1159,1154,5,714,637,5,72,703,11,1300,586,382,321
8,BRASOV,310,0,SC. GENERALA TOARCLA,CINCU,40820,C,3,252,246,6,138,128,6,4,131,7,300,162,74,57
8,BRASOV,311,0,CAMINUL CULTURAL COMANA DE JOS NR. 179,COMANA,40857,C,3,745,738,7,433,399,7,27,426,7,800,367,234,192
8,BRASOV,312,0,CAMINUL CULTURAL COMANA DE SUS NR. 67,COMANA,40857,C,3,257,232,25,169,144,25,0,167,2,300,131,67,100
8,BRASOV,313,0,CAMINUL CULTURAL CRIHALMA NR. 64,COMANA,40857,C,3,524,511,13,372,334,13,25,367,5,600,228,203,164
8,BRASOV,314,0,CAMINUL CULTURAL TICUSU NOU NR. 88,COMANA,40857,C,3,416,402,14,284,258,14,12,283,1,500,216,193,90
8,BRASOV,315,0,Piata Libertatii nr. 8,CRISTIAN,40900,C,3,1647,1639,8,990,930,8,52,987,3,1800,810,326,661
8,BRASOV,316,0,Str. Lunga nr. 103,CRISTIAN,40900,C,3,1571,1549,22,936,901,22,13,929,7,1700,764,329,600
8,BRASOV,317,0,Str. Principala nr. 1,CRIZBAV,42456,C,3,1079,1060,19,737,718,19,0,726,11,1204,467,306,420
8,BRASOV,318,0,Str. Izvorului nr.1,CRIZBAV,42456,C,3,306,295,11,253,242,6,5,243,10,400,147,103,140
8,BRASOV,319,0,Primaria comunei DRAGUS,DRAGUS,42480,C,3,880,863,17,553,512,17,24,548,5,1000,447,133,415
8,BRASOV,320,0,PRIMARIA DUMBRAVITA Str. Mare nr. 1176,DUMBRAVITA,40928,C,3,1418,1405,13,792,745,13,34,783,9,1500,708,321,462
8,BRASOV,321,0,Gradinita de copii Dumbravita,DUMBRAVITA,40928,C,3,1548,1544,4,845,836,4,5,834,11,1700,855,292,542
8,BRASOV,322,0,Str. Mare nr. 23,DUMBRAVITA,40928,C,3,656,632,24,368,321,24,23,363,5,700,332,108,255
8,BRASOV,323,0,CAMINUL CULTURAL FELDIOARA - SALA NOUA,FELDIOARA,40955,C,3,2463,2401,62,1215,1142,62,11,1201,14,2700,1485,419,782
8,BRASOV,324,0,"LICEUL ""PETRU RARES"" FELDIOARA",FELDIOARA,40955,C,3,1505,1447,58,798,737,58,3,785,13,1600,802,277,508
8,BRASOV,325,0,CAMINUL CULTURAL ROTBAV,FELDIOARA,40955,C,3,1331,1286,45,741,696,45,0,735,6,1400,659,287,448
8,BRASOV,326,0,"PRIMARIA FUNDATA, NR. 56",FUNDATA,40991,C,3,569,565,4,319,312,4,3,316,3,700,381,158,158
8,BRASOV,327,0,SCOALA GENERALA SIRNEA NR. 64B,FUNDATA,40991,C,3,297,289,8,163,155,8,0,162,1,400,237,41,121
8,BRASOV,328,0,Str. Invatatorilor nr. 2,HALCHIU,41033,C,3,1188,1181,7,638,622,7,9,627,11,1300,662,179,448
8,BRASOV,329,0,Str. Invatatorilor nr. 2,HALCHIU,41033,C,3,1271,1259,12,661,649,12,0,654,7,1400,739,204,450
8,BRASOV,330,0,STR. LATERALA NR.184,HALCHIU,41033,C,3,873,845,28,506,477,28,1,498,8,1000,494,227,271
8,BRASOV,331,0,Str. Pietii nr. 1,HARMAN,41088,C,3,1780,1729,51,942,890,51,1,933,9,1900,958,320,613
8,BRASOV,332,0,Str. Dorobanti 78,HARMAN,41088,C,3,1457,1420,37,664,626,37,1,661,3,1605,938,256,405
8,BRASOV,333,0,Str. Principala nr. 157,HARMAN,41088,C,3,458,394,64,285,221,64,0,283,2,501,216,76,207
8,BRASOV,334,0,Str. Principala nr. 154,HARSENI,41113,C,3,983,960,23,529,506,23,0,521,8,1100,571,180,341
8,BRASOV,335,0,Str. Principala nr. 47,HARSENI,41113,C,3,860,839,21,471,450,21,0,469,2,900,429,159,310
8,BRASOV,336,0,CAMINUL CULTURAL HOGHIZ,HOGHIZ,41177,C,3,1762,1745,17,776,758,17,1,770,6,1900,1124,420,350
8,BRASOV,337,0,CAMINUL CULTURAL BOGATA,HOGHIZ,41177,C,3,291,285,6,200,194,6,0,198,2,400,200,131,67
8,BRASOV,338,0,CAMINUL CULTURAL CUCIULATA,HOGHIZ,41177,C,3,955,935,20,490,470,20,0,488,2,1000,510,342,146
8,BRASOV,339,0,CAMINUL CULTURAL DOPCA,HOGHIZ,41177,C,3,421,409,12,280,268,12,0,277,3,500,220,179,98
8,BRASOV,340,0,CAMINUL CULTURAL FANTANA,HOGHIZ,41177,C,3,251,244,7,181,174,7,0,181,0,300,119,80,101
8,BRASOV,341,0,CAMINUL CULTURAL LUPSA,HOGHIZ,41177,C,3,94,85,9,73,64,9,0,72,1,100,27,41,31
8,BRASOV,342,0,Primaria HOLBAV,HOLBAV,42472,C,3,1043,1040,3,628,566,3,59,616,12,1200,572,249,367
8,BRASOV,343,0,"CAMINUL CULTURAL HOMOROD, NR. 403",HOMOROD,41248,C,3,1114,1091,23,601,569,23,9,594,7,1200,599,337,257
8,BRASOV,344,0,Scoala primara  MERCHEASA NR. 195,HOMOROD,41248,C,3,413,413,0,318,289,0,29,315,3,500,182,84,231
8,BRASOV,345,0,CAMINUL CULTURAL JIMBOR NR. 115,HOMOROD,41248,C,3,370,370,0,216,193,0,23,213,3,400,184,172,41
8,BRASOV,346,0,SCOALA GENERALA JIBERT,JIBERT,41284,C,3,565,562,3,282,277,3,2,274,3,600,323,123,151
8,BRASOV,347,0,SCOALA GENERALA DACIA,JIBERT,41284,C,3,524,509,15,309,294,15,0,306,3,600,291,167,139
8,BRASOV,348,0,SCOALA GENERALA LOVNIC,JIBERT,41284,C,3,401,395,6,207,189,6,12,203,4,500,293,96,107
8,BRASOV,349,0,SCOALA GENERALA GRANARI,JIBERT,41284,C,3,355,352,3,176,172,3,1,173,3,400,224,112,61
8,BRASOV,350,0,SCOALA GENERALA VALENI,JIBERT,41284,C,3,149,144,5,93,88,5,0,93,0,201,108,42,51
8,BRASOV,351,0,CAMINUL CULTURAL LISA,LISA,41346,C,3,779,767,12,426,399,12,15,423,3,900,474,140,283
8,BRASOV,352,0,CAMINUL CULTURAL BREAZA,LISA,41346,C,3,558,543,15,290,263,15,12,290,0,600,310,35,255
8,BRASOV,353,0,Str. N. Balcescu nr. 2,MAIERUS,41382,C,3,1286,1273,13,740,688,13,39,733,7,1400,660,299,434
8,BRASOV,354,0,Str. Principala NR. 148,MAIERUS,41382,C,3,586,570,16,376,360,16,0,374,2,597,221,268,106
8,BRASOV,355,0,CAMINUL CULTURAL MANDRA,MANDRA,41417,C,3,851,828,23,528,453,23,52,527,1,900,372,251,276
8,BRASOV,356,0,SCOALA GENERALA ILENI,MANDRA,41417,C,3,582,579,3,349,343,3,3,346,3,704,355,112,234
8,BRASOV,357,0,SCOALA GENERALA RAUSOR,MANDRA,41417,C,3,334,327,7,196,187,7,2,194,2,401,205,50,144
8,BRASOV,358,0,CAMINUL CULTURAL SONA,MANDRA,41417,C,3,208,202,6,115,103,6,6,112,3,300,185,59,53
8,BRASOV,359,0,SCOALA GENERALA TODERITA,MANDRA,41417,C,3,245,235,10,155,142,10,3,154,1,300,145,51,103
8,BRASOV,360,0,CAMINUL CULTURAL MOIECIU DE JOS NR. 330 A,MOIECIU,41471,C,3,2304,2247,57,1195,1138,57,0,1187,8,2600,1405,386,801
8,BRASOV,361,0,CAMINUL CULTURAL MOIECIU DE SUS NR. 121 A,MOIECIU,41471,C,3,608,568,40,386,346,40,0,385,1,600,214,193,192
8,BRASOV,362,0,Scoala generala PESTERA NR. 1A,MOIECIU,41471,C,3,459,412,47,232,185,47,0,230,2,500,268,128,102
8,BRASOV,363,0,Scoala generala MAGURA NR. 86B,MOIECIU,41471,C,3,545,529,16,268,252,16,0,262,6,600,332,126,136
8,BRASOV,364,0,Str. Principala nr. 291,ORMENIS,41541,C,3,1465,1456,9,959,927,9,23,944,15,1600,641,529,415
8,BRASOV,365,0,Str. Garii nr. 116,ORMENIS,41541,C,3,910,900,10,574,560,10,4,573,1,1012,438,405,168
8,BRASOV,366,0,CAMINUL CULTURAL PARAU,PARAU,41578,C,3,468,466,2,278,274,2,2,273,5,500,222,163,110
8,BRASOV,367,0,SC. GENERALA GRID,PARAU,41578,C,3,255,248,7,168,149,7,12,168,0,300,132,69,99
8,BRASOV,368,0,CAMINUL CULTURAL VENETIA DE JOS,PARAU,41578,C,3,528,515,13,318,300,13,5,314,4,600,282,152,162
8,BRASOV,369,0,CLADIREA FOSTEI PRIMARII VENETIA DE SUS,PARAU,41578,C,3,291,287,4,172,162,4,6,169,3,400,228,59,110
8,BRASOV,370,0,CAMINUL CULTURAL POIANA MARULUI,POIANA MARULUI,41621,C,3,1569,1482,87,780,693,87,0,778,2,1700,920,213,565
8,BRASOV,371,0,SCOALA GENERALA POIANA MARULUI,POIANA MARULUI,41621,C,3,888,649,239,501,262,239,0,496,5,700,199,94,402
8,BRASOV,372,0,SCOALA GENERALA NR. 2-VULCANITA,POIANA MARULUI,41621,C,3,345,281,64,145,81,64,0,145,0,400,255,15,130
8,BRASOV,373,0,SCOALA GENERALA NR. 2-VULCANITA,POIANA MARULUI,41621,C,3,281,231,50,92,42,50,0,92,0,300,208,13,79
8,BRASOV,374,0,Str. Mare nr. 495,PREJMER,41667,C,3,1922,1828,94,1020,923,94,3,1010,10,2200,1180,543,467
8,BRASOV,375,0,Str. Mare nr. 495,PREJMER,41667,C,3,1174,1116,58,612,554,58,0,607,5,1200,588,208,399
8,BRASOV,376,0, Str Mare nr. 495,PREJMER,41667,C,3,1186,1120,66,666,600,66,0,665,1,1200,534,230,435
8,BRASOV,377,0,CAMINUL CULTURAL LUNCA CALNICULUI,PREJMER,41667,C,3,1198,1163,35,643,598,35,10,640,3,1300,657,253,387
8,BRASOV,378,0,Gradinita Lunca Calnicului,PREJMER,41667,C,3,1303,1217,86,753,667,86,0,751,2,1300,547,311,440
8,BRASOV,379,0,CAMINUL CULTURAL STUPINII PREJMERULUI,PREJMER,41667,C,3,320,283,37,190,153,37,0,188,2,300,110,74,114
8,BRASOV,380,0,Str. Imreh Barna nr. 13,RACOS,41701,C,3,1968,1961,7,1221,1214,7,0,1202,19,2195,974,942,260
8,BRASOV,381,0,SC. GENERALA MATEIAS nr. 220,RACOS,41701,C,3,357,348,9,244,235,9,0,242,2,400,156,162,80
8,BRASOV,382,0,CAMINUL CULTURAL RECEA,RECEA,41738,C,3,1360,1328,32,799,654,32,113,793,6,1500,701,191,602
8,BRASOV,383,0,CAMINUL CULTURAL BERIVOI,RECEA,41738,C,3,554,468,86,400,314,86,0,399,1,500,100,118,281
8,BRASOV,384,0,CAMINUL CULTURAL SAVASTRENI,RECEA,41738,C,3,556,543,13,367,299,13,55,365,2,605,238,77,288
8,BRASOV,385,0,PRIMARIA SAMBATA DE SUS nr. 150,SAMBATA DE SUS,42464,C,3,1131,1125,6,662,636,6,20,659,3,1500,838,147,512
8,BRASOV,386,0,Str. Republicii nr. 646,SANPETRU,41925,C,3,1553,1480,73,938,812,73,53,934,4,1600,662,297,637
8,BRASOV,387,0,Str. Bisericii Romane nr. 481,SANPETRU,41925,C,3,1460,1399,61,776,715,61,0,769,7,1600,824,238,531
8,BRASOV,388,0,PRIMARIA SERCAIA 82,SERCAIA,41818,C,3,1277,1261,16,682,666,16,0,672,10,1400,718,234,438
8,BRASOV,389,0,SC. GENERALA VAD 192,SERCAIA,41818,C,3,442,432,10,248,234,10,4,248,0,500,252,77,171
8,BRASOV,390,0,"CAMINUL CULTURAL HALMEAG, NR. 246",SERCAIA,41818,C,3,366,363,3,219,208,3,8,216,3,400,181,129,87
8,BRASOV,391,0,Primaria SINCA VECHE,SINCA,41854,C,3,886,876,10,555,480,10,65,552,3,1000,445,185,367
8,BRASOV,392,0,SCOALA GENERALA BUCIUM,SINCA,41854,C,3,193,188,5,159,110,5,44,157,2,200,41,28,129
8,BRASOV,393,0,SCOALA GENERALA OHABA,SINCA,41854,C,3,219,214,5,144,110,5,29,144,0,300,156,30,114
8,BRASOV,394,0,SCOALA GENERALA PERSANI,SINCA,41854,C,3,762,756,6,537,473,6,58,529,8,800,263,126,403
8,BRASOV,395,0,SCOALA GENERALA SERCAITA,SINCA,41854,C,3,515,504,11,296,284,11,1,293,3,600,304,136,157
8,BRASOV,396,0,Str. Principala nr. 57,SINCA NOUA,42449,C,3,1206,1181,25,753,724,25,4,751,2,1200,447,259,492
8,BRASOV,397,0,"SC. GENERALA PALTIN, nr. 58",SINCA NOUA,42449,C,3,106,64,42,76,34,42,0,74,2,200,124,32,42
8,BRASOV,398,0,"PRIMARIA SOARS, NR. 111",SOARS,41943,C,3,452,449,3,229,222,3,4,227,2,500,271,127,100
8,BRASOV,399,0,SC.GEN.  BARCUT  158,SOARS,41943,C,3,319,306,13,173,160,13,0,172,1,400,227,94,78
8,BRASOV,400,0,SC. GENERALA FELMER 319,SOARS,41943,C,3,368,360,8,230,214,8,8,224,6,400,170,135,89
8,BRASOV,401,0,Scoala generala RODBAV,SOARS,41943,C,3,228,224,4,135,123,4,8,132,3,300,165,73,59
8,BRASOV,402,0,SC. GENERALA SELISTAT 163,SOARS,41943,C,3,164,158,6,110,104,6,0,108,2,200,90,82,26
8,BRASOV,403,0,Str. Principala nr. 298,TARLUNGENI,42003,C,3,2493,2453,40,1335,1258,40,37,1321,14,2700,1365,564,757
8,BRASOV,404,0,Str. Principala nr. 943,TARLUNGENI,42003,C,3,263,263,0,225,178,0,47,222,3,300,75,75,147
8,BRASOV,405,0,Str. Principala nr. 465,TARLUNGENI,42003,C,3,1153,1148,5,630,608,5,17,628,2,1300,670,242,386
8,BRASOV,406,0,Str. Scolii 154,TARLUNGENI,42003,C,3,1453,1439,14,965,951,14,0,950,15,1600,635,516,434
8,BRASOV,407,0,Str. T. Vladimirescu nr. 449,TELIU,42058,C,3,2066,2049,17,1224,1170,17,37,1206,18,2300,1076,701,505
8,BRASOV,408,0,SCOALA GENERALA TELIU-VALE 800,TELIU,42058,C,3,707,699,8,488,422,8,58,482,6,800,312,135,347
8,BRASOV,409,0,Primaria TICUS,TICUSU,42076,C,3,503,475,28,347,303,28,16,347,0,600,253,121,226
8,BRASOV,410,0,Sc. generala COBOR,TICUSU,42076,C,3,156,154,2,159,109,2,48,158,1,200,41,56,102
8,BRASOV,411,0,Str. Principala nr. 78,UCEA,42101,C,3,695,690,5,381,347,5,29,376,5,800,419,123,253
8,BRASOV,412,0,SC. GENERALA UCEA DE SUS nr. 26,UCEA,42101,C,3,716,705,11,449,408,11,30,448,1,800,351,86,362
8,BRASOV,413,0,SC. GENERALA FELDIOARA nr. 23,UCEA,42101,C,3,180,169,11,116,105,11,0,115,1,200,84,47,68
8,BRASOV,414,0,Sat Corbi nr. 3,UCEA,42101,C,3,135,118,17,87,68,17,2,86,1,200,113,39,47
8,BRASOV,415,0,Str. Principala nr. 189,UNGRA,42156,C,3,965,952,13,504,491,13,0,497,7,1100,596,333,164
8,BRASOV,416,0,SEDIUL FOSTEI PRIMARII DAISOARA,UNGRA,42156,C,3,504,493,11,398,387,11,0,390,8,600,202,339,51
8,BRASOV,417,0,CAMINUL CULTURAL VAMA BUZAULUI,VAMA BUZAULUI,42183,C,3,1380,1371,9,675,665,9,1,670,5,1700,1025,430,240
8,BRASOV,418,0,CAMINUL CULTURAL ACRIS,VAMA BUZAULUI,42183,C,3,795,787,8,409,401,8,0,405,4,814,405,229,176
8,BRASOV,419,0, PRIMARA BUZAIEL,VAMA BUZAULUI,42183,C,3,452,443,9,204,195,9,0,203,1,500,296,159,44
8,BRASOV,420,0,PRIMARIA VISTEA,VISTEA,42236,C,3,543,541,2,284,259,2,23,281,3,600,316,93,188
8,BRASOV,421,0,SC. GENERALA OLTET,VISTEA,42236,C,3,299,294,5,167,143,5,19,165,2,400,233,50,115
8,BRASOV,422,0,SC. GENERALA RUCAR,VISTEA,42236,C,3,342,337,5,237,178,5,54,235,2,410,173,88,147
8,BRASOV,423,0,SC. GENERALA VISTEA DE SUS,VISTEA,42236,C,3,512,503,9,320,275,9,36,318,2,600,280,75,243
8,BRASOV,424,0,PRIMARIA VOILA,VOILA,42307,C,3,590,574,16,323,303,16,4,320,3,700,377,94,226
8,BRASOV,425,0,Caminul cultural CINCSOR,VOILA,42307,C,3,524,512,12,299,287,12,0,297,2,600,301,166,131
8,BRASOV,426,0,CAMINUL CULTURAL DRIDIF,VOILA,42307,C,3,308,295,13,179,147,13,19,178,1,300,121,71,107
8,BRASOV,427,0,CAMINUL CULTURAL LUDISOR,VOILA,42307,C,3,162,154,8,91,82,8,1,91,0,200,109,14,77
8,BRASOV,428,0,CAMINUL CULTURAL SAMBATA DE  JOS,VOILA,42307,C,3,375,359,16,213,189,16,8,210,3,400,187,42,168
8,BRASOV,429,0,CAMINUL CULTURAL VOIVODENII MARI,VOILA,42307,C,3,381,362,19,236,212,19,5,233,3,400,164,57,176
8,BRASOV,430,0,CAMINUL CULTURAL VULCAN,VULCAN,42398,C,3,1293,1274,19,805,786,19,0,802,3,1400,595,290,512
8,BRASOV,431,0,Scoala Generala nr.2,VULCAN,42398,C,3,1552,1535,17,911,893,17,1,900,11,1702,791,447,453
8,BRASOV,432,0,CAMINUL CULTURAL COLONIA 1 MAI,VULCAN,42398,C,3,494,461,33,259,226,33,0,258,1,500,241,81,177
9,BRAILA,1,0,"SCOALA GEN.NR 31  ""MIHAI VITEAZUL"" STR. SEBESULUI NR.6 - CARTIER RADU NEGRU",MUNICIPIUL BRAILA,42682,M,1,1553,1530,23,831,808,23,0,822,9,1687,856,431,391
9,BRAILA,2,0,"SCOALA GEN.NR 31  ""MIHAI VITEAZUL"" STR. SEBESULUI NR.6 - CARTIER RADU NEGRU",MUNICIPIUL BRAILA,42682,M,1,1658,1635,23,939,916,23,0,928,11,1806,867,438,490
9,BRAILA,3,0,"SCOALA GEN.NR 31  ""MIHAI VITEAZUL"" STR. SEBESULUI NR.6 - CARTIER RADU NEGRU",MUNICIPIUL BRAILA,42682,M,1,1573,1519,54,942,888,54,0,941,1,1698,756,464,477
9,BRAILA,4,0,"GRADINITA DE COPII NR.61 ""BOBOCEL"" STR. BARAGANULUI NR.3 - CARTIER RADU NEGRU",MUNICIPIUL BRAILA,42682,M,1,2209,2188,21,1192,1170,21,1,1188,4,2400,1208,557,631
9,BRAILA,5,0,SCOALA GEN. NR.1 STR.CHISINAU NR.44,MUNICIPIUL BRAILA,42682,M,1,1729,1705,24,1024,997,24,3,1019,5,1900,876,484,535
9,BRAILA,6,0,"GRADINITA DE COPII NR.12  ""GREIERASUL"" STR. GR.ALEXANDRESCU NR.33",MUNICIPIUL BRAILA,42682,M,1,2181,2142,39,1323,1284,39,0,1315,8,2400,1077,653,662
9,BRAILA,7,0,"GRADINITA DE COPII NR.12  ""GREIERASUL"" STR. GR.ALEXANDRESCU NR.33",MUNICIPIUL BRAILA,42682,M,1,2244,2218,26,1325,1299,26,0,1306,19,2400,1075,708,598
9,BRAILA,8,0,"SCOALA GEN.NR.27  ""AUREL VLAICU"" SOS.BUZAULUI NR.86 - CARTIER RADU NEGRU",MUNICIPIUL BRAILA,42682,M,1,1955,1929,26,1097,1067,26,4,1086,11,2101,1004,515,571
9,BRAILA,9,0,"SCOALA GEN.NR.27  ""AUREL VLAICU"" SOS.BUZAULUI NR.86 - CARTIER RADU NEGRU",MUNICIPIUL BRAILA,42682,M,1,1784,1761,23,988,965,23,0,976,12,1901,913,443,533
9,BRAILA,10,0,"SCOALA GEN.NR.27  ""AUREL VLAICU"" SOS.BUZAULUI NR.86 - CARTIER RADU NEGRU",MUNICIPIUL BRAILA,42682,M,1,1915,1889,26,1107,1081,26,0,1096,11,2098,991,532,564
9,BRAILA,11,0,"SCOALA GEN. NR.2 ""FANUS NEAGU"" SOS. BUZAULUI NR.10",MUNICIPIUL BRAILA,42682,M,1,2217,2129,88,1254,1166,88,0,1246,8,2305,1051,539,707
9,BRAILA,12,0,"SCOALA GEN. NR.2 ""FANUS NEAGU"" SOS. BUZAULUI NR.10",MUNICIPIUL BRAILA,42682,M,1,2303,2293,10,1270,1256,10,4,1261,9,2500,1230,539,722
9,BRAILA,13,0,"SCOALA GEN. NR.2 ""FANUS NEAGU"" SOS. BUZAULUI NR.10",MUNICIPIUL BRAILA,42682,M,1,2111,2055,56,1247,1191,56,0,1242,5,2305,1058,464,778
9,BRAILA,14,0,"GRADINITA NR.39 ""CASUTA FERMECATA"" ALEEA CRESEI NR.2 - CARTIER VIZIRU I",MUNICIPIUL BRAILA,42682,M,1,1789,1763,26,1004,978,26,0,997,7,1904,900,513,484
9,BRAILA,15,0,"GRADINITA NR.39 ""CASUTA FERMECATA"" ALEEA CRESEI NR.2 - CARTIER VIZIRU I",MUNICIPIUL BRAILA,42682,M,1,1460,1445,15,860,845,15,0,854,6,1607,747,426,428
9,BRAILA,16,0,SC IMB SA  CALEA CALARASILOR NR.327 - CARTIER VIZIRU III,MUNICIPIUL BRAILA,42682,M,1,1680,1667,13,997,933,13,51,986,11,1801,804,460,526
9,BRAILA,17,0,"GRADINITA NR.38 ""IRIS"" BL.U ALEEA MECANIZATORILOR NR.1 - CARTIER VIZIRU III",MUNICIPIUL BRAILA,42682,M,1,1840,1815,25,1124,1099,25,0,1116,8,2205,1081,478,638
9,BRAILA,18,0,"SCOALA GEN.NR.28 ""VASILE ALECSANDRI"" ALEEA STIINTEI NR.2 - CARTIER VIZIRU I",MUNICIPIUL BRAILA,42682,M,1,2113,2090,23,1142,1119,23,0,1127,15,2306,1164,607,520
9,BRAILA,19,0,"SCOALA GEN.NR.28 ""VASILE ALECSANDRI"" ALEEA STIINTEI NR.2 - CARTIER VIZIRU I",MUNICIPIUL BRAILA,42682,M,1,2023,1991,32,1273,1073,32,168,1257,16,2201,928,631,626
9,BRAILA,20,0,"SCOALA GEN.NR.28 ""VASILE ALECSANDRI"" ALEEA STIINTEI NR.2 - CARTIER VIZIRU I",MUNICIPIUL BRAILA,42682,M,1,2010,1983,27,1136,1109,27,0,1124,12,2202,1066,579,545
9,BRAILA,21,0,"GRADINITA NR.53 ""NU MA UITA""  ALEEA LEBEDELOR NR.9 - CARTIER VIZIRU III",MUNICIPIUL BRAILA,42682,M,1,2148,2130,18,1214,1189,18,7,1208,6,2300,1086,560,648
9,BRAILA,22,0,"GRADINITA NR.53 ""NU MA UITA""  ALEEA LEBEDELOR NR.9 - CARTIER VIZIRU III",MUNICIPIUL BRAILA,42682,M,1,1961,1932,29,1029,1000,29,0,1015,14,2094,1065,479,536
9,BRAILA,23,0,"SCOALA GEN.NR.29 ""MIHAIL SADOVEANU"" ALEEA COCORILOR NR.3 - CARTIER VIZIRU III",MUNICIPIUL BRAILA,42682,M,1,1347,1325,22,880,727,22,131,872,8,1500,620,360,512
9,BRAILA,24,0,"SCOALA GEN.NR.29 ""MIHAIL SADOVEANU"" ALEEA COCORILOR NR.3 - CARTIER VIZIRU III",MUNICIPIUL BRAILA,42682,M,1,1256,1231,25,699,674,25,0,694,5,1408,709,300,394
9,BRAILA,25,0,"SCOALA GEN.NR.29 ""MIHAIL SADOVEANU"" ALEEA COCORILOR NR.3 - CARTIER VIZIRU III",MUNICIPIUL BRAILA,42682,M,1,2236,2208,28,1179,1150,28,1,1165,14,2400,1221,486,679
9,BRAILA,26,0,CANTINA SC AKER SA  STR. VICTOR DIMITRIU NR.50,MUNICIPIUL BRAILA,42682,M,1,1660,1608,52,884,832,52,0,878,6,1800,916,389,489
9,BRAILA,27,0,CANTINA SC AKER SA  STR. VICTOR DIMITRIU NR.50,MUNICIPIUL BRAILA,42682,M,1,2000,1953,47,998,951,47,0,992,6,2101,1103,458,534
9,BRAILA,28,0,"GR. SC. IND. CONSTRUCTII ""EDMOND  NICOLAU"" SOS.BUZAULUI NR.2",MUNICIPIUL BRAILA,42682,M,1,707,694,13,402,389,13,0,397,5,799,397,144,253
9,BRAILA,29,0,RA APA  PIATA UZINEI NR.1,MUNICIPIUL BRAILA,42682,M,1,1635,1604,31,772,741,31,0,765,7,1800,1028,360,405
9,BRAILA,30,0,"SCOALA GEN. NR.4 ""AL.IOAN CUZA"" STR.GHIOCEILOR NR.1",MUNICIPIUL BRAILA,42682,M,1,1560,1533,27,921,894,27,0,910,11,1700,779,382,528
9,BRAILA,31,0,"SCOALA GEN. NR.4 ""AL.IOAN CUZA"" STR.GHIOCEILOR NR.1",MUNICIPIUL BRAILA,42682,M,1,1941,1923,18,1185,1167,18,0,1173,12,2099,914,448,725
9,BRAILA,32,0,SC CONCIVIA SA  - SEDIUL ADMINISTRATIV - CALEA CALARASILOR NR.161,MUNICIPIUL BRAILA,42682,M,1,1586,1565,21,947,926,21,0,943,4,1704,757,384,559
9,BRAILA,33,0,"SPITALUL DE PSIHIATRIE ""SF.PANTELIMON"" CALEA CALARASI NR.125",MUNICIPIUL BRAILA,42682,M,1,1624,1574,50,1060,893,50,117,1053,7,1700,640,456,597
9,BRAILA,34,0,SCOALA GEN.WALDORF  CALEA CALARASILOR NR.104,MUNICIPIUL BRAILA,42682,M,1,2051,1994,57,1290,1233,57,0,1283,7,2200,910,465,818
9,BRAILA,35,0,SCOALA GEN.WALDORF  CALEA CALARASILOR NR.104,MUNICIPIUL BRAILA,42682,M,1,1346,1312,34,807,772,34,1,803,4,1400,593,384,419
9,BRAILA,36,0,"COLEGIUL NATIONAL ""GH.M.MURGOCI"" B-DUL INDEPENDENTEI NR.4",MUNICIPIUL BRAILA,42682,M,1,1626,1598,28,963,935,28,0,959,4,1797,834,323,636
9,BRAILA,37,0,"LICEUL SANITAR ""ANA ASLAN"" B-DUL A.I.CUZA NR.71",MUNICIPIUL BRAILA,42682,M,1,1275,1234,41,781,740,41,0,777,4,1396,615,360,417
9,BRAILA,38,0,"SCOALA GEN.NR.7 ""ION CREANGA"" STR.SCOLILOR NR.15",MUNICIPIUL BRAILA,42682,M,1,1925,1868,57,1192,1133,57,2,1189,3,2100,908,482,707
9,BRAILA,39,0,"SCOALA GEN.NR.7 ""ION CREANGA"" STR.SCOLILOR NR.15",MUNICIPIUL BRAILA,42682,M,1,1929,1889,40,1240,1123,40,77,1233,7,2099,859,502,731
9,BRAILA,40,0,"LICEUL ""NICOLAE IORGA"" STR.CAMPINIU NR.2",MUNICIPIUL BRAILA,42682,M,1,1531,1505,26,862,819,26,17,853,9,1700,838,391,462
9,BRAILA,41,0,"COLEGIUL NATIONAL ""NICOLAE BALCESCU"" B-DUL A.I.CUZA NR.182",MUNICIPIUL BRAILA,42682,M,1,1794,1739,55,1065,954,55,56,1054,11,1904,839,481,573
9,BRAILA,42,0,"LICEUL DE ARTA ""HARICLEA DARCLEE"" B-DUL A.I.CUZA NR.184",MUNICIPIUL BRAILA,42682,M,1,1691,1659,32,966,933,32,1,955,11,1802,836,400,555
9,BRAILA,43,0,"COLEGIUL ECONOMIC ""ION GHICA"" STR.DIMITRIE BOLINTINEANU NR.16",MUNICIPIUL BRAILA,42682,M,1,1481,1446,35,787,723,35,29,780,7,1593,806,299,481
9,BRAILA,44,0,"SCOALA GEN.NR.16 ""VASILE BANCILA"" B-DUL PANAIT ISTRATI NR.34",MUNICIPIUL BRAILA,42682,M,1,1690,1671,19,998,975,19,4,991,7,1800,802,367,624
9,BRAILA,45,0,GR. SCOLAR 'GRIGORE MOISIL' STR.CARANTINA NR.8,MUNICIPIUL BRAILA,42682,M,1,1755,1722,33,968,935,33,0,960,8,1902,934,465,495
9,BRAILA,46,0,"SCOALA GEN.NR.17 ""ECATERINA TEODOROIU"" STR.ST.CEL MARE NR.475",MUNICIPIUL BRAILA,42682,M,1,1248,1228,20,764,742,20,2,759,5,1400,636,323,436
9,BRAILA,47,0,"SCOALA GEN.NR.17 ""ECATERINA TEODOROIU"" STR.ST.CEL MARE NR.475",MUNICIPIUL BRAILA,42682,M,1,1817,1785,32,1090,1056,32,2,1081,9,2000,910,462,619
9,BRAILA,48,0,"GR. SCOLAR  IND.'PANAIT ISTRATI"" STR.PLANTELOR NR.7",MUNICIPIUL BRAILA,42682,M,1,986,963,23,603,580,23,0,599,4,1098,495,277,322
9,BRAILA,49,0,"GR. SCOLAR  IND.'PANAIT ISTRATI"" STR.PLANTELOR NR.7",MUNICIPIUL BRAILA,42682,M,1,1658,1633,25,993,968,25,0,984,9,1802,809,417,567
9,BRAILA,50,0,"GR. SCOLAR  IND.'PANAIT ISTRATI"" STR.PLANTELOR NR.7",MUNICIPIUL BRAILA,42682,M,1,1324,1302,22,795,772,22,1,786,9,1404,609,330,456
9,BRAILA,51,0,SCOALA GEN.NR.18 CALEA GALATI NR.61,MUNICIPIUL BRAILA,42682,M,1,1727,1707,20,979,959,20,0,969,10,1902,923,483,486
9,BRAILA,52,0,SCOALA GEN.NR.18 CALEA GALATI NR.61,MUNICIPIUL BRAILA,42682,M,1,1389,1372,17,812,795,17,0,802,10,1507,695,396,406
9,BRAILA,53,0,"GRADINITA NR.21 ""PESCARUSUL"" STR.M.KOGALNICEANU NR.10 A",MUNICIPIUL BRAILA,42682,M,1,1657,1618,39,913,874,39,0,897,16,1793,880,429,468
9,BRAILA,54,0,"GRADINITA NR.21 ""PESCARUSUL"" STR.M.KOGALNICEANU NR.10 A",MUNICIPIUL BRAILA,42682,M,1,1581,1558,23,940,917,23,0,928,12,1699,759,447,481
9,BRAILA,55,0,LOCALUL SECTIEI L.2 - STATIA CFR BRAILA STR. SIRET NR.7,MUNICIPIUL BRAILA,42682,M,1,1322,1299,23,926,903,23,0,920,6,1500,574,360,560
9,BRAILA,56,0,"SCOALA GEN. 6 ""CTIN.SANDU ALDEA' STR.EREMIA GRIGORESCU NR.23",MUNICIPIUL BRAILA,42682,M,1,1423,1361,62,998,835,62,101,993,5,1507,509,402,591
9,BRAILA,57,0,"SCOALA GEN. 6 ""CTIN.SANDU ALDEA' STR.EREMIA GRIGORESCU NR.23",MUNICIPIUL BRAILA,42682,M,1,1200,1179,21,796,741,21,34,791,5,1301,505,324,467
9,BRAILA,58,0,"GRADINITA NR.5 ""GULIVER"" STR.ROSIORILOR NR.397 BL.5 BIS",MUNICIPIUL BRAILA,42682,M,1,1549,1524,25,993,968,25,0,988,5,1702,709,395,593
9,BRAILA,59,0,"GR. SCOLAR ""ANGHEL SALIGNY"" STR.EREMIA GRIGORESCU NR.52",MUNICIPIUL BRAILA,42682,M,1,1903,1852,51,1158,1105,51,2,1148,10,2000,842,503,645
9,BRAILA,60,0,"GR. SCOLAR ""ANGHEL SALIGNY"" STR.EREMIA GRIGORESCU NR.52",MUNICIPIUL BRAILA,42682,M,1,1421,1407,14,823,807,14,2,811,12,1500,677,341,470
9,BRAILA,61,0,CASA CORPULUI DIDACTIC STR.GRIVITA NR.312,MUNICIPIUL BRAILA,42682,M,1,1233,1201,32,711,679,32,0,699,12,1300,589,293,406
9,BRAILA,62,0,CASA CORPULUI DIDACTIC STR.GRIVITA NR.312,MUNICIPIUL BRAILA,42682,M,1,1433,1401,32,816,783,32,1,805,11,1503,687,338,467
9,BRAILA,63,0,"SCOALA GEN.NR.10 ""SF.NICOLAE"" STR.GRIVITA NR.230",MUNICIPIUL BRAILA,42682,M,1,1636,1614,22,963,941,22,0,957,6,1800,837,430,527
9,BRAILA,64,0,"SCOALA GEN.NR.10 ""SF.NICOLAE"" STR.GRIVITA NR.230",MUNICIPIUL BRAILA,42682,M,1,2049,1990,59,1179,1120,59,0,1170,9,2200,1021,507,663
9,BRAILA,65,0,SC MEGA TV SRL STR.TRANSILVANIEI NR.2,MUNICIPIUL BRAILA,42682,M,1,1924,1851,73,1104,1031,73,0,1101,3,2000,896,500,601
9,BRAILA,66,0,"LICEUL ""PANAIT CERNA"" B-DUL DOROBANTILOR NR.311",MUNICIPIUL BRAILA,42682,M,1,1629,1611,18,892,874,18,0,886,6,1803,911,405,481
9,BRAILA,67,0,"LICEUL ""PANAIT CERNA"" B-DUL DOROBANTILOR NR.311",MUNICIPIUL BRAILA,42682,M,1,1551,1516,35,851,814,35,2,841,10,1700,849,393,448
9,BRAILA,68,0,"LICEUL ""PANAIT CERNA"" B-DUL DOROBANTILOR NR.311",MUNICIPIUL BRAILA,42682,M,1,1511,1491,20,930,910,20,0,923,7,1610,680,351,572
9,BRAILA,69,0,"SCOALA GEN.NR.32 ""DIMITRIE CANTEMIR"" STR.OBORULUI NR.9 - CARTIER OBOR",MUNICIPIUL BRAILA,42682,M,1,2204,2175,29,1239,1210,29,0,1229,10,2403,1164,534,695
9,BRAILA,70,0,"SCOALA GEN.NR.32 ""DIMITRIE CANTEMIR"" STR.OBORULUI NR.9 - CARTIER OBOR",MUNICIPIUL BRAILA,42682,M,1,2233,2197,36,1226,1190,36,0,1217,9,2402,1176,578,639
9,BRAILA,71,0,"SCOALA GEN.NR.32 ""DIMITRIE CANTEMIR"" STR.OBORULUI NR.9 - CARTIER OBOR",MUNICIPIUL BRAILA,42682,M,1,2449,2429,20,1374,1354,20,0,1361,13,2709,1335,578,783
9,BRAILA,72,0,"GRADINITA NR.36 ""FURNICUTA"" ALEEA NARCISELOR NR.7 - CARTIER OBOR",MUNICIPIUL BRAILA,42682,M,1,2328,2270,58,1282,1223,58,1,1266,16,2488,1206,613,653
9,BRAILA,73,0,"SCOALA GEN.NR.8  ""ION BANCILA"" STR. SCOLILOR NR.60",MUNICIPIUL BRAILA,42682,M,1,1932,1899,33,1175,1141,33,1,1168,7,2106,931,469,699
9,BRAILA,74,0,"GRADINITA NR.48 ""LUCEAFARUL' STR.SCOLILOR NR.83",MUNICIPIUL BRAILA,42682,M,1,2123,2097,26,1179,1152,26,1,1171,8,2300,1121,536,635
9,BRAILA,75,0,"LICEUL PEDAGOGIC ""D.P.PERPESSICIUS""  ALEEA INVATATORILOR - CARTIER HIPODROM",MUNICIPIUL BRAILA,42682,M,1,1384,1368,16,856,835,16,5,845,11,1499,643,360,485
9,BRAILA,76,0,"LICEUL PEDAGOGIC ""D.P.PERPESSICIUS""  ALEEA INVATATORILOR - CARTIER HIPODROM",MUNICIPIUL BRAILA,42682,M,1,1525,1511,14,879,865,14,0,870,9,1709,830,366,504
9,BRAILA,77,0,"LICEUL PEDAGOGIC ""D.P.PERPESSICIUS""  ALEEA INVATATORILOR - CARTIER HIPODROM",MUNICIPIUL BRAILA,42682,M,1,1306,1288,18,782,763,18,1,778,4,1400,618,344,434
9,BRAILA,78,0,"SCOALA GEN. NR.23 ""MIHAI EMINESCU"" ALEEA CUTEZATORILOR NR.3 - CARTIER HIPODROM",MUNICIPIUL BRAILA,42682,M,1,2087,2065,22,1208,1181,22,5,1201,7,2300,1092,605,596
9,BRAILA,79,0,"SCOALA GEN.NR.3 ""SPIRU HARET"" ALEEA PARCULUI NR.2 - CARTIER HIPODROM",MUNICIPIUL BRAILA,42682,M,1,1649,1629,20,1019,997,20,2,1016,3,1804,785,424,592
9,BRAILA,80,0,"SCOALA GEN.NR.3 ""SPIRU HARET"" ALEEA PARCULUI NR.2 - CARTIER HIPODROM",MUNICIPIUL BRAILA,42682,M,1,1400,1380,20,879,856,20,3,876,3,1500,621,411,465
9,BRAILA,81,0,"GRADINITA NR.37 ""DUMBRAVA MINUNATA"" ALEEA TRANDAFIRILOR NR.3 - CARTIER HIPODROM",MUNICIPIUL BRAILA,42682,M,1,1609,1584,25,945,916,25,4,942,3,1701,756,431,511
9,BRAILA,82,0,"GRADINITA NR.37 ""DUMBRAVA MINUNATA"" ALEEA TRANDAFIRILOR NR.3 - CARTIER HIPODROM",MUNICIPIUL BRAILA,42682,M,1,1117,1094,23,644,621,23,0,641,3,1200,556,275,366
9,BRAILA,83,0,SALA POLIVALENTA  PARCUL MONUMENT,MUNICIPIUL BRAILA,42682,M,1,1186,1168,18,706,687,18,1,697,9,1301,595,354,343
9,BRAILA,84,0,SALA POLIVALENTA  PARCUL MONUMENT,MUNICIPIUL BRAILA,42682,M,1,1201,1177,24,735,711,24,0,731,4,1301,566,345,386
9,BRAILA,85,0,POLICLINICA NR.2 STR.PIETATII NR.3 - CARTIER HIPODROM,MUNICIPIUL BRAILA,42682,M,1,1987,1950,37,1062,1025,37,0,1057,5,2104,1042,561,496
9,BRAILA,86,0,SCOALA GEN.NR.9 STR.DORULUI NR.38 CARTIER LACU DULCE,MUNICIPIUL BRAILA,42682,M,1,2230,2199,31,1186,1154,31,1,1164,22,2395,1209,644,520
9,BRAILA,87,0,SCOALA GEN.NR.9 STR.DORULUI NR.38 CARTIER LACU DULCE,MUNICIPIUL BRAILA,42682,M,1,1452,1421,31,797,761,31,5,788,9,1605,808,408,380
9,BRAILA,88,0,"SCOALA DE ARTA SI MESERII ""SPIRU HARET"" SOS.RM.SARAT NR.80",MUNICIPIUL BRAILA,42682,M,1,1220,1204,16,706,690,16,0,697,9,1304,598,385,312
9,BRAILA,89,0,"SCOALA GEN. NR.13 ""NEDELCU GHERCEA""  STR.DEVA NR.11 - CARTIER NEDELCU GHERCEA",MUNICIPIUL BRAILA,42682,M,1,1253,1236,17,713,696,17,0,709,4,1400,687,346,363
9,BRAILA,90,0,"SCOALA GEN. NR.13 ""NEDELCU GHERCEA""  STR.DEVA NR.11 - CARTIER NEDELCU GHERCEA",MUNICIPIUL BRAILA,42682,M,1,1365,1339,26,802,776,26,0,796,6,1500,698,384,412
9,BRAILA,91,0,CAMINUL CULTURAL STR.COMUNA DIN PARIS NR.95,MUNICIPIUL BRAILA,42682,M,1,2662,2629,33,1474,1441,33,0,1454,20,2903,1429,810,644
9,BRAILA,92,0,CAMINUL CULTURAL STR.COMUNA DIN PARIS NR.95,MUNICIPIUL BRAILA,42682,M,1,1627,1601,26,966,940,26,0,955,11,1800,834,552,403
9,BRAILA,93,0,SECTIA UTILAJE A DIRECTIEI JUD. DE DRUMURI SI PODURI BRAILA - SOS FOCSANI NR.124,MUNICIPIUL BRAILA,42682,M,1,1340,1322,18,765,747,18,0,754,11,1496,731,431,323
9,BRAILA,94,0,SCOALA GEN.NR.24  STR.CARABUSULUI NR.22 - CARTIER NEDELCU GHERCEA,MUNICIPIUL BRAILA,42682,M,1,1723,1704,19,1013,993,19,1,1000,13,1900,887,523,477
9,BRAILA,95,0,SCOALA GEN.NR.24  STR.CARABUSULUI NR.22 - CARTIER NEDELCU GHERCEA,MUNICIPIUL BRAILA,42682,M,1,1218,1201,17,749,730,17,2,745,4,1300,551,377,368
9,BRAILA,96,0,SC PAPER PRINT SA  SOS.BALDOVINESTI NR.20,MUNICIPIUL BRAILA,42682,M,1,2232,2205,27,1334,1306,27,1,1319,15,2386,1052,681,638
9,BRAILA,97,0,SEDIUL SC PLAFAR SA BRAILA SOS.BALDOVINESTI NR.10,MUNICIPIUL BRAILA,42682,M,1,1598,1573,25,935,909,25,1,924,11,1704,769,509,415
9,BRAILA,98,0,"GRADINITA NR.28 ""PALATUL DE CLESTAR"" STR.PROGRESULUI NR.9 - CARTIER BRAILITA",MUNICIPIUL BRAILA,42682,M,1,1867,1855,12,1020,1008,12,0,1009,11,2000,980,492,517
9,BRAILA,99,0,"GRADINITA NR.28 ""PALATUL DE CLESTAR"" STR.PROGRESULUI NR.9 - CARTIER BRAILITA",MUNICIPIUL BRAILA,42682,M,1,2047,2016,31,1116,1085,31,0,1105,11,2201,1085,499,606
9,BRAILA,100,0,"SCOALA GEN. NR.11 ""I.L.CARAGIALE"" STR.PROGRESULUI NR.7 - CARTIER BRAILITA",MUNICIPIUL BRAILA,42682,M,1,2012,1988,24,1126,1100,24,2,1119,7,2204,1078,466,653
9,BRAILA,101,0,"SCOALA GEN. NR.11 ""I.L.CARAGIALE"" STR.PROGRESULUI NR.7 - CARTIER BRAILITA",MUNICIPIUL BRAILA,42682,M,1,1514,1495,19,883,806,19,58,877,6,1600,717,445,432
9,BRAILA,102,0,"SCOALA GEN.NR.19 ""M.KOGALNICEANU"" STR.COSTACHE NEGRUZZI NR.76 - CARTIER BRAILITA",MUNICIPIUL BRAILA,42682,M,1,1612,1592,20,930,910,20,0,922,8,1806,876,420,502
9,BRAILA,103,0,"SCOALA GEN.NR.19 ""M.KOGALNICEANU"" STR.COSTACHE NEGRUZZI NR.76 - CARTIER BRAILITA",MUNICIPIUL BRAILA,42682,M,1,1493,1471,22,881,859,22,0,873,8,1602,721,446,427
9,BRAILA,104,0,"GRADINITA NR.29 ""MARIA MIRABELA"" STR.MIRCEA CEL MARE NR.58 - CARTIER BRAILITA",MUNICIPIUL BRAILA,42682,M,1,1544,1510,34,921,887,34,0,909,12,1700,779,474,435
9,BRAILA,105,0,"GRADINITA NR.31 ""ARLECHINO"" STR.MATEI BASARAB NR.26 - CARTIER BRAILITA",MUNICIPIUL BRAILA,42682,M,1,1611,1594,17,870,853,17,0,855,15,1799,929,451,404
9,BRAILA,106,0,SCOALA GEN. NR.21 STR.TARGOVISTEI NR.28 - CARTIER BRAILITA,MUNICIPIUL BRAILA,42682,M,1,1328,1298,30,710,680,30,0,704,6,1401,691,352,352
9,BRAILA,107,0,"SCOALA GEN.NR.20 ""GEORGE COSBUC"" STR.ULMULUI NR.20",MUNICIPIUL BRAILA,42682,M,1,1528,1511,17,868,851,17,0,859,9,1700,832,369,490
9,BRAILA,108,0,"SCOALA GEN.NR.20 ""GEORGE COSBUC"" STR.ULMULUI NR.20",MUNICIPIUL BRAILA,42682,M,1,1725,1705,20,1028,1008,20,0,1022,6,1900,872,465,557
9,BRAILA,109,0,"SCOALA GEN.NR.33 ""SF.ANDREI"" STR.DUDULUI NR.2 - CARTIER BRAILITA",MUNICIPIUL BRAILA,42682,M,1,1728,1707,21,1000,979,21,0,990,10,1900,900,535,455
9,BRAILA,110,0,"SCOALA GEN.NR.33 ""SF.ANDREI"" STR.DUDULUI NR.2 - CARTIER BRAILITA",MUNICIPIUL BRAILA,42682,M,1,1559,1541,18,769,751,18,0,762,7,1699,930,355,407
9,BRAILA,111,0,"GRUP SC. IND."" CONST.BRANCOVEANU"" CALEA GALATI NR.346 BIS",MUNICIPIUL BRAILA,42682,M,1,1743,1713,30,952,922,30,0,946,6,1896,944,425,521
9,BRAILA,112,0,"GRUP SC. IND."" CONST.BRANCOVEANU"" CALEA GALATI NR.346 BIS",MUNICIPIUL BRAILA,42682,M,1,2088,2069,19,1089,1070,19,0,1077,12,2306,1217,520,557
9,BRAILA,113,0,"GRUP SC. IND."" CONST.BRANCOVEANU"" CALEA GALATI NR.346 BIS",MUNICIPIUL BRAILA,42682,M,1,2045,1990,55,1103,1048,55,0,1091,12,2202,1099,528,563
9,BRAILA,114,0,"GRUP SC. IND."" CONST.BRANCOVEANU"" CALEA GALATI NR.346 BIS",MUNICIPIUL BRAILA,42682,M,1,1731,1713,18,944,925,18,1,939,5,1904,960,482,457
9,BRAILA,115,0,STATIUNEA LACU SARAT -SEDIUL U.T.B.,MUNICIPIUL BRAILA,42682,M,1,60,37,23,233,22,23,188,227,6,899,666,134,93
9,BRAILA,116,0,SC DRUMURI SI PODURI SA   SANTIER CHISCANI KM.10,MUNICIPIUL BRAILA,42682,M,1,261,248,13,164,151,13,0,162,2,302,138,131,31
9,BRAILA,117,1,.,MUNICIPIUL BRAILA,42682,M,1,14,0,14,345,0,14,331,344,1,707,362,198,146
9,BRAILA,118,1,SPITALUL DE PNEUMOFTIZIOLOGIE STR. R.S. CAMPINIU NR.21,MUNICIPIUL BRAILA,42682,M,1,9,0,9,57,0,9,48,57,0,400,343,32,25
9,BRAILA,119,1,SPITALUL DE OBSTRETICA SI GINECOLOGIE B-DUL INDEPENDENTEI NR.237,MUNICIPIUL BRAILA,42682,M,1,11,0,11,130,0,11,119,129,1,800,670,63,66
9,BRAILA,120,1,PENITENCIARUL BRAILA STR. CARANTINA NR.4,MUNICIPIUL BRAILA,42682,M,1,9,0,9,54,0,9,45,54,0,300,246,16,38
9,BRAILA,121,1,SPITALUL SF. SPIRIDON STR. PIETATII NR.1,MUNICIPIUL BRAILA,42682,M,1,9,0,9,342,0,9,333,341,1,704,362,206,135
9,BRAILA,122,1,AUTOGARA STR. SIRETULUI NR.15,MUNICIPIUL BRAILA,42682,M,1,12,0,12,268,0,12,256,263,5,1000,732,104,159
9,BRAILA,123,1,TRECERE BAC STR. VADUL GHECETULUI,MUNICIPIUL BRAILA,42682,M,1,10,0,10,77,0,10,67,77,0,700,623,14,63
9,BRAILA,124,1,GARA CFR BRAILA STR. G-RAL EREMIA GRIGORESCU,MUNICIPIUL BRAILA,42682,M,1,9,0,9,967,0,9,958,961,6,1999,1032,341,620
9,BRAILA,125,0,CASA DE CULTURA STR.REPUBLICII NR.44,ORAS FAUREI,42753,O,1,1566,1563,3,865,862,3,0,861,4,1702,837,469,392
9,BRAILA,126,0,SCOALA GEN.NR.3 CLADIREA SCOLII VECHI DIN INCINTA GR SCOLAR G.,ORAS FAUREI,42753,O,1,1425,1420,5,842,790,5,47,830,12,1600,758,446,384
9,BRAILA,127,0,SCOALA GEN.NR.2 STR.BARAGANULUI NR.27,ORAS FAUREI,42753,O,1,565,557,8,332,319,8,5,328,4,600,268,214,114
9,BRAILA,128,1,INCINTA GARII CFR FAUREI,ORAS FAUREI,42753,O,1,0,0,0,226,0,0,226,224,2,1001,775,102,122
9,BRAILA,129,0,SCOALA GENERALA CL. 1-8 STR. SARATENI NR. 28,ORAS IANCA,43331,O,1,1897,1877,20,949,920,20,9,942,7,2104,1155,510,432
9,BRAILA,130,0,CASA DE CULTURA ION TEODORESCU SION CALEA BRAILEI NR 35,ORAS IANCA,43331,O,1,1669,1652,17,1018,854,17,147,1012,6,1800,782,564,448
9,BRAILA,131,0,GRUP SCOLAR INDUSTRIAL CALEA BRAILEI NR. 167,ORAS IANCA,43331,O,1,1864,1804,60,993,933,60,0,981,12,2000,1007,646,335
9,BRAILA,132,0,SCOALA GENERALA 1-8 SAT PLOPU,ORAS IANCA,43331,O,1,1289,1270,19,696,677,19,0,687,9,1406,710,480,207
9,BRAILA,133,0,SCOALA GEN. I-VIII SAT OPRISENESTI,ORAS IANCA,43331,O,1,647,630,17,439,361,17,61,435,4,700,261,232,203
9,BRAILA,134,0,SCOALA GEN. I-VIII SAT PERISORU,ORAS IANCA,43331,O,1,938,926,12,562,535,12,15,554,8,1000,438,402,152
9,BRAILA,135,0,SCOALA GEN. I-IV  TARLELE FILIULUI,ORAS IANCA,43331,O,1,557,536,21,366,317,21,28,353,13,600,234,262,91
9,BRAILA,136,0,SCOALA GEN. I-IV SAT BERLESTI,ORAS IANCA,43331,O,1,328,312,16,254,222,16,16,253,1,400,146,167,86
9,BRAILA,137,0,SCOALA GEN.NR.1 INSURATEI,ORAS INSURATEI,43411,O,1,1106,1080,26,556,530,26,0,554,2,1195,639,405,149
9,BRAILA,138,0,SCOALA GEN.NR.1 INSURATEI,ORAS INSURATEI,43411,O,1,1196,1174,22,643,612,22,9,636,7,1299,656,417,219
9,BRAILA,139,0,SCOALA ANEXA A GRUPULUI SC.IND. INSURATEI,ORAS INSURATEI,43411,O,1,1942,1913,29,982,892,29,61,970,12,2100,1118,577,393
9,BRAILA,140,0,SCOALA GEN.NR.2 INSURATEI,ORAS INSURATEI,43411,O,1,1384,1366,18,751,733,18,0,745,6,1500,749,540,205
9,BRAILA,141,0,SCOALA GENERALA LACU REZI,ORAS INSURATEI,43411,O,1,419,409,10,257,247,10,0,251,6,500,243,177,74
9,BRAILA,142,0,CAMIN CULTURAL BARAGANU,BARAGANUL,42824,C,3,1897,1827,70,1131,1061,70,0,1124,7,1999,868,748,376
9,BRAILA,143,0,SCOALA GEN.NR.3 RADU VODA,BARAGANUL,42824,C,3,991,973,18,562,544,18,0,551,11,1102,540,384,167
9,BRAILA,144,0,SCOALA  GENERALA  I- VIII BERTESTII DE JOS,BERTESTII DE JOS,42842,C,3,736,735,1,420,399,1,20,417,3,799,379,343,74
9,BRAILA,145,0,GRADINITA  DE COPII  SPIRU HARET,BERTESTII DE JOS,42842,C,3,1210,1206,4,656,629,4,23,649,7,1305,649,554,95
9,BRAILA,146,0,SCOALA  GENERALA GURA CALMATUI,BERTESTII DE JOS,42842,C,3,584,575,9,332,320,9,3,331,1,600,268,260,71
9,BRAILA,147,0,SCOALA  GENERALA   I - VIII BORDEI VERDE,BORDEI VERDE,42913,C,3,1284,1276,8,704,681,8,15,696,8,1400,696,546,150
9,BRAILA,148,0,SCOALA  CU CLASE I-IV   SAT C.GABRIELESCU,BORDEI VERDE,42913,C,3,676,657,19,480,461,19,0,471,9,701,221,359,112
9,BRAILA,149,0,SCOALA  GENERALA  SAT LISCOTEANCA,BORDEI VERDE,42913,C,3,439,427,12,262,250,12,0,256,6,501,239,219,37
9,BRAILA,150,0,SCOALA  CLASE I-IV   CAZASU NOU,CAZASU,44560,C,3,767,730,37,466,414,37,15,461,5,799,333,253,208
9,BRAILA,151,0,SCOALA  CLASE I-VIII   CAZASU VECHI,CAZASU,44560,C,3,1514,1457,57,900,797,57,46,893,7,1608,708,527,366
9,BRAILA,152,0,CAMINUL CULTURAL CHISCANI,CHISCANI,42708,C,3,1468,1400,68,706,638,68,0,697,9,1500,794,389,308
9,BRAILA,153,0,SCOALA GEN. I-IV  CHISCANI - CARTIER,CHISCANI,42708,C,3,1715,1596,119,940,821,119,0,937,3,1800,860,506,431
9,BRAILA,154,0,SCOALA  GENERALA  LACU SARAT,CHISCANI,42708,C,3,1015,998,17,584,476,17,91,574,10,1100,516,329,245
9,BRAILA,155,0,SCOALA  GENERALA  I - VIII CIOCILE,CIOCILE,42968,C,3,1914,1902,12,1149,1085,12,52,1129,20,2100,951,856,273
9,BRAILA,156,0,SCOALA  GENERALA   I - IV SAT CHICHINETU,CIOCILE,42968,C,3,616,610,6,345,319,6,20,336,9,706,361,277,59
9,BRAILA,157,0,SCOALA  GENERALA   I - VIII CIRESU,CIRESU,43019,C,3,922,887,35,507,472,35,0,506,1,1000,493,343,163
9,BRAILA,158,0,SCOALA  GENERALA  I- VIII  BATOGU,CIRESU,43019,C,3,600,590,10,365,321,10,34,364,1,600,235,298,66
9,BRAILA,159,0,SCOALA  GENERALA   I- VIII SCARLATESTI,CIRESU,43019,C,3,789,780,9,531,492,9,30,523,8,902,371,421,102
9,BRAILA,160,0,SCOALA  GENERALA  I - VIII  VULTURENI,CIRESU,43019,C,3,544,532,12,392,380,12,0,381,11,600,208,332,49
9,BRAILA,161,0,SCOALA  GENERALA  I- VIII TATARU,DUDESTI,43073,C,3,1801,1764,37,1022,974,37,11,1002,20,1900,878,743,259
9,BRAILA,162,0,SCOALA  GENERALA I-VIII DUDESTI,DUDESTI,43073,C,3,1494,1396,98,852,730,98,24,846,6,1600,748,602,244
9,BRAILA,163,0,SCOALA  GENERALA FRECATEI,FRECATEI,43117,C,3,348,337,11,172,158,11,3,169,3,400,228,131,38
9,BRAILA,164,0,SCOALA  GENERALA TITCOV,FRECATEI,43117,C,3,407,397,10,198,188,10,0,195,3,403,205,143,52
9,BRAILA,165,0,SCOALA  GENERALA AGAUA,FRECATEI,43117,C,3,445,431,14,313,250,14,49,310,3,500,187,243,67
9,BRAILA,166,0,SCOALA GENERALA GALBENU,GALBENU,43180,C,3,851,830,21,534,513,21,0,530,4,1000,466,416,114
9,BRAILA,167,0,SCOALA GENERALA SATUC,GALBENU,43180,C,3,830,759,71,508,437,71,0,497,11,800,292,420,77
9,BRAILA,168,0,CAMIN CULTURAL ZAMFIRESTI,GALBENU,43180,C,3,341,332,9,269,260,9,0,268,1,400,131,218,50
9,BRAILA,169,0,SCOALA GENERALA DROGU,GALBENU,43180,C,3,749,731,18,458,440,18,0,449,9,800,342,381,68
9,BRAILA,170,0,SCOALA GENERALA GEMENELE,GEMENELE,43242,C,3,1559,1552,7,961,925,7,29,929,32,1702,741,755,174
9,BRAILA,171,0,CAMIN CULTURAL GRADISTEA,GRADISTEA,43279,C,3,1114,1097,17,541,524,17,0,524,17,1203,662,347,177
9,BRAILA,172,0,CAMIN CULTURAL IBRIANU,GRADISTEA,43279,C,3,658,642,16,390,362,16,12,381,9,703,313,288,93
9,BRAILA,173,0,'LOCUINTA INVATATORULUI ' DIN SCOALA MARALOIU,GRADISTEA,43279,C,3,308,289,19,198,179,19,0,198,0,300,102,145,53
9,BRAILA,174,0,SCOALA GENERALA GROPENI,GROPENI,43313,C,3,1188,1154,34,678,617,34,27,663,15,1305,627,338,325
9,BRAILA,175,0,CAMIN CULTURAL GROPENI,GROPENI,43313,C,3,1728,1678,50,1118,981,50,87,1104,14,1800,682,590,514
9,BRAILA,176,0,SCOALA GENERALA NR.1 JIRLAU,JIRLAU,43466,C,3,1611,1611,0,745,713,0,32,740,5,1799,1054,600,140
9,BRAILA,177,0,SCOALA GENERALA NR.2 JIRLAU,JIRLAU,43466,C,3,1085,1057,28,601,547,28,26,593,8,1199,598,489,104
9,BRAILA,178,0,SCOALA GENERALA MARASU,MARASU,43493,C,3,887,877,10,457,414,10,33,452,5,999,542,273,179
9,BRAILA,179,0,SCOALA GENERALA BANDOIU,MARASU,43493,C,3,410,396,14,238,210,14,14,235,3,400,162,152,83
9,BRAILA,180,0,SCOALA GENERALA TACAU,MARASU,43493,C,3,694,660,34,354,320,34,0,346,8,700,346,103,243
9,BRAILA,181,0,SCOALA GENERALA MAGURENI,MARASU,43493,C,3,503,464,39,294,248,39,7,292,2,500,206,182,110
9,BRAILA,182,0,SCOALA GENERALA PLOPI,MARASU,43493,C,3,257,239,18,180,162,18,0,180,0,300,120,133,47
9,BRAILA,183,0,SCOALA GENERALA I-IV MAXINENI,MAXINENI,43563,C,3,1355,1298,57,798,741,57,0,787,11,1400,602,487,300
9,BRAILA,184,0,CAMIN CULTURAL CORBU NOU,MAXINENI,43563,C,3,776,767,9,562,517,9,36,554,8,811,249,432,122
9,BRAILA,185,0,CAMIN CULTURAL CORBU VECHI,MAXINENI,43563,C,3,239,228,11,170,159,11,0,166,4,300,130,110,56
9,BRAILA,186,0,SCOALA GENERALA I- VIII LATINU,MAXINENI,43563,C,3,639,625,14,372,333,14,25,368,4,700,328,290,78
9,BRAILA,187,0,SCOALA GENERALA NR. 1 MIRCEA VODA,MIRCEA VODA,43625,C,3,2001,1977,24,1163,1139,24,0,1156,7,2200,1037,852,304
9,BRAILA,188,0,SCOALA GENERALA  DEDULESTI,MIRCEA VODA,43625,C,3,793,778,15,505,465,15,25,499,6,900,395,369,130
9,BRAILA,189,0,SCOALA  CLASE I-IV MOVILA MIRESII,MOVILA MIRESII,43652,C,3,1305,1226,79,728,649,79,0,724,4,1299,571,501,223
9,BRAILA,190,0,CAMIN CULTURAL MOVILA MIRESII,MOVILA MIRESII,43652,C,3,1234,1201,33,678,600,33,45,670,8,1302,624,489,181
9,BRAILA,191,0,SCOALA GENERALA SAT TEPES VODA,MOVILA MIRESII,43652,C,3,743,731,12,407,395,12,0,396,11,802,395,302,94
9,BRAILA,192,0,SCOALA GENERALA SAT ESNA,MOVILA MIRESII,43652,C,3,291,274,17,210,186,17,7,204,6,300,90,171,33
9,BRAILA,193,0,CAMIN CULTURAL RACOVITA,RACOVITA,43698,C,3,1156,1143,13,736,723,13,0,727,9,1305,569,592,135
9,BRAILA,194,0,SCOALA GENERALA  I- VIII  RIMNICELU,RAMNICELU,43732,C,3,1206,1167,39,644,605,39,0,639,5,1300,656,443,196
9,BRAILA,195,0,SCOALA GENERALA I- IV  CONSTANTINESTI,RAMNICELU,43732,C,3,322,308,14,191,177,14,0,184,7,400,209,153,31
9,BRAILA,196,0,SCOALA GENERALA  I-IV M. KOGALNICEANU,RAMNICELU,43732,C,3,264,246,18,191,159,18,14,190,1,300,109,158,32
9,BRAILA,197,0,SCOALA GENERALA  I - VIII  ROMANU,ROMANU,43787,C,3,1183,1160,23,715,690,23,2,705,10,1301,586,514,191
9,BRAILA,198,0,SCOALA GENERALA  I - IV SAT OANCEA,ROMANU,43787,C,3,360,344,16,236,220,16,0,234,2,400,164,159,75
9,BRAILA,199,0,SCOALA GENERALA  ROSIORI,ROSIORI,43812,C,3,1432,1422,10,910,830,10,70,901,9,1602,692,695,206
9,BRAILA,200,0,SCOALA GENERALA  COLTEA,ROSIORI,43812,C,3,927,916,11,631,560,11,60,624,7,1000,369,533,91
9,BRAILA,201,0,SCOALA GENERALA  SALCIA TUDOR,SALCIA TUDOR,43867,C,3,675,617,58,457,398,58,1,449,8,700,243,304,145
9,BRAILA,202,0,SCOALA GENERALA  CUZA VODA,SALCIA TUDOR,43867,C,3,841,833,8,539,499,8,32,532,7,900,361,437,95
9,BRAILA,203,0,SCOALA GENERALA  GULIANCA,SALCIA TUDOR,43867,C,3,404,363,41,237,196,41,0,231,6,400,163,145,86
9,BRAILA,204,0,SCOALA GENERALA OLANEASCA,SALCIA TUDOR,43867,C,3,393,387,6,227,205,6,16,223,4,401,174,170,53
9,BRAILA,205,0,CAMIN CULTURAL ARICIU,SALCIA TUDOR,43867,C,3,201,171,30,123,93,30,0,122,1,199,76,97,25
9,BRAILA,206,0,SCOALA GENERALA SCORTARU NOU,SCORTARU NOU,43929,C,3,711,706,5,485,428,5,52,481,4,801,316,401,80
9,BRAILA,207,0,SCOALA GENERALA SAT  SIHLEANU,SCORTARU NOU,43929,C,3,449,442,7,282,221,7,54,278,4,501,219,194,84
9,BRAILA,208,0,CAMIN CULTURAL SILISTEA,SILISTEA,43992,C,3,697,686,11,383,352,11,20,381,2,800,417,240,141
9,BRAILA,209,0,SCOALA GENERALA  MUCHEA,SILISTEA,43992,C,3,475,447,28,332,281,28,23,329,3,500,168,247,82
9,BRAILA,210,0,SCOALA GENERALA COTU LUNG,SILISTEA,43992,C,3,265,254,11,190,179,11,0,190,0,298,108,151,39
9,BRAILA,211,0,SCOALA GENERALA STANCUTA,STANCUTA,44060,C,3,1374,1353,21,824,774,21,29,819,5,1497,673,616,203
9,BRAILA,212,0,SEDIUL PRIMARIEI  DIN SATUL CUZA VODA,STANCUTA,44060,C,3,1235,1211,24,862,811,24,27,848,14,1300,438,525,323
9,BRAILA,213,0,SCOALA GENERALA SAT STANCA,STANCUTA,44060,C,3,418,408,10,314,275,10,29,307,7,499,185,247,60
9,BRAILA,214,0,SCOALA GENERALA I- VIII  SURDILA GAISEANCA,SURDILA-GAISEANCA,44113,C,3,1473,1461,12,893,852,12,29,875,18,1601,708,609,266
9,BRAILA,215,0,SCOALA GENERALA I - VIII  FILIPESTI,SURDILA-GAISEANCA,44113,C,3,702,692,10,458,414,10,34,453,5,800,342,345,108
9,BRAILA,216,0,CAMIN CULTURAL SURDILA GRECI,SURDILA-GRECI,42771,C,3,668,645,23,400,363,23,14,396,4,700,300,231,165
9,BRAILA,217,0,SCOALA GENERALA I-IV  FAUREI SAT,SURDILA-GRECI,42771,C,3,317,305,12,218,206,12,0,217,1,404,186,153,64
9,BRAILA,218,0,SCOALA GENERALA I-IV HORIA,SURDILA-GRECI,42771,C,3,350,336,14,232,218,14,0,232,0,403,171,151,81
9,BRAILA,219,0,CAMIN CULTURAL SUTESTI,SUTESTI,44140,C,3,1769,1751,18,949,929,18,2,942,7,1902,953,711,231
9,BRAILA,220,0,SCOALA GENERALA  SUTESTI,SUTESTI,44140,C,3,1658,1643,15,819,802,15,2,810,9,1800,981,641,169
9,BRAILA,221,0,SCOALA GENERALA   M. KOGALNICEANU,SUTESTI,44140,C,3,263,243,20,236,158,20,58,231,5,302,66,194,37
9,BRAILA,222,0,SCOALA GENERALA I-VIII  INTRAREA A TICHILESTI,TICHILESTI,44177,C,3,1435,1380,55,828,770,55,3,820,8,1501,673,435,385
9,BRAILA,223,0,SCOALA GENERALA I-VIII INTRAREA B TICHILESTI,TICHILESTI,44177,C,3,1478,1465,13,886,840,13,33,873,13,1606,720,444,429
9,BRAILA,224,0,SCOALA GEN.  ALBINA,TICHILESTI,44177,C,3,227,201,26,129,103,26,0,129,0,302,173,81,48
9,BRAILA,225,0,SCOALA GEN. TRAIAN,TRAIAN,44202,C,3,948,923,25,491,432,25,34,485,6,1003,512,354,131
9,BRAILA,226,0,SCOALA GEN. SILISTRARU,TRAIAN,44202,C,3,638,625,13,431,367,13,51,423,8,702,271,327,96
9,BRAILA,227,0,SCOALA GEN. URLEASCA,TRAIAN,44202,C,3,1079,1033,46,614,538,46,30,600,14,1100,486,436,164
9,BRAILA,228,0,SCOALA GEN. CALDARUSA,TRAIAN,44202,C,3,166,158,8,121,101,8,12,120,1,200,79,92,28
9,BRAILA,229,0,SCOALA GEN. TUDOR VLADIMIRESCU,TUDOR VLADIMIRESCU,44257,C,3,883,868,15,509,494,15,0,504,5,999,490,331,173
9,BRAILA,230,0,SEDIUL FOSTULUI CAP SCORTARU VECHI,TUDOR VLADIMIRESCU,44257,C,3,893,881,12,568,556,12,0,553,15,1000,432,448,105
9,BRAILA,231,0,CAMIN CULTURAL COMANEASCA,TUDOR VLADIMIRESCU,44257,C,3,184,176,8,161,130,8,23,161,0,200,39,118,43
9,BRAILA,232,0,SCOALA GEN. NR.1 TUFESTI,TUFESTI,44300,C,3,1625,1574,51,974,892,51,31,964,10,1700,726,620,344
9,BRAILA,233,0,CAMIN CULTURAL TIBANESTI,TUFESTI,44300,C,3,1255,1200,55,774,713,55,6,762,12,1300,526,476,286
9,BRAILA,234,0,GRADINITA TUFESTI,TUFESTI,44300,C,3,988,944,44,665,598,44,23,663,2,1001,336,442,221
9,BRAILA,235,0,SCOALA GEN. NR. 2 TUFESTI,TUFESTI,44300,C,3,1020,963,57,656,571,57,28,650,6,1100,444,451,199
9,BRAILA,236,0,CAMIN CULTURAL ULMU,ULMU,44328,C,3,1562,1515,47,839,792,47,0,825,14,1704,865,586,239
9,BRAILA,237,0,CAMIN CULTURAL MOHREANU,ULMU,44328,C,3,1101,1005,96,696,600,96,0,679,17,1100,404,574,105
9,BRAILA,238,0,CAMIN CULTURAL JUGUREANU,ULMU,44328,C,3,1034,994,40,617,577,40,0,608,9,1106,489,520,88
9,BRAILA,239,0,SCOALA GEN. 1-8 UNIREA,UNIREA,44355,C,3,955,942,13,585,572,13,0,574,11,1000,415,433,141
9,BRAILA,240,0,SCOALA GEN. 1-8 VALEA CANEPII,UNIREA,44355,C,3,1031,1018,13,624,610,13,1,617,7,1100,476,457,160
9,BRAILA,241,0,SCOALA GEN. VADENI,VADENI,44391,C,3,1809,1777,32,920,888,32,0,912,8,2001,1081,542,370
9,BRAILA,242,0,CAMIN CULTURAL BALDOVINESTI,VADENI,44391,C,3,762,714,48,378,330,48,0,369,9,800,422,217,152
9,BRAILA,243,0,SCOALA GEN. PIETROIU,VADENI,44391,C,3,373,337,36,244,182,36,26,243,1,399,155,157,86
9,BRAILA,244,1,CENTRUL DE INGRIJIRE SI ASISTENTA 'SF. MARIA' BALDOVINESTI,VADENI,44391,C,3,10,0,10,96,0,10,86,95,1,500,404,73,22
9,BRAILA,245,0,SCOALA GEN. VICTORIA,VICTORIA,44435,C,3,1850,1820,30,986,956,30,0,975,11,2000,1014,797,178
9,BRAILA,246,0,SCOALA GEN. MIHAI BRAVU,VICTORIA,44435,C,3,1267,1219,48,786,738,48,0,775,11,1300,514,655,120
9,BRAILA,247,0,SCOALA GEN. VISANI,VISANI,44462,C,3,1630,1604,26,1144,1099,26,19,1136,8,1803,659,804,332
9,BRAILA,248,0,SCOALA GEN. CIINENI   BAI,VISANI,44462,C,3,584,565,19,410,331,19,60,402,8,601,191,335,67
9,BRAILA,249,0,SCOALA GEN. NR. 1 VIZIRU,VIZIRU,44505,C,3,1699,1558,141,858,717,141,0,850,8,1703,845,542,308
9,BRAILA,250,0,SCOALA ANEXA NR.2 VIZIRU,VIZIRU,44505,C,3,1838,1753,85,942,857,85,0,922,20,1900,958,580,342
9,BRAILA,251,0,SCOALA GEN. LANURILE,VIZIRU,44505,C,3,1795,1666,129,1138,1009,129,0,1120,18,1802,664,805,315
9,BRAILA,252,0,CAMIN CULTURAL ZAVOAIA,ZAVOAIA,44532,C,3,2098,2081,17,1257,1228,17,12,1244,13,2334,1077,894,350
9,BRAILA,253,0,CAMIN CULTURAL DUDESCU,ZAVOAIA,44532,C,3,720,659,61,508,447,61,0,501,7,700,192,399,102
10,BUZAU,1,0,"Scoala generala nr. 5, Ep. Dionisie Romano str. Bistritei, nr. 31",MUNICIPIUL BUZAU,44818,M,1,1852,1830,22,1096,1073,22,1,1088,8,2000,904,452,636
10,BUZAU,2,0,"Scoala generala nr. 11,str. Chiristigii nr.7",MUNICIPIUL BUZAU,44818,M,1,1692,1662,30,1024,973,30,21,1015,9,1800,776,449,566
10,BUZAU,3,0,"Scoala speciala nr.1, str.Al. Marghiloman nr. 30",MUNICIPIUL BUZAU,44818,M,1,2241,2182,59,1280,1219,59,2,1272,8,2400,1120,554,718
10,BUZAU,4,0,Grupul Scolar Grigore Moisil cartier Brosteni,MUNICIPIUL BUZAU,44818,M,1,2402,2364,38,1224,1185,38,1,1218,6,2500,1276,528,690
10,BUZAU,5,0,Grupul Scolar Grigore Moisil cartier Brosteni,MUNICIPIUL BUZAU,44818,M,1,2205,2176,29,1136,1106,29,1,1126,10,2000,864,458,668
10,BUZAU,6,0,Grupul Scolar Grigore Moisil cartier Brosteni,MUNICIPIUL BUZAU,44818,M,1,2162,2152,10,1075,1063,10,2,1068,7,2300,1225,418,650
10,BUZAU,7,0,"Colegiul Universitar Economic, cartier Brosteni",MUNICIPIUL BUZAU,44818,M,1,2058,2024,34,1032,995,34,3,1025,7,2300,1268,442,583
10,BUZAU,8,0,"Scoala generala nr.7, cartier Dorobanti I",MUNICIPIUL BUZAU,44818,M,1,1937,1929,8,969,933,8,28,956,13,2100,1131,416,540
10,BUZAU,9,0,"Scoala generala nr.6, str. Victoriei nr. 73",MUNICIPIUL BUZAU,44818,M,1,2180,2161,19,1097,1078,19,0,1091,6,2400,1303,437,654
10,BUZAU,10,0,"Liceul teoretic Alexandru Marghiloman ,cartier Dorobanti II",MUNICIPIUL BUZAU,44818,M,1,2086,2058,28,1118,1090,28,0,1113,5,2200,1082,457,656
10,BUZAU,11,0,"Scoala generala nr. 7, cartier Dorobanti I",MUNICIPIUL BUZAU,44818,M,1,1952,1934,18,1050,1031,18,1,1046,4,2100,1050,415,631
10,BUZAU,12,0,"Liceul pentru deficienti de vedere, str.Horticolei nr.50",MUNICIPIUL BUZAU,44818,M,1,2095,2062,33,1074,1018,33,23,1051,23,2200,1126,648,403
10,BUZAU,13,0,"Liceul teoretic Alexandru Marghiloman,cartier Dorobanti II",MUNICIPIUL BUZAU,44818,M,1,2255,2217,38,1197,1157,38,2,1183,14,2400,1203,582,601
10,BUZAU,14,0,"Scoala generala nr. 6, str. Victoriei nr. 73",MUNICIPIUL BUZAU,44818,M,1,2038,2014,24,1051,1027,24,0,1046,5,2200,1149,463,583
10,BUZAU,15,0,"Grup scolar industrial de trasporturi cai ferate, str. Horticolei nr. 50",MUNICIPIUL BUZAU,44818,M,1,2592,2572,20,1323,1298,20,5,1311,12,2700,1377,623,688
10,BUZAU,16,0,"Scoala generala nr. 16, cartier MicroV",MUNICIPIUL BUZAU,44818,M,1,1915,1898,17,908,891,17,0,905,3,2100,1192,410,495
10,BUZAU,17,0,"Scoala generala nr. 16, cartier MicroV",MUNICIPIUL BUZAU,44818,M,1,1647,1625,22,822,800,22,0,816,6,1900,1078,405,411
10,BUZAU,18,0,"Scoala generala nr. 6, str. Victoriei nr. 73",MUNICIPIUL BUZAU,44818,M,1,1378,1357,21,697,674,21,2,694,3,1500,803,312,382
10,BUZAU,19,0,"Gradinita cu program normal, nr. 13 b-dul Republicii nr. 18",MUNICIPIUL BUZAU,44818,M,1,2233,2204,29,1179,1150,29,0,1171,8,2300,1121,560,611
10,BUZAU,20,0,"Scoala generala nr. 16, cartier MicroV",MUNICIPIUL BUZAU,44818,M,1,1871,1854,17,943,926,17,0,939,4,2000,1057,442,497
10,BUZAU,21,0,"Liceul de arta Margareta Sterian, str. Bucegi nr. 6",MUNICIPIUL BUZAU,44818,M,1,1615,1602,13,912,898,13,1,907,5,1800,888,442,465
10,BUZAU,22,0,"Scoala generala nr. 16, cartier MicroV",MUNICIPIUL BUZAU,44818,M,1,1600,1581,19,889,869,19,1,884,5,1700,811,454,430
10,BUZAU,23,0,"Colegiul National B.P. HASDEU,str. Libertatii nr. 3",MUNICIPIUL BUZAU,44818,M,1,1569,1534,35,874,836,35,3,865,9,1700,826,401,464
10,BUZAU,24,0,"Scoala generala nr. 10, str.Stupariei nr. 1",MUNICIPIUL BUZAU,44818,M,1,1946,1910,36,1006,970,36,0,997,9,2300,1294,476,521
10,BUZAU,25,0,"Scoala generala nr. 10, str.Stupariei nr. 1",MUNICIPIUL BUZAU,44818,M,1,1800,1751,49,1019,970,49,0,998,21,1500,481,524,474
10,BUZAU,26,0,"Liceul Dimitrie Filipescu,str. D.Filipescu nr. 6",MUNICIPIUL BUZAU,44818,M,1,2972,2890,82,1577,1461,82,34,1564,13,2900,1323,721,843
10,BUZAU,27,0,Colegiul Agricol Dr. C. Angelescu str. Crizantemelor nr.17,MUNICIPIUL BUZAU,44818,M,1,1523,1502,21,855,834,21,0,844,11,1600,745,358,486
10,BUZAU,28,0,"Scoala generala nr. 8, str. Col.Ion Buzoianu nr. 109",MUNICIPIUL BUZAU,44818,M,1,2093,2060,33,1161,1127,33,1,1152,9,2000,839,436,716
10,BUZAU,29,0,"Scoala generala nr. 8, str. Col.Ion Buzoianu nr. 109",MUNICIPIUL BUZAU,44818,M,1,1797,1775,22,1022,1000,22,0,1011,11,2100,1078,445,566
10,BUZAU,30,0,"Districtul 4 CFR, bd. 1 Decembrie 1918 nr. 5",MUNICIPIUL BUZAU,44818,M,1,2286,2267,19,1205,1165,19,21,1193,12,2500,1295,502,691
10,BUZAU,31,0,Gradinita de copii cu program normal nr. 8 str. Independentei nr. 81,MUNICIPIUL BUZAU,44818,M,1,2047,2016,31,1060,1029,31,0,1052,8,2100,1040,468,584
10,BUZAU,32,0,"Colegiul National M.Eminescu, str. Independentei nr. 22",MUNICIPIUL BUZAU,44818,M,1,2063,2035,28,1023,993,28,2,1018,5,2219,1196,406,612
10,BUZAU,33,0,"Liceul pedagogic Spiru Haret, str. Spiru Haret nr. 6",MUNICIPIUL BUZAU,44818,M,1,2205,2166,39,1099,1060,39,0,1097,2,2200,1101,454,643
10,BUZAU,34,0,"Scoala generala nr. 15, str. Spiru Haret nr.8",MUNICIPIUL BUZAU,44818,M,1,1901,1884,17,1037,1020,17,0,1030,7,1900,863,469,561
10,BUZAU,35,0,"Scoala generala nr. 15, str. Spiru Haret nr.8",MUNICIPIUL BUZAU,44818,M,1,1907,1880,27,1058,1031,27,0,1052,6,2300,1242,465,587
10,BUZAU,36,0,"Scoala generala nr. 15, str. Spiru Haret nr.8",MUNICIPIUL BUZAU,44818,M,1,2199,2173,26,1180,1154,26,0,1172,8,2600,1420,540,632
10,BUZAU,37,0,"S.C. ELECTRICA S.A. Buzau, b-dul m-sal Al. Averescu nr. 3",MUNICIPIUL BUZAU,44818,M,1,2292,2246,46,1259,1209,46,4,1255,4,2700,1441,548,707
10,BUZAU,38,0,"Liceul pedagogic Spiru Haret, str. Spiru Haret nr. 6",MUNICIPIUL BUZAU,44818,M,1,1723,1704,19,991,965,19,7,982,9,1900,909,470,512
10,BUZAU,39,0,"Liceul pedagogic Spiru Haret, str. Spiru Haret nr. 6",MUNICIPIUL BUZAU,44818,M,1,1541,1511,30,938,907,30,1,932,6,1600,662,511,421
10,BUZAU,40,0,"Scoala gen. nr.1 Cpt.av.Mircea T. Badulescu, b-dul N. Balcescu nr. 28",MUNICIPIUL BUZAU,44818,M,1,1558,1535,23,949,926,23,0,946,3,1600,651,340,606
10,BUZAU,41,0,"Colegiul National M. Eminescu, str. Independentei nr. 22",MUNICIPIUL BUZAU,44818,M,1,1836,1788,48,1016,954,48,14,1011,5,1927,911,372,639
10,BUZAU,42,0,"Colegiul Economic, str.T.Vladimirescu nr. 15",MUNICIPIUL BUZAU,44818,M,1,1478,1428,50,1007,909,50,48,999,8,1564,557,420,579
10,BUZAU,43,0,"Scoala gen nr.1 Cpt.av.Mircea T. Badulescu, b-dul N. Balcescu nr. 28",MUNICIPIUL BUZAU,44818,M,1,1636,1618,18,968,950,18,0,965,3,1800,832,373,592
10,BUZAU,44,0,"S.C. PROIECT S.A.,str.Unirii bl.13A+B",MUNICIPIUL BUZAU,44818,M,1,1681,1642,39,989,946,39,4,986,3,1800,811,378,608
10,BUZAU,45,0,"Scoala gen. nr.1 Cpt.av.Mircea T. Badulescu,b-dul N.Balcescu",MUNICIPIUL BUZAU,44818,M,1,1143,1123,20,620,600,20,0,612,8,1200,580,278,334
10,BUZAU,46,0,"Muzeul judetean de istorie, b-dul N. Balcescu nr. 50",MUNICIPIUL BUZAU,44818,M,1,1618,1602,16,993,949,16,28,985,8,1900,907,426,559
10,BUZAU,47,0,"Scoala generala nr. 2 , str. George Cosbuc nr. 5",MUNICIPIUL BUZAU,44818,M,1,1519,1501,18,896,875,18,3,891,5,1700,804,364,527
10,BUZAU,48,0,"Scoala generala nr. 2 , str. George Cosbuc nr. 5",MUNICIPIUL BUZAU,44818,M,1,1610,1587,23,929,905,23,1,924,5,1800,871,417,507
10,BUZAU,49,0,"Scoala generala nr. 12, cartier Micro XIV",MUNICIPIUL BUZAU,44818,M,1,2277,2183,94,1139,1045,94,0,1125,14,2400,1261,563,562
10,BUZAU,50,0,"Centrul de recoltare si cons. a sangelui, str. G-ral Grigore Bastan, nr.2",MUNICIPIUL BUZAU,44818,M,1,1981,1946,35,1297,1097,35,165,1280,17,2100,803,585,695
10,BUZAU,51,0,"Scoala generala nr. 12, cartier Micro XIV",MUNICIPIUL BUZAU,44818,M,1,2313,2281,32,1226,1193,32,1,1213,13,2500,1274,576,637
10,BUZAU,52,0,"Liceul cu program sportiv, cartier Micro XIV",MUNICIPIUL BUZAU,44818,M,1,1568,1533,35,779,744,35,0,768,11,1800,1021,343,425
10,BUZAU,53,0,"Liceul cu program sportiv, cartier Micro XIV",MUNICIPIUL BUZAU,44818,M,1,1604,1571,33,774,741,33,0,772,2,1800,1026,282,490
10,BUZAU,54,0,"Liceul cu program sportiv, cartier Micro XIV",MUNICIPIUL BUZAU,44818,M,1,1331,1311,20,694,671,20,3,692,2,1500,806,329,363
10,BUZAU,55,0,"Scoala generala nr. 11, str. Chiristigii nr. 7",MUNICIPIUL BUZAU,44818,M,1,1845,1823,22,1038,1014,22,2,1031,7,1900,862,461,570
10,BUZAU,56,0,"Scoala generala nr. 11, str. Chiristigii nr. 7",MUNICIPIUL BUZAU,44818,M,1,1997,1933,64,1114,1050,64,0,1108,6,2100,986,479,629
10,BUZAU,57,0,"Scoala generala nr. 11, str. Chiristigii nr. 7",MUNICIPIUL BUZAU,44818,M,1,1913,1878,35,1035,1000,35,0,1028,7,2000,965,439,589
10,BUZAU,58,0,"Gradinita cu program prelungit nr. 5, cartier Micro III",MUNICIPIUL BUZAU,44818,M,1,1798,1758,40,970,927,40,3,962,8,1900,930,389,573
10,BUZAU,59,0,Seminarul teologic  aleea Episcopiei nr.1,MUNICIPIUL BUZAU,44818,M,1,2042,1994,48,1192,1134,48,10,1188,4,2100,908,486,702
10,BUZAU,60,0,Seminarul teologic  aleea Episcopiei nr.1,MUNICIPIUL BUZAU,44818,M,1,1671,1651,20,895,872,20,3,883,12,1800,905,469,414
10,BUZAU,61,0,"Grupul Scolar Costin Nenitescu Transilvaniei, nr. 134",MUNICIPIUL BUZAU,44818,M,1,1655,1613,42,794,747,42,5,781,13,1700,906,420,361
10,BUZAU,62,0,"Grupul Scolar de meserii si servicii, str. Bazalt nr. 1",MUNICIPIUL BUZAU,44818,M,1,2334,2223,111,1240,1024,111,105,1224,16,2300,1060,648,576
10,BUZAU,63,0,"Scoala generala nr. 14, str. Transilvaniei nr. 313",MUNICIPIUL BUZAU,44818,M,1,1547,1524,23,806,779,23,4,794,12,1700,894,424,370
10,BUZAU,64,0,"Scoala generala nr. 14, str. Transilvaniei nr. 313",MUNICIPIUL BUZAU,44818,M,1,1429,1416,13,664,651,13,0,646,18,1600,936,438,208
10,BUZAU,65,0,"Scoala generala nr. 14, str. Transilvaniei nr. 313",MUNICIPIUL BUZAU,44818,M,1,1409,1386,23,626,601,23,2,613,13,1500,874,437,176
10,BUZAU,66,1,Statia CFR Buzau,MUNICIPIUL BUZAU,44818,M,1,14,0,14,1313,0,14,1299,1304,9,1500,187,436,868
10,BUZAU,67,1,"Spitalul Judetean Buzau, b-dul Stadionului nr. 2",MUNICIPIUL BUZAU,44818,M,1,168,0,168,435,0,168,267,433,2,500,65,232,201
10,BUZAU,68,1,"Spitalul Judetean Buzau, b-dul Garii nr. 8",MUNICIPIUL BUZAU,44818,M,1,65,0,65,179,0,65,114,178,1,200,21,104,74
10,BUZAU,69,1,"Dispensarul policlinic CFR, b-dul Republicii nr. 8-12",MUNICIPIUL BUZAU,44818,M,1,26,0,26,77,0,26,51,75,2,100,23,44,31
10,BUZAU,70,1,U.M. 01671,MUNICIPIUL BUZAU,44818,M,1,40,0,40,192,0,40,152,190,2,306,114,86,104
10,BUZAU,71,1,Autogara Buzau,MUNICIPIUL BUZAU,44818,M,1,14,0,14,685,0,14,671,680,5,700,15,267,413
10,BUZAU,72,0,Scoala generala nr. 7 Str. Merisorului nr. 3,MUNICIPIUL RAMNICU SARAT,44845,M,1,1604,1596,8,950,877,8,65,939,11,1676,726,529,410
10,BUZAU,73,0,Scoala cu clasele I-VIII Nr. 3 Str. Perisori nr. 2,MUNICIPIUL RAMNICU SARAT,44845,M,1,1814,1788,26,962,932,26,4,941,21,2000,1038,783,158
10,BUZAU,74,0,Scoala cu clasele I-VIII nr.5 Vasile Cristoforeanu Localul I Str. Al. I. Cuza,MUNICIPIUL RAMNICU SARAT,44845,M,1,1388,1366,22,767,744,22,1,761,6,1500,733,379,382
10,BUZAU,75,0,Gradinita cu program normal nr. 8 Str. Lt. Pantazescu nr. 2,MUNICIPIUL RAMNICU SARAT,44845,M,1,1832,1810,22,897,875,22,0,895,2,2000,1103,438,457
10,BUZAU,76,0,Scoala profesionala nr. 1 Str. Mihail Kogalniceanu nr.22,MUNICIPIUL RAMNICU SARAT,44845,M,1,1899,1869,30,940,908,30,2,922,18,2100,1160,547,375
10,BUZAU,77,0,Scoala cu clasele I-VIII nr.5 Vasile Cristoforeanu Localul II Str. Al. I. Cuza,MUNICIPIUL RAMNICU SARAT,44845,M,1,1561,1527,34,760,726,34,0,755,5,1800,1040,379,376
10,BUZAU,78,0,Scoala cu clasele I-VIII nr.5 Vasile Cristoforeanu Localul III Str. Al. I. Cuza,MUNICIPIUL RAMNICU SARAT,44845,M,1,1483,1474,9,844,818,9,17,838,6,1593,749,387,451
10,BUZAU,79,0,"Colegiul National Alexandru Vlahuta, localul II str. Tudor Vladimirescu nr. 1",MUNICIPIUL RAMNICU SARAT,44845,M,1,1480,1397,83,1172,709,83,380,1163,9,1531,359,536,627
10,BUZAU,80,0,Caminul de copii cu program prelungit nr. 1 Str. Constantin Brancoveanu nr. 13,MUNICIPIUL RAMNICU SARAT,44845,M,1,1559,1552,7,787,768,7,12,779,8,1600,813,424,355
10,BUZAU,81,0,Scoala cu clasele I  VIII Nr. 6 Str. Matei Basarab nr. 86,MUNICIPIUL RAMNICU SARAT,44845,M,1,1916,1897,19,1078,1059,19,0,1062,16,2060,982,530,532
10,BUZAU,82,0,Liceul teoretic Stefan cel Mare str. Liliacului nr. 15,MUNICIPIUL RAMNICU SARAT,44845,M,1,1496,1484,12,858,818,12,28,852,6,1600,742,436,416
10,BUZAU,83,0,Grupul Scolar Agricol Str. Nicolae Balcescu nr. 2,MUNICIPIUL RAMNICU SARAT,44845,M,1,1492,1455,37,863,826,37,0,855,8,1400,537,427,428
10,BUZAU,84,0,Cantina de ajutor social Str. Plutonier Torcaru nr. 12,MUNICIPIUL RAMNICU SARAT,44845,M,1,1522,1503,19,820,801,19,0,813,7,1700,880,416,397
10,BUZAU,85,0,"Colegiul National Alexandru Vlahuta localul I, str. Tudor Vladimirescu nr. 13",MUNICIPIUL RAMNICU SARAT,44845,M,1,1490,1469,21,794,773,21,0,789,5,1600,806,434,355
10,BUZAU,86,0,"Scoala cu clasele I- VIII nr. 1, str. Stefan cel Mare nr. 17",MUNICIPIUL RAMNICU SARAT,44845,M,1,1364,1339,25,792,767,25,0,789,3,1500,708,394,395
10,BUZAU,87,0,Scoala cu clasele I VIII  nr. 2 Str. Paun Pincio nr. 8,MUNICIPIUL RAMNICU SARAT,44845,M,1,1605,1586,19,854,790,19,45,847,7,1700,846,451,396
10,BUZAU,88,0,S.C.OILREG S.A. Str. Costieni nr. 106,MUNICIPIUL RAMNICU SARAT,44845,M,1,2048,1993,55,1162,1107,55,0,1151,11,2200,1038,578,573
10,BUZAU,89,0,"Caminul de copii cu program prelungit nr. 3 Costieni, Localul I B- dul 1 decembrie",MUNICIPIUL RAMNICU SARAT,44845,M,1,1908,1894,14,959,945,14,0,949,10,2100,1141,480,469
10,BUZAU,90,0,"Caminul de copii cu program prelungit nr. 3 Costieni, Localul II B- dul 1 decembrie",MUNICIPIUL RAMNICU SARAT,44845,M,1,1639,1619,20,824,804,20,0,817,7,1900,1076,334,483
10,BUZAU,91,0,Scoala cu clasele I- VIII Nr. 8 Str. Lalelelor nr. 1,MUNICIPIUL RAMNICU SARAT,44845,M,1,1713,1689,24,837,813,24,0,833,4,1908,1071,335,498
10,BUZAU,92,0,Grupul Scolar Economic str. Lalelelor nr. 1,MUNICIPIUL RAMNICU SARAT,44845,M,1,1644,1617,27,829,802,27,0,823,6,1800,971,321,502
10,BUZAU,93,1,"Spitalul municipal Rm. Sarat, str. Nicolae Balcescu nr. 4",MUNICIPIUL RAMNICU SARAT,44845,M,1,61,0,61,385,0,61,324,381,4,410,25,245,136
10,BUZAU,94,0,Casa de cultura Str.1 Decembrie 1918 nr.1,ORAS NEHOIU,47916,O,1,1059,981,78,793,625,78,90,791,2,1100,307,306,485
10,BUZAU,95,0,Gradinita Nehoiu Str.Al.I.Cuza,ORAS NEHOIU,47916,O,1,881,841,40,698,570,40,88,695,3,900,202,311,384
10,BUZAU,96,0,Sediu A.C.R.Lunca Mare,ORAS NEHOIU,47916,O,1,753,733,20,493,473,20,0,487,6,800,307,282,205
10,BUZAU,97,0,Caminul cult.Badirlegi,ORAS NEHOIU,47916,O,1,346,327,19,265,246,19,0,264,1,400,135,153,111
10,BUZAU,98,0,Fosta sectie confectionat incaltaminte Dimbovita,ORAS NEHOIU,47916,O,1,571,549,22,414,391,22,1,414,0,628,214,220,194
10,BUZAU,99,0,Caminul cult.Valea Nehoiului,ORAS NEHOIU,47916,O,1,903,869,34,614,580,34,0,607,7,984,370,396,211
10,BUZAU,100,0,Caminul cult.Valea Nehoiasului,ORAS NEHOIU,47916,O,1,393,379,14,281,267,14,0,279,2,400,119,210,69
10,BUZAU,101,0,Caminul cult.Lunca Pripor,ORAS NEHOIU,47916,O,1,588,541,47,385,337,47,1,379,6,604,219,139,240
10,BUZAU,102,0,Sc.gen.Prund,ORAS NEHOIU,47916,O,1,377,335,42,293,251,42,0,287,6,400,107,171,116
10,BUZAU,103,0,Caminul cult.Bisca Roziliei,ORAS NEHOIU,47916,O,1,600,573,27,433,406,27,0,429,4,587,154,254,175
10,BUZAU,104,0,Gradinita Pod Vinetis,ORAS NEHOIU,47916,O,1,555,532,23,396,373,23,0,390,6,600,204,274,116
10,BUZAU,105,0,Caminul cult.Vinetis,ORAS NEHOIU,47916,O,1,163,145,18,136,118,18,0,133,3,200,64,114,19
10,BUZAU,106,0,Caminul cult.Paltineni,ORAS NEHOIU,47916,O,1,713,668,45,466,420,45,1,457,9,700,234,243,214
10,BUZAU,107,0,Sc.gen.Mlajet,ORAS NEHOIU,47916,O,1,761,732,29,523,494,29,0,514,9,800,277,337,177
10,BUZAU,108,0,Sc.gen.Chirlesti,ORAS NEHOIU,47916,O,1,602,584,18,361,343,18,0,360,1,600,239,233,127
10,BUZAU,109,0,Caminul cult.Curmatura,ORAS NEHOIU,47916,O,1,216,205,11,158,147,11,0,155,3,200,42,116,39
10,BUZAU,110,0,Clubul copiilor Str.M.Eminescu nr.3,ORAS POGOANELE,48744,O,1,1461,1439,22,794,772,22,0,781,13,1600,806,459,322
10,BUZAU,111,0,Sc.nr.2 Pogoanele Str.I.L.Caragiale nr.39  - 552267,ORAS POGOANELE,48744,O,1,1650,1625,25,934,905,25,4,925,9,1800,866,560,365
10,BUZAU,112,0,Fosta scoala nr.3 Pogoanele Str.Unirii nr.77,ORAS POGOANELE,48744,O,1,1529,1513,16,870,785,16,69,851,19,1700,830,471,380
10,BUZAU,113,0,Sc.Caldarasti - 534865,ORAS POGOANELE,48744,O,1,1735,1721,14,936,913,14,9,924,12,1900,964,681,243
10,BUZAU,114,0,Scoala profesionala Patirlagele,PATARLAGELE,48325,C,3,2226,2180,46,1386,1231,46,109,1374,12,2400,1014,729,645
10,BUZAU,115,0,Scoala cu clasele I-IV Poienile,PATARLAGELE,48325,C,3,316,297,19,170,151,19,0,167,3,304,134,97,70
10,BUZAU,116,0,Scoala generala Maruntisu,PATARLAGELE,48325,C,3,1329,1302,27,816,776,27,13,811,5,1400,584,547,264
10,BUZAU,117,0,Scoala cu clasele I-IV Valea Lupului,PATARLAGELE,48325,C,3,429,417,12,272,260,12,0,271,1,500,228,172,99
10,BUZAU,118,0,Scoala cu clasele I-IV Valea Viei,PATARLAGELE,48325,C,3,444,435,9,288,279,9,0,284,4,500,212,152,132
10,BUZAU,119,0,Scoala cu clasele I-IV Manastirea,PATARLAGELE,48325,C,3,86,71,15,60,45,15,0,59,1,100,40,42,17
10,BUZAU,120,0,Scoala cu clasele I-IV Cring,PATARLAGELE,48325,C,3,504,491,13,325,312,13,0,323,2,500,175,229,94
10,BUZAU,121,0,Scoala generala Muscel,PATARLAGELE,48325,C,3,651,637,14,387,373,14,0,381,6,800,413,303,78
10,BUZAU,122,0,Scoala generala Sibiciu de Sus,PATARLAGELE,48325,C,3,806,794,12,514,502,12,0,513,1,900,386,287,226
10,BUZAU,123,0,Scoala cu clasele I-IV Valea Sibiciului,PATARLAGELE,48325,C,3,249,238,11,181,158,11,12,179,2,300,119,120,59
10,BUZAU,124,0,Sc.Amaru,AMARU,44863,C,3,1151,1117,34,646,609,34,3,641,5,1300,654,492,149
10,BUZAU,125,0,Sc.Dulbanu,AMARU,44863,C,3,479,455,24,290,266,24,0,286,4,400,110,254,32
10,BUZAU,126,0,Sc.Lunca,AMARU,44863,C,3,335,311,24,233,165,24,44,229,4,408,175,198,31
10,BUZAU,127,0,Sc.Lacu Sinaia,AMARU,44863,C,3,253,236,17,177,160,17,0,177,0,200,23,143,34
10,BUZAU,128,0,Sc.Balta Alba 590063,BALTA ALBA,44934,C,3,572,566,6,365,338,6,21,363,2,600,235,250,113
10,BUZAU,129,0,Sc.Baile,BALTA ALBA,44934,C,3,467,460,7,315,269,7,39,310,5,516,201,171,139
10,BUZAU,130,0,Sc.Amara 590670,BALTA ALBA,44934,C,3,1517,1510,7,985,958,7,20,972,13,1704,719,746,226
10,BUZAU,131,0,Primaria Balaceanu 577635,BALACEANU,44989,C,3,1420,1418,2,827,809,2,16,822,5,1600,773,641,181
10,BUZAU,132,0,Sc.Beceni 520416,BECENI,45003,C,3,1018,968,50,484,434,50,0,479,5,1300,816,311,168
10,BUZAU,133,0,Sc.Dimiana 512809,BECENI,45003,C,3,842,830,12,497,443,12,42,491,6,902,405,372,119
10,BUZAU,134,0,Sc.Valea Parului 528897,BECENI,45003,C,3,1388,1371,17,629,608,17,4,627,2,1400,771,426,201
10,BUZAU,135,0,Sc.Izvoru Dulce 546860,BECENI,45003,C,3,621,542,79,378,297,79,2,378,0,600,222,229,149
10,BUZAU,136,0,Sc.Floresti 546861,BECENI,45003,C,3,271,261,10,168,158,10,0,164,4,300,132,125,39
10,BUZAU,137,0,Casa de cultura Berca,BERCA,45101,C,3,2690,2618,72,1325,1244,72,9,1309,16,2900,1575,623,686
10,BUZAU,138,0,Grup scolar ind.Berca,BERCA,45101,C,3,671,599,72,397,325,72,0,393,4,700,303,186,207
10,BUZAU,139,0,Sc.Satuc,BERCA,45101,C,3,563,513,50,323,273,50,0,321,2,600,277,161,160
10,BUZAU,140,0,Sc.Ratesti,BERCA,45101,C,3,991,958,33,547,468,33,46,533,14,1100,553,367,166
10,BUZAU,141,0,Sc.Picle,BERCA,45101,C,3,207,177,30,138,108,30,0,130,8,200,62,80,50
10,BUZAU,142,0,Sc.Joseni,BERCA,45101,C,3,819,765,54,495,441,54,0,493,2,800,305,322,171
10,BUZAU,143,0,Sc.Plesesti,BERCA,45101,C,3,711,672,39,419,373,39,7,417,2,800,381,234,183
10,BUZAU,144,0,Camin cult.Plescoi,BERCA,45101,C,3,841,826,15,459,422,15,22,454,5,900,441,243,211
10,BUZAU,145,0,Sc.Valea Nucului,BERCA,45101,C,3,602,576,26,364,338,26,0,356,8,600,236,229,127
10,BUZAU,146,0,Sala festivitati primarie 529841,BISOCA,45245,C,3,624,610,14,284,270,14,0,280,4,700,416,227,53
10,BUZAU,147,0,Campus Sf.Sava 529870,BISOCA,45245,C,3,887,856,31,445,414,31,0,441,4,900,455,382,59
10,BUZAU,148,0,Sc.Sarile,BISOCA,45245,C,3,435,419,16,262,246,16,0,258,4,500,238,235,23
10,BUZAU,149,0,Caminul cultural Plesi,BISOCA,45245,C,3,386,369,17,239,222,17,0,238,1,400,161,206,32
10,BUZAU,150,0,Sc. generala Blajani 510572,BLAJANI,45334,C,3,764,758,6,465,447,6,12,459,6,800,335,338,121
10,BUZAU,151,0,Camin cult.Soresti,BLAJANI,45334,C,3,290,280,10,178,165,10,3,178,0,300,122,137,41
10,BUZAU,152,0,Primaria Boldu 576505,BOLDU,45361,C,3,1151,1136,15,884,735,15,134,872,12,1300,416,635,237
10,BUZAU,153,0,Gradinita de copii 576545,BOLDU,45361,C,3,919,877,42,700,566,42,92,698,2,1000,300,525,173
10,BUZAU,154,0,Sc.Bozioru 523036,BOZIORU,45389,C,3,605,605,0,387,380,0,7,382,5,700,313,271,111
10,BUZAU,155,0,Sc.Fisici,BOZIORU,45389,C,3,419,412,7,266,257,7,2,262,4,500,234,208,54
10,BUZAU,156,0,Sc.Bradeanu 535057/int.6,BRADEANU,45496,C,3,1013,984,29,618,575,29,14,606,12,1079,461,379,227
10,BUZAU,157,0,Sc.Smirdan 535429,BRADEANU,45496,C,3,871,862,9,551,525,9,17,545,6,993,442,370,175
10,BUZAU,158,0,Sc.Mitropolia,BRADEANU,45496,C,3,419,404,15,309,274,15,20,306,3,500,191,220,86
10,BUZAU,159,0,Caminul cult. Braesti 525067,BRAESTI,45539,C,3,845,840,5,529,483,5,41,523,6,900,371,431,92
10,BUZAU,160,0,Gradinita Bratilesti 525004,BRAESTI,45539,C,3,1189,1177,12,733,706,12,15,725,8,1300,567,643,82
10,BUZAU,161,0,Primaria veche Breaza,BREAZA,45619,C,3,1001,980,21,511,464,21,26,496,15,1100,589,352,144
10,BUZAU,162,0,Sc.Greceanca 511980,BREAZA,45619,C,3,892,873,19,467,434,19,14,456,11,998,531,263,193
10,BUZAU,163,0,Sc.Vispesti,BREAZA,45619,C,3,619,613,6,354,333,6,15,345,9,730,376,240,105
10,BUZAU,164,0,Sc. Generala Buda 575256,BUDA,45673,C,3,1526,1472,54,910,841,54,15,895,15,1600,690,579,316
10,BUZAU,165,0,Sc. Generala Al.Odobescu 570500,BUDA,45673,C,3,1103,1082,21,532,511,21,0,523,9,1202,670,414,109
10,BUZAU,166,0,Sc.C.A.Rosetti,C.A. ROSETTI,45815,C,3,853,816,37,468,431,37,0,465,3,900,432,327,138
10,BUZAU,167,0,Sc.Balteni,C.A. ROSETTI,45815,C,3,440,427,13,311,292,13,6,307,4,500,189,250,57
10,BUZAU,168,0,Sc.Bilhacu,C.A. ROSETTI,45815,C,3,174,165,9,121,99,9,13,119,2,200,79,97,22
10,BUZAU,169,0,Sc.Cotu Ciorii,C.A. ROSETTI,45815,C,3,523,506,17,310,292,17,1,304,6,600,290,217,87
10,BUZAU,170,0,Sc.Lunca,C.A. ROSETTI,45815,C,3,1096,1078,18,923,905,18,0,902,21,1200,277,677,225
10,BUZAU,171,0,Sc.Vizireni,C.A. ROSETTI,45815,C,3,418,386,32,260,228,32,0,259,1,400,140,207,52
10,BUZAU,172,0,Camin cult.Calvini,CALVINI,45753,C,3,1582,1575,7,669,654,7,8,662,7,1700,1031,417,245
10,BUZAU,173,0,Fost sediu  Consumcoop,CALVINI,45753,C,3,1677,1658,19,753,727,19,7,733,20,1808,1055,510,223
10,BUZAU,174,0,Sc.Canesti 547306,CANESTI,45888,C,3,896,823,73,612,463,73,76,605,7,900,288,418,187
10,BUZAU,175,0,Sc.Catina  524057,CATINA,45959,C,3,704,678,26,397,344,26,27,392,5,700,303,246,146
10,BUZAU,176,0,Sc.Corbu 524002,CATINA,45959,C,3,732,730,2,472,436,2,34,469,3,800,328,335,134
10,BUZAU,177,0,Sc.Valea Catinei,CATINA,45959,C,3,447,421,26,275,241,26,8,274,1,500,225,168,106
10,BUZAU,178,0,Sc.Slobozia,CATINA,45959,C,3,162,145,17,104,87,17,0,104,0,200,96,78,26
10,BUZAU,179,0,Sc.Zeletin,CATINA,45959,C,3,187,180,7,100,93,7,0,100,0,200,100,89,11
10,BUZAU,180,0,Sc.Cernatesti,CERNATESTI,46019,C,3,1107,1086,21,487,464,21,2,474,13,1200,713,340,134
10,BUZAU,181,0,Camin cult.Zarnesti Slanic,CERNATESTI,46019,C,3,1070,1022,48,538,484,48,6,530,8,1100,562,368,162
10,BUZAU,182,0,Camin cult.Aldeni,CERNATESTI,46019,C,3,613,573,40,290,250,40,0,287,3,600,310,225,62
10,BUZAU,183,0,Sc.Fulga,CERNATESTI,46019,C,3,510,456,54,333,272,54,7,327,6,484,151,241,86
10,BUZAU,184,0,Primaria Chiliile 547300,CHILIILE,46108,C,3,432,404,28,339,264,28,47,336,3,500,161,268,68
10,BUZAU,185,0,Sc.Trestioara,CHILIILE,46108,C,3,275,251,24,240,213,24,3,239,1,298,58,219,20
10,BUZAU,186,0,Sc. generala Chiojdu 599537,CHIOJDU,46180,C,3,841,829,12,472,453,12,7,468,4,900,428,287,181
10,BUZAU,187,0,Sc. generala Bisca Chiojdului,CHIOJDU,46180,C,3,1019,1007,12,575,542,12,21,568,7,1100,525,408,160
10,BUZAU,188,0,Sc. generala Plescioara,CHIOJDU,46180,C,3,149,141,8,79,69,8,2,79,0,200,121,64,15
10,BUZAU,189,0,Sc. generala Catiasu,CHIOJDU,46180,C,3,404,381,23,260,237,23,0,256,4,400,140,222,34
10,BUZAU,190,0,Sc. generala Lera,CHIOJDU,46180,C,3,397,389,8,264,256,8,0,260,4,400,136,220,40
10,BUZAU,191,0,Sc. generala Poienitele,CHIOJDU,46180,C,3,291,284,7,177,170,7,0,171,6,300,123,136,35
10,BUZAU,192,0,Primaria Cilibia 539037,CILIBIA,46251,C,3,1106,1075,31,676,553,31,92,672,4,1200,524,450,222
10,BUZAU,193,0,Sc.Movila Oii,CILIBIA,46251,C,3,369,361,8,320,288,8,24,317,3,400,80,193,124
10,BUZAU,194,0,Sc. generala Cislau,CISLAU,46313,C,3,2090,2090,0,1180,1141,0,39,1166,14,2300,1120,737,429
10,BUZAU,195,0,Sc. generala Scarisoara,CISLAU,46313,C,3,1062,1052,10,646,620,10,16,626,20,1200,554,384,242
10,BUZAU,196,0,Sc. generala Buda Craciunesti,CISLAU,46313,C,3,687,674,13,407,389,13,5,402,5,700,293,315,87
10,BUZAU,197,1,U.M.nr.01710 Cislau,CISLAU,46313,C,3,19,0,19,52,0,19,33,52,0,100,48,22,30
10,BUZAU,198,0,Sc. generala nr.1 Cochirleanca 536411,COCHIRLEANCA,46377,C,3,1437,1388,49,796,747,49,0,785,11,1400,604,639,146
10,BUZAU,199,0,Sc. generala nr.2 Cochirleanca 536412,COCHIRLEANCA,46377,C,3,851,805,46,470,424,46,0,468,2,900,430,368,100
10,BUZAU,200,0,Sc.Boboc 596005,COCHIRLEANCA,46377,C,3,1371,1364,7,707,698,7,2,696,11,1500,793,481,215
10,BUZAU,201,0,Sc.Rosioru,COCHIRLEANCA,46377,C,3,625,608,17,379,347,17,15,368,11,700,321,282,86
10,BUZAU,202,0,Sc.Gara Boboc,COCHIRLEANCA,46377,C,3,216,201,15,154,116,15,23,153,1,200,46,105,48
10,BUZAU,203,0,Sc.Tirlele,COCHIRLEANCA,46377,C,3,62,51,11,42,31,11,0,41,1,100,58,27,14
10,BUZAU,204,1,U.M.Boboc,COCHIRLEANCA,46377,C,3,14,0,14,347,0,14,333,335,12,399,52,179,156
10,BUZAU,205,0,Sala sedinte primaria Colti,COLTI,46439,C,3,511,496,15,375,334,15,26,373,2,504,129,231,142
10,BUZAU,206,0,Caminul cultural Coltii de Jos,COLTI,46439,C,3,327,308,19,255,222,19,14,253,2,400,145,187,66
10,BUZAU,207,0,Scoala generala Alunis,COLTI,46439,C,3,150,139,11,133,119,11,3,131,2,200,67,110,21
10,BUZAU,208,0,Caminul cultural Muscelul Caramanesti,COLTI,46439,C,3,161,150,11,133,114,11,8,130,3,200,67,98,32
10,BUZAU,209,0,Sc.Veche Costesti 536153,COSTESTI,46484,C,3,1254,1216,38,714,668,38,8,707,7,1300,586,473,234
10,BUZAU,210,0,Sc.Pietrosu,COSTESTI,46484,C,3,1153,1114,39,647,608,39,0,640,7,1200,553,512,128
10,BUZAU,211,0,Sc. Spataru,COSTESTI,46484,C,3,813,779,34,498,461,34,3,493,5,800,302,302,191
10,BUZAU,212,0,Sc. Budisteni,COSTESTI,46484,C,3,470,446,24,345,321,24,0,342,3,500,155,237,105
10,BUZAU,213,0,Sc.Gomoesti,COSTESTI,46484,C,3,261,248,13,159,146,13,0,155,4,300,141,102,53
10,BUZAU,214,0,Sc.Cozieni 450736,COZIENI,46554,C,3,600,588,12,311,299,12,0,309,2,700,389,201,108
10,BUZAU,215,0,Sc.Balanesti 450754,COZIENI,46554,C,3,750,741,9,429,416,9,4,417,12,800,371,286,131
10,BUZAU,216,0,Sc.Trestia,COZIENI,46554,C,3,449,434,15,283,261,15,7,281,2,494,211,196,85
10,BUZAU,217,0,Sc.Pietraru,COZIENI,46554,C,3,309,300,9,164,150,9,5,161,3,300,136,124,37
10,BUZAU,218,0,Sc. generala Galbinasi 580434,GALBINASI,46769,C,3,1019,978,41,532,491,41,0,525,7,1100,568,321,204
10,BUZAU,219,0,Caminul cult. Tabarasti,GALBINASI,46769,C,3,1552,1486,66,803,737,66,0,796,7,1500,697,525,271
10,BUZAU,220,0,Caminul cult. Bentu,GALBINASI,46769,C,3,772,747,25,478,453,25,0,473,5,800,322,284,189
10,BUZAU,221,0,Gradinita Gheraseni,GHERASENI,46803,C,3,2093,2074,19,1021,999,19,3,1000,21,2200,1179,650,350
10,BUZAU,222,0,Sc.Gheraseni,GHERASENI,46803,C,3,514,424,90,337,247,90,0,333,4,500,163,196,137
10,BUZAU,223,0,Sc.Suditi,GHERASENI,46803,C,3,538,525,13,278,265,13,0,271,7,600,322,198,73
10,BUZAU,224,0,Sc.Ghergheasa577332,GHERGHEASA,46830,C,3,1190,1180,10,760,750,10,0,754,6,1200,440,531,223
10,BUZAU,225,0,Sc.Salcioara 577377,GHERGHEASA,46830,C,3,1035,1028,7,696,687,7,2,693,3,1100,404,470,223
10,BUZAU,226,0,Caminul cult.Gl.Sarat,GLODEANU SARAT,46867,C,3,2015,2010,5,1170,1136,5,29,1157,13,2300,1130,833,324
10,BUZAU,227,0,Sc.Ileana,GLODEANU SARAT,46867,C,3,419,410,9,280,241,9,30,272,8,500,220,189,83
10,BUZAU,228,0,Sc.Pitulicea,GLODEANU SARAT,46867,C,3,764,753,11,465,422,11,32,460,5,800,335,339,121
10,BUZAU,229,0,Caminul cult.Caldarusanca,GLODEANU SARAT,46867,C,3,532,520,12,327,293,12,22,323,4,600,273,213,110
10,BUZAU,230,0,Caminul cult.Gl.Silistea 589294,GLODEANU-SILISTEA,46910,C,3,1535,1501,34,832,798,34,0,805,27,1600,768,540,265
10,BUZAU,231,0,Caminul cult.Cotorca 589293,GLODEANU-SILISTEA,46910,C,3,899,883,16,548,528,16,4,540,8,1000,452,376,164
10,BUZAU,232,0,Sc.Cirligu Mare 587549,GLODEANU-SILISTEA,46910,C,3,486,479,7,279,272,7,0,274,5,500,221,171,103
10,BUZAU,233,0,Sc.Vacareasca 582083,GLODEANU-SILISTEA,46910,C,3,557,543,14,337,323,14,0,269,68,600,263,113,156
10,BUZAU,234,0,Sc.Casota 587624,GLODEANU-SILISTEA,46910,C,3,333,320,13,206,193,13,0,206,0,400,194,124,82
10,BUZAU,235,0,Sc.Plevna 569318,GREBANU,47006,C,3,1096,1080,16,687,669,16,2,680,7,1200,513,395,285
10,BUZAU,236,0,Sc.Grebanu578793,GREBANU,47006,C,3,1786,1769,17,827,806,17,4,815,12,1900,1073,466,349
10,BUZAU,237,0,Sc.Homesti 577267,GREBANU,47006,C,3,785,762,23,511,488,23,0,505,6,800,289,323,182
10,BUZAU,238,0,Sc.Livada 577268,GREBANU,47006,C,3,616,601,15,371,355,15,1,369,2,700,329,233,136
10,BUZAU,239,0,Sc.Paltinis 543039,GURA TEGHII,47079,C,3,597,585,12,374,362,12,0,368,6,600,226,202,166
10,BUZAU,240,0,Caminul cult.Furtunesti 520220,GURA TEGHII,47079,C,3,830,820,10,529,515,10,4,521,8,900,371,337,184
10,BUZAU,241,0,Caminul cult.Gura Teghii 520000,GURA TEGHII,47079,C,3,1175,1156,19,733,714,19,0,728,5,1300,567,387,341
10,BUZAU,242,0,Sc.Varlaam 543038,GURA TEGHII,47079,C,3,580,566,14,317,300,14,3,311,6,600,283,157,154
10,BUZAU,243,0,Primaria Largu 457865,LARGU,47159,C,3,1419,1405,14,893,825,14,54,879,14,1500,607,631,248
10,BUZAU,244,0,Caminul cult.Lopatari,LOPATARI,47186,C,3,1220,1143,77,646,539,77,30,639,7,1200,554,407,232
10,BUZAU,245,0,Sc.Luncile,LOPATARI,47186,C,3,760,710,50,373,323,50,0,369,4,800,427,246,123
10,BUZAU,246,0,Sc.Terca,LOPATARI,47186,C,3,470,430,40,243,200,40,3,240,3,500,257,130,110
10,BUZAU,247,0,Sc.Plostina,LOPATARI,47186,C,3,534,501,33,250,217,33,0,247,3,500,250,206,41
10,BUZAU,248,0,Sc.Plaiul Nucului,LOPATARI,47186,C,3,738,688,50,365,304,50,11,365,0,800,435,313,52
10,BUZAU,249,0,Scoala generala dr.Ion Anghel Luciu 539328,LUCIU,47300,C,3,1679,1629,50,1047,962,50,35,1035,12,1800,753,678,357
10,BUZAU,250,0,Sc. generala Caragele 539291,LUCIU,47300,C,3,778,755,23,458,432,23,3,452,6,800,342,328,124
10,BUZAU,251,0,Sc.Magura 524600,MAGURA,47337,C,3,1217,1192,25,720,610,25,85,711,9,1300,580,397,314
10,BUZAU,252,0,Sc.Ciuta 543523,MAGURA,47337,C,3,569,548,21,364,340,21,3,362,2,596,232,295,67
10,BUZAU,253,0,Sc.Potoceni 556432,MARACINENI,47373,C,3,1449,1430,19,857,838,19,0,854,3,1400,543,496,358
10,BUZAU,254,0,Gradinita Capatinesti,MARACINENI,47373,C,3,1383,1310,73,849,776,73,0,838,11,1350,501,552,286
10,BUZAU,255,0,Sc.Capatinesti 556431,MARACINENI,47373,C,3,935,913,22,452,430,22,0,448,4,950,498,248,200
10,BUZAU,256,0,Sc.Maracineni 556518,MARACINENI,47373,C,3,2015,1990,25,1196,1171,25,0,1186,10,2400,1204,661,525
10,BUZAU,257,1,U.M. 01654 tel.723001,MARACINENI,47373,C,3,10,0,10,171,0,10,161,161,10,200,29,91,70
10,BUZAU,258,0,Primaria Margaritesti 457057,MARGARITESTI,47417,C,3,759,746,13,497,457,13,27,495,2,800,303,210,285
10,BUZAU,259,0,Sc. generala Merei 559425,MEREI,47453,C,3,1118,1048,70,467,397,70,0,461,6,1200,733,309,152
10,BUZAU,260,0,Sc. generala Lipia 594543,MEREI,47453,C,3,1549,1512,37,819,769,37,13,810,9,1700,881,536,274
10,BUZAU,261,0,Sc. generala Monteoru,MEREI,47453,C,3,722,689,33,529,369,33,127,522,7,800,271,265,257
10,BUZAU,262,0,Sc. generala Gura Saratii,MEREI,47453,C,3,90,80,10,127,80,10,37,124,3,200,73,63,61
10,BUZAU,263,0,Sc. generala Dealu Viei,MEREI,47453,C,3,639,562,77,401,318,77,6,396,5,600,199,250,146
10,BUZAU,264,0,Sc. generala Izvoru Dulce 545290,MEREI,47453,C,3,984,941,43,388,337,43,8,381,7,1000,612,251,130
10,BUZAU,265,0,Sc. generala Nenciulesti,MEREI,47453,C,3,224,166,58,140,82,58,0,140,0,200,60,90,50
10,BUZAU,266,0,Sc. generala Ograzi,MEREI,47453,C,3,596,556,40,264,222,40,2,261,3,592,328,155,106
10,BUZAU,267,0,Sc.Mihailesti,MIHAILESTI,47578,C,3,1108,1083,25,512,487,25,0,501,11,1200,688,340,161
10,BUZAU,268,0,Sc.Margineanu,MIHAILESTI,47578,C,3,611,600,11,319,308,11,0,311,8,700,381,268,43
10,BUZAU,269,0,Sc.Florica,MIHAILESTI,47578,C,3,1340,1320,20,678,658,20,0,663,15,1396,718,462,201
10,BUZAU,270,0,Sc.Minzalesti 529519,MANZALESTI,47630,C,3,816,805,11,390,379,11,0,386,4,900,510,240,146
10,BUZAU,271,0,Sc.Beslii 529624,MANZALESTI,47630,C,3,566,557,9,290,278,9,3,289,1,596,306,218,71
10,BUZAU,272,0,Sc.Valea Cotoarei,MANZALESTI,47630,C,3,152,144,8,83,75,8,0,83,0,200,117,56,27
10,BUZAU,273,0,Sc.Gura Badic 549130,MANZALESTI,47630,C,3,439,429,10,208,198,10,0,203,5,500,292,120,83
10,BUZAU,274,0,Sc.Trestioara,MANZALESTI,47630,C,3,275,267,8,144,136,8,0,142,2,300,156,100,42
10,BUZAU,275,0,Sc.Movila Banului 596788,MOVILA BANULUI,47774,C,3,1108,1085,23,669,642,23,4,659,10,1200,531,517,142
10,BUZAU,276,0,Sc.Limpezis 454533,MOVILA BANULUI,47774,C,3,882,864,18,539,514,18,7,531,8,1000,461,385,146
10,BUZAU,277,0,Sc.Cioranca,MOVILA BANULUI,47774,C,3,231,214,17,154,137,17,0,154,0,200,46,81,73
10,BUZAU,278,0,Sc. generala Murgesti574230,MURGESTI,47818,C,3,962,955,7,600,560,7,33,587,13,1100,500,288,299
10,BUZAU,279,0,Caminul cult.Naeni,NAENI,47854,C,3,758,732,26,446,378,26,42,436,10,800,354,244,192
10,BUZAU,280,0,Sc.Fintesti,NAENI,47854,C,3,614,550,64,351,287,64,0,343,8,600,249,207,136
10,BUZAU,281,0,Sc.Virf,NAENI,47854,C,3,280,261,19,189,170,19,0,186,3,300,111,114,72
10,BUZAU,282,0,Primaria Odaile 525494; 547605,ODAILE,48021,C,3,940,934,6,691,665,6,20,688,3,1000,309,561,127
10,BUZAU,283,0,Sc.nr.2 Padina,PADINA,48138,C,3,1461,1424,37,650,613,37,0,638,12,1600,950,455,183
10,BUZAU,284,0,Caminul cult.Padina,PADINA,48138,C,3,1213,1210,3,532,516,3,13,528,4,1300,768,368,160
10,BUZAU,285,0,Sc.nr.1Padina,PADINA,48138,C,3,1214,1193,21,571,516,21,34,560,11,1300,729,412,148
10,BUZAU,286,0,Sc.Panatau 522208,PANATAU,48227,C,3,1644,1635,9,903,893,9,1,892,11,1800,897,639,253
10,BUZAU,287,0,Sc.Tega,PANATAU,48227,C,3,687,681,6,308,302,6,0,306,2,800,492,259,47
10,BUZAU,288,0,Sc.Pardosi 574234,PARDOSI,48165,C,3,503,479,24,348,317,24,7,347,1,500,152,241,106
10,BUZAU,289,0,Caminul cult. Pirscov 527007,PARSCOV,48557,C,3,1581,1569,12,756,715,12,29,751,5,1700,944,436,315
10,BUZAU,290,0,Caminul cult.Pirscov 527007,PARSCOV,48557,C,3,964,955,9,507,467,9,31,503,4,1108,601,316,187
10,BUZAU,291,0,Sc.Badila 545488,PARSCOV,48557,C,3,614,598,16,345,329,16,0,343,2,700,355,251,92
10,BUZAU,292,0,Sc.Lunca Frumoasa 527101,PARSCOV,48557,C,3,1027,1017,10,568,558,10,0,560,8,1100,532,427,133
10,BUZAU,293,0,Sc.Robesti,PARSCOV,48557,C,3,566,552,14,283,267,14,2,281,2,601,318,193,88
10,BUZAU,294,0,Magazinul Cooperativei de consum Pirscov,PARSCOV,48557,C,3,93,82,11,43,32,11,0,43,0,100,57,26,17
10,BUZAU,295,0,Caminul cult.Pietroasele,PIETROASELE,48487,C,3,1689,1662,27,824,797,27,0,820,4,1800,976,467,353
10,BUZAU,296,0,Gradinita de copii Saringa,PIETROASELE,48487,C,3,1233,1211,22,552,530,22,0,550,2,1300,748,325,225
10,BUZAU,297,0,Sc.Podgoria 574865,PODGORIA,48682,C,3,1231,1225,6,658,627,6,25,648,10,1404,746,409,239
10,BUZAU,298,0,Sc.Cotatcu 595118,PODGORIA,48682,C,3,1065,1045,20,640,592,20,28,629,11,1100,460,414,215
10,BUZAU,299,0,Sc.Plesesti 578004,PODGORIA,48682,C,3,367,361,6,179,170,6,3,171,8,404,225,111,60
10,BUZAU,300,0,Gradinita de copii Posta Cilnau,POSTA CALNAU,48771,C,3,2387,2350,37,1324,1206,37,81,1308,16,2600,1276,920,388
10,BUZAU,301,0,Sc.Zilisteanca,POSTA CALNAU,48771,C,3,993,939,54,591,518,54,19,585,6,1000,409,412,173
10,BUZAU,302,0,Sc.Suditi,POSTA CALNAU,48771,C,3,1455,1342,113,906,742,113,51,888,18,1500,594,604,284
10,BUZAU,303,0,Sc.Puiestii de Jos 576145,PUIESTI,48842,C,3,1686,1627,59,977,918,59,0,969,8,1800,823,672,297
10,BUZAU,304,0,Sc.Nicolesti 572776,PUIESTI,48842,C,3,1601,1561,40,922,863,40,19,915,7,1700,778,676,239
10,BUZAU,305,0,Sc.Macrina,PUIESTI,48842,C,3,578,570,8,409,399,8,2,403,6,600,191,285,118
10,BUZAU,306,0,Primaria Racoviteni 598134,RACOVITENI,48922,C,3,1200,1196,4,720,705,4,11,705,15,1300,580,535,170
10,BUZAU,307,0,Sc.nr.1 Rimnicelu 575888,RAMNICELU,48968,C,3,1020,979,41,509,468,41,0,503,6,1100,591,323,180
10,BUZAU,308,0,Sc.nr.2 Rimnicelu,RAMNICELU,48968,C,3,1204,1184,20,445,425,20,0,434,11,1302,857,239,195
10,BUZAU,309,0,Sc.Stiubei 459966,RAMNICELU,48968,C,3,511,496,15,328,313,15,0,326,2,500,172,239,87
10,BUZAU,310,0,Sc.Colibasi,RAMNICELU,48968,C,3,293,281,12,157,145,12,0,155,2,302,145,124,31
10,BUZAU,311,0,Sc.Fotin,RAMNICELU,48968,C,3,158,149,9,87,77,9,1,87,0,202,115,63,24
10,BUZAU,312,0,Sc.Robeasca 582364,ROBEASCA,49019,C,3,637,634,3,477,438,3,36,475,2,696,219,374,101
10,BUZAU,313,0,Sc.Mosesti,ROBEASCA,49019,C,3,371,367,4,249,221,4,24,246,3,400,151,200,46
10,BUZAU,314,0,Sc.Rusetu 533178,RUSETU,49046,C,3,1307,1294,13,746,733,13,0,739,7,1400,654,460,279
10,BUZAU,315,0,Dispensar med.Rusetu 533088,RUSETU,49046,C,3,1040,1031,9,588,572,9,7,581,7,1100,512,361,220
10,BUZAU,316,0,Caminul cult.Rusetu 533179,RUSETU,49046,C,3,1055,1037,18,683,650,18,15,676,7,1100,417,443,233
10,BUZAU,317,0,Sc.serg.Ionel Stefan 533426,RUSETU,49046,C,3,218,199,19,167,148,19,0,167,0,200,33,126,41
10,BUZAU,318,0,Sc.Dimbroca,SAGEATA,49073,C,3,1021,1004,17,668,650,17,1,665,3,1100,432,553,112
10,BUZAU,319,0,Sc.Bordusani,SAGEATA,49073,C,3,373,360,13,257,243,13,1,251,6,400,143,190,61
10,BUZAU,320,0,Sc.Sageata,SAGEATA,49073,C,3,1271,1246,25,758,729,25,4,748,10,1400,642,567,181
10,BUZAU,321,0,Sc.Beilic,SAGEATA,49073,C,3,386,366,20,261,239,20,2,258,3,401,140,210,48
10,BUZAU,322,0,Sc.Gavanesti,SAGEATA,49073,C,3,1021,1006,15,600,584,15,1,591,9,1100,500,458,133
10,BUZAU,323,0,Sc.Banita,SAGEATA,49073,C,3,333,323,10,223,213,10,0,218,5,400,177,171,47
10,BUZAU,324,0,Caminul cult.Sahateni 594136,SAHATENI,49153,C,3,1454,1450,4,953,850,4,99,950,3,1600,647,488,462
10,BUZAU,325,0,Sc.Gageni 545541,SAHATENI,49153,C,3,343,265,78,240,162,78,0,239,1,300,60,139,100
10,BUZAU,326,0,Sc.Vintileanca 545785,SAHATENI,49153,C,3,950,926,24,465,441,24,0,461,4,981,516,319,142
10,BUZAU,327,0,Sc.Sapoca 528163,SAPOCA,49206,C,3,1399,1368,31,657,594,31,32,654,3,1500,843,462,192
10,BUZAU,328,0,Sc.Matesti 556049,SAPOCA,49206,C,3,1268,1238,30,757,688,30,39,753,4,1400,643,512,241
10,BUZAU,329,1,Spitalul Sapoca 528145;528146,SAPOCA,49206,C,3,13,0,13,143,0,13,130,139,4,200,57,79,60
10,BUZAU,330,0,Caminul cult.Sarulesti 548374,SARULESTI,49233,C,3,1313,1306,7,679,672,7,0,671,8,1396,717,499,172
10,BUZAU,331,0,Sala de festivitati Scortoasa 525613,SCORTOASA,49313,C,3,1124,1112,12,616,604,12,0,610,6,1100,484,392,218
10,BUZAU,332,0,Sc.Gura Vaii,SCORTOASA,49313,C,3,192,182,10,140,120,10,10,140,0,200,60,111,29
10,BUZAU,333,0,Sc.Plopeasa de Sus,SCORTOASA,49313,C,3,261,245,16,122,106,16,0,119,3,376,254,88,31
10,BUZAU,334,0,Sc.Grabicina,SCORTOASA,49313,C,3,279,269,10,227,212,10,5,223,4,400,173,179,44
10,BUZAU,335,0,Sc.Golu Grabicina,SCORTOASA,49313,C,3,296,281,15,170,155,15,0,154,16,200,30,129,25
10,BUZAU,336,0,Sc.Balta Tocila 525866,SCORTOASA,49313,C,3,335,322,13,162,137,13,12,158,4,500,338,117,41
10,BUZAU,337,0,Sc.Beciu,SCORTOASA,49313,C,3,189,180,9,150,141,9,0,147,3,200,50,111,36
10,BUZAU,338,0,Caminul cult.Scutelnici 583511,SCUTELNICI,49439,C,3,1157,1111,46,605,555,46,4,597,8,1200,595,426,171
10,BUZAU,339,0,Gradinita Bragareasa,SCUTELNICI,49439,C,3,637,615,22,342,320,22,0,340,2,700,358,273,67
10,BUZAU,340,0,Sc.Arcanu,SCUTELNICI,49439,C,3,413,373,40,316,276,40,0,310,6,400,84,260,50
10,BUZAU,341,0,Caminul cult.Siriu,SIRIU,49484,C,3,1442,1423,19,844,821,19,4,835,9,1600,756,367,468
10,BUZAU,342,0,Sc.Coltu Pietrii,SIRIU,49484,C,3,1025,1014,11,655,639,11,5,651,4,1100,445,338,313
10,BUZAU,343,0,Sc.Balaia,SMEENI,49545,C,3,156,147,9,130,99,9,22,128,2,200,70,96,32
10,BUZAU,344,0,Sc.Smeeni,SMEENI,49545,C,3,2526,2502,24,1160,1098,24,38,1142,18,2500,1340,727,415
10,BUZAU,345,0,Sc.Salcioara,SMEENI,49545,C,3,474,333,141,342,201,141,0,341,1,500,158,231,110
10,BUZAU,346,0,Sc.Moisica,SMEENI,49545,C,3,296,269,27,179,152,27,0,176,3,300,121,131,45
10,BUZAU,347,0,Sc.Albesti 531895,SMEENI,49545,C,3,718,663,55,478,423,55,0,472,6,700,222,377,95
10,BUZAU,348,0,Sc.Udati,SMEENI,49545,C,3,396,339,57,276,219,57,0,274,2,500,224,219,55
10,BUZAU,349,0,Sc.Udati ? Minzu,SMEENI,49545,C,3,384,264,120,286,166,120,0,285,1,392,106,237,48
10,BUZAU,350,0,Sc.Caltuna,SMEENI,49545,C,3,976,952,24,361,337,24,0,356,5,1100,739,253,103
10,BUZAU,351,0,Sc.Stilpu 453783,STALPU,49625,C,3,1349,1341,8,625,614,8,3,619,6,1500,875,403,216
10,BUZAU,352,0,Primaria Stilpu 453598,STALPU,49625,C,3,1135,1127,8,554,545,8,1,551,3,1200,646,376,175
10,BUZAU,353,0,Caminul cultural Tintesti,TINTESTI,49849,C,3,1781,1762,19,845,814,19,12,833,12,1900,1055,576,257
10,BUZAU,354,0,Sala sedinte Maxenu,TINTESTI,49849,C,3,1709,1676,33,981,948,33,0,963,18,1800,819,773,190
10,BUZAU,355,0,Caminul cult. Grajdana,TISAU,49643,C,3,1169,1115,54,570,515,54,1,562,8,1300,730,279,283
10,BUZAU,356,0,Sc.Valea Salciilor,TISAU,49643,C,3,451,351,100,267,167,100,0,263,4,400,133,150,113
10,BUZAU,357,0,Sc.Hales,TISAU,49643,C,3,1455,1377,78,631,553,78,0,629,2,1500,869,344,285
10,BUZAU,358,0,Gradinita Tisau,TISAU,49643,C,3,805,746,59,400,341,59,0,394,6,800,400,229,165
10,BUZAU,359,0,Sc.Strezeni,TISAU,49643,C,3,486,372,114,341,227,114,0,332,9,400,59,175,157
10,BUZAU,360,0,Sc.Topliceni 574020,TOPLICENI,49769,C,3,1390,1365,25,709,673,25,11,700,9,1600,891,405,295
10,BUZAU,361,0,Sc.Raducesti 572275,TOPLICENI,49769,C,3,344,327,17,215,197,17,1,212,3,400,185,119,93
10,BUZAU,362,0,Sc.Babeni 572225,TOPLICENI,49769,C,3,859,835,24,505,481,24,0,502,3,900,395,332,170
10,BUZAU,363,0,Sc.Dedulesti 572226,TOPLICENI,49769,C,3,796,770,26,482,455,26,1,479,3,804,322,349,130
10,BUZAU,364,0,Sc.Gura Fagetu 575385,TOPLICENI,49769,C,3,185,149,36,146,110,36,0,145,1,200,54,117,28
10,BUZAU,365,0,Sc.Ulmeni,ULMENI,49894,C,3,1218,1200,18,668,638,18,12,663,5,1300,632,461,202
10,BUZAU,366,0,Fostul Sfat Popular Clondiru,ULMENI,49894,C,3,1331,1314,17,751,734,17,0,738,13,1500,749,488,250
10,BUZAU,367,0,Sc.Unguriu 524909,UNGURIU,50549,C,3,900,884,16,515,454,16,45,503,12,1000,485,276,227
10,BUZAU,368,0,Sc.Unguriu 524909,UNGURIU,50549,C,3,973,957,16,543,527,16,0,539,4,1100,557,327,212
10,BUZAU,369,0,Sc.Vadu Pasii 588327,VADU PASII,49956,C,3,1727,1659,68,959,891,68,0,955,4,1800,841,538,417
10,BUZAU,370,0,Gradinita Vadu Pasii,VADU PASII,49956,C,3,1346,1288,58,721,663,58,0,714,7,1402,681,463,251
10,BUZAU,371,0,Sc.Focsanei,VADU PASII,49956,C,3,1003,928,75,477,402,75,0,475,2,1000,523,279,196
10,BUZAU,372,0,Sc.Scurtesti 589595,VADU PASII,49956,C,3,2259,2200,59,1130,1071,59,0,1122,8,2400,1270,844,278
10,BUZAU,373,0,Sc.Stancesti 559836,VADU PASII,49956,C,3,699,557,142,699,557,142,0,692,7,1200,501,553,139
10,BUZAU,374,0,Caminul cult.Vilcelele,VALCELELE,50399,C,3,1516,1511,5,998,909,5,84,990,8,1700,702,643,347
10,BUZAU,375,0,Sc.generala Valea Rimnicului,VALEA RAMNICULUI,50022,C,3,1744,1701,43,923,880,43,0,921,2,1800,877,507,414
10,BUZAU,376,0,Sc. generala Oreavu,VALEA RAMNICULUI,50022,C,3,1986,1948,38,1044,972,38,34,1031,13,2100,1056,569,462
10,BUZAU,377,0,Sc. generala Rubla,VALEA RAMNICULUI,50022,C,3,1048,1035,13,593,571,13,9,589,4,1108,515,295,294
10,BUZAU,378,0,Caminul cult.Valea Salciei,VALEA SALCIEI,50068,C,3,726,723,3,482,479,3,0,475,7,800,318,391,84
10,BUZAU,379,0,Sc.Vernesti 511100,VERNESTI,50102,C,3,1726,1703,23,701,678,23,0,697,4,2200,1499,418,279
10,BUZAU,380,0,Sc.Cindesti 591106,VERNESTI,50102,C,3,2383,2377,6,1191,1185,6,0,1170,21,2300,1109,652,518
10,BUZAU,381,0,Sc.Zoresti 548586,VERNESTI,50102,C,3,1109,1057,52,533,481,52,0,525,8,1002,469,294,231
10,BUZAU,382,0,Sc.Niscov,VERNESTI,50102,C,3,1383,1374,9,602,562,9,31,590,12,1400,798,325,265
10,BUZAU,383,0,Sc.Sasenii Noi,VERNESTI,50102,C,3,381,363,18,156,138,18,0,156,0,200,44,89,67
10,BUZAU,384,0,Sc.Vintila Voda 529293,VINTILA VODA,50228,C,3,1484,1459,25,677,637,25,15,671,6,1600,923,462,209
10,BUZAU,385,0,Sc.Niculesti 529294,VINTILA VODA,50228,C,3,1039,1002,37,549,483,37,29,546,3,1100,551,357,189
10,BUZAU,386,0,Sc.Coca Antimiresti 547143,VINTILA VODA,50228,C,3,283,259,24,146,118,24,4,141,5,300,154,89,52
10,BUZAU,387,0,Sc.Viperesti 599216,VIPERESTI,50326,C,3,793,780,13,475,452,13,10,467,8,894,419,343,124
10,BUZAU,388,0,Sc.Tronari,VIPERESTI,50326,C,3,762,755,7,489,471,7,11,485,4,800,311,405,80
10,BUZAU,389,0,Sc.Ursoaia 541921,VIPERESTI,50326,C,3,1001,986,15,497,478,15,4,495,2,1100,603,329,166
10,BUZAU,390,0,Sc.Muscel 522152,VIPERESTI,50326,C,3,199,186,13,117,104,13,0,116,1,200,83,94,22
10,BUZAU,391,0,Sc.Fundeni 585152,ZARNESTI,50415,C,3,1860,1831,29,1008,896,29,83,994,14,2000,992,670,324
10,BUZAU,392,0,Gradinita de copii Pruneni 455003,ZARNESTI,50415,C,3,378,369,9,301,258,9,34,296,5,400,99,168,128
10,BUZAU,393,0,Sc.Vadu Soresti455075,ZARNESTI,50415,C,3,1245,1229,16,750,710,16,24,743,7,1400,650,373,370
10,BUZAU,394,0,Sc.Zarnesti 585437,ZARNESTI,50415,C,3,993,971,22,616,561,22,33,591,25,1100,484,359,232
10,BUZAU,395,0,Primaria Ziduri 578201,ZIDURI,50479,C,3,855,837,18,511,489,18,4,504,7,900,389,320,184
10,BUZAU,396,0,Caminul cult.Lanurile 571450,ZIDURI,50479,C,3,680,661,19,403,384,19,0,396,7,700,297,310,86
10,BUZAU,397,0,Sc.H.Radulescu578274,ZIDURI,50479,C,3,793,778,15,515,500,15,0,505,10,900,385,350,155
10,BUZAU,398,0,Sc.Costieni,ZIDURI,50479,C,3,669,647,22,399,377,22,0,396,3,700,301,266,130
10,BUZAU,399,0,Sc.Zoita 571693,ZIDURI,50479,C,3,924,914,10,580,570,10,0,572,8,1000,420,339,233
11,CARAS-SEVERIN,1,0,Scoala Cuptoare,MUNICIPIUL RESITA,50790,M,1,290,278,12,158,146,12,0,154,4,300,142,87,67
11,CARAS-SEVERIN,2,0,Scoala Secu,MUNICIPIUL RESITA,50790,M,1,443,429,14,225,192,14,19,221,4,500,275,107,114
11,CARAS-SEVERIN,3,0,"Scoala nr.5, str. Sodol, nr.10/A",MUNICIPIUL RESITA,50790,M,1,1254,1200,54,632,508,54,70,626,6,1300,668,218,408
11,CARAS-SEVERIN,4,0,"Gradinita Program Normal, str. Ciresului, nr.75",MUNICIPIUL RESITA,50790,M,1,614,599,15,254,239,15,0,253,1,600,346,104,149
11,CARAS-SEVERIN,5,0,"Gradinita nr.2, str. Zimbrului, nr.46",MUNICIPIUL RESITA,50790,M,1,1054,1039,15,472,457,15,0,467,5,1100,628,176,291
11,CARAS-SEVERIN,6,0,"Scoala nr.1 Beton, str. Castanilor, nr.72",MUNICIPIUL RESITA,50790,M,1,651,640,11,302,289,11,2,299,3,700,398,96,203
11,CARAS-SEVERIN,7,0,"Scoala nr.1 Beton, str. Castanilor, nr.72",MUNICIPIUL RESITA,50790,M,1,1100,1080,20,475,455,20,0,473,2,1100,625,192,281
11,CARAS-SEVERIN,8,0,"Scoala nr.1 Casa Muncitoreasca, Piata Republicii, nr.44",MUNICIPIUL RESITA,50790,M,1,1408,1377,31,633,602,31,0,629,4,1409,776,189,440
11,CARAS-SEVERIN,9,0,"Scoala nr.1 Casa Muncitoreasca, Piata Republicii, nr.44",MUNICIPIUL RESITA,50790,M,1,1135,1109,26,453,427,26,0,450,3,1200,747,166,284
11,CARAS-SEVERIN,10,0,"Scoala Dealu Mare, str. Simion Mangiuca",MUNICIPIUL RESITA,50790,M,1,1484,1467,17,595,578,17,0,584,11,1500,905,297,287
11,CARAS-SEVERIN,11,0,"Scoala nr.2, str. Romanilor, nr.2",MUNICIPIUL RESITA,50790,M,1,1115,1098,17,547,526,17,4,545,2,1100,553,197,348
11,CARAS-SEVERIN,12,0,"Scoala nr.2, str. Romanilor, nr.2",MUNICIPIUL RESITA,50790,M,1,1345,1329,16,699,683,16,0,695,4,1400,701,222,473
11,CARAS-SEVERIN,13,0,"Scoala nr.2, str. Romanilor, nr.2",MUNICIPIUL RESITA,50790,M,1,1262,1253,9,670,660,9,1,668,2,1304,634,219,449
11,CARAS-SEVERIN,14,0,"Scoala str. Mociur, nr.4",MUNICIPIUL RESITA,50790,M,1,564,518,46,271,225,46,0,267,4,600,329,110,157
11,CARAS-SEVERIN,15,0,"Sala Polivalenta, Piata 1 Decembrie 1918, nr.6",MUNICIPIUL RESITA,50790,M,1,1060,1038,22,550,526,22,2,546,4,1100,550,226,320
11,CARAS-SEVERIN,16,0,"Sala Polivalenta, Piata 1 Decembrie 1918, nr.6",MUNICIPIUL RESITA,50790,M,1,1455,1432,23,818,795,23,0,818,0,1500,682,290,528
11,CARAS-SEVERIN,17,0,"Sala Polivalenta, Piata 1 Decembrie 1918, nr.6",MUNICIPIUL RESITA,50790,M,1,1401,1382,19,722,703,19,0,717,5,1401,679,246,471
11,CARAS-SEVERIN,18,0,Scoala Doman,MUNICIPIUL RESITA,50790,M,1,609,584,25,298,271,25,2,295,3,600,302,135,160
11,CARAS-SEVERIN,19,0,"SC Drumuri si Poduri SA , str.24 Ianuarie, nr.1",MUNICIPIUL RESITA,50790,M,1,1082,1069,13,484,471,13,0,477,7,1100,616,198,279
11,CARAS-SEVERIN,20,0,"Universitatea Eftimie Murgu, Piata Traian Vuia, nr.1-4.",MUNICIPIUL RESITA,50790,M,1,640,621,19,335,316,19,0,334,1,700,365,144,190
11,CARAS-SEVERIN,21,0,"Universitatea Eftimie Murgu, Piata Traian Vuia, nr.1-4.",MUNICIPIUL RESITA,50790,M,1,1291,1278,13,687,673,13,1,682,5,1300,613,254,428
11,CARAS-SEVERIN,22,0,"Liceul Traian Lalescu, local nou, Bd. Al.I. Cuza, nr.17/A",MUNICIPIUL RESITA,50790,M,1,1329,1316,13,610,596,13,1,605,5,1400,790,211,394
11,CARAS-SEVERIN,23,0,"Liceul Traian Lalescu, local nou, Bd. Al.I. Cuza, nr.17/A",MUNICIPIUL RESITA,50790,M,1,1032,1003,29,505,476,29,0,498,7,1100,595,181,317
11,CARAS-SEVERIN,24,0,"Liceul Traian Lalescu, local vechi, Bd. Al.I. Cuza, nr.19",MUNICIPIUL RESITA,50790,M,1,1526,1506,20,708,688,20,0,708,0,1600,892,252,456
11,CARAS-SEVERIN,25,0,"Liceul Traian Lalescu, local vechi, Bd. Al.I. Cuza, nr.19",MUNICIPIUL RESITA,50790,M,1,892,876,16,497,481,16,0,491,6,900,403,209,282
11,CARAS-SEVERIN,26,0,"Scoala nr.6, str. Gratz, nr.10",MUNICIPIUL RESITA,50790,M,1,1043,1031,12,604,591,12,1,601,3,1108,504,224,377
11,CARAS-SEVERIN,27,0,"Scoala nr.6, str. Gratz, nr.10",MUNICIPIUL RESITA,50790,M,1,960,942,18,486,468,18,0,485,1,1000,514,172,313
11,CARAS-SEVERIN,28,0,"Scoala nr.6, str. Gratz, nr.10",MUNICIPIUL RESITA,50790,M,1,1141,1119,22,577,554,22,1,572,5,1200,623,207,365
11,CARAS-SEVERIN,29,0,"Grup Scolar Metalurgic, Bd. Al.I. Cuza, nr.39",MUNICIPIUL RESITA,50790,M,1,1355,1341,14,627,611,14,2,627,0,1400,773,252,375
11,CARAS-SEVERIN,30,0,"Grup Scolar Metalurgic, Bd. Al.I. Cuza, nr.39",MUNICIPIUL RESITA,50790,M,1,838,818,20,494,425,20,49,489,5,900,406,168,321
11,CARAS-SEVERIN,31,0,"Grup Scolar Metalurgic, Bd. Al.I. Cuza, nr.39",MUNICIPIUL RESITA,50790,M,1,1216,1192,24,602,577,24,1,595,7,1200,598,203,392
11,CARAS-SEVERIN,32,0,"Gradinita nr.13, str. Ciprian Porumbescu, nr.17",MUNICIPIUL RESITA,50790,M,1,709,697,12,320,308,12,0,315,5,700,380,101,214
11,CARAS-SEVERIN,33,0,"Gradinita nr.16, Calea Timisorii, nr.12",MUNICIPIUL RESITA,50790,M,1,1251,1226,25,566,541,25,0,560,6,1300,734,213,347
11,CARAS-SEVERIN,34,0,Scoala Terova,MUNICIPIUL RESITA,50790,M,1,427,410,17,216,199,17,0,213,3,500,284,100,113
11,CARAS-SEVERIN,35,0,"Liceul Traian Vuia, Calea Caransebesului, nr.2",MUNICIPIUL RESITA,50790,M,1,2023,1960,63,835,772,63,0,831,4,2000,1165,289,542
11,CARAS-SEVERIN,36,0,"Liceul Traian Vuia, Calea Caransebesului, nr.2",MUNICIPIUL RESITA,50790,M,1,1552,1529,23,673,650,23,0,669,4,1600,927,249,420
11,CARAS-SEVERIN,37,0,"Liceul Traian Vuia, Calea Caransebesului, nr.2",MUNICIPIUL RESITA,50790,M,1,1309,1298,11,633,621,11,1,628,5,1300,667,264,364
11,CARAS-SEVERIN,38,0,"Liceul Traian Vuia, Calea Caransebesului, nr.2",MUNICIPIUL RESITA,50790,M,1,1894,1844,50,881,830,50,1,876,5,1900,1019,317,559
11,CARAS-SEVERIN,39,0,"Scoala nr.8, Aleea Bazna, nr.2.",MUNICIPIUL RESITA,50790,M,1,1738,1716,22,736,714,22,0,729,7,1800,1064,280,449
11,CARAS-SEVERIN,40,0,"Scoala nr.8, Aleea Bazna, nr.2.",MUNICIPIUL RESITA,50790,M,1,1353,1338,15,665,650,15,0,662,3,1400,735,230,432
11,CARAS-SEVERIN,41,0,"Scoala nr.8, Aleea Bazna, nr.2.",MUNICIPIUL RESITA,50790,M,1,1258,1242,16,575,558,16,1,568,7,1300,725,232,336
11,CARAS-SEVERIN,42,0,"Liceul Mircea Eliade, str. Fagarasului, nr.8",MUNICIPIUL RESITA,50790,M,1,1260,1239,21,588,567,21,0,583,5,1300,712,222,361
11,CARAS-SEVERIN,43,0,"Liceul Mircea Eliade, str. Fagarasului, nr.8",MUNICIPIUL RESITA,50790,M,1,1177,1156,21,567,546,21,0,564,3,1200,633,203,361
11,CARAS-SEVERIN,44,0,"Clubul Sportiv Scolar, str. Fagarasului, nr.12",MUNICIPIUL RESITA,50790,M,1,1316,1297,19,642,623,19,0,640,2,1300,658,238,402
11,CARAS-SEVERIN,45,0,"Clubul Sportiv Scolar, str. Fagarasului, nr.12",MUNICIPIUL RESITA,50790,M,1,1105,1091,14,488,474,14,0,486,2,1100,612,163,323
11,CARAS-SEVERIN,46,0,"Scoala nr.10, Aleea Galati, nr.6",MUNICIPIUL RESITA,50790,M,1,1595,1579,16,750,733,16,1,746,4,1600,850,300,446
11,CARAS-SEVERIN,47,0,"Scoala nr.10, Aleea Galati, nr.6",MUNICIPIUL RESITA,50790,M,1,1283,1275,8,1063,667,8,388,1049,14,1300,237,402,647
11,CARAS-SEVERIN,48,0,"Scoala nr.7, str. Progresului, nr.2",MUNICIPIUL RESITA,50790,M,1,1301,1279,22,673,651,22,0,663,10,1300,627,254,409
11,CARAS-SEVERIN,49,0,"Scoala nr.7, str. Progresului, nr.2",MUNICIPIUL RESITA,50790,M,1,1035,1012,23,471,448,23,0,468,3,1100,629,181,287
11,CARAS-SEVERIN,50,0,"Grup Scolar Economic, Aleea Dacia, nr.2",MUNICIPIUL RESITA,50790,M,1,1499,1482,17,772,755,17,0,768,4,1500,728,311,457
11,CARAS-SEVERIN,51,0,"Grup Scolar Economic, Aleea Dacia, nr.2",MUNICIPIUL RESITA,50790,M,1,1347,1335,12,626,614,12,0,617,9,1400,774,251,366
11,CARAS-SEVERIN,52,0,"Grup Scolar Economic, Aleea Dacia, nr.2",MUNICIPIUL RESITA,50790,M,1,1757,1722,35,837,802,35,0,831,6,1800,963,283,548
11,CARAS-SEVERIN,53,0,"Gradinita nr.10, Aleea Daliilor, nr.3",MUNICIPIUL RESITA,50790,M,1,1193,1170,23,543,519,23,1,537,6,1200,657,213,324
11,CARAS-SEVERIN,54,0,"Scoala nr.9, Aleea Marghitas, nr.5",MUNICIPIUL RESITA,50790,M,1,1294,1277,17,595,578,17,0,590,5,1300,705,230,360
11,CARAS-SEVERIN,55,0,"Scoala nr.9, Aleea Marghitas, nr.5",MUNICIPIUL RESITA,50790,M,1,1634,1623,11,768,757,11,0,767,1,1700,932,302,465
11,CARAS-SEVERIN,56,0,"Scoala nr.9, Aleea Marghitas, nr.5",MUNICIPIUL RESITA,50790,M,1,1416,1396,20,675,655,20,0,670,5,1400,725,226,444
11,CARAS-SEVERIN,57,0,"Scoala nr.9, Aleea Marghitas, nr.5",MUNICIPIUL RESITA,50790,M,1,1649,1625,24,739,715,24,0,734,5,1700,961,259,475
11,CARAS-SEVERIN,58,0,"Liceul de Arta, Aleea Herculane, nr.3",MUNICIPIUL RESITA,50790,M,1,1160,1145,15,470,455,15,0,468,2,1200,730,164,304
11,CARAS-SEVERIN,59,0,"Liceul de Arta, Aleea Herculane, nr.3",MUNICIPIUL RESITA,50790,M,1,1470,1456,14,632,618,14,0,629,3,1499,867,173,456
11,CARAS-SEVERIN,60,0,"Liceul de Arta, Aleea Herculane, nr.3",MUNICIPIUL RESITA,50790,M,1,1615,1590,25,784,759,25,0,781,3,1600,816,291,490
11,CARAS-SEVERIN,61,0,"Liceul de Arta, Aleea Herculane, nr.3",MUNICIPIUL RESITA,50790,M,1,1300,1279,21,615,594,21,0,612,3,1300,685,210,402
11,CARAS-SEVERIN,62,0,"Scoala nr.12, Aleea Macinului, nr.3",MUNICIPIUL RESITA,50790,M,1,1400,1377,23,669,645,23,1,664,5,1400,731,216,448
11,CARAS-SEVERIN,63,0,"Scoala nr.12, Aleea Macinului, nr.3",MUNICIPIUL RESITA,50790,M,1,1627,1609,18,759,741,18,0,754,5,1700,941,256,498
11,CARAS-SEVERIN,64,0,"Scoala nr.12, Aleea Macinului, nr.3",MUNICIPIUL RESITA,50790,M,1,1397,1383,14,587,573,14,0,586,1,1400,813,213,373
11,CARAS-SEVERIN,65,0,"Scoala nr.12, Aleea Macinului, nr.3",MUNICIPIUL RESITA,50790,M,1,1166,1152,14,535,521,14,0,532,3,1200,665,201,331
11,CARAS-SEVERIN,66,0,Scoala Cilnic,MUNICIPIUL RESITA,50790,M,1,1318,1301,17,541,524,17,0,535,6,1400,859,180,355
11,CARAS-SEVERIN,67,0,Scoala Moniom,MUNICIPIUL RESITA,50790,M,1,269,256,13,181,168,13,0,180,1,300,119,68,112
11,CARAS-SEVERIN,68,1,"Spitalul Judetean Stationar I, Aleea Herculane, nr.8",MUNICIPIUL RESITA,50790,M,1,11,0,11,230,0,11,219,228,2,400,170,103,125
11,CARAS-SEVERIN,69,1,"Spitalul Judetean Stationar II, str.Spitalului, nr.36",MUNICIPIUL RESITA,50790,M,1,10,0,10,99,0,10,89,99,0,400,301,51,48
11,CARAS-SEVERIN,70,1,"Spitalul Judetean Stationar III, str.Crisan, nr.5",MUNICIPIUL RESITA,50790,M,1,7,0,7,96,0,7,89,95,1,400,304,52,43
11,CARAS-SEVERIN,71,1,"Cantina studenteasca, str.Rosiorilor, nr.1",MUNICIPIUL RESITA,50790,M,1,8,0,8,69,0,8,61,69,0,400,331,25,44
11,CARAS-SEVERIN,72,1,"Autogara Resita, str. Traian Lalescu, nr.8",MUNICIPIUL RESITA,50790,M,1,11,0,11,371,0,11,360,368,3,400,29,110,258
11,CARAS-SEVERIN,73,0,"Scoala primara, cls.I-IV, str. Nicolae Balcescu, nr.113",MUNICIPIUL CARANSEBES,51010,M,1,1198,1148,50,548,497,50,1,545,3,996,448,190,355
11,CARAS-SEVERIN,74,0,"Scoala primara, Cartier Teius, str. Godeanu, nr.3",MUNICIPIUL CARANSEBES,51010,M,1,473,460,13,239,226,13,0,237,2,500,261,88,149
11,CARAS-SEVERIN,75,0,"Muz.de Etnogr. si al Reg. de Granita, Piata Gen. Dragalina, 2",MUNICIPIUL CARANSEBES,51010,M,1,1612,1589,23,834,811,23,0,825,9,1600,766,334,491
11,CARAS-SEVERIN,76,0,"Scoala generala nr.8, str. Racovita, nr.1",MUNICIPIUL CARANSEBES,51010,M,1,1783,1756,27,895,868,27,0,888,7,1800,905,364,524
11,CARAS-SEVERIN,77,0,"Grupul Scolar Forestier, str. Libertatii, nr.21",MUNICIPIUL CARANSEBES,51010,M,1,1153,1130,23,591,568,23,0,587,4,1200,609,235,352
11,CARAS-SEVERIN,78,0,"Casa Mun.de Cultura George Suru, str. Mihai Viteazul,nr.6",MUNICIPIUL CARANSEBES,51010,M,1,938,925,13,489,476,13,0,485,4,1000,511,182,303
11,CARAS-SEVERIN,79,0,"Gradinita de copii nr.1, str. Muntele Mic, nr.1",MUNICIPIUL CARANSEBES,51010,M,1,1560,1537,23,745,721,23,1,737,8,1600,855,290,447
11,CARAS-SEVERIN,80,0,"Scoala generala nr.7, Aleea Alunisului, nr.1",MUNICIPIUL CARANSEBES,51010,M,1,1775,1753,22,821,799,22,0,806,15,1800,979,292,514
11,CARAS-SEVERIN,81,0,"Clubul Sportiv Scolar, Aleea Alunisului, nr.1",MUNICIPIUL CARANSEBES,51010,M,1,1793,1781,12,834,822,12,0,832,2,1800,966,288,544
11,CARAS-SEVERIN,82,0,"Gradinita nr.4, Aleea Gradinitei, nr.1",MUNICIPIUL CARANSEBES,51010,M,1,1591,1575,16,771,755,16,0,768,3,1600,829,291,477
11,CARAS-SEVERIN,83,0,"Scoala generala nr.2, str. Ardealului, nr.138",MUNICIPIUL CARANSEBES,51010,M,1,1715,1701,14,794,778,14,2,784,10,1808,1014,262,522
11,CARAS-SEVERIN,84,0,"Scoala generala nr.2, str. Ardealului, nr.138",MUNICIPIUL CARANSEBES,51010,M,1,1437,1423,14,602,587,14,1,600,2,1500,898,198,402
11,CARAS-SEVERIN,85,0,"Grup Scolar Constructii de Masini, Corp A, str. Ardealului, nr.166",MUNICIPIUL CARANSEBES,51010,M,1,1906,1884,22,836,814,22,0,830,6,1900,1064,312,518
11,CARAS-SEVERIN,86,0,"Grup Scolar Constructii de Masini, Corp B, str. Ardealului, nr.166",MUNICIPIUL CARANSEBES,51010,M,1,1961,1913,48,928,880,48,0,917,11,2000,1072,309,608
11,CARAS-SEVERIN,87,0,"Scoala normala, str. C.D. Loga, nr.12",MUNICIPIUL CARANSEBES,51010,M,1,1878,1848,30,844,814,30,0,826,18,1900,1056,241,585
11,CARAS-SEVERIN,88,0,"Gradinita de copii, Cartier Caransebesul Nou, Calea Severinului, nr.48",MUNICIPIUL CARANSEBES,51010,M,1,1264,1252,12,559,547,12,0,550,9,1308,749,224,326
11,CARAS-SEVERIN,89,0,"Scoala generala nr.1, Calea Severinului, nr.143",MUNICIPIUL CARANSEBES,51010,M,1,1718,1700,18,786,768,18,0,774,12,1800,1014,354,420
11,CARAS-SEVERIN,90,0,"Spitalul Municipal, str. Gradinilor, nr.12",MUNICIPIUL CARANSEBES,51010,M,1,308,298,10,291,126,10,155,289,2,300,9,99,190
11,CARAS-SEVERIN,91,0,"Scoala primara Jupa, sat Jupa.",MUNICIPIUL CARANSEBES,51010,M,1,461,447,14,283,267,14,2,280,3,500,217,120,160
11,CARAS-SEVERIN,92,1,"Gara CFR, str.Nicolae Balcescu, nr.127",MUNICIPIUL CARANSEBES,51010,M,1,18,0,18,692,0,18,674,687,5,700,8,236,451
11,CARAS-SEVERIN,93,1,"Autogara Caransebes, str.Splai Sebes, nr.3",MUNICIPIUL CARANSEBES,51010,M,1,9,0,9,155,0,9,146,154,1,400,245,55,99
11,CARAS-SEVERIN,94,0,Casa de Cultura Anina,ORAS ANINA,50889,O,1,2015,1993,22,1010,980,22,8,997,13,2000,990,587,410
11,CARAS-SEVERIN,95,0,Gradinita Celnic,ORAS ANINA,50889,O,1,690,677,13,328,311,13,4,320,8,700,372,135,185
11,CARAS-SEVERIN,96,0,Sediul GOSTRANS SA,ORAS ANINA,50889,O,1,600,586,14,318,303,14,1,317,1,600,282,183,134
11,CARAS-SEVERIN,97,0,Gradinita Oras Nou,ORAS ANINA,50889,O,1,626,604,22,276,254,22,0,275,1,700,424,147,128
11,CARAS-SEVERIN,98,0,Casa Copiilor si Elevilor,ORAS ANINA,50889,O,1,752,730,22,463,441,22,0,460,3,800,337,323,137
11,CARAS-SEVERIN,99,0,Sediul Depozitul Final  Cintar,ORAS ANINA,50889,O,1,693,688,5,397,353,5,39,392,5,700,303,187,205
11,CARAS-SEVERIN,100,0,Gradinita Sigismund,ORAS ANINA,50889,O,1,601,589,12,267,255,12,0,264,3,600,333,137,127
11,CARAS-SEVERIN,101,0,Scoala Steierdorf,ORAS ANINA,50889,O,1,1203,1181,22,538,515,22,1,528,10,1200,662,305,223
11,CARAS-SEVERIN,102,0,Sediul Caritas,ORAS ANINA,50889,O,1,577,560,17,264,247,17,0,261,3,600,336,112,149
11,CARAS-SEVERIN,103,0,Scoala generala Bradet,ORAS ANINA,50889,O,1,351,337,14,181,167,14,0,181,0,400,219,134,47
11,CARAS-SEVERIN,104,0,"Sala de spectacole (foaier), str. Cernei, nr.6",ORAS BAILE HERCULANE,50923,O,1,423,417,6,240,234,6,0,236,4,500,260,93,143
11,CARAS-SEVERIN,105,0,"Scoala generala, zona UGSR, str. Castanilor, nr.17",ORAS BAILE HERCULANE,50923,O,1,1518,1509,9,835,793,9,33,820,15,1600,765,302,518
11,CARAS-SEVERIN,106,0,"Liceul Hercules, str. Trandafirilor, nr.36",ORAS BAILE HERCULANE,50923,O,1,2505,2476,29,1313,1282,29,2,1302,11,2500,1187,466,836
11,CARAS-SEVERIN,107,0,"Caminul Cultural, str. Pecinisca",ORAS BAILE HERCULANE,50923,O,1,554,537,17,349,332,17,0,342,7,500,151,124,218
11,CARAS-SEVERIN,108,1,"Gara CFR, str. Garii",ORAS BAILE HERCULANE,50923,O,1,8,0,8,478,0,8,470,474,4,500,22,153,321
11,CARAS-SEVERIN,109,0,"Scoala generala nr.2, str.1 Decembrie 1918, nr.12",ORAS BOCSA,50969,O,1,1296,1283,13,604,583,13,8,591,13,1300,696,238,353
11,CARAS-SEVERIN,110,0,"Gradinita de copii, nr.4, str. Serei, nr.2",ORAS BOCSA,50969,O,1,1289,1281,8,608,600,8,0,605,3,1300,692,270,335
11,CARAS-SEVERIN,111,0,"Scoala generala nr.3, str. Magura, nr.45",ORAS BOCSA,50969,O,1,1213,1200,13,500,487,13,0,483,17,1300,800,318,165
11,CARAS-SEVERIN,112,0,"Liceul Teoretic Bocsa, str. Tata Oancea, nr.4",ORAS BOCSA,50969,O,1,1153,1144,9,542,533,9,0,537,5,1200,658,252,285
11,CARAS-SEVERIN,113,0,"Liceul Teoretic Bocsa, str.  Tudor Vladimirescu, nr.57 A.",ORAS BOCSA,50969,O,1,874,860,14,409,395,14,0,400,9,900,491,185,215
11,CARAS-SEVERIN,114,0,"Grup Scolar Industrial Constructii de Masini, str.  Tineretului, nr.1",ORAS BOCSA,50969,O,1,1391,1376,15,628,612,15,1,623,5,1400,772,317,306
11,CARAS-SEVERIN,115,0,"SC BARZAVA SA Bocsa, str. Carpati, nr.6",ORAS BOCSA,50969,O,1,1303,1292,11,471,460,11,0,463,8,1300,829,210,253
11,CARAS-SEVERIN,116,0,"Sediul Serviciu Public de Gospodarie Comunala, str.  Ceahlau, nr.2",ORAS BOCSA,50969,O,1,1252,1236,16,505,489,16,0,502,3,1300,795,230,272
11,CARAS-SEVERIN,117,0,"Scoala generala nr.1, str. Republicii, nr.97",ORAS BOCSA,50969,O,1,1411,1400,11,586,575,11,0,578,8,1496,910,271,307
11,CARAS-SEVERIN,118,0,"Clubul elevilor, str. Victoriei, nr.6",ORAS BOCSA,50969,O,1,1492,1479,13,707,657,13,37,702,5,1500,793,356,346
11,CARAS-SEVERIN,119,0,"Scoala generala nr.1, str. Sadovei, nr.2E",ORAS BOCSA,50969,O,1,1322,1312,10,603,593,10,0,597,6,1400,797,234,363
11,CARAS-SEVERIN,120,0,"Scoala generala nr.1, str. Republicii, nr.100",ORAS BOCSA,50969,O,1,1305,1294,11,617,605,11,1,611,6,1400,783,249,362
11,CARAS-SEVERIN,121,1,"Autogara Bocsa, str.Carpati, nr.5",ORAS BOCSA,50969,O,1,125,0,125,125,0,10,115,125,0,400,275,51,74
11,CARAS-SEVERIN,122,0,Scoala generala nr.1 Moldova Noua,ORAS MOLDOVA NOUA,51056,O,1,1367,1348,19,666,647,19,0,662,4,1400,734,392,270
11,CARAS-SEVERIN,123,0,"Casa de Cultura Moldova Noua, str.1 Decembrie 1918, nr.2",ORAS MOLDOVA NOUA,51056,O,1,1126,1073,53,588,535,53,0,584,4,1100,512,327,257
11,CARAS-SEVERIN,124,0,"Scoala generala nr.2 Moldova Noua, str. 1 Decembrie 1918",ORAS MOLDOVA NOUA,51056,O,1,559,514,45,373,328,45,0,370,3,600,227,226,144
11,CARAS-SEVERIN,125,0,Camin Cultural Moldovita.,ORAS MOLDOVA NOUA,51056,O,1,231,225,6,194,188,6,0,194,0,200,6,175,19
11,CARAS-SEVERIN,126,0,Scoala generala Macesti,ORAS MOLDOVA NOUA,51056,O,1,503,496,7,251,244,7,0,247,4,500,249,144,103
11,CARAS-SEVERIN,127,0,Camin Cultural Moldova Veche,ORAS MOLDOVA NOUA,51056,O,1,1399,1380,19,673,654,19,0,665,8,1400,727,313,352
11,CARAS-SEVERIN,128,0,"Scoala generala nr.3, Orasul Nou",ORAS MOLDOVA NOUA,51056,O,1,1395,1379,16,621,605,16,0,616,5,1400,779,357,259
11,CARAS-SEVERIN,129,0,Camin cu program prelungit nr.2,ORAS MOLDOVA NOUA,51056,O,1,1234,1211,23,513,490,23,0,500,13,1300,787,331,169
11,CARAS-SEVERIN,130,0,"Sediul Intreprinderii Miniere, Serviciul Taxe si Impozite",ORAS MOLDOVA NOUA,51056,O,1,1527,1489,38,614,576,38,0,611,3,1500,886,369,242
11,CARAS-SEVERIN,131,0,Scoala generala nr.4,ORAS MOLDOVA NOUA,51056,O,1,1218,1206,12,506,494,12,0,500,6,1300,794,271,229
11,CARAS-SEVERIN,132,0,Clubul Copiilor si Elevilor,ORAS MOLDOVA NOUA,51056,O,1,1057,1028,29,451,422,29,0,448,3,1100,649,272,176
11,CARAS-SEVERIN,133,0,Liceul Moldova Noua,ORAS MOLDOVA NOUA,51056,O,1,964,927,37,487,450,37,0,484,3,1000,513,320,164
11,CARAS-SEVERIN,134,1,Spitalul Orasenesc,ORAS MOLDOVA NOUA,51056,O,1,9,0,9,69,0,9,60,65,4,400,331,51,14
11,CARAS-SEVERIN,135,1,"Portul de calatori Moldova Veche, Soseaua  Dunarii, nr.44A",ORAS MOLDOVA NOUA,51056,O,1,8,0,8,152,0,8,144,152,0,400,248,90,62
11,CARAS-SEVERIN,136,0,Spital Marila,ORAS ORAVITA,51118,O,1,59,46,13,124,21,13,90,123,1,200,76,51,72
11,CARAS-SEVERIN,137,0,"Scoala generala nr.3 Oravita, str. Gojdu",ORAS ORAVITA,51118,O,1,1227,1214,13,528,515,13,0,515,13,1300,772,188,327
11,CARAS-SEVERIN,138,0,"Casa pentru Copii, Elevi si Tineret Oravita, str.1 Decembrie 1918",ORAS ORAVITA,51118,O,1,1143,1132,11,582,571,11,0,575,7,1200,618,233,342
11,CARAS-SEVERIN,139,0,"Scoala generala nr.2 Oravita, str. Eftimie Murgu",ORAS ORAVITA,51118,O,1,919,902,17,468,451,17,0,463,5,1000,532,152,311
11,CARAS-SEVERIN,140,0,"Grup Scolar Agricol Oravita, str. Closca",ORAS ORAVITA,51118,O,1,1125,1101,24,571,547,24,0,564,7,1200,629,239,325
11,CARAS-SEVERIN,141,0,"Scoala generala nr.1 Oravita, Corp cladire veche",ORAS ORAVITA,51118,O,1,1709,1701,8,760,751,8,1,754,6,1800,1040,309,445
11,CARAS-SEVERIN,142,0,"Scoala generala nr.1 Oravita, Sala de sport",ORAS ORAVITA,51118,O,1,2048,2033,15,900,885,15,0,892,8,2100,1200,367,525
11,CARAS-SEVERIN,143,0,"Cresa Camin Oravita, str. Zona Garii",ORAS ORAVITA,51118,O,1,1793,1763,30,800,770,30,0,792,8,1800,1000,329,463
11,CARAS-SEVERIN,144,0,Camin Cultural Ciclova Montana,ORAS ORAVITA,51118,O,1,455,446,9,263,254,9,0,261,2,500,237,112,149
11,CARAS-SEVERIN,145,0,Camin Cultural Brosteni,ORAS ORAVITA,51118,O,1,488,478,10,244,234,10,0,239,5,500,256,84,155
11,CARAS-SEVERIN,146,0,Scoala generala Rachitova,ORAS ORAVITA,51118,O,1,306,295,11,158,147,11,0,154,4,300,142,44,110
11,CARAS-SEVERIN,147,0,Scoala generala Bradisoru de Jos,ORAS ORAVITA,51118,O,1,461,447,14,228,214,14,0,222,6,500,272,100,122
11,CARAS-SEVERIN,148,0,Scoala generala Agadici,ORAS ORAVITA,51118,O,1,185,176,9,112,103,9,0,109,3,200,88,33,76
11,CARAS-SEVERIN,149,1,Spitalul Orasenesc Oravita,ORAS ORAVITA,51118,O,1,8,0,8,68,0,8,60,67,1,300,232,31,36
11,CARAS-SEVERIN,150,1,"Centrul de Recup. si Reabil. pt. pers. cu handicap, str. V.Minerilor",ORAS ORAVITA,51118,O,1,8,0,8,39,0,8,31,37,2,400,361,22,15
11,CARAS-SEVERIN,151,1,"Autogara Oravita, str.Brosteni, nr.10",ORAS ORAVITA,51118,O,1,11,0,11,381,0,11,370,378,3,400,19,130,248
11,CARAS-SEVERIN,152,0,"Gradinita PN Ohaba, str. Revolutiei",ORAS OTELU ROSU,51207,O,1,1187,1172,15,653,635,15,3,648,5,1200,547,195,453
11,CARAS-SEVERIN,153,0,"Scoala generala nr.3, str. Libertatii",ORAS OTELU ROSU,51207,O,1,1482,1457,25,740,714,25,1,736,4,1500,760,229,507
11,CARAS-SEVERIN,154,0,"Casa de Cultura, parter",ORAS OTELU ROSU,51207,O,1,1694,1669,25,850,825,25,0,843,7,1700,850,280,563
11,CARAS-SEVERIN,155,0,"Gradinita PN, str. Rozelor",ORAS OTELU ROSU,51207,O,1,1287,1252,35,721,685,35,1,711,10,1300,579,248,463
11,CARAS-SEVERIN,156,0,"SC MAURICOM SRL, str Otelarilor",ORAS OTELU ROSU,51207,O,1,560,546,14,310,292,14,4,304,6,606,296,75,229
11,CARAS-SEVERIN,157,0,"Cantina de Ajutor Social, str. Republicii",ORAS OTELU ROSU,51207,O,1,1103,1083,20,629,582,20,27,622,7,1103,474,190,432
11,CARAS-SEVERIN,158,0,"SC AGMONIA SA, str. Tineretului",ORAS OTELU ROSU,51207,O,1,1502,1449,53,818,759,53,6,792,13,1500,695,273,519
11,CARAS-SEVERIN,159,0,"Gradinita PN Gai, str. Closca",ORAS OTELU ROSU,51207,O,1,1084,1060,24,656,632,24,0,646,10,1100,444,223,423
11,CARAS-SEVERIN,160,0,Scoala generala Mal,ORAS OTELU ROSU,51207,O,1,323,312,11,249,238,11,0,246,3,300,51,48,198
11,CARAS-SEVERIN,161,0,"Casa Nationala Cireasa, str. Hategului",ORAS OTELU ROSU,51207,O,1,664,644,20,397,371,20,6,392,5,700,303,99,293
11,CARAS-SEVERIN,162,0,Scoala cu clasele I-VIII Armenis,ARMENIS,51243,C,3,1137,1125,12,810,700,12,98,803,7,1200,390,365,438
11,CARAS-SEVERIN,163,0,Scoala cu clasele I-IV Fenes,ARMENIS,51243,C,3,480,473,7,322,313,7,2,321,1,500,178,205,116
11,CARAS-SEVERIN,164,0,Scoala cu clasele I-IV Sat Batrin,ARMENIS,51243,C,3,380,368,12,214,202,12,0,211,3,400,186,94,117
11,CARAS-SEVERIN,165,0,Scoala cu clasele I-IV Submarginea,ARMENIS,51243,C,3,216,201,15,134,119,15,0,132,2,200,66,50,82
11,CARAS-SEVERIN,166,0,Caminul Cultural Bania (centrul comunei),BANIA,51305,C,3,1043,1033,10,656,638,10,8,651,5,1100,444,177,474
11,CARAS-SEVERIN,167,0,Caminul Cultural Girbovat,BANIA,51305,C,3,535,531,4,310,306,4,0,304,6,600,290,157,147
11,CARAS-SEVERIN,168,0,"Caminul Cultural Bautar Jos, sat Bautar, nr.253A",BAUTAR,51332,C,3,821,761,60,458,397,60,1,454,4,800,342,131,323
11,CARAS-SEVERIN,169,0,"Camin Cultural Bautar Sus, sat Bautar, nr.45A",BAUTAR,51332,C,3,788,705,83,428,345,83,0,420,8,700,272,141,279
11,CARAS-SEVERIN,170,0,"Camin Cultural Bucova, sat Bucova, nr.65A",BAUTAR,51332,C,3,766,738,28,501,436,28,37,497,4,800,299,213,284
11,CARAS-SEVERIN,171,0,"Scoala cu clasele I-IV, sat Berliste",BERLISTE,51387,C,3,331,327,4,205,201,4,0,205,0,400,195,138,67
11,CARAS-SEVERIN,172,0,"Scoala cu clasele I-IV, sat Milcoveni",BERLISTE,51387,C,3,247,234,13,158,145,13,0,156,2,300,142,74,82
11,CARAS-SEVERIN,173,0,"Scoala cu clasele I-IV, sat Iam",BERLISTE,51387,C,3,317,303,14,199,185,14,0,195,4,300,101,110,85
11,CARAS-SEVERIN,174,0,"Scoala cu clasele I-IV, sat Rusova Noua",BERLISTE,51387,C,3,153,142,11,94,83,11,0,92,2,200,106,48,44
11,CARAS-SEVERIN,175,0,Casa de Cultura Berzasca,BERZASCA,51449,C,3,1202,1159,43,780,669,43,68,763,17,1200,420,499,264
11,CARAS-SEVERIN,176,0,Gradinita pentru copii (din cadrul fostei Primarii) Liubcova,BERZASCA,51449,C,3,1009,1000,9,520,511,9,0,513,7,1000,480,270,243
11,CARAS-SEVERIN,177,0,Gradinita pentru copii Bigar,BERZASCA,51449,C,3,243,234,9,97,88,9,0,94,3,300,203,65,29
11,CARAS-SEVERIN,178,0,Scoala primara Cozla,BERZASCA,51449,C,3,118,105,13,60,47,13,0,60,0,100,40,45,15
11,CARAS-SEVERIN,179,0,Scoala generala Berzovia,BERZOVIA,51500,C,3,1716,1699,17,825,808,17,0,819,6,1800,975,483,336
11,CARAS-SEVERIN,180,0,Scoala generala Ghertenis,BERZOVIA,51500,C,3,808,800,8,335,327,8,0,334,1,800,465,164,170
11,CARAS-SEVERIN,181,0,Scoala generala Fizes,BERZOVIA,51500,C,3,740,737,3,286,283,3,0,283,3,800,514,118,165
11,CARAS-SEVERIN,182,0,Scoala primara Bolvasnita,BOLVASNITA,51546,C,3,419,413,6,227,221,6,0,223,0,500,273,59,164
11,CARAS-SEVERIN,183,0,Punctul de lucru al Primariei Bolvasnita (Virciorova),BOLVASNITA,51546,C,3,819,812,7,413,406,7,0,408,5,900,487,153,255
11,CARAS-SEVERIN,184,0,"Scoala cu clasele I-IV Bozovici , nr.206",BOZOVICI,51573,C,3,1374,1345,29,980,763,29,188,969,11,1400,420,302,667
11,CARAS-SEVERIN,185,0,"Liceul Teoretic Bozovici, nr.826",BOZOVICI,51573,C,3,748,709,39,407,351,39,17,405,2,800,393,120,285
11,CARAS-SEVERIN,186,1,"Spitalul comunal Bozovici, nr.947",BOZOVICI,51573,C,3,9,0,9,47,0,9,38,44,3,100,53,9,35
11,CARAS-SEVERIN,187,0,"Caminul Cultural Prilipet,nr.33",BOZOVICI,51573,C,3,656,641,15,415,383,15,17,413,2,700,285,128,285
11,CARAS-SEVERIN,188,0,Scoala generala Brebu,BREBU,51626,C,3,556,550,6,264,258,6,0,262,2,600,336,111,151
11,CARAS-SEVERIN,189,0,Scoala generala Apadia,BREBU,51626,C,3,203,191,12,108,96,12,0,107,1,200,92,15,92
11,CARAS-SEVERIN,190,0,Scoala generala Valeadeni,BREBU,51626,C,3,170,161,9,70,61,9,0,68,2,200,130,36,32
11,CARAS-SEVERIN,191,0,Scoala generala din Garina,BREBU NOU,51662,C,3,285,275,10,52,42,10,0,51,1,300,248,14,37
11,CARAS-SEVERIN,192,0,Scoala generala de 4 ani Buchin,BUCHIN,51699,C,3,358,346,12,202,190,12,0,201,1,400,198,66,135
11,CARAS-SEVERIN,193,0,Scoala generala de 4 ani Prisian,BUCHIN,51699,C,3,378,369,9,194,185,9,0,189,5,400,206,79,110
11,CARAS-SEVERIN,194,0,Scoala generala de 4 ani Valea Timisului,BUCHIN,51699,C,3,463,451,12,285,273,12,0,283,2,500,215,90,193
11,CARAS-SEVERIN,195,0,Scoala generala de 8 ani Poiana,BUCHIN,51699,C,3,555,541,14,407,393,14,0,403,4,600,193,308,95
11,CARAS-SEVERIN,196,0,Scoala cu clasele I-IV Bucosnita,BUCOSNITA,51751,C,3,659,655,4,516,512,4,0,515,1,700,184,265,250
11,CARAS-SEVERIN,197,0,Scoala cu clasele I-IV Golet,BUCOSNITA,51751,C,3,486,481,5,468,463,5,0,468,0,500,32,253,215
11,CARAS-SEVERIN,198,0,Scoala cu clasele I-VIII Petrosnita,BUCOSNITA,51751,C,3,761,746,15,510,495,15,0,507,3,800,290,339,168
11,CARAS-SEVERIN,199,0,Scoala cu clasele I-VIII Valisoara,BUCOSNITA,51751,C,3,587,579,8,466,458,8,0,464,2,600,134,229,235
11,CARAS-SEVERIN,200,0,Caminul Cultural (parter),CARASOVA,51804,C,3,2014,2007,7,727,720,7,0,717,10,2100,1373,354,363
11,CARAS-SEVERIN,201,0,Scoala cu clasele I-IV Nermed,CARASOVA,51804,C,3,480,469,11,236,225,11,0,230,0,500,264,55,175
11,CARAS-SEVERIN,202,0,Scoala cu clasele I-IV Iabalcea,CARASOVA,51804,C,3,186,177,9,111,102,9,0,110,1,200,89,58,52
11,CARAS-SEVERIN,203,0,Scoala generala cu clasele I-VIII Carbunari,CARBUNARI,51840,C,3,1058,1049,9,653,636,9,8,645,8,1100,447,394,251
11,CARAS-SEVERIN,204,0,Caminul Cultural Ciclova Romana,CICLOVA ROMANA,51948,C,3,906,896,10,506,413,10,83,502,4,900,394,179,323
11,CARAS-SEVERIN,205,0,Sediul fostei primarii din Ilidia,CICLOVA ROMANA,51948,C,3,283,272,11,170,159,11,0,168,2,300,130,87,81
11,CARAS-SEVERIN,206,0,Sediul fostei primarii din Socolari,CICLOVA ROMANA,51948,C,3,137,126,11,71,60,11,0,71,0,200,129,27,44
11,CARAS-SEVERIN,207,0,Camin Cultural Ciuchici,CIUCHICI,51984,C,3,446,432,14,242,228,14,0,241,1,500,258,133,108
11,CARAS-SEVERIN,208,0,Camin Cultural Macoviste,CIUCHICI,51984,C,3,98,90,8,71,63,8,0,68,3,100,29,28,40
11,CARAS-SEVERIN,209,0,Sediul fostei primarii Nicolinti,CIUCHICI,51984,C,3,228,213,15,141,126,15,0,140,1,200,59,68,72
11,CARAS-SEVERIN,210,0,Camin Cultural Petrilova,CIUCHICI,51984,C,3,120,112,8,70,61,8,1,70,0,100,30,36,34
11,CARAS-SEVERIN,211,0,Scoala generala cu clasele I-VIII Ciudanovita,CIUDANOVITA,52035,C,3,520,519,1,257,250,1,6,254,3,560,303,180,74
11,CARAS-SEVERIN,212,0,Scoala generala Jitin,CIUDANOVITA,52035,C,3,141,134,7,97,90,7,0,93,4,140,43,53,40
11,CARAS-SEVERIN,213,0,Gradinita Cavaran,CONSTANTIN DAICOVICIU,51877,C,3,563,552,11,354,341,11,2,351,3,600,246,156,195
11,CARAS-SEVERIN,214,0,Scoala cu clasele I-IV Mitnicu Mare,CONSTANTIN DAICOVICIU,51877,C,3,339,328,11,188,175,11,2,185,3,400,212,60,125
11,CARAS-SEVERIN,215,0,Scoala cu clasele I-VIII  Zagujeni,CONSTANTIN DAICOVICIU,51877,C,3,385,374,11,247,236,11,0,246,1,400,153,136,110
11,CARAS-SEVERIN,216,0,Scoala cu clasele I-IV Prisaca,CONSTANTIN DAICOVICIU,51877,C,3,325,318,7,177,170,7,0,176,1,400,223,82,94
11,CARAS-SEVERIN,217,0,Scoala cu clasele I-IV Pestere,CONSTANTIN DAICOVICIU,51877,C,3,203,197,6,120,114,6,0,118,2,200,80,66,52
11,CARAS-SEVERIN,218,0,Scoala cu clasele I-VIII Maciova,CONSTANTIN DAICOVICIU,51877,C,3,344,335,9,202,193,9,0,201,1,400,198,105,96
11,CARAS-SEVERIN,219,0,Camin Cultural Copacele,COPACELE,52062,C,3,349,347,2,159,157,2,0,157,2,400,241,88,69
11,CARAS-SEVERIN,220,0,Scoala generala Zorile,COPACELE,52062,C,3,450,442,8,242,216,8,18,237,5,500,258,79,158
11,CARAS-SEVERIN,221,0,Scoala generala Ohaba Mitnic,COPACELE,52062,C,3,315,306,9,183,165,9,9,181,2,300,117,56,125
11,CARAS-SEVERIN,222,0,Scoala generala cu clasele I-VIII Cornea,CORNEA,52115,C,3,721,717,4,424,420,4,0,422,2,800,376,198,224
11,CARAS-SEVERIN,223,0,Caminul Cultural Cuptoare,CORNEA,52115,C,3,574,569,5,388,383,5,0,385,3,600,212,208,177
11,CARAS-SEVERIN,224,0,Caminul Cultural Crusovat,CORNEA,52115,C,3,471,471,0,296,296,0,0,293,3,500,204,86,207
11,CARAS-SEVERIN,225,0,Gradinita Cornereva,CORNEREVA,52160,C,3,423,398,25,182,156,25,1,182,0,400,218,108,74
11,CARAS-SEVERIN,226,0,Scoala Gruni,CORNEREVA,52160,C,3,988,954,34,431,397,34,0,428,3,1000,569,127,301
11,CARAS-SEVERIN,227,0,Scoala Dolina,CORNEREVA,52160,C,3,759,724,35,449,414,35,0,445,4,800,351,381,64
11,CARAS-SEVERIN,228,0,Scoala Bogiltin,CORNEREVA,52160,C,3,430,408,22,202,180,22,0,200,2,500,298,130,70
11,CARAS-SEVERIN,229,0,Scoala Dobraia,CORNEREVA,52160,C,3,121,103,18,76,58,18,0,76,0,100,24,47,29
11,CARAS-SEVERIN,230,0,Scoala Inelet,CORNEREVA,52160,C,3,120,101,19,70,51,19,0,69,1,100,30,45,24
11,CARAS-SEVERIN,231,0,"Caminul Cultural Coronini, nr.365",CORONINI,53489,C,3,1102,1090,12,706,694,12,0,700,6,1100,394,451,249
11,CARAS-SEVERIN,232,0,"Caminul Cultural Sfanta Elena, nr.99",CORONINI,53489,C,3,495,472,23,262,239,23,0,260,2,500,238,211,49
11,CARAS-SEVERIN,233,0,"Caminul Cultural Dalboset, nr.128",DALBOSET,52570,C,3,963,956,7,690,668,7,15,682,8,1000,310,274,408
11,CARAS-SEVERIN,234,0,"Caminul Cultural Sopotu Vechi, nr.116",DALBOSET,52570,C,3,635,618,17,434,417,17,0,428,6,700,266,194,234
11,CARAS-SEVERIN,235,0,Scoala cu clasele I-IV Doclin,DOCLIN,52650,C,3,452,441,11,236,223,11,2,234,2,500,264,117,117
11,CARAS-SEVERIN,236,0,Gradinita Binis,DOCLIN,52650,C,3,626,619,7,300,293,7,0,294,6,700,400,124,170
11,CARAS-SEVERIN,237,0,Scoala cu clasele I-VIII Tirol,DOCLIN,52650,C,3,523,514,9,231,222,9,0,227,4,600,369,147,80
11,CARAS-SEVERIN,238,0,Gradinita nr.1 Dognecea,DOGNECEA,52696,C,3,991,970,21,459,436,21,2,456,3,1000,541,232,224
11,CARAS-SEVERIN,239,0,Scoala generala nr.2 Dognecea,DOGNECEA,52696,C,3,523,510,13,293,268,13,12,288,5,600,307,218,70
11,CARAS-SEVERIN,240,0,Scoala primara Calina,DOGNECEA,52696,C,3,118,107,11,82,66,11,5,80,2,100,18,46,34
11,CARAS-SEVERIN,241,0,Caminul Cultural (sala mica) Domasnea,DOMASNEA,52721,C,3,893,888,5,472,467,5,0,465,7,900,428,245,220
11,CARAS-SEVERIN,242,0,"Scoala cu clasele I-IV, Canicea",DOMASNEA,52721,C,3,315,310,5,125,120,5,0,125,0,300,175,43,82
11,CARAS-SEVERIN,243,0,Casa Culturala Dr. Ion Sarbu,EFTIMIE MURGU,53700,C,3,1454,1451,3,936,923,3,10,917,19,1500,564,273,644
11,CARAS-SEVERIN,244,0,Caminul Cultural Ezeris,EZERIS,52758,C,3,498,489,9,254,239,9,6,249,5,500,246,133,116
11,CARAS-SEVERIN,245,0,Caminul Cultural Soceni,EZERIS,52758,C,3,514,496,18,343,317,18,8,341,2,600,257,174,167
11,CARAS-SEVERIN,246,0,Scoala cu clasele I-VIII Firliug,FARLIUG,52785,C,3,694,677,17,362,341,17,4,359,3,700,338,82,277
11,CARAS-SEVERIN,247,0,Scoala cu clasele I-IV Dezesti,FARLIUG,52785,C,3,170,161,9,121,112,9,0,120,1,200,79,23,97
11,CARAS-SEVERIN,248,0,Caminul Cultural Scaius,FARLIUG,52785,C,3,309,296,13,171,158,13,0,168,3,300,129,64,104
11,CARAS-SEVERIN,249,0,Scoala cu clasele I-IV Remetea Pogonici,FARLIUG,52785,C,3,156,145,11,101,90,11,0,101,0,200,99,51,50
11,CARAS-SEVERIN,250,0,Scoala cu clasele I-IV Duleu,FARLIUG,52785,C,3,179,163,16,115,99,16,0,115,0,200,85,46,69
11,CARAS-SEVERIN,251,0,Scoala cu clasele I-IV Valea Mare,FARLIUG,52785,C,3,101,95,6,75,69,6,0,74,1,100,25,10,64
11,CARAS-SEVERIN,252,0,Caminul Cultural Forotic,FOROTIC,52856,C,3,535,527,8,305,297,8,0,302,3,600,295,163,139
11,CARAS-SEVERIN,253,0,Caminul Cultural Comoriste,FOROTIC,52856,C,3,513,507,6,270,264,6,0,269,1,600,330,112,157
11,CARAS-SEVERIN,254,0,Caminul Cultural Surducu Mare,FOROTIC,52856,C,3,408,385,23,232,209,23,0,232,0,400,168,108,124
11,CARAS-SEVERIN,255,0,"Casa de Cultura ""Petr Glaser"" Girnic",GARNIC,52909,C,3,544,536,8,296,288,8,0,273,23,600,304,131,142
11,CARAS-SEVERIN,256,0,Casa Culturala Padina Matei,GARNIC,52909,C,3,802,770,32,538,485,32,21,535,3,800,262,419,116
11,CARAS-SEVERIN,257,0,"Caminul Cultural Glimboca, nr.367",GLIMBOCA,52936,C,3,1445,1425,20,1000,980,20,0,980,20,1500,500,249,731
11,CARAS-SEVERIN,258,0,Caminul Cultural Goruia,GORUIA,52954,C,3,320,314,6,212,191,6,15,211,1,300,88,82,129
11,CARAS-SEVERIN,259,0,Scoala generala Girliste,GORUIA,52954,C,3,287,274,13,190,169,13,8,190,0,300,110,110,80
11,CARAS-SEVERIN,260,0,Scoala generala Giurgiova,GORUIA,52954,C,3,138,126,12,90,77,12,1,89,1,100,10,60,29
11,CARAS-SEVERIN,261,0,Scoala cu clasele I-VIII Gradinari,GRADINARI,52990,C,3,903,898,5,497,488,5,4,486,11,900,403,256,230
11,CARAS-SEVERIN,262,0,Fostul sediu CAP Greoni,GRADINARI,52990,C,3,767,754,13,495,453,13,29,487,8,800,305,244,243
11,CARAS-SEVERIN,263,0,Scoala Iablanita,IABLANITA,53023,C,3,711,695,16,372,356,16,0,371,1,700,328,163,208
11,CARAS-SEVERIN,264,0,Scoala primara Petnic,IABLANITA,53023,C,3,727,715,12,334,322,12,0,333,1,800,466,104,229
11,CARAS-SEVERIN,265,0,Scoala generala Globu Craiovei,IABLANITA,53023,C,3,659,643,16,337,321,16,0,337,0,700,363,162,175
11,CARAS-SEVERIN,266,0,Caminul Cultural Lapusnicel,LAPUSNICEL,53069,C,3,557,533,24,339,311,24,4,335,4,575,236,114,221
11,CARAS-SEVERIN,267,0,Scoala generala Pirvova,LAPUSNICEL,53069,C,3,473,464,9,354,303,9,42,352,1,500,147,262,90
11,CARAS-SEVERIN,268,0,Scoala generala Sumita,LAPUSNICEL,53069,C,3,141,126,15,111,96,15,0,110,1,125,14,57,53
11,CARAS-SEVERIN,269,0,Caminul Cultural Lapusnicu Mare,LAPUSNICU MARE,53103,C,3,1037,1027,10,581,571,10,0,575,6,1100,519,299,276
11,CARAS-SEVERIN,270,0,Caminul Cultural Moceris,LAPUSNICU MARE,53103,C,3,543,535,8,334,324,8,2,330,4,600,266,154,176
11,CARAS-SEVERIN,271,0,"Caminul Cultural Luncavita, sala mica",LUNCAVITA,53130,C,3,788,778,10,456,446,10,0,453,3,800,344,169,284
11,CARAS-SEVERIN,272,0,"Camin Cultural Verendin, sala mica",LUNCAVITA,53130,C,3,1528,1473,55,831,776,55,0,825,6,1500,669,195,630
11,CARAS-SEVERIN,273,0,Primaria Lupac,LUPAC,53167,C,3,771,757,14,366,352,14,0,364,2,800,434,193,171
11,CARAS-SEVERIN,274,0,Scoala generala de 8 ani Clocotici,LUPAC,53167,C,3,765,755,10,331,320,10,1,328,3,800,469,91,237
11,CARAS-SEVERIN,275,0,Scoala generala de 8 ani Rafnic,LUPAC,53167,C,3,456,444,12,188,176,12,0,185,3,400,212,50,135
11,CARAS-SEVERIN,276,0,Scoala generala de 4 ani Vodnic,LUPAC,53167,C,3,355,344,11,214,203,11,0,211,3,400,186,111,100
11,CARAS-SEVERIN,277,0,Casa Culturala Marga,MARGA,53210,C,3,1070,1058,12,698,651,12,35,693,5,1100,402,414,279
11,CARAS-SEVERIN,278,0,Caminul Cultural  Maureni,MAURENI,53247,C,3,1314,1298,16,570,548,16,6,564,6,1400,830,354,210
11,CARAS-SEVERIN,279,0,Cladirea administrativa a Consiliului Local Sosdea,MAURENI,53247,C,3,616,608,8,308,300,8,0,303,5,700,392,173,130
11,CARAS-SEVERIN,280,0,Liceul Tehnologic Mehadia,MEHADIA,53274,C,3,1724,1708,16,889,870,16,3,879,10,1800,911,463,416
11,CARAS-SEVERIN,281,0,Scoala generala de 8 ani Plugova,MEHADIA,53274,C,3,779,765,14,564,550,14,0,557,7,800,236,301,256
11,CARAS-SEVERIN,282,0,Scoala generala de 4 ani Valea Bolvasnita,MEHADIA,53274,C,3,678,664,14,488,474,14,0,488,0,700,212,232,256
11,CARAS-SEVERIN,283,0,Scoala generala de 4 ani Globurau,MEHADIA,53274,C,3,202,196,6,130,124,6,0,128,2,200,70,61,67
11,CARAS-SEVERIN,284,0,Caminul Cultural Mehadica,MEHADICA,53327,C,3,721,705,16,511,465,16,30,506,5,800,289,174,332
11,CARAS-SEVERIN,285,0,Primaria veche Naidas,NAIDAS,53345,C,3,718,715,3,593,433,3,157,591,2,800,207,240,351
11,CARAS-SEVERIN,286,0,Caminul Cultural Lescovita,NAIDAS,53345,C,3,287,268,19,213,185,19,9,211,2,300,87,109,102
11,CARAS-SEVERIN,287,0,Caminul Cultural Obreja,OBREJA,53372,C,3,1386,1373,13,814,801,13,0,810,4,1400,586,250,560
11,CARAS-SEVERIN,288,0,Scoala generala Iaz,OBREJA,53372,C,3,454,445,9,256,244,9,3,244,12,500,244,91,153
11,CARAS-SEVERIN,289,0,Scoala generala Ciuta,OBREJA,53372,C,3,283,269,14,181,167,14,0,181,0,300,119,125,56
11,CARAS-SEVERIN,290,0,Scoala generala Var,OBREJA,53372,C,3,323,307,16,188,172,16,0,185,3,300,112,98,87
11,CARAS-SEVERIN,291,0,Scoala cu clasele I-VIII Ocna de Fier,OCNA DE FIER,50987,C,3,621,617,4,334,329,4,1,328,6,700,366,196,132
11,CARAS-SEVERIN,292,0,Caminul Cultural Paltinis,PALTINIS,53425,C,3,515,500,15,253,238,15,0,251,2,600,347,86,165
11,CARAS-SEVERIN,293,0,Scoala generala Cornutel,PALTINIS,53425,C,3,375,367,8,375,367,8,0,372,3,800,425,232,140
11,CARAS-SEVERIN,294,0,Scoala generala Delinesti,PALTINIS,53425,C,3,404,395,9,202,193,9,0,201,1,400,198,83,118
11,CARAS-SEVERIN,295,0,Scoala primara Ohabita,PALTINIS,53425,C,3,88,79,9,68,59,9,0,67,1,100,32,38,29
11,CARAS-SEVERIN,296,0,Scoala primara Rugi,PALTINIS,53425,C,3,233,225,8,174,166,8,0,171,3,200,26,108,63
11,CARAS-SEVERIN,297,0,Caminul Cultural Pojejena,POJEJENA,53513,C,3,1118,1056,62,835,773,62,0,830,5,1100,265,266,564
11,CARAS-SEVERIN,298,0,Caminul Cultural Belobresca,POJEJENA,53513,C,3,1239,1226,13,772,759,13,0,766,6,1300,528,226,540
11,CARAS-SEVERIN,299,0,Caminul Cultural Radimna,POJEJENA,53513,C,3,486,451,35,350,315,35,0,348,2,500,150,87,261
11,CARAS-SEVERIN,300,0,Camin Cultural Prigor,PRIGOR,53577,C,3,848,842,6,493,487,6,0,490,3,900,407,206,284
11,CARAS-SEVERIN,301,0,Scoala generala Patas,PRIGOR,53577,C,3,552,540,12,329,317,12,0,324,5,600,271,94,230
11,CARAS-SEVERIN,302,0,Caminul Cultural Borlovenii Noi,PRIGOR,53577,C,3,450,442,8,313,305,8,0,311,2,500,187,132,179
11,CARAS-SEVERIN,303,0,Scoala generala Borloveni,PRIGOR,53577,C,3,401,398,3,264,239,3,22,264,0,400,136,36,228
11,CARAS-SEVERIN,304,0,Scoala generala Putna,PRIGOR,53577,C,3,148,141,7,110,103,7,0,109,1,200,90,50,59
11,CARAS-SEVERIN,305,0,Scoala cu clasele I-VIII Ramna,RAMNA,53639,C,3,996,988,8,473,465,8,0,470,3,1000,527,264,206
11,CARAS-SEVERIN,306,0,Scoala cu clasele I-IV Valeapai,RAMNA,53639,C,3,414,397,17,219,202,17,0,215,4,400,181,142,73
11,CARAS-SEVERIN,307,0,Caminul Cultural Racasdia,RACASDIA,53675,C,3,1350,1337,13,651,635,13,3,645,6,1400,749,310,335
11,CARAS-SEVERIN,308,0,Fosta primarie din satul Vraniut,RACASDIA,53675,C,3,282,272,10,136,121,10,5,133,3,300,164,75,58
11,CARAS-SEVERIN,309,0,Scoala cu clasele V-VIII Rusca Montana,RUSCA MONTANA,53728,C,3,1355,1342,13,725,712,13,0,715,10,1400,675,320,395
11,CARAS-SEVERIN,310,0,Scoala cu clasele I-IV Ruschita,RUSCA MONTANA,53728,C,3,366,354,12,178,166,12,0,176,2,400,222,116,60
11,CARAS-SEVERIN,311,0,Club Camin Sacu,SACU,53755,C,3,686,678,8,430,412,8,10,423,7,700,270,186,237
11,CARAS-SEVERIN,312,0,Scoala Salbagelu Nou,SACU,53755,C,3,176,168,8,95,87,8,0,95,0,200,105,64,31
11,CARAS-SEVERIN,313,0,Caminul Cultural Tincova,SACU,53755,C,3,373,361,12,221,209,12,0,218,3,400,179,118,100
11,CARAS-SEVERIN,314,0,Caminul Cultural Sasca Montana,SASCA MONTANA,53791,C,3,506,498,8,244,234,8,2,243,1,500,256,135,108
11,CARAS-SEVERIN,315,0,Scoala generala Sasca Romana,SASCA MONTANA,53791,C,3,353,343,10,219,208,10,1,213,6,400,181,115,98
11,CARAS-SEVERIN,316,0,Caminul Cultural Slatina Nera,SASCA MONTANA,53791,C,3,272,254,18,144,124,18,2,142,2,300,156,73,69
11,CARAS-SEVERIN,317,0,Caminul Cultural Potoc,SASCA MONTANA,53791,C,3,228,211,17,175,144,17,14,175,0,200,25,44,131
11,CARAS-SEVERIN,318,0,Caminul Cultural Bogodint,SASCA MONTANA,53791,C,3,117,107,10,79,66,10,3,79,0,100,21,41,38
11,CARAS-SEVERIN,319,0,"Caminul Cultural Sichevita, nr.395",SICHEVITA,53853,C,3,1417,1406,11,842,830,11,1,833,9,1500,658,329,504
11,CARAS-SEVERIN,320,0,Scoala cu clasele I-IV Gornea,SICHEVITA,53853,C,3,506,497,9,351,341,9,1,337,14,500,149,164,173
11,CARAS-SEVERIN,321,0,"SC CECF SA Timisoara, Santierul Liborajdea",SICHEVITA,53853,C,3,176,168,8,55,47,8,0,55,0,200,145,11,44
11,CARAS-SEVERIN,322,0,Caminul Cultural Slatina Timis,SLATINA-TIMIS,54056,C,3,1553,1477,76,892,801,76,15,882,10,1500,608,388,494
11,CARAS-SEVERIN,323,0,Scoala cu clasele I-VIII Ilova,SLATINA-TIMIS,54056,C,3,678,665,13,438,425,13,0,434,4,700,262,174,260
11,CARAS-SEVERIN,324,0,Scoala cu clasele I-IV Sadova Veche,SLATINA-TIMIS,54056,C,3,512,501,11,250,233,11,6,248,2,600,350,118,130
11,CARAS-SEVERIN,325,0,Scoala generala Socol,SOCOL,54109,C,3,693,650,43,297,254,43,0,289,8,700,403,184,105
11,CARAS-SEVERIN,326,0,Caminul Cultural Bazias,SOCOL,54109,C,3,68,56,12,45,33,12,0,45,0,100,55,24,21
11,CARAS-SEVERIN,327,0,Scoala primara Cimpia,SOCOL,54109,C,3,483,472,11,222,211,11,0,219,3,500,278,139,80
11,CARAS-SEVERIN,328,0,Scoala primara Zlatita,SOCOL,54109,C,3,610,593,17,341,324,17,0,334,7,600,259,217,117
11,CARAS-SEVERIN,329,0,Caminul Cultural Sopotu Nou,SOPOTU NOU,54163,C,3,366,366,0,204,195,0,9,201,3,400,196,96,105
11,CARAS-SEVERIN,330,0,Caminul Cultural Ravensca,SOPOTU NOU,54163,C,3,150,144,6,67,61,6,0,67,0,200,133,48,19
11,CARAS-SEVERIN,331,0,Scoala cu clasele I-IV Rachita,SOPOTU NOU,54163,C,3,136,129,7,59,52,7,0,57,2,100,41,40,17
11,CARAS-SEVERIN,332,0,Scoala cu clasele I-IV Valea Rosie,SOPOTU NOU,54163,C,3,227,220,7,138,130,7,1,132,6,200,62,81,51
11,CARAS-SEVERIN,333,0,Scoala Stancilova de Jos,SOPOTU NOU,54163,C,3,155,143,12,67,55,12,0,67,0,200,133,40,27
11,CARAS-SEVERIN,334,0,Caminul Cultural Stancilova de Sus,SOPOTU NOU,54163,C,3,158,136,22,91,69,22,0,91,0,200,109,47,44
11,CARAS-SEVERIN,335,0,Scoala generala Teregova,TEREGOVA,54270,C,3,1273,1249,24,934,849,24,61,925,9,1300,366,645,280
11,CARAS-SEVERIN,336,0,Caminul Cultural Teregova,TEREGOVA,54270,C,3,1272,1234,38,919,853,38,28,917,2,1300,381,533,384
11,CARAS-SEVERIN,337,0,Scoala generala Rusca,TEREGOVA,54270,C,3,1030,1017,13,814,652,13,149,804,10,1100,286,474,330
11,CARAS-SEVERIN,338,0,Caminul Cultural Ticvaniu Mare,TICVANIU MARE,54305,C,3,621,609,12,286,272,12,2,278,8,700,414,183,95
11,CARAS-SEVERIN,339,0,Scoala generala Ticvaniu Mic,TICVANIU MARE,54305,C,3,272,260,12,156,143,12,1,155,1,300,144,52,103
11,CARAS-SEVERIN,340,0,Scoala generala Cirnecea,TICVANIU MARE,54305,C,3,289,281,8,143,135,8,0,140,3,300,157,85,55
11,CARAS-SEVERIN,341,0,Scoala generala Secaseni,TICVANIU MARE,54305,C,3,248,241,7,136,129,7,0,132,4,300,164,82,50
11,CARAS-SEVERIN,342,0,Scoala cu clasele I-VIII Tirnova,TARNOVA,54350,C,3,1521,1506,15,736,719,15,2,732,4,1600,864,279,453
11,CARAS-SEVERIN,343,0,Camin Cultural Toplet,TOPLET,54387,C,3,1136,1103,33,735,701,33,1,733,2,1200,465,396,337
11,CARAS-SEVERIN,344,0,Scoala generala Birza,TOPLET,54387,C,3,1267,1159,108,681,573,108,0,678,3,1200,519,310,368
11,CARAS-SEVERIN,345,0,Caminul Cultural Turnu Ruieni,TURNU RUIENI,54412,C,3,723,714,9,394,385,9,0,392,2,800,406,154,238
11,CARAS-SEVERIN,346,0,"Caminul Cultural Borlova, sala anexa",TURNU RUIENI,54412,C,3,1070,1063,7,593,586,7,0,589,4,1100,507,280,309
11,CARAS-SEVERIN,347,0,Caminul Cultural Zervesti,TURNU RUIENI,54412,C,3,416,410,6,274,268,6,0,271,3,500,226,161,110
11,CARAS-SEVERIN,348,0,Caminul Cultural Zlagna,TURNU RUIENI,54412,C,3,295,275,20,215,195,20,0,213,2,300,85,109,104
11,CARAS-SEVERIN,349,0,Caminul Cultural Dalci,TURNU RUIENI,54412,C,3,254,251,3,149,146,3,0,148,1,300,151,52,96
11,CARAS-SEVERIN,350,0,"Scoala generala Valiug, nr.35",VALIUG,54485,C,3,731,719,12,447,368,12,67,441,6,800,353,193,248
11,CARAS-SEVERIN,351,0,Gradinita de copii Varadia,VARADIA,54500,C,3,701,689,12,444,416,12,16,431,13,700,256,307,124
11,CARAS-SEVERIN,352,0,Fostul sediu CAP Mercina,VARADIA,54500,C,3,454,444,10,278,266,10,2,276,2,500,222,165,111
11,CARAS-SEVERIN,353,0,Caminul Cultural Vermes,VERMES,54537,C,3,932,926,6,428,422,6,0,426,2,1000,572,194,232
11,CARAS-SEVERIN,354,0,Scoala primara Izgar,VERMES,54537,C,3,299,284,15,164,149,15,0,164,0,300,136,99,65
11,CARAS-SEVERIN,355,0,Scoala primara Ersig,VERMES,54537,C,3,256,240,16,150,133,16,1,141,9,300,150,74,67
11,CARAS-SEVERIN,356,0,Caminul Cultural Vrani,VRANI,54573,C,3,707,700,7,415,376,7,32,405,10,700,285,203,202
11,CARAS-SEVERIN,357,0,Scoala cu clasele I-IV Ciortea,VRANI,54573,C,3,153,137,16,108,90,16,2,107,1,200,92,58,49
11,CARAS-SEVERIN,358,0,Caminul Cultural Zavoi,ZAVOI,54617,C,3,1449,1417,32,996,814,32,150,981,15,1500,504,450,531
11,CARAS-SEVERIN,359,0,Caminul Cultural Voislova,ZAVOI,54617,C,3,474,470,4,333,329,4,0,331,2,500,167,170,161
11,CARAS-SEVERIN,360,0,Caminul Cultural Magura,ZAVOI,54617,C,3,414,402,12,273,261,12,0,270,3,400,127,126,144
11,CARAS-SEVERIN,361,0,Caminul Cultural Maru,ZAVOI,54617,C,3,894,814,80,540,460,80,0,531,9,900,360,262,269
11,CARAS-SEVERIN,362,0,Casa Primariei Poiana Marului,ZAVOI,54617,C,3,54,44,10,32,22,10,0,32,0,100,68,17,15
11,CARAS-SEVERIN,363,0,Scoala cu clasele I-VIII Zorlentu Mare,ZORLENTU MARE,54699,C,3,655,650,5,247,227,5,15,242,5,700,453,112,130
11,CARAS-SEVERIN,364,0,Scoala generala Zorlencior,ZORLENTU MARE,54699,C,3,110,97,13,87,74,13,0,80,7,100,13,56,24
12,CALARASI,1,0,"Gimnaziul CAROL I (fosta Scoala generala nr. 1), str. Bucuresti, nr. 159",MUNICIPIUL CALARASI,92569,M,1,1215,1193,22,772,750,22,0,763,9,1300,528,313,450
12,CALARASI,2,0,"Gimnaziul CAROL I (fosta Scoala generala nr. 1)  str.  Bucuresti, nr. 159",MUNICIPIUL CALARASI,92569,M,1,1199,1176,23,752,725,23,4,749,3,1300,548,269,480
12,CALARASI,3,0,"Gimnaziul CAROL I (fosta Scoala gen. nr. 4, corp E.Topescu),str.Bucuresti, nr.72",MUNICIPIUL CALARASI,92569,M,1,2161,2113,48,1290,1241,48,1,1287,3,2300,1010,422,865
12,CALARASI,4,0,"Colegiul National Barbu Stirbei, str.  Eroilor, nr. 36",MUNICIPIUL CALARASI,92569,M,1,1305,1292,13,1274,796,13,465,1258,10,1398,130,424,834
12,CALARASI,5,0,"Colegiul National Barbu Stirbei, str.  Eroilor, nr. 36",MUNICIPIUL CALARASI,92569,M,1,1094,1077,17,613,596,17,0,612,1,1200,587,261,351
12,CALARASI,6,0,"Gradinita cu program normal nr. 5 (langa Restaurantul Clasic),str.Grivita, nr.98",MUNICIPIUL CALARASI,92569,M,1,1511,1483,28,795,766,28,1,791,4,1600,805,329,462
12,CALARASI,7,0,"Gradinita cu program normal nr.4 Casuta din povesti, str. Stadionului, nr. 27",MUNICIPIUL CALARASI,92569,M,1,1775,1748,27,1042,1015,27,0,1033,9,1900,858,502,531
12,CALARASI,8,0,"Gradinita cu program prelungit nr.4 (Micro 6), str. Aleea Centralei",MUNICIPIUL CALARASI,92569,M,1,1874,1795,79,1164,1084,79,1,1144,20,2000,836,497,647
12,CALARASI,9,0,"Grupul Scolar Agricol Sandu Aldea, str. Prel. Bucuresti, nr. 10",MUNICIPIUL CALARASI,92569,M,1,2306,2206,100,1246,1146,100,0,1231,15,2400,1154,508,723
12,CALARASI,10,0,"Grupul Scolar Agricol Sandu Aldea, str. Prel. Bucuresti, nr. 10",MUNICIPIUL CALARASI,92569,M,1,1331,1305,26,690,664,26,0,684,6,1504,814,235,449
12,CALARASI,11,0,"Liceul Teoretic Mihai Eminescu, str. Prel. Bucuresti, nr. 14",MUNICIPIUL CALARASI,92569,M,1,2534,2450,84,1339,1255,84,0,1333,6,2600,1261,497,836
12,CALARASI,12,0,"Liceul Teoretic Mihai Eminescu, str. Prel. Bucuresti, nr. 14",MUNICIPIUL CALARASI,92569,M,1,1488,1454,34,829,794,34,1,823,6,1600,771,295,528
12,CALARASI,13,0,"Scoala cu clasele I-VIII Mihai Viteazul , str. Prel. Bucuresti, nr. 12",MUNICIPIUL CALARASI,92569,M,1,2723,2677,46,1362,1316,46,0,1354,8,3000,1638,501,853
12,CALARASI,14,0,"Scoala cu clasele I-VIII Mihai Viteazul , str. Prel. Bucuresti, nr. 12",MUNICIPIUL CALARASI,92569,M,1,2330,2278,52,1230,1177,52,1,1222,8,2500,1270,468,754
12,CALARASI,15,0,"Sala de Sport de la Scoala cu clasele I-VIII N.Titulescu,b-dul N.Titulescu, nr.3",MUNICIPIUL CALARASI,92569,M,1,1646,1621,25,863,836,25,2,860,3,1803,940,343,517
12,CALARASI,16,0,"Gradinita cu program prelungit nr. 1, str. Dunarii, nr. 1",MUNICIPIUL CALARASI,92569,M,1,1827,1763,64,1000,935,64,1,997,3,2004,1004,364,633
12,CALARASI,17,0,"Gradinita cu program prelungit nr. 2 zona Nord, str.Baraganului(langa 10 Nivele)",MUNICIPIUL CALARASI,92569,M,1,2073,2049,24,1091,1067,24,0,1078,13,2300,1209,467,611
12,CALARASI,18,0,"Grupul Scolar Danubius, str. Stirbei Voda, nr. 1",MUNICIPIUL CALARASI,92569,M,1,3053,2994,59,1388,1329,59,0,1369,19,3300,1912,511,858
12,CALARASI,19,0,"Grupul Scolar Danubius, str. Stirbei Voda, nr. 1",MUNICIPIUL CALARASI,92569,M,1,1693,1653,40,819,779,40,0,809,10,1800,981,371,438
12,CALARASI,20,0,"Cresa Saptamanala cu 100 de locuri, str. Aleea Musetelului",MUNICIPIUL CALARASI,92569,M,1,2129,2094,35,942,907,35,0,931,11,2300,1358,401,530
12,CALARASI,21,0,"Scoala cu clasele I-VIII Tudor Vladimirescu, str. Macului",MUNICIPIUL CALARASI,92569,M,1,2572,2545,27,1424,1394,27,3,1414,10,2808,1384,472,942
12,CALARASI,22,0,"Scoala cu clasele I-VIII Tudor Vladimirescu, str. Macului",MUNICIPIUL CALARASI,92569,M,1,2524,2486,38,1372,1333,38,1,1366,6,2701,1329,498,868
12,CALARASI,23,0,"Noua Sala de Sport de la Scoala nr. 12, str. Prel. Bucuresti, nr. 133",MUNICIPIUL CALARASI,92569,M,1,2418,2377,41,1322,1281,41,0,1309,13,2600,1278,482,827
12,CALARASI,24,0,"Scoala cu clasele I-VIII, Mircea Voda , str. Prel. Bucuresti, nr. 189",MUNICIPIUL CALARASI,92569,M,1,2483,2453,30,1343,1313,30,0,1319,24,2700,1357,484,835
12,CALARASI,25,0,"Scoala cu clasele I-VIII, Mircea Voda , str. Prel. Bucuresti, nr. 189",MUNICIPIUL CALARASI,92569,M,1,2135,2110,25,1070,1045,25,0,1050,20,2300,1230,483,567
12,CALARASI,26,0,"Scoala cu clasele I-VIII, Mircea Voda - anexa, str. Crangului, nr. 20",MUNICIPIUL CALARASI,92569,M,1,1448,1412,36,833,794,36,3,823,10,1600,767,408,415
12,CALARASI,27,0,"Scoala cu clasele I-VIII, Mircea Voda - anexa, str. Crangului, nr. 20",MUNICIPIUL CALARASI,92569,M,1,1015,990,25,550,525,25,0,539,11,1100,550,266,273
12,CALARASI,28,0,"Gradinita cu program prelungit nr. 5, str. Bucuresti, nr. 227, langa Judecatorie",MUNICIPIUL CALARASI,92569,M,1,1253,1223,30,694,661,30,3,694,0,1400,706,279,415
12,CALARASI,29,0,"Colegiul Economic-Sediul B (fosta Scoala  nr. 2), str. Grivita, nr. 188",MUNICIPIUL CALARASI,92569,M,1,1253,1224,29,747,718,29,0,737,10,1402,655,359,378
12,CALARASI,30,0,"Grupul Scolar de Transporturi Auto, str. Sloboziei, nr. 2",MUNICIPIUL CALARASI,92569,M,1,1253,1205,48,688,640,48,0,672,16,1300,612,326,346
12,CALARASI,31,0,"Scoala cu clasele I-VIII Constantin Brancoveanu, str. Grivita, nr. 343",MUNICIPIUL CALARASI,92569,M,1,1204,1172,32,723,691,32,0,709,14,1300,577,325,384
12,CALARASI,32,0,"Scoala cu clasele I-VIII Constantin Brancoveanu, str. Grivita, nr. 343",MUNICIPIUL CALARASI,92569,M,1,2331,2286,45,1283,1238,45,0,1268,15,2500,1217,581,687
12,CALARASI,33,0,"Scoala cu clasele I-VIII Pompei Samarian , str. Prel. Independentei, nr. 20",MUNICIPIUL CALARASI,92569,M,1,1112,1094,18,630,611,18,1,623,7,1199,569,266,357
12,CALARASI,34,0,"Gradinita cu program normal nr. 6, str. Prel.  Independentei, nr. 20",MUNICIPIUL CALARASI,92569,M,1,1123,1090,33,621,587,33,1,614,7,1200,579,272,342
12,CALARASI,35,0,"Grupul Scolar Danubius - Sala de sport, str. Stirbei Voda, nr. 1",MUNICIPIUL CALARASI,92569,M,1,1088,1054,34,512,478,34,0,496,16,1201,689,317,179
12,CALARASI,36,0,"Administratia Pietelor- Oborul Duminical , str. Prel. Dobrogei",MUNICIPIUL CALARASI,92569,M,1,429,403,26,265,239,26,0,260,5,500,235,146,114
12,CALARASI,37,0,"Colegiul Economic, str. 1 Decembrie 1918, nr. 98",MUNICIPIUL CALARASI,92569,M,1,1813,1750,63,1143,1076,63,4,1137,6,2000,857,495,642
12,CALARASI,38,1,"Spitalul Judetean Calarasi, str. Eroilor, nr. 1",MUNICIPIUL CALARASI,92569,M,1,11,0,11,420,0,11,409,410,10,798,378,168,242
12,CALARASI,39,1,"Sectia de Jandarmi, Ordine Publica Calarasi, str. Plevna, nr. 243",MUNICIPIUL CALARASI,92569,M,1,11,0,11,133,0,11,122,132,1,200,67,51,81
12,CALARASI,40,0,"Scoala cu clasele I-VIII nr. 5, str. M. Eminescu, nr. 17",MUNICIPIUL OLTENITA,100610,M,1,2120,2088,32,1207,1169,32,6,1178,29,2300,1093,800,378
12,CALARASI,41,0,"Cantina de ajutor social, str. Traian, nr. 16",MUNICIPIUL OLTENITA,100610,M,1,1353,1338,15,785,769,15,1,780,5,1500,715,490,290
12,CALARASI,42,0,"Scoala cu clasele I-VIII nr. 2- local nr. 1- str. Argesului, nr. 10",MUNICIPIUL OLTENITA,100610,M,1,1389,1377,12,645,633,12,0,638,7,1500,855,398,240
12,CALARASI,43,0,"Scoala cu clasele I-VIII nr. 2- local nr. 2- str. Argesului, nr. 12",MUNICIPIUL OLTENITA,100610,M,1,1437,1420,17,709,687,17,5,705,4,1607,898,396,309
12,CALARASI,44,0,"Clubul SC Navol SA, str. Argesului, nr. 76",MUNICIPIUL OLTENITA,100610,M,1,1941,1912,29,1045,1015,29,1,1043,2,2100,1055,585,458
12,CALARASI,45,0,"Primaria municipiului Oltenita, b-dul Republicii, nr. 40",MUNICIPIUL OLTENITA,100610,M,1,2067,2041,26,1486,1106,26,354,1475,11,2300,814,751,724
12,CALARASI,46,0,"Scoala cu clasele I-VIII nr. 1, str. Mihai Eminescu, nr. 23",MUNICIPIUL OLTENITA,100610,M,1,1871,1819,52,1083,972,52,59,1066,17,2000,917,654,412
12,CALARASI,47,0,"Liceul Neagoe Basarab, b-dul Tineretului, nr. 157",MUNICIPIUL OLTENITA,100610,M,1,2089,2061,28,1183,1123,28,32,1177,6,2300,1117,709,468
12,CALARASI,48,0,"Scoala cu clasele I-VIII nr. 6, b-dul Marasesti, nr. 21 C",MUNICIPIUL OLTENITA,100610,M,1,1685,1606,79,867,788,79,0,855,12,1800,933,552,303
12,CALARASI,49,0,"Gradinita nr. 4, b-dul Marasesti, nr. 28",MUNICIPIUL OLTENITA,100610,M,1,1666,1646,20,786,763,20,3,780,6,1910,1124,458,322
12,CALARASI,50,0,"Scoala cu clasele I-VIII- nr. 2 - local nr. 3 - str. C. Voda, nr. 36",MUNICIPIUL OLTENITA,100610,M,1,2172,2150,22,1057,1034,22,1,1048,9,2400,1343,655,393
12,CALARASI,51,0,"Scoala cu clasele I-VIII -  nr. 4 str. Razboieni, nr. 9",MUNICIPIUL OLTENITA,100610,M,1,2178,2152,26,946,920,26,0,928,18,2400,1454,670,258
12,CALARASI,52,0,"Scoala cu clasele I-VIII nr. 3, b-dul 22 Decembrie, nr. 76",MUNICIPIUL OLTENITA,100610,M,1,1337,1321,16,731,715,16,0,728,3,1500,769,464,264
12,CALARASI,53,0,"Gradinita nr. 2 (local vechi - sc. 3) , str. Spiru Haret, nr. 1",MUNICIPIUL OLTENITA,100610,M,1,1703,1688,15,946,931,15,0,936,10,1900,954,629,307
12,CALARASI,54,0,"Scoala  Generala nr. 1, Budesti",ORAS BUDESTI,101458,O,1,1874,1833,41,916,862,41,13,905,11,2000,1084,670,235
12,CALARASI,55,0,"Scoala Generala nr. 1, Budesti",ORAS BUDESTI,101458,O,1,1814,1767,47,846,799,47,0,835,11,2000,1154,640,195
12,CALARASI,56,0,Scoala  Generala  Aprozi,ORAS BUDESTI,101458,O,1,885,838,47,523,476,47,0,508,15,1000,477,370,138
12,CALARASI,57,0,Scoala Generala Buciumeni,ORAS BUDESTI,101458,O,1,351,314,37,249,212,37,0,247,2,500,251,210,37
12,CALARASI,58,0,Scoala Generala Gruiu,ORAS BUDESTI,101458,O,1,853,822,31,454,423,31,0,444,10,800,346,294,150
12,CALARASI,59,0,"Scoala Generala nr. 1, Crivat",ORAS BUDESTI,101458,O,1,968,934,34,465,431,34,0,462,3,1100,635,282,180
12,CALARASI,60,0,"Scoala Generala nr. 1, Crivat",ORAS BUDESTI,101458,O,1,1015,995,20,504,484,20,0,498,6,1100,596,269,229
12,CALARASI,61,0,I.C.D.A. Fundulea,ORAS FUNDULEA,103032,O,1,1035,1006,29,601,454,29,118,595,6,1104,503,270,325
12,CALARASI,62,0,Gradinita Fundulea,ORAS FUNDULEA,103032,O,1,1256,1187,69,619,546,69,4,615,4,1303,684,381,234
12,CALARASI,63,0,Scoala Generala Fundulea,ORAS FUNDULEA,103032,O,1,1337,1316,21,580,552,21,7,576,4,1499,919,302,274
12,CALARASI,64,0,Scoala Generala  Crangu - Fundulea,ORAS FUNDULEA,103032,O,1,1130,1072,58,585,527,58,0,574,11,1202,617,376,198
12,CALARASI,65,0,Scoala Generala sat Gostilele,ORAS FUNDULEA,103032,O,1,519,426,93,337,238,93,6,328,9,500,163,232,96
12,CALARASI,66,0,Sala  de sedinte a primariei Lehliu Gara,ORAS LEHLIU GARA,93888,O,1,1796,1785,11,957,898,11,48,953,4,2000,1043,476,477
12,CALARASI,67,0,Sala Casei de Cultura,ORAS LEHLIU GARA,93888,O,1,1492,1461,31,1036,812,31,193,1028,8,1600,564,399,629
12,CALARASI,68,0,Scoala Generala sat  Razvani,ORAS LEHLIU GARA,93888,O,1,1772,1757,15,900,881,15,4,871,29,1905,1005,571,300
12,CALARASI,69,0,Scoala Generala  sat  Buzoieni,ORAS LEHLIU GARA,93888,O,1,416,406,10,257,243,10,4,244,13,500,243,138,106
12,CALARASI,70,0,Scoala Generala sat Nicolae Balcescu,ALEXANDRU ODOBESCU,94125,C,3,1093,1056,37,627,589,37,1,615,12,1200,573,380,235
12,CALARASI,71,0,Scoala Generala sat Al. Odobescu,ALEXANDRU ODOBESCU,94125,C,3,933,905,28,538,509,28,1,528,10,1000,462,228,300
12,CALARASI,72,0,Scoala Generala sat Galatui,ALEXANDRU ODOBESCU,94125,C,3,318,292,26,224,197,26,1,218,6,302,78,118,100
12,CALARASI,73,0,Scoala Generala Belciugatele,BELCIUGATELE,101083,C,3,1144,1135,9,504,494,9,1,485,19,1305,801,302,183
12,CALARASI,74,0,Scoala  Generala Mariuta,BELCIUGATELE,101083,C,3,497,486,11,238,227,11,0,233,5,502,264,173,60
12,CALARASI,75,0,Scoala  Generala nr. 3 Pietroiu,BORCEA,92961,C,3,2281,2174,107,1049,942,107,0,1027,22,2400,1351,565,462
12,CALARASI,76,0,Clubul Elevilor,BORCEA,92961,C,3,1413,1328,85,712,627,85,0,699,13,1500,788,401,298
12,CALARASI,77,0,Scoala Generala nr. 1 Borcea,BORCEA,92961,C,3,1812,1731,81,970,883,81,6,957,13,1900,930,530,427
12,CALARASI,78,0,Scoala  Generala nr. 2 Borcea,BORCEA,92961,C,3,2022,1909,113,899,786,113,0,884,15,2100,1201,470,414
12,CALARASI,79,1,Casa Armatei U.M. 1912 Baraganu - Fetesti,BORCEA,92961,C,3,9,0,9,70,0,9,61,67,3,200,130,25,42
12,CALARASI,80,0,Caminul Cultural Casciorele,CASCIOARELE,101724,C,3,1820,1802,18,816,798,18,0,808,8,2000,1184,236,572
12,CALARASI,81,0,"Scoala  Generala nr. 1, sat Chirnogi",CHIRNOGI,101804,C,3,1957,1943,14,746,732,14,0,729,17,2200,1454,340,389
12,CALARASI,82,0,"Scoala Generala nr. 2, sat Chirnogi",CHIRNOGI,101804,C,3,2178,2167,11,1004,991,11,2,989,15,2400,1396,477,512
12,CALARASI,83,0,"Scoala Generala nr. 3, sat Chirnogi",CHIRNOGI,101804,C,3,2246,2234,12,986,969,12,5,972,14,2500,1514,555,417
12,CALARASI,84,0,Scoala Generala Chiselet,CHISELET,101822,C,3,2193,2170,23,842,819,23,0,819,23,2400,1558,567,252
12,CALARASI,85,0,Scoala Generala Surlari,CHISELET,101822,C,3,715,643,72,395,323,72,0,384,11,700,305,246,138
12,CALARASI,86,0,"Scoala  Generala Smardan, Ciocanesti",CIOCANESTI,93085,C,3,951,889,62,520,458,62,0,513,7,1000,480,260,253
12,CALARASI,87,0,"Scoala Generala Margineni, Ciocanesti",CIOCANESTI,93085,C,3,962,910,52,444,392,52,0,443,1,995,551,282,161
12,CALARASI,88,0,"Gradinita de copii nr. 1 Centru, Ciocanesti",CIOCANESTI,93085,C,3,1120,1036,84,673,589,84,0,662,11,1100,427,440,222
12,CALARASI,89,0,"Scoala Generala  Andolina, Ciocanesti",CIOCANESTI,93085,C,3,990,929,61,568,459,61,48,558,10,1000,432,337,221
12,CALARASI,90,0,"Scoala Generala nr. 1, corpul A, Curcani",CURCANI,102419,C,3,1309,1299,10,576,562,10,4,565,11,1400,824,395,170
12,CALARASI,91,0,"Scoala Generala nr. 1, corpul B, Curcani",CURCANI,102419,C,3,1301,1288,13,531,518,13,0,525,6,1400,869,428,97
12,CALARASI,92,0,"Scoala Generala nr. 1, corpul C, Curcani",CURCANI,102419,C,3,1400,1379,21,624,595,21,8,618,6,1603,979,468,150
12,CALARASI,93,0,Scoala veche Ceacu,CUZA VODA,93281,C,3,1139,1122,17,611,594,17,0,598,13,1200,589,371,227
12,CALARASI,94,0,Scoala veche Cuza Voda,CUZA VODA,93281,C,3,1579,1547,32,779,745,32,2,762,17,1700,921,512,250
12,CALARASI,95,0,Scoala Calarasii Vechi,CUZA VODA,93281,C,3,579,547,32,342,310,32,0,335,7,600,258,234,101
12,CALARASI,96,0,Scoala Generala cu clasele I-VIII Dichiseni,DICHISENI,93325,C,3,1476,1453,23,839,813,23,3,829,10,1609,770,377,452
12,CALARASI,97,0,"Scoala nr. 2, sat Dor Marunt - Gara",DOR MARUNT,93370,C,3,1832,1700,132,939,791,132,16,926,13,1900,961,556,370
12,CALARASI,98,0,Scoala nr. 1 sat Dor Marunt,DOR MARUNT,93370,C,3,1287,1213,74,612,517,74,21,600,12,1400,788,416,184
12,CALARASI,99,0,Gradinita sat Ogoru,DOR MARUNT,93370,C,3,298,277,21,212,191,21,0,211,1,402,190,172,39
12,CALARASI,100,0,Scoala Infratirea,DOR MARUNT,93370,C,3,324,290,34,197,163,34,0,194,3,400,203,139,55
12,CALARASI,101,0,Scoala Pelinu,DOR MARUNT,93370,C,3,159,143,16,61,45,16,0,60,1,201,140,44,16
12,CALARASI,102,0,Scoala nr. 3 Sat Dalga Gara,DOR MARUNT,93370,C,3,894,894,0,582,453,0,129,568,14,1005,423,378,190
12,CALARASI,103,0,Scoala sat Dalga - Sat,DOR MARUNT,93370,C,3,625,536,89,323,234,89,0,323,0,603,280,160,163
12,CALARASI,104,0,Scoala Generala Dorobantu,DOROBANTU,93441,C,3,1446,1386,60,740,680,60,0,728,12,1500,760,425,303
12,CALARASI,105,0,Scoala Generala Varasti,DOROBANTU,93441,C,3,888,844,44,477,433,44,0,467,10,905,428,286,181
12,CALARASI,106,0,Scoala Generala Bosneagu,DOROBANTU,93441,C,3,431,390,41,262,221,41,0,258,4,400,138,172,86
12,CALARASI,107,0,Scoala Generala Dragalina,DRAGALINA,93487,C,3,1640,1592,48,679,631,48,0,667,12,1800,1121,422,245
12,CALARASI,108,0,Scoala Generala Dragalina,DRAGALINA,93487,C,3,1248,1197,51,570,518,51,1,559,11,1300,730,348,211
12,CALARASI,109,0,Scoala Generala Dragalina,DRAGALINA,93487,C,3,1088,1037,51,502,451,51,0,492,10,1200,698,329,163
12,CALARASI,110,0,Gradinita Dragalina,DRAGALINA,93487,C,3,896,812,84,502,376,84,42,492,10,905,403,288,204
12,CALARASI,111,0,Scoala Generala Drajna,DRAGALINA,93487,C,3,1073,1018,55,623,568,55,0,618,5,1100,477,338,280
12,CALARASI,112,0,Scoala Generala C-tin. Brancoveanu,DRAGALINA,93487,C,3,836,794,42,483,441,42,0,471,12,900,417,264,207
12,CALARASI,113,0,"Scoala Generala cu clasele I-VIII, satul Dragos Voda",DRAGOS VODA,93539,C,3,1957,1943,14,966,948,14,4,955,11,2100,1134,531,424
12,CALARASI,114,0,"Scoala Generala cu clasele I-IV, satul Socoalele",DRAGOS VODA,93539,C,3,235,225,10,121,111,10,0,119,2,300,179,83,36
12,CALARASI,115,0,Scoala Generala Frasinet,FRASINET,102838,C,3,979,968,11,481,465,11,5,479,2,1100,619,328,151
12,CALARASI,116,0,Scoala Generala Luptatori,FRASINET,102838,C,3,613,602,11,305,286,11,8,294,11,708,403,243,51
12,CALARASI,117,0,Scoala Generala Pasarea,FRUMUSANI,102945,C,3,587,521,66,369,300,66,3,366,3,600,231,112,254
12,CALARASI,118,0,Scoala Generala Frumusani,FRUMUSANI,102945,C,3,1840,1765,75,705,628,75,2,694,11,1907,1202,322,372
12,CALARASI,119,0,Scoala Generala Padurisu,FRUMUSANI,102945,C,3,385,280,105,204,97,105,2,202,2,300,96,71,131
12,CALARASI,120,0,Scoala Generala Orasti,FRUMUSANI,102945,C,3,1028,979,49,342,293,49,0,333,9,1100,758,170,163
12,CALARASI,121,0,Scoala Generala   nr. 3 Fundeni,FUNDENI,103014,C,3,1473,1437,36,658,618,36,4,629,29,1611,953,310,319
12,CALARASI,122,0,Scoala Generala nr. 1 Fundeni,FUNDENI,103014,C,3,1477,1354,123,754,627,123,4,745,9,1512,758,307,438
12,CALARASI,123,0,Scoala Generala nr. 2 Fundeni,FUNDENI,103014,C,3,1220,1128,92,710,612,92,6,701,9,1200,490,305,396
12,CALARASI,124,0,Scoala Generala Gradistea,GRADISTEA,93664,C,3,1813,1772,41,1020,979,41,0,1010,10,2000,980,588,422
12,CALARASI,125,0,Scoala Generala Cunesti,GRADISTEA,93664,C,3,726,705,21,457,436,21,0,453,4,800,343,262,191
12,CALARASI,126,0,Scoala Generala Rasa,GRADISTEA,93664,C,3,1101,1064,37,589,549,37,3,583,6,1200,611,321,262
12,CALARASI,127,0,Scoala Generala Bogata,GRADISTEA,93664,C,3,475,462,13,372,260,13,99,365,7,500,128,206,159
12,CALARASI,128,0, Scoala Generala cu clasele I-VIII Gurbanesti,GURBANESTI,103568,C,3,657,652,5,318,305,5,8,310,8,700,382,167,143
12,CALARASI,129,0,Scoala  Generala  cu clasele I-IV Cotofanca,GURBANESTI,103568,C,3,366,356,10,200,189,10,1,194,6,400,200,114,80
12,CALARASI,130,0,Scoala Generala cu clasele I-IV Valea Presnei,GURBANESTI,103568,C,3,212,202,10,134,124,10,0,133,1,300,166,73,60
12,CALARASI,131,0,Caminul Cultural Ileana,ILEANA,103764,C,3,965,914,51,461,410,51,0,459,2,1000,539,274,185
12,CALARASI,132,0,Scoala Generala Florica,ILEANA,103764,C,3,628,586,42,324,282,42,0,317,7,702,378,227,90
12,CALARASI,133,0,Caminul Cultural Stefanesti,ILEANA,103764,C,3,729,699,30,350,320,30,0,342,8,800,450,218,124
12,CALARASI,134,0,Scoala Generala  Artari,ILEANA,103764,C,3,654,617,37,331,294,37,0,322,9,700,369,248,74
12,CALARASI,135,0,Gradinita de copii satul Independenta,INDEPENDENTA,93771,C,3,1927,1908,19,1014,992,19,3,1002,12,2100,1086,695,307
12,CALARASI,136,0,Scoala Generala  satul Potcoava,INDEPENDENTA,93771,C,3,727,670,57,451,394,57,0,443,8,700,249,336,107
12,CALARASI,137,0,Gradinita de copii satul Visinii,INDEPENDENTA,93771,C,3,433,376,57,266,209,57,0,262,4,400,134,159,103
12,CALARASI,138,0,Scoala Generala  cu clasele I-VIII Jegalia,JEGALIA,93815,C,3,1821,1787,34,1019,984,34,1,1009,10,2000,981,621,388
12,CALARASI,139,0,Scoala Generala  cu clasele I-VIII Galdau,JEGALIA,93815,C,3,1201,1182,19,658,637,19,2,647,11,1301,643,410,237
12,CALARASI,140,0,Scoala Generala  cu clasele I-IV Iezeru,JEGALIA,93815,C,3,759,748,11,444,433,11,0,436,8,799,355,308,128
12,CALARASI,141,0,Caminul Cultural Lehliu,LEHLIU,93851,C,3,1443,1402,41,727,686,41,0,719,8,1603,876,482,237
12,CALARASI,142,0,Scoala Generala Sapunari,LEHLIU,93851,C,3,799,788,11,380,369,11,0,373,7,900,520,239,134
12,CALARASI,143,0,Scoala Generala  cu clasele I-VIII Luica,LUICA,104083,C,3,1378,1358,20,637,616,20,1,620,17,1500,863,454,166
12,CALARASI,144,0,Scoala Generala  cu clasele I-IV  Valea Stanii,LUICA,104083,C,3,505,476,29,251,222,29,0,242,9,500,249,178,64
12,CALARASI,145,0,Scoala Generala  Nucetu,LUPSANU,93931,C,3,575,541,34,355,321,34,0,344,11,600,245,260,84
12,CALARASI,146,0,Scoala Generala  Lupsanu,LUPSANU,93931,C,3,593,563,30,322,290,30,2,319,3,700,378,254,65
12,CALARASI,147,0,Scoala Generala  Radu Voda,LUPSANU,93931,C,3,1074,1046,28,587,559,28,0,579,8,1200,613,430,149
12,CALARASI,148,0,Scoala Generala  Plevna,LUPSANU,93931,C,3,658,646,12,311,298,12,1,304,7,702,391,231,73
12,CALARASI,149,0,Scoala Generala  nr. 1 Manastirea,MANASTIREA,104181,C,3,1383,1368,15,663,643,15,5,657,6,1500,837,395,262
12,CALARASI,150,0,Sediul fostului CAP Manastirea,MANASTIREA,104181,C,3,1662,1608,54,808,742,54,12,789,19,1800,992,493,296
12,CALARASI,151,0,Scoala Generala nr. 2 Coconi,MANASTIREA,104181,C,3,936,920,16,412,391,16,5,402,10,1000,588,277,125
12,CALARASI,152,0,Scoala Generala  nr. 3 Sultana,MANASTIREA,104181,C,3,988,928,60,579,519,60,0,561,18,1000,421,371,190
12,CALARASI,153,0,Scoala Generala nr. 1 Mitreni,MITRENI,100638,C,3,1412,1377,35,719,648,35,36,703,16,1500,781,415,288
12,CALARASI,154,0,Scoala Generala  nr. 2 Valea Rosie,MITRENI,100638,C,3,1940,1907,33,790,757,33,0,771,19,2100,1310,578,193
12,CALARASI,155,0,Scoala Generala  nr. 3 Clatesti,MITRENI,100638,C,3,559,541,18,273,255,18,0,261,12,600,327,185,76
12,CALARASI,156,0,Scoala Generala  nr. 1 Modelul (Cladire P+1),MODELU,92587,C,3,1733,1712,21,968,947,21,0,955,13,1902,934,496,459
12,CALARASI,157,0,Scoala Generala  nr. 1 Modelu ( Cladire parter),MODELU,92587,C,3,1707,1673,34,935,901,34,0,921,14,1800,865,516,405
12,CALARASI,158,0,Sala de nunti a comunei Modelu,MODELU,92587,C,3,1367,1329,38,741,703,38,0,721,20,1500,759,475,246
12,CALARASI,159,0,Scoala  Generala  nr. 2 Modelu,MODELU,92587,C,3,1551,1511,40,927,886,40,1,908,19,1700,773,513,395
12,CALARASI,160,0,Scoala  Generala  Tonea,MODELU,92587,C,3,1160,1124,36,498,462,36,0,492,6,1200,702,299,193
12,CALARASI,161,0,Scoala Generala  cu clasele I-VIII Nana,NANA,104323,C,3,1043,1037,6,526,518,6,2,517,9,1100,574,341,176
12,CALARASI,162,0,Scoala Generala  cu clasele I-VIII Nana,NANA,104323,C,3,1027,1017,10,521,511,10,0,511,10,1100,579,371,140
12,CALARASI,163,0,Caminul Cultural Sat Nicolae Balcescu,NICOLAE BALCESCU,104341,C,3,1005,983,22,495,468,22,5,484,11,1107,612,325,159
12,CALARASI,164,0,"Scoala Generala cu clasele I-IV, sat Fantana Doamnei",NICOLAE BALCESCU,104341,C,3,296,277,19,160,141,19,0,157,3,300,140,118,39
12,CALARASI,165,0,Scoala Generala  nr. 1 Perisoru,PERISORU,94223,C,3,1867,1833,34,802,768,34,0,793,9,2000,1198,458,335
12,CALARASI,166,0,Scoala Generala  nr. 1 Perisoru,PERISORU,94223,C,3,1342,1328,14,536,520,14,2,529,7,1500,964,314,215
12,CALARASI,167,0,Scoala Generala sat Tudor Vladimirescu,PERISORU,94223,C,3,662,637,25,289,264,25,0,285,4,700,411,175,110
12,CALARASI,168,0,Scoala Generala  Cartier PRODASEM,PERISORU,94223,C,3,164,138,26,97,71,26,0,97,0,200,103,61,36
12,CALARASI,169,1,U.M. 02445 Jegalia,PERISORU,94223,C,3,9,0,9,46,0,9,37,46,0,100,54,9,37
12,CALARASI,170,0,Primaria Plataresti,PLATARESTI,104635,C,3,1210,1192,18,498,480,18,0,494,4,1300,802,287,207
12,CALARASI,171,0,Scoala Generala  sat Dorobantu,PLATARESTI,104635,C,3,977,927,50,386,336,50,0,382,4,1000,614,290,92
12,CALARASI,172,0,Scoala Generala  sat Cucuieti,PLATARESTI,104635,C,3,501,475,26,218,191,26,1,215,3,500,282,156,59
12,CALARASI,173,0,Scoala Generala  sat Podu Pitarului,PLATARESTI,104635,C,3,407,378,29,211,182,29,0,209,2,400,189,157,52
12,CALARASI,174,0,Scoala noua sat Radovanu,RADOVANU,104751,C,3,1447,1386,61,573,510,61,2,566,7,1500,927,333,233
12,CALARASI,175,0,Scoala veche sat Radovanu,RADOVANU,104751,C,3,1149,1070,79,560,475,79,6,555,5,1200,640,289,266
12,CALARASI,176,0,Scoala Coadele sat Radovanu,RADOVANU,104751,C,3,1257,1185,72,584,509,72,3,579,5,1300,716,332,247
12,CALARASI,177,0,Scoala din satul Valea Popii,RADOVANU,104751,C,3,574,539,35,367,332,35,0,359,8,600,233,240,119
12,CALARASI,178,0,"Scoala  Generala sector 2, Roseti",ROSETI,94312,C,3,1493,1478,15,804,789,15,0,774,30,1600,796,594,180
12,CALARASI,179,0,"Scoala Generala centru, Roseti",ROSETI,94312,C,3,1395,1378,17,763,746,17,0,747,16,1500,737,401,346
12,CALARASI,180,0,"Scoala din deal, Roseti",ROSETI,94312,C,3,1590,1576,14,926,912,14,0,913,13,1800,874,481,432
12,CALARASI,181,0,Scoala  Generala  cu clasele I-IV sat Sarulesti Gara,SARULESTI,104886,C,3,1081,1050,31,589,558,31,0,581,8,1200,611,327,254
12,CALARASI,182,0,Scoala Generala  cu clasele I-IV sat Sandulita,SARULESTI,104886,C,3,515,508,7,203,196,7,0,197,6,597,394,109,88
12,CALARASI,183,0,Scoala  Generala  cu clasele I-IV sat Sarulesti,SARULESTI,104886,C,3,427,424,3,183,171,3,9,177,6,500,317,113,64
12,CALARASI,184,0,Scoala Generala  cu clasele I-IV sat Solacolu,SARULESTI,104886,C,3,213,185,28,128,100,28,0,126,2,200,72,95,31
12,CALARASI,185,0,Scoala Generala  cu clasele I-VIII Sohatu,SOHATU,105222,C,3,1703,1686,17,676,652,17,7,656,20,1902,1226,411,245
12,CALARASI,186,0,Scoala Generala cu clasele I-VIII Progresu,SOHATU,105222,C,3,1085,1054,31,485,454,31,0,464,21,1207,722,372,92
12,CALARASI,187,0,Scoala Generala  nr. 1 sat Spantov,SPANTOV,105259,C,3,980,899,81,465,384,81,0,454,11,1000,535,336,118
12,CALARASI,188,0,Scoala Generala  nr. 2 sat Stancea,SPANTOV,105259,C,3,1971,1961,10,752,739,10,3,740,12,2200,1448,544,196
12,CALARASI,189,0,Scoala Generala  nr. 3 sat Cetatea Veche,SPANTOV,105259,C,3,671,660,11,293,282,11,0,289,4,700,407,215,74
12,CALARASI,190,0,Scoala Generala  sat Soldanu,SOLDANU,105384,C,3,1826,1786,40,880,816,40,24,862,18,2000,1120,509,353
12,CALARASI,191,0,Scoala Generala sat  Negoiesti,SOLDANU,105384,C,3,786,782,4,416,382,4,30,406,10,900,482,258,148
12,CALARASI,192,0,Scoala Generala  cu clasele I-VIII Stefan cel Mare,STEFAN CEL MARE,94562,C,3,1285,1281,4,776,765,4,7,765,11,1400,624,515,250
12,CALARASI,193,0,Scoala Generala  cu clasele I-VIII Stefan cel Mare,STEFAN CEL MARE,94562,C,3,1291,1279,12,798,784,12,2,789,9,1402,604,495,294
12,CALARASI,194,0,"Scoala Generala  cu clasele I-VIII (cabinetul de istorie), Stefan Voda",STEFAN VODA,94580,C,3,1067,1039,28,631,600,28,3,622,9,1100,469,348,274
12,CALARASI,195,0,"Scoala Generala  cu clasele I-VIII (cabinetul de limba romana), Stefan Voda",STEFAN VODA,94580,C,3,847,831,16,454,438,16,0,448,6,900,446,252,196
12,CALARASI,196,0,Scoala Generala cu clasele I-VIII sat Tamadau Mare,TAMADAU MARE,105455,C,3,1152,1131,21,536,515,21,0,531,5,1308,772,310,221
12,CALARASI,197,0,Scoala Generala  cu clasele I-IV sat Plumbuita,TAMADAU MARE,105455,C,3,760,737,23,350,324,23,3,340,10,800,450,168,172
12,CALARASI,198,0,Scoala Generala  nr. 1 Ulmeni,ULMENI,105605,C,3,1771,1729,42,730,682,42,6,720,10,1900,1170,448,272
12,CALARASI,199,0,Scoala Generala  nr. 2 Ulmeni,ULMENI,105605,C,3,1365,1278,87,786,690,87,9,769,17,1400,614,529,240
12,CALARASI,200,0,Scoala Generala  nr. 3 Ulmeni,ULMENI,105605,C,3,1335,1242,93,741,648,93,0,722,19,1400,659,435,287
12,CALARASI,201,0,Caminul Cultual Ulmu,ULMU,94606,C,3,894,878,16,599,556,16,27,580,19,1008,409,396,184
12,CALARASI,202,0,Scoala  Primara Faurei,ULMU,94606,C,3,444,430,14,314,297,14,3,306,8,500,186,176,130
12,CALARASI,203,0,Fosta Scoala Primara Zimbru,ULMU,94606,C,3,145,135,10,99,86,10,3,96,3,200,101,53,43
12,CALARASI,204,0,Scoala Generala  nr. 1 satul Unirea (langa Biserica),UNIREA,94651,C,3,1281,1270,11,753,712,11,30,735,18,1402,649,407,328
12,CALARASI,205,0,Scoala Generala  nr. 1 (local nou - Vagon) satul  Unirea,UNIREA,94651,C,3,1098,1077,21,607,582,21,4,598,9,1203,596,329,269
12,CALARASI,206,0,"Scoala Generala  corp B, sat Valea Argovei",VALEA ARGOVEI,105712,C,3,1561,1541,20,778,755,20,3,757,21,1700,922,536,221
12,CALARASI,207,0,Scoala Generala  sat Silistea,VALEA ARGOVEI,105712,C,3,669,651,18,395,377,18,0,384,11,700,305,284,100
12,CALARASI,208,0,Scoala Generala  nr. 1 Vasilati (localul cu etaj),VASILATI,105829,C,3,1333,1279,54,424,370,54,0,419,5,1500,1076,295,124
12,CALARASI,209,0,"Scoala Generala  nr. 1 Vasilati (localul vechi,  langa Halta CFR)",VASILATI,105829,C,3,1482,1327,155,810,650,155,5,793,17,1500,690,605,188
12,CALARASI,210,0,Scoala Generala  nr. 2 Galbinasi,VASILATI,105829,C,3,2386,2320,66,722,656,66,0,713,9,2600,1878,527,186
12,CALARASI,211,0,Scoala Generala  nr. 4 Nuci,VASILATI,105829,C,3,298,270,28,216,188,28,0,209,7,300,84,153,56
12,CALARASI,212,0,Scoala Generala  nr. 5 Popesti,VASILATI,105829,C,3,320,311,9,200,191,9,0,197,3,400,200,167,30
12,CALARASI,213,0,Scoala Generala  sat Valcelele,VALCELELE,94731,C,3,1103,1091,12,607,586,12,9,594,13,1208,601,403,191
12,CALARASI,214,0,Scoala Generala  sat Floroaica,VALCELELE,94731,C,3,518,492,26,305,273,26,6,302,3,601,296,175,127
12,CALARASI,215,0,Scoala Generala  sat Vlad Tepes,VLAD TEPES,94768,C,3,1316,1289,27,730,695,27,8,713,17,1400,670,438,275
12,CALARASI,216,0,Scoala Generala  sat Mihai Viteazu,VLAD TEPES,94768,C,3,715,699,16,393,374,16,3,382,11,800,407,287,95
13,CLUJ,1,0,str. Zorilor nr. 27,MUNICIPIUL CLUJ-NAPOCA,54975,M,1,2216,2197,19,1170,1141,19,10,1167,3,2500,1330,337,830
13,CLUJ,2,0,str. Zorilor nr. 27,MUNICIPIUL CLUJ-NAPOCA,54975,M,1,2557,2538,19,1363,1322,19,22,1359,4,2800,1437,377,982
13,CLUJ,3,0,str. Zorilor nr. 27,MUNICIPIUL CLUJ-NAPOCA,54975,M,1,1447,1438,9,830,808,9,13,826,4,1600,770,207,619
13,CLUJ,4,0,str. Zorilor nr. 27,MUNICIPIUL CLUJ-NAPOCA,54975,M,1,2014,2002,12,1165,1116,12,37,1164,1,2191,1026,339,825
13,CLUJ,5,0,str. L.  Pasteur nr. 12,MUNICIPIUL CLUJ-NAPOCA,54975,M,1,1905,1858,47,1000,935,47,18,1000,0,2100,1100,271,729
13,CLUJ,6,0,str. Observatorului nr. 72,MUNICIPIUL CLUJ-NAPOCA,54975,M,1,2019,2008,11,1048,1029,11,8,1045,3,2300,1252,267,778
13,CLUJ,7,0,str. Observatorului nr. 72,MUNICIPIUL CLUJ-NAPOCA,54975,M,1,1695,1677,18,872,833,18,21,868,4,1902,1030,205,663
13,CLUJ,8,0,str. Observatorului nr. 72,MUNICIPIUL CLUJ-NAPOCA,54975,M,1,1699,1645,54,887,833,54,0,882,5,1900,1013,213,669
13,CLUJ,9,0,Calea Turzii 140-142,MUNICIPIUL CLUJ-NAPOCA,54975,M,1,2514,2486,28,1413,1361,28,24,1408,5,2800,1387,415,993
13,CLUJ,10,0,str. Republicii nr. 23,MUNICIPIUL CLUJ-NAPOCA,54975,M,1,2012,1989,23,1165,1087,23,55,1152,13,2200,1035,380,772
13,CLUJ,11,0,str. Emil Isac nr. 19,MUNICIPIUL CLUJ-NAPOCA,54975,M,1,1760,1718,42,901,852,42,7,887,14,1900,999,316,571
13,CLUJ,12,0,str. Horea nr. 19A,MUNICIPIUL CLUJ-NAPOCA,54975,M,1,1830,1812,18,1045,994,18,33,1040,5,2000,955,478,562
13,CLUJ,13,0,str. Prahovei nr. 10,MUNICIPIUL CLUJ-NAPOCA,54975,M,1,2068,2044,24,1139,1053,24,62,1130,9,2296,1157,424,706
13,CLUJ,14,0,str. Constanta nr. 6,MUNICIPIUL CLUJ-NAPOCA,54975,M,1,1908,1892,16,1190,1087,16,87,1083,4,2098,1011,475,608
13,CLUJ,15,0,B-dul. 21 Decembrie 1989  nr. 9,MUNICIPIUL CLUJ-NAPOCA,54975,M,1,2018,2001,17,1076,1009,17,50,1067,9,2300,1224,391,676
13,CLUJ,16,0,str. General Traian Mosoiu nr. 9,MUNICIPIUL CLUJ-NAPOCA,54975,M,1,1990,1974,16,1182,1149,16,17,1181,1,2200,1018,404,777
13,CLUJ,17,0,str. Avram Iancu nr. 44,MUNICIPIUL CLUJ-NAPOCA,54975,M,1,1957,1943,14,1198,1162,14,22,1188,10,2200,1002,429,759
13,CLUJ,18,0,str. Avram Iancu nr. 33,MUNICIPIUL CLUJ-NAPOCA,54975,M,1,2254,2231,23,1316,1272,23,21,1312,4,2500,1184,391,921
13,CLUJ,19,0,str. Brasov nr. 27,MUNICIPIUL CLUJ-NAPOCA,54975,M,1,2111,2104,7,1430,1321,7,102,1417,13,2400,970,456,961
13,CLUJ,20,0,str. Alverna nr. 63,MUNICIPIUL CLUJ-NAPOCA,54975,M,1,1560,1550,10,814,788,10,16,813,1,1700,886,269,544
13,CLUJ,21,0,str. Horticultorilor nr. 1,MUNICIPIUL CLUJ-NAPOCA,54975,M,1,2022,1994,28,1015,949,28,38,1005,10,2200,1185,379,626
13,CLUJ,22,0,str. Horticultorilor nr. 1,MUNICIPIUL CLUJ-NAPOCA,54975,M,1,1749,1716,33,1078,1007,33,38,1068,10,1900,822,406,662
13,CLUJ,23,0,str. Horticultorilor nr. 1,MUNICIPIUL CLUJ-NAPOCA,54975,M,1,2185,2174,11,1127,1094,11,22,1122,5,2400,1273,419,703
13,CLUJ,24,0,str. Septimiu Albinii nr. 53,MUNICIPIUL CLUJ-NAPOCA,54975,M,1,1083,1063,20,604,583,20,1,598,6,1200,596,215,383
13,CLUJ,25,0,str. Septimiu Albinii nr. 91,MUNICIPIUL CLUJ-NAPOCA,54975,M,1,1586,1555,31,894,838,31,25,893,1,1800,906,316,577
13,CLUJ,26,0,str. Septimiu Albinii nr. 91,MUNICIPIUL CLUJ-NAPOCA,54975,M,1,1691,1673,18,908,869,18,21,904,4,1900,992,342,562
13,CLUJ,27,0,str. Septimiu Albinii nr. 91,MUNICIPIUL CLUJ-NAPOCA,54975,M,1,1651,1644,7,994,962,7,25,989,5,1801,807,389,600
13,CLUJ,28,0,str. Septimiu Albinii nr. 91,MUNICIPIUL CLUJ-NAPOCA,54975,M,1,1597,1544,53,788,734,53,1,785,3,1700,912,236,549
13,CLUJ,29,0,Aleea Baisoara nr. 2-4,MUNICIPIUL CLUJ-NAPOCA,54975,M,1,2015,2000,15,1183,1132,15,36,1174,9,2178,995,461,713
13,CLUJ,30,0,Aleea Baisoara nr. 2-4,MUNICIPIUL CLUJ-NAPOCA,54975,M,1,1576,1534,42,956,914,42,0,952,4,1701,745,379,573
13,CLUJ,31,0,Aleea Baisoara nr. 2-4,MUNICIPIUL CLUJ-NAPOCA,54975,M,1,1384,1371,13,806,707,13,86,799,7,1595,789,299,500
13,CLUJ,32,0,Aleea Baisoara nr. 2-4,MUNICIPIUL CLUJ-NAPOCA,54975,M,1,1782,1772,10,1001,956,10,35,993,8,1999,998,390,603
13,CLUJ,33,0,Aleea Herculane nr. 7,MUNICIPIUL CLUJ-NAPOCA,54975,M,1,2296,2259,37,1395,1308,37,50,1392,3,2496,1101,544,848
13,CLUJ,34,0,str. Al. Vaida Voevod nr. 57,MUNICIPIUL CLUJ-NAPOCA,54975,M,1,1543,1518,25,1059,913,25,121,1050,9,1700,641,441,609
13,CLUJ,35,0,Aleea Herculane nr. 7,MUNICIPIUL CLUJ-NAPOCA,54975,M,1,1672,1663,9,1041,990,9,42,1038,3,1899,858,420,618
13,CLUJ,36,0,str. Bistritei nr. 21,MUNICIPIUL CLUJ-NAPOCA,54975,M,1,1708,1688,20,954,891,20,43,948,6,1900,946,374,574
13,CLUJ,37,0,str. Bistritei nr. 21,MUNICIPIUL CLUJ-NAPOCA,54975,M,1,1665,1653,12,1271,931,12,328,1267,4,1899,628,367,900
13,CLUJ,38,0,str. N. Pascaly nr. 2,MUNICIPIUL CLUJ-NAPOCA,54975,M,1,1894,1875,19,1115,1087,19,9,1110,5,2100,985,352,758
13,CLUJ,39,0,str. Dambovitei,MUNICIPIUL CLUJ-NAPOCA,54975,M,1,2025,2012,13,1025,989,13,23,1017,8,2300,1275,300,717
13,CLUJ,40,0,str. Dambovitei,MUNICIPIUL CLUJ-NAPOCA,54975,M,1,1827,1814,13,960,939,13,8,956,2,2018,1058,269,687
13,CLUJ,41,0,str. Aurel Vlaicu nr. 180,MUNICIPIUL CLUJ-NAPOCA,54975,M,1,1892,1874,18,966,940,18,8,960,6,2100,1134,324,636
13,CLUJ,42,0,str. Dambovitei,MUNICIPIUL CLUJ-NAPOCA,54975,M,1,1758,1748,10,900,873,10,17,897,3,2000,1100,303,594
13,CLUJ,43,0,str. Tarnavelor nr. 22,MUNICIPIUL CLUJ-NAPOCA,54975,M,1,2022,2005,17,998,976,17,5,994,4,2200,1202,292,702
13,CLUJ,44,0,str. Tarnavelor nr. 22,MUNICIPIUL CLUJ-NAPOCA,54975,M,1,1870,1858,12,843,823,12,8,841,2,2100,1257,247,594
13,CLUJ,45,0,str. Tarnavelor nr. 22,MUNICIPIUL CLUJ-NAPOCA,54975,M,1,2268,2255,13,1054,1027,13,14,1047,7,2500,1446,310,737
13,CLUJ,46,0,str. Tarnavelor nr. 4,MUNICIPIUL CLUJ-NAPOCA,54975,M,1,1953,1941,12,980,967,12,1,972,8,2204,1224,288,684
13,CLUJ,47,0,Str. Oltului nr. 83,MUNICIPIUL CLUJ-NAPOCA,54975,M,1,2066,2056,10,1056,1033,10,13,1052,4,2300,1244,361,691
13,CLUJ,48,0,str. Dambovitei,MUNICIPIUL CLUJ-NAPOCA,54975,M,1,2091,2058,33,1139,1106,33,0,1131,8,2500,1361,406,725
13,CLUJ,49,0,str. Dambovitei,MUNICIPIUL CLUJ-NAPOCA,54975,M,1,2106,2087,19,1022,981,19,22,1016,6,2000,978,359,657
13,CLUJ,50,0,str. Fabricii de Zahar nr. 58,MUNICIPIUL CLUJ-NAPOCA,54975,M,1,1758,1747,11,917,884,11,22,912,5,2000,1083,301,611
13,CLUJ,51,0,str. Gradinarilor nr. 1,MUNICIPIUL CLUJ-NAPOCA,54975,M,1,2104,2088,16,1081,1047,16,18,1078,3,2300,1219,341,737
13,CLUJ,52,0,str. Gradinarilor nr. 1,MUNICIPIUL CLUJ-NAPOCA,54975,M,1,1829,1819,10,978,957,10,11,977,1,2000,1022,323,654
13,CLUJ,53,0,str. Gradinarilor nr. 1,MUNICIPIUL CLUJ-NAPOCA,54975,M,1,1599,1580,19,786,762,19,5,786,0,1800,1014,272,514
13,CLUJ,54,0,str. Fabricii de Zahar nr. 58,MUNICIPIUL CLUJ-NAPOCA,54975,M,1,1919,1897,22,983,953,22,8,978,5,2100,1117,306,672
13,CLUJ,55,0,str. Dambovitei,MUNICIPIUL CLUJ-NAPOCA,54975,M,1,1845,1837,8,796,768,8,20,795,1,2100,1304,274,521
13,CLUJ,56,0,str. Dambovitei,MUNICIPIUL CLUJ-NAPOCA,54975,M,1,1863,1842,21,1043,859,21,163,1037,6,2094,1051,331,706
13,CLUJ,57,0,str. Fabricii de Zahar nr. 58,MUNICIPIUL CLUJ-NAPOCA,54975,M,1,1846,1835,11,896,869,11,16,894,2,2200,1304,311,583
13,CLUJ,58,0,B-dul. 21 Decembrie 1989  nr. 124,MUNICIPIUL CLUJ-NAPOCA,54975,M,1,1901,1872,29,1092,1062,29,1,1083,9,2100,1008,354,729
13,CLUJ,59,0,B-dul. 21 Decembrie 1989 nr. 128,MUNICIPIUL CLUJ-NAPOCA,54975,M,1,2175,2166,9,1130,1098,9,23,1126,4,2405,1275,386,740
13,CLUJ,60,0,B-dul. 21 Decembrie 1989 nr. 128,MUNICIPIUL CLUJ-NAPOCA,54975,M,1,2073,2056,17,1120,1094,17,9,1116,4,2299,1179,346,770
13,CLUJ,61,0,B-dul. 21 Decembrie 1989 nr. 128,MUNICIPIUL CLUJ-NAPOCA,54975,M,1,1265,1256,9,767,635,9,123,764,3,1423,656,286,478
13,CLUJ,62,0,str. Gradinarilor nr. 1,MUNICIPIUL CLUJ-NAPOCA,54975,M,1,2035,2026,9,1111,1078,9,24,1103,8,2300,1189,381,722
13,CLUJ,63,0,B-dul. 21 Decembrie 1989       nr. 98,MUNICIPIUL CLUJ-NAPOCA,54975,M,1,2239,2219,20,1332,1185,20,127,1324,8,2500,1168,499,825
13,CLUJ,64,0,str. Dorobantilor nr. 72,MUNICIPIUL CLUJ-NAPOCA,54975,M,1,1803,1785,18,998,960,18,20,993,5,2000,1002,362,631
13,CLUJ,65,0,str. Dorobantilor nr. 72,MUNICIPIUL CLUJ-NAPOCA,54975,M,1,1903,1843,60,1188,1127,60,1,1183,5,2100,912,379,804
13,CLUJ,66,0,str. Dorobantilor nr. 72,MUNICIPIUL CLUJ-NAPOCA,54975,M,1,1300,1283,17,748,723,17,8,743,5,1500,752,251,492
13,CLUJ,67,0,str. Paris nr. 60,MUNICIPIUL CLUJ-NAPOCA,54975,M,1,2031,2011,20,1085,1040,20,25,1085,0,2300,1215,364,721
13,CLUJ,68,0,str. Onisifor Ghibu nr. 25,MUNICIPIUL CLUJ-NAPOCA,54975,M,1,1991,1953,38,1014,969,38,7,1007,7,2200,1186,348,659
13,CLUJ,69,0,str. Meseriilor nr. 20,MUNICIPIUL CLUJ-NAPOCA,54975,M,1,1702,1682,20,829,801,20,8,825,4,1900,1071,299,526
13,CLUJ,70,0,str. Meseriilor nr. 20,MUNICIPIUL CLUJ-NAPOCA,54975,M,1,1287,1267,20,611,571,20,20,603,8,1400,789,233,370
13,CLUJ,71,0,str. Decebal (K. Marx) nr. 41,MUNICIPIUL CLUJ-NAPOCA,54975,M,1,1766,1755,11,973,767,11,195,972,1,2400,1427,338,634
13,CLUJ,72,0,str. Decebal (K. Marx) nr. 41,MUNICIPIUL CLUJ-NAPOCA,54975,M,1,1873,1858,15,1127,976,15,136,1121,6,2500,1373,419,702
13,CLUJ,73,0,str. Horea nr. 51,MUNICIPIUL CLUJ-NAPOCA,54975,M,1,1258,1246,12,1015,612,12,391,1010,5,1803,788,323,687
13,CLUJ,74,0,str. 11 Octombrie nr. 3,MUNICIPIUL CLUJ-NAPOCA,54975,M,1,1471,1463,8,852,836,8,8,847,5,1600,748,262,585
13,CLUJ,75,0,str. 11 Octombrie nr. 3,MUNICIPIUL CLUJ-NAPOCA,54975,M,1,1729,1712,17,934,914,17,3,929,5,1900,966,299,630
13,CLUJ,76,0,str. 11 Octombrie nr. 3,MUNICIPIUL CLUJ-NAPOCA,54975,M,1,1318,1305,13,749,718,13,18,744,5,1498,749,202,542
13,CLUJ,77,0,Calea Baciului nr. 18,MUNICIPIUL CLUJ-NAPOCA,54975,M,1,2334,2311,23,1130,1096,23,11,1124,6,2600,1470,413,711
13,CLUJ,78,0,Corneliu Coposu 20,MUNICIPIUL CLUJ-NAPOCA,54975,M,1,1479,1460,19,741,722,19,0,735,6,1600,859,242,493
13,CLUJ,79,0,Corneliu Coposu 20,MUNICIPIUL CLUJ-NAPOCA,54975,M,1,1891,1878,13,1025,938,13,74,1017,8,2096,1071,377,640
13,CLUJ,80,0,str. Giordano Bruno nr. 46,MUNICIPIUL CLUJ-NAPOCA,54975,M,1,1925,1907,18,1041,1018,18,5,1035,6,2100,1059,384,651
13,CLUJ,81,0,str. Razboieni nr. 67,MUNICIPIUL CLUJ-NAPOCA,54975,M,1,1550,1533,17,718,673,17,28,717,1,1700,982,253,464
13,CLUJ,82,0,str. Razboieni nr. 67,MUNICIPIUL CLUJ-NAPOCA,54975,M,1,1918,1886,32,864,831,32,1,857,7,2100,1236,284,573
13,CLUJ,83,0,str. Razboieni nr. 67,MUNICIPIUL CLUJ-NAPOCA,54975,M,1,2044,2036,8,951,924,8,19,949,2,2299,1348,330,619
13,CLUJ,84,0,str. Maramuresului nr. 165/A,MUNICIPIUL CLUJ-NAPOCA,54975,M,1,1918,1898,20,787,764,20,3,781,6,2101,1314,247,534
13,CLUJ,85,0,B-dul. Muncii nr. 189,MUNICIPIUL CLUJ-NAPOCA,54975,M,1,1866,1849,17,772,722,17,33,770,2,2100,1328,218,552
13,CLUJ,86,0,str. Plevnei nr. 12,MUNICIPIUL CLUJ-NAPOCA,54975,M,1,2045,2026,19,917,898,19,0,911,6,2300,1383,382,529
13,CLUJ,87,0,str. Traian Vuia nr. 76,MUNICIPIUL CLUJ-NAPOCA,54975,M,1,2315,2290,25,1167,1131,25,11,1163,4,2500,1333,359,804
13,CLUJ,88,0,str. Traian Vuia 76,MUNICIPIUL CLUJ-NAPOCA,54975,M,1,2147,2123,24,1085,1037,24,24,1074,11,2400,1315,395,679
13,CLUJ,89,0,str.Campului Micro II/2,MUNICIPIUL CLUJ-NAPOCA,54975,M,1,1611,1588,23,866,843,23,0,865,1,1799,933,267,598
13,CLUJ,90,0,str.Campului Micro II/2,MUNICIPIUL CLUJ-NAPOCA,54975,M,1,1806,1792,14,886,872,14,0,883,3,2000,1114,353,530
13,CLUJ,91,0,str.Campului Micro II/2,MUNICIPIUL CLUJ-NAPOCA,54975,M,1,1630,1610,20,827,807,20,0,822,5,1800,973,246,576
13,CLUJ,92,0,str.Moldoveanu nr.1,MUNICIPIUL CLUJ-NAPOCA,54975,M,1,1936,1922,14,994,958,14,22,992,2,2200,1206,337,655
13,CLUJ,93,0,str.Moldoveanu nr.7,MUNICIPIUL CLUJ-NAPOCA,54975,M,1,1660,1650,10,893,853,10,30,888,5,1900,1007,341,547
13,CLUJ,94,0,str.Moldoveanu nr.1,MUNICIPIUL CLUJ-NAPOCA,54975,M,1,1698,1682,16,806,782,16,8,802,4,1900,1094,288,514
13,CLUJ,95,0,Aleea Retezat nr.44,MUNICIPIUL CLUJ-NAPOCA,54975,M,1,1941,1932,9,880,848,9,23,877,3,2201,1321,287,590
13,CLUJ,96,0,Aleea Retezat nr.44,MUNICIPIUL CLUJ-NAPOCA,54975,M,1,1687,1670,17,807,784,17,6,804,3,1900,1093,239,565
13,CLUJ,97,0,Aleea Retezat nr.44,MUNICIPIUL CLUJ-NAPOCA,54975,M,1,2021,2005,16,981,949,16,16,979,2,2200,1219,333,646
13,CLUJ,98,0,str.Moldoveanu nr.1,MUNICIPIUL CLUJ-NAPOCA,54975,M,1,1883,1871,12,844,811,12,21,839,5,2100,1256,322,517
13,CLUJ,99,0,str.Mehedinti nr.19,MUNICIPIUL CLUJ-NAPOCA,54975,M,1,2091,2073,18,932,903,18,11,926,6,2300,1368,273,653
13,CLUJ,100,0,str.Mehedinti nr.19,MUNICIPIUL CLUJ-NAPOCA,54975,M,1,1970,1949,21,966,890,21,55,961,5,2200,1234,312,649
13,CLUJ,101,0,"str.Tazlau nr,11",MUNICIPIUL CLUJ-NAPOCA,54975,M,1,1847,1827,20,996,958,20,18,985,11,2100,1104,362,623
13,CLUJ,102,0,"str.Tazlau nr,11",MUNICIPIUL CLUJ-NAPOCA,54975,M,1,1720,1709,11,859,834,11,14,858,1,1900,1041,302,556
13,CLUJ,103,0,str.Meziad nr.4,MUNICIPIUL CLUJ-NAPOCA,54975,M,1,2155,2146,9,1085,1042,9,34,1079,6,2400,1315,371,708
13,CLUJ,104,0,str.Meziad nr.4,MUNICIPIUL CLUJ-NAPOCA,54975,M,1,2144,2134,10,1223,1191,10,22,1218,5,2400,1177,393,825
13,CLUJ,105,0,str.Meziad nr.4,MUNICIPIUL CLUJ-NAPOCA,54975,M,1,1904,1892,12,969,943,12,14,969,0,2100,1131,356,613
13,CLUJ,106,0,Aleea Peana nr.16,MUNICIPIUL CLUJ-NAPOCA,54975,M,1,1791,1780,11,940,924,11,5,932,8,2000,1060,314,618
13,CLUJ,107,0,Aleea Peana nr.16,MUNICIPIUL CLUJ-NAPOCA,54975,M,1,2570,2527,43,1077,1031,43,3,1071,6,2800,1723,359,712
13,CLUJ,108,0,Aleea Peana nr.16,MUNICIPIUL CLUJ-NAPOCA,54975,M,1,417,405,12,202,183,12,7,201,1,500,298,71,130
13,CLUJ,109,0,Aleea Peana nr.4,MUNICIPIUL CLUJ-NAPOCA,54975,M,1,1771,1759,12,946,910,12,24,944,2,2009,1063,366,578
13,CLUJ,110,0,Aleea Peana nr.4,MUNICIPIUL CLUJ-NAPOCA,54975,M,1,1798,1753,45,953,908,45,0,948,5,2000,1047,304,644
13,CLUJ,111,0,Aleea Peana nr.4,MUNICIPIUL CLUJ-NAPOCA,54975,M,1,995,986,9,475,463,9,3,475,0,1099,624,159,316
13,CLUJ,112,0,Str.Grigore Alexandrescu nr.47,MUNICIPIUL CLUJ-NAPOCA,54975,M,1,1259,1241,18,620,587,18,15,618,2,1400,780,194,424
13,CLUJ,113,0,Str.Grigore Alexandrescu nr.47,MUNICIPIUL CLUJ-NAPOCA,54975,M,1,1857,1841,16,1013,986,16,11,1011,2,2100,1087,368,643
13,CLUJ,114,0,Str.Grigore Alexandrescu nr.47,MUNICIPIUL CLUJ-NAPOCA,54975,M,1,1805,1784,21,972,931,21,20,971,1,2000,1028,313,658
13,CLUJ,115,0,str.Grigore Alexandrescu nr.16,MUNICIPIUL CLUJ-NAPOCA,54975,M,1,2777,2740,37,1427,1359,37,31,1422,5,3105,1678,554,868
13,CLUJ,116,0,str.Grigore Alexandrescu nr.21,MUNICIPIUL CLUJ-NAPOCA,54975,M,1,2118,2106,12,1117,1101,12,4,1113,4,2399,1282,404,709
13,CLUJ,117,0,str.Grigore Alexandrescu nr.16,MUNICIPIUL CLUJ-NAPOCA,54975,M,1,2091,2073,18,1065,1028,18,19,1060,5,2300,1235,362,698
13,CLUJ,118,0,str.Grigore Alexandrescu nr.16,MUNICIPIUL CLUJ-NAPOCA,54975,M,1,1942,1925,17,970,936,17,17,965,5,2195,1225,328,637
13,CLUJ,119,0,str.Taberei nr 1-3,MUNICIPIUL CLUJ-NAPOCA,54975,M,1,1861,1840,21,1000,962,21,17,997,3,2100,1100,313,684
13,CLUJ,120,0,str. Arinilor fn,MUNICIPIUL CLUJ-NAPOCA,54975,M,1,1873,1863,10,1033,1022,10,1,1032,1,2096,1063,277,755
13,CLUJ,121,0,str. Arinilor fn,MUNICIPIUL CLUJ-NAPOCA,54975,M,1,1291,1277,14,713,679,14,20,709,4,1398,685,196,513
13,CLUJ,122,0,str. Arinilor fn,MUNICIPIUL CLUJ-NAPOCA,54975,M,1,1461,1451,10,786,773,10,3,782,4,1592,806,242,540
13,CLUJ,123,0,str. Mogosoaia nr.6,MUNICIPIUL CLUJ-NAPOCA,54975,M,1,1267,1255,12,675,663,12,0,671,4,1400,725,234,437
13,CLUJ,124,0,str. Mogosoaia nr.6,MUNICIPIUL CLUJ-NAPOCA,54975,M,1,2389,2383,6,1316,1303,6,7,1307,9,2601,1285,429,878
13,CLUJ,125,0,str. Mogosoaia nr.6,MUNICIPIUL CLUJ-NAPOCA,54975,M,1,2062,2013,49,1076,1027,49,0,1073,3,2300,1223,336,737
13,CLUJ,126,0,Calea Manastur nr.22-24,MUNICIPIUL CLUJ-NAPOCA,54975,M,1,1815,1806,9,964,929,9,26,963,1,2000,1036,320,643
13,CLUJ,127,0,str Izlazului nr.18,MUNICIPIUL CLUJ-NAPOCA,54975,M,1,1831,1816,15,976,955,15,6,971,5,1995,1019,321,650
13,CLUJ,128,0,Calea Manastur nr 22-24,MUNICIPIUL CLUJ-NAPOCA,54975,M,1,2480,2461,19,1311,1265,19,27,1304,7,2800,1489,360,944
13,CLUJ,129,0,Calea Manastur nr 22-24,MUNICIPIUL CLUJ-NAPOCA,54975,M,1,1228,1222,6,776,754,6,16,773,3,1400,624,242,531
13,CLUJ,130,0,Splaiul Independentei,MUNICIPIUL CLUJ-NAPOCA,54975,M,1,1267,1253,14,749,721,14,14,747,2,1400,651,272,475
13,CLUJ,131,0,Splaiul Independentei,MUNICIPIUL CLUJ-NAPOCA,54975,M,1,2543,2525,18,1347,1292,18,37,1342,5,2800,1453,459,883
13,CLUJ,132,0,str. Octavian Goga nr. 23,MUNICIPIUL CLUJ-NAPOCA,54975,M,1,1982,1962,20,1185,1139,20,26,1179,6,2200,1015,458,721
13,CLUJ,133,0,str. Motilor nr. 78-80,MUNICIPIUL CLUJ-NAPOCA,54975,M,1,2214,1968,246,1188,933,246,9,1182,6,2199,1011,356,826
13,CLUJ,134,0,str. Motilor nr. 78-80,MUNICIPIUL CLUJ-NAPOCA,54975,M,1,1554,1536,18,909,856,18,35,902,7,1700,791,358,544
13,CLUJ,135,0,str. Al. Vlahuta nr. 12-14,MUNICIPIUL CLUJ-NAPOCA,54975,M,1,1968,1949,19,1185,1152,19,14,1181,4,2200,1015,410,771
13,CLUJ,136,0,str. Al. Vlahuta nr. 59,MUNICIPIUL CLUJ-NAPOCA,54975,M,1,1482,1450,32,899,863,32,4,895,4,1600,701,316,579
13,CLUJ,137,0,str. Al. Vlahuta nr. 12-14,MUNICIPIUL CLUJ-NAPOCA,54975,M,1,1515,1481,34,803,756,34,13,802,1,1711,908,264,538
13,CLUJ,138,0,str. Al. Vlahuta nr. 12-14,MUNICIPIUL CLUJ-NAPOCA,54975,M,1,1165,1139,26,670,635,26,9,663,7,1306,636,214,449
13,CLUJ,139,0,str. Al. Vlahuta nr. 44-48,MUNICIPIUL CLUJ-NAPOCA,54975,M,1,1401,1385,16,754,725,16,13,751,3,1600,846,262,489
13,CLUJ,140,0,str. Al. Vlahuta nr. 44-48,MUNICIPIUL CLUJ-NAPOCA,54975,M,1,2081,2056,25,1298,1250,25,23,1294,4,2303,1005,489,805
13,CLUJ,141,0,str. Fantanele nr. 46,MUNICIPIUL CLUJ-NAPOCA,54975,M,1,1584,1566,18,937,893,18,26,930,7,1796,859,318,612
13,CLUJ,142,0,str. Fantanele nr. 46,MUNICIPIUL CLUJ-NAPOCA,54975,M,1,1196,1183,13,666,635,13,18,662,4,1400,734,196,466
13,CLUJ,143,0,str. Fntnele nr. 30,MUNICIPIUL CLUJ-NAPOCA,54975,M,1,2731,2674,57,1545,1486,57,2,1530,15,2999,1454,459,1071
13,CLUJ,144,0,str. Donath nr. 150,MUNICIPIUL CLUJ-NAPOCA,54975,M,1,1790,1711,79,1052,959,79,14,1043,9,1900,848,384,659
13,CLUJ,145,0,str. Al. Vlahuta nr. 59,MUNICIPIUL CLUJ-NAPOCA,54975,M,1,1331,1308,23,728,693,23,12,725,3,1500,772,267,458
13,CLUJ,146,0,str. Al. Vlahuta nr. 59,MUNICIPIUL CLUJ-NAPOCA,54975,M,1,1831,1742,89,1002,905,89,8,993,9,2000,998,375,618
13,CLUJ,147,1,str. Viilor nr. 46-50,MUNICIPIUL CLUJ-NAPOCA,54975,M,1,18,0,18,209,0,18,191,208,1,500,291,92,116
13,CLUJ,148,1,str. Tabacarilor nr. 11,MUNICIPIUL CLUJ-NAPOCA,54975,M,1,11,0,11,125,0,11,114,122,3,300,175,55,67
13,CLUJ,149,1,str. Clinicilor nr. 3-5,MUNICIPIUL CLUJ-NAPOCA,54975,M,1,40,0,40,449,0,40,409,439,10,1099,650,199,240
13,CLUJ,150,1,str. Victor Babes nr. 43,MUNICIPIUL CLUJ-NAPOCA,54975,M,1,12,0,12,212,0,12,200,209,3,600,388,81,128
13,CLUJ,151,1,str.Croitorilor  nr. 19-21,MUNICIPIUL CLUJ-NAPOCA,54975,M,1,87,0,87,282,0,87,195,277,5,601,319,118,159
13,CLUJ,152,1,str.G-ral Vasile Milea nr. 47,MUNICIPIUL CLUJ-NAPOCA,54975,M,1,14,0,14,81,0,14,67,81,0,300,219,36,45
13,CLUJ,153,1,str.Motilor nr. 68,MUNICIPIUL CLUJ-NAPOCA,54975,M,1,38,0,38,79,0,38,41,79,0,400,321,34,45
13,CLUJ,154,1,str. Crisan nr. 3-5,MUNICIPIUL CLUJ-NAPOCA,54975,M,1,16,0,16,46,0,16,30,46,0,200,154,15,31
13,CLUJ,155,1,"str. B.P.Hasdeu, nr.6",MUNICIPIUL CLUJ-NAPOCA,54975,M,1,20,0,20,134,0,20,114,130,4,200,66,76,54
13,CLUJ,156,1,str.Iuliu Moldovan nr.23,MUNICIPIUL CLUJ-NAPOCA,54975,M,1,8,0,8,95,0,8,87,95,0,300,205,39,56
13,CLUJ,157,1,str.Republicii  nr.34-36,MUNICIPIUL CLUJ-NAPOCA,54975,M,1,15,0,15,254,0,15,239,252,2,600,346,112,140
13,CLUJ,158,1,str. Motilor nr.19-21,MUNICIPIUL CLUJ-NAPOCA,54975,M,1,36,0,36,131,0,36,95,131,0,300,169,48,83
13,CLUJ,159,1,str. Gl. Traian Mosoiu nr. 22,MUNICIPIUL CLUJ-NAPOCA,54975,M,1,9,0,9,166,0,9,157,164,2,300,134,79,85
13,CLUJ,160,1,str. Republicii nr. 18,MUNICIPIUL CLUJ-NAPOCA,54975,M,1,11,0,11,163,0,11,152,157,6,300,137,84,73
13,CLUJ,161,1,str. Hasdeu nr. 45,MUNICIPIUL CLUJ-NAPOCA,54975,M,1,11,0,11,1415,0,11,1404,1409,6,3700,2285,262,1147
13,CLUJ,162,1,str. Hasdeu nr. 45,MUNICIPIUL CLUJ-NAPOCA,54975,M,1,17,0,17,2031,0,17,2014,2029,2,3700,1669,363,1666
13,CLUJ,163,1,str. Observator nr. 34,MUNICIPIUL CLUJ-NAPOCA,54975,M,1,12,0,12,2106,0,12,2094,2101,5,3400,1294,313,1788
13,CLUJ,164,1,str. Fabricii de Zahar nr. 58,MUNICIPIUL CLUJ-NAPOCA,54975,M,1,12,0,12,1044,0,12,1032,1041,3,1915,871,244,797
13,CLUJ,165,1,str. Gl. Traian Mosoiu nr. 9,MUNICIPIUL CLUJ-NAPOCA,54975,M,1,44,0,44,452,0,44,408,432,20,600,148,201,231
13,CLUJ,166,1,str. Mos Ion Roata nr. 18,MUNICIPIUL CLUJ-NAPOCA,54975,M,1,37,0,37,290,0,37,253,289,1,400,110,129,160
13,CLUJ,167,1,calea Traian Vuia  nr. 149,MUNICIPIUL CLUJ-NAPOCA,54975,M,1,11,0,11,1492,0,11,1481,1482,10,1600,108,267,1215
13,CLUJ,168,1,str. Garii nr. 1-3 -Sala de asteptare,MUNICIPIUL CLUJ-NAPOCA,54975,M,1,34,0,34,2788,0,34,2754,2778,7,3300,512,456,2322
13,CLUJ,169,0,str. Laminoristilor nr. 115,MUNICIPIUL CAMPIA TURZII,55357,M,1,1696,1683,13,740,727,13,0,731,9,1900,1160,329,402
13,CLUJ,170,0,str. Laminoristilor nr. 115,MUNICIPIUL CAMPIA TURZII,55357,M,1,1712,1682,30,772,742,30,0,762,10,1900,1128,360,402
13,CLUJ,171,0,str. Gh. Lazar nr. 14,MUNICIPIUL CAMPIA TURZII,55357,M,1,1891,1882,9,915,906,9,0,907,8,2100,1185,395,512
13,CLUJ,172,0,str. Noua nr. 8,MUNICIPIUL CAMPIA TURZII,55357,M,1,2017,2002,15,1083,1067,15,1,1074,9,2248,1165,445,629
13,CLUJ,173,0,str. Noua nr. 8,MUNICIPIUL CAMPIA TURZII,55357,M,1,1940,1919,21,944,920,21,3,937,7,2200,1256,397,540
13,CLUJ,174,0,str. Retezatului nr. 6A,MUNICIPIUL CAMPIA TURZII,55357,M,1,2255,2233,22,1048,1026,22,0,1031,17,2500,1452,468,563
13,CLUJ,175,0,str. Retezatului nr. 6A,MUNICIPIUL CAMPIA TURZII,55357,M,1,2275,2255,20,1029,1007,20,2,1019,10,2500,1471,416,603
13,CLUJ,176,0,str. Gh. Baritiu nr. 57,MUNICIPIUL CAMPIA TURZII,55357,M,1,2207,2191,16,1002,970,16,16,992,10,2500,1498,373,619
13,CLUJ,177,0,str. Gh. Baritiu nr. 57,MUNICIPIUL CAMPIA TURZII,55357,M,1,1886,1863,23,741,716,23,2,729,12,2100,1359,290,439
13,CLUJ,178,0,str. T. Vladimirescu nr. 33,MUNICIPIUL CAMPIA TURZII,55357,M,1,2303,2281,22,1278,1002,22,254,1269,9,2600,1322,424,845
13,CLUJ,179,0,str. 1 Decembrie 1918      nr. 17,MUNICIPIUL CAMPIA TURZII,55357,M,1,2039,2014,25,919,889,25,5,913,6,2300,1381,338,575
13,CLUJ,180,0,str. 1 Decembrie 1918      nr. 17,MUNICIPIUL CAMPIA TURZII,55357,M,1,2000,1972,28,1075,1044,28,3,1067,8,2200,1125,514,553
13,CLUJ,181,1,str. A.Iancu nr.33,MUNICIPIUL CAMPIA TURZII,55357,M,1,34,0,34,90,0,34,56,89,1,300,210,31,58
13,CLUJ,182,0,str.Bistritei nr.2,MUNICIPIUL DEJ,55008,M,1,1075,1053,22,445,423,22,0,444,1,1200,755,192,252
13,CLUJ,183,0,str.Marasesti nr.2,MUNICIPIUL DEJ,55008,M,1,1400,1368,32,719,686,32,1,712,7,1500,781,282,430
13,CLUJ,184,0,str.1 Mai nr.12,MUNICIPIUL DEJ,55008,M,1,1940,1906,34,1170,862,34,274,1164,6,2100,930,437,727
13,CLUJ,185,0,str. A. Iancu nr.2,MUNICIPIUL DEJ,55008,M,1,1691,1678,13,914,901,13,0,907,7,1900,986,389,518
13,CLUJ,186,0,P-ta Lupeni nr.2,MUNICIPIUL DEJ,55008,M,1,1739,1696,43,830,787,43,0,826,4,1900,1070,352,474
13,CLUJ,187,0,str.Infratirii nr.30,MUNICIPIUL DEJ,55008,M,1,1412,1395,17,759,740,17,2,754,5,1600,841,313,441
13,CLUJ,188,0,str.Nicolae Iorga nr.5,MUNICIPIUL DEJ,55008,M,1,1859,1832,27,1014,987,27,0,1009,5,2100,1086,401,608
13,CLUJ,189,0,str. I.P. Reteganu nr. 14,MUNICIPIUL DEJ,55008,M,1,1369,1355,14,722,707,14,1,719,3,1500,778,286,433
13,CLUJ,190,0,str. V.Codorului nr. 1-72,MUNICIPIUL DEJ,55008,M,1,782,769,13,435,422,13,0,433,2,900,465,197,236
13,CLUJ,191,0,str. Marasesti nr.5A,MUNICIPIUL DEJ,55008,M,1,1627,1594,33,745,712,33,0,741,4,1800,1055,305,436
13,CLUJ,192,0,str. D. Gherea   nr.2,MUNICIPIUL DEJ,55008,M,1,1619,1564,55,803,715,55,33,798,5,1800,997,314,484
13,CLUJ,193,0,str.Crangului f.n,MUNICIPIUL DEJ,55008,M,1,1633,1598,35,749,714,35,0,746,3,1800,1051,289,457
13,CLUJ,194,0,str.Pepinierei nr.6 -intrarea principal?,MUNICIPIUL DEJ,55008,M,1,1554,1541,13,694,679,13,2,693,1,1700,1006,336,357
13,CLUJ,195,0,str.Pepinierei nr.6 -intrarea secundara?,MUNICIPIUL DEJ,55008,M,1,1648,1643,5,803,774,5,24,800,3,1900,1097,302,498
13,CLUJ,196,0,Aleea Tomis nr.4,MUNICIPIUL DEJ,55008,M,1,1073,1051,22,532,510,22,0,527,5,1200,668,241,286
13,CLUJ,197,0,Aleea Tomis nr.4,MUNICIPIUL DEJ,55008,M,1,1171,1135,36,525,489,36,0,519,6,1300,775,230,289
13,CLUJ,198,0,Aleea Tomis nr.4,MUNICIPIUL DEJ,55008,M,1,1745,1716,29,790,761,29,0,789,1,1900,1110,309,480
13,CLUJ,199,0,str.Unirii nr.1,MUNICIPIUL DEJ,55008,M,1,1371,1353,18,680,662,18,0,677,3,1500,820,301,376
13,CLUJ,200,0,str.Aurora nr.3,MUNICIPIUL DEJ,55008,M,1,1613,1590,23,672,649,23,0,667,5,1800,1128,262,405
13,CLUJ,201,0,str.Aurora nr.5,MUNICIPIUL DEJ,55008,M,1,1605,1586,19,748,728,19,1,724,4,1800,1072,288,436
13,CLUJ,202,0,str.Mixandrelor nr.2/A,MUNICIPIUL DEJ,55008,M,1,2203,2188,15,893,878,15,0,883,10,2500,1607,366,517
13,CLUJ,203,0,Viile Dejului,MUNICIPIUL DEJ,55008,M,1,1372,1359,13,634,621,13,0,627,7,1608,974,328,299
13,CLUJ,204,0,Somcutu Mic,MUNICIPIUL DEJ,55008,M,1,505,464,41,290,249,41,0,290,0,500,210,185,105
13,CLUJ,205,0,Pintic,MUNICIPIUL DEJ,55008,M,1,314,271,43,138,95,43,0,138,0,300,162,84,54
13,CLUJ,206,1,Piata Boblna nr. 1,MUNICIPIUL DEJ,55008,M,1,13,0,13,100,0,13,87,100,0,300,200,38,62
13,CLUJ,207,1,str. 1Mai nr.14,MUNICIPIUL DEJ,55008,M,1,53,0,53,180,0,53,127,175,5,500,320,79,96
13,CLUJ,208,0,str.Mihai Eminescu nr.10,MUNICIPIUL GHERLA,55384,M,1,1758,1734,24,990,964,24,2,981,9,1900,910,421,560
13,CLUJ,209,0,str.Bobalna nr.36,MUNICIPIUL GHERLA,55384,M,1,1522,1510,12,843,827,12,4,840,3,1700,857,364,476
13,CLUJ,210,0,str.Bobalna nr.14,MUNICIPIUL GHERLA,55384,M,1,1634,1622,12,920,904,12,4,916,4,1800,880,363,553
13,CLUJ,211,0,str.Liviu Rebreanu nr.27,MUNICIPIUL GHERLA,55384,M,1,1792,1774,18,887,869,18,0,882,5,2000,1113,346,536
13,CLUJ,212,0,str.Liviu Rebreanu nr.27,MUNICIPIUL GHERLA,55384,M,1,1742,1734,8,900,885,8,7,894,6,2000,1100,381,513
13,CLUJ,213,0,str.Dragos Voda nr.3,MUNICIPIUL GHERLA,55384,M,1,1793,1779,14,890,875,14,1,873,17,2000,1110,379,494
13,CLUJ,214,0,str.1 Decembrie 1918 nr.20,MUNICIPIUL GHERLA,55384,M,1,2043,2025,18,1373,1055,18,300,1359,14,2300,927,509,850
13,CLUJ,215,0,str.1 Decembrie 1918 nr.20,MUNICIPIUL GHERLA,55384,M,1,2112,2105,7,1034,1025,7,2,1023,11,2400,1366,375,648
13,CLUJ,216,0,str.1 Decembrie 1918 nr.20,MUNICIPIUL GHERLA,55384,M,1,2246,2231,15,1083,1067,15,1,1079,4,2500,1417,388,691
13,CLUJ,217,0,str.1 Decembrie 1918 nr.12,MUNICIPIUL GHERLA,55384,M,1,2002,1993,9,970,959,9,2,962,8,2200,1230,331,631
13,CLUJ,218,0,str.Clujului nr.17,MUNICIPIUL GHERLA,55384,M,1,394,379,15,182,167,15,0,181,1,508,326,92,89
13,CLUJ,219,0,Sat Hasdate,MUNICIPIUL GHERLA,55384,M,1,250,240,10,135,124,10,1,133,2,300,165,71,62
13,CLUJ,220,0,Sat Silivas,MUNICIPIUL GHERLA,55384,M,1,169,159,10,83,73,10,0,82,1,200,117,38,44
13,CLUJ,221,0,str.B.P.Hasdeu,MUNICIPIUL TURDA,55259,M,1,1301,1280,21,747,719,21,7,738,9,1500,753,321,417
13,CLUJ,222,0,str.Dr.Ioan Ratiu,MUNICIPIUL TURDA,55259,M,1,2024,1990,34,915,879,34,2,912,3,2000,1085,310,602
13,CLUJ,223,0,str.B.P.Hasdeu,MUNICIPIUL TURDA,55259,M,1,1417,1402,15,770,746,15,9,766,4,1600,830,262,504
13,CLUJ,224,0,Piata Romana,MUNICIPIUL TURDA,55259,M,1,1318,1298,20,617,590,20,7,611,6,1500,883,215,396
13,CLUJ,225,0,Piata Romana,MUNICIPIUL TURDA,55259,M,1,1132,1119,13,810,517,13,280,809,1,1300,490,309,500
13,CLUJ,226,0,str. Baritiu nr. 4,MUNICIPIUL TURDA,55259,M,1,1241,1210,31,630,599,31,0,626,4,1400,770,241,385
13,CLUJ,227,0,str. Clujului nr. 71,MUNICIPIUL TURDA,55259,M,1,1157,1140,17,618,601,17,0,616,2,1300,682,219,397
13,CLUJ,228,0,Piata Basarabiei nr.48,MUNICIPIUL TURDA,55259,M,1,942,934,8,469,460,8,1,465,4,1099,630,195,270
13,CLUJ,229,0,Piata Basarabiei nr.48,MUNICIPIUL TURDA,55259,M,1,1042,1022,20,504,480,20,4,501,3,1200,696,193,308
13,CLUJ,230,0,Piata Basarabiei nr.48,MUNICIPIUL TURDA,55259,M,1,889,877,12,454,438,12,4,451,3,1000,546,176,275
13,CLUJ,231,0,str.Dr.Ioan Ratiu,MUNICIPIUL TURDA,55259,M,1,843,821,22,418,396,22,0,417,1,900,482,175,242
13,CLUJ,232,0,Liceul Agricol,MUNICIPIUL TURDA,55259,M,1,1282,1262,20,553,533,20,0,545,8,1400,847,210,335
13,CLUJ,233,0,str. Axente Sever nr. 4,MUNICIPIUL TURDA,55259,M,1,1768,1750,18,833,804,18,11,829,4,2000,1167,311,518
13,CLUJ,234,0,str. Axente Sever nr. 4,MUNICIPIUL TURDA,55259,M,1,1427,1408,19,728,705,19,4,725,3,1600,872,241,484
13,CLUJ,235,0,str. Stefan cel Mare,MUNICIPIUL TURDA,55259,M,1,1592,1571,21,922,796,21,105,916,6,1800,878,569,347
13,CLUJ,236,0,str.Fabricii nr.51,MUNICIPIUL TURDA,55259,M,1,1059,1030,29,578,539,29,10,576,2,1200,622,265,311
13,CLUJ,237,0,str. Tineretului nr. 6,MUNICIPIUL TURDA,55259,M,1,1288,1275,13,601,586,13,2,593,8,1400,799,229,364
13,CLUJ,238,0,str. Tineretului nr. 6,MUNICIPIUL TURDA,55259,M,1,2103,2058,45,985,940,45,0,977,8,2300,1315,334,643
13,CLUJ,239,0,str. Rapsodiei nr. 1,MUNICIPIUL TURDA,55259,M,1,1177,1156,21,631,600,21,10,622,9,1300,669,300,322
13,CLUJ,240,0,str. Rapsodiei nr. 1,MUNICIPIUL TURDA,55259,M,1,1575,1566,9,833,818,9,6,828,5,1800,967,343,485
13,CLUJ,241,0,str. Rapsodiei nr. 1,MUNICIPIUL TURDA,55259,M,1,1403,1394,9,670,656,9,5,668,2,1600,930,266,402
13,CLUJ,242,0,str. Aviatorilor nr. 14,MUNICIPIUL TURDA,55259,M,1,969,957,12,501,488,12,1,498,3,1101,600,209,289
13,CLUJ,243,0,str. Aviatorilor nr. 14,MUNICIPIUL TURDA,55259,M,1,1206,1189,17,650,631,17,2,646,4,1300,650,266,380
13,CLUJ,244,0,str. Aviatorilor nr. 14,MUNICIPIUL TURDA,55259,M,1,2070,2042,28,1021,973,28,20,1016,5,2299,1278,398,618
13,CLUJ,245,0,str. Tineretului nr. 6,MUNICIPIUL TURDA,55259,M,1,2271,2235,36,933,896,36,1,928,5,2500,1567,355,573
13,CLUJ,246,0,str. Tineretului nr. 6,MUNICIPIUL TURDA,55259,M,1,1664,1646,18,748,730,18,0,744,4,1899,1151,258,486
13,CLUJ,247,0,str. Tineretului nr. 6,MUNICIPIUL TURDA,55259,M,1,1511,1498,13,661,645,13,3,661,0,1700,1039,244,417
13,CLUJ,248,0,str. Lotus nr. 7,MUNICIPIUL TURDA,55259,M,1,1730,1721,9,698,689,9,0,694,4,1901,1203,267,427
13,CLUJ,249,0,str. Lotus nr. 7,MUNICIPIUL TURDA,55259,M,1,2117,2085,32,967,935,32,0,957,10,2300,1333,345,612
13,CLUJ,250,0,str. Lotus nr. 7,MUNICIPIUL TURDA,55259,M,1,1501,1470,31,701,669,31,1,694,7,1700,999,303,391
13,CLUJ,251,0,str. Lotus nr. 7,MUNICIPIUL TURDA,55259,M,1,1984,1970,14,892,872,14,6,888,4,2200,1308,319,569
13,CLUJ,252,0,str. Lotus nr. 7,MUNICIPIUL TURDA,55259,M,1,1501,1474,27,664,636,27,1,659,5,1699,1035,240,419
13,CLUJ,253,0,str. Lotus nr. 7,MUNICIPIUL TURDA,55259,M,1,1383,1361,22,621,599,22,0,617,4,1500,879,226,391
13,CLUJ,254,0,str. Cmpiei nr. 51,MUNICIPIUL TURDA,55259,M,1,991,980,11,537,523,11,3,532,5,1100,563,173,359
13,CLUJ,255,0,str. Cmpiei nr. 51,MUNICIPIUL TURDA,55259,M,1,1242,1226,16,685,663,16,6,667,18,1400,715,363,304
13,CLUJ,256,1,str.A.Muresanu nr.16,MUNICIPIUL TURDA,55259,M,1,49,0,49,184,0,49,135,182,2,500,316,91,91
13,CLUJ,257,0,P-ta Victoriei nr.11,ORAS HUEDIN,55446,O,1,2068,2041,27,965,930,27,8,960,5,2400,1435,451,509
13,CLUJ,258,0,str.Horea nr.78,ORAS HUEDIN,55446,O,1,1464,1454,10,629,616,10,3,619,10,1600,971,301,318
13,CLUJ,259,0,str.Avram Iancu nr.39,ORAS HUEDIN,55446,O,1,1953,1929,24,990,964,24,2,983,7,2000,1010,444,539
13,CLUJ,260,0,str.Horea nr.1,ORAS HUEDIN,55446,O,1,1453,1442,11,842,619,11,212,832,10,1600,758,385,447
13,CLUJ,261,0,cartierul Cetatea Veche nr.2,ORAS HUEDIN,55446,O,1,462,452,10,103,93,10,0,101,2,500,397,64,37
13,CLUJ,262,0,Scoala Generala Bicalat,ORAS HUEDIN,55446,O,1,354,345,9,185,176,9,0,182,3,400,215,99,83
13,CLUJ,263,1,str.Spitalului  nr.40-42,ORAS HUEDIN,55446,O,1,43,0,43,124,0,43,81,120,4,200,76,67,53
13,CLUJ,264,0,Sediul Primariei Aghiresu,AGHIRESU,55473,C,3,1102,1092,10,479,444,10,25,474,5,1300,821,225,249
13,CLUJ,265,0,Casa de Cultura Aghiresu Fabrici,AGHIRESU,55473,C,3,1240,1234,6,540,504,6,30,540,0,1400,860,277,263
13,CLUJ,266,0,Scoala Generala Aghiresu Fabrici,AGHIRESU,55473,C,3,1398,1362,36,553,517,36,0,553,0,1500,947,263,290
13,CLUJ,267,0,Caminul Cultural Arghisu,AGHIRESU,55473,C,3,145,137,8,97,68,8,21,96,1,300,203,62,34
13,CLUJ,268,0,Scoala Generala Bagara,AGHIRESU,55473,C,3,320,311,9,143,134,9,0,140,3,400,257,120,20
13,CLUJ,269,0,Scoala Generala Dncu,AGHIRESU,55473,C,3,98,88,10,71,54,10,7,71,0,200,129,60,11
13,CLUJ,270,0,Caminul Cultural Doroltu,AGHIRESU,55473,C,3,92,83,9,51,42,9,0,50,1,200,149,42,8
13,CLUJ,271,0,Caminul Cultural Inucu,AGHIRESU,55473,C,3,350,342,8,175,167,8,0,174,1,400,225,156,18
13,CLUJ,272,0,Scoala Generala Leghia,AGHIRESU,55473,C,3,460,449,11,314,303,11,0,313,1,500,186,195,118
13,CLUJ,273,0,Fosul sediu al  Consiliu Local din Macau,AGHIRESU,55473,C,3,576,565,11,254,239,11,4,253,1,700,446,209,44
13,CLUJ,274,0,Scoala Generala Ticu Colonie,AGHIRESU,55473,C,3,186,164,22,84,62,22,0,84,0,200,116,63,21
13,CLUJ,275,0,Scoala Generala Ticu,AGHIRESU,55473,C,3,125,107,18,60,40,18,2,59,1,300,240,44,15
13,CLUJ,276,0,Caminul Cultural Aiton,AITON,55598,C,3,669,613,56,414,335,56,23,406,8,700,286,281,125
13,CLUJ,277,0,Fostul CAP Rediu,AITON,55598,C,3,566,556,10,243,229,10,4,239,4,700,457,110,129
13,CLUJ,278,0,Scoala cls. I-VIII Alunis,ALUNIS,55623,C,3,535,532,3,271,267,3,1,268,3,600,329,173,95
13,CLUJ,279,0,Caminul cultural Corneni,ALUNIS,55623,C,3,157,150,7,77,70,7,0,75,2,196,119,49,26
13,CLUJ,280,0,Scoala cu cls. I-IV Ghirolt,ALUNIS,55623,C,3,405,399,6,200,194,6,0,196,4,500,300,119,77
13,CLUJ,281,0,Caminul cultural Vale,ALUNIS,55623,C,3,111,102,9,59,49,9,1,59,0,300,241,33,26
13,CLUJ,282,0,Casa de Cultura Apahida  - str. Libertatii nr. 112,APAHIDA,55687,C,3,1893,1871,22,762,740,22,0,760,2,2100,1338,308,452
13,CLUJ,283,0,Casa de Cultura Apahida  - str. Libertatii nr. 112,APAHIDA,55687,C,3,1885,1872,13,803,787,13,3,800,3,2101,1298,355,445
13,CLUJ,284,0,Scoala Generala Snnicoara - str. Scolii  nr. 50,APAHIDA,55687,C,3,1280,1248,32,715,682,32,1,710,5,1400,685,291,419
13,CLUJ,285,0,Sediul primariei din Dezmir - str. Viilor  nr. 15,APAHIDA,55687,C,3,1029,1008,21,511,487,21,3,506,5,1100,589,254,252
13,CLUJ,286,0,Sediul primariei din Pata -  str. G. Cosbuc nr. 88,APAHIDA,55687,C,3,418,407,11,239,228,11,0,235,4,499,260,137,98
13,CLUJ,287,0,Caminul Cultural  Corpadea-str. Crisan nr. 8,APAHIDA,55687,C,3,390,371,19,208,185,19,4,201,7,499,291,128,73
13,CLUJ,288,0,Bodrog - str. Petofi Sandor nr. 57,APAHIDA,55687,C,3,60,52,8,32,24,8,0,32,0,200,168,12,20
13,CLUJ,289,0,Cmpenesti - str. Manastirii nr. 79,APAHIDA,55687,C,3,65,52,13,40,15,13,12,40,0,200,160,19,21
13,CLUJ,290,0,Gradinita Aschileu Mare nr. 180,ASCHILEU,55776,C,3,595,592,3,252,244,3,5,246,6,696,444,139,107
13,CLUJ,291,0,Scoala primara  Aschileul Mic nr. 158,ASCHILEU,55776,C,3,292,284,8,172,164,8,0,169,3,400,228,119,50
13,CLUJ,292,0,Scoala primara Cristorel nr. 172,ASCHILEU,55776,C,3,338,330,8,160,152,8,0,159,1,400,240,101,58
13,CLUJ,293,0,Scoala primara Fodora nr. 34,ASCHILEU,55776,C,3,252,245,7,146,137,7,2,144,2,300,154,89,55
13,CLUJ,294,0,Caminul cultural Baciu,BACIU,55838,C,3,1857,1849,8,881,872,8,1,874,7,2100,1219,371,503
13,CLUJ,295,0,Caminul cultural Baciu,BACIU,55838,C,3,1419,1398,21,624,603,21,0,618,6,1600,976,307,311
13,CLUJ,296,0,Scoala Generala Corusu,BACIU,55838,C,3,448,440,8,215,207,8,0,211,4,500,285,123,88
13,CLUJ,297,0,Scoala Generala Mera,BACIU,55838,C,3,1166,1154,12,566,554,12,0,557,9,1300,734,480,77
13,CLUJ,298,0,Scoala Generala Popesti,BACIU,55838,C,3,475,450,25,244,219,25,0,243,1,500,256,138,105
13,CLUJ,299,0,Scoala generala Salistea-Noua,BACIU,55838,C,3,146,141,5,84,69,5,10,84,0,300,216,20,64
13,CLUJ,300,0,Scoala Generala Suceagu,BACIU,55838,C,3,976,970,6,418,399,6,13,412,6,1100,682,271,141
13,CLUJ,301,0,Scoala Generala Baisoara,BAISOARA,55918,C,3,914,909,5,567,558,5,4,564,3,1001,434,313,251
13,CLUJ,302,0,Scoala Generala Sacel,BAISOARA,55918,C,3,373,367,6,244,234,6,4,242,2,500,256,167,75
13,CLUJ,303,0,Scoala Generala Muntele Baisorii,BAISOARA,55918,C,3,486,476,10,208,193,10,5,207,1,600,392,103,104
13,CLUJ,304,0,Scoala Generala Muntele Sacel,BAISOARA,55918,C,3,94,84,10,40,30,10,0,40,0,200,160,21,19
13,CLUJ,305,0,Scoala Generala Frasinet,BAISOARA,55918,C,3,119,110,9,71,61,9,1,69,2,300,229,34,35
13,CLUJ,306,0,Primaria Comunei Belis,BELIS,56014,C,3,535,530,5,332,322,5,5,331,1,596,264,123,208
13,CLUJ,307,0,Scoala Generala Balcesti,BELIS,56014,C,3,141,132,9,92,83,9,0,91,1,300,208,40,51
13,CLUJ,308,0,Scoala Generala Dealu Botii,BELIS,56014,C,3,61,56,5,45,40,5,0,45,0,200,155,17,28
13,CLUJ,309,0,Scoala Generala Smida,BELIS,56014,C,3,48,44,4,27,23,4,0,27,0,100,73,15,12
13,CLUJ,310,0,Scoala Generala Giurcuta de Sus,BELIS,56014,C,3,169,163,6,94,88,6,0,93,1,200,106,72,21
13,CLUJ,311,0,Scoala Generala Poiana Horea,BELIS,56014,C,3,358,350,8,209,201,8,0,205,4,400,191,72,133
13,CLUJ,312,0,Cooperativa consum Antas,BOBALNA,56096,C,3,50,43,7,33,25,7,1,33,0,100,67,20,13
13,CLUJ,313,0,Scoala Generala Babdiu,BOBALNA,56096,C,3,176,172,4,89,84,4,1,88,1,200,111,56,32
13,CLUJ,314,0,Scoala Generala Boblna,BOBALNA,56096,C,3,434,420,14,254,240,14,0,254,0,500,246,134,120
13,CLUJ,315,0,Scoala Generala Maia,BOBALNA,56096,C,3,229,221,8,127,119,8,0,126,1,300,173,83,43
13,CLUJ,316,0,Scoala Generala Osorhel,BOBALNA,56096,C,3,98,90,8,60,52,8,0,60,0,200,140,39,21
13,CLUJ,317,0,Caminul Cultural Pruni,BOBALNA,56096,C,3,75,68,7,51,44,7,0,51,0,200,149,41,10
13,CLUJ,318,0,Scoala Generala Razbuneni,BOBALNA,56096,C,3,219,214,5,163,156,5,2,161,2,300,137,99,62
13,CLUJ,319,0,Caminul Cultural Suaras,BOBALNA,56096,C,3,150,141,9,94,85,9,0,91,3,400,306,54,37
13,CLUJ,320,0,Scoala Generala Vlcele,BOBALNA,56096,C,3,115,107,8,66,58,8,0,66,0,300,234,43,23
13,CLUJ,321,0,Primaria Comunei Bontida nr. 446,BONTIDA,56210,C,3,2149,2142,7,967,953,7,7,947,8,2400,1433,564,383
13,CLUJ,322,0,Scoala Generala Rascruci nr. 109,BONTIDA,56210,C,3,1185,1172,13,581,565,13,3,578,3,1300,719,302,276
13,CLUJ,323,0,Scoala Generala Coasta nr. 120,BONTIDA,56210,C,3,228,220,8,83,75,8,0,82,1,300,217,48,34
13,CLUJ,324,0,Primaria Comunei Borsa,BORSA,56265,C,3,1034,1029,5,499,476,5,18,495,4,1200,701,305,190
13,CLUJ,325,0,Caminul Cultural Giula,BORSA,56265,C,3,187,180,7,98,91,7,0,93,5,200,102,56,37
13,CLUJ,326,0,Scoala Generala Ciumafaia,BORSA,56265,C,3,142,135,7,67,60,7,0,67,0,300,233,52,15
13,CLUJ,327,0,Caminul Cultural Buza,BUZA,56327,C,3,1174,1169,5,635,627,5,3,625,10,1300,665,461,164
13,CLUJ,328,0,Caminul Cultural Caianu,CAIANU,56354,C,3,655,648,7,291,261,7,23,287,4,800,509,150,137
13,CLUJ,329,0,Caminul Cultural Barai,CAIANU,56354,C,3,283,274,9,114,104,9,1,110,4,300,186,68,42
13,CLUJ,330,0,Scoala Generala Caianu-Vama,CAIANU,56354,C,3,419,411,8,182,165,8,9,180,2,500,318,106,74
13,CLUJ,331,0,Caminul Cultural Vaida-Camaras,CAIANU,56354,C,3,792,782,10,321,311,10,0,319,2,888,567,261,58
13,CLUJ,332,0,Caminul Cultural Calarasi,CALARASI,56425,C,3,870,849,21,409,387,21,1,402,7,1001,592,258,144
13,CLUJ,333,0,Scoala Generala Bogata,CALARASI,56425,C,3,927,916,11,421,410,11,0,418,3,1100,679,303,115
13,CLUJ,334,0,Scoala Generala Calarasi-Gara,CALARASI,56425,C,3,333,324,9,192,183,9,0,190,2,399,207,95,95
13,CLUJ,335,0,Primaria Comunei Calatele,CALATELE,56461,C,3,817,788,29,417,386,29,2,411,6,900,483,232,179
13,CLUJ,336,0,Scoala Generala Calatele Padure,CALATELE,56461,C,3,224,213,11,137,126,11,0,133,4,300,163,66,67
13,CLUJ,337,0,Scoala Generala Calata,CALATELE,56461,C,3,363,339,24,231,207,24,0,229,2,400,169,122,107
13,CLUJ,338,0,Caminul Cultural Valeni,CALATELE,56461,C,3,307,298,9,168,159,9,0,168,0,400,232,112,56
13,CLUJ,339,0,Caminul Cultural Finciu,CALATELE,56461,C,3,186,166,20,123,103,20,0,122,1,200,77,64,58
13,CLUJ,340,0,Scoala Generala Dealu Negru,CALATELE,56461,C,3,387,384,3,228,219,3,6,228,0,500,272,105,123
13,CLUJ,341,0,Scoala cu cls. I-VIII Camarasu,CAMARASU,56522,C,3,1151,1147,4,448,440,4,4,438,10,1300,852,339,99
13,CLUJ,342,0,Scoala cu cls. I-IV Naoiu,CAMARASU,56522,C,3,486,477,9,252,242,9,1,248,4,600,348,183,65
13,CLUJ,343,0,Scoala cu cls. I-IV Smboleni,CAMARASU,56522,C,3,565,555,10,232,222,10,0,226,6,684,452,185,41
13,CLUJ,344,0,Caminul Cultural Capusu Mare nr. 59,CAPUSU MARE,56568,C,3,778,770,8,425,417,8,0,424,1,900,475,247,177
13,CLUJ,345,0,Caminul Cultural Capusu Mic nr. 86,CAPUSU MARE,56568,C,3,640,633,7,312,305,7,0,310,2,700,388,217,93
13,CLUJ,346,0,Fostul sediu CAP Dumbrava  nr. 74,CAPUSU MARE,56568,C,3,310,304,6,185,167,6,12,185,0,400,215,131,54
13,CLUJ,347,0,Scoala Generala (cls. I-IV) Paniceni nr. 164,CAPUSU MARE,56568,C,3,295,288,7,169,152,7,10,168,1,399,230,101,67
13,CLUJ,348,0,Scoala cls. I-VIII DOngau Mare nr. 115,CAPUSU MARE,56568,C,3,549,542,7,356,324,7,25,352,4,600,244,223,129
13,CLUJ,349,0,Caminul Cultural AgOrbiciu nr. 201A,CAPUSU MARE,56568,C,3,464,451,13,338,319,13,6,336,2,600,262,208,128
13,CLUJ,350,0,Caminul Cultural Caseiu,CASEIU,56666,C,3,1084,1072,12,571,558,12,1,566,5,1200,629,314,252
13,CLUJ,351,0,Scoala Generala Coplean,CASEIU,56666,C,3,345,334,11,171,160,11,0,171,0,400,229,94,77
13,CLUJ,352,0,Scoala Generala Rugasesti,CASEIU,56666,C,3,882,867,15,443,427,15,1,441,2,1000,557,282,159
13,CLUJ,353,0,Scoala Generala Guga,CASEIU,56666,C,3,288,276,12,135,123,12,0,132,3,300,165,100,32
13,CLUJ,354,0,Scoala Generala Grbaul-Dejului,CASEIU,56666,C,3,224,218,6,90,83,6,1,89,1,300,210,41,48
13,CLUJ,355,0,Scoala Generala Salatruc,CASEIU,56666,C,3,67,59,8,42,34,8,0,42,0,200,158,14,28
13,CLUJ,356,0,Scoala Generala Leurda,CASEIU,56666,C,3,104,95,9,44,35,9,0,42,2,200,156,21,21
13,CLUJ,357,0,Scoala Generala Urisor,CASEIU,56666,C,3,768,759,9,404,395,9,0,396,8,900,496,242,154
13,CLUJ,358,0,Primaria Comunei Catina,CATINA,56773,C,3,1143,1138,5,519,511,5,3,511,8,1300,781,325,186
13,CLUJ,359,0,Scoala Generala Feldioara,CATINA,56773,C,3,486,474,12,237,225,12,0,236,1,600,363,189,47
13,CLUJ,360,0,Scoala Generala Copru,CATINA,56773,C,3,133,125,8,80,72,8,0,79,1,300,220,43,36
13,CLUJ,361,0,Caminul Cultural Ctcau,CATCAU,57314,C,3,1203,1184,19,721,648,19,54,713,8,1300,579,390,323
13,CLUJ,362,0,Scoala Generala Muncel,CATCAU,57314,C,3,231,222,9,113,104,9,0,112,1,300,187,65,47
13,CLUJ,363,0,Scoala Generala Salisca,CATCAU,57314,C,3,499,489,10,289,279,10,0,284,5,600,311,180,104
13,CLUJ,364,0,Caminul Cultural Ceanu Mare,CEANU MARE,56844,C,3,1363,1352,11,522,506,11,5,513,9,1500,978,264,249
13,CLUJ,365,0,Gradinita Boian,CEANU MARE,56844,C,3,808,801,7,377,363,7,7,371,6,900,523,219,152
13,CLUJ,366,0,Fostul sediu CAP Boldut,CEANU MARE,56844,C,3,679,670,9,331,322,9,0,326,5,800,469,225,101
13,CLUJ,367,0,Caminul Cultural Iacobeni,CEANU MARE,56844,C,3,568,557,11,265,254,11,0,258,7,700,435,169,89
13,CLUJ,368,0,Scoala Generala Dosu Napului,CEANU MARE,56844,C,3,162,149,13,85,72,13,0,82,3,400,315,55,27
13,CLUJ,369,0,Postul de Politie  Chinteni,CHINTENI,56988,C,3,849,841,8,486,439,8,39,478,8,1000,514,283,195
13,CLUJ,370,0,Scoala Generala Deusu,CHINTENI,56988,C,3,653,640,13,371,323,13,35,365,6,700,329,222,143
13,CLUJ,371,0,Scoala Generala Macicasu,CHINTENI,56988,C,3,453,447,6,390,384,6,0,386,4,500,110,334,52
13,CLUJ,372,0,Sediul Primariei   din  Feiurdeni,CHINTENI,56988,C,3,453,443,10,252,209,10,33,247,5,500,248,181,66
13,CLUJ,373,0,Scoala Generala Chiuiesti (cls. I-VIII),CHIUIESTI,57083,C,3,1356,1342,14,694,679,14,1,690,4,1500,806,259,431
13,CLUJ,374,0,Scoala Generala Magoaja (cls. I-IV),CHIUIESTI,57083,C,3,330,320,10,217,188,10,19,217,0,400,183,153,64
13,CLUJ,375,0,Scoala Generala Strambu (cls. I-VIII),CHIUIESTI,57083,C,3,377,369,8,185,154,8,23,184,1,400,215,121,63
13,CLUJ,376,0,Scoala Generala Huta (cls. I-IV),CHIUIESTI,57083,C,3,128,116,12,66,54,12,0,65,1,300,234,45,20
13,CLUJ,377,0,Scoala Generala Ciucea,CIUCEA,57163,C,3,861,858,3,463,456,3,4,455,8,1000,537,231,224
13,CLUJ,378,0,Scoala Generala Calea Lata,CIUCEA,57163,C,3,226,220,6,92,86,6,0,89,3,300,208,54,35
13,CLUJ,379,0,Scoala Generala VOnatori,CIUCEA,57163,C,3,416,407,9,184,175,9,0,181,3,500,316,93,88
13,CLUJ,380,0,Magazin satesc Ciurila,CIURILA,57225,C,3,181,165,16,108,92,16,0,106,2,400,292,79,27
13,CLUJ,381,0,Scoala Generala Salicea (cls. I-IV),CIURILA,57225,C,3,217,210,7,122,107,7,8,119,3,300,178,54,65
13,CLUJ,382,0,Scoala Generala Filea de Jos  (cls. I-IV),CIURILA,57225,C,3,357,352,5,218,196,5,17,214,4,400,182,134,80
13,CLUJ,383,0,Scoala Generala Sutu  (cls. I-IV),CIURILA,57225,C,3,338,325,13,137,124,13,0,135,2,400,263,70,65
13,CLUJ,384,0,Scoala Generala Saliste  (cls. I-IV),CIURILA,57225,C,3,109,104,5,58,53,5,0,58,0,300,242,31,27
13,CLUJ,385,0,Cladirea FICO Cojocna -str. M. Eminescu nr. 4,COJOCNA,57350,C,3,1834,1831,3,723,705,3,15,713,10,2100,1377,492,221
13,CLUJ,386,0,Scoala Generala Boju,COJOCNA,57350,C,3,537,533,4,238,234,4,0,234,4,600,362,102,132
13,CLUJ,387,0,Scoala Generala Cara,COJOCNA,57350,C,3,594,584,10,314,304,10,0,310,4,700,386,172,138
13,CLUJ,388,0,Caminul Cultural Iuriu de COmpie,COJOCNA,57350,C,3,427,421,6,149,141,6,2,148,1,500,351,103,45
13,CLUJ,389,0,Scoala Generala Cornesti,CORNESTI,57449,C,3,215,212,3,125,122,3,0,122,3,300,175,97,25
13,CLUJ,390,0,Caminul Cultural BOrlea,CORNESTI,57449,C,3,190,186,4,114,110,4,0,113,1,200,86,84,29
13,CLUJ,391,0,Scoala Generala Lujerdiu,CORNESTI,57449,C,3,339,335,4,178,154,4,20,176,2,400,222,103,73
13,CLUJ,392,0,Magazin satesc Stoiana,CORNESTI,57449,C,3,241,233,8,132,123,8,1,132,0,300,168,76,56
13,CLUJ,393,0,Caminul Cultural Tiocu de Jos,CORNESTI,57449,C,3,146,139,7,91,84,7,0,91,0,400,309,62,29
13,CLUJ,394,0,Sediul fostului CAP Tiocu de Sus,CORNESTI,57449,C,3,172,168,4,98,94,4,0,98,0,200,102,82,16
13,CLUJ,395,0,Caminul Cultural Tioltiur,CORNESTI,57449,C,3,209,202,7,103,96,7,0,103,0,300,197,57,46
13,CLUJ,396,0,Camin Cultural Cuzdrioara,CUZDRIOARA,55062,C,3,1843,1820,23,874,851,23,0,865,9,2108,1234,330,535
13,CLUJ,397,0,Camin Cultural Manasturel,CUZDRIOARA,55062,C,3,574,560,14,266,252,14,0,265,1,700,434,164,101
13,CLUJ,398,0,Scoala Generala Dabca,DABACA,57546,C,3,671,668,3,366,313,3,50,365,1,800,434,240,125
13,CLUJ,399,0,Scoala Generala Luna de Jos,DABACA,57546,C,3,517,510,7,274,228,7,39,271,3,600,326,138,133
13,CLUJ,400,0,Caminul Cultural Pglisa,DABACA,57546,C,3,125,119,6,96,64,6,26,95,1,300,204,51,44
13,CLUJ,401,0,Primaria Comunei Feleacu nr. 131,FELEACU,57582,C,3,1445,1438,7,577,566,7,4,574,3,1584,1007,240,334
13,CLUJ,402,0,Caminul Cultural Gheorgheni nr. 296,FELEACU,57582,C,3,904,896,8,315,307,8,0,310,5,1000,685,213,97
13,CLUJ,403,0,Scoala Generala VOlcele nr. 355/a,FELEACU,57582,C,3,785,774,11,305,294,11,0,303,2,900,595,121,182
13,CLUJ,404,0,Clubul apartinator Caminului Cultural Fizesu Gherlii,FIZESU GHERLII,57644,C,3,1139,1132,7,436,429,7,0,428,8,1300,864,252,176
13,CLUJ,405,0,Scoala Generala Nicula (cls. I-VIII),FIZESU GHERLII,57644,C,3,530,524,6,271,264,6,1,266,5,600,329,138,128
13,CLUJ,406,0,Scoala Generala Bont (cls. I-IV),FIZESU GHERLII,57644,C,3,311,303,8,148,139,8,1,144,4,400,252,98,46
13,CLUJ,407,0,Scoala Generala Sacalaia (cls. I-IV),FIZESU GHERLII,57644,C,3,200,191,9,119,110,9,0,117,2,300,181,80,37
13,CLUJ,408,0,Caminul Cultural nr. 2 Floresti,FLORESTI,57706,C,3,2031,1991,40,1052,995,40,17,1036,16,2285,1233,596,440
13,CLUJ,409,0,Gradinita nr. 2 Floresti,FLORESTI,57706,C,3,1049,987,62,627,555,62,10,621,6,1100,473,227,394
13,CLUJ,410,0,Gradinita nr. 1 Floresti,FLORESTI,57706,C,3,913,865,48,503,438,48,17,500,3,1000,497,235,265
13,CLUJ,411,0,Caminul Cultural Luna de Sus,FLORESTI,57706,C,3,1683,1672,11,709,688,11,10,708,1,1900,1191,461,247
13,CLUJ,412,0,Caminul Cultural Tauti,FLORESTI,57706,C,3,177,159,18,112,76,18,18,111,1,200,88,66,45
13,CLUJ,413,0,Caminul Cultural Frata,FRATA,57742,C,3,1802,1788,14,761,744,14,3,753,8,2000,1239,530,223
13,CLUJ,414,0,Scoala Generala Berchiesu,FRATA,57742,C,3,582,578,4,219,213,4,2,211,8,700,481,176,35
13,CLUJ,415,0,Scoala Generala Poiana Fratii,FRATA,57742,C,3,236,228,8,94,86,8,0,93,1,300,206,60,33
13,CLUJ,416,0,Scoala Generala Soporul de COmpie,FRATA,57742,C,3,1054,1046,8,419,411,8,0,403,8,1200,789,281,122
13,CLUJ,417,0,Caminul Cultural Grbau  nr. 82,GARBAU,57948,C,3,595,589,6,293,285,6,2,290,3,700,407,151,139
13,CLUJ,418,0,Scoala Generala Vistea  nr. 34,GARBAU,57948,C,3,648,638,10,370,351,10,9,367,3,700,330,298,69
13,CLUJ,419,0,Scoala Generala Turea   nr. 40,GARBAU,57948,C,3,450,442,8,244,236,8,0,242,2,500,256,186,56
13,CLUJ,420,0,Scoala Generala Nadasel    nr. 106,GARBAU,57948,C,3,260,250,10,153,137,10,6,149,4,300,147,88,61
13,CLUJ,421,0,Scoala Generala Cornesti nr. 74,GARBAU,57948,C,3,123,117,6,98,79,6,13,98,0,300,202,65,33
13,CLUJ,422,0,Consiliul Local Geaca,GEACA,57831,C,3,522,519,3,256,253,3,0,254,2,600,344,183,71
13,CLUJ,423,0,Caminul Cultural Lacu,GEACA,57831,C,3,257,225,32,209,177,32,0,206,3,300,91,157,49
13,CLUJ,424,0,Scoala Generala Sucutard,GEACA,57831,C,3,329,323,6,170,163,6,1,168,2,400,230,97,71
13,CLUJ,425,0,Caminul Cultural Legii,GEACA,57831,C,3,184,173,11,96,81,11,4,91,5,200,104,66,25
13,CLUJ,426,0,Scoala Generala Puini,GEACA,57831,C,3,94,84,10,42,32,10,0,42,0,200,158,30,12
13,CLUJ,427,0,Scoala Generala Chiris (cls. I-IV),GEACA,57831,C,3,99,90,9,50,41,9,0,50,0,200,150,26,24
13,CLUJ,428,0,Caminul Cultural Gilau,GILAU,57902,C,3,2537,2493,44,1240,1194,44,2,1230,10,2800,1560,578,652
13,CLUJ,429,0,Casa de Cultura Gilau,GILAU,57902,C,3,2061,2028,33,922,888,33,1,917,5,2300,1378,459,458
13,CLUJ,430,0,Scoala Generala Somesu-Rece,GILAU,57902,C,3,958,944,14,505,457,14,34,499,6,1100,595,277,222
13,CLUJ,431,0,Scoala Generala Somesu-Rece-Uzina Electrica,GILAU,57902,C,3,514,489,25,206,179,25,2,203,3,600,394,138,65
13,CLUJ,432,0,Scoala Generala Iara,IARA,58008,C,3,1641,1632,9,597,582,9,6,594,3,1800,1203,371,223
13,CLUJ,433,0,Scoala Generala Agris,IARA,58008,C,3,428,419,9,163,154,9,0,162,1,500,337,98,64
13,CLUJ,434,0,Scoala Generala Buru,IARA,58008,C,3,230,219,11,102,91,11,0,101,1,300,198,47,54
13,CLUJ,435,0,Scoala Generala Cacova  Ierii,IARA,58008,C,3,462,454,8,148,140,8,0,148,0,500,352,108,40
13,CLUJ,436,0,Casa Lupu Iosiv nr. 21A  Borzesti,IARA,58008,C,3,52,45,7,23,16,7,0,23,0,100,77,15,8
13,CLUJ,437,0,Scoala Generala Fagetu Ierii,IARA,58008,C,3,285,277,8,103,95,8,0,103,0,400,297,70,33
13,CLUJ,438,0,Scoala Generala Masca,IARA,58008,C,3,218,208,10,80,70,10,0,80,0,300,220,62,18
13,CLUJ,439,0,Scoala Generala Surduc,IARA,58008,C,3,357,349,8,131,123,8,0,129,2,400,269,91,38
13,CLUJ,440,0,Scoala Generala Ocolisel,IARA,58008,C,3,142,134,8,69,61,8,0,69,0,300,231,19,50
13,CLUJ,441,0,Consiliul Local Iclod,ICLOD,58142,C,3,1627,1616,11,740,729,11,0,735,5,1800,1060,312,423
13,CLUJ,442,0,Scoala Generala Fundatura,ICLOD,58142,C,3,576,571,5,268,261,5,2,268,0,700,432,134,134
13,CLUJ,443,0,Scoala Generala Livada,ICLOD,58142,C,3,751,745,6,440,418,6,16,437,3,900,460,223,214
13,CLUJ,444,0,Scoala Generala Orman,ICLOD,58142,C,3,572,566,6,285,279,6,0,283,2,700,415,152,131
13,CLUJ,445,0,Primaria Comunei Izvoru Crisului,IZVORU CRISULUI,58204,C,3,802,796,6,262,256,6,0,256,6,900,638,185,71
13,CLUJ,446,0,Scoala Generala Nadasu,IZVORU CRISULUI,58204,C,3,255,247,8,177,166,8,3,176,1,300,123,90,86
13,CLUJ,447,0,Caminul Cultural Saula,IZVORU CRISULUI,58204,C,3,301,291,10,135,124,10,1,135,0,400,265,105,30
13,CLUJ,448,0,Caminul Cultural Jichisu de Jos,JICHISU DE JOS,55106,C,3,372,365,7,210,203,7,0,209,1,400,190,102,107
13,CLUJ,449,0,Scoala Generala Codor,JICHISU DE JOS,55106,C,3,336,330,6,230,224,6,0,224,6,400,170,97,127
13,CLUJ,450,0,Scoala Generala Jichisu de Sus,JICHISU DE JOS,55106,C,3,280,273,7,151,144,7,0,151,0,300,149,109,42
13,CLUJ,451,0,Scoala Generala Tarpiu,JICHISU DE JOS,55106,C,3,121,112,9,78,69,9,0,77,1,301,223,41,36
13,CLUJ,452,0,Primaria Comunei Jucu de Sus  nr. 112,JUCU,58259,C,3,1098,1083,15,453,438,15,0,449,4,1199,746,258,191
13,CLUJ,453,0,Scoala Generala  Jucu de Mijloc(cls. I-IV),JUCU,58259,C,3,674,668,6,278,272,6,0,275,3,800,522,123,152
13,CLUJ,454,0,Scoala Generala Gadalin (cls. I-VIII),JUCU,58259,C,3,577,561,16,287,271,16,0,284,3,700,413,193,91
13,CLUJ,455,0,Scoala Generala Visea   (cls. I-VIII),JUCU,58259,C,3,520,502,18,237,219,18,0,236,1,600,363,190,46
13,CLUJ,456,0,Scoala Generala Jucu Herghelie (cls. I-VIII),JUCU,58259,C,3,330,315,15,175,159,15,1,175,0,400,225,81,94
13,CLUJ,457,1,str. Hergheliei nr. 42,JUCU,58259,C,3,11,0,11,100,0,11,89,98,2,200,100,66,32
13,CLUJ,458,0,Caminul Cultural Luna,LUNA,58311,C,3,2052,2029,23,907,883,23,1,902,5,2300,1393,486,416
13,CLUJ,459,0,Gradinita Luncani,LUNA,58311,C,3,1203,1189,14,508,494,14,0,504,4,1300,792,324,180
13,CLUJ,460,0,Scoala Generala Gligoresti,LUNA,58311,C,3,441,431,10,252,242,10,0,249,3,500,248,117,132
13,CLUJ,461,0,Primaria Comunei Maguri-Racatau,MAGURI-RACATAU,58357,C,3,685,676,9,293,270,9,14,290,3,800,507,171,119
13,CLUJ,462,0,Scoala Generala Maguri-Bogdanesti,MAGURI-RACATAU,58357,C,3,761,754,7,309,296,7,6,307,2,900,591,229,78
13,CLUJ,463,0,Scoala Generala Muntele Rece,MAGURI-RACATAU,58357,C,3,485,479,6,148,131,6,11,144,4,600,452,120,24
13,CLUJ,464,0,Primaria Comunei Manastireni,MANASTIRENI,58393,C,3,964,956,8,532,513,8,11,530,2,1100,568,336,194
13,CLUJ,465,0,Scoala Generala Bedeciu,MANASTIRENI,58393,C,3,558,542,16,338,322,16,0,331,7,600,262,223,108
13,CLUJ,466,0,Consiliul Local Margau,MARGAU,58464,C,3,438,426,12,236,215,12,9,234,2,500,264,109,125
13,CLUJ,467,0,Sediull  Primariei Comunei Margau din  Rachitele,MARGAU,58464,C,3,734,724,10,398,383,10,5,393,5,800,402,193,200
13,CLUJ,468,0,Scoala Generala Scrind Frasinet,MARGAU,58464,C,3,150,147,3,96,91,3,2,93,3,400,304,32,61
13,CLUJ,469,0,Scoala Generala Buteni,MARGAU,58464,C,3,249,241,8,100,88,8,4,100,0,300,200,57,43
13,CLUJ,470,0,Scoala Generala Marisel-Rusesti,MARISEL,58534,C,3,141,134,7,80,72,7,1,80,0,300,220,12,68
13,CLUJ,471,0,"Scoala Generala ""Pelaghia-Rosu"" Marisel-Stanesti",MARISEL,58534,C,3,1029,1026,3,403,400,3,0,400,3,1200,797,282,118
13,CLUJ,472,0,Scoala Generala Marisel-Costesti,MARISEL,58534,C,3,197,189,8,76,68,8,0,74,2,300,224,41,33
13,CLUJ,473,0,Camin Cultural Mica,MICA,55160,C,3,644,636,8,368,358,8,2,364,4,700,332,160,204
13,CLUJ,474,0,Camin Cultural Manastirea,MICA,55160,C,3,560,555,5,338,333,5,0,338,0,700,362,198,140
13,CLUJ,475,0,Camin Cultural Nires,MICA,55160,C,3,973,960,13,483,470,13,0,474,9,1100,617,312,162
13,CLUJ,476,0,Scoala Generala Snmarghita (cls. I-VIII),MICA,55160,C,3,903,894,9,425,416,9,0,417,8,1000,575,183,234
13,CLUJ,477,0,Caminul Cultural Mihai Viteazu,MIHAI VITEAZU,55277,C,3,2049,2036,13,981,968,13,0,972,9,2300,1319,400,572
13,CLUJ,478,0,Scoala Veche Mihai Viteazu,MIHAI VITEAZU,55277,C,3,1729,1718,11,692,674,11,7,686,6,1900,1208,283,403
13,CLUJ,479,0,Scoala Generala Cheia,MIHAI VITEAZU,55277,C,3,479,471,8,218,210,8,0,215,3,600,382,93,122
13,CLUJ,480,0,Scoala Generala Cornesti,MIHAI VITEAZU,55277,C,3,595,586,9,318,308,9,1,312,6,702,384,152,160
13,CLUJ,481,0,Primaria Comunei Mintiu-Gherlii,MINTIU GHERLII,58552,C,3,1176,1170,6,534,526,6,2,525,9,1300,766,302,223
13,CLUJ,482,0,Scoala Generala Bunesti (cls. I-IV),MINTIU GHERLII,58552,C,3,727,714,13,330,317,13,0,324,6,800,470,152,172
13,CLUJ,483,0,Scoala Generala Nima   (cls. I-IV),MINTIU GHERLII,58552,C,3,592,585,7,262,253,7,2,259,3,700,438,163,96
13,CLUJ,484,0,Scoala Generala Padureni (cls. I-IV),MINTIU GHERLII,58552,C,3,120,110,10,62,52,10,0,57,5,299,237,26,31
13,CLUJ,485,0,Scoala Generala Petresti (cls. I-IV),MINTIU GHERLII,58552,C,3,220,210,10,139,127,10,2,139,0,299,160,88,51
13,CLUJ,486,0,Scoala Generala Salatiu  (cls. I-IV),MINTIU GHERLII,58552,C,3,185,173,12,105,93,12,0,105,0,200,95,78,27
13,CLUJ,487,0,Scoala Generala Mociu cls. I-IV,MOCIU,58623,C,3,1398,1387,11,628,587,11,30,616,12,1600,972,421,195
13,CLUJ,488,0,Magazin satesc Boteni,MOCIU,58623,C,3,226,219,7,90,83,7,0,89,1,300,210,67,22
13,CLUJ,489,0,Scoala Primara Chesau cls. I-IV,MOCIU,58623,C,3,313,305,8,151,143,8,0,148,3,400,249,109,39
13,CLUJ,490,0,Scoala Primara Criseni cls. I-IV,MOCIU,58623,C,3,260,252,8,134,126,8,0,131,3,300,166,110,21
13,CLUJ,491,0,Scoala Primara Ghirisu-Romn cls. I-IV,MOCIU,58623,C,3,325,318,7,158,151,7,0,156,2,400,242,78,78
13,CLUJ,492,0,Scoala Primara Rosieni cls. I-IV,MOCIU,58623,C,3,167,158,9,92,79,9,4,91,1,200,108,52,39
13,CLUJ,493,0,Scoala Primara Zorenii de Vale cls. I-IV,MOCIU,58623,C,3,260,253,7,130,123,7,0,128,2,300,170,76,52
13,CLUJ,494,0,Primaria Comunei Moldovenesti,MOLDOVENESTI,58721,C,3,721,719,2,242,240,2,0,230,12,800,558,155,75
13,CLUJ,495,0,Scoala veche Moldovenesti,MOLDOVENESTI,58721,C,3,422,414,8,215,207,8,0,208,7,500,285,173,35
13,CLUJ,496,0,Scoala Generala Plaiesti,MOLDOVENESTI,58721,C,3,461,446,15,199,184,15,0,197,2,500,301,148,49
13,CLUJ,497,0,Scoala Generala Badeni,MOLDOVENESTI,58721,C,3,592,582,10,216,206,10,0,208,8,700,484,139,69
13,CLUJ,498,0,Cladirea Primariei din Stejeris,MOLDOVENESTI,58721,C,3,179,170,9,76,67,9,0,75,1,201,125,53,22
13,CLUJ,499,0,Scoala Generala Podeni,MOLDOVENESTI,58721,C,3,543,539,4,255,251,4,0,249,6,600,345,142,107
13,CLUJ,500,0,Scoala Generala Negreni cls. I-VIII,NEGRENI,60169,C,3,1551,1534,17,809,767,17,25,801,8,1700,891,334,467
13,CLUJ,501,0,Scoala Generala Bucea cls. I-VIII,NEGRENI,60169,C,3,661,637,24,381,340,24,17,378,3,700,319,156,222
13,CLUJ,502,0,Primaria Comunei Panticeu,PANTICEU,58856,C,3,524,514,10,259,216,10,33,256,3,600,341,167,89
13,CLUJ,503,0,Scoala Generala DOrja,PANTICEU,58856,C,3,211,206,5,137,110,5,22,135,2,301,164,74,61
13,CLUJ,504,0,Scoala Generala Cublesul Somesan,PANTICEU,58856,C,3,401,398,3,257,211,3,43,253,4,500,243,187,66
13,CLUJ,505,0,Scoala Generala Sarata,PANTICEU,58856,C,3,243,239,4,108,88,4,16,106,2,300,192,85,21
13,CLUJ,506,0,Caminul Cultural Catalina,PANTICEU,58856,C,3,68,62,6,72,30,6,36,71,1,200,128,58,13
13,CLUJ,507,0,Scoala Generala Palatca,PALATCA,58794,C,3,821,816,5,369,364,5,0,367,2,900,531,267,100
13,CLUJ,508,0,Scoala Generala Sava nr. 84,PALATCA,58794,C,3,379,373,6,133,121,6,6,128,5,500,367,94,34
13,CLUJ,509,0,Primaria Comunei Petrestii de Jos,PETRESTII DE JOS,58918,C,3,602,596,6,289,276,6,7,287,2,700,411,131,156
13,CLUJ,510,0,Scoala Generala Petrestii de Mijloc,PETRESTII DE JOS,58918,C,3,246,240,6,83,77,6,0,82,1,300,217,48,34
13,CLUJ,511,0,Scoala Generala Craiesti,PETRESTII DE JOS,58918,C,3,196,190,6,96,90,6,0,93,3,300,204,48,45
13,CLUJ,512,0,Scoala Generala l Livada,PETRESTII DE JOS,58918,C,3,204,193,11,100,86,11,3,100,0,300,200,65,35
13,CLUJ,513,0,Scoala Generala Deleni,PETRESTII DE JOS,58918,C,3,225,219,6,121,109,6,6,121,0,300,179,82,39
13,CLUJ,514,0,Scoala Generala Plaiuri,PETRESTII DE JOS,58918,C,3,157,146,11,83,72,11,0,83,0,400,317,69,14
13,CLUJ,515,0,Scoala Generala Ploscos,PLOSCOS,58990,C,3,366,360,6,153,138,6,9,152,1,400,247,72,80
13,CLUJ,516,0,Scoala Generala Valea Florilor,PLOSCOS,58990,C,3,272,267,5,142,130,5,7,141,1,300,158,57,84
13,CLUJ,517,0,Caminul Cultural Poieni,POIENI,59041,C,3,1036,1031,5,531,526,5,0,525,6,1200,669,318,207
13,CLUJ,518,0,Scoala Generala Bologa,POIENI,59041,C,3,577,573,4,345,341,4,0,341,4,700,355,180,161
13,CLUJ,519,0,Scoala Generala Morlaca,POIENI,59041,C,3,731,726,5,324,316,5,3,317,7,800,476,207,110
13,CLUJ,520,0,Scoala Generala Hodisu,POIENI,59041,C,3,402,395,7,203,196,7,0,203,0,500,297,89,114
13,CLUJ,521,0,Scoala Generala Valea-Draganului,POIENI,59041,C,3,1467,1457,10,741,731,10,0,738,3,1600,859,451,287
13,CLUJ,522,0,Scoala Generala Tranisu,POIENI,59041,C,3,417,411,6,171,165,6,0,170,1,500,329,116,54
13,CLUJ,523,0,Scoala Generala  Lunca-Visagului,POIENI,59041,C,3,252,242,10,114,104,10,0,113,1,300,186,86,27
13,CLUJ,524,0,Scoala Generala Rsca cls. I-VIII,RISCA,59238,C,3,976,972,4,424,417,4,3,420,4,1100,676,164,256
13,CLUJ,525,0,Scoala Generala Dealu Mare cls. I-IV,RISCA,59238,C,3,403,388,15,198,183,15,0,197,1,500,302,105,92
13,CLUJ,526,0,Scoala Generala Mircesti cls. I-IV,RISCA,59238,C,3,240,228,12,139,127,12,0,136,3,300,161,65,71
13,CLUJ,527,0,Primaria Comunei Recea-Cristur,RECEA-CRISTUR,59130,C,3,595,589,6,271,265,6,0,269,2,700,429,185,84
13,CLUJ,528,0,Scoala Generala Elciu   cls. I-IV,RECEA-CRISTUR,59130,C,3,153,144,9,83,74,9,0,80,3,400,317,61,19
13,CLUJ,529,0,Scoala Generala Ciubancuta            cls. I-IV,RECEA-CRISTUR,59130,C,3,241,233,8,99,91,8,0,97,2,300,201,78,19
13,CLUJ,530,0,Scoala Generala Ciubanca cls. I-IV,RECEA-CRISTUR,59130,C,3,139,133,6,82,75,6,1,81,1,300,218,32,49
13,CLUJ,531,0,Scoala Generala Osoi  cls. I-IV,RECEA-CRISTUR,59130,C,3,158,158,0,120,120,0,0,120,0,200,80,105,15
13,CLUJ,532,0,Scoala Generala Pustuta cls. I-IV,RECEA-CRISTUR,59130,C,3,68,60,8,45,37,8,0,45,0,200,155,33,12
13,CLUJ,533,0,Caminul Cultural Sacuieu,SACUIEU,59283,C,3,432,432,0,266,249,0,17,254,12,500,234,140,114
13,CLUJ,534,0,Caminul Cultural Rogojel,SACUIEU,59283,C,3,596,593,3,268,250,3,15,266,2,699,431,129,137
13,CLUJ,535,0,Caminul Cultural Visag,SACUIEU,59283,C,3,315,310,5,161,156,5,0,160,1,400,239,92,68
13,CLUJ,536,0,Scoala Generala Sandulesti,SANDULESTI,55311,C,3,506,496,10,239,224,10,5,239,0,601,362,121,118
13,CLUJ,537,0,"Scoala Generala ""Simion Balint"" Copaceni",SANDULESTI,55311,C,3,1010,1001,9,432,421,9,2,427,5,1100,668,208,219
13,CLUJ,538,0,Caminul Cultural Savadisla,SAVADISLA,59327,C,3,885,875,10,432,359,10,63,424,8,1000,568,281,143
13,CLUJ,539,0,Scoala Generala Finisel  cls. I-VIII,SAVADISLA,59327,C,3,660,649,11,272,261,11,0,272,0,700,428,170,102
13,CLUJ,540,0,Scoala Generala Hasdate  cls. I-VIII,SAVADISLA,59327,C,3,471,460,11,250,237,11,2,247,3,500,250,112,135
13,CLUJ,541,0,Caminul cultural   Lita,SAVADISLA,59327,C,3,286,275,11,173,145,11,17,171,2,300,127,105,66
13,CLUJ,542,0,Scoala Generala Liteni  cls. I-IV,SAVADISLA,59327,C,3,369,363,6,166,160,6,0,163,3,400,234,113,50
13,CLUJ,543,0,Scoala Generala Stolna   cls. I-IV,SAVADISLA,59327,C,3,194,187,7,134,119,7,8,132,2,200,66,90,42
13,CLUJ,544,0,Caminul Cultural Valisoara,SAVADISLA,59327,C,3,80,68,12,63,51,12,0,63,0,200,137,29,34
13,CLUJ,545,0,Caminul Cultural Vlaha,SAVADISLA,59327,C,3,718,705,13,283,269,13,1,281,2,800,517,190,91
13,CLUJ,546,0,Caminul Cultural Sncraiu,SANCRAIU,59434,C,3,1509,1505,4,835,827,4,4,826,9,1700,865,529,297
13,CLUJ,547,0,Primaria Comunei Snmartin,SANMARTIN,59498,C,3,223,218,5,122,117,5,0,122,0,300,178,85,37
13,CLUJ,548,0,Scoala Generala Ceaba cls. I-IV,SANMARTIN,59498,C,3,235,227,8,181,173,8,0,179,2,300,119,58,121
13,CLUJ,549,0,Scoala Generala Cutca,SANMARTIN,59498,C,3,442,437,5,262,257,5,0,259,3,500,238,127,132
13,CLUJ,550,0,Caminul cultural Smboieni,SANMARTIN,59498,C,3,182,177,5,129,124,5,0,127,2,200,71,51,76
13,CLUJ,551,0,Scoala Generala Trgusor,SANMARTIN,59498,C,3,100,94,6,68,60,6,2,66,2,300,232,40,26
13,CLUJ,552,0,Scoala Generala Mahal,SANMARTIN,59498,C,3,99,91,8,86,78,8,0,85,1,199,113,43,42
13,CLUJ,553,0,Scoala Generala Divicorii Mari,SANMARTIN,59498,C,3,248,241,7,169,162,7,0,164,5,300,131,91,73
13,CLUJ,554,0,Primaria Comunei Snpaul,SANPAUL,59586,C,3,739,728,11,422,407,11,4,416,6,800,378,219,197
13,CLUJ,555,0,Scoala Generala Sardu,SANPAUL,59586,C,3,414,407,7,236,227,7,2,233,3,500,264,90,143
13,CLUJ,556,0,Scoala Generala Berindu,SANPAUL,59586,C,3,387,382,5,267,214,5,48,265,2,500,233,177,88
13,CLUJ,557,0,Scoala Generala Mihaiesti,SANPAUL,59586,C,3,272,261,11,159,147,11,1,158,1,300,141,90,68
13,CLUJ,558,0,Cooperatie Topa Mica,SANPAUL,59586,C,3,219,211,8,89,81,8,0,84,5,300,211,49,35
13,CLUJ,559,0,Caminul Cultural Sic,SIC,59416,C,3,2299,2296,3,739,736,3,0,730,9,2600,1861,607,123
13,CLUJ,560,0,Primaria Comunei Suatu nr. 685,SUATU,59657,C,3,1329,1327,2,706,669,2,35,704,2,1500,794,553,151
13,CLUJ,561,0,Sediul Primariei Comunei Suatu din Aruncuta nr. 201A,SUATU,59657,C,3,366,362,4,170,160,4,6,165,5,399,229,122,43
13,CLUJ,562,0,Scoala Generala Tritenii de Jos,TRITENII DE JOS,59693,C,3,1341,1330,11,522,509,11,2,515,7,1500,978,213,302
13,CLUJ,563,0,Scoala Generala Tritenii de Sus,TRITENII DE JOS,59693,C,3,907,897,10,405,395,10,0,401,4,1000,595,202,199
13,CLUJ,564,0,Scoala Generala Padureni,TRITENII DE JOS,59693,C,3,1104,1095,9,373,364,9,0,368,5,1200,827,190,178
13,CLUJ,565,0,Scoala Generala Colonia,TRITENII DE JOS,59693,C,3,393,385,8,224,216,8,0,223,1,500,276,147,76
13,CLUJ,566,0,Scoala Generala Triteni Hotar,TRITENII DE JOS,59693,C,3,297,288,9,93,84,9,0,93,0,400,307,39,54
13,CLUJ,567,0,Clapa nr. 23,TRITENII DE JOS,59693,C,3,95,84,11,39,28,11,0,38,1,200,161,15,23
13,CLUJ,568,0,Consiliul Local Tureni nr. 243,TURENI,59764,C,3,862,847,15,410,363,15,32,407,3,1000,590,201,206
13,CLUJ,569,0,Scoala Generala Micesti nr. 57 (cls. I-IV),TURENI,59764,C,3,360,335,25,176,151,25,0,175,1,400,224,99,76
13,CLUJ,570,0,Scoala Generala Ceanu-Mic nr. 184 (cls. I-IV),TURENI,59764,C,3,442,435,7,170,160,7,3,166,4,500,330,80,86
13,CLUJ,571,0,Scoala Generala Martinesti nr. 60 (cls. I-IV),TURENI,59764,C,3,286,279,7,125,109,7,9,122,3,400,275,63,59
13,CLUJ,572,0,Scoala Generala Comsesti nr. 111 (cls. I-IV),TURENI,59764,C,3,175,168,7,106,85,7,14,105,1,200,94,60,45
13,CLUJ,573,0,Primaria Comunei Taga,TAGA,59826,C,3,697,690,7,428,421,7,0,423,5,799,371,234,189
13,CLUJ,574,0,Scoala Generala SOntioana cls. I-VIII,TAGA,59826,C,3,488,480,8,283,273,8,2,281,2,600,317,161,120
13,CLUJ,575,0,Scoala Generala Nasal cls. I-IV,TAGA,59826,C,3,397,388,9,226,217,9,0,222,4,500,274,120,102
13,CLUJ,576,0,Caminul Cultural SOntejude,TAGA,59826,C,3,279,266,13,154,141,13,0,152,2,300,146,82,70
13,CLUJ,577,0,Caminul Cultural Unguras,UNGURAS,59880,C,3,1621,1609,12,644,632,12,0,637,7,1800,1156,526,111
13,CLUJ,578,0,Scoala Generala Batin   (cls. I-VIII),UNGURAS,59880,C,3,725,717,8,405,397,8,0,392,13,800,395,218,174
13,CLUJ,579,0,Scoala Generala Valea Ungurasului  (cls. I-IV),UNGURAS,59880,C,3,243,237,6,129,121,6,2,128,1,300,171,58,70
13,CLUJ,580,0,Scoala Generala Vad,VAD,59942,C,3,316,310,6,190,183,6,1,190,0,400,210,99,91
13,CLUJ,581,0,Scoala Generala Cetan,VAD,59942,C,3,485,471,14,300,286,14,0,299,1,600,300,160,139
13,CLUJ,582,0,Scoala Generala Bogata de Jos,VAD,59942,C,3,267,260,7,170,162,7,1,170,0,300,130,71,99
13,CLUJ,583,0,Scoala Generala Curtuiusu Dejului,VAD,59942,C,3,169,160,9,97,88,9,0,95,2,200,103,66,29
13,CLUJ,584,0,Scoala Generala Bogata de Sus,VAD,59942,C,3,267,248,19,186,167,19,0,179,7,300,114,68,111
13,CLUJ,585,0,Scoala Generala Valea Grosilor,VAD,59942,C,3,241,236,5,146,138,5,3,145,1,300,154,92,53
13,CLUJ,586,0,Scoala Generala Calna,VAD,59942,C,3,144,137,7,100,91,7,2,98,2,300,200,55,43
13,CLUJ,587,0,Caminul Cultural Valea Ierii nr. 50,VALEA IERII,60026,C,3,861,858,3,447,440,3,4,444,3,1000,553,217,227
13,CLUJ,588,0,Scoala Generala Viisoara (cls. I-VIII),VIISOARA,60062,C,3,1811,1793,18,709,690,18,1,697,12,2000,1291,270,427
13,CLUJ,589,0,Scoala Generala Viisoara (cls. I-IV),VIISOARA,60062,C,3,2159,2125,34,1008,963,34,11,996,12,2400,1392,536,460
13,CLUJ,590,0,Scoala Generala Urca  (cls. I-VIII),VIISOARA,60062,C,3,871,856,15,431,402,15,14,429,2,1000,569,234,195
13,CLUJ,591,0,Primaria Comunei Vultureni nr. 73,VULTURENI,60099,C,3,343,339,4,181,176,4,1,180,1,400,219,130,50
13,CLUJ,592,0,Scoala Generala Babutiu  nr. 68,VULTURENI,60099,C,3,151,140,11,101,90,11,0,101,0,300,199,62,39
13,CLUJ,593,0,Caminul Cultural Badesti nr. 107,VULTURENI,60099,C,3,121,113,8,89,79,8,2,88,1,300,211,73,15
13,CLUJ,594,0,Fostul CAP Chidea  nr. 166,VULTURENI,60099,C,3,139,127,12,82,70,12,0,82,0,300,218,70,12
13,CLUJ,595,0,Scoala Generala Faureni  nr. 21,VULTURENI,60099,C,3,191,185,6,118,94,6,18,117,1,200,82,54,63
13,CLUJ,596,0,Scoala Generala Soimeni nr. 16,VULTURENI,60099,C,3,323,315,8,173,165,8,0,173,0,400,227,108,65
14,CONSTANTA,1,0,LICEUL MIHAI EMINESCU - STR TRAIAN NR.19,MUNICIPIUL CONSTANTA,60419,M,1,1000,987,13,577,563,13,1,571,6,1104,527,210,361
14,CONSTANTA,2,0,LICEUL MIHAI EMINESCU - STR. TRAIAN NR.19,MUNICIPIUL CONSTANTA,60419,M,1,937,923,14,548,534,14,0,542,6,1000,452,178,364
14,CONSTANTA,3,0,SCOALA NR.2 - STR. ARISTIDE KARATZALI NR.13,MUNICIPIUL CONSTANTA,60419,M,1,1335,1314,21,741,718,21,2,726,15,1400,659,220,506
14,CONSTANTA,4,0,COLEGIUL NATIONAL MIRCEA CEL  BATRIN - STR.STEFAN CEL MARE NR.6,MUNICIPIUL CONSTANTA,60419,M,1,970,956,14,616,598,14,4,610,6,1004,388,254,356
14,CONSTANTA,5,0,COLEGIUL NATIONAL  MIRCEA CEL BATRIN - STR. STEFAN CEL MARE NR.6,MUNICIPIUL CONSTANTA,60419,M,1,742,719,23,495,472,23,0,494,1,800,305,134,360
14,CONSTANTA,6,0,SCOALA NR.28 - STR. DECEBAL NR.15,MUNICIPIUL CONSTANTA,60419,M,1,621,603,18,460,370,18,72,457,3,701,241,160,297
14,CONSTANTA,7,0,COLEGIUL ECONOMIC CAROL  I - STR.DECEBAL NR.15,MUNICIPIUL CONSTANTA,60419,M,1,1631,1608,23,1081,1057,23,1,1073,8,1702,621,267,806
14,CONSTANTA,8,0,COLEGIUL ECONOMIC CAROL  I - STR. DECEBAL NR.15,MUNICIPIUL CONSTANTA,60419,M,1,1154,1143,11,797,716,11,70,781,16,1200,403,222,559
14,CONSTANTA,9,0,COLEGIUL PEDAGOGIC  'CONSTANTIN BRATESCU' - STR. 1907 NR.42,MUNICIPIUL CONSTANTA,60419,M,1,1836,1818,18,1090,1072,18,0,1083,7,1890,800,267,816
14,CONSTANTA,10,0,COLEGIUL PEDAGOGIC  'CONSTANTIN BRATESCU' - STR. 1907 NR.42,MUNICIPIUL CONSTANTA,60419,M,1,1650,1616,34,1004,967,34,3,997,7,1599,595,267,730
14,CONSTANTA,11,0,GRADINITA NR.1 - STR. SARMIZEGETUSA NR.40,MUNICIPIUL CONSTANTA,60419,M,1,1778,1764,14,1136,1116,14,6,1132,4,1807,671,365,767
14,CONSTANTA,12,0,SCOALA NR.25 - STR. CUZA VODA NR.80,MUNICIPIUL CONSTANTA,60419,M,1,1542,1525,17,882,849,17,16,873,9,1600,718,236,637
14,CONSTANTA,13,0,TEATRUL 'FANTASIO' - BD. FERDINAND,MUNICIPIUL CONSTANTA,60419,M,1,841,827,14,608,588,14,6,601,7,901,293,250,351
14,CONSTANTA,14,0,TEATRUL 'FANTASIO' - BD. FERDINAND,MUNICIPIUL CONSTANTA,60419,M,1,941,929,12,637,620,12,5,635,2,1000,363,211,424
14,CONSTANTA,15,0,LICEUL 'TRAIAN' - STR. TRAIAN NR.55,MUNICIPIUL CONSTANTA,60419,M,1,1076,953,123,737,614,123,0,729,8,995,258,269,460
14,CONSTANTA,16,0,LICEUL 'TRAIAN' - STR.TRAIAN NR.55,MUNICIPIUL CONSTANTA,60419,M,1,824,814,10,532,522,10,0,527,5,903,371,187,340
14,CONSTANTA,17,0,LICEUL 'TRAIAN' - STR. TRAIAN NR.55,MUNICIPIUL CONSTANTA,60419,M,1,1119,1098,21,740,719,21,0,731,9,1202,462,176,555
14,CONSTANTA,18,0,SCOALA NR.25 ARIPA STANGA - STR. CUZA VODA NR.80,MUNICIPIUL CONSTANTA,60419,M,1,1287,1270,17,792,773,17,2,783,9,1300,508,218,565
14,CONSTANTA,19,0,SCOALA NR.25 ARIPA DREAPTA - STR. CUZA VODA NR.80,MUNICIPIUL CONSTANTA,60419,M,1,1434,1423,11,923,910,11,2,916,7,1502,579,240,676
14,CONSTANTA,20,0,SCOALA NR.24 - STR. GRIVITEI NR.70,MUNICIPIUL CONSTANTA,60419,M,1,1544,1533,11,1045,1032,11,2,1036,9,1600,555,278,758
14,CONSTANTA,21,0,SCOALA NR.24 - STR. GRIVITEI NR.70,MUNICIPIUL CONSTANTA,60419,M,1,1578,1563,15,1024,1008,15,1,1019,5,1597,573,298,721
14,CONSTANTA,22,0,LICEUL CU PROGRAM SPORTIV (FOSTA SCOALA NR.34) - STR. ION CORVIN NR.2,MUNICIPIUL CONSTANTA,60419,M,1,1713,1706,7,1119,1112,7,0,1116,3,1803,684,270,846
14,CONSTANTA,23,0,LICEUL CU PROGRAM SPORTIV (FOSTA SCOALA NR.34) - STR. ION CORVIN NR.2,MUNICIPIUL CONSTANTA,60419,M,1,1299,1281,18,744,725,18,1,740,4,1300,556,215,525
14,CONSTANTA,24,0,LICEUL CU PROGRAM SPORTIV (FOSTA SCOALA NR.34) - STR. ION CORVIN NR.2,MUNICIPIUL CONSTANTA,60419,M,1,1557,1544,13,959,946,13,0,954,5,1602,643,320,634
14,CONSTANTA,25,0,CASA DE CULTURA - BD.AL.LAPUSNEANU NR.1,MUNICIPIUL CONSTANTA,60419,M,1,1177,1157,20,800,780,20,0,792,8,1203,403,196,596
14,CONSTANTA,26,0,LICEUL CU PROGRAM SPORTIV (FOSTA SCOALA NR.34) - STR. ION CORVIN NR.2,MUNICIPIUL CONSTANTA,60419,M,1,1811,1796,15,1231,1215,15,1,1226,5,1900,669,367,859
14,CONSTANTA,27,0,SC EDIL URBAN - DECORATIVA - STR.CIBINULUI,MUNICIPIUL CONSTANTA,60419,M,1,1911,1893,18,1125,1099,18,8,1120,5,2003,878,376,744
14,CONSTANTA,28,0,SCOALA NR.21 - 'I.L.CARAGIALE' - STR. CORBULUI NR.2,MUNICIPIUL CONSTANTA,60419,M,1,2160,2137,23,1215,1192,23,0,1209,6,2200,985,428,781
14,CONSTANTA,29,0,LICEUL 'OVIDIUS' - STRADELA BASARABI NR.2,MUNICIPIUL CONSTANTA,60419,M,1,1491,1480,11,891,879,11,1,882,9,1600,709,295,587
14,CONSTANTA,30,0,GRUP SCOLAR DE CONSTRUCTII  MASINI (SNC) - BD. 1 MAI NR.44,MUNICIPIUL CONSTANTA,60419,M,1,1322,1300,22,837,814,22,1,827,10,1400,563,233,594
14,CONSTANTA,31,0,LICEUL 'OVIDIUS' - STRADELA BASARABI  NR.2,MUNICIPIUL CONSTANTA,60419,M,1,1403,1393,10,831,820,10,1,825,6,1502,671,203,622
14,CONSTANTA,32,0,GRUP SCOLAR DE CONSTRUCTII  MASINI (SNC) - BD. 1 MAI  NR.44,MUNICIPIUL CONSTANTA,60419,M,1,1008,991,17,629,612,17,0,626,3,1100,471,190,436
14,CONSTANTA,33,0,GRUP SCOLAR DE CONSTRUCTII  MASINI (SNC) - BD. 1 MAI  NR.44,MUNICIPIUL CONSTANTA,60419,M,1,1682,1633,49,1016,967,49,0,1010,6,1702,686,307,703
14,CONSTANTA,34,0,SCOALA NR.16 - SOS. MANGALIEI NR.89,MUNICIPIUL CONSTANTA,60419,M,1,1812,1799,13,1108,1094,13,1,1107,1,1904,796,413,694
14,CONSTANTA,35,0,SCOALA NR.16 - SOS. MANGALIEI NR.89,MUNICIPIUL CONSTANTA,60419,M,1,1685,1654,31,1109,991,31,87,1098,11,1702,593,403,695
14,CONSTANTA,36,0,SCOALA NR.16 - SOS. MANGALIEI NR.89,MUNICIPIUL CONSTANTA,60419,M,1,1876,1861,15,1136,1118,15,3,1124,12,1902,766,392,732
14,CONSTANTA,37,0,SCOALA NR.16 - SOS. MANGALIEI NR.89,MUNICIPIUL CONSTANTA,60419,M,1,1950,1928,22,1170,1146,22,2,1161,9,2000,830,359,802
14,CONSTANTA,38,0,ANEXA LICEU 'LUCIAN BLAGA'  (FOSTA SCOALA NR.41 )- STR. MARTISOR NR.3-5,MUNICIPIUL CONSTANTA,60419,M,1,1198,1185,13,660,639,13,8,657,3,1202,542,198,459
14,CONSTANTA,39,0,ANEXA LICEU 'LUCIAN BLAGA'  (FOSTA SCOALA NR.41 )- STR. MARTISOR NR.3-5,MUNICIPIUL CONSTANTA,60419,M,1,2021,2002,19,1115,1096,19,0,1104,11,2099,984,352,752
14,CONSTANTA,40,0,LICEUL DE MARINA - STR. 1MAI NR.101,MUNICIPIUL CONSTANTA,60419,M,1,1833,1821,12,971,958,12,1,962,9,1900,929,323,639
14,CONSTANTA,41,0,LICEUL DE MARINA - STR. 1MAI NR.101,MUNICIPIUL CONSTANTA,60419,M,1,2119,2103,16,1208,1189,16,3,1202,6,2201,993,332,870
14,CONSTANTA,42,0,LICEUL DE MARINA - STR. 1MAI NR.101,MUNICIPIUL CONSTANTA,60419,M,1,1942,1924,18,1073,1055,18,0,1060,13,2000,927,319,741
14,CONSTANTA,43,0,LICEUL DE MARINA - STR. 1MAI NR.101,MUNICIPIUL CONSTANTA,60419,M,1,2262,2245,17,1248,1231,17,0,1236,10,2300,1052,408,828
14,CONSTANTA,44,0,LICEUL DE MARINA - STR. 1MAI NR.101,MUNICIPIUL CONSTANTA,60419,M,1,1763,1747,16,982,965,16,1,974,8,1800,818,294,680
14,CONSTANTA,45,0,SCOALA NR.15 'GRIGORE ANTIPA' - SOS. MANGALIEI NR.128,MUNICIPIUL CONSTANTA,60419,M,1,2072,2035,37,1280,1243,37,0,1265,15,2102,822,463,802
14,CONSTANTA,46,0,SCOALA NR.15 'GRIGORE ANTIPA' - SOS. MANGALIEI NR.128,MUNICIPIUL CONSTANTA,60419,M,1,1879,1864,15,1095,1080,15,0,1079,16,1900,805,399,680
14,CONSTANTA,47,0,SCOALA NR.17 - STR. MESTERUL MANOLE NR.42,MUNICIPIUL CONSTANTA,60419,M,1,2041,2011,30,1117,1087,30,0,1109,8,2104,987,347,762
14,CONSTANTA,48,0,SCOALA NR.17 - STR.MESTERUL MANOLE NR.42,MUNICIPIUL CONSTANTA,60419,M,1,1410,1395,15,832,817,15,0,828,4,1502,670,277,551
14,CONSTANTA,49,0,SCOALA NR.17 - STR. MESTERUL MANOLE NR.42,MUNICIPIUL CONSTANTA,60419,M,1,1904,1890,14,1022,1008,14,0,1016,6,2000,978,341,675
14,CONSTANTA,50,0,SCOALA NR.17 - STR. MESTERUL MANOLE NR.42,MUNICIPIUL CONSTANTA,60419,M,1,1779,1765,14,1047,1033,14,0,1037,10,1800,753,326,711
14,CONSTANTA,51,0,SCOALA NR.33 - KM 4-5  ALEEA NARCISELOR NR.2,MUNICIPIUL CONSTANTA,60419,M,1,1432,1417,15,810,794,15,1,808,2,1506,696,350,458
14,CONSTANTA,52,0,SCOALA NR.33 - KM 4-5  ALEEA NARCISELOR NR.2,MUNICIPIUL CONSTANTA,60419,M,1,1584,1537,47,981,934,47,0,972,9,1602,621,359,613
14,CONSTANTA,53,0,SCOALA NR.33 - KM 4-5  ALEEA NARCISELOR NR.2,MUNICIPIUL CONSTANTA,60419,M,1,1454,1442,12,927,915,12,0,921,6,1502,575,344,577
14,CONSTANTA,54,0,SCOALA NR.33 - KM 4-5  ALEEA NARCISELOR NR.2,MUNICIPIUL CONSTANTA,60419,M,1,1253,1241,12,776,764,12,0,770,6,1298,522,303,467
14,CONSTANTA,55,0,SCOALA NR.37 - STR. ARCULUI NR.4,MUNICIPIUL CONSTANTA,60419,M,1,1399,1332,67,846,778,67,1,834,12,1399,553,304,530
14,CONSTANTA,56,0,SCOALA NR.37 - STR. ARCULUI NR.4,MUNICIPIUL CONSTANTA,60419,M,1,1544,1524,20,944,924,20,0,939,5,1601,657,321,618
14,CONSTANTA,57,0,SCOALA NR.37 - STR.ARCULUI NR.4,MUNICIPIUL CONSTANTA,60419,M,1,1478,1429,49,849,800,49,0,837,12,1500,651,341,496
14,CONSTANTA,58,0,SCOALA NR.37 - STR.ARCULUI NR.4,MUNICIPIUL CONSTANTA,60419,M,1,1413,1394,19,849,830,19,0,845,4,1500,651,261,584
14,CONSTANTA,59,0,SCOALA NR.18 'JEAN BARTH' - STR.ION URSU NR.51A,MUNICIPIUL CONSTANTA,60419,M,1,1211,1199,12,708,696,12,0,703,5,1302,594,280,423
14,CONSTANTA,60,0,GRUP SCOLAR DE COOPERATIE - STR.CARAIMAN NR .1,MUNICIPIUL CONSTANTA,60419,M,1,1445,1434,11,848,837,11,0,838,10,1506,658,237,601
14,CONSTANTA,61,0,GRUP SCOLAR DE COOPERATIE - STR.CARAIMAN NR .1,MUNICIPIUL CONSTANTA,60419,M,1,1944,1923,21,1113,1092,21,0,1101,12,2000,887,414,687
14,CONSTANTA,62,0,GRUP SCOLAR 'DIMITRIE LEONIDA'-ALEEA PELICANULUI NR.8,MUNICIPIUL CONSTANTA,60419,M,1,1870,1764,106,1147,1041,106,0,1144,3,1801,654,320,824
14,CONSTANTA,63,0,GRUP SCOLAR 'DIMITRIE LEONIDA'-ALEEA PELICANULUI NR.8,MUNICIPIUL CONSTANTA,60419,M,1,2032,2007,25,1206,1181,25,0,1202,4,2101,895,391,811
14,CONSTANTA,64,0,SCOALA NR 18 'JEAN BARTH'-STR. ION URSU NR.51A,MUNICIPIUL CONSTANTA,60419,M,1,2318,2296,22,1392,1370,22,0,1382,10,2404,1012,427,955
14,CONSTANTA,65,0,SCOALA NR 40 'AUREL VLAICU'-ALEEA PELICANULUI NR.2,MUNICIPIUL CONSTANTA,60419,M,1,2131,2092,39,1148,1108,39,1,1133,15,2101,953,417,716
14,CONSTANTA,66,0,SCOALA NR 40 'AUREL VLAICU'-ALEEA PELICANULUI NR.2,MUNICIPIUL CONSTANTA,60419,M,1,2011,1924,87,1063,976,87,0,1052,11,2005,942,403,649
14,CONSTANTA,67,0,SCOALA NR 40 'AUREL VLAICU'-ALEEA PELICANULUI NR.2,MUNICIPIUL CONSTANTA,60419,M,1,1760,1734,26,948,922,26,0,942,6,1800,852,332,610
14,CONSTANTA,68,0,SCOALA NR 40 'AUREL VLAICU'-ALEEA PELICANULUI NR.2,MUNICIPIUL CONSTANTA,60419,M,1,1798,1783,15,1063,1047,15,1,1057,6,1802,739,366,691
14,CONSTANTA,69,0,SCOALA NR 19-STR. MEDEEA NR.6,MUNICIPIUL CONSTANTA,60419,M,1,1540,1525,15,723,708,15,0,719,4,1600,877,281,438
14,CONSTANTA,70,0,SCOALA NR 19-STR. MEDEEA NR.6,MUNICIPIUL CONSTANTA,60419,M,1,1472,1456,16,865,849,16,0,844,21,1500,635,281,563
14,CONSTANTA,71,0,SCOALA NR 19-STR. MEDEEA NR.6,MUNICIPIUL CONSTANTA,60419,M,1,1212,1194,18,734,716,18,0,725,9,1300,566,304,421
14,CONSTANTA,72,0,SCOALA NR 31-BD. I.C.BRATIANU NR.143,MUNICIPIUL CONSTANTA,60419,M,1,1520,1504,16,900,884,16,0,884,15,1601,701,364,520
14,CONSTANTA,73,0,GRUP SCOLAR C.F.R-STR. VIFOR HAIDUCUL NR.34,MUNICIPIUL CONSTANTA,60419,M,1,1612,1572,40,930,889,40,1,920,10,1600,670,335,585
14,CONSTANTA,74,0,SCOALA NR 20-STR.MIHU COPILU NR.1,MUNICIPIUL CONSTANTA,60419,M,1,1338,1324,14,787,773,14,0,772,15,1399,612,322,450
14,CONSTANTA,75,0,SCOALA NR 31-BD. I.C.BRATIANU NR.143,MUNICIPIUL CONSTANTA,60419,M,1,1676,1654,22,1005,983,22,0,983,22,1700,695,474,509
14,CONSTANTA,76,0,SCOALA NR 22-STR. RAZVAN VODA NR.6,MUNICIPIUL CONSTANTA,60419,M,1,1831,1792,39,1068,1029,39,0,1049,19,1800,732,420,629
14,CONSTANTA,77,0,SCOALA AJUTATOARE NR 2-STR. NICU MANDAI NR.15,MUNICIPIUL CONSTANTA,60419,M,1,1685,1665,20,1019,999,20,0,1010,9,1700,681,390,620
14,CONSTANTA,78,0,SCOALA NR 22-STR. RAZVAN VODA NR.6,MUNICIPIUL CONSTANTA,60419,M,1,1219,1192,27,738,708,27,3,732,6,1299,561,252,480
14,CONSTANTA,79,0,SCOALA AJUTATOARE NR 2-STR. NICU MANDAI NR.15,MUNICIPIUL CONSTANTA,60419,M,1,821,807,14,492,478,14,0,491,1,906,414,124,367
14,CONSTANTA,80,0,SCOALA AJUTATOARE NR 2-STR. NICU MANDAI NR.15,MUNICIPIUL CONSTANTA,60419,M,1,2005,1975,30,1139,1106,30,3,1131,8,2103,964,330,801
14,CONSTANTA,81,0,SCOALA NR 8-BD.I.C.BRATIANU NR.68,MUNICIPIUL CONSTANTA,60419,M,1,1479,1463,16,888,872,16,0,887,1,1500,612,281,606
14,CONSTANTA,82,0,SCOALA NR 8-BD.I.C.BRATIANU NR.68,MUNICIPIUL CONSTANTA,60419,M,1,1671,1648,23,944,921,23,0,938,6,1700,756,265,673
14,CONSTANTA,83,0,SCOALA NR 8-BD.I.C.BRATIANU NR.68,MUNICIPIUL CONSTANTA,60419,M,1,1595,1584,11,978,938,11,29,974,4,1701,723,266,708
14,CONSTANTA,84,0,SCOALA NR 8-BD.I.C.BRATIANU NR.68,MUNICIPIUL CONSTANTA,60419,M,1,1587,1564,23,989,966,23,0,984,5,1689,700,270,714
14,CONSTANTA,85,0,SCOALA NR 21 'I L CARAGIALE'-STR. CORBULUI NR.2A,MUNICIPIUL CONSTANTA,60419,M,1,2137,2107,30,1196,1166,30,0,1175,21,2200,1004,482,693
14,CONSTANTA,86,0,SCOALA NR 21 'I L CARAGIALE'-STR. CORBULUI NR.2A,MUNICIPIUL CONSTANTA,60419,M,1,1993,1965,28,1025,996,28,1,1016,9,2000,975,395,621
14,CONSTANTA,87,0,SCOALA NR 21 'I L CARAGIALE'-STR. CORBULUI NR.2A,MUNICIPIUL CONSTANTA,60419,M,1,1726,1707,19,1001,980,19,2,994,7,1800,799,327,667
14,CONSTANTA,88,0,SCOALA NR 21 'I L CARAGIALE'-STR.CORBULUI NR.2A,MUNICIPIUL CONSTANTA,60419,M,1,1612,1596,16,953,937,16,0,948,5,1703,750,333,615
14,CONSTANTA,89,0,SCOALA NR 23-STR. DEZROBIRII NR.82,MUNICIPIUL CONSTANTA,60419,M,1,2006,1985,21,1145,1123,21,1,1140,5,2100,955,327,813
14,CONSTANTA,90,0,SCOALA NR 23-STR. DEZROBIRII NR.82,MUNICIPIUL CONSTANTA,60419,M,1,2119,2099,20,1243,1223,20,0,1235,8,2200,957,369,866
14,CONSTANTA,91,0,SCOALA NR 39 'NICOLAE TONITZA'-STR. SOLIDARITATII NR.8,MUNICIPIUL CONSTANTA,60419,M,1,1731,1716,15,1052,1037,15,0,1045,7,1801,749,320,725
14,CONSTANTA,92,0,SCOALA NR 39 'NICOLAE TONITZA'-STR. SOLIDARITATII NR.8,MUNICIPIUL CONSTANTA,60419,M,1,1712,1686,26,1040,1014,26,0,1034,6,1800,760,281,753
14,CONSTANTA,93,0,SCOALA NR 39 'NICOLAE TONITZA'-STR. SOLIDARITATII NR.8,MUNICIPIUL CONSTANTA,60419,M,1,1743,1720,23,1114,1091,23,0,1104,10,1800,686,367,737
14,CONSTANTA,94,0,SCOALA NR 39 'NICOLAE TONITZA'-STR. SOLIDARITATII NR.8,MUNICIPIUL CONSTANTA,60419,M,1,1949,1926,23,1204,1181,23,0,1199,5,2000,796,356,843
14,CONSTANTA,95,0,SCOALA NR 23-STR.DEZROBIRII NR.82,MUNICIPIUL CONSTANTA,60419,M,1,2016,1991,25,1160,1135,25,0,1147,13,2102,942,381,766
14,CONSTANTA,96,0,SCOALA NR 23-STR. DEZROBIRII NR.82,MUNICIPIUL CONSTANTA,60419,M,1,1997,1883,114,1185,1068,114,3,1173,12,1900,715,381,792
14,CONSTANTA,97,0,SCOALA NR 10-STR.IZVOR NR.26,MUNICIPIUL CONSTANTA,60419,M,1,1519,1506,13,890,876,13,1,883,7,1601,711,264,619
14,CONSTANTA,98,0,SCOALA NR 10-STR.IZVOR NR.26,MUNICIPIUL CONSTANTA,60419,M,1,1350,1339,11,907,896,11,0,898,9,1400,493,242,656
14,CONSTANTA,99,0,CENTRUL DE PERFECTIONARE AL MARINEI CIVILE-STR. BABA NOVAC,MUNICIPIUL CONSTANTA,60419,M,1,1960,1940,20,1050,1030,20,0,1049,1,2000,950,303,746
14,CONSTANTA,100,0,CASA DE CULTURA-STR. IZVOR,MUNICIPIUL CONSTANTA,60419,M,1,1938,1926,12,1170,1158,12,0,1163,7,2100,930,372,791
14,CONSTANTA,101,0,SCOALA NR 10-STR.IZVOR NR.26,MUNICIPIUL CONSTANTA,60419,M,1,1621,1605,16,1006,990,16,0,1002,4,1700,694,261,741
14,CONSTANTA,102,0,SCOALA NR 9 'ION CREANGA'-STR. STRAJERULUI NR.50,MUNICIPIUL CONSTANTA,60419,M,1,1879,1860,19,1013,994,19,0,1010,3,1900,887,278,732
14,CONSTANTA,103,0,SCOALA NR 9 'ION CREANGA'-STR. STRAJERULUI NR.50,MUNICIPIUL CONSTANTA,60419,M,1,2074,2055,19,1178,1159,19,0,1174,4,2100,922,318,856
14,CONSTANTA,104,0,SCOALA AJUTATOARE NR 1-STR. SEMANATORULUI NR.8,MUNICIPIUL CONSTANTA,60419,M,1,2225,2214,11,1174,1160,11,3,1160,14,2300,1126,371,789
14,CONSTANTA,105,0,SCOALA AJUTATOARE NR 1-STR. SEMANATORULUI NR.8,MUNICIPIUL CONSTANTA,60419,M,1,2077,2064,13,1166,1152,13,1,1152,14,2100,934,348,804
14,CONSTANTA,106,0,SCOALA NR 12 'BOGDAN PETRICEICU HASDEU'-STR. B.P.HASDEU NR.98,MUNICIPIUL CONSTANTA,60419,M,1,2175,2160,15,1397,1382,15,0,1387,10,2199,802,357,1030
14,CONSTANTA,107,0,SCOALA NR 12 'BOGDAN PETRICEICU HASDEU'-STR. B.P.HASDEU NR.98,MUNICIPIUL CONSTANTA,60419,M,1,1498,1480,18,939,920,18,1,933,6,1500,561,263,670
14,CONSTANTA,108,0,SCOALA AJUTATOARE NR 1-STR. SEMANATORULUI NR.8,MUNICIPIUL CONSTANTA,60419,M,1,1565,1501,64,961,892,64,5,954,7,1600,639,313,641
14,CONSTANTA,109,0,SCOALA NR 36 'DIMITRIE STIUBEI' -ALEEA FRAGILOR NR.3,MUNICIPIUL CONSTANTA,60419,M,1,1292,1281,11,741,729,11,1,737,4,1300,559,205,532
14,CONSTANTA,110,0,SCOALA NR 36 'DIMITRIE STIUBEI' -ALEEA FRAGILOR NR.3,MUNICIPIUL CONSTANTA,60419,M,1,1576,1559,17,926,909,17,0,923,3,1600,674,301,622
14,CONSTANTA,111,0,SCOALA NR 36 'DIMITRIE STIUBEI' -ALEEA FRAGILOR NR.3,MUNICIPIUL CONSTANTA,60419,M,1,1569,1553,16,998,978,16,4,994,4,1603,605,284,710
14,CONSTANTA,112,0,GRADINITA NR 43-ALEEA FRAGILOR NR.2,MUNICIPIUL CONSTANTA,60419,M,1,1714,1696,18,1025,1000,18,7,1018,7,1798,773,324,694
14,CONSTANTA,113,0,GRADINITA NR 43-ALEEA FRAGILOR NR.2,MUNICIPIUL CONSTANTA,60419,M,1,1922,1903,19,1178,1158,19,1,1172,6,2000,822,410,762
14,CONSTANTA,114,0,SCOALA NR 36 'DIMITRIE STIUBEI' -ALEEA FRAGILOR NR.3,MUNICIPIUL CONSTANTA,60419,M,1,1824,1801,23,1145,1120,23,2,1139,6,1899,754,338,801
14,CONSTANTA,115,0,GRADINITA NR 51-STR. BADEA CIRTAN NR.8,MUNICIPIUL CONSTANTA,60419,M,1,1789,1778,11,1038,1026,11,1,1032,6,1900,862,365,667
14,CONSTANTA,116,0,GRADINITA NR 51-STR. BADEA CIRTAN NR.8,MUNICIPIUL CONSTANTA,60419,M,1,1810,1799,11,1188,1176,11,1,1180,8,1911,723,365,815
14,CONSTANTA,117,0,SCOALA NR 36 'DIMITRIE STIUBEI' -ALEEA FRAGILOR NR.3,MUNICIPIUL CONSTANTA,60419,M,1,2013,1999,14,1177,1163,14,0,1175,2,2100,923,362,813
14,CONSTANTA,118,0,AGENTIA FISCALA NR 1-4-STR. BADEA CIRTAN NR.3,MUNICIPIUL CONSTANTA,60419,M,1,1781,1757,24,1106,1081,24,1,1102,4,1800,694,313,789
14,CONSTANTA,119,0,AGENTIA FISCALA NR 1-4-STR. BADEA CIRTAN NR.3,MUNICIPIUL CONSTANTA,60419,M,1,1776,1754,22,1135,1109,22,4,1125,10,1800,665,354,771
14,CONSTANTA,120,0,LICEUL 'GEORGE CALINESCU'-STR. CPT.DOBRILA EUGENIU NR.6,MUNICIPIUL CONSTANTA,60419,M,1,1400,1385,15,953,935,15,3,948,5,1400,447,306,642
14,CONSTANTA,121,0,SCOALA NR 14-PALAZU MARE-ARIPA STINGA-STR.DUMBRAVENI NR.2,MUNICIPIUL CONSTANTA,60419,M,1,1623,1598,25,988,888,25,75,977,11,1799,811,402,575
14,CONSTANTA,122,0,SCOALA NR 14-PALAZU MARE-ARIPA STINGA-STR.DUMBRAVENI NR.2,MUNICIPIUL CONSTANTA,60419,M,1,1593,1552,41,957,895,41,21,942,15,1600,643,364,578
14,CONSTANTA,123,0,LICEUL 'GEORGE CALINESCU'-STR. CPT.DOBRILA EUGENIU NR.6,MUNICIPIUL CONSTANTA,60419,M,1,1355,1342,13,927,911,13,3,919,8,1400,473,321,598
14,CONSTANTA,124,0,LICEUL 'GEORGE CALINESCU'-STR. CPT.DOBRILA EUGENIU NR.6,MUNICIPIUL CONSTANTA,60419,M,1,1261,1250,11,884,873,11,0,877,7,1304,420,240,637
14,CONSTANTA,125,0,SCOALA NR 38-STR. CPT.DOBRILA EUGENIU NR.20,MUNICIPIUL CONSTANTA,60419,M,1,1211,1196,15,780,765,15,0,777,3,1300,520,274,503
14,CONSTANTA,126,0,SCOALA NR 38-STR. CPT.DOBRILA EUGENIU NR.20,MUNICIPIUL CONSTANTA,60419,M,1,1269,1253,16,810,794,16,0,805,5,1304,494,293,512
14,CONSTANTA,127,0,LICEUL DECEBAL- STR.HORIA AGARICI NR.4,MUNICIPIUL CONSTANTA,60419,M,1,1197,1183,14,806,792,14,0,803,3,1200,394,282,521
14,CONSTANTA,128,0,GRUP SCOLAR ECONOMIC 'VIRGIL MADGEARU'(FOSTA SCOALA NR 35-) ALEEA MELODIEI NR.3,MUNICIPIUL CONSTANTA,60419,M,1,1099,1086,13,672,658,13,1,666,6,1100,428,240,426
14,CONSTANTA,129,0,GRUP SCOLAR ECONOMIC 'VIRGIL MADGEARU'(FOSTA SCOALA NR 35-) ALEEA MELODIEI NR.3,MUNICIPIUL CONSTANTA,60419,M,1,1339,1331,8,860,850,8,2,852,8,1403,543,261,591
14,CONSTANTA,130,0,GRUP SCOLAR ECONOMIC 'VIRGIL MADGEARU'(FOSTA SCOALA NR 35-) ALEEA MELODIEI NR.3,MUNICIPIUL CONSTANTA,60419,M,1,1063,1051,12,669,657,12,0,662,7,1104,435,242,420
14,CONSTANTA,131,0,GRADINITA NR 12-STR. CPT.DOBRILA EUGENIU NR.14,MUNICIPIUL CONSTANTA,60419,M,1,1550,1531,19,984,963,19,2,976,8,1603,619,385,591
14,CONSTANTA,132,0,LICEUL DECEBAL- STR.HORIA AGARICI NR.4,MUNICIPIUL CONSTANTA,60419,M,1,779,763,16,468,452,16,0,468,0,797,329,182,286
14,CONSTANTA,133,0,LICEUL DECEBAL- STR.HORIA AGARICI NR.4,MUNICIPIUL CONSTANTA,60419,M,1,663,650,13,430,415,13,2,426,4,700,270,168,258
14,CONSTANTA,134,0,LICEUL DECEBAL- STR.HORIA AGARICI NR.4,MUNICIPIUL CONSTANTA,60419,M,1,1000,985,15,577,561,15,1,572,5,1000,423,194,378
14,CONSTANTA,135,0,SCOALA NR 29-STR.CISMELEI NR.13,MUNICIPIUL CONSTANTA,60419,M,1,843,831,12,498,483,12,3,492,6,901,403,182,310
14,CONSTANTA,136,0,SCOALA NR 29-STR. CISMELEI NR.3,MUNICIPIUL CONSTANTA,60419,M,1,861,848,13,600,585,13,2,594,6,906,306,204,390
14,CONSTANTA,137,0,SCOALA NR 29-STR. CISMELEI NR.13,MUNICIPIUL CONSTANTA,60419,M,1,939,926,13,596,582,13,1,593,3,1000,404,252,341
14,CONSTANTA,138,0,SCOALA NR 7-STR. ADAMCLISI NR.2,MUNICIPIUL CONSTANTA,60419,M,1,1391,1377,14,947,931,14,2,941,6,1400,453,334,607
14,CONSTANTA,139,0,"SCOALA NR 29-STR. CISMELEI NR,13",MUNICIPIUL CONSTANTA,60419,M,1,1283,1266,17,838,821,17,0,834,4,1299,461,245,589
14,CONSTANTA,140,0,SCOALA NR 7-STR.ADAMCLISI NR.2,MUNICIPIUL CONSTANTA,60419,M,1,898,861,37,1503,616,37,850,1499,4,2000,497,345,1154
14,CONSTANTA,141,0,SCOALA NR 12 'BOGDAN PETRICEICU HASDEU'-STR. B.P.HASDEU NR.98,MUNICIPIUL CONSTANTA,60419,M,1,1584,1573,11,1025,1014,11,0,1021,4,1600,575,354,667
14,CONSTANTA,142,0,SCOALA NR 7-STR. ADAMCLISI NR.2,MUNICIPIUL CONSTANTA,60419,M,1,1625,1603,22,1074,1051,22,1,1066,8,1700,626,354,712
14,CONSTANTA,143,0,SCOALA NR 7-STR.ADAMCLISI NR.2,MUNICIPIUL CONSTANTA,60419,M,1,1476,1459,17,1023,1006,17,0,1014,9,1505,482,338,676
14,CONSTANTA,144,0,SCOALA NR 6-ALEEA CAMELIEI NR.2,MUNICIPIUL CONSTANTA,60419,M,1,1134,1125,9,737,728,9,0,735,2,1200,463,186,549
14,CONSTANTA,145,0,SCOALA NR 6-ALEEA CAMELIEI NR.2,MUNICIPIUL CONSTANTA,60419,M,1,1386,1375,11,858,847,11,0,852,6,1400,542,188,664
14,CONSTANTA,146,0,SCOALA NR 6-ALEEA CAMELIEI NR.2,MUNICIPIUL CONSTANTA,60419,M,1,1237,1219,18,798,779,18,1,793,5,1299,501,170,623
14,CONSTANTA,147,0,GRADINITA 13-ALEEA IASOMIEI NR.3,MUNICIPIUL CONSTANTA,60419,M,1,1005,988,17,877,857,17,3,870,7,1305,428,319,551
14,CONSTANTA,148,0,PARCUL COPIILOR-STR. SOVEJA,MUNICIPIUL CONSTANTA,60419,M,1,1275,1259,16,853,836,16,1,849,4,1298,445,296,553
14,CONSTANTA,149,0,PARCUL COPIILOR-STR. SOVEJA,MUNICIPIUL CONSTANTA,60419,M,1,1251,1242,9,775,755,9,11,766,9,1299,524,237,529
14,CONSTANTA,150,0,SCOALA NR 27-BD. AL.LAPUSNEANU NR.69,MUNICIPIUL CONSTANTA,60419,M,1,1646,1628,18,1068,1050,18,0,1063,5,1701,633,259,804
14,CONSTANTA,151,0,"SCOALA NR 27-BD. AL.LAPUSNEANU NR,69",MUNICIPIUL CONSTANTA,60419,M,1,1247,1237,10,851,840,10,1,840,11,1300,449,183,657
14,CONSTANTA,152,0,SCOALA SPORTIVA NR 1-STR.PICTOR NICOLAE GRIGORESCU NR.2,MUNICIPIUL CONSTANTA,60419,M,1,1174,1161,13,765,751,13,1,760,5,1300,535,180,580
14,CONSTANTA,153,0,SCOALA SPORTIVA NR 1-STR.PICTOR NICOLAE GRIGORESCU NR.2,MUNICIPIUL CONSTANTA,60419,M,1,1296,1283,13,698,685,13,0,689,9,1381,683,182,507
14,CONSTANTA,154,0,CLUB CANTINA R.A.T.C - STR.PANAIT CERNA,MUNICIPIUL CONSTANTA,60419,M,1,1918,1901,17,1182,1161,17,4,1178,4,2000,818,277,901
14,CONSTANTA,155,0,R.A.T.C-CONSTANTA-STR. CHILIEI NR.103,MUNICIPIUL CONSTANTA,60419,M,1,1475,1451,24,905,881,24,0,900,5,1600,695,209,691
14,CONSTANTA,156,0,CAMINUL DE PENSIONARI-STR. UNIRII NR.104,MUNICIPIUL CONSTANTA,60419,M,1,2231,2204,27,1499,1318,27,154,1486,13,2402,903,443,1043
14,CONSTANTA,157,0,LICEUL 'OMNIA' - STR.UNIRII NR.67,MUNICIPIUL CONSTANTA,60419,M,1,1244,1227,17,799,782,17,0,795,4,1298,499,192,603
14,CONSTANTA,158,0,LICEUL 'OMNIA' - STR.UNIRII NR.67,MUNICIPIUL CONSTANTA,60419,M,1,1257,1216,41,798,757,41,0,797,1,1300,502,220,577
14,CONSTANTA,159,0,LICEUL ENERGETIC-BD. MAMAIA NR.284,MUNICIPIUL CONSTANTA,60419,M,1,1285,1237,48,877,793,48,36,870,7,1304,427,216,654
14,CONSTANTA,160,0,LICEUL ENERGETIC-BD.MAMAIA NR.284,MUNICIPIUL CONSTANTA,60419,M,1,2012,1985,27,1291,1264,27,0,1282,9,2082,791,345,937
14,CONSTANTA,161,0,SCOALA NR 3-STR. CIPRIAN PORUMBESCU NR.3,MUNICIPIUL CONSTANTA,60419,M,1,1798,1783,15,1130,1115,15,0,1124,6,1892,762,303,821
14,CONSTANTA,162,0,SCOALA NR 3-STR. CIPRIAN PORUMBESCU NR.3,MUNICIPIUL CONSTANTA,60419,M,1,1246,1229,17,822,805,17,0,818,4,1300,478,215,603
14,CONSTANTA,163,0,GRADINITA NR 45-STR. UNIRII NR.68,MUNICIPIUL CONSTANTA,60419,M,1,965,944,21,626,605,21,0,624,2,995,369,167,457
14,CONSTANTA,164,0,SCOALA NR 1-BD. MAMAIA NR.179,MUNICIPIUL CONSTANTA,60419,M,1,1065,1054,11,696,684,11,1,691,5,1103,407,167,524
14,CONSTANTA,165,0,SCOALA NR 1-BD. MAMAIA NR.179,MUNICIPIUL CONSTANTA,60419,M,1,1087,1066,21,702,679,21,2,700,2,1202,500,175,525
14,CONSTANTA,166,0,SCOALA NR 3-STR. CIPRIAN PORUMBESCU NR.3,MUNICIPIUL CONSTANTA,60419,M,1,1042,1025,17,672,655,17,0,671,1,1100,428,175,496
14,CONSTANTA,167,0,UNIVERSITATEA 'OVIDIUS'-MEDICINA-STR. ION VODA NR.58,MUNICIPIUL CONSTANTA,60419,M,1,943,916,27,594,567,27,0,592,2,999,405,155,437
14,CONSTANTA,168,0,UNIVERSITATEA 'OVIDIUS'-BD. MAMAIA NR.124,MUNICIPIUL CONSTANTA,60419,M,1,1075,1065,10,749,614,10,125,744,5,1200,451,164,580
14,CONSTANTA,169,0,UNIVERSITATEA 'OVIDIUS'-BD. MAMAIA NR.124,MUNICIPIUL CONSTANTA,60419,M,1,1089,1070,19,758,639,19,100,752,5,1200,442,170,582
14,CONSTANTA,170,0,SCOALA NR.43 - STR. UNIRII NR.12,MUNICIPIUL CONSTANTA,60419,M,1,1072,1056,16,700,681,16,3,699,1,1100,400,141,558
14,CONSTANTA,171,0,SCOALA NR.43 - STR. UNIRII NR.12,MUNICIPIUL CONSTANTA,60419,M,1,1183,1155,28,712,684,28,0,707,5,1306,594,141,566
14,CONSTANTA,172,0,SCOALA NR.4 - STR. NICOLAE IORGA NR.14,MUNICIPIUL CONSTANTA,60419,M,1,888,871,17,560,543,17,0,553,7,998,438,137,416
14,CONSTANTA,173,0,SCOALA NR.4 - STR. NICOLAE IORGA NR.14,MUNICIPIUL CONSTANTA,60419,M,1,790,776,14,538,521,14,3,536,2,899,361,193,343
14,CONSTANTA,174,0,SCOALA NR.5 - STR. NICOLAE IORGA NR.16,MUNICIPIUL CONSTANTA,60419,M,1,735,722,13,539,488,13,38,535,4,804,265,251,284
14,CONSTANTA,175,0,SCOALA NR.5 - STR. NICOLAE IORGA NR.16,MUNICIPIUL CONSTANTA,60419,M,1,727,716,11,487,476,11,0,487,0,801,314,116,371
14,CONSTANTA,176,0,GRADINITA NR.8 - TOMIS II - ALEEA LUMINITEI,MUNICIPIUL CONSTANTA,60419,M,1,937,923,14,649,635,14,0,645,4,1000,351,199,446
14,CONSTANTA,177,0,ATELIER SCOALA - STR. PETRU VULCAN NR.100,MUNICIPIUL CONSTANTA,60419,M,1,692,666,26,482,456,26,0,478,4,701,219,159,319
14,CONSTANTA,178,0,GRUP SCOLAR 'TOMIS' - BD. TOMIS NR.153,MUNICIPIUL CONSTANTA,60419,M,1,809,781,28,550,516,28,6,549,1,900,350,136,413
14,CONSTANTA,179,0,GRUP SCOLAR 'TOMIS' - BD. TOMIS NR.153,MUNICIPIUL CONSTANTA,60419,M,1,1039,1025,14,728,713,14,1,709,19,1099,371,231,478
14,CONSTANTA,180,0,GRADINITA NR.6 - ALEEA MALINULUI NR.5,MUNICIPIUL CONSTANTA,60419,M,1,907,893,14,652,635,14,3,640,12,1001,349,225,415
14,CONSTANTA,181,0,SCOALA NR.30 'GHEORGHE TITEICA' - STR. FLAMANDA NR.13,MUNICIPIUL CONSTANTA,60419,M,1,990,973,17,665,636,17,12,662,3,1100,435,186,476
14,CONSTANTA,182,0,SCOALA NR.30 'GHEORGHE TITEICA' - STR. FLAMANDA NR.13,MUNICIPIUL CONSTANTA,60419,M,1,1007,988,19,689,663,19,7,681,8,1103,414,203,478
14,CONSTANTA,183,0,SCOALA NR.11 - STR. CALARASI NR.48,MUNICIPIUL CONSTANTA,60419,M,1,1433,1411,22,982,955,22,5,976,6,1500,518,256,720
14,CONSTANTA,184,0,SCOALA NR.11 - STR. CALARASI NR.48,MUNICIPIUL CONSTANTA,60419,M,1,1463,1448,15,953,938,15,0,948,5,1598,645,267,681
14,CONSTANTA,185,0,GRUP SCOLAR DE TELECOMUNICATII - BD.AL.LAPUSNEANU NR.15,MUNICIPIUL CONSTANTA,60419,M,1,1522,1504,18,992,974,18,0,991,1,1700,708,242,749
14,CONSTANTA,186,0,GRUP SCOLAR DE TELECOMUNICATII- BD.AL.LAPUSNEANU NR.15,MUNICIPIUL CONSTANTA,60419,M,1,1701,1687,14,995,981,14,0,990,5,1900,905,267,723
14,CONSTANTA,187,0,UNIVERSITATEA  'ANDREI SAGUNA'- BD.AL.LAPUSNEANU NR.13,MUNICIPIUL CONSTANTA,60419,M,1,1366,1352,14,849,833,14,2,844,5,1500,651,186,658
14,CONSTANTA,188,0,LICEUL DE ARTA (SCOALA NR.42) - BD. AL.LAPUSNEANU NR.11,MUNICIPIUL CONSTANTA,60419,M,1,1137,1125,12,773,760,12,1,769,4,1300,527,178,591
14,CONSTANTA,189,0,LICEUL DE ARTA (SCOALA NR.42) - BD. AL.LAPUSNEANU NR.11,MUNICIPIUL CONSTANTA,60419,M,1,1334,1310,24,817,793,24,0,814,3,1404,587,244,570
14,CONSTANTA,190,0,CASA DE CULTURA - BD. AL.LAPUSNEANU NR.1,MUNICIPIUL CONSTANTA,60419,M,1,733,707,26,475,449,26,0,467,8,800,325,136,331
14,CONSTANTA,191,1,SPITALUL DE BOLI INFECTIOASE CONSTANTA - STR.STEFAN CEL MARE NR.133,MUNICIPIUL CONSTANTA,60419,M,1,10,0,10,153,0,10,143,152,1,500,347,69,83
14,CONSTANTA,192,1,SPITALUL JUDETEAN CONSTANTA - BD.TOMIS NR.145,MUNICIPIUL CONSTANTA,60419,M,1,10,0,10,787,0,10,777,784,3,1500,713,297,487
14,CONSTANTA,193,1,SPITALUL PORT- INCINTA PORT,MUNICIPIUL CONSTANTA,60419,M,1,9,0,9,160,0,9,151,160,0,500,340,41,119
14,CONSTANTA,194,1,"PETROMAR - INCINTA PORT,DANA 34",MUNICIPIUL CONSTANTA,60419,M,1,9,0,9,391,0,9,382,386,5,600,209,51,335
14,CONSTANTA,195,1,STATIA RADIO COASTA CONSTANTA,MUNICIPIUL CONSTANTA,60419,M,1,8,0,8,385,0,8,377,379,6,484,99,34,345
14,CONSTANTA,196,1,GARA CONSTA NTA,MUNICIPIUL CONSTANTA,60419,M,1,10,0,10,3066,0,10,3056,3021,45,3300,234,713,2308
14,CONSTANTA,197,1,U.M.0608 - COMANDAMENTUL TERITORIAL DE JANDARMI C-TA - BD.I.C.BRATIANU NR.246,MUNICIPIUL CONSTANTA,60419,M,1,35,0,35,297,0,35,262,286,11,400,103,126,160
14,CONSTANTA,198,1,U.M.01323 - MUZEUL MILITAR NATIONAL - STR.PREL.LILIACULUI NR.2 KM.4-5,MUNICIPIUL CONSTANTA,60419,M,1,14,0,14,251,0,14,237,248,3,300,49,95,153
14,CONSTANTA,199,1,"U.M.01775 - STR.BADEA CARTAN, TOMIS NORD",MUNICIPIUL CONSTANTA,60419,M,1,20,0,20,126,0,20,106,121,5,201,75,74,47
14,CONSTANTA,200,0,CASA MUNICIPALA DE CULTURA - SOS. CONSTANTEI,MUNICIPIUL MANGALIA,60482,M,1,900,875,25,537,512,25,0,529,8,1000,463,228,301
14,CONSTANTA,201,0,POLICLINICA MANGALIA,MUNICIPIUL MANGALIA,60482,M,1,1276,1251,25,817,791,25,1,813,4,1402,585,256,557
14,CONSTANTA,202,0,GRADINITA NR.1 MANGALIA - STR. DELFINULUI,MUNICIPIUL MANGALIA,60482,M,1,1068,1053,15,664,649,15,0,654,10,1100,436,209,445
14,CONSTANTA,203,0,CAMIN C2 (str.Negru Voda ) MANGALIA,MUNICIPIUL MANGALIA,60482,M,1,715,694,21,467,430,21,16,464,3,802,335,64,400
14,CONSTANTA,204,0,BAZA SPORTIVA  'PESCARUS' - MANGALIA,MUNICIPIUL MANGALIA,60482,M,1,1800,1752,48,1012,964,48,0,1006,6,1901,889,326,680
14,CONSTANTA,205,0,GRUP SCOLAR 'ION BANESCU' MANGALIA - STR. NEGRU VODA,MUNICIPIUL MANGALIA,60482,M,1,2037,2013,24,1126,1102,24,0,1114,12,2200,1074,292,822
14,CONSTANTA,206,0,SCOALA GENERALA NR.3 MANGALIA,MUNICIPIUL MANGALIA,60482,M,1,1336,1320,16,780,764,16,0,769,11,1502,722,277,492
14,CONSTANTA,207,0,SCOALA GENERALA NR.3 MANGALIA,MUNICIPIUL MANGALIA,60482,M,1,2443,2381,62,1303,1241,62,0,1290,13,2604,1301,400,890
14,CONSTANTA,208,0,GRADINITA NR.3 MANGALIA,MUNICIPIUL MANGALIA,60482,M,1,1808,1787,21,927,906,21,0,920,7,1902,975,320,600
14,CONSTANTA,209,0,SCOALA GENERALA NR.2 - STR. T. S. SAVEANU MANGALIA,MUNICIPIUL MANGALIA,60482,M,1,2148,2131,17,1059,1040,17,2,1052,7,2302,1243,340,712
14,CONSTANTA,210,0,GRUP SCOLAR 'ECONOMIC' MANGALIA,MUNICIPIUL MANGALIA,60482,M,1,881,873,8,478,470,8,0,473,5,902,424,133,340
14,CONSTANTA,211,0,BLOC D 02 PARTER MANGALIA,MUNICIPIUL MANGALIA,60482,M,1,1524,1510,14,861,847,14,0,860,1,1700,839,232,628
14,CONSTANTA,212,0,SCOALA GENERALA NR.1 MANGALIA (LOCAL NOU) - STR. MATEI BASARAB,MUNICIPIUL MANGALIA,60482,M,1,2081,2072,9,1243,1234,9,0,1220,23,2200,957,398,822
14,CONSTANTA,213,0,SCOALA GENERALA NR.1 MANGALIA (LOCAL GRADINITA) - STR. MATEI BASARAB,MUNICIPIUL MANGALIA,60482,M,1,1442,1428,14,801,787,14,0,787,11,1501,700,277,510
14,CONSTANTA,214,0,BLOC A 01( STR M.I DOBROGEANU) MANGALIA,MUNICIPIUL MANGALIA,60482,M,1,385,331,54,280,226,54,0,268,12,400,120,130,138
14,CONSTANTA,215,0,ASIROM MANGALIA,MUNICIPIUL MANGALIA,60482,M,1,1480,1458,22,934,912,22,0,931,3,1500,566,216,715
14,CONSTANTA,216,0,FUNDATIA PENTRU TINERET MANGALIA  - SOS. CONSTANTEI,MUNICIPIUL MANGALIA,60482,M,1,1230,1201,29,729,700,29,0,726,3,1300,571,174,552
14,CONSTANTA,217,0,SCOALA GENERALA NR 5 MANGALIA,MUNICIPIUL MANGALIA,60482,M,1,1394,1337,57,833,776,57,0,832,1,1400,567,230,602
14,CONSTANTA,218,0,CENTRALA NR 14 MANGALIA,MUNICIPIUL MANGALIA,60482,M,1,1797,1775,22,1029,1005,22,2,1026,3,1899,870,323,703
14,CONSTANTA,219,0,HOTEL MANGALIA - SANATORIUL BALNEAR -STR. MATEI BASARAB,MUNICIPIUL MANGALIA,60482,M,1,1541,1521,20,960,940,20,0,952,8,1700,740,274,678
14,CONSTANTA,220,0,CLUB SPITAL MANGALIA,MUNICIPIUL MANGALIA,60482,M,1,1119,1104,15,801,649,15,137,799,2,1200,399,218,581
14,CONSTANTA,221,0,GRADINITA 'CALLATIS' MANGALIA,MUNICIPIUL MANGALIA,60482,M,1,1701,1682,19,933,914,19,0,923,10,1800,867,319,604
14,CONSTANTA,222,0,LICEUL 'CALLATIS' MANGALIA,MUNICIPIUL MANGALIA,60482,M,1,2060,2033,27,1122,1095,27,0,1115,7,2221,1099,324,791
14,CONSTANTA,223,0,BLOCUL C9 NEPTUN,MUNICIPIUL MANGALIA,60482,M,1,1133,1121,12,643,604,12,27,643,0,1200,557,140,503
14,CONSTANTA,224,0,BLOCUL C 3 OLIMP,MUNICIPIUL MANGALIA,60482,M,1,479,469,10,351,247,10,94,347,4,500,149,122,225
14,CONSTANTA,225,0,INCINTA FRUVILEG,MUNICIPIUL MANGALIA,60482,M,1,498,483,15,288,273,15,0,285,3,500,212,146,139
14,CONSTANTA,226,1,GARA MANGALIA,MUNICIPIUL MANGALIA,60482,M,1,9,0,9,998,0,9,989,990,8,1503,505,295,695
14,CONSTANTA,227,1,UM 02196 MANGALIA,MUNICIPIUL MANGALIA,60482,M,1,44,0,44,199,0,44,155,190,9,200,1,82,108
14,CONSTANTA,228,0,CASA DE CULTURA 'I.N.ROMAN'  MEDGIDIA - STR. REPUBLICII,MUNICIPIUL MEDGIDIA,60847,M,1,1028,1001,27,609,582,27,0,607,2,1104,495,271,336
14,CONSTANTA,229,0,CASA DE CULTURA A SINDICATELOR MEDGIDIA - STR. DECEBAL,MUNICIPIUL MEDGIDIA,60847,M,1,748,729,19,423,403,19,1,420,3,802,379,221,199
14,CONSTANTA,230,0,GRADINITA NR.6 MEDGIDIA - STR. MARGARITARELOR,MUNICIPIUL MEDGIDIA,60847,M,1,1060,1043,17,594,577,17,0,590,4,1100,506,288,302
14,CONSTANTA,231,0,SCOALA GEN.NR.4 MEDGIDIA - INTRARE STR. SIRETULUI,MUNICIPIUL MEDGIDIA,60847,M,1,1028,1008,20,587,565,20,2,580,7,1092,505,306,274
14,CONSTANTA,232,0,SCOALA GEN.NR.4 MEDGIDIA - INTRARE STR. JIULUI,MUNICIPIUL MEDGIDIA,60847,M,1,1367,1358,9,673,664,9,0,653,20,1500,827,461,192
14,CONSTANTA,233,0,SCOALA GEN.NR.4 MEDGIDIA -  SALA DE SPORT - STR. JIULUI,MUNICIPIUL MEDGIDIA,60847,M,1,1039,1003,36,541,505,36,0,523,18,1102,561,314,209
14,CONSTANTA,234,0,GRADINITA NR 8 MEDGIDIA - STR. POPORULUI,MUNICIPIUL MEDGIDIA,60847,M,1,1195,1172,23,645,622,23,0,640,5,1302,657,268,372
14,CONSTANTA,235,0,LICEUL NR.2 MEDGIDIA - STR. POPORULUI,MUNICIPIUL MEDGIDIA,60847,M,1,943,911,32,514,480,32,2,502,12,1002,488,248,254
14,CONSTANTA,236,0,SCOALA NR.1 MEDGIDIA - STR. KEMAL AGI AMET,MUNICIPIUL MEDGIDIA,60847,M,1,1162,1135,27,718,689,27,2,709,9,1195,477,326,383
14,CONSTANTA,237,0,LICEUL 'NICOLAE BALCESCU' MEDGIDIA- INTRARE STR. SCARLAT VARNAV,MUNICIPIUL MEDGIDIA,60847,M,1,911,898,13,561,548,13,0,555,6,1002,441,264,291
14,CONSTANTA,238,0,SCOALA GEN.NR.7 MEDGIDIA - INTRARE STR. ION CREANGA,MUNICIPIUL MEDGIDIA,60847,M,1,978,961,17,582,565,17,0,579,3,1100,518,296,283
14,CONSTANTA,239,0,SCOALA GEN.NR.7 - MEDGIDIA - INTRARE STR. WALTER MARACINEANU,MUNICIPIUL MEDGIDIA,60847,M,1,898,873,25,503,478,25,0,501,2,1005,502,250,251
14,CONSTANTA,240,0,LICEUL 'NICOLAE BALCESCU' MEDGIDIA- INTRARE STR. ION CREANGA,MUNICIPIUL MEDGIDIA,60847,M,1,925,914,11,566,554,11,1,559,7,1003,437,259,300
14,CONSTANTA,241,0,GRADINITA 'TUNA' MEDGIDIA(FOST SEDIU CAP) - STR. REPUBLICII,MUNICIPIUL MEDGIDIA,60847,M,1,1227,1206,21,831,744,21,66,825,6,1300,469,372,453
14,CONSTANTA,242,0,GRADINITA NR.2 MEDGIDIA (FOSTA ROMCIM),MUNICIPIUL MEDGIDIA,60847,M,1,1111,1093,18,721,700,18,3,716,5,1203,482,356,360
14,CONSTANTA,243,0,GRADINITA NR.11 MEDGIDIA,MUNICIPIUL MEDGIDIA,60847,M,1,903,885,18,613,595,18,0,611,2,1000,387,305,306
14,CONSTANTA,244,0,LICEUL 'KEMAL ALATURK'  MEDGIDIA,MUNICIPIUL MEDGIDIA,60847,M,1,1088,1068,20,691,671,20,0,688,3,1206,515,284,404
14,CONSTANTA,245,0,SEDIUL C.E.M.  MEDGIDIA -FOSTUL IREC,MUNICIPIUL MEDGIDIA,60847,M,1,1028,1015,13,650,614,13,23,641,8,1101,451,302,339
14,CONSTANTA,246,0,HOTEL 'STADION' RECEPTIE  MEDGIDIA,MUNICIPIUL MEDGIDIA,60847,M,1,1043,1027,16,590,574,16,0,590,0,1101,511,269,321
14,CONSTANTA,247,0,HOTEL 'STADION' SALON OFICIAL,MUNICIPIUL MEDGIDIA,60847,M,1,1234,1216,18,718,700,18,0,714,4,1403,685,332,382
14,CONSTANTA,248,0,SCOALA NR.5  MEDGIDIA - STR. LUPENI,MUNICIPIUL MEDGIDIA,60847,M,1,1042,1020,22,607,585,22,0,601,6,1100,493,355,246
14,CONSTANTA,249,0,SCOALA NR.5  MEDGIDIA - STR. LUPENI,MUNICIPIUL MEDGIDIA,60847,M,1,977,963,14,546,532,14,0,543,3,1100,554,220,323
14,CONSTANTA,250,0,SCOALA 'LUCIAN GRIGORESCU'  MEDGIDIA - FOSTA NR. 6 - CLADIRE NOUA,MUNICIPIUL MEDGIDIA,60847,M,1,1261,1243,18,705,685,18,2,697,8,1400,695,325,372
14,CONSTANTA,251,0,SCOALA 'LUCIAN GRIGORESCU'  MEDGIDIA - FOSTA NR. 6 - CLADIRE NOUA,MUNICIPIUL MEDGIDIA,60847,M,1,802,794,8,498,490,8,0,494,4,901,403,194,300
14,CONSTANTA,252,0,CASA DE CULTURA A SINDICATELOR  MEDGIDIA,MUNICIPIUL MEDGIDIA,60847,M,1,1118,1105,13,660,638,13,9,654,6,1200,540,304,350
14,CONSTANTA,253,0,GARA C.F.R.  MEDGIDIA,MUNICIPIUL MEDGIDIA,60847,M,1,699,688,11,886,430,11,445,878,8,1803,917,364,514
14,CONSTANTA,254,0,SCOALA NR.2  MEDGIDIA - STR. DEZROBIRII,MUNICIPIUL MEDGIDIA,60847,M,1,1117,1102,15,618,603,15,0,613,5,1205,587,286,327
14,CONSTANTA,255,0,SCOALA NR.2  MEDGIDIA - STR. DEZROBIRII,MUNICIPIUL MEDGIDIA,60847,M,1,1149,1132,17,600,583,17,0,595,5,1202,602,273,322
14,CONSTANTA,256,0,SCOALA NR.2  MEDGIDIA - STR. DEZROBIRII,MUNICIPIUL MEDGIDIA,60847,M,1,963,898,65,564,499,65,0,561,3,1004,440,288,273
14,CONSTANTA,257,0,LICEUL NR.1  MEDGIDIA - STR. DEZROBIRII,MUNICIPIUL MEDGIDIA,60847,M,1,1183,1174,9,658,649,9,0,652,6,1303,645,313,339
14,CONSTANTA,258,0,LICEUL NR.1  MEDGIDIA - STR. DEZROBIRII,MUNICIPIUL MEDGIDIA,60847,M,1,1342,1324,18,769,751,18,0,764,5,1501,732,334,430
14,CONSTANTA,259,0,SCOALA NR.3  MEDGIDIA - STR. THEODOR AMAN,MUNICIPIUL MEDGIDIA,60847,M,1,854,843,11,521,509,11,1,513,8,901,380,262,251
14,CONSTANTA,260,0,SCOALA NR.3  MEDGIDIA - STR. THEODOR AMAN,MUNICIPIUL MEDGIDIA,60847,M,1,1482,1447,35,846,808,35,3,826,20,1602,756,477,349
14,CONSTANTA,261,0,"PLATFORMA BICAZ - RESTAURANT ""PIKI"" MEDGIDIA",MUNICIPIUL MEDGIDIA,60847,M,1,1256,1239,17,829,779,17,33,819,10,1395,566,358,461
14,CONSTANTA,262,0,GRADINITA NR.7 MEDGIDIA- STR. ALEXANDRU CEL BUN,MUNICIPIUL MEDGIDIA,60847,M,1,1528,1518,10,863,853,10,0,860,3,1702,839,297,563
14,CONSTANTA,263,1,SPITAL MEDGIDIA,MUNICIPIUL MEDGIDIA,60847,M,1,9,0,9,141,0,9,132,136,5,301,160,85,51
14,CONSTANTA,264,0,SCOALA - LOCALITATEA VALEA DACILOR,MUNICIPIUL MEDGIDIA,60847,M,1,1050,1034,16,651,635,16,0,643,8,1100,449,357,286
14,CONSTANTA,265,0,SEDIUL AGROMEC - SAT REMUS OPREANU,MUNICIPIUL MEDGIDIA,60847,M,1,268,258,10,179,169,10,0,175,2,302,123,106,69
14,CONSTANTA,266,0,SCOALA GENERALA NR 1  BANEASA,ORAS BANEASA,61069,O,1,980,944,36,598,560,36,2,590,8,1000,402,268,322
14,CONSTANTA,267,0,LICEUL TEORETIC  BANEASA,ORAS BANEASA,61069,O,1,1976,1959,17,1338,1157,17,164,1324,14,2191,853,540,784
14,CONSTANTA,268,0,SCOALA GENERALA NEGURENI,ORAS BANEASA,61069,O,1,599,586,13,395,375,13,7,390,5,600,205,285,105
14,CONSTANTA,269,0,SCOALA GENERALA FAUREI,ORAS BANEASA,61069,O,1,838,804,34,555,521,34,0,546,9,900,345,425,121
14,CONSTANTA,270,0,LICEUL TEORETIC BASARABI - STR. MIHAI EMINESCU NR.50,ORAS BASARABI,62360,O,1,1482,1468,14,1058,773,14,271,1048,10,1602,544,403,645
14,CONSTANTA,271,0,LICEUL TEORETIC BASARABI - STR. MIHAI EMINESCU NR. 50,ORAS BASARABI,62360,O,1,2038,2008,30,1183,1150,30,3,1173,10,2202,1019,438,735
14,CONSTANTA,272,0,SCOALA GENERALA NR.2  BASARABI STR. ION CREANGA NR. 25,ORAS BASARABI,62360,O,1,1619,1551,68,1068,997,68,3,1053,14,1705,637,363,690
14,CONSTANTA,273,0,CLUB TINERET I.A.S. BASARABI- AL. MARGARITARELOR NR. 11,ORAS BASARABI,62360,O,1,2099,2095,4,1277,1244,4,29,1268,9,2306,1029,491,777
14,CONSTANTA,274,0,CANTINA SCUG SA BASARABI - STR. CIOCIRLIEI NR. 1,ORAS BASARABI,62360,O,1,766,713,53,460,405,53,2,456,4,801,341,188,268
14,CONSTANTA,275,0,CAMINUL CULTURAL SIMINOC,ORAS BASARABI,62360,O,1,771,731,40,564,524,40,0,561,3,800,236,271,290
14,CONSTANTA,276,1,U.M.01245 BASARABI,ORAS BASARABI,62360,O,1,9,0,9,131,0,9,122,130,1,200,69,72,58
14,CONSTANTA,277,0,SCOALA GEN. NR.1 CERNAVODA- STR. SALCIEI NR. 6,ORAS CERNAVODA,60776,O,1,1735,1717,18,884,851,18,15,878,6,1900,1016,380,498
14,CONSTANTA,278,0,SCOALA GEN. NR.1 CERNAVODA - STR. SALCIEI NR. 6,ORAS CERNAVODA,60776,O,1,1477,1460,17,725,707,17,1,719,6,1600,875,335,384
14,CONSTANTA,279,0,GRADINITA NR.1 CERNAVODA - STR. SALCIEI NR. 8,ORAS CERNAVODA,60776,O,1,1348,1338,10,765,750,10,5,763,2,1502,737,355,408
14,CONSTANTA,280,0,SCOALA GEN. NR.2 CERNAVODA -  STR. M.SADOVEANU NR. 9,ORAS CERNAVODA,60776,O,1,1458,1443,15,879,862,15,2,870,9,1501,622,419,451
14,CONSTANTA,281,0,SCOALA GEN. NR.3 CERNAVODA - STR. A.SALIGNY NR. 24,ORAS CERNAVODA,60776,O,1,1335,1319,16,1498,759,16,723,1490,8,1500,2,497,993
14,CONSTANTA,282,0,SCOALA GEN. NR.3 CERNAVODA - STR. A.SALIGNY NR. 24,ORAS CERNAVODA,60776,O,1,1949,1942,7,1120,1101,7,12,1114,6,2102,982,405,709
14,CONSTANTA,283,0,GRADINITA NR.4 CERNAVODA - STR. TUDOR VLADIMIRESCU NR. 12,ORAS CERNAVODA,60776,O,1,1130,1121,9,665,603,9,53,663,2,1297,632,326,337
14,CONSTANTA,284,0,CRESA - STR. TUDOR VLADIMIRESCU NR. 10 CERNAVODA,ORAS CERNAVODA,60776,O,1,1005,989,16,631,524,16,91,622,9,1101,470,280,342
14,CONSTANTA,285,0,GRUP SCOLAR IND.ENERGETIC CERNAVODA - STR. CAZARMII NR. 6,ORAS CERNAVODA,60776,O,1,1403,1391,12,740,683,12,45,735,5,1500,760,249,486
14,CONSTANTA,286,0,GRUP SCOLAR IND.ENERGETIC CERNAVODA- STR. CAZARMII NR. 6,ORAS CERNAVODA,60776,O,1,1198,1177,21,698,614,21,63,696,2,1300,602,214,482
14,CONSTANTA,287,0,SCOALA GEN NR.4 CERNAVODA,ORAS CERNAVODA,60776,O,1,1159,1134,25,607,575,25,7,603,4,1200,593,181,422
14,CONSTANTA,288,0,"LICEUL ""CARMEN SILVA"" EFORIE SUD",ORAS EFORIE,60455,O,1,1475,1464,11,853,842,11,0,850,3,1601,748,300,550
14,CONSTANTA,289,0,"ANEXA BIBLIOTECII ORASENESTI ,STR. ION MOVILA (FOSTA DORULUI) NR.8  EFORIE SUD",ORAS EFORIE,60455,O,1,1524,1499,25,917,892,25,0,909,8,1700,783,324,585
14,CONSTANTA,290,0,GRADINITA DE COPII EFORIE SUD - STR. V.ALECSANDRI NR.2,ORAS EFORIE,60455,O,1,1040,1025,15,666,587,15,64,661,5,1104,438,245,416
14,CONSTANTA,291,0,"HOTEL ""TRAIAN"" - STR.TRAIAN ,EFORIE NORD",ORAS EFORIE,60455,O,1,1551,1529,22,1334,958,22,354,1330,4,1701,367,294,1036
14,CONSTANTA,292,0,"COMPLEXUL ""CRISTAL""- STR.REPUBLICII NR.9 EFORIE NORD",ORAS EFORIE,60455,O,1,1175,1151,24,703,679,24,0,699,4,1302,599,165,534
14,CONSTANTA,293,0,SCOALA GENERALA EFORIE NORD - STR M.KOGALNICEANU NR.25,ORAS EFORIE,60455,O,1,1553,1524,29,1000,971,29,0,997,3,1704,704,223,774
14,CONSTANTA,294,0,CASA DE CULTURA HARSOVA - STR. PIATA 1 DECEMBRIE NR. 2,ORAS HARSOVA,60801,O,1,934,926,8,627,508,8,111,626,1,1000,373,229,397
14,CONSTANTA,295,0,LICEUL TEORETIC HARSOVA - SOS. CONSTANTEI NR. 24,ORAS HARSOVA,60801,O,1,1440,1430,10,801,789,10,2,792,9,1500,699,333,459
14,CONSTANTA,296,0,GRADINITA CU ORAR NORMAL HARSOVA - STR. SOARELUI NR. 2,ORAS HARSOVA,60801,O,1,1270,1261,9,714,704,9,1,708,6,1400,686,289,419
14,CONSTANTA,297,0,CINEMATOGRAF HARSOVA,ORAS HARSOVA,60801,O,1,1617,1608,9,862,837,9,16,854,8,1700,838,332,522
14,CONSTANTA,298,0,SCOALA GENERALA NR.1 HARSOVA - STR. REVOLUTIEI NR. 5,ORAS HARSOVA,60801,O,1,1711,1696,15,881,866,15,0,873,8,1800,919,393,480
14,CONSTANTA,299,0,SEDIU OCOLUL SILVIC HARSOVA - STR. VADULUI NR. 87,ORAS HARSOVA,60801,O,1,1360,1349,11,796,763,11,22,785,11,1500,704,399,386
14,CONSTANTA,300,0,SCOALA PRIMARA VADU OII,ORAS HARSOVA,60801,O,1,341,332,9,188,175,9,4,182,6,400,212,95,87
14,CONSTANTA,301,0,SCOALA NR 3 NAVODARI -  STR. CABANEI NR. 2,ORAS NAVODARI,60507,O,1,2070,2052,18,957,937,18,2,951,6,2301,1344,308,643
14,CONSTANTA,302,0,LICEUL 'LAZAR EDELEANU' NAVODARI-STR. SANATATII NR. 4,ORAS NAVODARI,60507,O,1,2217,2201,16,1214,1198,16,0,1213,1,2400,1186,296,917
14,CONSTANTA,303,0,LICEUL 'LAZAR EDELEANU' NAVODARI-STR. SANATATII NR. 4,ORAS NAVODARI,60507,O,1,1828,1804,24,818,794,24,0,811,7,1903,1085,260,551
14,CONSTANTA,304,0,LICEUL 'LAZAR EDELEANU' NAVODARI-STR. SANATATII NR. 4,ORAS NAVODARI,60507,O,1,1710,1689,21,855,834,21,0,846,9,1800,945,246,600
14,CONSTANTA,305,0,SCOALA GENERALA NR 1 NAVODARI -STR. CULTURII NR. 33,ORAS NAVODARI,60507,O,1,1763,1742,21,998,974,21,3,993,5,1903,905,347,646
14,CONSTANTA,306,0,SCOALA GENERALA NR 1 NAVODARI -STR. CULTURII NR. 33,ORAS NAVODARI,60507,O,1,1673,1654,19,940,921,19,0,935,5,1800,860,291,644
14,CONSTANTA,307,0,SCOALA GENERALA NR 1 NAVODARI -STR. CULTURII NR. 33,ORAS NAVODARI,60507,O,1,1964,1920,44,964,920,44,0,960,4,2100,1136,324,636
14,CONSTANTA,308,0,SCOALA GENERALA NR 2 NAVODARI -STR. PLOPILOR NR. 38,ORAS NAVODARI,60507,O,1,2113,2100,13,1123,1108,13,2,1116,7,2301,1178,386,730
14,CONSTANTA,309,0,SCOALA GENERALA NR 2 NAVODARI -STR. PLOPILOR NR. 38,ORAS NAVODARI,60507,O,1,1855,1830,25,920,892,25,3,913,7,1898,978,280,633
14,CONSTANTA,310,0,GRADINITA NR 2 NAVODARI-STR. PLOPILOR NR. 38,ORAS NAVODARI,60507,O,1,2368,2336,32,1112,1079,32,1,1102,10,2400,1288,418,684
14,CONSTANTA,311,0,CASA CASATORIILOR NAVODARI-STR. CONSTANTEI BL. B2,ORAS NAVODARI,60507,O,1,2101,2073,28,1366,1040,28,298,1353,13,2201,835,441,912
14,CONSTANTA,312,0,CLUBUL PETROMIDIA NAVODARI -STR. TINERETULUI NR. 3,ORAS NAVODARI,60507,O,1,2022,1996,26,995,968,26,1,989,6,2200,1205,304,685
14,CONSTANTA,313,0,DISCOTECA 'GALAXY' NAVODARI -STR. CULTURII NR. 1,ORAS NAVODARI,60507,O,1,1685,1671,14,880,852,14,14,876,4,1800,920,306,570
14,CONSTANTA,314,0,CRESA NR.20(VIS A VIS DE CLUBUL ELEVILOR NAVODARI)-STR. CABANEI NR. 5,ORAS NAVODARI,60507,O,1,2898,2816,82,1182,1100,82,0,1169,13,2800,1618,421,748
14,CONSTANTA,315,0,SCOALA NR.3 NAVODARI - STR.CABANEI NR.5,ORAS NAVODARI,60507,O,1,408,393,15,216,201,15,0,213,3,500,284,87,126
14,CONSTANTA,316,0,CASA CASATORIILOR NAVODARI-STR. CONSTANTEI BL. B2,ORAS NAVODARI,60507,O,1,1780,1755,25,858,833,25,0,852,6,1906,1048,246,606
14,CONSTANTA,317,0,SCOALA GENERALA NEGRU VODA -STR INDEPENDENTEI,ORAS NEGRU VODA,62397,O,1,2023,1976,47,1134,984,47,103,1107,27,2302,1168,523,584
14,CONSTANTA,318,0,SCOALA GENERALA NEGRU VODA -STR SILOZULUI,ORAS NEGRU VODA,62397,O,1,1461,1431,30,730,700,30,0,726,4,1400,670,338,388
14,CONSTANTA,319,0,CAMINUL CULTURAL DARABANI,ORAS NEGRU VODA,62397,O,1,583,575,8,278,257,8,13,273,5,601,323,159,114
14,CONSTANTA,320,0,SCOALA GENERALA VALCELE,ORAS NEGRU VODA,62397,O,1,212,195,17,129,95,17,17,128,1,200,71,84,44
14,CONSTANTA,321,0,GRADINITA DARABANI,ORAS NEGRU VODA,62397,O,1,142,118,24,101,74,24,3,100,1,200,99,41,59
14,CONSTANTA,322,0,LICEUL TEORETIC  OVIDIU (ARIPA VECHE),ORAS OVIDIU,60687,O,1,2045,2003,42,1133,1091,42,0,1123,10,2200,1067,479,644
14,CONSTANTA,323,0,SCOALA GENERALA NR.1 - OVIDIU  -ARIPA NOUA,ORAS OVIDIU,60687,O,1,1945,1913,32,944,912,32,0,929,15,2100,1156,344,585
14,CONSTANTA,324,0,SCOALA GENERALA NR.2 OVIDIU --ARIPA NOUA,ORAS OVIDIU,60687,O,1,2420,2383,37,1350,1313,37,0,1339,11,2603,1253,442,897
14,CONSTANTA,325,0,CENTRUL CULTURAL OVIDIU,ORAS OVIDIU,60687,O,1,2092,2060,32,1397,1160,32,205,1389,8,2200,803,424,965
14,CONSTANTA,326,0,GRADINITA LICURICI OVIDIU,ORAS OVIDIU,60687,O,1,1315,1289,26,707,681,26,0,704,3,1396,689,235,469
14,CONSTANTA,327,0,SCOALA GENERALA -SAT POIANA,ORAS OVIDIU,60687,O,1,567,549,18,318,300,18,0,313,5,601,283,116,197
14,CONSTANTA,328,0,SC.GEN NAZARCEA,ORAS OVIDIU,60687,O,1,833,789,44,442,398,44,0,434,8,804,362,261,173
14,CONSTANTA,329,0,CASA DE CULTURA TECHIRGHIOL - STR.OVIDIU NR.7,ORAS TECHIRGHIOL,60534,O,1,1899,1877,22,1109,1086,22,1,1097,12,2000,891,339,758
14,CONSTANTA,330,0,GRADINITA NR 1 TECHIRGHIOL-STR.N.BALCESCU NR.27,ORAS TECHIRGHIOL,60534,O,1,1549,1531,18,943,925,18,0,939,4,1696,753,303,636
14,CONSTANTA,331,0,GRADINITA NR 2 TECHIRGHIOL-STR.N.BALCESCU NR.65,ORAS TECHIRGHIOL,60534,O,1,1336,1308,28,773,745,28,0,768,5,1406,633,289,479
14,CONSTANTA,332,0,LICEUL TECHIRGHIOL(CASA SCOLII) - STR.NICOLAE BALCESCU NR.14,ORAS TECHIRGHIOL,60534,O,1,1117,1100,17,649,632,17,0,644,5,1200,551,214,430
14,CONSTANTA,333,1,SANATORIUL BALNEAR TECHIRGHIOL - STR.DR.V.CLIMESCU NR.34-40,ORAS TECHIRGHIOL,60534,O,1,10,0,10,194,0,10,184,190,4,600,406,89,101
14,CONSTANTA,334,0,SCOALA GENERALA 23 AUGUST,23 AUGUST,60598,C,3,2436,2429,7,1159,1132,7,20,1151,8,2600,1441,565,586
14,CONSTANTA,335,0,SCOALA GENERALA DULCESTI,23 AUGUST,60598,C,3,911,891,20,582,483,20,79,576,6,1000,418,331,245
14,CONSTANTA,336,0,GRADINITA  MOSNENI,23 AUGUST,60598,C,3,847,834,13,485,426,13,46,481,4,900,415,308,173
14,CONSTANTA,337,0,SCOALA GENERALA ADAMCLISI,ADAMCLISI,60883,C,3,957,939,18,556,501,18,37,546,10,1002,446,329,217
14,CONSTANTA,338,0,SCOALA PRIMARA ZORILE,ADAMCLISI,60883,C,3,488,467,21,290,269,21,0,283,7,501,211,208,75
14,CONSTANTA,339,0,SCOALA PRIMARA URLUIA,ADAMCLISI,60883,C,3,266,248,18,174,156,18,0,170,4,302,128,118,52
14,CONSTANTA,340,0,SCOALA PRIMARA ABRUD,ADAMCLISI,60883,C,3,164,135,29,74,45,29,0,73,1,200,126,39,34
14,CONSTANTA,341,0,SCOALA 'ION BORCEA' AGIGEA - STR.MANGALIEI,AGIGEA,60570,C,3,1774,1756,18,1031,1013,18,0,1026,5,1900,869,308,718
14,CONSTANTA,342,0,GRADINITA AGIGEA,AGIGEA,60570,C,3,1671,1642,29,1062,1030,29,3,1049,13,1700,638,398,651
14,CONSTANTA,343,0,SPITALUL FTIZIOLOGIC .OA AGIGEA,AGIGEA,60570,C,3,334,305,29,280,174,29,77,277,3,500,220,150,127
14,CONSTANTA,344,0,SCOALA GENERALA LAZU,AGIGEA,60570,C,3,818,786,32,491,459,32,0,490,1,800,309,112,378
14,CONSTANTA,345,0,SCOALA GENERALA ALBESTI,ALBESTI,60945,C,3,1239,1157,82,702,620,82,0,695,7,1302,600,313,382
14,CONSTANTA,346,0,SCOALA GENERALA ARSA,ALBESTI,60945,C,3,319,303,16,211,165,16,30,209,2,401,190,134,75
14,CONSTANTA,347,0,SCOALA GENERALA COROANA,ALBESTI,60945,C,3,130,119,11,106,65,11,30,106,0,200,94,38,68
14,CONSTANTA,348,0,SCOALA GENERALA COTU VAII,ALBESTI,60945,C,3,793,765,28,535,457,28,50,524,11,802,267,330,194
14,CONSTANTA,349,0,SCOALA GENERALA VARTOP,ALBESTI,60945,C,3,172,166,6,135,100,6,29,132,3,200,65,81,51
14,CONSTANTA,350,0,SCOALA GENERALA-SAT ALIMAN,ALIMAN,61005,C,3,1112,1102,10,618,608,10,0,608,10,1200,582,409,199
14,CONSTANTA,351,0,SCOALA GENERALA-SAT DUNARENI,ALIMAN,61005,C,3,1178,1171,7,711,693,7,11,701,10,1300,589,560,141
14,CONSTANTA,352,0,SCOALA GENERALA-SAT AMZACEA,AMZACEA,63198,C,3,940,912,28,567,537,28,2,559,8,1000,433,370,189
14,CONSTANTA,353,0,SCOALA GENERALA-SAT G-RAL SCARISOREANU,AMZACEA,63198,C,3,748,735,13,415,401,13,1,412,3,800,385,321,91
14,CONSTANTA,354,0,SCOALA GENERALA-SAT CASICEA,AMZACEA,63198,C,3,340,326,14,155,141,14,0,154,1,400,245,100,54
14,CONSTANTA,355,0,SCOALA GENERALA- BARAGANU,BARAGANU,63294,C,3,827,812,15,463,443,15,5,454,9,900,437,278,176
14,CONSTANTA,356,0,SCOALA GENERALA-SAT LANURILE,BARAGANU,63294,C,3,713,699,14,428,405,14,9,426,2,800,372,213,213
14,CONSTANTA,357,0,SCOALA GENERALA CASTELU,CASTELU,61121,C,3,1138,1125,13,596,582,13,1,580,16,1200,604,310,270
14,CONSTANTA,358,0,SCOALA GENERALA CASTELU,CASTELU,61121,C,3,1052,1046,6,548,542,6,0,539,9,1102,554,227,312
14,CONSTANTA,359,0,SCOALA GENERALA NISIPARI,CASTELU,61121,C,3,1254,1230,24,653,629,24,0,645,8,1400,747,255,390
14,CONSTANTA,360,0,CAMINUL CULTURAL-- CERCHEZU,CERCHEZU,61167,C,3,464,459,5,282,266,5,11,278,4,500,218,177,101
14,CONSTANTA,361,0,CAMINUL CULTURAL-SAT VIROAGA,CERCHEZU,61167,C,3,624,614,10,411,389,10,12,404,6,700,289,236,168
14,CONSTANTA,362,0,CASA AGRONOMULUI-SAT MAGURA,CERCHEZU,61167,C,3,106,100,6,78,64,6,8,78,0,200,122,56,22
14,CONSTANTA,363,0,SCOALA GENERALA-SAT CHIRNOGENI,CHIRNOGENI,61210,C,3,1517,1490,27,884,825,27,32,865,19,1700,816,575,290
14,CONSTANTA,364,0,SCOALA GENERALA-SAT PLOPENI,CHIRNOGENI,61210,C,3,969,961,8,544,532,8,4,540,4,1092,548,339,201
14,CONSTANTA,365,0,SCOALA GENERALA-SAT CREDINTA,CHIRNOGENI,61210,C,3,227,218,9,140,120,9,11,138,2,300,160,97,41
14,CONSTANTA,366,0,SCOALA GENERALA-SAT. CIOBANU,CIOBANU,61256,C,3,1176,1174,2,646,644,2,0,645,1,1301,655,389,256
14,CONSTANTA,367,0,SCOALA GENERALA-SAT. CIOBANU,CIOBANU,61256,C,3,1374,1366,8,744,735,8,1,737,7,1502,758,428,309
14,CONSTANTA,368,0,SCOALA PRIMARA-SAT. MIORITA,CIOBANU,61256,C,3,291,276,15,157,142,15,0,153,4,300,143,100,53
14,CONSTANTA,369,0,SCOALA GENERALA-SAT CIOCIRLIA DE JOS,CIOCARLIA,61283,C,3,1430,1423,7,746,739,7,0,733,13,1600,854,500,233
14,CONSTANTA,370,0,SCOALA GENERALA-SAT CIOCIRLIA DE SUS,CIOCARLIA,61283,C,3,868,823,45,470,411,45,14,469,1,902,432,294,175
14,CONSTANTA,371,0,CAMINUL CULTURAL-SAT COBADIN,COBADIN,61318,C,3,1783,1767,16,940,879,16,45,930,10,1996,1056,458,472
14,CONSTANTA,372,0,SCOALA GENERALA(SEDIU VECHI)-SAT COBADIN,COBADIN,61318,C,3,1697,1673,24,903,877,24,2,884,19,1900,997,399,485
14,CONSTANTA,373,0,SEDIU FOST C.A.P-SAT COBADIN,COBADIN,61318,C,3,1620,1597,23,799,759,23,17,790,9,1800,1001,372,418
14,CONSTANTA,374,0,SCOALA GENERALA-SAT CONACU,COBADIN,61318,C,3,309,294,15,176,157,15,4,174,2,400,224,121,53
14,CONSTANTA,375,0,CAMINUL CULTURAL-SAT NEGRESTI,COBADIN,61318,C,3,413,405,8,220,204,8,8,218,2,502,282,170,48
14,CONSTANTA,376,0,SEDIUL FOST C.A.P-SAT VIISOARA,COBADIN,61318,C,3,1191,1172,19,709,627,19,63,700,9,1300,591,383,317
14,CONSTANTA,377,0,CAMINUL CULTURAL-SAT COGEALAC,COGEALAC,61372,C,3,1563,1544,19,743,724,19,0,725,18,1700,957,407,318
14,CONSTANTA,378,0,SCOALA GENERALA-SAT COGEALAC,COGEALAC,61372,C,3,1363,1349,14,624,610,14,0,615,9,1500,876,346,269
14,CONSTANTA,379,0,SCOALA GENERALA-SAT TARIVERDE,COGEALAC,61372,C,3,823,811,12,411,398,12,1,407,4,900,489,226,181
14,CONSTANTA,380,0,SCOALA GENERALA-SAT FANTANELE,COGEALAC,61372,C,3,1333,1284,49,787,738,49,0,781,6,1400,613,565,216
14,CONSTANTA,381,0,SCOALA GENERALA-SAT RAMNICUL DE JOS,COGEALAC,61372,C,3,636,617,19,342,323,19,0,336,6,700,358,188,148
14,CONSTANTA,382,0,SCOALA DE ARTE SI MESERII-SAT COMANA,COMANA,61452,C,3,751,739,12,494,460,12,22,487,7,800,306,304,183
14,CONSTANTA,383,0,SCOALA GENERALA-SAT TATARU,COMANA,61452,C,3,514,488,26,326,291,26,9,323,3,501,175,237,86
14,CONSTANTA,384,0,SCOALA PRIMARA-SAT PELINU,COMANA,61452,C,3,248,242,6,165,146,6,13,165,0,300,135,125,40
14,CONSTANTA,385,0,SCOALA GENERALA -SAT. CORBU,CORBU,61513,C,3,2344,2174,170,1269,1037,170,62,1257,12,2200,931,519,738
14,CONSTANTA,386,0,ASOCIATIA AGRICOLA 'SPICUL' -SAT. CORBU,CORBU,61513,C,3,1607,1451,156,818,656,156,6,812,6,1800,982,379,433
14,CONSTANTA,387,0,SCOALA PRIMARA-SAT. VADU,CORBU,61513,C,3,580,538,42,310,268,42,0,309,1,600,290,109,200
14,CONSTANTA,388,0,SCOALA GENERALA   COSTINESTI,COSTINESTI,63286,C,3,745,722,23,541,516,23,2,538,3,800,259,220,318
14,CONSTANTA,389,0,SCOALA GENERALA SCHITU,COSTINESTI,63286,C,3,1241,1213,28,910,876,28,6,905,5,1400,490,405,500
14,CONSTANTA,390,0,SCOALA DE ARTE SI MESERII  - SAT CRUCEA,CRUCEA,61559,C,3,986,975,11,523,498,11,14,518,5,1100,577,295,223
14,CONSTANTA,391,0,BIROUL SATESC PRIMARIE - SAT GALBIORI,CRUCEA,61559,C,3,251,244,7,161,144,7,10,156,5,300,139,109,47
14,CONSTANTA,392,0,SCOALA GENERALA - SAT BALTAGESTI,CRUCEA,61559,C,3,377,368,9,229,204,9,16,227,2,400,171,195,32
14,CONSTANTA,393,0,SCOALA GENERALA-SAT STUPINA,CRUCEA,61559,C,3,565,554,11,323,294,11,18,319,4,600,277,237,82
14,CONSTANTA,394,0,SEDIU GRADINITA - SAT CRISAN,CRUCEA,61559,C,3,320,316,4,158,148,4,6,153,5,400,242,113,40
14,CONSTANTA,395,0,SCOALA GENERALA-SAT SIRIU,CRUCEA,61559,C,3,207,200,7,122,110,7,5,120,2,300,178,84,36
14,CONSTANTA,396,0,SCOALA NOUA CU ETAJ -SAT. CUMPANA,CUMPANA,61620,C,3,2078,2057,21,1123,1102,21,0,1106,17,2211,1088,586,520
14,CONSTANTA,397,0,SCOALA  VECHE CU ETAJ -SAT. CUMPANA,CUMPANA,61620,C,3,1905,1881,24,1119,1095,24,0,1109,10,2100,981,596,513
14,CONSTANTA,398,0,ANEXA SCOALII  VECHE SAT. CUMPANA,CUMPANA,61620,C,3,1876,1815,61,1126,1063,61,2,1102,24,2004,878,591,511
14,CONSTANTA,399,0,SALA DE SPORT CUMPANA,CUMPANA,61620,C,3,1953,1832,121,1265,1144,121,0,1237,28,2000,735,641,596
14,CONSTANTA,400,0,SCOALA GENERALA CUZA VODA,CUZA VODA,63300,C,3,1109,1076,33,665,612,33,20,655,10,1100,435,397,258
14,CONSTANTA,401,0,SCOALA GENERALA CUZA VODA,CUZA VODA,63300,C,3,1147,1121,26,656,604,26,26,647,9,1200,544,434,213
14,CONSTANTA,402,0,CLUB CAMIN CULTURAL-SAT DELENI,DELENI,61675,C,3,355,303,52,237,180,52,5,232,5,400,163,107,125
14,CONSTANTA,403,0,CAMIN CULTURAL-SAT SIPOTELE,DELENI,61675,C,3,408,396,12,275,257,12,6,263,12,502,227,189,74
14,CONSTANTA,404,0,SEDIU FOST CAP -SAT PETROSANI,DELENI,61675,C,3,494,484,10,344,304,10,30,338,6,500,156,232,106
14,CONSTANTA,405,0,CAMIN CULTURAL-SAT PIETRENI,DELENI,61675,C,3,674,660,14,401,376,14,11,397,4,708,307,207,190
14,CONSTANTA,406,0,SCOALA GENERALA-SAT DOBROMIR VALE,DOBROMIR,61737,C,3,731,727,4,367,355,4,8,351,16,800,433,212,139
14,CONSTANTA,407,0,SCOALA GENERALA-SAT DOBROMIR DEAL,DOBROMIR,61737,C,3,259,183,76,199,120,76,3,197,2,200,1,156,41
14,CONSTANTA,408,0,SCOALA PRIMARA-SAT LESPEZI,DOBROMIR,61737,C,3,308,289,19,211,192,19,0,206,5,300,89,155,51
14,CONSTANTA,409,0,SCOALA PRIMARA-SAT VALENI,DOBROMIR,61737,C,3,595,575,20,360,340,20,0,354,6,600,240,278,76
14,CONSTANTA,410,0,SCOALA PRIMARA -SAT PADURENI,DOBROMIR,61737,C,3,111,96,15,76,61,15,0,75,1,100,24,48,27
14,CONSTANTA,411,0,SCOALA GENERALA-SAT DUMBRAVENI,DUMBRAVENI,63161,C,3,371,370,1,233,229,1,3,230,3,402,169,174,56
14,CONSTANTA,412,0,SCOALA GENERALA SAT FURNICA,DUMBRAVENI,63161,C,3,79,67,12,56,44,12,0,55,1,100,44,39,16
14,CONSTANTA,413,0,CENTRUL CULTURAL DUNAREA VECHE -SAT GIRLICIU,GARLICIU,61808,C,3,1466,1463,3,1037,928,3,106,1025,12,1600,563,727,298
14,CONSTANTA,414,0,SCOALA GENERALA-SAT GHINDARESTI,GHINDARESTI,61826,C,3,1250,1244,6,595,589,6,0,589,6,1400,805,251,338
14,CONSTANTA,415,0,SCOALA GENERALA-SAT GHINDARESTI,GHINDARESTI,61826,C,3,1013,1006,7,465,458,7,0,464,1,1100,635,227,237
14,CONSTANTA,416,0,CAMINUL CULTURAL-SAT HORIA,HORIA,63278,C,3,705,696,9,437,426,9,2,434,3,800,363,293,141
14,CONSTANTA,417,0,CAMINUL CULTURAL-SAT TICHILESTI,HORIA,63278,C,3,322,315,7,185,178,7,0,179,6,400,215,134,45
14,CONSTANTA,418,0,SCOALA GENERALA-SAT INDEPENDENTA,INDEPENDENTA,61871,C,3,1049,1046,3,623,586,3,34,613,10,1105,482,417,196
14,CONSTANTA,419,0,SCOALA GENERALA-SAT MOVILA VERDE,INDEPENDENTA,61871,C,3,501,487,14,315,274,14,27,311,4,500,185,143,168
14,CONSTANTA,420,0,SCOALA GENERALA-SAT OLTENI,INDEPENDENTA,61871,C,3,373,365,8,240,219,8,13,234,6,400,160,167,67
14,CONSTANTA,421,0,SCOALA GENERALA-SAT TUFANI,INDEPENDENTA,61871,C,3,298,289,9,201,192,9,0,198,3,300,99,138,60
14,CONSTANTA,422,0,SCOALA GENERALA-SAT FINTINA MARE,INDEPENDENTA,61871,C,3,270,257,13,213,197,13,3,212,1,300,87,146,66
14,CONSTANTA,423,0,SCOALA GENERALA-SAT ION CORVIN,ION CORVIN,61951,C,3,519,500,19,357,290,19,48,353,4,601,244,227,126
14,CONSTANTA,424,0,SCOALA GENERALA-SAT VIILE,ION CORVIN,61951,C,3,836,831,5,590,561,5,24,579,11,900,310,355,224
14,CONSTANTA,425,0,SCOALA PRIMARA-SAT RARISTEA,ION CORVIN,61951,C,3,234,223,11,143,112,11,20,139,4,300,157,108,31
14,CONSTANTA,426,0,SCOALA PRIMARA-SAT CRANGU,ION CORVIN,61951,C,3,101,90,11,81,56,11,14,81,0,100,19,60,21
14,CONSTANTA,427,0,SCOALA GENERALA-SAT ISTRIA,ISTRIA,62020,C,3,1133,1120,13,658,645,13,0,647,11,1300,642,282,365
14,CONSTANTA,428,0, ANEXA PRIMARIE NUNTASI,ISTRIA,62020,C,3,862,846,16,514,497,16,1,509,5,900,386,236,273
14,CONSTANTA,429,0,SCOALA GENERALA-SAT LIMANU,LIMANU,60632,C,3,1957,1938,19,1030,1011,19,0,1023,7,2100,1070,358,665
14,CONSTANTA,430,0,SCOALA GENERALA-SAT 2 MAI,LIMANU,60632,C,3,1891,1863,28,1126,1093,28,5,1117,9,2007,881,313,804
14,CONSTANTA,431,0,CAMINUL CULTURAL-SAT LIPNITA,LIPNITA,62057,C,3,862,841,21,519,494,21,4,510,9,900,381,230,280
14,CONSTANTA,432,0,CAMINUL CULTURAL-SAT COSLUGEA,LIPNITA,62057,C,3,641,636,5,385,380,5,0,375,10,700,315,277,98
14,CONSTANTA,433,0,CAMINUL CULTURAL-SAT CANLIA,LIPNITA,62057,C,3,482,480,2,325,309,2,14,323,2,500,175,168,155
14,CONSTANTA,434,0,SCOALA GENERALA-SAT CARVAN,LIPNITA,62057,C,3,416,412,4,212,208,4,0,208,4,500,288,118,90
14,CONSTANTA,435,0,SCOALA  GENERALA-SAT IZVOARELE,LIPNITA,62057,C,3,135,131,4,80,76,4,0,78,2,200,120,42,36
14,CONSTANTA,436,0,SCOALA GENERALA -SAT GORUNI,LIPNITA,62057,C,3,122,114,8,80,72,8,0,79,1,199,119,38,41
14,CONSTANTA,437,0,SCOALA GENERALA-SAT CUIUGIUC,LIPNITA,62057,C,3,184,179,5,96,91,5,0,95,1,200,104,75,20
14,CONSTANTA,438,0,SCOALA GENERALA(NOUA)-SAT LUMINA,LUMINA,63152,C,3,1967,1894,73,1055,982,73,0,1044,11,2100,1045,363,681
14,CONSTANTA,439,0,SCOALA GENERALA(VECHE)-SAT LUMINA,LUMINA,63152,C,3,1770,1692,78,991,880,78,33,979,12,1903,912,354,625
14,CONSTANTA,440,0,GRADINITA LUMINA,LUMINA,63152,C,3,1552,1506,46,656,610,46,0,651,5,1700,1044,234,417
14,CONSTANTA,441,0,SCOALA GENERALA-SAT OITUZ,LUMINA,63152,C,3,497,486,11,275,264,11,0,273,2,500,225,95,178
14,CONSTANTA,442,0,SCOALA GENERALA-SAT SIBIOARA,LUMINA,63152,C,3,344,335,9,196,187,9,0,193,3,399,203,91,102
14,CONSTANTA,443,0,SCOALA GENERALA-SAT MERENI,MERENI,62137,C,3,1044,1033,11,534,523,11,0,526,8,1100,566,289,237
14,CONSTANTA,444,0,SCOALA GENERALA-SAT OSMANCEA,MERENI,62137,C,3,466,455,11,270,259,11,0,267,3,500,230,144,123
14,CONSTANTA,445,0,SCOALA GENERALA-SAT CIOBANITA,MERENI,62137,C,3,250,243,7,151,144,7,0,151,0,300,149,87,64
14,CONSTANTA,446,0,SCOALA GENERALA-SAT M.VITEAZU,MIHAI VITEAZU,62253,C,3,1468,1453,15,753,727,15,11,738,15,1600,847,394,344
14,CONSTANTA,447,0,SCOALA GENERALA-SAT SINOIE,MIHAI VITEAZU,62253,C,3,982,958,24,550,526,24,0,541,9,1104,554,164,377
14,CONSTANTA,448,0,SCOALA NEMTEASCA - M.KOGALNICEANU,MIHAIL KOGALNICEANU,62191,C,3,1086,1053,33,573,538,33,2,571,2,1100,527,171,400
14,CONSTANTA,449,0,GRADINITA NR 1 M.KOGALNICEANU,MIHAIL KOGALNICEANU,62191,C,3,1112,1074,38,600,562,38,0,595,5,1100,500,174,421
14,CONSTANTA,450,0,SCOLA GENERALA NR.2 M.KOGALNICEANU,MIHAIL KOGALNICEANU,62191,C,3,1237,1204,33,711,678,33,0,707,4,1300,589,217,490
14,CONSTANTA,451,0,LICEUL TEORETIC - M.KOGALNICEANU,MIHAIL KOGALNICEANU,62191,C,3,1307,1270,37,651,614,37,0,642,9,1400,749,185,457
14,CONSTANTA,452,0,SEDIU S.P.G.C.L M.KOGALNICEANU,MIHAIL KOGALNICEANU,62191,C,3,597,559,38,309,270,38,1,308,1,600,291,127,181
14,CONSTANTA,453,0,INTERNAT  M.KOGALNICEANU,MIHAIL KOGALNICEANU,62191,C,3,1141,1121,20,615,591,20,4,611,4,1199,584,273,338
14,CONSTANTA,454,0,SCOALA GENERALA CERES M.KOGALNICEANU,MIHAIL KOGALNICEANU,62191,C,3,385,372,13,197,175,13,9,192,5,400,203,80,112
14,CONSTANTA,455,0,U.A SIBIOARA,MIHAIL KOGALNICEANU,62191,C,3,304,286,18,204,186,18,0,199,5,300,96,134,65
14,CONSTANTA,456,0,CASA AGRONOMULUI-SAT PIATRA,MIHAIL KOGALNICEANU,62191,C,3,603,590,13,393,362,13,18,389,4,601,208,153,236
14,CONSTANTA,457,0,SCOALA GENERALA-SAT PALAZU MIC,MIHAIL KOGALNICEANU,62191,C,3,279,254,25,152,127,25,0,152,0,300,148,58,94
14,CONSTANTA,458,1,U.M. 02227 M.KOGALNICEANU,MIHAIL KOGALNICEANU,62191,C,3,6,0,6,81,0,6,75,80,1,201,120,51,29
14,CONSTANTA,459,0,SCOALA GENERALA-SAT MIRCEA VODA,MIRCEA VODA,62280,C,3,1534,1515,19,758,737,19,2,739,19,1700,942,569,170
14,CONSTANTA,460,0,SCOALA GENERALA-SAT SATU NOU,MIRCEA VODA,62280,C,3,1873,1786,87,1034,947,87,0,1020,14,1900,866,807,213
14,CONSTANTA,461,0,SCOALA GENERALA NICOLAE BALCESCU,NICOLAE BALCESCU,62440,C,3,1242,1223,19,628,592,19,17,625,3,1387,759,325,300
14,CONSTANTA,462,0,SCOALA GENERALA NICOLAE BALCESCU,NICOLAE BALCESCU,62440,C,3,1398,1382,16,657,641,16,0,651,6,1505,848,335,316
14,CONSTANTA,463,0,SCOALA GENERALA-SAT DOROBANTU,NICOLAE BALCESCU,62440,C,3,1364,1344,20,655,635,20,0,645,10,1500,845,407,238
14,CONSTANTA,464,0,SCOALA DE ARTE SI MESERII  OLTINA,OLTINA,62486,C,3,1680,1660,20,1005,941,20,44,995,10,1800,795,607,388
14,CONSTANTA,465,0,SCOALA GENERALA-SAT RAZOARELE,OLTINA,62486,C,3,512,494,18,385,345,18,22,380,5,599,214,219,161
14,CONSTANTA,466,0,FOST SEDIU C.A.P-SAT SATU NOU,OLTINA,62486,C,3,244,231,13,168,138,13,17,163,5,300,132,98,65
14,CONSTANTA,467,0,LICEUL-SAT OSTROV,OSTROV,62538,C,3,2380,2316,64,1357,1293,64,0,1322,35,2500,1143,523,799
14,CONSTANTA,468,0,SCOALA GENERALA-SAT ALMALAU,OSTROV,62538,C,3,731,712,19,484,419,19,46,480,4,800,316,347,133
14,CONSTANTA,469,0,SCOALA GENERALA-SAT ESECHIOI,OSTROV,62538,C,3,255,242,13,169,140,13,16,165,4,300,131,128,37
14,CONSTANTA,470,0,SCOALA GENERALA-SAT GARLITA,OSTROV,62538,C,3,280,276,4,192,173,4,15,190,2,300,108,113,77
14,CONSTANTA,471,0,SCOALA GENERALA-SAT GALITA,OSTROV,62538,C,3,457,453,4,328,317,4,7,318,10,600,272,245,73
14,CONSTANTA,472,0,SCOALA GENERALA-SAT BUGEAC,OSTROV,62538,C,3,180,169,11,114,100,11,3,113,1,200,86,47,66
14,CONSTANTA,473,0,SCOALA GENERALA-SAT PANTELIMON DE SUS,PANTELIMON,62609,C,3,655,653,2,408,395,2,11,399,9,800,392,284,115
14,CONSTANTA,474,0,SCOALA PRIMARA-SAT PANTELIMON DE JOS,PANTELIMON,62609,C,3,168,162,6,99,93,6,0,97,2,200,101,74,23
14,CONSTANTA,475,0,SCOALA PRIMARA-SAT RUNCU,PANTELIMON,62609,C,3,332,318,14,236,219,14,3,232,4,400,164,182,50
14,CONSTANTA,476,0,SCOALA PRIMARA-SAT NISTORESTI,PANTELIMON,62609,C,3,253,249,4,153,132,4,17,152,1,300,147,120,32
14,CONSTANTA,477,0,SCOALA GENERALA-SAT PECINEAGA,PECINEAGA,62672,C,3,2257,2243,14,1173,1158,14,1,1165,8,2402,1229,649,516
14,CONSTANTA,478,0,CAMINUL CULTURAL-SAT PESTERA,PESTERA,62707,C,3,1388,1374,14,754,696,14,44,750,4,1500,746,616,134
14,CONSTANTA,479,0,SCOALA PRIMARA  IVRINEZU MARE,PESTERA,62707,C,3,698,687,11,362,325,11,26,354,8,800,438,250,104
14,CONSTANTA,480,0,CAMINUL CULTURAL- IZVORU MARE,PESTERA,62707,C,3,535,523,12,288,271,12,5,281,6,600,312,212,69
14,CONSTANTA,481,0,SCOALA PUBLICA NR 1 (NOUA) POARTA ALBA,POARTA ALBA,62761,C,3,2352,2289,63,1241,1171,63,7,1238,3,2500,1259,401,837
14,CONSTANTA,482,0,CAMIN CULTURAL POARTA ALBA,POARTA ALBA,62761,C,3,947,910,37,634,470,37,127,623,11,1000,366,352,271
14,CONSTANTA,483,1,SALA CLUB A CAMINULUI DE BATRINI POARTA ALBA,POARTA ALBA,62761,C,3,10,0,10,92,0,10,82,84,8,300,208,54,30
14,CONSTANTA,484,0,SCOALA PRIMARA NAZARCEA (GALESU),POARTA ALBA,62761,C,3,327,305,22,195,171,22,2,193,2,400,205,101,92
14,CONSTANTA,485,0,SCOALA PRIMARA -SAT RASOVA,RASOVA,62798,C,3,2008,1997,11,1038,1027,11,0,1013,25,2200,1162,756,257
14,CONSTANTA,486,0,SCOALA GENERALA-SAT COCHIRLENI,RASOVA,62798,C,3,921,911,10,514,504,10,0,505,9,1000,486,352,153
14,CONSTANTA,487,0,SCOALA GENERALA-SAT SACELE,SACELE,62878,C,3,1732,1699,33,1100,1066,33,1,1091,9,1802,702,637,454
14,CONSTANTA,488,0,SCOALA GENERALA-SAT SALIGNY,SALIGNY,63318,C,3,710,697,13,416,399,13,4,408,8,800,384,264,144
14,CONSTANTA,489,0,SCOALA GENERALA-SAT FACLIA,SALIGNY,63318,C,3,584,569,15,330,302,15,13,327,3,601,271,237,90
14,CONSTANTA,490,0,SCOALA GENERALA-SAT STEFAN CEL MARE,SALIGNY,63318,C,3,223,203,20,223,203,20,0,223,0,300,77,141,82
14,CONSTANTA,491,0,SCOALA GENERALA-SAT SARAIU,SARAIU,62823,C,3,727,722,5,433,413,5,15,425,8,800,367,313,112
14,CONSTANTA,492,0,SCOALA GENERALA-SAT DULGHERU,SARAIU,62823,C,3,465,456,9,263,254,9,0,256,7,500,237,178,78
14,CONSTANTA,493,0,SCOALA PRIMARA-SAT SEIMENII MICI,SEIMENI,62903,C,3,605,603,2,337,329,2,6,331,6,701,364,199,132
14,CONSTANTA,494,0,SCOALA GENERALA-SAT SEIMENI,SEIMENI,62903,C,3,463,459,4,228,224,4,0,222,6,503,275,130,92
14,CONSTANTA,495,0,SCOALA GENERALA -SAT DUNAREA,SEIMENI,62903,C,3,559,551,8,355,347,8,0,349,6,599,244,214,135
14,CONSTANTA,496,0,SCOALA GENERALA-SAT SILISTEA,SILISTEA,62949,C,3,554,545,9,373,332,9,32,368,5,600,227,295,73
14,CONSTANTA,497,0,SCOALA GENERALA-SAT TEPES VODA,SILISTEA,62949,C,3,604,596,8,378,365,8,5,373,5,699,321,267,106
14,CONSTANTA,498,0,SALA SEDINTE CL-SAT TIRGUSOR,TARGUSOR,62985,C,3,1133,1116,17,757,697,17,43,749,8,1200,443,459,290
14,CONSTANTA,499,0,SCOALA PRIMARA-SAT MIREASA,TARGUSOR,62985,C,3,273,264,9,175,158,9,8,171,4,302,127,115,56
14,CONSTANTA,500,0,SCOALA PRIMARA-SAT CHEIA,TARGUSOR,62985,C,3,296,284,12,169,157,12,0,166,3,299,130,75,91
14,CONSTANTA,501,0,SCOALA GENERALA-SAT GRADINA,TARGUSOR,62985,C,3,670,653,17,522,476,17,29,519,3,702,180,369,150
14,CONSTANTA,502,0,GRADINITA-SAT TOPALU,TOPALU,63045,C,3,1489,1486,3,891,885,3,3,879,12,1704,813,703,176
14,CONSTANTA,503,0,SCOALA PRIMARA CAPIDAVA,TOPALU,63045,C,3,65,57,8,47,39,8,0,46,1,100,53,35,11
14,CONSTANTA,504,0,SCOALA NOUA-SAT TOPRAISAR,TOPRAISAR,63072,C,3,1269,1249,20,688,654,20,14,681,7,1400,712,379,302
14,CONSTANTA,505,0,SCOALA VECHE-SAT TOPRAISAR,TOPRAISAR,63072,C,3,1357,1352,5,683,642,5,36,674,9,1500,817,377,297
14,CONSTANTA,506,1,U.M. 01737 PUNCT CONTROL TOPRAISAR,TOPRAISAR,63072,C,3,28,0,28,178,0,28,150,174,4,400,222,104,70
14,CONSTANTA,507,0,SCOALA SAT BIRUINTA,TOPRAISAR,63072,C,3,542,506,36,377,330,36,11,375,2,600,223,274,101
14,CONSTANTA,508,0,SCOALA SAT MOVILITA,TOPRAISAR,63072,C,3,699,678,21,417,378,21,18,412,5,800,383,242,170
14,CONSTANTA,509,0,SCOALA  POTIRNICHEA,TOPRAISAR,63072,C,3,319,305,14,182,168,14,0,181,1,400,218,122,59
14,CONSTANTA,510,0,SEDIU FOST C.A.P-SAT TORTOMANU,TORTOMAN,63189,C,3,1336,1333,3,786,778,3,5,768,18,1401,615,521,247
14,CONSTANTA,511,0,CAMINUL CULTURAL-SAT TUZLA,TUZLA,60721,C,3,1485,1464,21,917,867,21,29,914,3,1600,683,351,563
14,CONSTANTA,512,0,SCOALA RENOVATA TUZLA,TUZLA,60721,C,3,1911,1876,35,1142,1101,35,6,1136,6,2000,858,467,669
14,CONSTANTA,513,0,SCOALA NOUA -SAT TUZLA,TUZLA,60721,C,3,1646,1630,16,908,886,16,6,899,9,1707,799,333,566
14,CONSTANTA,514,0,SCOALA GENERALA NR 1-SAT. VALU LUI TRAIAN,VALU LUI TRAIAN,63125,C,3,2800,2707,93,1680,1587,93,0,1664,16,2900,1220,881,783
14,CONSTANTA,515,0,LOCAL COMPLEX SAT. VALU LUI TRAIAN,VALU LUI TRAIAN,63125,C,3,2031,1953,78,1193,1115,78,0,1184,9,2099,906,589,595
14,CONSTANTA,516,0,SCOALA GENERALA NR 2- VALEA SEACA,VALU LUI TRAIAN,63125,C,3,2369,2306,63,1335,1215,63,57,1328,7,2500,1165,678,650
14,CONSTANTA,517,0,CAMINUL CULTURAL-SAT VULTURU,VULTURU,63170,C,3,581,578,3,332,329,3,0,328,4,700,368,194,134
15,COVASNA,1,0,Casa de cultura Municipala str. Kossuth Lajos nr. 13,MUNICIPIUL SFANTUL GHEORGHE,63394,M,1,2000,1981,19,780,761,19,0,769,11,2200,1420,256,513
15,COVASNA,2,0,Grupul Scolar Industrial KOS KAROLY str. Gabor Aron nr.18,MUNICIPIUL SFANTUL GHEORGHE,63394,M,1,1117,1106,11,395,382,11,2,392,3,1300,905,138,254
15,COVASNA,3,0,Liceul teoretic SZEKELY MIKO str. Grof Miko Imre nr.1,MUNICIPIUL SFANTUL GHEORGHE,63394,M,1,1713,1698,15,709,692,15,2,702,7,1992,1283,192,510
15,COVASNA,4,0,Grup Scolar Economic Administrativ si Servicii  str. Crangului nr. 30,MUNICIPIUL SFANTUL GHEORGHE,63394,M,1,2299,2283,16,907,891,16,0,905,2,2601,1694,225,680
15,COVASNA,5,0,Liceul teoretic MIKES KELEMEN str. Kos Karoly nr. 5/A,MUNICIPIUL SFANTUL GHEORGHE,63394,M,1,788,776,12,291,279,12,0,289,2,900,609,87,202
15,COVASNA,6,0,Grup Scolar Economic Administrativ si Servicii str. Crangului nr. 30,MUNICIPIUL SFANTUL GHEORGHE,63394,M,1,820,812,8,320,310,8,2,318,2,900,580,91,227
15,COVASNA,7,0,Scoala generala KISS ARPAD str. Kos Karoly nr. 78,MUNICIPIUL SFANTUL GHEORGHE,63394,M,1,1286,1274,12,455,443,10,2,454,1,1500,1045,165,289
15,COVASNA,8,0,Colegiul national MIHAI VITEAZUL str. Kos Karoly nr. 22,MUNICIPIUL SFANTUL GHEORGHE,63394,M,1,1095,1085,10,421,411,10,0,420,1,1200,779,149,271
15,COVASNA,9,0,Colegiul national MIHAI VITEAZUL str. Kos Karoly nr. 22,MUNICIPIUL SFANTUL GHEORGHE,63394,M,1,1905,1895,10,616,606,10,0,614,2,2200,1584,218,396
15,COVASNA,10,0,Gradinita de copii GULLIVER str. Dealului nr. 24,MUNICIPIUL SFANTUL GHEORGHE,63394,M,1,2255,2243,12,846,834,12,0,840,6,2485,1639,278,562
15,COVASNA,11,0,Gradinita de copii GULLIVER str. Dealului nr. 24,MUNICIPIUL SFANTUL GHEORGHE,63394,M,1,1522,1507,15,570,555,15,0,568,2,1700,1130,225,343
15,COVASNA,12,0,Complex Sportiv str. Stadionului nr. 12,MUNICIPIUL SFANTUL GHEORGHE,63394,M,1,1254,1245,9,552,541,9,2,550,2,1400,848,157,393
15,COVASNA,13,0,Gradinita de copii ALBA ca ZAPADA Aleea Tineretului nr. 2,MUNICIPIUL SFANTUL GHEORGHE,63394,M,1,943,934,9,370,361,9,0,364,6,1100,730,120,244
15,COVASNA,14,0,Scoala generala VARADI JOZSEF str. Benedek Elek nr. 20,MUNICIPIUL SFANTUL GHEORGHE,63394,M,1,1906,1892,14,753,739,14,0,748,5,2116,1363,226,522
15,COVASNA,15,0,Liceul de Arta str. Kossuth Lajos nr. 15,MUNICIPIUL SFANTUL GHEORGHE,63394,M,1,1713,1693,20,661,632,20,9,645,16,1900,1239,257,388
15,COVASNA,16,0,Scoala Ajutatoare str. Piata Veche nr. 3,MUNICIPIUL SFANTUL GHEORGHE,63394,M,1,695,685,10,280,270,10,0,279,1,800,520,88,191
15,COVASNA,17,0,Gradinita de copii PANSELUTA str. Romulus Cioflec nr. 14,MUNICIPIUL SFANTUL GHEORGHE,63394,M,1,2170,2156,14,791,777,14,0,784,7,2400,1609,294,490
15,COVASNA,18,0,Scoala Generala GODRI FERENC str. Elevilor nr. 1,MUNICIPIUL SFANTUL GHEORGHE,63394,M,1,2285,2266,19,757,738,19,0,747,10,2584,1827,323,424
15,COVASNA,19,0,Grup Scolar Agricol str. Ciucului nr. 50,MUNICIPIUL SFANTUL GHEORGHE,63394,M,1,1243,1231,12,419,406,12,1,418,1,1420,1001,153,265
15,COVASNA,20,0,Sediul Sindicatelor str. Grigore Balan nr. 1,MUNICIPIUL SFANTUL GHEORGHE,63394,M,1,1807,1793,14,712,698,14,0,709,3,2000,1288,226,483
15,COVASNA,21,0,"Gradinita de copii Pinochio str. Daliei nr.1, bl.12, sc E, parter",MUNICIPIUL SFANTUL GHEORGHE,63394,M,1,1962,1950,12,815,801,12,2,812,3,2200,1385,208,604
15,COVASNA,22,0,Gradinita de copii cu program prelungit BENEDEK ELEK str. Oltului nr.,MUNICIPIUL SFANTUL GHEORGHE,63394,M,1,1792,1783,9,739,730,9,0,731,8,2000,1261,244,487
15,COVASNA,23,0,"Sediul Centrului de Informare pentru Cetateni str. 1 Decembrie 1918,",MUNICIPIUL SFANTUL GHEORGHE,63394,M,1,1343,1333,10,541,522,10,9,540,1,1500,959,147,393
15,COVASNA,24,0,Grup Scolar PUSKAS TIVADAR str. Pescarilor nr. 35,MUNICIPIUL SFANTUL GHEORGHE,63394,M,1,2103,2088,15,908,893,15,0,902,6,2300,1392,279,623
15,COVASNA,25,0,Grup Scolar PUSKAS TIVADAR str. Pescarilor nr. 35,MUNICIPIUL SFANTUL GHEORGHE,63394,M,1,766,750,16,329,313,16,0,326,3,900,571,113,213
15,COVASNA,26,0,"Gradinita de copii PINOCHIO str. Daliei nr. 1, bl. 12, sc. F, parter",MUNICIPIUL SFANTUL GHEORGHE,63394,M,1,1872,1860,12,719,707,12,0,717,2,2100,1381,196,521
15,COVASNA,27,0,Scoala generala NICOLAE COLAN str. Lalelei nr. 1,MUNICIPIUL SFANTUL GHEORGHE,63394,M,1,2567,2543,24,1022,998,24,0,1015,7,2900,1878,341,674
15,COVASNA,28,0,Scoala generala NICOLAE COLAN str. Lalelei nr. 1,MUNICIPIUL SFANTUL GHEORGHE,63394,M,1,2545,2534,11,855,844,11,0,854,1,2900,2045,220,634
15,COVASNA,29,0,Strand municipal  str. Sporturilor nr. 2,MUNICIPIUL SFANTUL GHEORGHE,63394,M,1,2703,2685,18,1071,1053,18,0,1068,3,3000,1929,322,746
15,COVASNA,30,0,Scoala generala nr. 6 str. Armata Romana nr. 25,MUNICIPIUL SFANTUL GHEORGHE,63394,M,1,1829,1819,10,730,720,10,0,726,4,2000,1270,230,496
15,COVASNA,31,0,Scoala generala nr. 6 str. Armata Romana nr. 25,MUNICIPIUL SFANTUL GHEORGHE,63394,M,1,1625,1622,3,957,642,3,312,950,7,1900,943,286,664
15,COVASNA,32,0,Gradinita de copii nr. 9  str. Armata Romana nr. 23,MUNICIPIUL SFANTUL GHEORGHE,63394,M,1,2468,2453,15,916,901,15,0,912,4,2800,1884,304,608
15,COVASNA,33,0,Chilieni - Casa de cultura,MUNICIPIUL SFANTUL GHEORGHE,63394,M,1,547,538,9,238,229,9,0,234,4,600,362,115,119
15,COVASNA,34,0,Coseni - Casa de cultura,MUNICIPIUL SFANTUL GHEORGHE,63394,M,1,415,404,11,175,164,11,0,174,1,500,325,63,111
15,COVASNA,35,1,"Cercul militar str. Oltului, nr. 14",MUNICIPIUL SFANTUL GHEORGHE,63394,M,1,13,0,13,246,0,13,233,240,6,400,154,145,95
15,COVASNA,36,1,"Spitalul judetean str. Spitalului, nr. 1-3",MUNICIPIUL SFANTUL GHEORGHE,63394,M,1,11,0,11,188,0,11,177,186,2,896,708,86,100
15,COVASNA,37,0,Casa Municipala de Cultura VIGADO Piata Gabor Aron nr. 21,MUNICIPIUL TIRGU SECUIESC,63740,M,1,1379,1360,19,544,525,19,0,539,5,1500,956,264,275
15,COVASNA,38,0,Liceul NAGY MOZES str. Kanta nr. 23,MUNICIPIUL TIRGU SECUIESC,63740,M,1,1076,1061,15,277,262,15,0,274,3,1224,947,139,135
15,COVASNA,39,0,Liceul BOD PETER str. Ady Endre nr. 20,MUNICIPIUL TIRGU SECUIESC,63740,M,1,1771,1759,12,628,594,12,22,623,5,2000,1372,277,346
15,COVASNA,40,0,Scoala cu clasele I-VIII PETOFI SANDOR str. Ady Endre  nr. 9,MUNICIPIUL TIRGU SECUIESC,63740,M,1,1779,1768,11,593,582,11,0,588,5,2000,1407,271,317
15,COVASNA,41,0,Gradinita de copii BENEDEK ELEK str. Dozsa Gyorgy nr.8,MUNICIPIUL TIRGU SECUIESC,63740,M,1,1725,1697,28,665,637,28,0,655,10,1900,1235,315,340
15,COVASNA,42,0,Gradinita de copii CSIPKEROZSIKA str. Rozelor nr. 4,MUNICIPIUL TIRGU SECUIESC,63740,M,1,1702,1685,17,580,563,17,0,575,5,1900,1320,296,279
15,COVASNA,43,0,Scoala cu clasele I-VIII TUROCZI MOZES str. Noua nr. 1,MUNICIPIUL TIRGU SECUIESC,63740,M,1,1386,1376,10,515,505,10,0,509,6,1600,1085,270,239
15,COVASNA,44,0,Gradinita de copii MANOCSKA str. Gradinitei nr. 1,MUNICIPIUL TIRGU SECUIESC,63740,M,1,1906,1892,14,595,581,14,0,593,2,2100,1505,279,314
15,COVASNA,45,0,Grupul Scolar GABOR ARON str. Fabricii nr. 8,MUNICIPIUL TIRGU SECUIESC,63740,M,1,1716,1716,0,680,635,0,45,676,4,1900,1220,274,402
15,COVASNA,46,0,Scoala cu clasele I-VIII MOLNAR JOZSIAS str. Nemere nr.2,MUNICIPIUL TIRGU SECUIESC,63740,M,1,1367,1347,20,569,484,20,65,565,4,1500,931,257,308
15,COVASNA,47,0,Scoala primara  Ruseni str. Bem nr. 83,MUNICIPIUL TIRGU SECUIESC,63740,M,1,440,431,9,147,138,9,0,145,2,500,353,97,48
15,COVASNA,48,0,Scoala generala Lunga nr. 360,MUNICIPIUL TIRGU SECUIESC,63740,M,1,1036,1021,15,293,278,15,0,290,3,1200,907,168,122
15,COVASNA,49,0,Caminul cultural Tinoasa nr. 657,MUNICIPIUL TIRGU SECUIESC,63740,M,1,288,264,24,109,85,24,0,109,0,300,191,66,43
15,COVASNA,50,1,"Spitalul municipal str. Fabricii, nr. 3",MUNICIPIUL TIRGU SECUIESC,63740,M,1,36,0,36,116,0,36,80,114,2,400,284,58,56
15,COVASNA,51,0,Primaria orasului Baraolt str. Piata Libertatii nr. 2,ORAS BARAOLT,63447,O,1,1525,1516,9,588,577,9,2,577,11,1800,1212,280,297
15,COVASNA,52,0,"Casa de Cultura str. Kossuth Lajos, nr. 129",ORAS BARAOLT,63447,O,1,1876,1865,11,729,718,11,0,723,6,2100,1371,369,354
15,COVASNA,53,0,"Gradinita de copii str. Calea Trandafirilor, bl. 3A",ORAS BARAOLT,63447,O,1,1477,1443,34,627,560,34,33,624,3,1600,973,331,293
15,COVASNA,54,0,Caminul cultural Biborteni nr. 30,ORAS BARAOLT,63447,O,1,650,640,10,228,218,10,0,223,5,784,556,129,94
15,COVASNA,55,0,Caminul cultural Bodos nr. 106,ORAS BARAOLT,63447,O,1,341,336,5,140,135,5,0,135,5,396,256,97,38
15,COVASNA,56,0,Caminul cultural Capeni nr. 345,ORAS BARAOLT,63447,O,1,937,932,5,377,372,5,0,373,4,1100,723,188,185
15,COVASNA,57,0,Gradinita de copii Miclosoara nr. 90,ORAS BARAOLT,63447,O,1,418,399,19,245,226,19,0,242,3,500,255,177,65
15,COVASNA,58,0,Caminul cultural Racosul de Sus nr. 100,ORAS BARAOLT,63447,O,1,733,728,5,353,348,5,0,348,5,900,547,269,79
15,COVASNA,59,0,Casa de cultura Chiurus,ORAS COVASNA,63526,O,1,372,360,12,214,202,12,0,205,9,400,186,123,82
15,COVASNA,60,0,Scoala generala ORBAN BALAZS str. Gabor Aron nr. 1/A,ORAS COVASNA,63526,O,1,1333,1316,17,646,522,17,107,639,7,1500,854,245,394
15,COVASNA,61,0,Clubul orasenesc str. 1 Decembrie 1918 nr. 1,ORAS COVASNA,63526,O,1,1353,1326,27,568,541,27,0,565,3,1500,932,202,363
15,COVASNA,62,0,"Liceul KOROSI CSOMA SANDOR Corp A str. Stefan cel Mare, nr. 40",ORAS COVASNA,63526,O,1,1179,1168,11,507,495,11,1,506,1,1300,793,174,332
15,COVASNA,63,0,"Liceul KOROSI CSOMA SANDOR Corp B str. Stefan cel Mare, nr. 40",ORAS COVASNA,63526,O,1,1344,1334,10,584,567,10,7,582,2,1500,916,199,383
15,COVASNA,64,0,"Internat Liceul KOROSI CSOMA SANDOR str. Stefan cel Mare, nr. 100",ORAS COVASNA,63526,O,1,1666,1636,30,727,696,30,1,719,8,1900,1173,236,483
15,COVASNA,65,0,Scoala generala AVRAM IANCU str. Piata Eroilor nr. 4,ORAS COVASNA,63526,O,1,1285,1279,6,591,585,6,0,578,13,1500,909,237,341
15,COVASNA,66,0,Scoala generala AVRAM IANCU str. Mihai Eminescu nr. 15,ORAS COVASNA,63526,O,1,1199,1183,16,613,597,16,0,610,3,1400,787,210,400
15,COVASNA,67,1,Hotel MONTANA str. Toth nr. 23,ORAS COVASNA,63526,O,1,12,0,12,18,0,12,6,18,0,700,682,8,10
15,COVASNA,68,1,"Hotel CERBUL str. 1 Decembrie 1918, nr. 2A",ORAS COVASNA,63526,O,1,8,0,8,21,0,8,13,21,0,1100,1079,11,10
15,COVASNA,69,1,"Hotel DACIA str. Unirii, nr. 10",ORAS COVASNA,63526,O,1,12,0,12,219,0,12,207,217,2,800,581,117,100
15,COVASNA,70,1,"Spitalul Cardiovascular str. Mihai Eminescu, nr. 160",ORAS COVASNA,63526,O,1,8,0,8,360,0,8,352,355,5,1200,840,180,175
15,COVASNA,71,0,"Scoala generala nr. 1 Intorsura Buzaului  str. Mihai Viteazul, nr. 18",ORAS INTORSURA BUZAULUI,63580,O,1,1809,1792,17,984,856,17,111,981,3,1988,1004,393,588
15,COVASNA,72,0,"Casa de Cultura  Intorsura Buzaului  str. Mihai Viteazul, nr. 169",ORAS INTORSURA BUZAULUI,63580,O,1,1543,1532,11,645,634,11,0,642,3,1700,1055,252,390
15,COVASNA,73,0,Districtul DN  str. Mihai Viteazul nr. 223,ORAS INTORSURA BUZAULUI,63580,O,1,1706,1689,17,872,855,17,0,867,5,1900,1028,454,413
15,COVASNA,74,0,Caminul cultural Bradet,ORAS INTORSURA BUZAULUI,63580,O,1,921,909,12,461,448,12,1,458,3,1100,639,225,233
15,COVASNA,75,0,Caminul cultural Floroaia,ORAS INTORSURA BUZAULUI,63580,O,1,1113,1104,9,600,590,9,1,598,2,1300,700,289,309
15,COVASNA,76,0,Primaria Aita Mare nr. 206,AITA MARE,63777,C,3,741,737,4,371,367,4,0,369,2,900,529,170,199
15,COVASNA,77,0,Caminul cultural  Aita Medie nr. 326,AITA MARE,63777,C,3,633,617,16,296,280,16,0,290,6,700,404,148,142
15,COVASNA,78,0,Primaria Arcus nr. 237,ARCUS,65113,C,3,1047,1038,9,427,418,9,0,425,2,1200,773,252,173
15,COVASNA,79,0,"Caminul cultural  Barcani str. Principala, nr. 270",BARCANI,63633,C,3,1906,1887,19,1012,992,19,1,1010,2,2200,1188,620,390
15,COVASNA,80,0,Scoala generala Ladauti nr. 53,BARCANI,63633,C,3,522,486,36,357,321,36,0,354,3,600,243,293,61
15,COVASNA,81,0,Scoala generala Saramas nr. 139,BARCANI,63633,C,3,531,517,14,305,291,14,0,303,2,600,295,223,80
15,COVASNA,82,0,Primaria Batani Mari nr. 174,BATANI,63802,C,3,1549,1540,9,608,599,9,0,595,13,1800,1192,301,294
15,COVASNA,83,0,Caminul cultural  Batanii  Mici nr. 174,BATANI,63802,C,3,426,416,10,144,134,10,0,138,6,500,356,83,55
15,COVASNA,84,0,Sediul primariei de deplasare Herculian nr. 58,BATANI,63802,C,3,836,826,10,335,325,10,0,330,5,1000,665,279,51
15,COVASNA,85,0,Sediul primariei de deplasare Aita Seaca nr.440,BATANI,63802,C,3,681,673,8,197,189,8,0,191,6,800,603,160,31
15,COVASNA,86,0,Primaria Belin nr. 390,BELIN,63866,C,3,1118,1105,13,439,416,13,10,430,9,1300,861,238,192
15,COVASNA,87,0,Caminul cultural Belin-Vale nr. 110,BELIN,63866,C,3,746,728,18,418,400,18,0,405,13,900,482,363,42
15,COVASNA,88,0,Caminul cultural Bixad nr. 558,BIXAD,65121,C,3,1429,1420,9,567,557,9,1,557,10,1600,1033,403,154
15,COVASNA,89,0,Caminul cultural Bodoc nr. 148,BODOC,63893,C,3,973,966,7,399,391,7,1,392,7,1096,697,172,220
15,COVASNA,90,0,Caminul cultural Zalan nr. 126,BODOC,63893,C,3,470,466,4,222,198,4,20,219,3,596,374,116,103
15,COVASNA,91,0,Sediul Primariei de deplasare Olteni nr. 37,BODOC,63893,C,3,465,458,7,210,203,7,0,201,9,600,390,115,86
15,COVASNA,92,0,Primaria Borosneu Mare nr. 393,BOROSNEU MARE,63937,C,3,1169,1156,13,395,382,13,0,379,16,1299,904,252,127
15,COVASNA,93,0,Scoala generala Borosneu Mic nr. 122,BOROSNEU MARE,63937,C,3,340,318,22,193,171,22,0,191,2,400,207,144,47
15,COVASNA,94,0,Caminul cultural Dobolii de Sus nr. 23,BOROSNEU MARE,63937,C,3,169,156,13,102,89,13,0,101,1,199,97,67,34
15,COVASNA,95,0,Scoala generala Let nr. 83,BOROSNEU MARE,63937,C,3,500,483,17,197,170,17,10,194,3,600,403,103,91
15,COVASNA,96,0,Caminul cultural Tufalau nr. 54,BOROSNEU MARE,63937,C,3,171,159,12,103,91,12,0,102,1,200,97,47,55
15,COVASNA,97,0,Primaria Brates nr. 61,BRATES,64005,C,3,521,501,20,214,194,20,0,212,2,600,386,95,117
15,COVASNA,98,0,Caminul cultural Telechia nr. 2,BRATES,64005,C,3,515,489,26,202,176,26,0,196,6,600,398,100,96
15,COVASNA,99,0,Caminul cultural Pachia nr. 35,BRATES,64005,C,3,271,255,16,142,126,16,0,141,1,299,157,112,29
15,COVASNA,100,0,Caminul cultural Bradut nr. 149,BRADUT,64041,C,3,764,751,13,263,250,13,0,260,3,896,633,186,74
15,COVASNA,101,0,Caminul cultural Talisoara nr. 65/B,BRADUT,64041,C,3,630,623,7,257,250,7,0,253,4,700,443,176,77
15,COVASNA,102,0,Caminul cultural Doboseni nr. 143,BRADUT,64041,C,3,1109,1098,11,535,524,11,0,509,26,1300,765,430,79
15,COVASNA,103,0,Clubul caminului culturat Filia nr. 367,BRADUT,64041,C,3,1023,1009,14,378,360,14,4,375,3,1200,822,256,119
15,COVASNA,104,0,Centrul cultural Bretcu nr. 212,BRETCU,64096,C,3,2179,2171,8,957,919,8,30,922,35,2400,1443,584,338
15,COVASNA,105,0,Scoala generala Martanus nr. 154,BRETCU,64096,C,3,656,630,26,350,321,26,3,344,6,700,350,213,131
15,COVASNA,106,0,Scoala generala Oituz nr. 15,BRETCU,64096,C,3,289,277,12,149,136,12,1,148,1,400,251,95,53
15,COVASNA,107,0,Caminul cultural Catalina nr. 216,CATALINA,64130,C,3,1185,1179,6,411,403,6,2,402,9,1400,989,278,124
15,COVASNA,108,0,Scoala generala Imeni nr. 58,CATALINA,64130,C,3,253,245,8,117,109,8,0,114,3,300,183,72,42
15,COVASNA,109,0,Casa parohiala Hatuica nr. 110,CATALINA,64130,C,3,389,381,8,213,205,8,0,211,2,500,287,122,89
15,COVASNA,110,0,Scoala generala Martineni nr. 114,CATALINA,64130,C,3,504,487,17,246,229,17,0,239,7,600,354,172,67
15,COVASNA,111,0,Caminul cultural Marcusa nr. 218,CATALINA,64130,C,3,514,507,7,175,168,7,0,174,1,600,425,123,51
15,COVASNA,112,0,Caminul cultural nr. 1 Cernat nr. 462,CERNAT,64194,C,3,1732,1716,16,484,468,16,0,478,6,2000,1516,295,183
15,COVASNA,113,0,Caminul cultural nr. 2 Cernat  nr. 816,CERNAT,64194,C,3,919,891,28,380,350,28,2,368,12,1000,620,268,100
15,COVASNA,114,0,Caminul cultural Albis nr. 43,CERNAT,64194,C,3,350,343,7,114,107,7,0,112,2,400,286,84,28
15,COVASNA,115,0,Caminul cultural Icafalau  nr. 147,CERNAT,64194,C,3,225,217,8,99,91,8,0,95,4,300,201,80,15
15,COVASNA,116,0,Primaria Chichis nr. 1,CHICHIS,64238,C,3,843,836,7,407,384,7,16,398,9,992,585,199,199
15,COVASNA,117,0,Gradinita de copii Bacel nr. 2,CHICHIS,64238,C,3,485,482,3,250,233,3,14,246,4,600,350,82,164
15,COVASNA,118,0,Primaria Comandau nr. 63,COMANDAU,63553,C,3,853,848,5,500,495,5,0,484,16,1000,500,408,76
15,COVASNA,119,0,Primaria Dalnic nr. 45,DALNIC,65147,C,3,785,777,8,263,255,8,0,257,6,900,637,185,72
15,COVASNA,120,0,Caminul cultural Dobarlau nr. 234,DOBARLAU,64265,C,3,863,858,5,457,400,5,52,455,2,1000,543,228,227
15,COVASNA,121,0,Scoala generala Valea Dobirlaului nr. 25,DOBARLAU,64265,C,3,251,247,4,118,114,4,0,116,2,300,182,44,72
15,COVASNA,122,0,Scoala generala Marcus nr. 72,DOBARLAU,64265,C,3,368,367,1,213,190,1,22,211,2,500,287,73,138
15,COVASNA,123,0,Scoala generala Lunca Marcusului nr. 121,DOBARLAU,64265,C,3,331,299,32,179,144,32,3,177,2,400,221,60,117
15,COVASNA,124,0,Sala de sport Ghelinta,GHELINTA,64318,C,3,2113,2094,19,865,833,19,13,844,21,2400,1535,596,248
15,COVASNA,125,0,Scoala generala Ghelinta nr. 605,GHELINTA,64318,C,3,1412,1410,2,357,355,2,0,344,13,1600,1243,287,57
15,COVASNA,126,0,Caminul cultural Harale nr. 33,GHELINTA,64318,C,3,205,195,10,142,124,10,8,134,8,300,158,100,34
15,COVASNA,127,0,Primaria Ghidfalau nr. 108,GHIDFALAU,64345,C,3,864,854,10,322,312,10,0,318,4,1000,678,136,182
15,COVASNA,128,0,Sediul Primariei de deplasare Anghelus nr. 131,GHIDFALAU,64345,C,3,546,539,7,218,211,7,0,210,8,600,382,164,46
15,COVASNA,129,0,Sediul Primariei de deplasare Zoltan nr. 99,GHIDFALAU,64345,C,3,315,305,10,179,169,10,0,179,0,400,221,83,96
15,COVASNA,130,0,Camin cultural Fotos nr. 131,GHIDFALAU,64345,C,3,287,281,6,93,87,6,0,93,0,400,307,55,38
15,COVASNA,131,0,Caminul cultural Haghig nr. 259,HAGHIG,64390,C,3,1173,1169,4,626,576,4,46,617,9,1300,674,324,293
15,COVASNA,132,0,Scoala generala Iaras nr. 178,HAGHIG,64390,C,3,358,352,6,196,185,6,5,194,2,400,204,117,77
15,COVASNA,133,0,Primaria Ilieni nr. 97,ILIENI,64425,C,3,792,787,5,335,329,5,1,331,4,900,565,183,148
15,COVASNA,134,0,Caminul cultural Dobolii de Jos nr. 64,ILIENI,64425,C,3,479,471,8,254,246,8,0,252,2,600,346,127,125
15,COVASNA,135,0,Caminul cultural Sancraiu nr. 125,ILIENI,64425,C,3,237,227,10,121,111,10,0,118,3,300,179,49,69
15,COVASNA,136,0,Primaria Lemnia nr. 171,LEMNIA,64461,C,3,736,730,6,242,234,6,2,242,0,900,658,142,100
15,COVASNA,137,0,Caminul cultural Lemnia nr. 498,LEMNIA,64461,C,3,940,926,14,428,414,14,0,420,8,1100,672,283,137
15,COVASNA,138,0,Primaria Malnas nr. 30,MALNAS,64504,C,3,479,465,14,266,241,14,11,260,6,600,334,152,108
15,COVASNA,139,0,Bloc nr. 1 parter din Malnas Bai,MALNAS,64504,C,3,174,170,4,180,169,4,7,179,1,400,220,134,45
15,COVASNA,140,0,Scoala generala Valea Zalanului nr. 22,MALNAS,64504,C,3,131,122,9,68,59,9,0,68,0,200,132,57,11
15,COVASNA,141,0,Caminul cultural Mereni nr. 135,MERENI,65105,C,3,763,757,6,358,346,6,6,353,5,900,542,285,68
15,COVASNA,142,0,Caminul cultural Lutoasa nr. 110,MERENI,65105,C,3,379,372,7,180,173,7,0,179,1,500,320,145,34
15,COVASNA,143,0,Caminul cultural Micfalau nr. 229,MICFALAU,65139,C,3,1510,1504,6,475,469,6,0,472,3,1700,1225,364,108
15,COVASNA,144,0,Primaria Moacsa nr. 354,MOACSA,64568,C,3,561,552,9,178,169,9,0,177,1,700,522,95,82
15,COVASNA,145,0,Caminul cultural Padureni nr. 2,MOACSA,64568,C,3,246,238,8,119,105,8,6,111,8,300,181,83,28
15,COVASNA,146,0,Scoala generala Eresteghin nr. 357,MOACSA,64568,C,3,143,132,11,68,57,11,0,67,1,200,132,24,43
15,COVASNA,147,0,Caminul cultural Ojdula nr. 179,OJDULA,64602,C,3,1240,1232,8,409,397,8,4,391,18,1416,1007,292,99
15,COVASNA,148,0,Scoala generala KUN KOCSARD Ojdula nr. 599,OJDULA,64602,C,3,1312,1308,4,488,479,4,5,479,9,1499,1011,325,154
15,COVASNA,149,0,Caminul cultural Hilib nr. 5,OJDULA,64602,C,3,230,224,6,132,122,6,4,131,1,300,168,89,42
15,COVASNA,150,0,Caminul cultural Ozun nr. 75,OZUN,64639,C,3,2249,2248,1,892,887,1,4,880,12,2500,1608,409,471
15,COVASNA,151,0,Caminul cultural  Lisnau nr. 35,OZUN,64639,C,3,508,500,8,182,174,8,0,177,5,600,418,58,119
15,COVASNA,152,0,Caminul cultural Bicfalau nr. 27,OZUN,64639,C,3,316,309,7,169,162,7,0,165,4,400,231,99,66
15,COVASNA,153,0,Scoala generala Sintionlunca nr. 247/A,OZUN,64639,C,3,638,625,13,276,263,13,0,267,9,700,424,156,111
15,COVASNA,154,0,Primaria Poian nr. 10,POIAN,64719,C,3,1068,1059,9,377,366,9,2,369,8,1200,823,290,79
15,COVASNA,155,0,Scoala generala Belani nr. 10,POIAN,64719,C,3,379,372,7,202,195,7,0,200,2,500,298,176,24
15,COVASNA,156,0,Casa de cultura Valea Scurta nr. 135,POIAN,64719,C,3,243,235,8,142,134,8,0,139,3,300,158,109,30
15,COVASNA,157,0,Clubul casei de cultura Estelnic nr. 167,POIAN,64719,C,3,671,645,26,340,314,26,0,334,6,800,460,262,72
15,COVASNA,158,0,Caminul cultural Reci nr. 268,RECI,64773,C,3,1089,1084,5,289,283,5,1,284,5,1200,911,179,105
15,COVASNA,159,0,Scoala  generala Aninoasa nr. 26,RECI,64773,C,3,328,320,8,134,126,8,0,128,6,400,266,85,43
15,COVASNA,160,0,Caminul cultural Bita nr. 56,RECI,64773,C,3,260,253,7,110,100,7,3,109,1,300,190,82,27
15,COVASNA,161,0,Caminul cultural Saciova nr. 7,RECI,64773,C,3,111,104,7,69,62,7,0,69,0,200,131,53,16
15,COVASNA,162,0,Primaria Sita Buzaului nr. 222,SITA BUZAULUI,63688,C,3,1176,1170,6,586,580,6,0,581,5,1300,714,260,321
15,COVASNA,163,0,Scoala generala Ciumernic nr. 509,SITA BUZAULUI,63688,C,3,829,808,21,374,353,21,0,373,1,1000,626,177,196
15,COVASNA,164,0,Scoala generala Bobocea nr. 843,SITA BUZAULUI,63688,C,3,817,783,34,449,415,34,0,449,0,900,451,272,177
15,COVASNA,165,0,Scoala generala Zabratau nr. 986,SITA BUZAULUI,63688,C,3,455,440,15,206,191,15,0,204,2,500,294,92,112
15,COVASNA,166,0,Scoala generala Crasna nr. 1225,SITA BUZAULUI,63688,C,3,452,431,21,259,236,21,2,257,2,500,241,122,135
15,COVASNA,167,0,Primaria Sanzieni nr. 337,SANZIENI,64826,C,3,1232,1221,11,341,330,11,0,340,1,1400,1059,266,74
15,COVASNA,168,0,Clubul caminului cultural Sinzieni nr. 342,SANZIENI,64826,C,3,995,982,13,292,279,13,0,289,3,1100,808,221,68
15,COVASNA,169,0,Scoala primara Casinul Mic nr. 108,SANZIENI,64826,C,3,248,234,14,112,98,14,0,112,0,300,188,93,19
15,COVASNA,170,0,Caminul cultural Petriceni nr. 315,SANZIENI,64826,C,3,752,738,14,225,211,14,0,216,9,900,675,163,53
15,COVASNA,171,0,Caminul cultural Valea Seaca nr. 19,SANZIENI,64826,C,3,544,524,20,202,182,20,0,198,4,600,398,175,23
15,COVASNA,172,0,Caminul cultural Turia nr. 835,TURIA,64871,C,3,1700,1694,6,454,448,6,0,439,15,1900,1446,316,123
15,COVASNA,173,0,Scoala  generala Turia de Sus nr. 694,TURIA,64871,C,3,1145,1138,7,292,285,7,0,287,5,1300,1008,220,67
15,COVASNA,174,0,Scoala generala Alungeni nr. 85,TURIA,64871,C,3,282,275,7,141,134,7,0,138,3,400,259,120,18
15,COVASNA,175,0,Primaria Valea Crisului,VALEA CRISULUI,64906,C,3,1258,1246,12,647,635,12,0,629,18,1400,753,447,182
15,COVASNA,176,0,Gradinita de copii Calnic nr. 158,VALEA CRISULUI,64906,C,3,414,402,12,178,166,12,0,177,1,500,322,111,66
15,COVASNA,177,0,Primaria Valea Mare nr. 263,VALEA MARE,65099,C,3,934,928,6,549,522,6,21,541,8,1100,551,381,160
15,COVASNA,178,0,Primaria Vilcele sat Araci nr. 463,VALCELE,64942,C,3,1230,1226,4,744,716,4,24,731,13,1400,656,391,340
15,COVASNA,179,0,Scoala generala Ariusd nr. 150,VALCELE,64942,C,3,386,372,14,272,233,14,25,268,4,488,216,125,143
15,COVASNA,180,0,Scoala generala Vilcele nr. 104,VALCELE,64942,C,3,779,771,8,556,471,8,77,534,22,900,344,324,210
15,COVASNA,181,0,Primaria Virghis nr. 423,VARGHIS,64997,C,3,1563,1558,5,589,572,5,12,581,8,1800,1211,424,157
15,COVASNA,182,0,Caminul cultural nr. 1 Zagon,ZAGON,65011,C,3,1748,1700,48,645,597,48,0,629,16,1900,1255,458,171
15,COVASNA,183,0,Caminul cultural nr. 2 Zagon,ZAGON,65011,C,3,1539,1520,19,788,766,19,3,771,17,1700,912,538,233
15,COVASNA,184,0,Caminul cultural Papauti,ZAGON,65011,C,3,1019,998,21,542,521,21,0,539,3,1100,558,390,149
15,COVASNA,185,0,Caminul cultural Zabala nr. 829,ZABALA,65048,C,3,2118,2113,5,698,693,5,0,675,23,2400,1702,410,265
15,COVASNA,186,0,Caminul cultural Pava nr. 909,ZABALA,65048,C,3,673,665,8,214,205,8,1,206,8,800,586,137,69
15,COVASNA,187,0,Caminul cultural Tamasfalau nr. 31,ZABALA,65048,C,3,428,419,9,198,189,9,0,192,6,500,302,107,85
15,COVASNA,188,0,Caminul cultural Surcea nr. 51,ZABALA,65048,C,3,508,496,12,263,251,12,0,261,2,600,337,92,169
15,COVASNA,189,0,Scoala generala Peteni nr. 9,ZABALA,65048,C,3,116,108,8,57,49,8,0,56,1,200,143,43,13
16,DAMBOVITA,1,0,"SCOALA  NR.4 ''ELENA VACARESCU"" TARGOVISTE",MUNICIPIUL TARGOVISTE,65342,M,1,1198,1169,29,680,651,29,0,673,7,1200,520,276,397
16,DAMBOVITA,2,0,"SCOALA  NR.4 ''ELENA VACARESCU"" TARGOVISTE",MUNICIPIUL TARGOVISTE,65342,M,1,1338,1295,43,841,798,43,0,836,5,1400,559,341,495
16,DAMBOVITA,3,0,"SCOALA  NR.4 ''ELENA VACARESCU"" TARGOVISTE",MUNICIPIUL TARGOVISTE,65342,M,1,1547,1521,26,849,823,26,0,837,12,1600,751,416,421
16,DAMBOVITA,4,0,SCOALA NR. 10 '' RADU CEL MARE'' TARGOVISTE,MUNICIPIUL TARGOVISTE,65342,M,1,1374,1352,22,681,656,22,3,674,7,1500,819,305,369
16,DAMBOVITA,5,0,SCOALA NR. 10 '' RADU CEL MARE'' TARGOVISTE,MUNICIPIUL TARGOVISTE,65342,M,1,1526,1507,19,768,749,19,0,766,2,1600,832,348,418
16,DAMBOVITA,6,0,SCOALA NR. 10 '' RADU CEL MARE'' TARGOVISTE,MUNICIPIUL TARGOVISTE,65342,M,1,1560,1528,32,796,764,32,0,786,10,1600,804,332,454
16,DAMBOVITA,7,0,SCOALA NR. 10 '' RADU CEL MARE'' TARGOVISTE,MUNICIPIUL TARGOVISTE,65342,M,1,1685,1654,31,949,915,31,3,939,10,1700,751,360,579
16,DAMBOVITA,8,0,GRUPUL SCOLAR  '' SPIRU HARET '' (LICEUL NR. 6) TARGOVISTE,MUNICIPIUL TARGOVISTE,65342,M,1,1439,1426,13,757,742,13,2,752,5,1500,743,287,465
16,DAMBOVITA,9,0,GRUPUL SCOLAR  '' SPIRU HARET '' (LICEUL NR. 6) TARGOVISTE,MUNICIPIUL TARGOVISTE,65342,M,1,1156,1137,19,638,619,19,0,636,2,1200,562,296,340
16,DAMBOVITA,10,0,GRUPUL SCOLAR  '' SPIRU HARET '' (LICEUL NR. 6) TARGOVISTE,MUNICIPIUL TARGOVISTE,65342,M,1,1502,1486,16,861,845,16,0,858,3,1600,739,318,540
16,DAMBOVITA,11,0,SCOALA DE MUZICA TARGOVISTE,MUNICIPIUL TARGOVISTE,65342,M,1,1225,1201,24,718,694,24,0,706,12,1296,578,313,393
16,DAMBOVITA,12,0,COLEGIUL ''CONSTANTIN  CARABELA'' (''GRIGORE ALEXANDRESCU '' ),MUNICIPIUL TARGOVISTE,65342,M,1,1326,1300,26,786,759,26,1,781,5,1400,614,294,487
16,DAMBOVITA,13,0,LICEUL '' PETRU CERCEL '' (SANITAR) TARGOVISTE,MUNICIPIUL TARGOVISTE,65342,M,1,1387,1350,37,949,901,37,11,937,12,1400,451,499,438
16,DAMBOVITA,14,0,SCOALA  NR 13 ''MATEI BASARAB''  TARGOVISTE,MUNICIPIUL TARGOVISTE,65342,M,1,1595,1525,70,976,906,70,0,968,8,1611,635,315,653
16,DAMBOVITA,15,0,SCOALA  NR 13 ''MATEI BASARAB''  TARGOVISTE,MUNICIPIUL TARGOVISTE,65342,M,1,1476,1445,31,794,763,31,0,790,4,1500,706,288,502
16,DAMBOVITA,16,0,SCOALA   NR. 6 ''TUDOR VLADIMIRESCU ''  TARGOVISTE,MUNICIPIUL TARGOVISTE,65342,M,1,1621,1605,16,850,826,16,8,843,7,1713,863,355,488
16,DAMBOVITA,17,0,SCOALA   NR. 6 ''TUDOR VLADIMIRESCU ''  TARGOVISTE,MUNICIPIUL TARGOVISTE,65342,M,1,1368,1350,18,762,744,18,0,754,8,1400,638,311,443
16,DAMBOVITA,18,0,GRUP  SCOLAR  '' CONSTANTIN BRANCOVEANU'' ( LICEUL NR 4),MUNICIPIUL TARGOVISTE,65342,M,1,1943,1915,28,957,929,28,0,947,10,2000,1043,449,498
16,DAMBOVITA,19,0,GRUP  SCOLAR  '' CONSTANTIN BRANCOVEANU'' ( LICEUL NR 4),MUNICIPIUL TARGOVISTE,65342,M,1,1453,1436,17,783,766,17,0,774,9,1507,724,310,464
16,DAMBOVITA,20,0,GRUP  SCOLAR  '' CONSTANTIN BRANCOVEANU'' ( LICEUL NR 4),MUNICIPIUL TARGOVISTE,65342,M,1,1696,1645,51,848,797,51,0,841,7,1700,852,381,460
16,DAMBOVITA,21,0,"DIRECTIA DE DIALOG, FAMILIE SI SOLIDARITATE SOCIALA D-TA",MUNICIPIUL TARGOVISTE,65342,M,1,1273,1242,31,726,695,31,0,719,7,1300,574,301,418
16,DAMBOVITA,22,0,CANTINA DE AJUTOR SOCIAL TARGOVISTE,MUNICIPIUL TARGOVISTE,65342,M,1,1100,1077,23,605,581,23,1,601,4,1100,495,246,355
16,DAMBOVITA,23,0,SCOALA NR. 11 TARGOVISTE,MUNICIPIUL TARGOVISTE,65342,M,1,1221,1201,20,678,658,20,0,672,6,1300,622,269,403
16,DAMBOVITA,24,0,LICEUL '' I.H.RADULESCU'' ( LICEUL NR 3) TARGOVISTE,MUNICIPIUL TARGOVISTE,65342,M,1,1155,1138,17,718,701,17,0,717,1,1200,482,285,432
16,DAMBOVITA,25,0,LICEUL '' I.H.RADULESCU'' ( LICEUL NR 3) TARGOVISTE,MUNICIPIUL TARGOVISTE,65342,M,1,1285,1263,22,791,769,22,0,785,6,1300,509,314,471
16,DAMBOVITA,26,0,PRIMARIA MUNICIPIULUI TARGOVISTE ( SERV. TAXE SI IMPOZITE),MUNICIPIUL TARGOVISTE,65342,M,1,1921,1875,46,1181,1134,46,1,1178,3,2000,819,424,754
16,DAMBOVITA,27,0,PRIMARIA MUNICIPIULUI TARGOVISTE  - CORP B,MUNICIPIUL TARGOVISTE,65342,M,1,1173,1155,18,690,670,18,2,683,7,1200,510,190,493
16,DAMBOVITA,28,0,COLEGIUL '' ION GHICA''  ( LICEUL ECONOMIC) TARGOVISTE,MUNICIPIUL TARGOVISTE,65342,M,1,1258,1234,24,788,763,24,1,786,2,1300,512,289,497
16,DAMBOVITA,29,0,COLEGIUL '' ION GHICA''  ( LICEUL ECONOMIC) TARGOVISTE,MUNICIPIUL TARGOVISTE,65342,M,1,1401,1378,23,867,844,23,0,863,4,1400,533,324,539
16,DAMBOVITA,30,0,COLEGIUL  ''ENACHITA  VACARESCU'' TARGOVISTE,MUNICIPIUL TARGOVISTE,65342,M,1,1515,1457,58,975,915,58,2,971,4,1500,525,364,607
16,DAMBOVITA,31,0,SCOALA NR. 2 '' I.AL. BRATESCU- VOINESTI'' TARGOVISTE,MUNICIPIUL TARGOVISTE,65342,M,1,1299,1281,18,784,763,18,3,779,5,1300,516,275,504
16,DAMBOVITA,32,0,SCOALA NR. 2 '' I.AL. BRATESCU- VOINESTI'' TARGOVISTE,MUNICIPIUL TARGOVISTE,65342,M,1,1119,1098,21,716,695,21,0,714,2,1200,484,271,443
16,DAMBOVITA,33,0,SCOALA NR. 2 '' I.AL. BRATESCU- VOINESTI'' TARGOVISTE,MUNICIPIUL TARGOVISTE,65342,M,1,1030,1007,23,523,497,23,3,516,7,1100,577,288,228
16,DAMBOVITA,34,0,TEATRU MUNICIPAL ''TONY BULANDRA'' ( CLUB PETROL),MUNICIPIUL TARGOVISTE,65342,M,1,1572,1500,72,2214,854,72,1288,2199,15,2600,386,836,1363
16,DAMBOVITA,35,0,SCOALA '' DIACONU CORESI'' ( SCOALA NR 5) TARGOVISTE,MUNICIPIUL TARGOVISTE,65342,M,1,1423,1399,24,968,942,24,2,961,7,1500,532,488,473
16,DAMBOVITA,36,0,SCOALA NR.12 TARGOVISTE,MUNICIPIUL TARGOVISTE,65342,M,1,1219,1194,25,748,723,25,0,744,4,1300,552,292,452
16,DAMBOVITA,37,0,SCOALA NR.12 TARGOVISTE,MUNICIPIUL TARGOVISTE,65342,M,1,1361,1326,35,783,748,35,0,781,2,1400,617,350,431
16,DAMBOVITA,38,0,SCOALA NR.12 TARGOVISTE,MUNICIPIUL TARGOVISTE,65342,M,1,1421,1386,35,819,784,35,0,811,8,1500,681,270,541
16,DAMBOVITA,39,0,LICEUL '' NICOLAE CIORANESCU''  (LICEUL NR 1 ) TARGOVISTE,MUNICIPIUL TARGOVISTE,65342,M,1,1458,1435,23,731,705,23,3,725,6,1500,769,280,445
16,DAMBOVITA,40,0,LICEUL '' NICOLAE CIORANESCU''  (LICEUL NR 1 ) TARGOVISTE,MUNICIPIUL TARGOVISTE,65342,M,1,1490,1466,24,904,878,24,2,895,9,1500,596,361,534
16,DAMBOVITA,41,0,LICEUL '' NICOLAE CIORANESCU''  (LICEUL NR 1 ) TARGOVISTE,MUNICIPIUL TARGOVISTE,65342,M,1,1885,1802,83,1085,1000,83,2,1079,6,1900,815,486,593
16,DAMBOVITA,42,0,SCOALA NR. 8 '' MIHAI VITEAZU'' TARGOVISTE,MUNICIPIUL TARGOVISTE,65342,M,1,1366,1343,23,783,758,23,2,779,4,1400,617,365,414
16,DAMBOVITA,43,0,SCOALA NR. 8 '' MIHAI VITEAZU'' TARGOVISTE,MUNICIPIUL TARGOVISTE,65342,M,1,1444,1413,31,838,802,31,5,825,13,1500,662,360,465
16,DAMBOVITA,44,0,COLEGIUL  ''CONSTANTIN CANTACUZINO'' ( SCOALA NORMALA),MUNICIPIUL TARGOVISTE,65342,M,1,1492,1464,28,769,741,28,0,764,5,1500,731,386,378
16,DAMBOVITA,45,0,COLEGIUL  ''CONSTANTIN CANTACUZINO'' ( SCOALA NORMALA),MUNICIPIUL TARGOVISTE,65342,M,1,1730,1707,23,892,869,23,0,886,6,1800,908,394,492
16,DAMBOVITA,46,0,COLEGIUL  ''CONSTANTIN CANTACUZINO'' ( SCOALA NORMALA),MUNICIPIUL TARGOVISTE,65342,M,1,1836,1811,25,965,940,25,0,963,2,1900,935,426,537
16,DAMBOVITA,47,0,SCOALA  GR ALEXANDRESCU  ( SCOALA NR 9) TARGOVISTE,MUNICIPIUL TARGOVISTE,65342,M,1,1581,1559,22,805,783,22,0,801,4,1600,795,311,490
16,DAMBOVITA,48,0,SCOALA  GR ALEXANDRESCU  ( SCOALA NR 9) TARGOVISTE,MUNICIPIUL TARGOVISTE,65342,M,1,1529,1509,20,793,772,20,1,791,2,1600,807,348,443
16,DAMBOVITA,49,0,SCOALA  GR ALEXANDRESCU  ( SCOALA NR 9) TARGOVISTE,MUNICIPIUL TARGOVISTE,65342,M,1,1839,1810,29,943,910,29,4,938,5,1900,957,390,548
16,DAMBOVITA,50,0,SCOALA '' SMARANDA GHEORGHIU'' ' ( SCOALA NR 3) TARGOVISTE,MUNICIPIUL TARGOVISTE,65342,M,1,1205,1184,21,722,701,21,0,718,4,1200,478,272,446
16,DAMBOVITA,51,0,SCOALA '' SMARANDA GHEORGHIU'' ' ( SCOALA NR 3) TARGOVISTE,MUNICIPIUL TARGOVISTE,65342,M,1,1780,1741,39,1002,963,39,0,997,5,1800,798,397,600
16,DAMBOVITA,52,0,SCOALA '' SMARANDA GHEORGHIU'' ' ( SCOALA NR 3) TARGOVISTE,MUNICIPIUL TARGOVISTE,65342,M,1,1288,1266,22,750,728,22,0,739,11,1300,550,304,435
16,DAMBOVITA,53,0,SCOALA '' SMARANDA GHEORGHIU'' ' ( SCOALA NR 3) TARGOVISTE,MUNICIPIUL TARGOVISTE,65342,M,1,1888,1809,79,1038,958,79,1,1032,6,1900,862,559,473
16,DAMBOVITA,54,0,CASA DE CULTURA A MUNICIPIULUI TARGOVISTE (CAMIN CULTURAL MATEI VOIEVOD),MUNICIPIUL TARGOVISTE,65342,M,1,1572,1561,11,986,975,11,0,970,16,1600,614,488,482
16,DAMBOVITA,55,0,GRUP SCOLAR CONSTRUCTIII MONTAJ ( LICEUL NR 5) TARGOVISTE,MUNICIPIUL TARGOVISTE,65342,M,1,1540,1498,42,844,802,42,0,838,6,1600,756,327,511
16,DAMBOVITA,56,0,GRUP SCOLAR CONSTRUCTIII MONTAJ ( LICEUL NR 5) TARGOVISTE,MUNICIPIUL TARGOVISTE,65342,M,1,1459,1397,62,760,698,62,0,758,2,1500,740,323,435
16,DAMBOVITA,57,0,SCOALA PRISEACA,MUNICIPIUL TARGOVISTE,65342,M,1,728,711,17,455,438,17,0,450,5,800,345,282,168
16,DAMBOVITA,58,1,CORPUL B - parter - BIBLIOTECA FACULTATII DE INGINERIE B-DUL UNIRII NR 18-20,MUNICIPIUL TARGOVISTE,65342,M,1,10,0,10,249,0,10,239,249,0,500,251,136,113
16,DAMBOVITA,59,1,BIBLIOTECA/ INTERNET MICROCAMPUS - ECONOMICE/UMANISTE,MUNICIPIUL TARGOVISTE,65342,M,1,11,0,11,179,0,11,168,179,0,1000,821,95,84
16,DAMBOVITA,60,1,SPITALUL JUDETEAN TARGOVISTE,MUNICIPIUL TARGOVISTE,65342,M,1,9,0,9,308,0,9,299,301,7,600,292,158,143
16,DAMBOVITA,61,1,"SECTIA DE BOLI INFECTIOASE, STR. NICOLAE FILIPESCU NR.14",MUNICIPIUL TARGOVISTE,65342,M,1,8,0,8,49,0,8,41,48,1,100,51,26,22
16,DAMBOVITA,62,1,"SECTIA UROLOGIE, O.R.L., B.M.F., B-DUL I.C. BRATIANU NR. 4",MUNICIPIUL TARGOVISTE,65342,M,1,9,0,9,46,0,9,37,46,0,100,54,21,25
16,DAMBOVITA,63,1,SCOALA GENERALA NR 13 ''MATEI BASARAB''  TARGOVISTE,MUNICIPIUL TARGOVISTE,65342,M,1,11,0,11,400,0,11,389,392,8,500,100,195,197
16,DAMBOVITA,64,0,SCOALA GENERALA NR.2  MORENI (SCHELA MARE),MUNICIPIUL  MORENI,65841,M,1,1585,1551,34,1141,1107,34,0,1130,11,1702,561,656,474
16,DAMBOVITA,65,0,GRADINITA TUICANI - MORENI,MUNICIPIUL  MORENI,65841,M,1,353,346,7,267,256,7,4,266,1,400,133,146,120
16,DAMBOVITA,66,0,"CLUBUL ""FLACARA"" NR.2 MORENI",MUNICIPIUL  MORENI,65841,M,1,1243,1223,20,843,791,20,32,837,6,1300,457,349,488
16,DAMBOVITA,67,0,"CLUBUL ""FLACARA"" NR.2 MORENI",MUNICIPIUL  MORENI,65841,M,1,1134,1113,21,1008,765,21,222,1001,7,1500,492,508,493
16,DAMBOVITA,68,0,SCOALA GENERALA NR. 3 MORENI,MUNICIPIUL  MORENI,65841,M,1,1387,1373,14,925,906,14,5,918,7,1500,575,433,485
16,DAMBOVITA,69,0,SCOALA GENERALA NR. 3 MORENI,MUNICIPIUL  MORENI,65841,M,1,1443,1441,2,881,872,2,7,875,6,1600,719,332,543
16,DAMBOVITA,70,0,SCOALA GENERALA NR. 3 MORENI,MUNICIPIUL  MORENI,65841,M,1,1814,1811,3,1140,1114,3,23,1135,5,1900,760,465,670
16,DAMBOVITA,71,0,SCOALA GENERALA NR. 4 MORENI,MUNICIPIUL  MORENI,65841,M,1,1569,1557,12,930,916,12,2,922,8,1700,770,411,511
16,DAMBOVITA,72,0,SCOALA GENERALA NR. 4 MORENI,MUNICIPIUL  MORENI,65841,M,1,1791,1775,16,1038,1013,16,9,1022,16,1900,862,475,547
16,DAMBOVITA,73,0,SCOALA GENERALA NR. 4 MORENI,MUNICIPIUL  MORENI,65841,M,1,2015,1984,31,1341,1302,31,8,1330,11,2100,759,578,752
16,DAMBOVITA,74,0,SCOALA GENERALA NR. 4 MORENI,MUNICIPIUL  MORENI,65841,M,1,1847,1815,32,1122,1090,32,0,1098,24,1900,778,499,599
16,DAMBOVITA,75,0,LICEUL NR. 2 MORENI,MUNICIPIUL  MORENI,65841,M,1,1990,1948,42,1251,1209,42,0,1241,10,2100,849,616,625
16,DAMBOVITA,76,1,SPITALUL MUNICIPAL MORENI,MUNICIPIUL  MORENI,65841,M,1,29,0,29,152,0,29,123,150,2,200,48,76,74
16,DAMBOVITA,77,0,"GRADINITA ,, PINOCHIO '' COSTESTI",ORAS FIENI,65609,O,1,732,715,17,470,453,17,0,465,5,800,330,306,159
16,DAMBOVITA,78,0,"GRADINITA ,, PITICII '' BEREVOIESTI",ORAS FIENI,65609,O,1,589,580,9,404,395,9,0,398,6,600,196,245,153
16,DAMBOVITA,79,0,CLUBUL '' CIMENTUL '' FIENI,ORAS FIENI,65609,O,1,1566,1505,61,1165,898,61,206,1160,5,1700,535,494,666
16,DAMBOVITA,80,0,GRUPUL SCOLAR INDUSTRIAL ''ING AUREL RAINU'' FIENI - CORP B,ORAS FIENI,65609,O,1,1611,1597,14,848,834,14,0,840,8,1700,852,421,419
16,DAMBOVITA,81,0,GRADINITA '' DUMBRAVA MINUNATA '' FIENI,ORAS FIENI,65609,O,1,698,663,35,357,322,35,0,354,3,700,343,164,190
16,DAMBOVITA,82,0,GRUP SCOLAR INDUSTRIAL ''ING AUREL RAINU'' FIENI-CORP A,ORAS FIENI,65609,O,1,1510,1487,23,838,802,23,13,824,14,1600,762,356,468
16,DAMBOVITA,83,0,SCOALA NR.1 GAESTI,ORAS GAESTI,65681,O,1,1770,1754,16,1174,1117,16,41,1168,6,1900,726,545,623
16,DAMBOVITA,84,0,SCOALA NR.2 GAESTI,ORAS GAESTI,65681,O,1,1367,1356,11,880,869,11,0,870,10,1500,620,455,415
16,DAMBOVITA,85,0,"COLEGIUL NATIONAL ""VLADIMIR STREINU"" GAESTI",ORAS GAESTI,65681,O,1,1486,1471,15,932,917,15,0,925,7,1600,668,443,482
16,DAMBOVITA,86,0,SCOALA  NR. 6 GAESTI,ORAS GAESTI,65681,O,1,1956,1927,29,1095,1066,29,0,1093,2,2100,1005,470,623
16,DAMBOVITA,87,0,SCOALA  NR. 6 GAESTI,ORAS GAESTI,65681,O,1,1941,1921,20,1098,1078,20,0,1090,8,2000,902,497,593
16,DAMBOVITA,88,0,SCOALA  NR. 6 GAESTI,ORAS GAESTI,65681,O,1,1576,1570,6,895,889,6,0,891,4,1700,805,387,504
16,DAMBOVITA,89,0,SCOALA  NR. 3 GAESTI,ORAS GAESTI,65681,O,1,960,900,60,999,509,60,430,994,5,1300,301,412,582
16,DAMBOVITA,90,0,SCOALA  NR. 3 GAESTI,ORAS GAESTI,65681,O,1,1059,1049,10,617,607,10,0,613,4,1200,583,279,334
16,DAMBOVITA,91,0,SCOALA  NR. 3 GAESTI,ORAS GAESTI,65681,O,1,1510,1501,9,944,935,9,0,938,6,1600,656,443,495
16,DAMBOVITA,92,1,SPITALUL ORASENESC GAESTI,ORAS GAESTI,65681,O,1,7,0,7,80,0,7,73,80,0,100,20,58,22
16,DAMBOVITA,93,0,SCOALA GENERALA NR. 2 PUCIOASA,ORAS PUCIOASA,65921,O,1,1283,1270,13,732,719,13,0,723,9,1420,688,346,377
16,DAMBOVITA,94,0,SCOALA GENERALA NR. 7 DIACONESTI -  PUCIOASA,ORAS PUCIOASA,65921,O,1,849,840,9,508,498,9,1,505,3,900,392,269,236
16,DAMBOVITA,95,0,SCOALA GENERALA NR. 1 PUCIOASA,ORAS PUCIOASA,65921,O,1,1713,1685,28,1220,1016,28,176,1207,13,2200,980,537,670
16,DAMBOVITA,96,0,GRADINITA NR. 1 PUCIOASA,ORAS PUCIOASA,65921,O,1,1643,1611,32,1000,967,32,1,994,6,1700,700,445,549
16,DAMBOVITA,97,0,SCOALA GENERALA NR. 4 PUCIOASA,ORAS PUCIOASA,65921,O,1,1545,1491,54,935,877,54,4,928,7,1600,665,344,584
16,DAMBOVITA,98,0,LICEUL  ''NICOLAE TITULESCU'' PUCIOASA,ORAS PUCIOASA,65921,O,1,1048,1033,15,1006,600,15,391,1004,2,1200,194,411,593
16,DAMBOVITA,99,0,GRADINITA NR. 2 PUCIOASA,ORAS PUCIOASA,65921,O,1,1279,1258,21,791,754,21,16,784,7,1400,609,313,471
16,DAMBOVITA,100,0,CLUBUL TEXTILISTILOR  PUCIOASA,ORAS PUCIOASA,65921,O,1,1244,1230,14,758,707,14,37,755,3,1312,554,426,329
16,DAMBOVITA,101,0,SCOALA GENERALA NR.3 PUCIOASA,ORAS PUCIOASA,65921,O,1,1240,1157,83,737,654,83,0,728,9,1300,563,447,281
16,DAMBOVITA,102,0,SCOALA GENERALA NR. 5 GLODENI -  PUCIOASA,ORAS PUCIOASA,65921,O,1,1032,1012,20,673,653,20,0,667,6,1100,427,350,317
16,DAMBOVITA,103,0,SCOALA GENERALA MALURILE - PUCIOASA,ORAS PUCIOASA,65921,O,1,143,134,9,97,88,9,0,96,1,200,103,76,20
16,DAMBOVITA,104,0,SCOALA GENERALA  PUCIOASA -SAT,ORAS PUCIOASA,65921,O,1,352,339,13,226,213,13,0,222,4,400,174,147,75
16,DAMBOVITA,105,1,CENTRU DE INGRIJIRE SI ASISTENTA PUCIOASA ( CAMINUL DE BATRANI ),ORAS PUCIOASA,65921,O,1,10,0,10,91,0,10,81,84,7,100,9,46,38
16,DAMBOVITA,106,1,SPITALUL ORASENESC PUCIOASA,ORAS PUCIOASA,65921,O,1,56,0,56,178,0,56,122,176,2,300,122,106,70
16,DAMBOVITA,107,0,SCOALA GENERALA  NR 2 TITU-TARG,ORAS TITU,66081,O,1,1412,1388,24,903,852,24,27,892,11,1500,597,594,298
16,DAMBOVITA,108,0,SCOALA GENERALA  NR 2 TITU-TARG,ORAS TITU,66081,O,1,911,892,19,572,552,19,1,562,10,1000,428,311,251
16,DAMBOVITA,109,0,SCOALA GENERALA NR. 3 SALCUTA,ORAS TITU,66081,O,1,1130,1120,10,762,669,10,83,748,14,1200,438,461,287
16,DAMBOVITA,110,0,SCOALA GENERALA NR 1 TITU GARA,ORAS TITU,66081,O,1,1208,1183,25,731,701,25,5,724,7,1300,569,343,381
16,DAMBOVITA,111,0,LICEUL TEORETIC '' I.C. VISARION '' TITU,ORAS TITU,66081,O,1,1365,1349,16,718,700,16,2,713,5,1500,782,302,411
16,DAMBOVITA,112,0,LICEUL TEORETIC '' I.C. VISARION '' TITU,ORAS TITU,66081,O,1,1537,1517,20,792,767,20,5,790,2,1602,810,394,396
16,DAMBOVITA,113,0,GRUP SCOLAR '' GOGA IONESCU '' TITU,ORAS TITU,66081,O,1,1179,1136,43,1115,646,43,426,1109,6,1500,385,542,567
16,DAMBOVITA,114,1,SPITALUL ORASENESC TITU,ORAS TITU,66081,O,1,12,0,12,69,0,12,57,69,0,100,31,39,30
16,DAMBOVITA,115,0,SCOALA  ANINOASA,ANINOASA,65379,C,3,874,851,23,563,528,23,12,558,5,900,337,318,240
16,DAMBOVITA,116,0,SCOALA  ANINOASA,ANINOASA,65379,C,3,1054,1040,14,631,604,14,13,626,5,1100,469,357,269
16,DAMBOVITA,117,0,SCOALA  VIFORATA,ANINOASA,65379,C,3,1545,1504,41,973,897,41,35,958,15,1700,727,540,418
16,DAMBOVITA,118,0,SPITALUL MANASTIREA DEALU,ANINOASA,65379,C,3,191,163,28,228,75,28,125,223,5,400,172,115,108
16,DAMBOVITA,119,0,SCOALA  SATENI,ANINOASA,65379,C,3,1168,1140,28,804,744,28,32,796,8,1300,496,494,302
16,DAMBOVITA,120,0,PRIMARIA BALENI,BALENI,66198,C,3,1446,1393,53,936,883,53,0,926,10,1500,564,541,385
16,DAMBOVITA,121,0,LICEUL BALENI,BALENI,66198,C,3,1366,1302,64,932,868,64,0,919,13,1400,468,697,222
16,DAMBOVITA,122,0,CAMINUL CULTURAL BALENI - SARBI,BALENI,66198,C,3,1687,1680,7,990,983,7,0,986,4,1800,810,644,342
16,DAMBOVITA,123,0,ALIMENTARA CONSUM COOP BALENI,BALENI,66198,C,3,1804,1784,20,984,964,20,0,957,27,1900,916,491,466
16,DAMBOVITA,124,0,SCOALA  DE ARTE SI MESERII GURA BARBULETULUI,BARBULETU,66223,C,3,840,802,38,450,412,38,0,440,10,900,450,263,177
16,DAMBOVITA,125,0,SCOALA GENERALA BARBULETU,BARBULETU,66223,C,3,1512,1440,72,820,748,72,0,805,15,1600,780,435,370
16,DAMBOVITA,126,0,CAMINUL CULTURAL RAUL ALB,BARBULETU,66223,C,3,1424,1381,43,734,691,43,0,724,10,1500,766,495,229
16,DAMBOVITA,127,0,CAMINUL CULTURAL PIETRARI,BARBULETU,66223,C,3,1709,1672,37,826,789,37,0,809,17,1800,974,479,330
16,DAMBOVITA,128,0,"SCOALA NR 1  ,, GRIGORE RADULESCU '' BEZDEAD",BEZDEAD,66330,C,3,1723,1703,20,874,854,20,0,866,8,1800,926,422,444
16,DAMBOVITA,129,0,"SCOALA  NR. 2 ,, VASILE VOICULESCU '' BEZDEAD",BEZDEAD,66330,C,3,1464,1434,30,785,754,30,1,776,9,1600,815,482,294
16,DAMBOVITA,130,0,SCOALA  MAGURA,BEZDEAD,66330,C,3,943,924,19,535,515,19,1,526,9,1000,465,332,194
16,DAMBOVITA,131,0,CAMINUL CULTURAL BILCIURESTI,BILCIURESTI,66401,C,3,1304,1285,19,922,903,19,0,915,7,1400,478,541,374
16,DAMBOVITA,132,0,SCOALA PRIMARA BRANISTEA,BRANISTEA,66152,C,3,1299,1282,17,784,757,17,10,773,11,1400,616,492,281
16,DAMBOVITA,133,0,SCOALA PRIMARA BRANISTEA,BRANISTEA,66152,C,3,1211,1200,11,756,738,11,7,747,9,1300,544,482,265
16,DAMBOVITA,134,0,SCOALA GENERALA  DAMBOVICIOARA,BRANISTEA,66152,C,3,904,884,20,603,567,20,16,595,8,1000,397,433,162
16,DAMBOVITA,135,0,SCOALA PRIMARA SAVESTI,BRANISTEA,66152,C,3,168,151,17,125,108,17,0,121,4,200,75,98,23
16,DAMBOVITA,136,0,CAMINUL CULTURAL BRANESTI,BRANESTI,66009,C,3,1394,1295,99,870,767,99,4,863,7,1400,530,480,383
16,DAMBOVITA,137,0,"SCOALA GENERALA ,, SPIRU HARET ''",BRANESTI,66009,C,3,1438,1403,35,744,706,35,3,737,7,1500,756,405,332
16,DAMBOVITA,138,0,SCOALA  GENERALA PRIBOIU,BRANESTI,66009,C,3,829,814,15,558,543,15,0,552,6,900,342,308,244
16,DAMBOVITA,139,0,SCOALA GENERALA NR. 1 BREZOAELE,BREZOAELE,101341,C,3,1328,1311,17,819,780,17,22,808,11,1500,681,562,246
16,DAMBOVITA,140,0,SCOALA GENERALA NR. 2 BREZOAIA,BREZOAELE,101341,C,3,1776,1753,23,1109,1062,23,24,1089,20,1900,791,841,248
16,DAMBOVITA,141,0,GRADINITA  BUCIUMENI,BUCIUMENI,66438,C,3,1516,1480,36,957,921,36,0,950,7,1600,643,383,567
16,DAMBOVITA,142,0,SCOALA PRIMARA DEALU MARE,BUCIUMENI,66438,C,3,1210,1191,19,789,770,19,0,780,9,1300,511,369,411
16,DAMBOVITA,143,0,SCOALA GENERALA VALEA LEURZII,BUCIUMENI,66438,C,3,1227,1194,33,676,643,33,0,669,7,1300,624,433,236
16,DAMBOVITA,144,0,SCOALA din centrul satului BUCSANI,BUCSANI,66474,C,3,1640,1613,27,1122,1040,27,55,1110,12,1800,678,570,540
16,DAMBOVITA,145,0,SCOALA din centrul satului BUCSANI,BUCSANI,66474,C,3,1383,1355,28,904,857,28,19,893,11,1500,596,474,419
16,DAMBOVITA,146,0,SCOALA  HABENI,BUCSANI,66474,C,3,1142,1116,26,746,720,26,0,736,10,1200,454,398,338
16,DAMBOVITA,147,0,SCOALA  RACOVITA,BUCSANI,66474,C,3,933,911,22,611,589,22,0,606,5,1000,389,379,227
16,DAMBOVITA,148,0,SCOALA  RATOAIA,BUCSANI,66474,C,3,402,357,45,331,284,45,2,324,7,400,69,254,70
16,DAMBOVITA,149,0,SCOALA GENERALA BUTIMANU,BUTIMANU,101564,C,3,1321,1296,25,908,879,25,4,901,7,1400,492,729,172
16,DAMBOVITA,150,0,SCOALA GENERALA LUCIANCA,BUTIMANU,101564,C,3,427,397,30,312,278,30,4,312,0,500,188,248,64
16,DAMBOVITA,151,0,SCOALA GENERALA CIOCANESTI,CIOCANESTI,101840,C,3,2007,1982,25,901,876,25,0,887,14,2100,1199,512,375
16,DAMBOVITA,152,0,SCOALA GENERALA URZICEANCA,CIOCANESTI,101840,C,3,1165,1150,15,696,681,15,0,681,15,1300,604,558,123
16,DAMBOVITA,153,0,SCOALA GENERALA VIZURESTI,CIOCANESTI,101840,C,3,732,711,21,521,500,21,0,510,11,800,279,428,82
16,DAMBOVITA,154,0,SCOALA GENERALA DRAGODANESTI,CANDESTI,66526,C,3,704,688,16,451,435,16,0,447,4,800,349,224,223
16,DAMBOVITA,155,0,CAMINUL CULTURAL CANDESTI-VALE,CANDESTI,66526,C,3,1039,1022,17,634,617,17,0,628,6,1100,466,285,343
16,DAMBOVITA,156,0,CAMINUL CULTURAL CANDESTI-DEAL,CANDESTI,66526,C,3,243,229,14,140,126,14,0,138,2,300,160,57,81
16,DAMBOVITA,157,0,SCOALA PRIMARA VALEA MARE,CANDESTI,66526,C,3,143,137,6,133,111,6,16,133,0,200,67,91,42
16,DAMBOVITA,158,0,SCOALA PRIMARA STURZENI,CANDESTI,66526,C,3,409,402,7,276,268,7,1,275,1,500,224,172,103
16,DAMBOVITA,159,0,SCOALA MANASTIREA,COBIA,66580,C,3,412,394,18,292,274,18,0,290,2,500,208,169,121
16,DAMBOVITA,160,0,GRADINITA GHERGHITESTI,COBIA,66580,C,3,919,900,19,546,527,19,0,539,7,1000,454,270,269
16,DAMBOVITA,161,0,GRADINITA MISLEA,COBIA,66580,C,3,692,675,17,391,374,17,0,382,9,700,309,210,172
16,DAMBOVITA,162,0,GRADINITA  FRASIN DEAL,COBIA,66580,C,3,612,612,0,312,312,0,0,310,2,700,388,183,127
16,DAMBOVITA,163,0,SCOALA GENERALA COJASCA,COJASCA,66697,C,3,1409,1370,39,664,625,39,0,645,19,1500,836,385,260
16,DAMBOVITA,164,0,SCOALA GENERALA  IAZU,COJASCA,66697,C,3,1720,1644,76,1056,980,76,0,1028,28,1800,744,818,210
16,DAMBOVITA,165,0, GRADINITA  FINTANELE,COJASCA,66697,C,3,1349,1300,49,739,690,49,0,719,20,1400,661,674,45
16,DAMBOVITA,166,0,CAMINUL CULTURAL COMISANI,COMISANI,66731,C,3,1636,1606,30,1002,972,30,0,1002,0,1800,798,657,345
16,DAMBOVITA,167,0,SCOALA PRIMARA COMISANI,COMISANI,66731,C,3,1162,1143,19,705,686,19,0,694,11,1300,595,481,213
16,DAMBOVITA,168,0,GRADINITA  LAZURI,COMISANI,66731,C,3,1553,1531,22,960,938,22,0,953,7,1700,740,538,415
16,DAMBOVITA,169,0,SCOALA PRIMARA CONTESTI,CONTESTI,66768,C,3,763,745,18,452,434,18,0,446,6,800,348,294,152
16,DAMBOVITA,170,0,SCOALA GENERALA CONTESTI,CONTESTI,66768,C,3,1096,1078,18,558,536,18,4,548,10,1200,642,319,229
16,DAMBOVITA,171,0,SCOALA GENERALA BALTENI,CONTESTI,66768,C,3,1344,1268,76,793,717,76,0,785,8,1400,607,575,210
16,DAMBOVITA,172,0,SCOALA CORBII MARI,CORBII MARI,66857,C,3,1638,1564,74,759,685,74,0,747,12,1700,941,532,215
16,DAMBOVITA,173,0,SCOALA  PETRESTI,CORBII MARI,66857,C,3,1086,1016,70,526,456,70,0,509,17,1100,574,358,151
16,DAMBOVITA,174,0,SCOALA  GROZAVESTI,CORBII MARI,66857,C,3,1320,1288,32,591,559,32,0,579,12,1400,809,467,112
16,DAMBOVITA,175,0,SCOALA  UNGURENI,CORBII MARI,66857,C,3,1516,1480,36,878,842,36,0,855,23,1600,722,633,222
16,DAMBOVITA,176,0,SCOALA  SATU NOU,CORBII MARI,66857,C,3,372,335,37,248,211,37,0,241,7,400,152,148,93
16,DAMBOVITA,177,0,SCOALA GENERALA CORNATELU,CORNATELU,66955,C,3,380,358,22,268,243,22,3,267,1,400,132,210,57
16,DAMBOVITA,178,0,SCOALA GENERALA BOLOVANI,CORNATELU,66955,C,3,639,625,14,407,378,14,15,402,5,700,293,292,110
16,DAMBOVITA,179,0,SCOALA GENERALA ALUNISU,CORNATELU,66955,C,3,264,245,19,230,205,19,6,223,7,400,170,201,22
16,DAMBOVITA,180,0,SCOALA   CORNESTI,CORNESTI,67014,C,3,1538,1502,36,885,838,36,11,872,13,1600,715,427,445
16,DAMBOVITA,181,0,SCOALA UNGURENI,CORNESTI,67014,C,3,808,780,28,537,509,28,0,529,8,900,363,255,274
16,DAMBOVITA,182,0,SCOALA GENERALA FRASINU,CORNESTI,67014,C,3,1292,1265,27,725,698,27,0,719,6,1400,675,295,424
16,DAMBOVITA,183,0,SCOALA IBRIANU,CORNESTI,67014,C,3,681,670,11,402,391,11,0,396,6,700,298,279,117
16,DAMBOVITA,184,0,SCOALA GENERALA CATUNU,CORNESTI,67014,C,3,1154,1128,26,584,558,26,0,577,7,1200,616,389,188
16,DAMBOVITA,185,0,SCOALA CRIVATU,CORNESTI,67014,C,3,265,258,7,174,167,7,0,169,5,300,126,108,61
16,DAMBOVITA,186,0,GRADINITA COSTESTII DIN VALE,COSTESTII DIN VALE,67121,C,3,1605,1585,20,957,912,20,25,953,4,1700,743,754,199
16,DAMBOVITA,187,0,SCOALA GENERALA TOMSANI,COSTESTII DIN VALE,67121,C,3,999,974,25,684,625,25,34,670,14,1100,416,500,170
16,DAMBOVITA,188,0,SCOALA GENERALA CREVEDIA,CREVEDIA,102286,C,3,1896,1852,44,934,874,44,16,915,19,2000,1066,540,375
16,DAMBOVITA,189,0,SCOALA GENERALA DIRZA,CREVEDIA,102286,C,3,1342,1315,27,747,720,27,0,742,5,1400,653,383,359
16,DAMBOVITA,190,0,GRADINITA  SAMURCASI,CREVEDIA,102286,C,3,992,958,34,599,551,34,14,594,5,1100,501,308,286
16,DAMBOVITA,191,0,SCOALA GENERALA COCANI,CREVEDIA,102286,C,3,344,336,8,228,214,8,6,222,6,400,172,149,73
16,DAMBOVITA,192,0,SCOALA GENERALA BADULESTI,CRANGURILE,67167,C,3,1222,1193,29,779,750,29,0,772,7,1300,521,463,309
16,DAMBOVITA,193,0,SCOALA GENERALA PATROAIA VALE,CRANGURILE,67167,C,3,968,952,16,610,594,16,0,605,5,1100,490,404,201
16,DAMBOVITA,194,0,SCOALA PRIMARA VOIA,CRANGURILE,67167,C,3,356,347,9,253,244,9,0,247,6,400,147,204,43
16,DAMBOVITA,195,0,SCOALA DARMANESTI,DARMANESTI,67256,C,3,1456,1429,27,846,819,27,0,839,7,1600,754,376,463
16,DAMBOVITA,196,0,CAMINUL CULTURAL DARMANESTI,DARMANESTI,67256,C,3,1702,1674,28,1015,987,28,0,999,16,1800,785,458,541
16,DAMBOVITA,197,0,SCOALA  MARGINENII DE SUS,DARMANESTI,67256,C,3,913,885,28,562,534,28,0,555,7,1000,438,265,290
16,DAMBOVITA,198,0,SCOALA GENERALA DOBRA,DOBRA,67292,C,3,1517,1485,32,1113,1050,32,31,1105,8,1598,485,716,389
16,DAMBOVITA,199,0,SCOALA GENERALA MARCESTI,DOBRA,67292,C,3,1524,1480,44,1096,1034,44,18,1081,15,1600,504,778,303
16,DAMBOVITA,200,0,SCOALA  NR. 1 DOICESTI,DOICESTI,65413,C,3,1821,1784,37,1070,1030,37,3,1061,9,1900,830,726,335
16,DAMBOVITA,201,0,SCOALA  NR.3 DOICESTI,DOICESTI,65413,C,3,1913,1882,31,1111,1025,31,55,1105,6,2000,889,717,388
16,DAMBOVITA,202,0,SCOALA GENERALA DRAGODANA,DRAGODANA,67327,C,3,1319,1312,7,657,646,7,4,653,4,1400,743,344,309
16,DAMBOVITA,203,0,SCOALA GENERALA BURDUCA,DRAGODANA,67327,C,3,1105,1081,24,604,580,24,0,600,4,1200,596,379,221
16,DAMBOVITA,204,0,SCOALA GENERALA NR 1 PICIOR DE MUNTE ( PAUNEI),DRAGODANA,67327,C,3,1330,1314,16,660,644,16,0,656,4,1400,740,367,289
16,DAMBOVITA,205,0,SCOALA GENERALA NR 2 PICIOR  DE MUNTE (BOBOCI),DRAGODANA,67327,C,3,1684,1602,82,1027,945,82,0,1017,10,1900,873,461,556
16,DAMBOVITA,206,0,SCOALA  DRAGOMIRESTI,DRAGOMIRESTI,67407,C,3,1553,1518,35,898,863,35,0,888,10,1700,802,451,437
16,DAMBOVITA,207,0,SCOALA  DECINDENI,DRAGOMIRESTI,67407,C,3,1811,1796,15,1104,1089,15,0,1086,18,1900,796,690,396
16,DAMBOVITA,208,0,SCOALA  RANCACIOV,DRAGOMIRESTI,67407,C,3,1687,1670,17,865,848,17,0,856,9,1800,935,516,340
16,DAMBOVITA,209,0,SCOALA  UNGURENI,DRAGOMIRESTI,67407,C,3,1375,1348,27,668,641,27,0,666,2,1500,832,409,257
16,DAMBOVITA,210,0,SCOALA  FINTA MARE,FINTA,67470,C,3,1130,1103,27,630,603,27,0,623,7,1200,570,307,316
16,DAMBOVITA,211,0,GRADINITA  BECHINESTI,FINTA,67470,C,3,708,694,14,389,373,14,2,385,4,800,411,226,159
16,DAMBOVITA,212,0,CAMINUL CULTURAL GHEBOAIA,FINTA,67470,C,3,1778,1765,13,1165,1152,13,0,1158,7,1900,735,683,475
16,DAMBOVITA,213,0,"SCOALA  ""BUICA IONESCU"" GLODENI",GLODENI,67522,C,3,1540,1469,71,991,919,71,1,991,0,1600,609,441,550
16,DAMBOVITA,214,0,SALA DE SEDINTA A PRIMARIEI,GLODENI,67522,C,3,1384,1301,83,900,815,83,2,890,10,1400,500,494,396
16,DAMBOVITA,215,0,GRADINITA  LACULETE,GLODENI,67522,C,3,783,748,35,525,486,35,4,523,2,800,275,278,245
16,DAMBOVITA,216,0,SALA DE FESTIVITATI A CONSILIULUI LOCAL GURA FOII,GURA FOII,65707,C,3,1854,1834,20,1096,1076,20,0,1081,15,2000,904,692,389
16,DAMBOVITA,217,0,SCOALA GENERALA GURA OCNITEI,GURA OCNITEI,67595,C,3,1684,1652,32,934,902,32,0,923,11,1800,866,436,487
16,DAMBOVITA,218,0,SCOALA GENERALA GURA OCNITEI,GURA OCNITEI,67595,C,3,1211,1189,22,784,641,22,121,778,6,1300,516,328,450
16,DAMBOVITA,219,0,SCOALA GENERALA ADANCA,GURA OCNITEI,67595,C,3,1633,1608,25,990,965,25,0,986,4,1800,810,573,413
16,DAMBOVITA,220,0,SCOALA GENERALA SACUENI,GURA OCNITEI,67595,C,3,1512,1464,48,914,844,48,22,903,11,1600,686,530,373
16,DAMBOVITA,221,0, SALA DE SEDINTE A PRIMARIEI GURA SUTII,GURA SUTII,67648,C,3,1874,1835,39,1000,961,39,0,993,7,2000,1000,577,416
16,DAMBOVITA,222,0,GRADINITA  GURA SUTII (cladirea noua),GURA SUTII,67648,C,3,848,834,14,478,464,14,0,469,9,900,422,298,171
16,DAMBOVITA,223,0,SCOALA GENERALA SPERIETENI,GURA SUTII,67648,C,3,1560,1537,23,842,819,23,0,838,4,1700,858,518,320
16,DAMBOVITA,224,0,SCOALA  HULUBESTI,HULUBESTI,67675,C,3,717,705,12,435,423,12,0,430,5,800,365,200,230
16,DAMBOVITA,225,0,SCOALA MAGURA,HULUBESTI,67675,C,3,528,514,14,391,377,14,0,387,4,600,209,160,227
16,DAMBOVITA,226,0,SCOALA  BUTOIU DE JOS,HULUBESTI,67675,C,3,752,740,12,500,488,12,0,492,8,800,300,360,132
16,DAMBOVITA,227,0,SCOALA BUTOIU DE SUS,HULUBESTI,67675,C,3,638,628,10,340,330,10,0,338,2,700,360,187,151
16,DAMBOVITA,228,0,SCOALA  IEDERA DE JOS,IEDERA,65869,C,3,1247,1221,26,822,796,26,0,811,11,1300,478,396,415
16,DAMBOVITA,229,0,SCOALA  IEDERA DE SUS,IEDERA,65869,C,3,1022,1013,9,673,639,9,25,667,6,1100,427,370,297
16,DAMBOVITA,230,0,SCOALA   COLIBASI.,IEDERA,65869,C,3,465,455,10,338,328,10,0,337,1,500,162,203,134
16,DAMBOVITA,231,0,SCOALA  CRICOVUL DULCE.,IEDERA,65869,C,3,343,333,10,246,236,10,0,243,3,400,154,163,80
16,DAMBOVITA,232,0,SCOALA  NR.1 GHIRDOVENI,I. L. CARAGIALE,67737,C,3,1573,1539,34,972,938,34,0,967,5,1700,728,475,492
16,DAMBOVITA,233,0,SCOALA  NR. 2 GHIRDOVENI,I. L. CARAGIALE,67737,C,3,1344,1318,26,922,886,26,10,916,6,1400,478,542,374
16,DAMBOVITA,234,0,CLUB PENITENCIAR I.L. CARAGIALE,I. L. CARAGIALE,67737,C,3,697,671,26,569,430,26,113,563,6,800,231,289,274
16,DAMBOVITA,235,0,CAMINUL CULTURAL I.L. CARAGIALE,I. L. CARAGIALE,67737,C,3,1318,1264,54,880,826,54,0,875,5,1300,420,620,255
16,DAMBOVITA,236,0,SCOALA   MIJA,I. L. CARAGIALE,67737,C,3,612,556,56,409,353,56,0,405,4,600,191,269,136
16,DAMBOVITA,237,0,SCOALA LUCIENI,LUCIENI,67773,C,3,1030,1015,15,627,606,15,6,620,7,1100,473,378,242
16,DAMBOVITA,238,0,SCOALA  LUCIENI,LUCIENI,67773,C,3,983,961,22,625,600,22,3,614,11,1100,475,338,276
16,DAMBOVITA,239,0,SCOALA  SUTA SEACA,LUCIENI,67773,C,3,1092,1075,17,700,683,17,0,697,3,1200,500,439,258
16,DAMBOVITA,240,0,SCOALA RACIU,LUCIENI,67773,C,3,1166,1150,16,729,713,16,0,725,4,1300,571,485,240
16,DAMBOVITA,241,0,SCOALA  SILISTEA,LUCIENI,67773,C,3,699,689,10,483,473,10,0,477,6,800,317,377,100
16,DAMBOVITA,242,0,SCOALA GENERALA TELESTI,LUDESTI,67835,C,3,1343,1324,19,798,777,19,2,792,6,1400,602,483,309
16,DAMBOVITA,243,0,SCOALA GENERALA POTOCELU,LUDESTI,67835,C,3,680,668,12,488,476,12,0,477,11,800,312,432,45
16,DAMBOVITA,244,0,SCOALA GENERALA SCHEIU DE JOS,LUDESTI,67835,C,3,903,878,25,632,580,25,27,620,12,1000,368,313,307
16,DAMBOVITA,245,0,SCOALA GENERALA SCHEIU DE SUS,LUDESTI,67835,C,3,764,742,22,516,494,22,0,500,16,800,284,311,189
16,DAMBOVITA,246,0,GRADINITA NR.2 LUNGULETU,LUNGULETU,67906,C,3,1782,1731,51,689,638,51,0,683,6,1900,1211,340,343
16,DAMBOVITA,247,0,SCOALA  NR. 1 LUNGULETU,LUNGULETU,67906,C,3,1470,1439,31,636,605,31,0,632,4,1600,964,431,201
16,DAMBOVITA,248,0,SCOALA GENERALA SERDANU,LUNGULETU,67906,C,3,1051,1034,17,477,460,17,0,470,7,1100,623,333,137
16,DAMBOVITA,249,0,SCOALA GENERALA MALU CU FLORI,MALU CU FLORI,67942,C,3,1312,1282,30,763,733,30,0,756,7,1400,637,498,258
16,DAMBOVITA,250,0,SCOALA GENERALA MICLOSANII MICI,MALU CU FLORI,67942,C,3,870,857,13,519,484,13,22,516,3,1000,481,367,149
16,DAMBOVITA,251,0,SCOALA  MANESTI,MANESTI,68002,C,3,1064,1030,34,695,661,34,0,687,8,1100,405,402,285
16,DAMBOVITA,252,0,SCOALA DRAGAESTI- UNGURENI,MANESTI,68002,C,3,923,874,49,608,556,49,3,600,8,1000,392,366,234
16,DAMBOVITA,253,0,SCOALA DRAGAESTI - PAMANTENI,MANESTI,68002,C,3,1419,1391,28,831,803,28,0,822,9,1500,669,523,299
16,DAMBOVITA,254,0,GRADINITA TETCOIU,MATASARU,68048,C,3,1123,1069,54,593,539,54,0,584,9,1200,607,326,258
16,DAMBOVITA,255,0,SCOALA  MATASARU,MATASARU,68048,C,3,904,885,19,492,473,19,0,485,7,1000,508,369,116
16,DAMBOVITA,256,0,SCOALA GENERALA PUTU CU SALCIA,MATASARU,68048,C,3,1554,1534,20,822,802,20,0,813,9,1600,778,509,304
16,DAMBOVITA,257,0,SCOALA  ODAIA TURCULUI,MATASARU,68048,C,3,982,948,34,654,620,34,0,651,3,1000,346,431,220
16,DAMBOVITA,258,0,SCOALA GENERALA MOGOSANI,MOGOSANI,68128,C,3,1373,1357,16,802,750,16,36,792,10,1400,598,480,312
16,DAMBOVITA,259,0,SCOALA PRIMARA MERII,MOGOSANI,68128,C,3,1397,1370,27,780,751,27,2,766,14,1500,720,509,257
16,DAMBOVITA,260,0,SCOALA GENERALA  ZAVOIUL,MOGOSANI,68128,C,3,773,761,12,488,476,12,0,478,10,800,312,293,185
16,DAMBOVITA,261,0,PRIMARIA COMUNEI MOROENI,MOROENI,68182,C,3,1039,1009,30,693,663,30,0,685,8,1100,407,363,322
16,DAMBOVITA,262,0,SCOALA '' ION CIORANESCU'' MOROENI,MOROENI,68182,C,3,1873,1856,17,1076,1056,17,3,1069,7,1900,824,416,653
16,DAMBOVITA,263,0,SCOALA GLOD,MOROENI,68182,C,3,1029,1017,12,831,817,12,2,820,11,1100,269,657,163
16,DAMBOVITA,264,0,SCOALA  MUSCEL,MOROENI,68182,C,3,87,79,8,65,57,8,0,65,0,100,35,42,23
16,DAMBOVITA,265,0,SANATORIU TBC MOROENI,MOROENI,68182,C,3,49,42,7,278,17,7,254,271,7,500,222,138,133
16,DAMBOVITA,266,0,GRADINITA  MORTENI (CENTRU ),MORTENI,68253,C,3,1064,1057,7,716,677,7,32,704,12,1200,484,401,303
16,DAMBOVITA,267,0,GRADINITA  MORTENI (CENTRU ),MORTENI,68253,C,3,1373,1356,17,873,820,17,36,863,10,1400,527,496,367
16,DAMBOVITA,268,0,CAMINUL CULTURAL MOTAIENI,MOTAIENI,65645,C,3,1416,1384,32,930,891,32,7,925,5,1500,570,499,426
16,DAMBOVITA,269,0,SCOALA CUCUTENI,MOTAIENI,65645,C,3,443,433,10,303,293,10,0,301,2,500,197,168,133
16,DAMBOVITA,270,0, SALA DE SEDINTE A PRIMARIEI COMUNEI NICULESTI,NICULESTI,104387,C,3,1803,1770,33,943,910,33,0,930,13,1900,957,650,280
16,DAMBOVITA,271,0,SCOALA PRIMARA MOVILA,NICULESTI,104387,C,3,551,547,4,323,299,4,20,320,3,600,277,198,122
16,DAMBOVITA,272,0,SCOALA GENERALA CIOCANARI,NICULESTI,104387,C,3,910,879,31,583,552,31,0,564,19,1000,417,388,176
16,DAMBOVITA,273,0,SCOALA GENERALA NUCET,NUCET,68280,C,3,1788,1768,20,1083,1052,20,11,1062,21,1900,817,745,317
16,DAMBOVITA,274,0,SCOALA GENERALA  CAZACI,NUCET,68280,C,3,1160,1144,16,720,699,16,5,715,5,1207,487,376,339
16,DAMBOVITA,275,0,SCOALA  ILFOVENI,NUCET,68280,C,3,427,407,20,276,250,20,6,274,2,500,224,132,142
16,DAMBOVITA,276,0,GRADINITA NR1 OCNITA,OCNITA,68324,C,3,1057,1049,8,582,558,8,16,573,9,1100,518,231,342
16,DAMBOVITA,277,0,SCOALA NR.1 OCNITA,OCNITA,68324,C,3,1267,1245,22,698,675,22,1,689,9,1300,602,245,444
16,DAMBOVITA,278,0,SCOALA FUNDUL OCNEI,OCNITA,68324,C,3,1098,1073,25,615,590,25,0,604,11,1200,585,233,371
16,DAMBOVITA,279,0,SCOALA ODOBESTI,ODOBESTI,68342,C,3,1314,1264,50,820,770,50,0,807,13,1400,580,480,327
16,DAMBOVITA,280,0,SCOALA  MIULESTI,ODOBESTI,68342,C,3,1018,955,63,589,526,63,0,579,10,1100,511,462,117
16,DAMBOVITA,281,0,SCOALA CROVU,ODOBESTI,68342,C,3,1058,1023,35,696,661,35,0,682,14,1100,404,551,131
16,DAMBOVITA,282,0,SCOALA  ZIDURILE,ODOBESTI,68342,C,3,762,723,39,472,433,39,0,468,4,800,328,352,116
16,DAMBOVITA,283,0,SCOALA  PETRESTI,PETRESTI,65752,C,3,1167,1151,16,646,630,16,0,642,4,1300,654,446,196
16,DAMBOVITA,284,0,SCOALA PUNTEA DE GRECI,PETRESTI,65752,C,3,621,605,16,538,522,16,0,534,4,700,162,255,279
16,DAMBOVITA,285,0,SCOALA GENERALA GRECI,PETRESTI,65752,C,3,1360,1346,14,770,754,14,2,761,9,1400,630,437,324
16,DAMBOVITA,286,0,SCOALA GENERALA IONESTI,PETRESTI,65752,C,3,1711,1668,43,1019,976,43,0,1011,8,1800,781,487,524
16,DAMBOVITA,287,0,SCOALA GENERALA PIETROSITA,PIETROSITA,68404,C,3,1908,1875,33,1185,1152,33,0,1180,5,2000,815,631,549
16,DAMBOVITA,288,0,SCOALA GENERALA DEALU FRUMOS,PIETROSITA,68404,C,3,872,856,16,578,562,16,0,575,3,1000,422,315,260
16,DAMBOVITA,289,0,SCOALA  NR.1 POIANA,POIANA,68431,C,3,2000,1945,55,1258,1203,55,0,1240,18,2000,742,923,317
16,DAMBOVITA,290,0,SCOALA  NR.2 POIANA,POIANA,68431,C,3,937,891,46,611,562,46,3,606,5,1000,389,400,206
16,DAMBOVITA,291,0,SCOALA GENERALA ( SALA NR 1) POTLOGI,POTLOGI,68468,C,3,1159,1138,21,586,561,21,4,575,11,1200,614,323,252
16,DAMBOVITA,292,0,SCOALA GENERALA ( SALA NR 2) POTLOGI,POTLOGI,68468,C,3,1313,1292,21,572,551,21,0,564,8,1400,828,316,248
16,DAMBOVITA,293,0,SCOALA  GENERALA PITARU,POTLOGI,68468,C,3,722,699,23,329,306,23,0,323,6,800,471,240,83
16,DAMBOVITA,294,0,SCOALA  GENERALA  VLASCENI,POTLOGI,68468,C,3,660,608,52,352,300,52,0,347,5,700,348,268,79
16,DAMBOVITA,295,0,SCOALA  GENERALA ( SALA NR 1) ROMANESTI,POTLOGI,68468,C,3,1183,1166,17,548,531,17,0,542,6,1200,652,458,84
16,DAMBOVITA,296,0,SCOALA  GENERALA ( SALA NR 2) ROMANESTI,POTLOGI,68468,C,3,1049,1030,19,487,468,19,0,477,10,1100,613,374,103
16,DAMBOVITA,297,0,CAMINUL CULTURAL PRODULESTI,PRODULESTI,68529,C,3,1535,1525,10,790,780,10,0,778,12,1600,810,416,362
16,DAMBOVITA,298,0,SCOALA  PRIMARIA BROSTENI,PRODULESTI,68529,C,3,527,521,6,314,308,6,0,308,6,600,286,189,119
16,DAMBOVITA,299,0,SCOALA PRIMARA  COSTESTII DIN DEAL,PRODULESTI,68529,C,3,723,701,22,445,423,22,0,440,5,800,355,281,159
16,DAMBOVITA,300,0,CAMINUL CULTURAL PUCHENI,PUCHENI,68565,C,3,1766,1741,25,1164,1134,25,5,1154,10,1900,736,773,381
16,DAMBOVITA,301,0,SCOALA GENERALA RACARI,RACARI,68627,C,3,1823,1785,38,1051,981,38,32,1045,6,1900,849,593,452
16,DAMBOVITA,302,0,SCOALA GENERALA GHERGANI (scoala noua),RACARI,68627,C,3,685,652,33,372,337,33,2,369,3,700,328,215,154
16,DAMBOVITA,303,0,SCOALA MAVRODIN,RACARI,68627,C,3,729,704,25,407,382,25,0,403,4,800,393,241,162
16,DAMBOVITA,304,0,SCOALA GENERALA GHIMPATI,RACARI,68627,C,3,699,689,10,443,433,10,0,437,6,800,357,273,164
16,DAMBOVITA,305,0,SCOALA GENERALA COLACU,RACARI,68627,C,3,852,829,23,464,441,23,0,457,7,900,436,300,157
16,DAMBOVITA,306,0,SCOALA  SABIESTI,RACARI,68627,C,3,668,656,12,404,386,12,6,400,4,700,296,293,107
16,DAMBOVITA,307,0,BIBLIOTECA RAZVAD,RAZVAD,65431,C,3,1485,1442,43,942,898,43,1,933,9,1500,558,469,464
16,DAMBOVITA,308,0,SCOALA GENERALA NR. 1 RAZVAD,RAZVAD,65431,C,3,1141,1104,37,682,644,37,1,679,3,1200,518,335,344
16,DAMBOVITA,309,0,GRADINITA RAZVAD DE SUS,RAZVAD,65431,C,3,1053,1000,53,672,616,53,3,666,6,1100,428,355,311
16,DAMBOVITA,310,0,SCOALA  VALEA VOIEVOZILOR,RAZVAD,65431,C,3,1030,1010,20,617,597,20,0,611,6,1100,483,283,328
16,DAMBOVITA,311,0,SCOALA  VALEA VOIEVOZILOR,RAZVAD,65431,C,3,1120,1094,26,651,623,26,2,646,5,1200,549,344,302
16,DAMBOVITA,312,0,SCOALA   GORGOTA,RAZVAD,65431,C,3,1066,1041,25,615,590,25,0,612,3,1100,485,311,301
16,DAMBOVITA,313,0,PRIMARIEI COMUNEI RUNCU,RUNCU,68716,C,3,1277,1257,20,747,727,20,0,743,4,1300,553,403,340
16,DAMBOVITA,314,0,SCOALA GENERALA  NR. 1 RUNCU,RUNCU,68716,C,3,995,972,23,561,538,23,0,552,9,1100,539,315,237
16,DAMBOVITA,315,0,SCOALA GENERALA BADENI,RUNCU,68716,C,3,842,830,12,471,459,12,0,468,3,900,429,279,189
16,DAMBOVITA,316,0,SCOALA PRIMARA BREBU,RUNCU,68716,C,3,554,540,14,386,371,14,1,383,3,600,214,304,79
16,DAMBOVITA,317,0,SCOALA  GENERALA BANESTI,SALCIOARA,68789,C,3,421,405,16,220,204,16,0,217,3,500,280,143,74
16,DAMBOVITA,318,0,SCOALA GENERALA PODU RIZII,SALCIOARA,68789,C,3,626,605,21,394,373,21,0,384,10,700,306,206,178
16,DAMBOVITA,319,0,SCOALA GENERALA MIRCEA VODA,SALCIOARA,68789,C,3,860,837,23,572,497,23,52,565,7,900,328,353,212
16,DAMBOVITA,320,0,SCOALA  GENERALA GHINESTI,SALCIOARA,68789,C,3,975,964,11,507,496,11,0,504,3,1100,593,319,185
16,DAMBOVITA,321,0,SCOALA  GENERALA CUZA VODA,SALCIOARA,68789,C,3,338,322,16,236,220,16,0,232,4,400,164,163,69
16,DAMBOVITA,322,0,SCOALA GENERALA SLOBOZIA MOARA,SLOBOZIA MOARA,105142,C,3,1748,1688,60,907,847,60,0,897,10,1800,893,486,411
16,DAMBOVITA,323,0,SCOALA GENERALA SELARU,SELARU,68887,C,3,931,903,28,634,577,28,29,628,6,1000,366,406,222
16,DAMBOVITA,324,0,GRADINITA FIERBINTI,SELARU,68887,C,3,1310,1285,25,831,781,25,25,821,10,1400,569,549,272
16,DAMBOVITA,325,0,GRADINITA GLOGOVEANU,SELARU,68887,C,3,653,638,15,433,412,15,6,427,6,700,267,245,182
16,DAMBOVITA,326,0,SCOALA TEIS (SALA NR.1),SOTANGA,65477,C,3,1079,1063,16,623,606,16,1,620,3,1200,577,353,267
16,DAMBOVITA,327,0,SCOALA TEIS (SALA NR.2),SOTANGA,65477,C,3,909,899,10,522,512,10,0,512,10,1000,478,268,244
16,DAMBOVITA,328,0,SCOALA  NR.1 SOTANGA,SOTANGA,65477,C,3,1471,1433,38,895,846,38,11,886,9,1500,605,589,297
16,DAMBOVITA,329,0,GRADINITA NR 1 SOTANGA,SOTANGA,65477,C,3,1114,1065,49,682,633,49,0,674,8,1200,518,446,228
16,DAMBOVITA,330,0,SCOALA  NR. 2 SOTANGA,SOTANGA,65477,C,3,1114,1102,12,608,596,12,0,601,7,1200,592,440,161
16,DAMBOVITA,331,0,SCOALA GENERALA  TARTASESTI,TARTASESTI,105534,C,3,1560,1529,31,850,819,31,0,838,12,1600,750,604,234
16,DAMBOVITA,332,0,SCOALA GENERALA BALDANA,TARTASESTI,105534,C,3,1405,1370,35,699,664,35,0,690,9,1500,801,467,223
16,DAMBOVITA,333,0,SCOALA GENERALA GULIA,TARTASESTI,105534,C,3,756,742,14,478,464,14,0,472,6,800,322,406,66
16,DAMBOVITA,334,0,SALA DE FESTIVITATI TATARANI,TATARANI,68921,C,3,1045,997,48,672,615,48,9,666,6,1100,428,409,257
16,DAMBOVITA,335,0,CAMINUL CULTURAL  CAPRIORU,TATARANI,68921,C,3,1314,1245,69,834,765,69,0,823,11,1396,562,470,353
16,DAMBOVITA,336,0,CAMINUL CULTURAL PRIBOIU,TATARANI,68921,C,3,804,766,38,596,528,38,30,589,7,900,304,423,166
16,DAMBOVITA,337,0,GRADINITA GHEBOIENI,TATARANI,68921,C,3,1256,1247,9,726,707,9,10,723,3,1300,574,386,337
16,DAMBOVITA,338,0,SCOALA  ULIESTI,ULIESTI,68976,C,3,1094,1079,15,716,698,15,3,706,10,1200,484,489,217
16,DAMBOVITA,339,0,GRADINITA CROITORI,ULIESTI,68976,C,3,1036,1021,15,620,602,15,3,610,10,1100,480,407,203
16,DAMBOVITA,340,0,GRADINITA  JUGURENI,ULIESTI,68976,C,3,1360,1347,13,891,877,13,1,882,9,1500,609,668,214
16,DAMBOVITA,341,0,SCOALA GENERALA ULMI,ULMI,65501,C,3,1413,1393,20,819,799,20,0,816,3,1500,681,489,327
16,DAMBOVITA,342,0,SCOALA PRIMARA DUMBRAVA,ULMI,65501,C,3,1740,1709,31,1006,975,31,0,982,24,1800,794,562,420
16,DAMBOVITA,343,0,CAMINUL CULTURAL  CRICOV,VALEA LUNGA,69063,C,3,1107,1092,15,703,688,15,0,690,13,1200,497,432,258
16,DAMBOVITA,344,0,GRADINITA  VALEA MARE,VALEA LUNGA,69063,C,3,430,420,10,293,278,10,5,290,3,500,207,150,140
16,DAMBOVITA,345,0,CAMINUL CULTURAL OGREA,VALEA LUNGA,69063,C,3,1092,1071,21,714,691,21,2,699,15,1200,486,380,319
16,DAMBOVITA,346,0,CAMINUL CULTURAL GORGOTA,VALEA LUNGA,69063,C,3,1043,1018,25,624,599,25,0,617,7,1100,476,325,292
16,DAMBOVITA,347,0,CAMINUL CULTURAL STUBEIE,VALEA LUNGA,69063,C,3,408,388,20,282,257,20,5,277,5,500,218,195,82
16,DAMBOVITA,348,0,SCOALA GENERALA VALEA MARE,VALEA MARE,69170,C,3,1262,1244,18,804,783,18,3,796,8,1296,492,441,355
16,DAMBOVITA,349,0,SCOALA  PRIMARA VALEA CASELOR,VALEA MARE,69170,C,3,716,702,14,462,445,14,3,454,8,800,338,232,222
16,DAMBOVITA,350,0,SCOALA GENERALA VACARESTI,VACARESTI,69250,C,3,1291,1278,13,665,648,13,4,662,3,1400,735,300,362
16,DAMBOVITA,351,0,SCOALA GENERALA VACARESTI,VACARESTI,69250,C,3,1134,1122,12,568,555,12,1,559,9,1200,632,262,297
16,DAMBOVITA,352,0,SCOALA GENERALA PERSINARI,VACARESTI,69250,C,3,1216,1206,10,560,550,10,0,546,14,1300,740,336,210
16,DAMBOVITA,353,0,SCOALA GENERALA PERSINARI,VACARESTI,69250,C,3,1122,1107,15,487,472,15,0,482,5,1200,713,264,218
16,DAMBOVITA,354,0,SCOALA  GENERALA BUNGETU,VACARESTI,69250,C,3,1014,1002,12,674,662,12,0,667,7,1100,426,391,276
16,DAMBOVITA,355,0,SCOALA GENERALA BRATESTII DE JOS,VACARESTI,69250,C,3,508,490,18,310,292,18,0,309,1,600,290,159,150
16,DAMBOVITA,356,0,CAMINUL CULTURAL VALENI- DAMBOVITA,VALENI-DIMBOVITA,69303,C,3,1297,1281,16,774,758,16,0,768,6,1400,626,469,299
16,DAMBOVITA,357,0,CAMERA VIS-A VIS  DE FARMACIE,VALENI-DIMBOVITA,69303,C,3,885,874,11,492,474,11,7,487,5,1000,508,301,186
16,DAMBOVITA,358,0,SCOALA VECHE MESTEACAN,VALENI-DIMBOVITA,69303,C,3,257,220,37,191,154,37,0,191,0,300,109,126,65
16,DAMBOVITA,359,0,SCOALA PRIMARA NR. 1  VISINA,VISINA,69330,C,3,1106,1083,23,630,590,23,17,620,10,1202,572,420,200
16,DAMBOVITA,360,0,LICEUL  VISINA,VISINA,69330,C,3,1482,1466,16,808,792,16,0,797,11,1600,792,525,272
16,DAMBOVITA,361,0,SCOALA GENERALA BROSTENI,VISINA,69330,C,3,941,884,57,559,502,57,0,550,9,1000,441,402,148
16,DAMBOVITA,362,0,SCOALA  DRAGHINEASCA,VISINA,69330,C,3,785,717,68,470,402,68,0,467,3,800,330,292,175
16,DAMBOVITA,363,0,SCOALA GENERALA RASCAETI,VISINA,69330,C,3,1106,1050,56,584,528,56,0,574,10,1200,616,366,208
16,DAMBOVITA,364,0,SCOALA  VISINESTI,VISINESTI,69394,C,3,979,930,49,700,651,49,0,691,9,1000,300,415,276
16,DAMBOVITA,365,0,SCOALA  URSEIU,VISINESTI,69394,C,3,643,630,13,452,413,13,26,441,11,700,248,250,191
16,DAMBOVITA,366,0,SCOALA  SULTANU,VISINESTI,69394,C,3,330,321,9,251,227,9,15,247,4,400,149,153,94
16,DAMBOVITA,367,0,CAMINUL CULTURAL VIRFURI SATUL SUVITA,VIRFURI,69447,C,3,1707,1677,30,887,842,30,15,870,17,1900,1013,476,394
16,DAMBOVITA,368,0,SCOALA GENERALA  VLADENI,VLADENI,179711,C,3,1231,1202,29,737,708,29,0,727,10,1300,563,410,317
16,DAMBOVITA,369,0,SCOALA GENERALA  VLADENI,VLADENI,179711,C,3,1001,976,25,649,624,25,0,646,3,1100,451,352,294
16,DAMBOVITA,370,0,SCOALA GENERALA VOINESTI,VOINESTI,69526,C,3,1333,1306,27,891,831,27,33,882,9,1400,509,485,397
16,DAMBOVITA,371,0,CAMINUL CULTURAL GEMENEA-BRATULESTI,VOINESTI,69526,C,3,968,939,29,544,515,29,0,537,7,1000,456,251,286
16,DAMBOVITA,372,0,GRADINITA ONCESTI,VOINESTI,69526,C,3,729,686,43,444,401,43,0,436,8,800,356,245,191
16,DAMBOVITA,373,0,CAMINUL CULTURAL SUDULENI,VOINESTI,69526,C,3,1305,1259,46,764,718,46,0,752,12,1300,536,442,310
16,DAMBOVITA,374,0,GRADINITA MANGA,VOINESTI,69526,C,3,670,602,68,367,299,68,0,364,3,700,333,237,127
16,DAMBOVITA,375,0,GRADINITA  VULCANA- BAI,VULCANA-BAI,69615,C,3,1249,1238,11,851,795,11,45,841,10,1400,549,520,321
16,DAMBOVITA,376,0,GRADINITA  VULCANA DE SUS,VULCANA-BAI,69615,C,3,1057,1047,10,651,602,10,39,645,6,1200,549,342,303
16,DAMBOVITA,377,0,CAMINUL CULTURAL VULCANA-PANDELE,VULCANA-PANDELE,179640,C,3,935,885,50,639,587,50,2,634,5,1000,361,421,213
16,DAMBOVITA,378,0,SCOALA GENERALA  VULCANA-PANDELE,VULCANA-PANDELE,179640,C,3,1494,1474,20,911,891,20,0,905,6,1600,689,571,334
16,DAMBOVITA,379,0,SCOALA GENERALA GURA VULCANEI,VULCANA-PANDELE,179640,C,3,1600,1566,34,1015,980,34,1,1000,15,1700,685,668,332
17,DOLJ,1,0,"Colegiul National Elena Cuza, Str. I. Maiorescu nr. 4",MUNICIPIUL CRAIOVA,69900,M,1,1577,1552,25,1011,984,25,2,1007,4,1700,689,421,586
17,DOLJ,2,0,"Casa Studentilor, Str. Eugeniu Carada nr. 10",MUNICIPIUL CRAIOVA,69900,M,1,1910,1879,31,1067,1036,31,0,1063,4,2003,936,423,640
17,DOLJ,3,0,"Fostul Liceu Traian Demetrescu (Liceu Auto), Str. Mitropolit Firmilian nr.14",MUNICIPIUL CRAIOVA,69900,M,1,1914,1890,24,1080,1053,24,3,1070,10,2000,920,405,665
17,DOLJ,4,0,"Liceul Sportiv  Petrache Triscu (Scoala Generala nr. 5), Str. T. Vladimirescu nr. 9",MUNICIPIUL CRAIOVA,69900,M,1,1875,1852,23,1102,1076,23,3,1097,5,2000,898,366,731
17,DOLJ,5,0,"Grupul Scolar Traian Vuia, Str. Rovinari nr. 1",MUNICIPIUL CRAIOVA,69900,M,1,2292,2267,25,1373,1345,25,3,1357,8,2500,1130,551,806
17,DOLJ,6,0,"Liceul Teoretic  Charles Laugier (Liceul Sanitar), Str. Imparatul Traian nr. 65",MUNICIPIUL CRAIOVA,69900,M,1,1943,1931,12,1258,1240,12,6,1252,6,2100,842,451,801
17,DOLJ,7,0,"Liceul Teoretic  Charles Laugier (Liceul Sanitar), Str. Imparatul Traian nr. 65",MUNICIPIUL CRAIOVA,69900,M,1,2002,1984,18,1250,1226,18,6,1238,12,2200,950,426,812
17,DOLJ,8,0,"Universitate, Str. A.I. Cuza nr. 13",MUNICIPIUL CRAIOVA,69900,M,1,2271,2235,36,1456,1416,36,4,1448,8,2400,944,542,906
17,DOLJ,9,0,"Scoala Generala nr. 22 Mircea Eliade, str.Closca nr.1",MUNICIPIUL CRAIOVA,69900,M,1,1468,1456,12,871,859,12,0,867,4,1600,729,290,577
17,DOLJ,10,0,"Scoala Generala nr. 22 Mircea Eliade, Str. Closca nr.1",MUNICIPIUL CRAIOVA,69900,M,1,1693,1676,17,1101,1075,17,9,1097,3,1900,800,406,691
17,DOLJ,11,0,"Gradinita Dumbrava Minunata nr. 37, Str. Putnei nr. 50",MUNICIPIUL CRAIOVA,69900,M,1,1938,1915,23,1161,1138,23,0,1146,15,2100,939,436,710
17,DOLJ,12,0,"Gradinita  Dumbrava Minunata nr. 37, Str. Putnei nr.50",MUNICIPIUL CRAIOVA,69900,M,1,1867,1846,21,1071,1048,21,2,1066,5,2000,929,426,640
17,DOLJ,13,0,"Scoala Generala Mihai Eminescu nr. 37, Str. I. Tuculescu nr. 3",MUNICIPIUL CRAIOVA,69900,M,1,2279,2254,25,1202,1175,25,2,1192,10,2400,1198,382,810
17,DOLJ,14,0,"Scoala Generala Mihai Eminescu nr. 37, Str. I. Tuculescu nr. 3",MUNICIPIUL CRAIOVA,69900,M,1,1749,1742,7,944,937,7,0,936,8,2000,1056,332,604
17,DOLJ,15,0,"Gradinita nr. 55 Lapus, Str. I. Tuculescu nr.12",MUNICIPIUL CRAIOVA,69900,M,1,2355,2299,56,1232,1175,56,1,1223,9,2400,1168,529,694
17,DOLJ,16,0,"Liceul Teoretic Henri Coanda (nr. 8), Str. Humulesti nr. 62",MUNICIPIUL CRAIOVA,69900,M,1,2238,2217,21,1310,1288,21,1,1306,4,2400,1090,455,851
17,DOLJ,17,0,"Grupul Scolar de Constructii Civile, Str. Henri Coanda nr. 62",MUNICIPIUL CRAIOVA,69900,M,1,2074,2056,18,1221,1199,18,4,1215,6,2200,979,467,748
17,DOLJ,18,0,"Grupul scolar de arta si meserii Spiru Haret, Str. Electroputere nr. 2",MUNICIPIUL CRAIOVA,69900,M,1,2124,2110,14,1213,1199,14,0,1204,9,2300,1087,429,775
17,DOLJ,19,0,"Grupul Scolar Electroputere, Str. Electroputere nr.21",MUNICIPIUL CRAIOVA,69900,M,1,2153,2116,37,1051,1009,37,5,1041,10,2300,1249,397,644
17,DOLJ,20,0,"Liceul de Informatica  Stefan Odobleja, Str. Electroputere nr.21",MUNICIPIUL CRAIOVA,69900,M,1,1678,1651,27,773,734,27,12,771,2,1800,1027,317,454
17,DOLJ,21,0,"Gradinita 41 Cartier Eroilor, Str. Revolutiei nr.15",MUNICIPIUL CRAIOVA,69900,M,1,2331,2298,33,1255,1221,33,1,1245,10,2400,1145,516,729
17,DOLJ,22,0,"Scoala Generala Theodor Aman nr. 31, Str. Vintului nr. 3",MUNICIPIUL CRAIOVA,69900,M,1,1769,1752,17,1019,1002,17,0,1018,1,1900,881,376,642
17,DOLJ,23,0,"Gradinita nr.42, Cart. Eroilor, Str. Vantului nr. 10",MUNICIPIUL CRAIOVA,69900,M,1,1447,1423,24,880,855,24,1,876,4,1600,720,377,499
17,DOLJ,24,0,"Scoala Generala nr. 29, Str. Caracal, nr. 81",MUNICIPIUL CRAIOVA,69900,M,1,2127,2105,22,1051,1029,22,0,1040,11,2300,1249,488,552
17,DOLJ,25,0,"Scoala Generala nr. 29, Str. Caracal, nr. 81",MUNICIPIUL CRAIOVA,69900,M,1,2426,2403,23,1205,1182,23,0,1190,15,2500,1295,482,708
17,DOLJ,26,0,"Metrologie, B-dul Gh. Chitu nr.58",MUNICIPIUL CRAIOVA,69900,M,1,2149,2134,15,1183,1161,15,7,1179,4,2400,1217,397,782
17,DOLJ,27,0,"Grupul Scolar de Transporturi Auto, Str. N. Romanescu nr. 99",MUNICIPIUL CRAIOVA,69900,M,1,1644,1629,15,833,818,15,0,804,27,1800,967,371,433
17,DOLJ,28,0,"Grupul Scolar de Transporturi Auto, Str. N. Romanescu nr. 99",MUNICIPIUL CRAIOVA,69900,M,1,1706,1684,22,824,802,22,0,811,13,1800,976,357,454
17,DOLJ,29,0,"Grupul Scolar de Transporturi Auto, Str. N. Romanescu nr. 99",MUNICIPIUL CRAIOVA,69900,M,1,1694,1671,23,836,811,23,2,820,16,1800,964,328,492
17,DOLJ,30,0,"Scoala Generala nr. 25 Facai, Str. Prelungirea Bechetului nr. 3A",MUNICIPIUL CRAIOVA,69900,M,1,837,829,8,382,374,8,0,372,10,1007,625,197,175
17,DOLJ,31,0,"Scoala Generala nr. 27 Popoveni, Soseaua Popoveni nr.3",MUNICIPIUL CRAIOVA,69900,M,1,784,774,10,436,425,10,1,432,4,1000,564,209,223
17,DOLJ,32,0,"Scoala Generala nr. 36, Str. Dr. Ionescu Sisesti nr.3",MUNICIPIUL CRAIOVA,69900,M,1,1604,1592,12,837,823,12,2,832,5,1800,963,298,534
17,DOLJ,33,0,"Scoala Generala nr. 36, Str. Dr. Ionescu Sisesti nr.3",MUNICIPIUL CRAIOVA,69900,M,1,1848,1832,16,996,976,16,4,994,2,2000,1004,361,633
17,DOLJ,34,0,"Scoala Generala nr. 36, Str. Dr. Ionescu Sisesti nr.3",MUNICIPIUL CRAIOVA,69900,M,1,1948,1935,13,1006,992,13,1,1003,3,2100,1094,368,635
17,DOLJ,35,0,"Scoala Generala nr. 36, Str. Dr. Ionescu Sisesti, nr.3",MUNICIPIUL CRAIOVA,69900,M,1,1721,1704,17,877,860,17,0,871,6,1900,1023,310,561
17,DOLJ,36,0,"Colegiul National Ec. Gheorghe Chitu, B-dul 1Mai, nr.104",MUNICIPIUL CRAIOVA,69900,M,1,1317,1304,13,700,684,13,3,693,7,1406,706,253,440
17,DOLJ,37,0,"Colegiul National Ec. Gheorghe Chitu, B-dul 1Mai, nr.104",MUNICIPIUL CRAIOVA,69900,M,1,1378,1360,18,725,702,18,5,722,3,1500,775,257,465
17,DOLJ,38,0,"Gradinita Confectii, Str. Dr. Dimitrie Gerota nr. 18",MUNICIPIUL CRAIOVA,69900,M,1,2171,2157,14,1173,1151,14,8,1166,7,2300,1127,468,698
17,DOLJ,39,0,"Facultatea de Medicina, B-dul 1 Mai nr. 66",MUNICIPIUL CRAIOVA,69900,M,1,1794,1780,14,1016,1002,14,0,1008,8,2000,984,300,708
17,DOLJ,40,0,"Scoala Generala nr.18, Str. Unirii nr. 162",MUNICIPIUL CRAIOVA,69900,M,1,1404,1377,27,931,904,27,0,900,31,1509,578,346,554
17,DOLJ,41,0,"Liceul  Marin Sorescu (de arta), Str. Tabaci nr. 3",MUNICIPIUL CRAIOVA,69900,M,1,1091,1080,11,700,689,11,0,694,6,1200,500,237,457
17,DOLJ,42,0,"Liceul Marin Sorescu  (de arta), Str. Tabaci nr. 3",MUNICIPIUL CRAIOVA,69900,M,1,1798,1787,11,1025,1014,11,0,1016,9,2000,975,368,648
17,DOLJ,43,0,"Colegiul National  Fratii Buzesti, Str. Stirbei Voda nr. 5",MUNICIPIUL CRAIOVA,69900,M,1,2138,2120,18,1236,1218,18,0,1232,4,2300,1064,447,785
17,DOLJ,44,0,"Colegiul National  Fratii Buzetti, Str. Stirbei Voda nr. 5",MUNICIPIUL CRAIOVA,69900,M,1,1768,1750,18,1035,1010,18,7,1031,4,2000,965,321,710
17,DOLJ,45,0,"Scoala Generala nr.19, Str. Baraganului nr.45",MUNICIPIUL CRAIOVA,69900,M,1,1746,1713,33,961,924,33,4,957,4,1896,935,406,551
17,DOLJ,46,0,"Scoala Generala nr. 19, Str. Baraganului nr.45",MUNICIPIUL CRAIOVA,69900,M,1,1810,1795,15,884,868,15,1,874,10,2000,1116,395,479
17,DOLJ,47,0,"Scoala Generala nr.19, Str. Baraganului, nr.45",MUNICIPIUL CRAIOVA,69900,M,1,1624,1614,10,874,864,10,0,872,2,1800,926,373,499
17,DOLJ,48,0,"Scoala Generala nr. 26 Mofleni, Str. Banu Stepan nr.20",MUNICIPIUL CRAIOVA,69900,M,1,1096,1086,10,529,512,10,7,524,4,1200,671,253,271
17,DOLJ,49,0,"Drumuri si Poduri, Str. Drumul Jiului, nr. 10",MUNICIPIUL CRAIOVA,69900,M,1,1989,1971,18,700,682,18,0,687,13,2200,1500,398,289
17,DOLJ,50,0,"Scoala Generala nr. 13 Bucovat, Str. Bucovat nr. 76",MUNICIPIUL CRAIOVA,69900,M,1,1676,1657,19,646,627,19,0,640,6,1800,1154,242,398
17,DOLJ,51,0,"Colegiul National Carol  I (Nicolae Balcescu), Str. I. Maiorescu nr. 2",MUNICIPIUL CRAIOVA,69900,M,1,1203,1191,12,765,751,12,2,760,5,1290,525,285,475
17,DOLJ,52,0,"Colegiul National Carol  I (Nicolae Balcescu), Str. I. Maiorescu nr. 2",MUNICIPIUL CRAIOVA,69900,M,1,1383,1372,11,718,706,11,1,710,8,1500,782,218,492
17,DOLJ,53,0,"Facultatea de Agronomie, Str. Libertatii nr. 15",MUNICIPIUL CRAIOVA,69900,M,1,2120,2101,19,1135,1116,18,1,1122,13,2300,1165,463,659
17,DOLJ,54,0,"Facultatea de Agronomie, Str. Libertatii nr. 15",MUNICIPIUL CRAIOVA,69900,M,1,1765,1749,16,1023,995,16,12,1019,4,1900,877,302,717
17,DOLJ,55,0,"Gradinita nr. 24, Str. Renasterii nr.7",MUNICIPIUL CRAIOVA,69900,M,1,2182,2169,13,1167,1152,13,2,1158,9,2400,1233,467,691
17,DOLJ,56,0,"Grupul Sc. de Ind. Alim. Ilie  Murgulescu, Str. Brestei nr. 154",MUNICIPIUL CRAIOVA,69900,M,1,1616,1592,24,907,883,24,0,906,1,1800,893,316,590
17,DOLJ,57,0,"Grupul Sc. de Ind. Alim. Ilie  Murgulescu, Str. Brestei nr. 154",MUNICIPIUL CRAIOVA,69900,M,1,1621,1600,21,724,703,21,0,716,8,1800,1076,320,396
17,DOLJ,58,0,"Grupul Sc. de Ind. Alim. Ilie Murgulescu, Str. Brestei, nr.154",MUNICIPIUL CRAIOVA,69900,M,1,1614,1594,20,810,790,20,0,807,3,1800,990,319,488
17,DOLJ,59,0,"Scoala Generala nr. 16, Str. Brestei nr. 234",MUNICIPIUL CRAIOVA,69900,M,1,2018,1976,42,998,952,42,4,990,8,2200,1202,409,581
17,DOLJ,60,0,"Scoala Generala nr. 16, Str. Brestei nr. 234",MUNICIPIUL CRAIOVA,69900,M,1,1194,1186,8,598,589,8,1,593,5,1300,702,287,306
17,DOLJ,61,0,"Gradinita nr.15, Str. Brestei nr. 326",MUNICIPIUL CRAIOVA,69900,M,1,2329,2308,21,1150,1128,21,1,1137,13,2500,1350,417,720
17,DOLJ,62,0,"Depou tramvai R.A.T., b-dul Dacia nr. 3",MUNICIPIUL CRAIOVA,69900,M,1,2329,2309,20,1143,1123,20,0,1139,4,2600,1457,434,705
17,DOLJ,63,0,"Scoala  Eugeniu Carada nr. 34, Str. Elena Farago nr. 53",MUNICIPIUL CRAIOVA,69900,M,1,1894,1877,17,1026,1006,17,3,1017,9,2100,1074,436,581
17,DOLJ,64,0,"Scoala  Eugeniu Carada nr. 34, Str. Elena Farago nr. 53",MUNICIPIUL CRAIOVA,69900,M,1,1989,1972,17,938,920,17,1,923,15,2200,1262,373,550
17,DOLJ,65,0,"Scoala  Eugeniu Carada nr. 34, Str. Elena Farago nr. 53",MUNICIPIUL CRAIOVA,69900,M,1,2168,2158,10,1090,1079,10,1,1083,7,2300,1210,420,663
17,DOLJ,66,0,"Scoala Generala nr. 33, Str. Elena Farago nr. 19",MUNICIPIUL CRAIOVA,69900,M,1,1978,1965,13,895,882,13,0,890,5,2200,1305,369,521
17,DOLJ,67,0,"Scoala Generala nr. 33, Str. Elena Farago nr. 19",MUNICIPIUL CRAIOVA,69900,M,1,1975,1965,10,972,962,10,0,970,2,2200,1228,401,569
17,DOLJ,68,0,"Scoala Generala nr. 33, Str. Elena Farago nr.19",MUNICIPIUL CRAIOVA,69900,M,1,1890,1872,18,904,886,18,0,899,5,2100,1196,363,536
17,DOLJ,69,0,"Gradinita nr. 45, Str. Elena Farago nr. 17",MUNICIPIUL CRAIOVA,69900,M,1,2137,2124,13,1087,1074,13,0,1079,8,2400,1313,493,586
17,DOLJ,70,0,"Gradinita nr. 45, Str. Elena Farago nr. nr.17",MUNICIPIUL CRAIOVA,69900,M,1,2407,2394,13,1200,1187,13,0,1192,8,2700,1500,504,688
17,DOLJ,71,0,"Gradinita nr. 51, Str. Nicolae Coculescu nr. 20",MUNICIPIUL CRAIOVA,69900,M,1,2564,2549,15,1378,1363,15,0,1373,5,2700,1322,508,865
17,DOLJ,72,0,"Gradinita nr.51, Str. Nicolae Coculescu nr.20",MUNICIPIUL CRAIOVA,69900,M,1,1989,1974,15,893,878,15,0,890,3,2200,1307,327,563
17,DOLJ,73,0,"Scoala Generala Alexandru Macedonski (Sc. nr. 32), Str. Castanilor nr. 4",MUNICIPIUL CRAIOVA,69900,M,1,1876,1860,16,896,878,16,2,893,3,2000,1104,357,536
17,DOLJ,74,0,"Scoala Generala Alexandru Macedonski (Sc. nr. 32), Str. Castanilor nr. 4",MUNICIPIUL CRAIOVA,69900,M,1,1928,1915,13,995,979,13,3,987,8,2100,1105,396,591
17,DOLJ,75,0,"Scoala Generala Alexandru Macedonski (Sc. nr. 32), Str. Castanilor nr. 4",MUNICIPIUL CRAIOVA,69900,M,1,1991,1976,15,952,937,15,0,948,4,2200,1248,363,585
17,DOLJ,76,0,"Scoala Generala Alexandru Macedonski (Sc. nr. 32), Str. Castanilor nr. 4",MUNICIPIUL CRAIOVA,69900,M,1,1909,1897,12,1023,1008,12,3,1017,6,2100,1077,458,559
17,DOLJ,77,0,"Gradinita nr. 40, Str. Tineretului nr.28",MUNICIPIUL CRAIOVA,69900,M,1,1622,1608,14,745,730,14,1,739,1,1800,1055,294,445
17,DOLJ,78,0,"Gradinita nr. 40, Str. Tineretului nr.28",MUNICIPIUL CRAIOVA,69900,M,1,1788,1778,10,875,865,10,0,871,4,2000,1125,398,473
17,DOLJ,79,0,"Scoala Generala Mihai Viteazul (Scoala nr. 30), B-dul Oltenia nr. 38",MUNICIPIUL CRAIOVA,69900,M,1,2099,2088,11,1035,1024,11,0,1034,1,2300,1265,442,592
17,DOLJ,80,0,"Scoala Generala Mihai Viteazul (Scoala nr. 30), B-dul Oltenia nr. 38",MUNICIPIUL CRAIOVA,69900,M,1,2312,2295,17,1014,996,17,1,1006,8,2300,1286,422,584
17,DOLJ,81,0,"Scoala Generala Mihai Viteazul (Scoala nr. 30), B-dul Oltenia nr. 38",MUNICIPIUL CRAIOVA,69900,M,1,2178,2166,12,1107,1092,12,3,1098,5,2400,1291,484,614
17,DOLJ,82,0,"Scoala Generala Mihai VIteazul (Scoala nr. 30), B-dul Oltenia nr. 38",MUNICIPIUL CRAIOVA,69900,M,1,1933,1919,14,984,968,14,2,976,8,2100,1116,375,601
17,DOLJ,83,0,"Grupul Scolar Constructii de Masini George Bibescu, Str. C. Brancoveanu nr. 101",MUNICIPIUL CRAIOVA,69900,M,1,1471,1456,15,655,640,15,0,647,8,1600,945,274,373
17,DOLJ,84,0,"Grupul Scolar Constructii de Masini George Bibescu, Str. C. Brancoveanu nr. 101",MUNICIPIUL CRAIOVA,69900,M,1,1322,1310,12,645,633,12,0,641,4,1500,855,288,353
17,DOLJ,85,0,"Gradinita nr. 52, Str. George Enescu nr.1",MUNICIPIUL CRAIOVA,69900,M,1,1410,1393,17,686,669,17,0,683,3,1500,814,296,387
17,DOLJ,86,0,"Gradinita nr. 52, Str. George Enescu, nr.1",MUNICIPIUL CRAIOVA,69900,M,1,1265,1247,18,698,680,18,0,694,4,1400,702,288,406
17,DOLJ,87,0,"Casa Tineretului, Calea Severinului nr. 1",MUNICIPIUL CRAIOVA,69900,M,1,1421,1409,12,798,786,12,0,793,5,1600,802,308,485
17,DOLJ,88,0,"Casa Tineretului, Calea Severinului, nr.1",MUNICIPIUL CRAIOVA,69900,M,1,1439,1427,12,757,745,12,0,754,3,1600,843,256,498
17,DOLJ,89,0,"Grupul  Scolar de chimie, Str. Pascani nr. 9",MUNICIPIUL CRAIOVA,69900,M,1,2608,2598,10,1350,1329,10,11,1339,11,2800,1450,514,825
17,DOLJ,90,0,"Grupul  Scolar de chimie, Str. Pascani nr. 9",MUNICIPIUL CRAIOVA,69900,M,1,2105,2084,21,1218,1186,21,11,1212,6,2300,1082,382,830
17,DOLJ,91,0,"Scoala  Decebal  nr.12, B-dul. N. Titulescu nr. 64",MUNICIPIUL CRAIOVA,69900,M,1,2529,2502,27,1424,1395,27,2,1421,3,2700,1276,482,939
17,DOLJ,92,0,"Scoala  Decebal  nr.12, B-dul. N. Titulescu nr. 64",MUNICIPIUL CRAIOVA,69900,M,1,2380,2363,17,1335,1318,17,0,1331,4,2600,1265,453,878
17,DOLJ,93,0,"Grupul Scolar Industrial Energetic, Str. Amaradiei nr. 59",MUNICIPIUL CRAIOVA,69900,M,1,2427,2406,21,1400,1369,21,10,1395,5,2700,1300,477,918
17,DOLJ,94,0,"Grupul Scolar Industrial Energetic, Str. Amaradiei nr. 59",MUNICIPIUL CRAIOVA,69900,M,1,2315,2301,14,1086,1071,14,1,1084,2,2500,1414,376,708
17,DOLJ,95,0,"Colegiul National  Stefan Velovan (Pedagogic), Str. Amaradiei nr. 72",MUNICIPIUL CRAIOVA,69900,M,1,2289,2278,11,1250,1239,11,0,1238,12,2500,1250,514,724
17,DOLJ,96,0,"Colegiul National  Stefan Velovan (Pedagogic), Str. Amaradiei nr. 72",MUNICIPIUL CRAIOVA,69900,M,1,1335,1320,15,756,740,15,1,752,4,1500,744,285,467
17,DOLJ,97,0,"S.N.T.R. Sucursala F.F.T. Craiova, Str. Brazda lui Novac nr. 215",MUNICIPIUL CRAIOVA,69900,M,1,1932,1911,21,963,942,21,0,957,6,2100,1137,334,623
17,DOLJ,98,0,"Gradinita nr. 32, Str. Col. Scarlat Demetriade nr.10",MUNICIPIUL CRAIOVA,69900,M,1,1722,1705,17,992,973,17,2,987,5,1900,908,350,637
17,DOLJ,99,0,"Gradinita nr.43, Str. Stefan Falcoianu nr.6",MUNICIPIUL CRAIOVA,69900,M,1,1775,1749,26,1018,988,26,4,1015,3,1900,882,346,669
17,DOLJ,100,0,"Scoala Sfintu Gheorghe  nr. 24, Str. Brazda lui Novac nr.87",MUNICIPIUL CRAIOVA,69900,M,1,2018,2003,15,1112,1096,15,1,1109,3,2200,1088,374,735
17,DOLJ,101,0,"Scoala Sfintu Gheorghe  nr. 24, Str. Brazda lui Novac nr.87",MUNICIPIUL CRAIOVA,69900,M,1,1695,1679,16,969,953,16,0,966,3,1900,931,385,581
17,DOLJ,102,0,"Scoala Sfintu Gheorghe  nr. 24, Str. Brazda lui Novac nr.87",MUNICIPIUL CRAIOVA,69900,M,1,2036,2019,17,1125,1107,17,1,1121,4,2200,1075,441,680
17,DOLJ,103,0,"Gradinita nr. 32, Str.col. Scarlat Demetriade nr.10",MUNICIPIUL CRAIOVA,69900,M,1,1421,1406,15,766,751,15,0,764,2,1600,834,290,474
17,DOLJ,104,0,"Grupul Scolar Ind. C.F.R., Str. Constantin Brancusi nr.15",MUNICIPIUL CRAIOVA,69900,M,1,2245,2231,14,1375,1338,14,23,1373,2,2500,1125,502,871
17,DOLJ,105,0,"Colegiul National Nicolae Titulescu, Str. Doljului nr.12",MUNICIPIUL CRAIOVA,69900,M,1,1912,1883,29,1179,1150,29,0,1171,8,2100,921,420,751
17,DOLJ,106,0,"Scoala Traian  nr. 2, Str. Principatele Unite nr. 7",MUNICIPIUL CRAIOVA,69900,M,1,1148,1137,11,742,727,11,4,739,3,1300,558,241,498
17,DOLJ,107,0,"Scoala Traian  nr. 2, Str. Principatele Unite nr. 7",MUNICIPIUL CRAIOVA,69900,M,1,1378,1364,14,873,856,14,3,869,4,1500,627,311,558
17,DOLJ,108,0,"Scoala Generala nr. 10, b-dul Carol I nr. 65",MUNICIPIUL CRAIOVA,69900,M,1,1864,1847,17,1164,1143,17,4,1160,4,2000,836,419,741
17,DOLJ,109,0," Gradinita nr.9, Str. Lamaitei nr.4",MUNICIPIUL CRAIOVA,69900,M,1,1583,1574,9,959,948,9,2,955,4,1700,741,332,623
17,DOLJ,110,0," Gradinita nr.9, Str. Lamaitei nr.4",MUNICIPIUL CRAIOVA,69900,M,1,2247,2236,11,1391,1378,11,2,1383,8,2497,1106,504,879
17,DOLJ,111,0," Gradinita nr.9, Str. Lamaitei nr.4",MUNICIPIUL CRAIOVA,69900,M,1,2102,2082,20,1221,1200,20,1,1216,5,2300,1079,488,728
17,DOLJ,112,0,"Politia Sanitara, Str. Lamaitei nr.10",MUNICIPIUL CRAIOVA,69900,M,1,1509,1490,19,811,787,19,5,808,3,1700,889,309,499
17,DOLJ,113,0,"Politia Sanitara, Str. Lamaitei nr.10",MUNICIPIUL CRAIOVA,69900,M,1,2007,1993,14,1158,1143,14,1,1153,5,2200,1042,438,715
17,DOLJ,114,0,"Scoala Generala Ion Tuculescu nr. 14, Str. Bariera Vilcii  nr. 5",MUNICIPIUL CRAIOVA,69900,M,1,1371,1356,15,741,725,15,1,736,5,1500,759,271,465
17,DOLJ,115,0,"Scoala Generala Ion Tuculescu nr. 14, Str. Teilor nr. 65",MUNICIPIUL CRAIOVA,69900,M,1,1373,1356,17,814,797,17,0,806,8,1500,686,346,460
17,DOLJ,116,0,"Scoala Generala Ion Tuculescu nr. 14, Str. Teilor nr. 65",MUNICIPIUL CRAIOVA,69900,M,1,1429,1410,19,760,741,19,0,754,6,1500,740,333,421
17,DOLJ,117,0,"Scoala Generala Simnicu de Jos, Str. Soseaua Balcesti nr. 53",MUNICIPIUL CRAIOVA,69900,M,1,836,825,11,527,516,11,0,518,9,1000,473,247,271
17,DOLJ,118,0,"Teleconstructia, Str. Bariera Valcii nr. 94",MUNICIPIUL CRAIOVA,69900,M,1,1538,1526,12,900,875,12,13,893,7,1700,800,387,506
17,DOLJ,119,0,"Regionala C.F.R., b-dul Decebal nr.1",MUNICIPIUL CRAIOVA,69900,M,1,1455,1427,28,1948,799,28,1121,1938,10,4606,2658,671,1267
17,DOLJ,120,0,"Regionala C.F.R., b-dul Decebal nr.1",MUNICIPIUL CRAIOVA,69900,M,1,1800,1772,28,2778,1047,28,1703,2761,17,5000,2222,947,1814
17,DOLJ,121,0,"Gradinita nr. 50, Str. I.G. Duca nr. 5",MUNICIPIUL CRAIOVA,69900,M,1,2137,2122,15,1288,1269,15,4,1282,6,2031,743,441,841
17,DOLJ,122,0,"Scoala Petrache Poenaru nr. 9, Str. Vasile Alecsandri nr. 73",MUNICIPIUL CRAIOVA,69900,M,1,1653,1634,19,984,965,19,0,978,6,1800,816,360,618
17,DOLJ,123,0,"Scoala Petrache Poenaru nr. 9, Str. Vasile  Alecsandri nr. 73",MUNICIPIUL CRAIOVA,69900,M,1,1430,1400,30,1146,888,30,228,1136,10,1800,654,506,630
17,DOLJ,124,0,"Scoala Generala nr. 21 Gherghe Titeica, str.Calea Bucuresti nr. 93",MUNICIPIUL CRAIOVA,69900,M,1,2123,2093,30,1308,1277,30,1,1302,6,2257,949,488,814
17,DOLJ,125,0,"Scoala Generala nr. 21 Gherghe Titeica, str.Calea Bucuresti nr. 93",MUNICIPIUL CRAIOVA,69900,M,1,1338,1307,31,842,806,31,5,839,3,1400,558,336,503
17,DOLJ,126,0,"Gradinita Pinochio (Electroputere), Str. Stefan Velovan nr.4",MUNICIPIUL CRAIOVA,69900,M,1,1436,1422,14,888,868,14,6,885,3,1600,712,368,517
17,DOLJ,127,0,"Scoala Generala nr.35 I. D. Sirbu, Str. N. Julea nr.3",MUNICIPIUL CRAIOVA,69900,M,1,1767,1761,6,1083,1063,6,14,1075,8,1900,817,369,706
17,DOLJ,128,0,"Scoala Generala nr.35 I. D. Sirbu, Str. N. Julea nr.3",MUNICIPIUL CRAIOVA,69900,M,1,2324,2306,18,1273,1252,18,3,1272,1,2500,1227,455,817
17,DOLJ,129,0,"Grupul Scolar  Matei Basarab  nr.7, Str. Vasile  Alecsandri nr. 97",MUNICIPIUL CRAIOVA,69900,M,1,2336,2297,39,1330,1291,39,0,1319,11,2500,1170,477,842
17,DOLJ,130,0,"Liceul  Tudor Arghezi, Str. Bucovina nr.5",MUNICIPIUL CRAIOVA,69900,M,1,2437,2426,11,1308,1296,11,1,1302,6,2700,1392,786,516
17,DOLJ,131,0,"Liceul  Tudor Arghezi, Str. Bucovina nr.5",MUNICIPIUL CRAIOVA,69900,M,1,2209,2196,13,1236,1221,13,2,1224,9,2400,1164,473,751
17,DOLJ,132,0,"Scoala Generala nr.39, Str. Traian Lalescu nr.6",MUNICIPIUL CRAIOVA,69900,M,1,2458,2442,16,1424,1406,16,2,1414,10,2600,1176,568,846
17,DOLJ,133,0,"Scoala Generala nr.39, Str. Traian Lalescu nr.6",MUNICIPIUL CRAIOVA,69900,M,1,2389,2371,18,1294,1276,18,0,1284,10,2600,1306,457,827
17,DOLJ,134,0,"Gradinita nr. 14, Str. M.Strajan nr.12",MUNICIPIUL CRAIOVA,69900,M,1,1807,1792,15,1055,1039,15,1,1053,2,2000,945,396,657
17,DOLJ,135,0,"Facultatea de Mecanica, Str. Calea Bucuresti nr. 107",MUNICIPIUL CRAIOVA,69900,M,1,1285,1270,15,760,745,15,0,756,4,1400,640,274,482
17,DOLJ,136,0,"S.C. Novus S.A. (CLDC), str.Traian Lalescu nr. 17",MUNICIPIUL CRAIOVA,69900,M,1,1619,1607,12,907,893,12,2,901,6,1800,893,288,613
17,DOLJ,137,0,"Grupul Scolar  Traian Demetrescu, b-dul Decebal nr.103-105",MUNICIPIUL CRAIOVA,69900,M,1,1945,1930,15,964,948,15,1,951,13,2000,1036,332,619
17,DOLJ,138,0,"Grupul Scolar  Traian Demetrescu, b-dul Decebal nr.103-105",MUNICIPIUL CRAIOVA,69900,M,1,1600,1582,18,861,843,18,0,857,4,1800,939,309,548
17,DOLJ,139,0,"Gradinita nr. 31, b-dul Decebal, bl. 53",MUNICIPIUL CRAIOVA,69900,M,1,2107,2095,12,1111,1099,12,0,1106,5,2200,1089,419,687
17,DOLJ,140,0,"Serviciul Asistenta Sociala, Str. Eustatiu Stoenescu, bl. T8",MUNICIPIUL CRAIOVA,69900,M,1,2452,2429,23,1348,1321,23,4,1342,6,2700,1352,481,861
17,DOLJ,141,0,"Scoala Generala nr. 38 Cernele, Str. Brestei nr. 597",MUNICIPIUL CRAIOVA,69900,M,1,1734,1714,20,844,824,20,0,827,17,1900,1056,359,468
17,DOLJ,142,0,"Scoala Generala nr. 38 Cernele, Str. Brestei nr. 597",MUNICIPIUL CRAIOVA,69900,M,1,1339,1327,12,585,573,12,0,583,2,1500,915,227,356
17,DOLJ,143,0,"Scoala Generala Rovine, Str. Rovine nr. 30A",MUNICIPIUL CRAIOVA,69900,M,1,496,477,19,303,284,19,0,301,2,600,297,180,121
17,DOLJ,144,0,"Scoala Generala Izvorul Rece, Izvorul Rece - Cernele",MUNICIPIUL CRAIOVA,69900,M,1,456,445,11,239,228,11,0,234,5,600,361,106,128
17,DOLJ,145,1,"Spitalul Judetean nr. 1, b-dul 1 Mai nr. 60",MUNICIPIUL CRAIOVA,69900,M,1,11,0,11,562,0,11,551,556,6,1502,940,300,256
17,DOLJ,146,1,"Spitalul Municipal nr. 2, Str. Filantropiei nr. 1",MUNICIPIUL CRAIOVA,69900,M,1,12,0,12,139,0,12,127,137,2,600,461,65,72
17,DOLJ,147,1,"Spitalul nr. 3, Str. Calea Bucuresti nr. 126",MUNICIPIUL CRAIOVA,69900,M,1,9,0,9,136,0,9,127,134,2,600,464,78,56
17,DOLJ,148,1,"Spitalul  Clinic de Neuropsihiatrie, Str. Calea Bucuresti nr. 99",MUNICIPIUL CRAIOVA,69900,M,1,7,0,7,163,0,7,156,163,0,400,237,89,74
17,DOLJ,149,1,"Centrul de recuperare si reabilitare a persoanelor cu handicap, Str. Tabaci nr. 3",MUNICIPIUL CRAIOVA,69900,M,1,12,0,12,278,0,12,266,264,14,600,322,164,100
17,DOLJ,150,1,"U.M. 0654, Str. Alexandru Macedonski nr.7",MUNICIPIUL CRAIOVA,69900,M,1,344,334,10,329,259,10,60,314,15,402,73,154,160
17,DOLJ,151,1,"U.M. 01662, Str. Vasile Alecsandri nr. 75",MUNICIPIUL CRAIOVA,69900,M,1,10,0,10,578,0,10,568,571,7,900,322,270,301
17,DOLJ,152,1,"U.M. 01178, Str. Caracal nr. 141",MUNICIPIUL CRAIOVA,69900,M,1,12,0,12,359,0,12,347,351,8,600,241,172,179
17,DOLJ,153,1,"Camin Facultatea de Mecanica, Str. Petre Ispirescu",MUNICIPIUL CRAIOVA,69900,M,1,11,0,11,416,0,11,405,415,1,1500,1084,119,296
17,DOLJ,154,1,"Camin Facultatea de Agronomie, Str. Mihai Viteazul",MUNICIPIUL CRAIOVA,69900,M,1,11,0,11,349,0,11,338,348,1,1300,951,124,224
17,DOLJ,155,1,Camin Facultatea Electrotehnica,MUNICIPIUL CRAIOVA,69900,M,1,10,0,10,162,0,10,152,162,0,900,738,59,103
17,DOLJ,156,1,"Camin Facultatea Ed. Fizica, Str. Brestei",MUNICIPIUL CRAIOVA,69900,M,1,11,0,11,107,0,11,96,106,1,400,293,23,83
17,DOLJ,157,1,Camin Facultatea de Medicina,MUNICIPIUL CRAIOVA,69900,M,1,11,0,11,283,0,11,272,283,0,1000,717,73,210
17,DOLJ,158,1,"Spitalul C.F.R., B-dul Stirbei Voda",MUNICIPIUL CRAIOVA,69900,M,1,11,0,11,113,0,11,102,113,0,300,187,49,64
17,DOLJ,159,1,"Spitalul Militar, Str. Caracal",MUNICIPIUL CRAIOVA,69900,M,1,11,0,11,124,0,11,113,121,3,300,176,58,63
17,DOLJ,160,0,"Scoala Generala nr. 1, Str. Panduri",MUNICIPIUL  BAILESTI,70316,M,1,1495,1479,16,799,781,16,2,785,14,1600,801,390,395
17,DOLJ,161,0,"Gradinita de copii nr. 3, Str. Carpati",MUNICIPIUL  BAILESTI,70316,M,1,1087,1069,18,609,591,18,0,603,6,1200,591,249,354
17,DOLJ,162,0,Scoala Generala nr.3 din Str. Lt. Becherescu,MUNICIPIUL  BAILESTI,70316,M,1,737,728,9,306,297,9,0,305,1,792,486,169,136
17,DOLJ,163,0,Scoala Generala nr.5 din Str. Lt. Becherescu,MUNICIPIUL  BAILESTI,70316,M,1,1247,1236,11,588,574,11,3,583,5,1400,812,268,315
17,DOLJ,164,0,Gradinita de copii nr. 7 din  Str. Dragalina,MUNICIPIUL  BAILESTI,70316,M,1,807,794,13,458,440,13,5,456,2,885,427,209,247
17,DOLJ,165,0,"Liceul ""Mihai viteazul"" din Str. Marasesti",MUNICIPIUL  BAILESTI,70316,M,1,1103,1085,18,583,560,18,5,582,1,1200,617,265,317
17,DOLJ,166,0,"Gradinita nr. 5, din Str. Horia, Closca si Crisan",MUNICIPIUL  BAILESTI,70316,M,1,704,690,14,352,338,14,0,350,2,802,450,161,189
17,DOLJ,167,0,"Scoala Generala nr. 3 din  Str. Horia, Closca si Crisan",MUNICIPIUL  BAILESTI,70316,M,1,854,841,13,471,458,13,0,464,7,904,433,239,225
17,DOLJ,168,0,Scoala Generala nr. 4  din Str. Dreptatii,MUNICIPIUL  BAILESTI,70316,M,1,1507,1496,11,822,804,11,7,818,4,1700,878,442,376
17,DOLJ,169,0,Gradinita de copii nr. 8 din  Str. Dreptatii,MUNICIPIUL  BAILESTI,70316,M,1,1501,1485,16,879,862,16,1,871,8,1575,696,398,473
17,DOLJ,170,0,Liceul Agricol din  Str. Revolutiei,MUNICIPIUL  BAILESTI,70316,M,1,672,629,43,358,314,43,1,356,2,800,442,169,187
17,DOLJ,171,0,Scoala Generala nr. 2  din  Str. Amza Pellea,MUNICIPIUL  BAILESTI,70316,M,1,1053,1037,16,569,548,16,5,566,3,1200,631,295,271
17,DOLJ,172,0,"S.A. Agrozind, din Str. Alexandru Ioan Cuza",MUNICIPIUL  BAILESTI,70316,M,1,941,929,12,511,498,12,1,509,2,1100,589,236,273
17,DOLJ,173,0,"Gradinita de copii nr. 6, din Str. Independentei",MUNICIPIUL  BAILESTI,70316,M,1,1068,1041,27,555,528,27,0,553,2,1184,629,268,285
17,DOLJ,174,0,"Scoala Generala nr. 6, din Str. Teilor",MUNICIPIUL  BAILESTI,70316,M,1,1691,1672,19,1000,755,19,226,991,9,1900,900,413,578
17,DOLJ,175,0,Scoala Generala Balasan,MUNICIPIUL  BAILESTI,70316,M,1,506,495,11,329,318,11,0,327,2,600,271,214,113
17,DOLJ,176,1,Spitalul Municipal  Bailesti,MUNICIPIUL  BAILESTI,70316,M,1,11,0,11,98,0,11,87,95,3,101,3,55,40
17,DOLJ,177,0,Caminul Cultural Golenti,MUNICIPIUL CALAFAT,70352,M,1,489,480,9,266,255,9,2,264,2,600,334,118,146
17,DOLJ,178,0,Caminul Cultural Basarabi,MUNICIPIUL CALAFAT,70352,M,1,1021,1010,11,599,581,11,7,590,9,1100,501,311,279
17,DOLJ,179,0,Caminul Cultural Ciupercenii Vechi,MUNICIPIUL CALAFAT,70352,M,1,1974,1969,5,900,893,5,2,895,5,2231,1331,489,406
17,DOLJ,180,0,Scoala Generala nr. 1 Calafat,MUNICIPIUL CALAFAT,70352,M,1,2312,2303,9,1033,1018,9,6,1029,4,2500,1467,500,529
17,DOLJ,181,0,Liceul Teoretic Independenta,MUNICIPIUL CALAFAT,70352,M,1,1956,1942,14,1127,1109,14,4,1117,10,2104,977,673,444
17,DOLJ,182,0,Localul de alimentatie publica de pe Str. H.C.C. nr. 42,MUNICIPIUL CALAFAT,70352,M,1,1647,1623,24,1138,894,24,220,1127,11,1800,662,561,566
17,DOLJ,183,0,Scoala Generala nr. 2 (local vechi - fost liceu),MUNICIPIUL CALAFAT,70352,M,1,1838,1822,16,924,907,16,1,909,15,2000,1076,515,394
17,DOLJ,184,0,Scoala Generala nr. 2 Calafat (local nou),MUNICIPIUL CALAFAT,70352,M,1,1472,1458,14,645,631,14,0,639,6,1600,955,308,331
17,DOLJ,185,0,"Gradinita nr. 4, Cartierul  T. Vladimirescu",MUNICIPIUL CALAFAT,70352,M,1,1916,1880,36,917,845,36,36,912,5,2100,1176,356,556
17,DOLJ,186,0,"Localul de alimentatie publica ""PARTENER 3"", Cartierul Tudor Vladimirescu",MUNICIPIUL CALAFAT,70352,M,1,1896,1885,11,936,925,11,0,932,3,2089,1153,388,544
17,DOLJ,187,1,Spitalul  Calafat,MUNICIPIUL CALAFAT,70352,M,1,11,0,11,140,0,11,129,139,1,200,60,91,48
17,DOLJ,188,0,Liceul Teoretic  Bechet,ORAS BECHET,70879,O,1,2350,2319,31,1230,1199,31,0,1205,25,2600,1370,725,480
17,DOLJ,189,0,Caminul Cultural Bechet,ORAS BECHET,70879,O,1,756,747,9,612,457,9,146,602,10,889,277,294,308
17,DOLJ,190,0,Scoala Generala nr. 4  Dabuleni,ORAS DABULENI,72007,O,1,1834,1792,42,984,942,42,0,965,19,2000,1016,635,330
17,DOLJ,191,0,Clubul copiilor Dabuleni,ORAS DABULENI,72007,O,1,1929,1847,82,1181,1004,82,95,1177,4,2000,819,632,545
17,DOLJ,192,0,Scoala Generala nr. 1 Nord,ORAS DABULENI,72007,O,1,1866,1815,51,1007,956,51,0,990,17,2000,993,638,352
17,DOLJ,193,0,Scoala Generala nr. 1 Sud,ORAS DABULENI,72007,O,1,1924,1845,79,1003,913,79,11,992,11,2000,997,619,373
17,DOLJ,194,0,Scoala Generala nr. 2 - intrare elevi,ORAS DABULENI,72007,O,1,1330,1286,44,748,704,44,0,739,9,1400,652,472,267
17,DOLJ,195,0,Scoala Generala nr. 3 - intrare elevi,ORAS DABULENI,72007,O,1,1536,1466,70,917,836,70,11,913,4,1600,683,584,329
17,DOLJ,196,0,Scoala Generala nr. 3 - intrare profesori,ORAS DABULENI,72007,O,1,1462,1420,42,805,760,42,3,787,18,1600,795,492,295
17,DOLJ,197,1,Spitalul  Dabuleni,ORAS DABULENI,72007,O,1,29,0,29,56,0,29,27,55,1,100,44,31,24
17,DOLJ,198,0,Scoala Generala Filiasi in Str. B-dul Racoteanu nr.148,ORAS FILIASI,70414,O,1,2399,2376,23,1216,1191,23,2,1197,19,2600,1384,610,587
17,DOLJ,199,0,"Grup scolar  Filiasi, b-dul Racoteanu nr. 178",ORAS FILIASI,70414,O,1,2213,2188,25,1084,1059,25,0,1071,13,2400,1316,541,530
17,DOLJ,200,0,"Gradinita nr.2 Filiasi, Str. Garii nr. 4",ORAS FILIASI,70414,O,1,1907,1892,15,1217,997,15,205,1199,18,2100,883,618,581
17,DOLJ,201,0,"Casa de cultura, b-dul Racoteanu nr. 169",ORAS FILIASI,70414,O,1,2157,2142,15,966,951,15,0,960,6,2400,1434,406,554
17,DOLJ,202,0,"Gradinita nr. 1, Str. T. Vladimirescu nr. 4 H",ORAS FILIASI,70414,O,1,2215,2187,28,1091,1042,28,21,1077,14,2400,1309,524,553
17,DOLJ,203,0,"Scoala Generala Racarii de Sus, Str. Scolii nr. 15",ORAS FILIASI,70414,O,1,911,902,9,544,525,9,10,538,6,1000,454,343,195
17,DOLJ,204,0,"Scoala Generala Fratostita, Str. Valea Bisericii nr. 8",ORAS FILIASI,70414,O,1,1999,1983,16,979,956,16,7,960,19,2200,1221,563,397
17,DOLJ,205,0,"Scoala Generala Balta, Str. Pandurilor nr. 218",ORAS FILIASI,70414,O,1,896,884,12,555,528,12,15,537,18,1000,445,276,261
17,DOLJ,206,1,Spitalul Orasenesc  Filiasi,ORAS FILIASI,70414,O,1,9,0,9,75,0,9,66,74,1,200,125,43,31
17,DOLJ,207,0,Grup Scolar  Horia Vintila  Segarcea,ORAS SEGARCEA,70502,O,1,1811,1801,10,850,840,10,0,836,14,2000,1150,457,379
17,DOLJ,208,0,Scoala Generala Segarcea,ORAS SEGARCEA,70502,O,1,1365,1360,5,634,628,5,1,619,15,1500,866,333,286
17,DOLJ,209,0,Biblioteca Oraseneasca Mircea Radina,ORAS SEGARCEA,70502,O,1,1632,1623,9,827,817,9,1,807,20,1800,973,436,371
17,DOLJ,210,0,Clubul copiilor,ORAS SEGARCEA,70502,O,1,1642,1635,7,962,749,7,206,935,27,1800,838,552,383
17,DOLJ,211,1,Spitalul Orasenesc Segarcea,ORAS SEGARCEA,70502,O,1,9,0,9,46,0,9,37,45,1,100,54,21,24
17,DOLJ,212,0,Sediu Primarie Afumati,AFUMATI,70520,C,3,1146,1135,11,579,520,11,48,573,6,1200,621,376,197
17,DOLJ,213,0,Scoala Generala Boureni,AFUMATI,70520,C,3,955,922,33,573,503,33,37,566,7,1106,533,332,234
17,DOLJ,214,0,Caminul Cultural Covei,AFUMATI,70520,C,3,506,483,23,260,217,23,20,257,3,600,340,174,83
17,DOLJ,215,0,Scoala Generala Almaj,ALMAJ,70566,C,3,1182,1174,8,609,600,8,1,605,4,1300,691,285,320
17,DOLJ,216,0,Scoala Generala Sitoaia,ALMAJ,70566,C,3,538,523,15,308,293,15,0,305,3,600,292,218,87
17,DOLJ,217,0,Caminul Cultural Amarastii de Jos,AMARASTII DE JOS,70637,C,3,1414,1366,48,815,709,48,58,810,5,1500,685,403,407
17,DOLJ,218,0,Gradinita Tosca Amarastii de Jos,AMARASTII DE JOS,70637,C,3,1183,1163,20,704,641,20,43,701,3,1300,596,400,301
17,DOLJ,219,0,"Gradinita Prapor, satul Prapor",AMARASTII DE JOS,70637,C,3,1333,1296,37,731,694,37,0,725,6,1400,669,499,226
17,DOLJ,220,0,"Scoala Ocolna, satul Ocolna",AMARASTII DE JOS,70637,C,3,660,637,23,459,436,23,0,449,10,700,241,406,43
17,DOLJ,221,0,Localul Caminului cultural,AMARASTII DE SUS,70673,C,3,1467,1452,15,1037,917,15,105,1027,10,1600,563,625,402
17,DOLJ,222,0,Caminul Cultural Apele Vii,APELE VII,70726,C,3,1899,1889,10,770,758,10,2,754,16,2100,1330,509,245
17,DOLJ,223,0,"Scoala Generala Argetoaia, Str. Constantin Argetoianu nr. 225",ARGETOAIA,70744,C,3,609,581,28,354,315,28,11,350,4,700,346,218,132
17,DOLJ,224,0,"Scoala Generala Argetoaia, Str. Constantin Argetoianu nr. 225",ARGETOAIA,70744,C,3,1049,1027,22,530,502,22,6,520,10,1186,656,392,128
17,DOLJ,225,0,"Scoala Generala Salcia, Str. Omorna de Sus nr. 44A",ARGETOAIA,70744,C,3,1013,998,15,688,609,15,64,683,5,1100,412,431,252
17,DOLJ,226,0,"Scoala Generala Piria, Str. Calea Curmatura nr. 19",ARGETOAIA,70744,C,3,420,397,23,260,237,23,0,258,2,500,240,223,35
17,DOLJ,227,0,"Scoala Generala Leordoasa, Str. Scolii nr. 18",ARGETOAIA,70744,C,3,347,328,19,245,211,19,15,243,2,400,155,139,104
17,DOLJ,228,0,"Scoala Generala Novacu, Str. Aleea Novacu nr. 7",ARGETOAIA,70744,C,3,224,210,14,139,115,14,10,136,3,300,161,89,47
17,DOLJ,229,0,Caminul Cultural Barca,BIRCA,70940,C,3,1800,1787,13,779,762,13,4,767,12,2000,1221,544,223
17,DOLJ,230,0,Sediul Consiliului Local Barca - sala de sedinte,BIRCA,70940,C,3,1612,1602,10,707,697,10,0,695,12,1785,1078,455,240
17,DOLJ,231,0,"Scoala Generala Centru, sat Bistret",BISTRET,70897,C,3,1194,1173,21,569,536,21,12,555,14,1300,731,278,277
17,DOLJ,232,0,"Scoala Generala Stadion, sat  Bistret",BISTRET,70897,C,3,813,792,21,444,420,21,3,437,7,900,455,242,195
17,DOLJ,233,0,Scoala Generala Bistret Nou,BISTRET,70897,C,3,684,645,39,333,293,39,1,329,4,800,467,193,136
17,DOLJ,234,0,Scoala  Generala Plosca,BISTRET,70897,C,3,856,844,12,383,371,12,0,373,10,1000,617,250,123
17,DOLJ,235,0,Scoala Generala Botosesti Paia,BOTOSESTI-PAIA,70968,C,3,782,758,24,671,520,24,127,665,6,905,228,419,246
17,DOLJ,236,0,Caminul Cultural Brabova,BRABOVA,70986,C,3,541,527,14,321,284,14,23,317,4,600,279,235,82
17,DOLJ,237,0,Scoala Generala Urdinita,BRABOVA,70986,C,3,398,389,9,264,227,9,28,260,4,500,236,170,90
17,DOLJ,238,0,Scoala Generala Rachita de Jos,BRABOVA,70986,C,3,348,337,11,169,144,11,14,169,0,400,231,121,48
17,DOLJ,239,0,Scoala Generala Mosna,BRABOVA,70986,C,3,200,189,11,118,100,11,7,118,0,300,182,74,44
17,DOLJ,240,0,"Sediu Consiliul Local Bralostita - sala de sedinte, Str. Stadion",BRALOSTITA,71126,C,3,978,960,18,482,462,18,2,472,10,1100,618,307,165
17,DOLJ,241,0,"Scoala Generala Sfarcea, sat Sfarcea,  Str. Grigore Olaru nr. 62",BRALOSTITA,71126,C,3,852,847,5,541,534,5,2,536,5,1000,459,366,170
17,DOLJ,242,0,"Scoala Generala Valea Fantanilor, Str. Mihai Viteazul nr. 142",BRALOSTITA,71126,C,3,473,455,18,290,271,18,1,287,3,600,310,150,137
17,DOLJ,243,0,"Scoala Generala Ciocane, Str. Scolii nr. 3",BRALOSTITA,71126,C,3,574,556,18,416,398,18,0,408,8,700,284,290,118
17,DOLJ,244,0,Scoala Generala Badosi,BRATOVOESTI,71199,C,3,766,753,13,412,386,13,13,409,3,900,488,279,130
17,DOLJ,245,0,Scoala Generala Prunet,BRATOVOESTI,71199,C,3,546,496,50,372,322,50,0,371,1,600,228,225,146
17,DOLJ,246,0,Scoala Generala Bratovoesti,BRATOVOESTI,71199,C,3,1077,1040,37,635,579,37,19,625,10,1200,565,387,238
17,DOLJ,247,0,Scoala Generala Georocu Mare,BRATOVOESTI,71199,C,3,458,447,11,282,271,11,0,278,4,600,318,226,52
17,DOLJ,248,0,Caminul Cultural Bradesti,BRADESTI,71055,C,3,1399,1381,18,613,595,18,0,610,3,1500,887,290,320
17,DOLJ,249,0,Scoala Generala Bradestii Batrani,BRADESTI,71055,C,3,357,351,6,181,175,6,0,177,4,500,319,121,56
17,DOLJ,250,0,Scoala Generala Tatomiresti,BRADESTI,71055,C,3,796,786,10,394,384,10,0,387,7,900,506,213,174
17,DOLJ,251,0,Scoala Generala Racarii de Jos,BRADESTI,71055,C,3,779,777,2,480,455,2,23,474,6,900,420,293,181
17,DOLJ,252,0,Scoala Generala Piscani-Meteu,BRADESTI,71055,C,3,158,143,15,78,63,15,0,76,2,300,222,55,21
17,DOLJ,253,0,Scoala Generala Breasta - intrare elevi,BREASTA,71260,C,3,1024,1008,16,730,678,16,36,705,25,1100,370,472,233
17,DOLJ,254,0,Scoala Generala Breasta - intrare profesori,BREASTA,71260,C,3,876,858,18,586,532,18,36,575,11,1000,414,338,237
17,DOLJ,255,0,Scoala Generala Valea Lungului,BREASTA,71260,C,3,469,460,9,311,302,9,0,310,1,600,289,228,82
17,DOLJ,256,0,Scoala Generala Obedin,BREASTA,71260,C,3,617,606,11,486,438,11,37,481,5,700,214,330,151
17,DOLJ,257,0,Scoala Generala Bucovat,BUCOVAT,69964,C,3,1409,1400,9,644,629,9,6,635,9,1600,956,279,356
17,DOLJ,258,0,"Sanatoriul TBC Leamna, Leamna de Sus",BUCOVAT,69964,C,3,538,528,10,293,248,10,35,290,3,800,507,147,143
17,DOLJ,259,0,Scoala Generala Palilula,BUCOVAT,69964,C,3,662,650,12,281,269,12,0,273,8,800,519,150,123
17,DOLJ,260,0,Scoala Generala Sarbatoarea,BUCOVAT,69964,C,3,553,542,11,279,268,11,0,270,9,700,421,153,117
17,DOLJ,261,0,Scoala Generala Bulzesti,BULZESTI,71340,C,3,749,743,6,402,382,6,14,394,8,900,498,219,175
17,DOLJ,262,0,Localul  fostului C.A.P. Fratila,BULZESTI,71340,C,3,693,691,2,435,417,2,16,425,10,800,365,315,110
17,DOLJ,263,0,Scoala Generala Calopar,CALOPAR,71457,C,3,1077,1073,4,532,490,4,38,526,6,1200,668,307,219
17,DOLJ,264,0,Scoala Generala Belcin,CALOPAR,71457,C,3,537,529,8,324,291,8,25,315,9,600,276,210,105
17,DOLJ,265,0,Scoala Generala Panaghia,CALOPAR,71457,C,3,1268,1262,6,669,603,6,60,662,7,1400,731,450,212
17,DOLJ,266,0,Caminul Cultural Caraula,CARAULA,71518,C,3,2005,1996,9,1071,999,9,63,1055,16,2200,1129,799,256
17,DOLJ,267,0,Scoala Generala Carpen,CARPEN,71536,C,3,999,989,10,710,653,10,47,697,13,1100,390,514,183
17,DOLJ,268,0,Scoala Generala Cleanov,CARPEN,71536,C,3,1370,1305,65,815,750,65,0,810,5,1500,685,540,270
17,DOLJ,269,0,"Caminul Cultural Castranova, Str. Stadionului nr. 1",CASTRANOVA,71572,C,3,1601,1588,13,971,943,13,15,968,3,1700,729,598,370
17,DOLJ,270,0,"Scoala Generala Puturi, Str. Leului nr. 2",CASTRANOVA,71572,C,3,1153,1140,13,820,713,13,94,810,10,1300,480,500,310
17,DOLJ,271,0,Scoala Generala Catane,CATANE,74842,C,3,1461,1391,70,750,667,70,13,742,8,1500,750,548,194
17,DOLJ,272,0,Sediu Primaria Calarasi,CALARASI,71607,C,3,1727,1681,46,1008,930,46,32,1000,7,1900,892,507,493
17,DOLJ,273,0,Scoala Generala nr. 1 Calarasi,CALARASI,71607,C,3,1960,1913,47,1152,1099,47,6,1140,12,2100,948,649,491
17,DOLJ,274,0,Scoala Generala Sarata,CALARASI,71607,C,3,1781,1724,57,1023,945,57,21,1009,14,1900,877,585,424
17,DOLJ,275,0,Scoala Generala Carcea,CARCEA,74859,C,3,1274,1250,24,743,718,24,1,728,15,1400,657,397,331
17,DOLJ,276,0,Scoala Generala Carna,CARNA,74867,C,3,1284,1258,26,720,680,26,14,705,15,1400,680,439,266
17,DOLJ,277,0,Scoala Generala Celaru,CELARU,71634,C,3,1665,1646,19,780,761,19,0,770,10,1800,1020,538,232
17,DOLJ,278,0,Caminul Cultural Marotinu de Jos,CELARU,71634,C,3,555,540,15,287,272,15,0,282,5,600,313,173,109
17,DOLJ,279,0,Caminul Cultural Ghizdavesti,CELARU,71634,C,3,1357,1344,13,667,647,13,7,655,12,1500,833,447,208
17,DOLJ,280,0,Caminul Cultural Marotinu de Sus,CELARU,71634,C,3,601,589,12,347,291,12,44,343,4,700,353,253,90
17,DOLJ,281,0,Caminul Cultural Cerat,CERAT,71698,C,3,1988,1975,13,902,887,13,2,890,12,2200,1298,638,252
17,DOLJ,282,0,Scoala Generala Cerat,CERAT,71698,C,3,1008,992,16,495,479,16,0,486,9,1100,605,366,120
17,DOLJ,283,0,Gradinita de copii Tiu,CERNATESTI,71723,C,3,431,426,5,298,277,5,16,290,8,500,202,188,102
17,DOLJ,284,0,Caminul Cultural Cernatesti,CERNATESTI,71723,C,3,537,528,9,322,307,9,6,314,8,600,278,221,93
17,DOLJ,285,0,Scoala Generala Cornita,CERNATESTI,71723,C,3,244,238,6,173,163,6,4,170,3,300,127,132,38
17,DOLJ,286,0,Scoala Generala Rasnic - Oghian,CERNATESTI,71723,C,3,483,476,7,318,311,7,0,312,6,600,282,219,93
17,DOLJ,287,0,Scoala Primara Cetate,CETATE,71787,C,3,1784,1721,63,1666,1601,63,2,1648,18,1900,234,1176,472
17,DOLJ,288,0,Caminul Cultural  Cetate,CETATE,71787,C,3,1576,1510,66,1219,1126,66,27,1189,24,1600,381,874,315
17,DOLJ,289,0,"Scoala Generala nr.2 ""Fantana Banului""",CETATE,71787,C,3,937,903,34,611,550,34,27,590,21,1000,389,331,259
17,DOLJ,290,0,"Scoala Primara Moreni, satul Moreni",CETATE,71787,C,3,589,574,15,526,484,15,27,523,3,700,174,330,193
17,DOLJ,291,0,Scoala Generala Cioroiasi,CIOROIASI,71812,C,3,1074,1059,15,563,542,15,6,558,5,1200,637,292,266
17,DOLJ,292,0,Scoala Generala Cioroiu Nou,CIOROIASI,71812,C,3,487,479,8,298,288,8,2,297,1,600,302,203,94
17,DOLJ,293,0,Caminul Cultural Ciupercenii Noi,CIUPERCENII NOI,71858,C,3,1756,1736,20,852,832,20,0,847,5,1900,1048,532,315
17,DOLJ,294,0,Scoala Generala Ciupercenii Noi,CIUPERCENII NOI,71858,C,3,1984,1963,21,999,978,21,0,991,8,2200,1201,667,324
17,DOLJ,295,0,Scoala Generala Smardan,CIUPERCENII NOI,71858,C,3,1137,1123,14,571,557,14,0,564,7,1200,629,261,303
17,DOLJ,296,0,Caminul Cultural Cosoveni,COSOVENI,71885,C,3,838,820,18,438,402,18,18,433,5,900,462,139,294
17,DOLJ,297,0,Gradinita Cosovenii de Sus,COSOVENI,71885,C,3,1040,1012,28,582,519,28,35,575,7,1100,518,237,338
17,DOLJ,298,0,Fost sediu C.A.P. Cosovenii de Jos,COSOVENI,71885,C,3,707,661,46,418,372,46,0,411,7,800,382,220,191
17,DOLJ,299,0,Scoala Generala Cotofenii din Dos,COTOFENII DIN DOS,71910,C,3,914,901,13,644,599,13,32,640,4,1000,356,371,269
17,DOLJ,300,0,Scoala Generala Potmeltu,COTOFENII DIN DOS,71910,C,3,419,409,10,296,279,10,7,290,6,500,204,133,157
17,DOLJ,301,0,Scoala Generala Mihaita,COTOFENII DIN DOS,71910,C,3,658,651,7,435,401,7,27,428,6,800,365,262,166
17,DOLJ,302,0,Scoala Generala Cotofenii din Fata,COTOFENII DIN FATA,74875,C,3,1397,1376,21,783,712,21,50,773,10,1500,717,544,229
17,DOLJ,303,0,Caminul Cultural Daneti,DANETI,71956,C,3,1857,1844,13,916,865,13,38,907,9,2000,1084,601,306
17,DOLJ,304,0,Scoala Generala nr.1 Daneti,DANETI,71956,C,3,1722,1701,21,780,718,21,41,772,8,1900,1120,504,268
17,DOLJ,305,0,Scoala Generala nr.1 Braniste,DANETI,71956,C,3,611,567,44,367,307,44,16,360,7,700,333,267,93
17,DOLJ,306,0,Scoala Generala Locusteni,DANETI,71956,C,3,630,593,37,311,274,37,0,305,6,700,389,164,141
17,DOLJ,307,0,Scoala Generala Brabeti,DANETI,71956,C,3,876,779,97,534,437,65,32,523,11,900,366,367,156
17,DOLJ,308,0,Scoala Generala Desa - local vechi partea de vest,DESA,72034,C,3,2021,2008,13,933,918,13,2,919,14,2200,1267,600,319
17,DOLJ,309,0,Scoala Generala Desa - local vechi partea de est,DESA,72034,C,3,1843,1830,13,790,775,13,2,781,9,2000,1210,547,234
17,DOLJ,310,0,Clubul Caminului cultural Diosti,DIOSTI,72052,C,3,1039,1026,13,576,557,13,6,565,11,1100,524,303,262
17,DOLJ,311,0,Scoala cu clasele I-IV Radomir,DIOSTI,72052,C,3,904,893,11,544,533,11,0,543,1,1000,456,420,123
17,DOLJ,312,0,Scoala Generala Ciocanesti,DIOSTI,72052,C,3,663,646,17,400,382,17,1,395,5,800,400,287,108
17,DOLJ,313,0,Scoala Generala Dobresti,DOBRESTI,72098,C,3,372,365,7,187,180,7,0,183,4,500,313,113,70
17,DOLJ,314,0,Scoala Caciulatesti,DOBRESTI,72098,C,3,511,462,49,309,260,49,0,305,4,600,291,191,114
17,DOLJ,315,0,Scoala Generala Toceni,DOBRESTI,72098,C,3,559,539,20,355,335,20,0,354,1,600,245,277,77
17,DOLJ,316,0,Scoala Generala Murta,DOBRESTI,72098,C,3,815,796,19,405,386,19,0,400,5,900,495,303,97
17,DOLJ,317,0,Caminul Cultural Dobrotesti,DOBROTESTI,74883,C,3,1600,1590,10,1055,963,10,82,1038,17,1803,748,549,489
17,DOLJ,318,0,Scoala veche Dragotesti,DRAGOTESTI,72150,C,3,1217,1205,12,945,740,12,193,929,16,1302,357,700,229
17,DOLJ,319,0,Scoala Generala Popanzalesti,DRAGOTESTI,72150,C,3,624,600,24,433,309,24,100,430,3,600,167,316,114
17,DOLJ,320,0,Scoala Generala Buzduc,DRAGOTESTI,72150,C,3,146,135,11,160,97,11,52,156,4,200,40,125,31
17,DOLJ,321,0,Caminul Cultural Dranic,DRANIC,72221,C,3,965,960,5,519,459,5,55,515,4,1100,581,316,199
17,DOLJ,322,0,Magazin General Booveni,DRANIC,72221,C,3,321,316,5,192,167,5,20,189,3,400,208,143,46
17,DOLJ,323,0,Caminul Cultural Padea,DRANIC,72221,C,3,821,813,8,451,400,8,43,445,6,897,446,324,121
17,DOLJ,324,0,Scoala Generala Foisor,DRANIC,72221,C,3,329,329,0,206,206,0,0,205,1,400,194,160,45
17,DOLJ,325,0,Caminul Cultural  Farcas,FARCAS,72276,C,3,983,967,16,657,641,16,0,651,6,1100,443,395,256
17,DOLJ,326,0,Scoala Generala Golumbu,FARCAS,72276,C,3,592,567,25,452,393,25,34,444,8,700,248,311,133
17,DOLJ,327,0,Scoala Generala nr. 1 Galicea Mare,GALICEA MARE,72383,C,3,1348,1328,20,699,626,20,53,689,10,1500,801,388,301
17,DOLJ,328,0,Scoala Generala nr. 2 Galicea Mare,GALICEA MARE,72383,C,3,1088,1070,18,502,461,18,23,496,6,1182,680,269,227
17,DOLJ,329,0,Scoala Generala nr. 3 Galicea Mare,GALICEA MARE,72383,C,3,1358,1350,8,685,653,8,24,678,7,1500,815,423,255
17,DOLJ,330,0,Caminul Cultural Galiciuica,GALICIUICA,74891,C,3,1291,1283,8,815,690,8,117,810,5,1404,589,541,269
17,DOLJ,331,0,Caminul Cultural  Gangiova,GINGIOVA,72579,C,3,1316,1312,4,817,699,4,114,811,6,1500,683,545,266
17,DOLJ,332,0,Caminul Cultural Comosteni,GINGIOVA,72579,C,3,908,897,11,661,545,11,105,658,3,1000,339,512,146
17,DOLJ,333,0,Caminul Cultural Ghercesti,GHERCESTI,72409,C,3,693,673,20,540,515,20,5,516,24,800,260,340,176
17,DOLJ,334,0,Scoala Generala Garlesti,GHERCESTI,72409,C,3,372,340,32,307,275,32,0,307,0,500,193,188,119
17,DOLJ,335,0,Scoala Generala Ungureni,GHERCESTI,72409,C,3,374,356,18,352,333,18,1,346,6,500,148,289,57
17,DOLJ,336,0,Caminul Cultural Gighera,GIGHERA,72463,C,3,1078,1053,25,575,511,25,39,567,8,1200,625,385,182
17,DOLJ,337,0,Caminul Cultural Nedeia,GIGHERA,72463,C,3,973,954,19,546,463,19,64,535,11,1100,554,377,158
17,DOLJ,338,0,Scoala Generala Zaval,GIGHERA,72463,C,3,803,772,31,442,356,31,55,427,15,900,458,218,209
17,DOLJ,339,0,Scoala veche  Giubega,GIUBEGA,72506,C,3,921,913,8,481,433,8,40,477,4,1000,519,248,229
17,DOLJ,340,0,Caminul Cultural Giubega,GIUBEGA,72506,C,3,1012,994,18,529,481,18,30,522,7,1089,560,282,240
17,DOLJ,341,0,"Scoala Generala Giurgita, Str. Calea Dunarii nr. 156",GIURGITA,72533,C,3,1115,1087,28,575,515,28,32,569,6,1200,625,397,172
17,DOLJ,342,0,"Gradinita Portaresti, Str. Calea Dunarii nr. 67",GIURGITA,72533,C,3,899,883,16,479,463,16,0,476,3,1000,521,301,175
17,DOLJ,343,0,"Scoala Generala Curmatura, Str. Scolii nr. 5",GIURGITA,72533,C,3,583,567,16,341,289,16,36,336,5,700,359,254,82
17,DOLJ,344,0,Caminul Cultural Ghidici,GHIDICI,74907,C,3,1846,1832,14,1184,1072,14,98,1169,15,1978,794,764,405
17,DOLJ,345,0,Scoala Generala Ghindeni,GHINDENI,74915,C,3,1487,1422,65,1058,883,65,110,1033,25,1600,542,607,426
17,DOLJ,346,0,Caminul Cultural Gogosu,GOGOSU,72604,C,3,370,304,66,233,167,66,0,231,2,400,167,96,135
17,DOLJ,347,0,Scoala Generala Gogosita,GOGOSU,72604,C,3,263,254,9,168,155,9,4,164,4,400,232,122,42
17,DOLJ,348,0,Scoala Generala Stefanel,GOGOSU,72604,C,3,242,234,8,137,125,8,4,134,3,300,163,94,40
17,DOLJ,349,0,Scoala Generala Goicea Mica,GOICEA,72640,C,3,1050,1032,18,517,494,18,5,503,14,1200,683,285,218
17,DOLJ,350,0,Caminul Cultural Goicea,GOICEA,72640,C,3,1495,1453,42,684,637,42,5,680,4,1600,916,453,227
17,DOLJ,351,0,Caminul Cultural Goiesti,GOIESTI,72677,C,3,1103,1102,1,512,445,1,66,504,8,1200,688,289,215
17,DOLJ,352,0,Scoala Generala Mogosesti,GOIESTI,72677,C,3,416,408,8,219,207,8,4,214,5,500,281,127,87
17,DOLJ,353,0,Scoala Generala Malaiesti,GOIESTI,72677,C,3,540,521,19,295,276,19,0,291,4,600,305,189,102
17,DOLJ,354,0,Scoala Generala Tandara,GOIESTI,72677,C,3,488,454,34,251,217,34,0,249,2,600,349,146,103
17,DOLJ,355,0,Scoala Generala Barboi,GRECESTI,72819,C,3,375,364,11,257,218,11,28,255,2,500,243,193,62
17,DOLJ,356,0,Scoala Generala Grecesti,GRECESTI,72819,C,3,547,544,3,355,289,3,63,348,7,700,345,249,99
17,DOLJ,357,0,Scoala Generala Busu,GRECESTI,72819,C,3,606,597,9,379,359,9,11,373,6,700,321,253,120
17,DOLJ,358,0,"Scoala Generala Isalnita,  Str. Preot Grigore Tolescu nr. 22",ISALNITA,70094,C,3,1542,1542,0,954,954,0,0,945,9,1700,746,575,370
17,DOLJ,359,0,"Caminul Cultural Isalnita, Str. Alexandru Ioan Cuza nr. 5",ISALNITA,70094,C,3,1536,1519,17,1056,944,17,95,1047,9,1700,644,612,435
17,DOLJ,360,0,Gradinita Izvoare,IZVOARE,72882,C,3,943,918,25,487,448,25,14,479,8,1098,611,321,158
17,DOLJ,361,0,Scoala Generala Corlate,IZVOARE,72882,C,3,346,311,35,220,161,35,24,211,9,400,180,143,68
17,DOLJ,362,0,Scoala Generala Domnul Tudor,IZVOARE,72882,C,3,388,363,25,270,233,25,12,263,7,500,230,174,89
17,DOLJ,363,0,Caminul Cultural Intorsura,INTORSURA,74923,C,3,1378,1369,9,881,758,9,114,868,13,1500,619,682,186
17,DOLJ,364,0,Caminul Cultural Leu,LEU,72926,C,3,1686,1669,17,932,903,17,12,911,21,1800,868,520,391
17,DOLJ,365,0,Caminul Cultural Leu,LEU,72926,C,3,1729,1715,14,965,948,14,3,942,23,1900,935,526,416
17,DOLJ,366,0,Caminul Cultural Zanoaga,LEU,72926,C,3,1091,1067,24,641,583,24,34,634,7,1200,559,395,239
17,DOLJ,367,0,"Scoala Generala  ""Petre Manarcescu""",LIPOVU,72953,C,3,1436,1419,17,641,623,17,1,632,9,1557,916,525,107
17,DOLJ,368,0,Sediul Primaria Lipovu,LIPOVU,72953,C,3,785,762,23,399,364,23,12,384,15,915,516,275,109
17,DOLJ,369,0,Scoala Generala Lipovul de Sus,LIPOVU,72953,C,3,182,167,15,110,94,15,1,109,1,300,190,83,26
17,DOLJ,370,0,Scoala Generala nr. 1 Maglavit,MAGLAVIT,73031,C,3,2068,2017,51,1143,1015,51,77,1123,20,2200,1057,717,406
17,DOLJ,371,0,Scoala Generala nr. 2 Maglavit,MAGLAVIT,73031,C,3,1287,1188,99,814,645,99,70,812,2,1300,486,475,337
17,DOLJ,372,0,Scoala Generala nr. 3 Hunia,MAGLAVIT,73031,C,3,1328,1292,36,765,626,36,103,758,7,1400,635,489,269
17,DOLJ,373,0,Grupul Scolar Agricol Malu Mare,MALU MARE,73068,C,3,1508,1494,14,792,771,14,7,776,16,1600,808,460,316
17,DOLJ,374,0,Scoala Primara Preajba,MALU MARE,73068,C,3,771,761,10,409,393,10,6,403,6,900,491,194,209
17,DOLJ,375,0,Sediul Primariei Macesu de Jos,MACESU DE JOS,72980,C,3,975,969,6,565,522,6,37,563,2,1112,547,328,235
17,DOLJ,376,0,Scoala Generala Sapata,MACESU DE JOS,72980,C,3,344,338,6,230,211,6,13,225,5,401,171,133,92
17,DOLJ,377,0,Clubul Sportiv Macesu de Sus,MACESU DE SUS,73013,C,3,1335,1317,18,813,795,18,0,801,12,1502,689,501,300
17,DOLJ,378,0,Scoala Generala nr. 2 Marsani,MARSANI,73317,C,3,1531,1520,11,765,715,11,39,754,11,1900,1135,483,271
17,DOLJ,379,0,Scoala Generala nr. 1 Marsani,MARSANI,73317,C,3,1274,1243,31,684,609,31,44,677,7,1400,716,398,279
17,DOLJ,380,0,Scoala Generala nr. 3 Marsani,MARSANI,73317,C,3,1407,1353,54,684,630,54,0,680,4,1500,816,437,243
17,DOLJ,381,0,Caminul Cultural Melinesti,MELINESTI,73102,C,3,928,904,24,530,480,24,26,525,5,1000,470,305,220
17,DOLJ,382,0,Gradinita Negoiesti,MELINESTI,73102,C,3,1422,1408,14,719,649,14,56,718,1,1609,890,486,232
17,DOLJ,383,0,Scoala Generala Bodaesti,MELINESTI,73102,C,3,925,910,15,407,374,15,18,398,9,1000,593,239,159
17,DOLJ,384,0,Scoala Generala Mischii,MISCHII,73246,C,3,480,467,13,337,296,13,28,330,7,601,264,142,188
17,DOLJ,385,0,Scoala Generala Mlecanesti,MISCHII,73246,C,3,351,343,8,349,331,8,10,348,1,500,151,188,160
17,DOLJ,386,0,Scoala Generala Urechesti,MISCHII,73246,C,3,380,359,21,252,231,15,6,248,4,500,248,131,117
17,DOLJ,387,0,Scoala Generala Calinesti,MISCHII,73246,C,3,152,141,11,93,70,11,12,88,5,200,107,55,33
17,DOLJ,388,0,Scoala Motatei Gara,MOTATEI,73335,C,3,760,752,8,426,390,8,28,416,10,900,474,297,119
17,DOLJ,389,0,Gradinita de copii nr. 1 Motatei - localul nou,MOTATEI,73335,C,3,2059,2041,18,1155,1107,18,30,1123,32,2200,1045,677,446
17,DOLJ,390,0,Scoala Generala nr.1. Motatei,MOTATEI,73335,C,3,1398,1385,13,696,652,13,31,690,6,1500,804,398,292
17,DOLJ,391,0,Scoala Generala nr. 2 Motatei,MOTATEI,73335,C,3,1742,1738,4,899,869,4,26,891,8,2000,1101,413,478
17,DOLJ,392,0,Scoala Generala Dobridor,MOTATEI,73335,C,3,677,663,14,408,373,14,21,404,4,800,392,308,96
17,DOLJ,393,0,Scoala Generala Murgasi,MURGASI,73371,C,3,908,900,8,570,540,8,22,565,5,1000,430,382,183
17,DOLJ,394,0,Scoala Generala Balota de Jos,MURGASI,73371,C,3,765,748,17,686,663,17,6,681,5,900,214,537,144
17,DOLJ,395,0,Scoala Generala Velesti,MURGASI,73371,C,3,501,493,8,312,267,8,37,307,5,600,288,201,106
17,DOLJ,396,0,"Scoala Generala nr. 1 Negoi, sat vechi",NEGOI,73460,C,3,959,944,15,569,511,15,43,560,9,1101,532,396,164
17,DOLJ,397,0,"Scoala Generala nr. 2 Negoi, sat nou",NEGOI,73460,C,3,854,820,34,464,390,34,40,459,5,903,439,289,170
17,DOLJ,398,0,Scoala Generala Orodel,ORODEL,73503,C,3,1040,1009,31,585,508,31,46,576,9,1100,515,440,136
17,DOLJ,399,0,Scoala Generala Cornu,ORODEL,73503,C,3,749,725,24,515,417,24,74,509,6,800,283,353,156
17,DOLJ,400,0,Scoala Generala Calugarei,ORODEL,73503,C,3,679,669,10,387,349,10,28,381,6,800,413,284,97
17,DOLJ,401,0,Caminul Cultural Ostroveni,OSTROVENI,73567,C,3,1380,1361,19,964,945,19,0,944,20,1500,536,752,192
17,DOLJ,402,0,Gradinita de copii Orasani,OSTROVENI,73567,C,3,1484,1392,92,1093,955,92,46,1073,20,1500,407,856,217
17,DOLJ,403,0,Gradinita de copii Grindeni,OSTROVENI,73567,C,3,625,571,54,520,433,54,33,516,4,700,180,383,133
17,DOLJ,404,0,Gradinita de copii Listeava,OSTROVENI,73567,C,3,1333,1289,44,1140,1040,44,56,1126,14,1400,260,840,286
17,DOLJ,405,0,Scoala Primara  Perisor (local vechi),PERISOR,73594,C,3,1246,1245,1,693,575,1,117,686,7,1400,707,303,383
17,DOLJ,406,0,Scoala Generala Maracinele,PERISOR,73594,C,3,228,217,11,198,131,11,56,193,5,300,102,105,88
17,DOLJ,407,0,Scoala Generala nr. 1 Pielesti,PIELESTI,73629,C,3,1186,1164,22,658,636,22,0,649,9,1300,642,332,317
17,DOLJ,408,0,Scoala Generala nr. 2 Pielesti,PIELESTI,73629,C,3,919,899,20,420,400,20,0,413,7,1000,580,217,196
17,DOLJ,409,0,Scoala Generala nr. 3 Campeni,PIELESTI,73629,C,3,700,685,15,401,386,15,0,392,9,800,399,253,139
17,DOLJ,410,0,Caminul Cultural Piscu Vechi,PISCU VECHI,73665,C,3,2063,2053,10,1108,1059,10,39,1095,13,2300,1192,796,299
17,DOLJ,411,0,Caminul Cultural Pisculet,PISCU VECHI,73665,C,3,277,264,13,189,169,13,7,189,0,400,211,172,17
17,DOLJ,412,0,Scoala Generala Plenita,PLENITA,73709,C,3,1988,1974,14,869,824,14,31,856,13,2200,1331,517,339
17,DOLJ,413,0,Gradinita de copii Plenita,PLENITA,73709,C,3,1467,1445,22,745,660,22,63,727,18,1600,855,362,365
17,DOLJ,414,0,Scoala Generala Castrele Traiane,PLENITA,73709,C,3,785,743,42,373,307,42,24,372,1,800,427,254,118
17,DOLJ,415,0,Scoala Generala Plesoi,PLESOI,74931,C,3,1156,1148,8,810,796,8,6,804,6,1300,490,454,350
17,DOLJ,416,0,"Scoala Generala Braniste, Str. Calafatului nr. 87",PODARI,70110,C,3,890,871,19,488,469,19,0,486,2,1000,512,236,250
17,DOLJ,417,0,"Sediul Primariei Podari, Str. Dunarii nr. 67",PODARI,70110,C,3,1226,1207,19,613,586,19,8,604,9,1300,687,254,350
17,DOLJ,418,0,"Scoala Generala Podari, Str. Scolii nr. 1",PODARI,70110,C,3,1860,1842,18,820,802,18,0,804,14,2000,1180,387,417
17,DOLJ,419,0,"Scoala Generala Livezi, Str. Segarcea nr. 75",PODARI,70110,C,3,680,668,12,352,340,12,0,345,7,800,448,192,153
17,DOLJ,420,0,"Scoala Generala Gura Vaii, Str. Progresului nr. 96",PODARI,70110,C,3,353,312,41,269,210,41,18,268,1,400,131,176,92
17,DOLJ,421,0,"Scoala Primara ""Sarbi""",POIANA MARE,73736,C,3,2145,2116,29,1145,1114,29,2,1133,12,2300,1155,703,430
17,DOLJ,422,0,"Scoala Generala  ""Dragu""",POIANA MARE,73736,C,3,1299,1271,28,687,640,28,19,682,5,1400,713,361,321
17,DOLJ,423,0,Scoala Generala nr. 3 (centru),POIANA MARE,73736,C,3,1593,1533,60,796,736,60,0,789,7,1700,904,501,288
17,DOLJ,424,0,Clubul Elevilor,POIANA MARE,73736,C,3,1459,1395,64,816,752,64,0,812,4,1500,684,436,376
17,DOLJ,425,0,Scoala Generala Traistaru (sosea),POIANA MARE,73736,C,3,1777,1742,35,1015,962,35,18,1004,11,1900,885,586,418
17,DOLJ,426,0,Scoala Generala Tunarii Vechi,POIANA MARE,73736,C,3,1241,1204,37,708,669,37,2,697,11,1300,592,437,260
17,DOLJ,427,0,Scoala Generala Tunarii Noi,POIANA MARE,73736,C,3,490,468,22,337,298,22,17,333,4,600,263,237,96
17,DOLJ,428,0,Scoala Generala Predesti,PREDESTI,73772,C,3,1622,1615,7,808,789,7,12,795,13,1800,992,404,391
17,DOLJ,429,0,Caminul Cultural Radovan,RADOVAN,73852,C,3,743,734,9,495,409,9,77,479,16,800,305,291,188
17,DOLJ,430,0,Caminul Cultural Tarnava,RADOVAN,73852,C,3,155,151,4,175,75,4,96,172,3,205,30,113,59
17,DOLJ,431,0,Caminul Cultural Fantanele,RADOVAN,73852,C,3,113,104,9,104,65,9,30,104,0,200,96,45,59
17,DOLJ,432,0,Scoala Generala nr. 2 (sala de sport),RAST,73905,C,3,1430,1418,12,682,670,12,0,679,3,1600,918,314,365
17,DOLJ,433,0,Scoala Generala nr. 3 (sala de mecanizare),RAST,73905,C,3,1491,1473,18,760,723,18,19,743,7,1600,850,405,338
17,DOLJ,434,0,"Caminul Cultural Robanestii de Jos,  Str. Traian Vuia nr. 50",ROBANESTI,73923,C,3,991,986,5,472,467,5,0,466,6,1100,628,304,162
17,DOLJ,435,0,"Scoala Generala Golfin, Str. Romanati nr. 74",ROBANESTI,73923,C,3,642,629,13,342,329,13,0,337,5,700,358,257,80
17,DOLJ,436,0,"Scoala Generala Lacrita Mare, Str. Drumul Craiovei nr. 66",ROBANESTI,73923,C,3,544,528,16,318,302,16,0,313,5,600,282,208,105
17,DOLJ,437,0,Gradinita  Rojiste,ROJISTE,74949,C,3,1316,1284,32,850,784,32,34,843,7,1400,550,610,233
17,DOLJ,438,0,Scoala Generala Tamburesti,ROJISTE,74949,C,3,519,499,20,369,309,20,40,368,1,600,231,304,64
17,DOLJ,439,0,Scoala Generala Raieti,SADOVA,73996,C,3,1489,1434,55,809,732,55,22,773,36,1600,791,718,55
17,DOLJ,440,0,Scoala Generala Sadova,SADOVA,73996,C,3,1177,1138,39,650,586,39,25,645,5,1300,650,433,212
17,DOLJ,441,0,Caminul Cultural Sadova,SADOVA,73996,C,3,1331,1273,58,801,726,58,17,779,22,1400,599,565,214
17,DOLJ,442,0,Scoala Generala Damian,SADOVA,73996,C,3,1396,1362,34,815,722,34,59,794,21,1500,685,498,296
17,DOLJ,443,0,Scoala Generala Piscu Sadovei,SADOVA,73996,C,3,1058,999,59,710,580,59,71,705,5,1100,390,473,232
17,DOLJ,444,0,Caminul Cultural Salcuta,SALCUTA,74028,C,3,1079,1071,8,564,472,8,84,556,8,1200,636,328,228
17,DOLJ,445,0,Scoala Generala Tencanau,SALCUTA,74028,C,3,769,753,16,453,387,16,50,440,13,900,447,347,93
17,DOLJ,446,0,Caminul Cultural Scaesti,SCAESTI,74073,C,3,976,969,7,646,596,7,43,641,5,1105,459,387,254
17,DOLJ,447,0,Scoala Generala Valea lui Patru,SCAESTI,74073,C,3,754,749,5,452,421,5,26,448,3,767,316,286,162
17,DOLJ,448,0,Scoala Generala Seaca de Camp,SEACA DE CAMP,74108,C,3,944,932,12,797,721,12,64,797,0,1100,303,500,297
17,DOLJ,449,0,Scoala Generala Piscu Nou,SEACA DE CAMP,74108,C,3,935,915,20,602,580,20,2,600,2,1000,398,409,191
17,DOLJ,450,0,Scoala Generala Seaca de Padure,SEACA DE PADURE,74135,C,3,462,456,6,274,237,6,31,273,1,500,226,177,96
17,DOLJ,451,0,Scoala Generala Veleni,SEACA DE PADURE,74135,C,3,480,477,3,326,279,3,44,323,3,600,274,218,105
17,DOLJ,452,0,Scoala Generala Rachita de Sus,SEACA DE PADURE,74135,C,3,174,173,1,134,107,1,26,134,0,300,166,95,39
17,DOLJ,453,0,Scoala Generala Secu,SECU,74171,C,3,861,779,82,607,525,82,0,600,7,900,293,358,242
17,DOLJ,454,0,Scoala Generala Smadovicioara,SECU,74171,C,3,253,211,42,210,168,42,0,210,0,300,90,167,43
17,DOLJ,455,0,Gradinita de copii Silistea Crucii,SILISTEA CRUCII,74224,C,3,1472,1461,11,808,739,11,58,793,15,1600,792,422,371
17,DOLJ,456,0,Caminul Cultural Sopot,SOPOT,74242,C,3,524,481,43,436,393,43,0,433,3,600,164,352,81
17,DOLJ,457,0,Scoala Generala Cernat,SOPOT,74242,C,3,107,102,5,112,92,5,15,107,5,201,89,73,34
17,DOLJ,458,0,Scoala Coordonatoare Belot,SOPOT,74242,C,3,470,459,11,347,336,11,0,343,4,500,153,232,111
17,DOLJ,459,0,Scoala Generala Pietroaia,SOPOT,74242,C,3,326,315,11,256,244,11,1,247,9,400,144,105,142
17,DOLJ,460,0,Scoala Generala Bascov,SOPOT,74242,C,3,321,313,8,291,283,8,0,287,4,400,109,219,68
17,DOLJ,461,0,Caminul Cultural Albesti,SIMNICU DE SUS,70174,C,3,511,505,6,332,277,6,49,326,6,600,268,160,166
17,DOLJ,462,0,Caminul Cultural Dudovicesti,SIMNICU DE SUS,70174,C,3,964,960,4,491,444,4,43,483,8,1100,607,252,231
17,DOLJ,463,0,Scoala Generala Lesile,SIMNICU DE SUS,70174,C,3,1167,1151,16,649,602,16,31,640,9,1300,651,376,264
17,DOLJ,464,0,Scoala Generala Milesti,SIMNICU DE SUS,70174,C,3,691,679,12,367,337,12,18,355,12,800,433,214,141
17,DOLJ,465,0,Caminul Cultural Talpas,TALPAS,74956,C,3,978,948,30,553,508,30,15,549,4,1100,547,329,220
17,DOLJ,466,0,Caminul Cultural Teasc,TEASC,74322,C,3,1467,1452,15,840,791,15,34,825,15,1600,760,506,319
17,DOLJ,467,0,Caminul Cultural Secui,TEASC,74322,C,3,1115,1101,14,583,569,14,0,572,11,1200,617,322,250
17,DOLJ,468,0,Scoala Generala Terpezita,TERPEZITA,74359,C,3,839,834,5,488,467,5,16,480,8,1008,520,314,166
17,DOLJ,469,0,Scoala Generala Caciulatu,TERPEZITA,74359,C,3,352,342,10,210,200,10,0,203,7,400,190,134,69
17,DOLJ,470,0,Scoala Generala Lazu,TERPEZITA,74359,C,3,292,281,11,167,156,11,0,165,2,400,233,113,52
17,DOLJ,471,0,Caminul Cultural Teslui,TESLUI,74411,C,3,1043,1028,15,592,570,15,7,580,12,1200,608,397,183
17,DOLJ,472,0,Scoala Generala Preajba de Padure,TESLUI,74411,C,3,841,789,52,636,584,52,0,626,10,900,264,494,132
17,DOLJ,473,0,Scoala Generala Tartal,TESLUI,74411,C,3,351,336,15,278,246,15,17,277,1,400,122,189,88
17,DOLJ,474,0,Scoala Generala Tuglui,TUGLUI,74509,C,3,2105,2097,8,1234,1180,8,46,1229,5,2313,1079,698,531
17,DOLJ,475,0,Scoala Generala Jiul,TUGLUI,74509,C,3,218,203,15,179,147,15,17,178,1,300,121,137,41
17,DOLJ,476,0,Scoala Generala nr. 1 Unirea (scoala din vale),UNIREA,74536,C,3,1707,1680,27,894,867,27,0,881,13,1900,1006,471,410
17,DOLJ,477,0,Scoala Generala nr. 2 Unirea (scoala noua),UNIREA,74536,C,3,1455,1438,17,837,816,17,4,829,8,1600,763,424,405
17,DOLJ,478,0,"Scoala ""Barbu Ionescu"" Urzicuta",URZICUTA,74554,C,3,1902,1893,9,1133,1002,9,122,1116,17,2100,967,772,344
17,DOLJ,479,0,Scoala Generala Urzica Mare,URZICUTA,74554,C,3,489,483,6,379,331,6,42,376,3,593,214,255,121
17,DOLJ,480,0,Gradinita Tuguresti,VALEA STANCIULUI,74581,C,3,779,767,12,427,403,12,12,416,11,900,473,251,165
17,DOLJ,481,0,Caminul Cultural Barza,VALEA STANCIULUI,74581,C,3,732,707,25,476,418,25,33,465,11,800,324,302,163
17,DOLJ,482,0,Scoala Generala Valea Stanciului,VALEA STANCIULUI,74581,C,3,1368,1342,26,854,776,26,52,843,11,1500,646,529,314
17,DOLJ,483,0,Scoala Generala Horezu Poenari,VALEA STANCIULUI,74581,C,3,1450,1424,26,844,786,26,32,837,7,1600,756,569,268
17,DOLJ,484,0,Scoala Generala Grecesti,VALEA STANCIULUI,74581,C,3,706,664,42,493,416,42,35,488,5,800,307,355,133
17,DOLJ,485,0,Scoala Generala Vartop,VARTOP,74732,C,3,1423,1410,13,799,726,13,60,786,13,1600,801,557,229
17,DOLJ,486,0,Scoala Generala Varvor,VARVORU DE JOS,74750,C,3,640,630,10,432,346,10,76,425,7,702,270,273,152
17,DOLJ,487,0,Scoala Generala Varvorul de Jos,VARVORU DE JOS,74750,C,3,979,962,17,485,394,17,74,480,5,1100,615,267,213
17,DOLJ,488,0,Scoala Generala Ciutura,VARVORU DE JOS,74750,C,3,788,775,13,645,560,13,72,628,17,900,255,514,114
17,DOLJ,489,0,Scoala Generala Vela,VELA,74616,C,3,418,403,15,273,207,15,51,271,2,500,227,176,95
17,DOLJ,490,0,Scoala Generala Bucovicior,VELA,74616,C,3,403,390,13,283,229,13,41,277,6,500,217,208,69
17,DOLJ,491,0,Scoala Generala Gubaucea,VELA,74616,C,3,588,536,52,319,256,52,11,317,2,600,281,199,118
17,DOLJ,492,0,Scoala Generala Suharu,VELA,74616,C,3,229,213,16,192,151,16,25,184,8,300,108,135,49
17,DOLJ,493,0,Scoala Generala Stiubei,VELA,74616,C,3,139,126,13,113,77,13,23,113,0,200,87,86,27
17,DOLJ,494,0,Scoala Generala Verbita,VERBITA,74705,C,3,1231,1227,4,660,587,4,69,660,0,1400,740,463,197
18,GALATI,1,0,"Str.Vadul Sacalelor nr.2,Scoala Generala ""Ion Creanga""(Scoala Generala Nr.26)",MUNICIPIUL GALATI,75098,M,1,1439,1422,17,990,969,17,4,982,8,1600,610,402,580
18,GALATI,2,0,"Str.Vadul Sacalelor nr.2,Scoala Generala ""Ion Creanga""(Scoala Generala Nr.26)",MUNICIPIUL GALATI,75098,M,1,1388,1364,24,963,935,24,4,957,6,1500,537,410,547
18,GALATI,3,0,"Str.Rosiori nr.31,Scoala Generala ""Mihai Eminescu""(Scoala Generala Nr.28)",MUNICIPIUL GALATI,75098,M,1,1377,1359,18,948,928,18,2,943,5,1500,552,322,621
18,GALATI,4,0,"Str.Rosiori nr.31,Scoala Generala ""Mihai Eminescu""(Scoala Generala Nr.28)",MUNICIPIUL GALATI,75098,M,1,1285,1262,23,842,819,23,0,830,12,1400,558,328,502
18,GALATI,5,0,"Str.Rosiori nr.31,Scoala Generala ""Mihai Eminescu""(Scoala Generala Nr.28)",MUNICIPIUL GALATI,75098,M,1,1477,1450,27,998,969,27,2,994,4,1600,602,387,607
18,GALATI,6,0,"Str.Rosiori nr.31,Scoala Generala ""Mihai Eminescu""(Scoala Generala Nr.28)",MUNICIPIUL GALATI,75098,M,1,1357,1335,22,916,892,22,2,910,6,1500,584,370,540
18,GALATI,7,0,"Str.C-tin Brancoveanu nr.2,S.C. ""APATERM""",MUNICIPIUL GALATI,75098,M,1,1983,1967,16,1335,1318,16,1,1328,7,2100,765,422,906
18,GALATI,8,0,"Str.C-tin Brancoveanu nr.2,S.C. ""APATERM""",MUNICIPIUL GALATI,75098,M,1,2072,2062,10,1382,1372,10,0,1375,7,2300,918,460,915
18,GALATI,9,0,"Str.C-tin Brancoveanu nr.2,S.C. ""APATERM""",MUNICIPIUL GALATI,75098,M,1,2058,2031,27,1295,1267,27,1,1288,7,2200,905,432,856
18,GALATI,10,0,"Str.Regiment 11 Siret,Scoala Generala Nr.2",MUNICIPIUL GALATI,75098,M,1,1671,1648,23,996,968,23,5,993,3,1800,804,289,704
18,GALATI,11,0,"Str.Regiment 11 Siret,Liceul Teoretic ""Emil Racovita""(Scoala Generala Nr.6)",MUNICIPIUL GALATI,75098,M,1,1386,1347,39,872,832,39,1,865,7,1500,628,364,501
18,GALATI,12,0,"Str.Regiment 11 Siret,Scoala Generala Nr.2",MUNICIPIUL GALATI,75098,M,1,1825,1793,32,1168,1135,32,1,1152,16,2000,832,445,707
18,GALATI,13,0,"Tiglina I,Liceul Teoretic ""Mihail Kogalniceanu""",MUNICIPIUL GALATI,75098,M,1,1345,1318,27,636,609,27,0,632,4,1400,764,237,395
18,GALATI,14,0,"Tiglina I,Liceul Teoretic ""Mihail Kogalniceanu""",MUNICIPIUL GALATI,75098,M,1,1268,1250,18,772,749,18,5,769,3,1400,628,264,505
18,GALATI,15,0,"Str.Regiment 11 Siret,Liceul Teoretic ""Emil Racovita""(Scoala Generala Nr.6)",MUNICIPIUL GALATI,75098,M,1,1397,1376,21,810,789,21,0,803,7,1500,690,378,425
18,GALATI,16,0,"Str.Regiment 11 Siret,Liceul Teoretic ""Emil Racovita""(Scoala Generala Nr.6)",MUNICIPIUL GALATI,75098,M,1,1257,1241,16,707,691,16,0,704,3,1400,685,287,417
18,GALATI,17,0,"Str.Saturn - Tiglina I,Scoala Generala ""Spiru Haret""(Scoala Generala Nr.8)",MUNICIPIUL GALATI,75098,M,1,1557,1543,14,990,976,14,0,985,5,1700,710,323,662
18,GALATI,18,0,"Str.Saturn - Tiglina I,Scoala Generala ""Spiru Haret""(Scoala Generala Nr.8)",MUNICIPIUL GALATI,75098,M,1,1749,1720,29,1043,1012,29,2,1040,3,1900,857,392,648
18,GALATI,19,0,"Str.Saturn - Tiglina I,Scoala Generala ""Spiru Haret""(Scoala Generala Nr.8)",MUNICIPIUL GALATI,75098,M,1,1651,1634,17,1012,992,17,3,1003,9,1800,788,377,626
18,GALATI,20,0,"Str.Saturn - Tiglina I,Scoala Generala ""Spiru Haret""(Scoala Generala Nr.8)",MUNICIPIUL GALATI,75098,M,1,1572,1547,25,901,875,25,1,892,9,1700,799,356,536
18,GALATI,21,0,"Str. Stadionului,Micro 21,Liceul cu Program de Educatie Fizica(Liceul ind.nr.12)",MUNICIPIUL GALATI,75098,M,1,2054,1929,125,1146,1021,125,0,1133,13,2200,1054,528,605
18,GALATI,22,0,"Scoala Generala ""Nichita Stanescu""(Scoala Generala Nr.17)",MUNICIPIUL GALATI,75098,M,1,2038,2008,30,968,938,30,0,963,5,2300,1332,463,500
18,GALATI,23,0,"Scoala Generala ""Nichita Stanescu""(Scoala Generala Nr.17)",MUNICIPIUL GALATI,75098,M,1,1669,1645,24,915,889,24,2,909,6,1800,885,403,506
18,GALATI,24,0,"Grup Scolar Economic Administrativ ""Virgil Madgearu""",MUNICIPIUL GALATI,75098,M,1,2107,2083,24,1210,1186,24,0,1196,14,2300,1090,540,656
18,GALATI,25,0,"Scoala Generala ""Sfanta Ana""(Scoala Generala Nr.29)",MUNICIPIUL GALATI,75098,M,1,2214,2188,26,1268,1241,26,1,1253,15,2392,1124,566,687
18,GALATI,26,0,"Scoala Generala ""Sfanta Ana""(Scoala Generala Nr.29)",MUNICIPIUL GALATI,75098,M,1,1663,1638,25,976,951,25,0,967,9,1800,824,410,557
18,GALATI,27,0,"Scoala Generala ""Dimitrie Cantemir""(Scoala Generala Nr.22)",MUNICIPIUL GALATI,75098,M,1,1948,1926,22,1060,1038,22,0,1050,10,2100,1040,465,585
18,GALATI,28,0,"Scoala Generala ""Dimitrie Cantemir""(Scoala Generala Nr.22)",MUNICIPIUL GALATI,75098,M,1,1795,1776,19,1025,1006,19,0,1018,7,2000,975,420,598
18,GALATI,29,0,"Scoala Generala ""Dimitrie Cantemir""(Scoala Generala Nr.22)",MUNICIPIUL GALATI,75098,M,1,1824,1804,20,1058,1038,20,0,1046,12,2000,942,457,589
18,GALATI,30,0,"Scoala Generala ""Sfanta Ana""(Scoala Generala Nr.29)",MUNICIPIUL GALATI,75098,M,1,1553,1533,20,800,780,20,0,790,10,1700,900,351,439
18,GALATI,31,0,"Str.Brailei Nr.208,Gradinita ""Prichindel""(Gradinita Nr.62)",MUNICIPIUL GALATI,75098,M,1,1795,1761,34,1035,1001,34,0,1032,3,1900,865,468,564
18,GALATI,32,0,"Str.Brailei Nr.208,Gradinita ""Prichindel""(Gradinita Nr.62)",MUNICIPIUL GALATI,75098,M,1,1824,1799,25,1003,978,25,0,994,9,2000,997,451,543
18,GALATI,33,0,"Str.Brailei Nr.208,Gradinita ""Prichindel""(Gradinita Nr.62)",MUNICIPIUL GALATI,75098,M,1,1859,1817,42,1073,1031,42,0,1063,10,2000,927,432,631
18,GALATI,34,0,Gara CFR Barbosi,MUNICIPIUL GALATI,75098,M,1,395,378,17,371,201,17,153,364,7,500,129,165,199
18,GALATI,35,0,"Micro 20,Scoala Generala ""Dan Barbilian""(Scoala Generala Nr.43)",MUNICIPIUL GALATI,75098,M,1,2295,2245,50,1239,1189,50,0,1233,6,2500,1261,551,682
18,GALATI,36,0,"Micro 20,Scoala Generala ""Dan Barbilian""(Scoala Generala Nr.43)",MUNICIPIUL GALATI,75098,M,1,2223,2195,28,1265,1237,28,0,1260,5,2400,1135,540,720
18,GALATI,37,0,"Micro 20,Scoala Generala ""Dan Barbilian""(Scoala Generala Nr.43)",MUNICIPIUL GALATI,75098,M,1,2072,2037,35,1164,1129,35,0,1155,9,2300,1136,477,678
18,GALATI,38,0,"Micro 20,Scoala Generala ""Dan Barbilian""(Scoala Generala Nr.43)",MUNICIPIUL GALATI,75098,M,1,2248,2228,20,1212,1192,20,0,1206,6,2500,1288,509,697
18,GALATI,39,0,"Micro 20,Scoala Generala ""Dan Barbilian""(Scoala Generala Nr.43)",MUNICIPIUL GALATI,75098,M,1,2037,2022,15,1098,1078,15,5,1094,4,2300,1202,454,640
18,GALATI,40,0,"Micro 21,Scoala Generala Nr.3",MUNICIPIUL GALATI,75098,M,1,2163,2142,21,1188,1165,21,2,1174,14,2400,1212,467,707
18,GALATI,41,0,"Micro 21,Scoala Generala Nr.3",MUNICIPIUL GALATI,75098,M,1,2149,2125,24,1220,1196,24,0,1210,10,2404,1184,497,713
18,GALATI,42,0,"Micro 21,Scoala Generala Nr.3",MUNICIPIUL GALATI,75098,M,1,2006,1984,22,1128,1105,22,1,1118,7,2200,1075,482,636
18,GALATI,43,0,"Micro 21,Scoala Generala Nr.3",MUNICIPIUL GALATI,75098,M,1,2022,2003,19,1112,1093,19,0,1109,3,2200,1088,367,742
18,GALATI,44,0,"Str. Stadionului,Micro 21,Liceul cu Program de Educatie Fizica(Liceul ind.nr.12)",MUNICIPIUL GALATI,75098,M,1,2196,2082,114,1262,1146,114,2,1254,8,2300,1038,588,666
18,GALATI,45,0,"Str. Stadionului,Micro 21,Liceul cu Program de Educatie Fizica(Liceul ind.nr.12)",MUNICIPIUL GALATI,75098,M,1,2101,2078,23,1204,1179,23,2,1193,11,2300,1096,505,688
18,GALATI,46,0,"Micro 18,Scoala Generala ""Iulia Hasdeu""(Scoala Generala Nr.40)",MUNICIPIUL GALATI,75098,M,1,1729,1714,15,951,936,15,0,945,6,1900,949,350,595
18,GALATI,47,0,"Micro 18,Scoala Generala ""Iulia Hasdeu""(Scoala Generala Nr.40)",MUNICIPIUL GALATI,75098,M,1,1616,1596,20,903,883,20,0,899,4,1707,804,396,503
18,GALATI,48,0,"Micro 18,Scoala Generala ""Iulia Hasdeu""(Scoala Generala Nr.40)",MUNICIPIUL GALATI,75098,M,1,2044,2024,20,1095,1074,20,1,1090,5,2199,1104,457,633
18,GALATI,49,0,"Micro 18,Scoala Generala ""Iulia Hasdeu""(Scoala Generala Nr.40)",MUNICIPIUL GALATI,75098,M,1,2038,2013,25,1152,1123,25,4,1140,12,2200,1048,461,679
18,GALATI,50,0,"Micro 18,Scoala Generala ""Iulia Hasdeu""(Scoala Generala Nr.40)",MUNICIPIUL GALATI,75098,M,1,2007,1984,23,1100,1077,23,0,1094,6,2200,1100,441,653
18,GALATI,51,0,"Str.Barbosi Nr.38,Scoala Generala ""Calistrat Hogas""(Scoala Generala Nr.9)",MUNICIPIUL GALATI,75098,M,1,2260,2235,25,1241,1214,25,2,1237,4,2300,1059,523,714
18,GALATI,52,0,"Str.Barbosi Nr.38,Scoala Generala ""Calistrat Hogas""(Scoala Generala Nr.9)",MUNICIPIUL GALATI,75098,M,1,2038,2009,29,1168,1135,29,4,1159,9,2200,1032,547,612
18,GALATI,53,0,"Str.Brailei,Scoala Generala ""Nicolae Mantu""(Nr.1)",MUNICIPIUL GALATI,75098,M,1,1477,1434,43,833,790,43,0,830,3,1600,767,291,539
18,GALATI,54,0,"Str.Brailei,Scoala Generala ""Nicolae Mantu""(Nr.1)",MUNICIPIUL GALATI,75098,M,1,1416,1399,17,862,845,17,0,853,9,1500,638,302,551
18,GALATI,55,0,"Str.Gorunului Nr.6,Scoala Generala ""Cuza Voda"" (Nr.5)",MUNICIPIUL GALATI,75098,M,1,2261,2235,26,1175,1148,26,1,1164,11,2492,1317,448,716
18,GALATI,56,0,"Micro 17,Liceul Teoretic ""Dunarea""",MUNICIPIUL GALATI,75098,M,1,2120,2100,20,1173,1152,20,1,1166,7,2300,1127,464,702
18,GALATI,57,0,"Micro 17,Liceul Teoretic ""Dunarea""",MUNICIPIUL GALATI,75098,M,1,2176,2145,31,1245,1214,31,0,1235,10,2300,1053,491,744
18,GALATI,58,0,"Str.Gorunului Nr.6,Scoala Generala ""Cuza Voda""(Scoala Generala Nr.5)",MUNICIPIUL GALATI,75098,M,1,2185,2140,45,1286,1241,45,0,1276,10,2300,1014,492,784
18,GALATI,59,0,"Str.Gorunului Nr.6,Scoala Generala ""Cuza Voda""(Scoala Generala Nr.5)",MUNICIPIUL GALATI,75098,M,1,2055,2017,38,1162,1124,38,0,1157,5,2200,1038,440,717
18,GALATI,60,0,"Str.Mihail Sadoveanu,nr.16,Scoala Generala ""Mihail Sadoveanu""(Sc.Generala Nr.11)",MUNICIPIUL GALATI,75098,M,1,1993,1966,27,1214,1187,27,0,1203,11,2101,887,528,675
18,GALATI,61,0,"Str.Mihail Sadoveanu,nr.16,Scoala Generala ""Mihail Sadoveanu""(Sc.Generala Nr.11)",MUNICIPIUL GALATI,75098,M,1,1947,1928,19,1154,1133,19,2,1152,2,2103,949,468,684
18,GALATI,62,0,"Str.Mihail Sadoveanu,nr.16,Scoala Generala ""Mihail Sadoveanu""(Sc.Generala Nr.11)",MUNICIPIUL GALATI,75098,M,1,1738,1716,22,1161,1134,22,5,1156,5,2100,939,513,643
18,GALATI,63,0,"Str.Mihail Sadoveanu,nr.16,Scoala Generala ""Mihail Sadoveanu""(Sc.Generala Nr.11)",MUNICIPIUL GALATI,75098,M,1,1955,1926,29,1076,1047,29,0,1072,4,2100,1024,474,598
18,GALATI,64,0,"Str.Mihail Sadoveanu,nr.16,Scoala Generala ""Mihail Sadoveanu""(Sc.Generala Nr.11)",MUNICIPIUL GALATI,75098,M,1,1785,1768,17,1050,1033,17,0,1045,5,1899,849,402,643
18,GALATI,65,0,"Str.Lebedei,Scoala Generala ""Petre Tutea""(Scoala Generala Nr.10)",MUNICIPIUL GALATI,75098,M,1,1799,1779,20,1066,1045,20,1,1058,8,1897,831,413,645
18,GALATI,66,0,"Str.Lebedei,Scoala Generala ""Petre Tutea""(Scoala Generala Nr.10)",MUNICIPIUL GALATI,75098,M,1,2144,2124,20,1165,1144,20,1,1154,11,2300,1135,492,662
18,GALATI,67,0,"Str.Lebedei,Scoala Generala ""Petre Tutea""(Scoala Generala Nr.10)",MUNICIPIUL GALATI,75098,M,1,1947,1929,18,1109,1091,18,0,1100,9,2100,991,502,598
18,GALATI,68,0,"Str.Lebedei,Scoala Generala ""Petre Tutea""(Scoala Generala Nr.10)",MUNICIPIUL GALATI,75098,M,1,1850,1799,51,1067,1016,51,0,1063,4,2000,933,429,634
18,GALATI,69,0,"Str.Lebedei,Grupul Scolar Industrial de Transporturi Auto(Grup Scolar ITA)",MUNICIPIUL GALATI,75098,M,1,2173,2151,22,1248,1186,22,40,1239,9,2392,1144,510,729
18,GALATI,70,0,"Str.Lebedei,Grupul Scolar Industrial de Transporturi Auto(Grup Scolar ITA)",MUNICIPIUL GALATI,75098,M,1,2105,2083,22,1231,1209,22,0,1220,11,2300,1069,424,796
18,GALATI,71,0,"Str.Siderurgistilor,Scoala Generala ""Sfintii Imparati""(Scoala Generala Nr.42)",MUNICIPIUL GALATI,75098,M,1,1903,1876,27,1107,1080,27,0,1099,8,2000,893,404,695
18,GALATI,72,0,"Str.Siderurgistilor,Scoala Generala ""Sfintii Imparati""(Scoala Generala Nr.42)",MUNICIPIUL GALATI,75098,M,1,2534,2499,35,1497,1461,35,1,1489,8,2700,1203,558,931
18,GALATI,73,0,"Str.1 Decembrie 1918,Scoala Generala""Sf.Grigore Teologul""(Scoala Generala Nr.41)",MUNICIPIUL GALATI,75098,M,1,1849,1825,24,1005,980,24,1,997,8,2000,995,440,557
18,GALATI,74,0,"Calea Smardan Nr.13,Grupul Scolar Industrial ""Anghel Saligny""(Lic. Ind.nr.9)",MUNICIPIUL GALATI,75098,M,1,1895,1862,33,1029,996,33,0,1022,7,2000,971,419,603
18,GALATI,75,0,"Str.1 Decembrie 1918,Scoala Generala""Sf.Grigore Teologul""(Scoala Generala Nr.41)",MUNICIPIUL GALATI,75098,M,1,1350,1335,15,765,750,15,0,760,5,1500,735,288,472
18,GALATI,76,0,"Str.1 Decembrie 1918,Scoala Generala""Sf.Grigore Teologul""(Scoala Generala Nr.41)",MUNICIPIUL GALATI,75098,M,1,2037,2012,25,1112,1087,25,0,1107,5,2300,1188,459,648
18,GALATI,77,0,"Calea Smardan Nr.13,Grupul Scolar Industrial ""Anghel Saligny""(Lic. Ind.nr.9)",MUNICIPIUL GALATI,75098,M,1,1991,1761,230,1254,1022,230,2,1247,7,2000,746,551,696
18,GALATI,78,0,"Str.1 Decembrie 1918,Scoala Generala""Sf.Grigore Teologul""(Scoala Generala Nr.41)",MUNICIPIUL GALATI,75098,M,1,1957,1931,26,1060,1034,26,0,1050,10,2100,1040,396,654
18,GALATI,79,0,"Str.Magistrala CSG, nr.4, Depoul de tramvaie TRANSURB",MUNICIPIUL GALATI,75098,M,1,1385,1373,12,756,744,12,0,747,9,1500,744,305,442
18,GALATI,80,0,"Micro 13B,Scoala Generala ""Grigore Moisil""(Scoala Generala Nr.38)",MUNICIPIUL GALATI,75098,M,1,1908,1846,62,1088,1026,62,0,1083,5,2001,913,448,635
18,GALATI,81,0,"Micro 13B,Scoala Generala ""Grigore Moisil""(Scoala Generala Nr.38)",MUNICIPIUL GALATI,75098,M,1,2070,2011,59,1153,1092,59,2,1145,8,2200,1047,518,627
18,GALATI,82,0,"Micro 13B,Scoala Generala ""Grigore Moisil""(Scoala Generala Nr.38)",MUNICIPIUL GALATI,75098,M,1,1527,1492,35,1239,1204,35,0,1236,3,2300,1061,494,742
18,GALATI,83,0,"Micro 38,Scoala Generala ""Ghe.Munteanu""(Scoala Generala Nr.31)",MUNICIPIUL GALATI,75098,M,1,1641,1624,17,915,898,17,0,912,3,1800,885,382,530
18,GALATI,84,0,"Micro 38,Scoala Generala ""Ghe.Munteanu""(Scoala Generala Nr.31)",MUNICIPIUL GALATI,75098,M,1,1927,1907,20,1053,1033,20,0,1047,6,2100,1047,512,535
18,GALATI,85,0,"Micro 38,Scoala Generala ""Ghe.Munteanu""(Scoala Generala Nr.31)",MUNICIPIUL GALATI,75098,M,1,1523,1504,19,838,819,19,0,835,3,1600,762,371,464
18,GALATI,86,0,Scoala Primara Filesti(Scoala Generala Nr.36 Filesti),MUNICIPIUL GALATI,75098,M,1,364,345,19,205,186,19,0,199,6,400,195,95,104
18,GALATI,87,0,"Str.Milcov nr.27,Grupul Scolar Industrial Energetic(Liceul Industrial Nr.4)",MUNICIPIUL GALATI,75098,M,1,1999,1980,19,1027,1007,19,1,1022,5,2100,1073,452,570
18,GALATI,88,0,"Str.Milcov nr.27,Grupul Scolar Industrial Energetic(Liceul Industrial Nr.4)",MUNICIPIUL GALATI,75098,M,1,2112,2099,13,1027,1013,13,1,1018,9,2400,1373,447,571
18,GALATI,89,0,"Str.Milcov nr.27,Grupul Scolar Industrial Energetic(Liceul Industrial Nr.4)",MUNICIPIUL GALATI,75098,M,1,1962,1940,22,1100,1078,22,0,1098,2,2100,1000,481,617
18,GALATI,90,0,"Micro 39A,Scoala Generala ""Sf.Dumitru""(Scoala Generala Nr.33)",MUNICIPIUL GALATI,75098,M,1,1935,1918,17,1032,1014,17,1,1025,7,2100,1068,429,596
18,GALATI,91,0,"Micro 39A,Scoala Generala ""Sf.Dumitru""(Scoala Generala Nr.33)",MUNICIPIUL GALATI,75098,M,1,2079,2054,25,1183,1158,25,0,1171,12,2199,1016,529,642
18,GALATI,92,0,"Micro 39A,Scoala Generala ""Sf.Dumitru""(Scoala Generala Nr.33)",MUNICIPIUL GALATI,75098,M,1,1258,1133,125,1084,959,125,0,1076,8,2000,916,496,580
18,GALATI,93,0,"Micro 39B,Scoala Generala Nr.34",MUNICIPIUL GALATI,75098,M,1,1388,1234,154,853,699,154,0,846,7,1300,447,381,465
18,GALATI,94,0,"Micro 39B,Scoala Generala Nr.34",MUNICIPIUL GALATI,75098,M,1,1224,1203,21,654,633,21,0,648,6,1300,646,274,374
18,GALATI,95,0,"Micro 40,Scoala Generala Nr.18",MUNICIPIUL GALATI,75098,M,1,2096,2073,23,1183,1160,23,0,1177,6,2300,1117,493,684
18,GALATI,96,0,"Micro 40,Scoala Generala Nr.18",MUNICIPIUL GALATI,75098,M,1,1992,1963,29,1092,1063,29,0,1081,11,2100,1008,456,625
18,GALATI,97,0,"Bariera Traian,SC""FIROMEX"" SA(fosta unitate ""B"" a SC""GALFIRTEX"" SA)",MUNICIPIUL GALATI,75098,M,1,1906,1850,56,1136,1080,56,0,1126,10,2000,864,413,713
18,GALATI,98,0,"Str.1 Decembrie 1918,Nr.3,Grupul Scolar Metalurgic(Liceul Industrial Nr.3)",MUNICIPIUL GALATI,75098,M,1,2077,2052,25,1049,1024,25,0,1042,7,2200,1151,456,586
18,GALATI,99,0,"Str.1 Decembrie 1918,Nr.3,Grupul Scolar Metalurgic(Liceul Industrial Nr.3)",MUNICIPIUL GALATI,75098,M,1,2187,2111,76,1044,968,76,0,1036,8,2300,1256,475,561
18,GALATI,100,0,"B-dul Milcov Nr.13,Grupul scolar Industrial ""Gh.Asachi""(Licelul Industrial Nr.8)",MUNICIPIUL GALATI,75098,M,1,1899,1629,270,1017,746,270,1,1005,12,1800,783,463,542
18,GALATI,101,0,"B-dul Milcov Nr.13,Grupul scolar Industrial ""Gh.Asachi""(Licelul Industrial Nr.8)",MUNICIPIUL GALATI,75098,M,1,1617,1597,20,882,862,20,0,873,9,1800,918,348,525
18,GALATI,102,0,"B-dul Milcov,Scoala Generala Nr.30",MUNICIPIUL GALATI,75098,M,1,1125,1050,75,556,481,75,0,553,3,1100,544,259,294
18,GALATI,103,0,"B-dul Milcov,Scoala Generala Nr.30",MUNICIPIUL GALATI,75098,M,1,1439,1410,29,701,669,29,3,678,23,1500,799,320,358
18,GALATI,104,0,"Str.Aurel Vlaicu,Grupul Scolar Industrial Transporturi CF(Liceul CFR)",MUNICIPIUL GALATI,75098,M,1,2411,2378,33,1295,1262,33,0,1284,11,2600,1305,525,759
18,GALATI,105,0,"Str.Aurel Vlaicu,Grupul Scolar Industrial Transporturi CF(Liceul CFR)",MUNICIPIUL GALATI,75098,M,1,2342,2316,26,1229,1203,26,0,1223,6,2500,1271,515,708
18,GALATI,106,0,"Str.1 Decembrie 1918,Nr.3,Grupul Scolar Metalurgic(Liceul Industrial Nr.3)",MUNICIPIUL GALATI,75098,M,1,2051,1910,141,1199,1058,141,0,1192,7,2100,901,471,721
18,GALATI,107,0,"Str.Alba Iulia,Nr.2,Scoala Generala ""Miron Costin""(Scoala Generala Nr.12)",MUNICIPIUL GALATI,75098,M,1,2333,2306,27,1373,1346,27,0,1367,6,2600,1227,535,832
18,GALATI,108,0,"Str.Alba Iulia,Nr.2,Scoala Generala ""Miron Costin""(Scoala Generala Nr.12)",MUNICIPIUL GALATI,75098,M,1,2203,2178,25,1154,1129,25,0,1140,14,2400,1246,480,660
18,GALATI,109,0,"Str.Alba Iulia,Nr.2,Scoala Generala ""Miron Costin""(Scoala Generala Nr.12)",MUNICIPIUL GALATI,75098,M,1,2218,2198,20,1232,1209,20,3,1225,7,2400,1168,411,814
18,GALATI,110,0,"Str.Alba Iulia,Nr.2,Scoala Generala ""Miron Costin""(Scoala Generala Nr.12)",MUNICIPIUL GALATI,75098,M,1,2419,2386,33,1344,1310,33,1,1335,9,2700,1356,512,823
18,GALATI,111,0,"Str.Alba Iulia,Nr.2,Scoala Generala ""Miron Costin""(Scoala Generala Nr.12)",MUNICIPIUL GALATI,75098,M,1,2295,2267,28,1279,1250,28,1,1270,9,2600,1321,456,814
18,GALATI,112,0,"Str.Tecuci,SC ""UNICOM"" SA,Sala de intruniri publice",MUNICIPIUL GALATI,75098,M,1,1847,1811,36,1037,1001,36,0,1031,6,1990,953,379,652
18,GALATI,113,0,"Str.Tecuci,SC ""UNICOM"" SA,Sala de intruniri publice",MUNICIPIUL GALATI,75098,M,1,1687,1674,13,890,876,13,1,889,1,1800,910,313,576
18,GALATI,114,0,"Str.Tecuci,SC ""UNICOM"" SA,Sala de expozitii",MUNICIPIUL GALATI,75098,M,1,1903,1862,41,965,924,41,0,957,8,2100,1135,332,625
18,GALATI,115,0,"Str.Tecuci,SC ""UNICOM"" SA,Sala de expozitii",MUNICIPIUL GALATI,75098,M,1,1877,1849,28,1050,1022,28,0,1046,4,2100,1050,387,659
18,GALATI,116,0,"Tiglina II,Grupul Scolar Industrial ""Sf.Maria""(Liceul Industrial Nr.10)",MUNICIPIUL GALATI,75098,M,1,1316,1289,27,793,766,27,0,790,3,1400,607,337,453
18,GALATI,117,0,"Tiglina II,Grupul Scolar Industrial ""Sf.Maria""(Liceul Industrial Nr.10)",MUNICIPIUL GALATI,75098,M,1,1705,1675,30,995,965,30,0,991,4,1800,805,377,614
18,GALATI,118,0,"Tiglina II,Scoala Generala ""Stefan cel Mare""(Scoala Generala Nr.13)",MUNICIPIUL GALATI,75098,M,1,2041,2020,21,1136,1114,21,1,1128,8,2200,1064,476,652
18,GALATI,119,0,"Tiglina II,Scoala Generala ""C.Brancoveanu""(Scoala Generala Nr.7)",MUNICIPIUL GALATI,75098,M,1,1625,1586,39,1030,990,39,1,1025,5,1700,670,432,593
18,GALATI,120,0,"Str.Brailei,Nr.138,Scoala Normala ""C.Negri""(Liceul Pedagogic)",MUNICIPIUL GALATI,75098,M,1,1711,1691,20,1054,1030,20,4,1050,4,1900,846,392,658
18,GALATI,121,0,"Str.Brailei,Nr.138,Scoala Normala ""C.Negri""(Liceul Pedagogic)",MUNICIPIUL GALATI,75098,M,1,1798,1778,20,1178,1119,20,39,1166,12,2100,922,416,750
18,GALATI,122,0,"Str.Brailei,Nr.138,Scoala Normala ""C.Negri""(Liceul Pedagogic)",MUNICIPIUL GALATI,75098,M,1,1731,1711,20,1083,1061,20,2,1073,10,1900,817,439,634
18,GALATI,123,0,"B-dul G.Cosbuc,Casa de Cultura a Sindicatelor",MUNICIPIUL GALATI,75098,M,1,1383,1365,18,873,854,18,1,871,2,1500,627,287,584
18,GALATI,124,0,"B-dul G.Cosbuc,Casa de Cultura a Sindicatelor",MUNICIPIUL GALATI,75098,M,1,1676,1647,29,997,968,29,0,994,3,1800,803,334,660
18,GALATI,125,0,"Str.Morilor,Nr.54,SC Cooperativa ""Constructorul""",MUNICIPIUL GALATI,75098,M,1,1408,1371,37,803,766,37,0,794,9,1503,700,320,474
18,GALATI,126,0,"Str.Nenitescu,Nr.12,Gradinita Nr.15",MUNICIPIUL GALATI,75098,M,1,1747,1710,37,976,938,37,1,968,8,1900,924,353,615
18,GALATI,127,0,"Str.Nenitescu,Nr.12,Gradinita Nr.15",MUNICIPIUL GALATI,75098,M,1,1294,1272,22,697,673,22,2,691,6,1400,703,264,427
18,GALATI,128,0,"Aleea Scolii,Nr.2,Liceul ""Al.I. Cuza""",MUNICIPIUL GALATI,75098,M,1,1407,1388,19,844,824,19,1,840,3,1500,656,322,518
18,GALATI,129,0,"Str.Ariesului,Scoala Generala ""N.Balcescu""(Scoala Generala Nr.16)",MUNICIPIUL GALATI,75098,M,1,2035,2008,27,1293,1266,27,0,1286,7,2200,907,427,859
18,GALATI,130,0,"Str.Ariesului,Scoala Generala ""N.Balcescu""(Scoala Generala Nr.16)",MUNICIPIUL GALATI,75098,M,1,1371,1355,16,739,723,16,0,737,2,1500,761,304,433
18,GALATI,131,0,"Str.Movilei,Nr.88,Scoala de soferi Autoturismul SA",MUNICIPIUL GALATI,75098,M,1,1824,1778,46,996,946,46,4,989,7,2008,1012,368,621
18,GALATI,132,0,"Str.Ariesului,Scoala Generala ""N.Balcescu""(Scoala Generala Nr.16)",MUNICIPIUL GALATI,75098,M,1,1258,1226,32,805,773,32,0,799,6,1308,503,234,565
18,GALATI,133,0,"Str.N.Balcescu,Nr.82-84,Facultatea de Studii Economice",MUNICIPIUL GALATI,75098,M,1,1443,1405,38,859,818,38,3,854,5,1500,641,316,538
18,GALATI,134,0,"Str.N.Balcescu Nr.82-84,Facultatea de Studii Economice",MUNICIPIUL GALATI,75098,M,1,1600,1551,49,1003,953,49,1,993,10,1700,697,369,624
18,GALATI,135,0,"Str.Basarabiei,Scoala Generala ""Petru Rares""(Scoala Generala Nr.25)",MUNICIPIUL GALATI,75098,M,1,2265,2180,85,1358,1264,85,9,1346,12,2396,1038,507,839
18,GALATI,136,0,"Str.Basarabiei,Scoala Generala ""Petru Rares""(Scoala Generala Nr.25)",MUNICIPIUL GALATI,75098,M,1,2038,2002,36,1228,1187,36,5,1222,6,2200,972,405,817
18,GALATI,137,0,"Str.Domneasca,Nr.47,Universitatea Galati",MUNICIPIUL GALATI,75098,M,1,2323,2294,29,1363,1334,29,0,1355,7,2600,1237,449,906
18,GALATI,138,0,"Str.Stelei,Scoala Generala Nr.19",MUNICIPIUL GALATI,75098,M,1,1519,1500,19,772,743,19,10,764,8,1600,828,301,463
18,GALATI,139,0,"Str.Stelei,Scoala Generala Nr.19",MUNICIPIUL GALATI,75098,M,1,1240,1212,28,694,660,28,6,688,6,1300,606,212,476
18,GALATI,140,0,"Str.Traian,Nr.203,Grup Scolar Industrial Traian(Liceul Industrial Nr.1)",MUNICIPIUL GALATI,75098,M,1,2191,2143,48,1448,1189,48,211,1428,20,2500,1052,591,837
18,GALATI,141,0,"Str.Domneasca,Grup Scolar de Industrie Alimentara Nr.1(LIA)",MUNICIPIUL GALATI,75098,M,1,1697,1632,65,902,837,65,0,897,5,1799,897,324,573
18,GALATI,142,0,"Str.Radu Negru,Scoala Generala Nr.27",MUNICIPIUL GALATI,75098,M,1,1533,1496,37,938,874,37,27,933,5,1600,662,334,599
18,GALATI,143,0,"Str.Traian, nr.318, Scoala generala nr.20 Traian",MUNICIPIUL GALATI,75098,M,1,2346,2308,38,1286,1248,38,0,1275,11,2600,1314,470,805
18,GALATI,144,0,"Str.Navelor,SC ""PROIECT"" SA",MUNICIPIUL GALATI,75098,M,1,2033,2002,31,1312,1280,31,1,1302,10,2200,888,424,878
18,GALATI,145,0,"Str.Portului,Grupul Scolar de Marina(Liceul de Marina)",MUNICIPIUL GALATI,75098,M,1,2130,2088,42,1049,1007,42,0,1040,9,2300,1251,382,658
18,GALATI,146,0,"Str.Portului,Nr.59,Grupul Scolar de Marina(Liceul de Marina)",MUNICIPIUL GALATI,75098,M,1,2251,2129,122,1364,1241,122,1,1354,10,2300,936,452,902
18,GALATI,147,1,"Str.Domneasca,Nr.142, Cantina studenteasca nr.1, Complex Studentesc",MUNICIPIUL GALATI,75098,M,1,13,0,13,883,0,13,870,880,3,2800,1917,192,688
18,GALATI,148,1,"Str.Domneasca, nr.160, Centrul de Ingrijire si Asistenta nr.54",MUNICIPIUL GALATI,75098,M,1,9,0,9,48,0,9,39,48,0,200,152,30,18
18,GALATI,149,1,"Str.Domneasca, nr.160bis, Caminul pentru Persoane Varsnice""Sf.Spiridon""",MUNICIPIUL GALATI,75098,M,1,14,0,14,146,0,14,132,144,2,300,154,91,53
18,GALATI,150,1,"Str.Razboieni 15-17, Centrul de Ingrijire si Asistenta nr.55",MUNICIPIUL GALATI,75098,M,1,11,0,11,96,0,11,85,89,7,200,104,55,34
18,GALATI,151,1,"Str.Brailei nr.177, Spitalul de urgenta ""Sf.Andrei""",MUNICIPIUL GALATI,75098,M,1,10,0,10,622,0,10,612,614,8,800,178,306,308
18,GALATI,152,1,"Str.Traian nr.290, Spitalul municipal ""Elena Doamna""",MUNICIPIUL GALATI,75098,M,1,11,0,11,134,0,11,123,129,5,300,166,65,64
18,GALATI,153,1,"Str.Nicolae Alexandrescu nr.99, Spitalul ""Buna Vestire""",MUNICIPIUL GALATI,75098,M,1,20,0,20,57,0,20,37,57,0,200,143,24,33
18,GALATI,154,1,"Bariera Traian nr.393, Spitalul de boli infectioase",MUNICIPIUL GALATI,75098,M,1,10,0,10,116,0,10,106,112,4,300,184,65,47
18,GALATI,155,1,"Str.Stiintei nr.117, Spitalul TBC",MUNICIPIUL GALATI,75098,M,1,11,0,11,182,0,11,171,181,1,400,218,84,97
18,GALATI,156,1,"Str.Traian nr.199, Spitalul Militar",MUNICIPIUL GALATI,75098,M,1,15,0,15,112,0,15,97,111,1,300,188,57,54
18,GALATI,157,1,"Str.Eroilor nr.20, Cercul militar",MUNICIPIUL GALATI,75098,M,1,13,0,13,299,0,13,286,295,4,400,101,184,111
18,GALATI,158,1,Gara de calatori CFR Galati,MUNICIPIUL GALATI,75098,M,1,25,0,25,1243,0,25,1218,1238,4,2000,758,396,842
18,GALATI,159,0,"Scoala nr.1, str.Tecuciul Nou",MUNICIPIUL TECUCI,75203,M,1,729,717,12,413,401,12,0,408,5,900,487,143,265
18,GALATI,160,0,"Scoala nr.1, str.Tecuciul Nou",MUNICIPIUL TECUCI,75203,M,1,1571,1541,30,819,789,30,0,806,13,1800,981,339,467
18,GALATI,161,0,"Moara ""Mares"", Cartierul Tecuciul Nou",MUNICIPIUL TECUCI,75203,M,1,1539,1522,17,854,837,17,0,847,7,1700,846,410,437
18,GALATI,162,0,"Scoala nr.10, str.1 Decembrie 1918, nr.26",MUNICIPIUL TECUCI,75203,M,1,1885,1852,33,1022,979,33,10,1003,19,2100,1078,462,541
18,GALATI,163,0,"Scoala nr.2, str.Alex.Papadopol Calimah, nr.13",MUNICIPIUL TECUCI,75203,M,1,960,941,19,512,493,19,0,506,6,1100,588,242,264
18,GALATI,164,0,"Scoala nr.2, str.Alex.Papadopol Calimah, nr.13",MUNICIPIUL TECUCI,75203,M,1,1021,1013,8,504,496,8,0,496,8,1200,696,250,246
18,GALATI,165,0,"Gradinita de copii, str.Cuza Voda",MUNICIPIUL TECUCI,75203,M,1,1619,1591,28,789,761,28,0,764,25,1799,1010,345,419
18,GALATI,166,0,"Scoala nr.4, str.Unirii, nr.6",MUNICIPIUL TECUCI,75203,M,1,2031,1990,41,1099,1053,41,5,1086,13,2300,1201,576,510
18,GALATI,167,0,"Liceul ""Spiru Haret"", Bulevardul Victoriei, nr.12",MUNICIPIUL TECUCI,75203,M,1,2136,2100,36,1196,1160,36,0,1191,5,2408,1212,504,687
18,GALATI,168,0,Grupul scolar agricol,MUNICIPIUL TECUCI,75203,M,1,1667,1631,36,784,748,36,0,775,9,1900,1116,305,470
18,GALATI,169,0,Grupul scolar agricol,MUNICIPIUL TECUCI,75203,M,1,1250,1222,28,642,613,28,1,638,4,1400,758,244,394
18,GALATI,170,0,"Gradinita nr.17, str.Bradului",MUNICIPIUL TECUCI,75203,M,1,1755,1712,43,830,787,43,0,824,6,1900,1070,350,474
18,GALATI,171,0,"Scoala nr.11, str. 1 Decembrie 1918, nr.125",MUNICIPIUL TECUCI,75203,M,1,1658,1649,9,742,733,9,0,737,5,1900,1158,305,432
18,GALATI,172,0,"Scoala nr.11, str. 1 Decembrie 1918, nr.125",MUNICIPIUL TECUCI,75203,M,1,1649,1630,19,781,762,19,0,781,0,1900,1119,276,505
18,GALATI,173,0,"Scoala nr.8, str.Matei Basarab, nr.2",MUNICIPIUL TECUCI,75203,M,1,1406,1382,24,1298,752,24,522,1283,15,1600,302,529,754
18,GALATI,174,0,"Scoala nr.6, str.Elena Doamna, nr.52",MUNICIPIUL TECUCI,75203,M,1,2184,2159,25,1138,1111,25,2,1131,7,2400,1262,514,617
18,GALATI,175,0,"Scoala nr.7, str.Ana Ipatescu",MUNICIPIUL TECUCI,75203,M,1,1332,1287,45,741,696,45,0,729,12,1500,759,368,361
18,GALATI,176,0,"Gradinita, Cartier Nicolae Balcescu",MUNICIPIUL TECUCI,75203,M,1,808,789,19,434,415,19,0,428,6,1000,566,184,244
18,GALATI,177,0,"Scoala nr.7, Str.Ana Ipatescu",MUNICIPIUL TECUCI,75203,M,1,820,808,12,449,437,12,0,447,2,1000,551,187,260
18,GALATI,178,0,"Gradinita nr.18, str.Ghe.Petrascu, nr.58",MUNICIPIUL TECUCI,75203,M,1,2304,2262,42,1197,1155,42,0,1186,11,2600,1403,431,755
18,GALATI,179,0,"Gradinita nr.2, str.Ghe.Petrascu, nr.42",MUNICIPIUL TECUCI,75203,M,1,2315,2245,70,1142,1072,70,0,1136,6,2600,1458,444,692
18,GALATI,180,0,"Liceul ""Calistrat Hogas"", str.Costache Racovita, nr.24",MUNICIPIUL TECUCI,75203,M,1,1888,1862,26,817,789,26,2,812,5,2200,1383,349,463
18,GALATI,181,0,"Gradinita nr.3, Str. 1Decembrie 1918, nr.39",MUNICIPIUL TECUCI,75203,M,1,1330,1305,25,608,583,25,0,604,4,1500,892,280,324
18,GALATI,182,0,"Caminul nr.15, Str.Aleea Vasile Alecsandri",MUNICIPIUL TECUCI,75203,M,1,797,780,17,391,374,17,0,385,6,1000,609,185,200
18,GALATI,183,0,"Scoala nr.9, Str.Cocarasti nr.1",MUNICIPIUL TECUCI,75203,M,1,924,913,11,564,553,11,0,556,8,1100,536,246,310
18,GALATI,184,0,"Cercul militar, str.Costache Racovita, nr.18",MUNICIPIUL TECUCI,75203,M,1,476,463,13,247,234,13,0,247,0,600,353,119,128
18,GALATI,185,1,"Spitalul municipal Anton Cincu, Str.Costache Conache",MUNICIPIUL TECUCI,75203,M,1,10,0,10,92,0,10,82,91,1,200,108,47,44
18,GALATI,186,1,"Clubul jandarmeriei Tecuci, Str.Republicii nr.3",MUNICIPIUL TECUCI,75203,M,1,9,0,9,255,0,9,246,247,8,300,45,143,104
18,GALATI,187,0,"Casa de cultura, str.Trandafirilor, nr.26",ORAS BERESTI,75338,O,1,1350,1332,18,783,687,18,78,776,7,1500,717,484,292
18,GALATI,188,0,"Grupul scolar ""Paul Bujor"", str.Trandafirilor, nr.210",ORAS BERESTI,75338,O,1,1669,1653,16,880,864,16,0,862,18,1800,920,628,234
18,GALATI,189,0,"Scoala nr.1 ""Lascar Catargiu""",ORAS TARGU BUJOR,75472,O,1,1550,1528,22,1042,837,22,183,1021,21,1700,658,722,299
18,GALATI,190,0,"Scoala nr.2 ""Grigore Hagiu""",ORAS TARGU BUJOR,75472,O,1,1372,1345,27,736,709,27,0,729,7,1500,764,415,314
18,GALATI,191,0,"Grupul scolar ""Eremia Grigorescu""",ORAS TARGU BUJOR,75472,O,1,1126,1118,8,575,567,8,0,570,5,1200,625,283,287
18,GALATI,192,0,Scoala generala Moscu,ORAS TARGU BUJOR,75472,O,1,1061,1047,14,681,644,14,23,675,6,1200,519,548,127
18,GALATI,193,0,Scoala generala Umbraresti,ORAS TARGU BUJOR,75472,O,1,956,943,13,540,520,13,7,532,8,1099,559,386,146
18,GALATI,194,1,"Spitalul Dr.Gheorghe Buzoianu Tg.Bujor.Str.G-ral Eremia Grigorescu,nr.1)",ORAS TARGU BUJOR,75472,O,1,9,0,9,43,0,9,34,43,0,100,57,31,12
18,GALATI,195,0,"Scoala nr.2, Barcea",BARCEA,75515,C,3,1700,1694,6,787,781,6,0,774,13,1900,1113,461,313
18,GALATI,196,0,"Scoala nr.1, Barcea",BARCEA,75515,C,3,1940,1929,11,853,842,11,0,846,7,2100,1247,472,374
18,GALATI,197,0,Scoala nr.4 Podoleni,BARCEA,75515,C,3,933,914,19,546,527,19,0,535,11,1000,454,418,117
18,GALATI,198,0,"Camin Cultural, Balabanesti",BALABANESTI,75542,C,3,676,661,15,397,382,15,0,395,2,800,403,244,151
18,GALATI,199,0,Scoala generala Bursucani,BALABANESTI,75542,C,3,536,509,27,301,274,27,0,299,2,500,199,237,62
18,GALATI,200,0,Scoala generala Lungesti,BALABANESTI,75542,C,3,547,508,39,292,253,39,0,286,6,600,308,226,60
18,GALATI,201,0,Camin cultural Balasesti,BALASESTI,75613,C,3,926,905,21,591,567,21,3,575,16,1000,409,425,150
18,GALATI,202,0,Camin cultural Ciurestii Noi,BALASESTI,75613,C,3,481,466,15,268,253,15,0,264,4,500,232,182,82
18,GALATI,203,0,Scoala generala Ciurestii Vechi,BALASESTI,75613,C,3,368,345,23,218,195,23,0,210,8,400,182,158,52
18,GALATI,204,0,Scoala generala Pupezeni,BALASESTI,75613,C,3,232,216,16,140,124,16,0,138,2,300,160,107,31
18,GALATI,205,0,Scoala generala Baleni,BALENI,75668,C,3,2338,2171,167,1372,1205,167,0,1348,24,2400,1028,979,369
18,GALATI,206,0,"Gradinita de copii, Baneasa",BANEASA,75686,C,3,1208,1197,11,722,689,11,22,715,7,1400,678,476,239
18,GALATI,207,0,Scoala generala Roscani,BANEASA,75686,C,3,557,542,15,335,298,15,22,333,2,600,265,249,84
18,GALATI,208,0,Scoala generala Beresti-Meria,BERESTI-MERIA,75356,C,3,528,504,24,252,228,24,0,249,3,600,348,152,97
18,GALATI,209,0,Scoala generala Slivna,BERESTI-MERIA,75356,C,3,631,598,33,355,322,33,0,345,10,700,345,272,73
18,GALATI,210,0,Scoala generala Puricani,BERESTI-MERIA,75356,C,3,391,306,85,235,150,85,0,230,5,400,165,173,57
18,GALATI,211,0,Scoala generala Aldesti,BERESTI-MERIA,75356,C,3,533,519,14,237,223,14,0,229,8,600,363,198,31
18,GALATI,212,0,Scoala generala Plesa,BERESTI-MERIA,75356,C,3,618,603,15,363,348,15,0,355,8,700,337,246,109
18,GALATI,213,0,Scoala generala Balintesti,BERESTI-MERIA,75356,C,3,860,819,41,480,439,41,0,475,5,900,420,344,131
18,GALATI,214,0,"Gradinita de copii, Branistea",BRANISTEA,75711,C,3,1989,1962,27,1154,1126,27,1,1137,17,2200,1046,706,431
18,GALATI,215,0,Scoala generala V.Alescandri,BRANISTEA,75711,C,3,712,696,16,422,406,16,0,416,6,800,378,211,205
18,GALATI,216,0,Scoala generala Traian,BRANISTEA,75711,C,3,363,349,14,244,230,14,0,242,2,400,156,147,95
18,GALATI,217,0,"Scoala gimnaziala nr.1, Brahasesti",BRAHASESTI,75766,C,3,1965,1910,55,1060,1004,55,1,1051,9,2100,1040,618,433
18,GALATI,218,0,Scoala Veche-gimnaziala Toflea,BRAHASESTI,75766,C,3,2571,2518,53,841,788,53,0,819,22,2800,1959,789,30
18,GALATI,219,0,Scoala Noua Toflea,BRAHASESTI,75766,C,3,1295,1253,42,932,890,42,0,904,28,1400,468,821,83
18,GALATI,220,0,Scoala generala de 8 ani Buciumeni,BUCIUMENI,75819,C,3,873,853,20,532,512,20,0,522,10,900,368,382,140
18,GALATI,221,0,Scoala generala de 8 ani Hantesti,BUCIUMENI,75819,C,3,440,429,11,244,233,11,0,239,5,500,256,137,102
18,GALATI,222,0,Scoala cu clasele I-IV Vizuresti,BUCIUMENI,75819,C,3,342,326,16,214,198,16,0,210,4,400,186,141,69
18,GALATI,223,0,Scoala cu clasele I-IV Tecucelul Sec,BUCIUMENI,75819,C,3,413,393,20,273,253,20,0,271,2,500,227,198,73
18,GALATI,224,0,Scoala generala Cavadinesti,CAVADINESTI,75864,C,3,1229,1204,25,644,619,25,0,629,15,1400,756,429,200
18,GALATI,225,0,Scoala generala Ganesti,CAVADINESTI,75864,C,3,763,721,42,420,378,42,0,412,8,800,380,314,98
18,GALATI,226,0,Scoala generala Vadeni,CAVADINESTI,75864,C,3,480,464,16,284,268,16,0,278,6,500,216,199,79
18,GALATI,227,0,Scoala generala Comanesti,CAVADINESTI,75864,C,3,235,203,32,148,116,32,0,145,3,300,152,100,45
18,GALATI,228,0,Primaria Certesti,CERTESTI,75917,C,3,701,674,27,397,370,27,0,391,6,800,403,304,87
18,GALATI,229,0,Scoala generala Cotoroaia,CERTESTI,75917,C,3,689,669,20,405,385,20,0,403,2,700,295,280,123
18,GALATI,230,0,Scoala generala Carlomanesti,CERTESTI,75917,C,3,388,381,7,351,344,7,0,345,6,700,349,272,73
18,GALATI,231,0,"Camin cultural, Corni",CORNI,76004,C,3,812,796,16,487,471,16,0,481,6,900,413,371,110
18,GALATI,232,0,"Camin cultural, Maciseni",CORNI,76004,C,3,777,749,28,482,454,28,0,474,8,800,318,346,128
18,GALATI,233,0,"Camin cultural, Urlesti",CORNI,76004,C,3,453,438,15,312,297,15,0,309,3,500,188,254,55
18,GALATI,234,0,"Scoala nr.2, Corod",COROD,75953,C,3,2152,2132,20,966,946,20,0,954,12,2400,1434,572,382
18,GALATI,235,0,"Scoala nr.3, Corod",COROD,75953,C,3,2141,2092,49,924,875,49,0,901,23,2300,1376,585,316
18,GALATI,236,0,Scoala Blinzi,COROD,75953,C,3,978,946,32,421,389,32,0,417,4,1100,679,322,95
18,GALATI,237,0,Scoala Bratulesti,COROD,75953,C,3,519,506,13,254,241,13,0,247,7,600,346,172,75
18,GALATI,238,0,Scoala Carapcesti,COROD,75953,C,3,610,596,14,372,358,14,0,367,5,700,328,237,130
18,GALATI,239,0,"Camin cultural, Cosmesti",COSMESTI,76040,C,3,1230,1175,55,713,658,55,0,704,9,1300,587,388,316
18,GALATI,240,0,Scoala Cosmesti-Vale cu clasele I-VIII,COSMESTI,76040,C,3,998,958,40,557,517,40,0,545,12,1100,543,293,252
18,GALATI,241,0,Scoala Baltareti cu clasele I-IV,COSMESTI,76040,C,3,762,720,42,492,450,42,0,479,13,800,308,303,176
18,GALATI,242,0,"Camin cultural, Sat Furcenii Vechi",COSMESTI,76040,C,3,1328,1282,46,656,610,46,0,646,10,1400,744,303,343
18,GALATI,243,0,Scoala Furcenii Noi cu clasele I-VIII,COSMESTI,76040,C,3,1214,1150,64,578,514,64,0,572,6,1300,722,342,230
18,GALATI,244,0,"Scoala gimnaziala I-VIII, Costache Negri",COSTACHE NEGRI,76111,C,3,1974,1964,10,1173,1163,10,0,1155,18,2200,1027,794,361
18,GALATI,245,0,"Camin cultural, Cuca",CUCA,76139,C,3,1158,1115,43,688,645,43,0,680,8,1200,512,493,187
18,GALATI,246,0,Scoala generala Cuca,CUCA,76139,C,3,1113,1091,22,634,612,22,0,624,10,1200,566,452,172
18,GALATI,247,0,Scoala generala nr.1 Cudalbi,CUDALBI,76157,C,3,1957,1945,12,949,937,12,0,922,27,2100,1151,659,263
18,GALATI,248,0,"Scoala generala nr.1 Cudalbi, Corp""B""",CUDALBI,76157,C,3,1407,1396,11,745,734,11,0,732,13,1500,755,513,219
18,GALATI,249,0,"Scoala generala nr.1 Cudalbi, Corp""C""",CUDALBI,76157,C,3,1499,1441,58,789,731,58,0,780,9,1600,811,500,280
18,GALATI,250,0,Scoala generala nr.2 Cudalbi,CUDALBI,76157,C,3,1680,1633,47,928,881,47,0,908,20,1800,872,700,208
18,GALATI,251,0,Scoala Draganesti,DRAGANESTI,75221,C,3,1716,1697,19,854,835,19,0,848,6,1900,1046,541,307
18,GALATI,252,0,Camin cultural Draganesti,DRAGANESTI,75221,C,3,1084,1053,31,630,599,31,0,625,5,1200,570,471,154
18,GALATI,253,0,Scoala Malu Alb,DRAGANESTI,75221,C,3,1682,1663,19,901,882,19,0,890,11,1800,899,527,363
18,GALATI,254,0,Sala de sedinte a Consiliului Local Draguseni,DRAGUSENI,76175,C,3,1452,1424,28,792,764,28,0,779,13,1600,808,538,241
18,GALATI,255,0,Scoala Fundeanu,DRAGUSENI,76175,C,3,577,533,44,414,370,44,0,411,3,799,385,304,107
18,GALATI,256,0,Scoala Nicopole,DRAGUSENI,76175,C,3,430,406,24,233,209,24,0,228,5,500,267,155,73
18,GALATI,257,0,Scoala Cauiesti,DRAGUSENI,76175,C,3,417,333,84,290,206,84,0,286,4,400,110,206,80
18,GALATI,258,0,Scoala Stietesti,DRAGUSENI,76175,C,3,235,226,9,138,129,9,0,135,3,300,162,106,29
18,GALATI,259,0,Scoala Adam,DRAGUSENI,76175,C,3,714,651,63,343,280,63,0,340,3,700,357,263,77
18,GALATI,260,0,Scoala Ghinghesti,DRAGUSENI,76175,C,3,262,226,36,180,144,36,0,179,1,300,120,118,61
18,GALATI,261,0,Camin cultural Firtanesti,FARTANESTI,76255,C,3,2833,2751,82,1264,1182,82,0,1230,34,3000,1736,827,403
18,GALATI,262,0,Camin cultural Viile,FARTANESTI,76255,C,3,1364,1324,40,700,660,40,0,682,18,1400,700,535,147
18,GALATI,263,0,Camin cultural Foltesti,FOLTESTI,76282,C,3,1771,1724,47,966,859,47,60,953,13,1900,934,656,297
18,GALATI,264,0,Scoala generala Stoicani,FOLTESTI,76282,C,3,843,812,31,520,457,31,32,512,8,900,380,398,114
18,GALATI,265,0,Scoala generala nr.1 Frumusita,FRUMUSITA,76317,C,3,1607,1485,122,811,689,122,0,801,10,1600,789,578,223
18,GALATI,266,0,"Scoala generala ""Petru Rares"", Frumusita",FRUMUSITA,76317,C,3,1170,1060,110,647,537,110,0,630,17,1202,555,476,154
18,GALATI,267,0,Scoala generala Ijdileni,FRUMUSITA,76317,C,3,764,731,33,364,331,33,0,358,6,800,436,263,95
18,GALATI,268,0,Scoala generala Tamaoani,FRUMUSITA,76317,C,3,815,801,14,407,393,14,0,401,6,900,493,291,110
18,GALATI,269,0,Scoala gimnaziala Fundeni,FUNDENI,76353,C,3,624,555,69,381,272,69,40,376,5,600,219,237,139
18,GALATI,270,0,Scoala gimnaziala Hanu Conachi,FUNDENI,76353,C,3,2153,2090,63,1051,987,63,1,1040,11,2300,1249,613,427
18,GALATI,271,0,Scoala primara Lungoci,FUNDENI,76353,C,3,509,479,30,265,230,30,5,258,7,600,335,186,72
18,GALATI,272,0,Gradinita de copii Ghidigeni,GHIDIGENI,76406,C,3,1507,1475,32,763,730,32,1,756,7,1600,837,448,308
18,GALATI,273,0,Scoala generala Gefu,GHIDIGENI,76406,C,3,671,653,18,379,361,18,0,375,4,700,321,288,87
18,GALATI,274,0,Scoala generala Girbovat,GHIDIGENI,76406,C,3,225,218,7,135,128,7,0,132,3,300,165,87,45
18,GALATI,275,0,Scoala generala Talpigi,GHIDIGENI,76406,C,3,1535,1520,15,821,804,15,2,808,13,1700,879,549,259
18,GALATI,276,0,Scoala generala Slobozia Corni,GHIDIGENI,76406,C,3,590,577,13,364,351,13,0,360,4,600,236,224,136
18,GALATI,277,0,Scoala gimnaziala Gohor,GOHOR,76497,C,3,1449,1432,17,792,775,17,0,783,9,1600,808,471,312
18,GALATI,278,0,Scoala cu clasele I-IV Ireasca,GOHOR,76497,C,3,274,260,14,166,152,14,0,162,4,300,134,105,57
18,GALATI,279,0,Scoala cu clasele I-IV Nartesti,GOHOR,76497,C,3,700,688,12,387,375,12,0,384,3,800,413,259,125
18,GALATI,280,0,Scoala gimnaziala Berheci,GOHOR,76497,C,3,611,592,19,334,315,19,0,331,3,700,366,186,145
18,GALATI,281,0,Scoala cu etaj Grivita (scoala noua),GRIVITA,76558,C,3,1438,1420,18,772,754,18,0,761,11,1600,828,512,249
18,GALATI,282,0,Scoala veche Grivita,GRIVITA,76558,C,3,1053,1033,20,572,552,20,0,565,7,1100,528,350,215
18,GALATI,283,0,Scoala cu clasele I-IV Calmatui,GRIVITA,76558,C,3,506,485,21,270,249,21,0,270,0,600,330,196,74
18,GALATI,284,0,Scoala generala nr.1,INDEPENDENTA,76585,C,3,2190,2164,26,1157,1131,26,0,1150,7,2400,1243,629,521
18,GALATI,285,0,Scoala generala nr.2 (in cladire gradinitei nr.2),INDEPENDENTA,76585,C,3,1581,1540,41,907,866,41,0,900,7,1700,793,433,467
18,GALATI,286,0,Scoala generala nr.2 Ivesti,IVESTI,76601,C,3,870,850,20,321,286,20,15,319,2,900,579,170,149
18,GALATI,287,0,Scoala fimnaziala nr.3 Ivesti,IVESTI,76601,C,3,1337,1289,48,638,590,48,0,620,18,1400,762,445,175
18,GALATI,288,0,"Scoala gimnaziala ""H.P.Bengescu""",IVESTI,76601,C,3,1754,1678,76,974,898,76,0,947,27,1800,826,661,286
18,GALATI,289,0,"Scoala gimnaziala""Negoita Danaila"" Bucesti",IVESTI,76601,C,3,1873,1835,38,920,882,38,0,903,17,2000,1080,526,377
18,GALATI,290,0,"Scoala gimnaziala ""Gen.Eremia Grigorescu"" Bucesti",IVESTI,76601,C,3,1746,1697,49,886,831,49,6,873,13,1800,914,492,381
18,GALATI,291,0,Camin cultural Jorasti,JORASTI,76638,C,3,1042,968,74,633,559,74,0,626,7,1100,467,478,148
18,GALATI,292,0,Scoala generala Lunca,JORASTI,76638,C,3,227,205,22,146,124,22,0,143,3,300,154,124,19
18,GALATI,293,0,Scoala generala Zarnesti,JORASTI,76638,C,3,316,302,14,207,193,14,0,205,2,400,193,143,62
18,GALATI,294,0,Scoala generala nr.1 Liesti,LIESTI,76674,C,3,1847,1792,55,928,873,55,0,908,20,2000,1072,474,434
18,GALATI,295,0,Clubul elevilor Liesti,LIESTI,76674,C,3,1400,1338,62,652,590,62,0,645,7,1500,848,303,342
18,GALATI,296,0,Clubul elevilor Liesti,LIESTI,76674,C,3,1922,1860,62,959,897,62,0,940,19,2000,1041,523,417
18,GALATI,297,0,Scoala generala nr.3 Serbanesti,LIESTI,76674,C,3,2041,2003,38,1100,1060,38,2,1074,26,2100,1000,540,534
18,GALATI,298,0,Scoala generala nr.4 Serbanesti,LIESTI,76674,C,3,1703,1662,41,970,918,41,11,953,17,1800,830,516,437
18,GALATI,299,0,Scoala nr.3 Matca,MATCA,76692,C,3,1344,1253,91,774,683,91,0,750,24,1400,626,417,333
18,GALATI,300,0,Scoala nr.2 Matca,MATCA,76692,C,3,2220,2129,91,1082,991,91,0,1066,16,2300,1218,508,558
18,GALATI,301,0,Scoala nr.1 Matca,MATCA,76692,C,3,1621,1531,90,874,783,90,1,844,30,1700,826,479,365
18,GALATI,302,0,Scoala nr.1 Matca (etaj),MATCA,76692,C,3,1046,879,167,580,413,167,0,569,11,1000,420,295,274
18,GALATI,303,0,Scoala nr.1 Matca (etaj),MATCA,76692,C,3,3078,2998,80,1655,1574,80,1,1621,33,3300,1645,893,728
18,GALATI,304,0,"Scoala generala ""Ghe.V.Poalelungi"" Mastacani",MASTACANI,76718,C,3,1955,1917,38,809,771,38,0,798,11,2100,1291,532,266
18,GALATI,305,0,"Scoala nr.1 ""Dumitru Gunea"" Chiraftei",MASTACANI,76718,C,3,1202,1140,62,620,558,62,0,614,6,1300,680,442,172
18,GALATI,306,0,Scoala generala nr.2 Chiraftei de la sosea,MASTACANI,76718,C,3,1029,973,56,497,441,56,0,492,5,1100,603,351,141
18,GALATI,307,0,Camin cultural Movileni,MOVILENI,76745,C,3,1437,1418,19,721,702,19,0,710,11,1500,779,479,231
18,GALATI,308,0,Scoala nr.2 Movileni,MOVILENI,76745,C,3,1200,1165,35,613,578,35,0,604,9,1300,687,323,281
18,GALATI,309,0,Gradinita de copii Munteni,MUNTENI,75258,C,3,1386,1320,66,742,675,66,1,732,10,1400,658,407,325
18,GALATI,310,0,Scoala generala nr.1 Munteni,MUNTENI,75258,C,3,2036,1963,73,947,874,73,0,930,17,2100,1153,566,364
18,GALATI,311,0,Scoala generala Frunzeasca,MUNTENI,75258,C,3,277,256,21,150,129,21,0,148,2,300,150,87,61
18,GALATI,312,0,Scoala generala Tiganesti,MUNTENI,75258,C,3,792,764,28,426,398,28,0,420,6,800,374,223,197
18,GALATI,313,0,Scoala generala Ungureni,MUNTENI,75258,C,3,1135,1110,25,557,532,25,0,551,6,1200,643,319,232
18,GALATI,314,0,Scoala gimnaziala nr.1 Namoloasa,NAMOLOASA,76763,C,3,935,914,21,546,522,21,3,533,13,1000,454,397,136
18,GALATI,315,0,Scoala gimnaziala nr.2 Namoloasa,NAMOLOASA,76763,C,3,1086,1062,24,590,566,24,0,584,6,1200,610,458,126
18,GALATI,316,0,Gradinita de copii Negrilesti,NEGRILESTI,77579,C,3,1271,1250,21,697,676,21,0,685,12,1400,703,475,210
18,GALATI,317,0,Scoala generala Slobozia Blaneasa,NEGRILESTI,77579,C,3,835,818,17,436,419,17,0,428,8,900,464,246,182
18,GALATI,318,0,Scoala generala Nicoresti,NICORESTI,76807,C,3,1145,1109,36,588,552,36,0,575,13,1200,612,365,210
18,GALATI,319,0,Scoala generala Coasta Lupei,NICORESTI,76807,C,3,527,510,17,256,239,17,0,253,3,600,344,183,70
18,GALATI,320,0,Scoala generala Dobrinesti,NICORESTI,76807,C,3,324,308,16,175,159,16,0,174,1,400,225,120,54
18,GALATI,321,0,Scoala generala Fantani,NICORESTI,76807,C,3,550,531,19,294,275,19,0,288,6,600,306,210,78
18,GALATI,322,0,Scoala generala Ionasesti,NICORESTI,76807,C,3,577,553,24,318,294,24,0,309,9,600,282,180,129
18,GALATI,323,0,Scoala generala Malureni,NICORESTI,76807,C,3,161,149,12,98,86,12,0,92,6,200,102,56,36
18,GALATI,324,0,Scoala generala Oancea,OANCEA,76932,C,3,1373,1217,156,868,712,156,0,855,13,1400,532,596,259
18,GALATI,325,0,"Scoala nr.1, str.Galati, nr.152",PECHEA,76969,C,3,1849,1818,31,802,770,31,1,790,12,2000,1198,468,322
18,GALATI,326,0,"Scoala nr.2, str.Galati, nr.179",PECHEA,76969,C,3,1452,1360,92,752,660,92,0,746,6,1500,748,513,233
18,GALATI,327,0,"Scoala nr.3, str.Cooperatorilor, nr.11",PECHEA,76969,C,3,1234,1153,81,628,547,81,0,604,24,1300,672,382,222
18,GALATI,328,0,"Gradinita de copii nr.2, str.Galati, nr.240",PECHEA,76969,C,3,1269,1217,52,615,563,52,0,603,12,1300,685,377,226
18,GALATI,329,0,"Camin cultural, str.Galati, nr.252",PECHEA,76969,C,3,1738,1677,61,829,768,61,0,818,11,1800,971,529,289
18,GALATI,330,0,"Scoala nr.4, str.Suhurlui, nr.83",PECHEA,76969,C,3,1464,1376,88,864,774,88,2,850,14,1500,636,681,169
18,GALATI,331,0,Camin cultural Piscu,PISCU,76996,C,3,2011,1989,22,1011,989,22,0,1002,9,2200,1189,559,443
18,GALATI,332,0,Scoala generala nr.2 Piscu,PISCU,76996,C,3,1479,1457,22,772,750,22,0,764,8,1600,826,417,347
18,GALATI,333,0,Camin cultural Vames,PISCU,76996,C,3,384,373,11,217,206,11,0,215,2,400,183,164,51
18,GALATI,334,0,Scoala generala Poiana,POIANA,77587,C,3,1170,1089,81,729,647,81,1,721,8,1200,471,377,344
18,GALATI,335,0,Scoala generala Visina,POIANA,77587,C,3,403,382,21,268,247,21,0,260,8,500,232,169,91
18,GALATI,336,0,Scoala Priponesti de Sus,PRIPONESTI,77028,C,3,860,823,37,480,443,37,0,472,8,900,420,338,134
18,GALATI,337,0,Scoala Ciorasti,PRIPONESTI,77028,C,3,935,911,24,529,505,24,0,524,5,1000,471,437,87
18,GALATI,338,0,Scoala Liesti,PRIPONESTI,77028,C,3,219,210,9,113,104,9,0,113,0,300,187,92,21
18,GALATI,339,0,Scoala cu etaj Radesti,RADESTI,77561,C,3,1187,1105,82,657,575,82,0,650,7,1200,543,468,182
18,GALATI,340,0,Scoala primara Cruceanu,RADESTI,77561,C,3,246,223,23,149,126,23,0,145,4,300,151,124,21
18,GALATI,341,0,Casa de nunti Rediu,REDIU,77082,C,3,1494,1474,20,833,813,20,0,822,11,1700,867,621,201
18,GALATI,342,0,Gradinita Suhurlui,REDIU,77082,C,3,1301,1260,41,713,672,41,0,700,13,1400,687,497,203
18,GALATI,343,0,Scoala Plevna,REDIU,77082,C,3,540,511,29,350,321,29,0,347,3,600,250,293,54
18,GALATI,344,0,Gradinita de copii Schela,SCHELA,77153,C,3,973,951,22,599,577,22,0,594,5,1100,501,319,275
18,GALATI,345,0,Gradinita de copii Schela,SCHELA,77153,C,3,1199,1158,41,838,797,41,0,834,4,1301,463,477,357
18,GALATI,346,0,Scoala generala Negrea,SCHELA,77153,C,3,520,496,24,370,346,24,0,365,5,600,230,258,107
18,GALATI,347,0,Scoala generala Scinteiesti,SCANTEIESTI,77126,C,3,815,797,18,422,404,18,0,411,11,900,478,311,100
18,GALATI,348,0,Scoala generala Fantanele,SCANTEIESTI,77126,C,3,1427,1414,13,767,754,13,0,752,15,1600,833,557,195
18,GALATI,349,0,Sala de sedinte a Primariei Slobozia Conachi,SLOBOZIA CONACHI,77180,C,3,1470,1445,25,749,714,25,10,739,10,1600,851,512,227
18,GALATI,350,0,"Centrul de informare profesionala, Slobozia Conachi",SLOBOZIA CONACHI,77180,C,3,1268,1247,21,613,588,21,4,606,7,1400,787,360,246
18,GALATI,351,0,"Scoala generala, Sat Izvoarele",SLOBOZIA CONACHI,77180,C,3,821,811,10,411,401,10,0,408,3,900,489,231,177
18,GALATI,352,0,"Scoala generala, Sat Cuza Voda (localul nou)",SLOBOZIA CONACHI,77180,C,3,1228,1213,15,681,664,15,2,667,14,1300,619,490,177
18,GALATI,353,0,"Scoala generala, Sat Cuza Voda (localul vechi)",SLOBOZIA CONACHI,77180,C,3,1092,1086,6,622,614,6,2,611,11,1200,578,448,163
18,GALATI,354,0,Scoala generala Smardan,SMARDAN,77224,C,3,1512,1437,75,806,731,75,0,800,6,1600,794,510,290
18,GALATI,355,0,Scoala generala M.Kogalniceanu,SMARDAN,77224,C,3,589,579,10,348,338,10,0,348,0,700,352,257,91
18,GALATI,356,0,Scoala generala Cismele,SMARDAN,77224,C,3,913,896,17,500,483,17,0,494,6,1000,500,348,146
18,GALATI,357,0,Scoala gimnaziala (localul vechi),SMULTI,77260,C,3,1414,1341,73,855,777,73,5,836,18,1500,645,528,308
18,GALATI,358,0,Scoala generala Suceveni,SUCEVENI,77288,C,3,1131,1087,44,730,672,44,14,722,8,1200,470,544,178
18,GALATI,359,0,Scoala generala Rogojeni,SUCEVENI,77288,C,3,575,564,11,331,312,11,8,327,4,600,269,245,82
18,GALATI,360,0,Scoala cu clase I-VIII Sendreni,SENDRENI,75114,C,3,1709,1672,37,912,875,37,0,907,5,1900,988,503,404
18,GALATI,361,0,Scoala cu clase I-IV Movileni,SENDRENI,75114,C,3,394,383,11,204,193,11,0,201,3,500,296,109,92
18,GALATI,362,0,Scoala cu clase I-IV Serbestii Vechi,SENDRENI,75114,C,3,303,278,25,184,159,25,0,183,1,400,216,97,86
18,GALATI,363,0,Scoala generala T.Vladimirescu (veche),TUDOR VLADIMIRESCU,77313,C,3,2282,2263,19,1298,1279,19,0,1281,17,2500,1202,782,499
18,GALATI,364,0,Grup scolar T.Vladimirescu,TUDOR VLADIMIRESCU,77313,C,3,2006,1956,50,1245,1195,50,0,1231,14,2200,955,783,448
18,GALATI,365,0,Gradinita Tulucesti,TULUCESTI,77331,C,3,1726,1713,13,963,947,13,3,944,19,1900,937,521,423
18,GALATI,366,0,Scoala gererala Tulucesti,TULUCESTI,77331,C,3,1664,1652,12,886,870,12,4,873,13,1900,1014,549,324
18,GALATI,367,0,Scoala Tatarca,TULUCESTI,77331,C,3,686,675,11,391,380,11,0,385,6,800,409,227,158
18,GALATI,368,0,Scoala Sivita,TULUCESTI,77331,C,3,1165,1141,24,674,650,24,0,654,19,1200,526,354,300
18,GALATI,369,0,Gradinita Sivita,TULUCESTI,77331,C,3,994,978,16,527,511,16,0,509,18,1100,573,312,197
18,GALATI,370,0,Primaria Tepu,TEPU,77377,C,3,2088,2060,28,1277,1249,28,0,1255,21,2300,1023,652,603
18,GALATI,371,0,Scoala generala Umbraresti,UMBRARESTI,77402,C,3,1637,1573,64,985,921,64,0,971,14,1700,715,743,228
18,GALATI,372,0,Scoala generala Umbraresti Deal,UMBRARESTI,77402,C,3,2042,1943,99,904,805,99,0,895,9,2200,1296,568,327
18,GALATI,373,0,Scoala generala Torcesti,UMBRARESTI,77402,C,3,501,445,56,311,255,56,0,304,7,500,189,233,71
18,GALATI,374,0,Scoala Condrea,UMBRARESTI,77402,C,3,530,502,28,353,325,28,0,348,5,600,247,282,66
18,GALATI,375,0,Scoala Salcia,UMBRARESTI,77402,C,3,676,649,27,367,340,27,0,361,6,800,433,254,107
18,GALATI,376,0,Scoala Silistea,UMBRARESTI,77402,C,3,293,271,22,167,145,22,0,166,1,400,233,125,41
18,GALATI,377,0,"Scoala generala nr.1, Valea Marului",VALEA MARULUI,77475,C,3,1880,1841,39,982,943,39,0,971,11,2100,1118,638,333
18,GALATI,378,0,Scoala Coasta Vaii,VALEA MARULUI,77475,C,3,282,266,16,178,160,16,2,177,1,300,122,145,32
18,GALATI,379,0,Scoala generala Mandresti,VALEA MARULUI,77475,C,3,928,903,25,501,476,25,0,495,6,1000,499,337,158
18,GALATI,380,0,"Scoala nr.1 ""Sf.Nicolae"", Vinatori",VANATORI,75150,C,3,1507,1470,37,903,866,37,0,889,14,1700,797,526,363
18,GALATI,381,0,"Scoala ""Maria Grecu"" Odaia Manolache",VANATORI,75150,C,3,1224,1189,35,745,710,35,0,740,5,1300,555,477,263
18,GALATI,382,0,Scoala generala Costi,VANATORI,75150,C,3,433,422,11,246,235,11,0,244,2,500,254,134,110
18,GALATI,383,0,Scoala generala Varlezi,VARLEZI,77509,C,3,992,974,18,523,505,18,0,514,9,1100,577,353,161
18,GALATI,384,0,Scoala generala Craiesti,VARLEZI,77509,C,3,757,744,13,438,425,13,0,428,10,800,362,315,113
18,GALATI,385,0,Camin cultural Vladesti,VLADESTI,77536,C,3,1056,1020,36,581,545,36,0,573,8,1200,619,419,154
18,GALATI,386,0,Scoala generala Branesti,VLADESTI,77536,C,3,813,779,34,518,484,34,0,503,15,900,382,425,78
18,GALATI,387,1,"Str.Al.Moruzzi nr.5-7, Spitalul General CF Galati",MUNICIPIUL GALATI,75098,M,1,12,0,12,105,0,12,93,105,0,200,95,51,54
19,GIURGIU,1,0,SCOALA GENERALA NR.1 PIATA SF.GHEORGHE,MUNICIPIUL GIURGIU,100521,M,1,1337,1317,20,790,761,20,9,790,0,1499,709,383,407
19,GIURGIU,2,0,CLUB SPORTIV DUNAREA GIURGIU,MUNICIPIUL GIURGIU,100521,M,1,1215,1197,18,787,768,18,1,784,3,1300,513,365,419
19,GIURGIU,3,0,GRADINITA NR.7 STR.MIHAIL SADOVEANU,MUNICIPIUL GIURGIU,100521,M,1,1355,1345,10,773,763,10,0,760,13,1300,527,345,415
19,GIURGIU,4,0,LICEUL TUDOR VIANU (LICEUL NR.2) STR.23 AUGUST NR.10,MUNICIPIUL GIURGIU,100521,M,1,1365,1350,15,717,701,15,1,711,6,1300,583,362,349
19,GIURGIU,5,0,SCOALA GENERALA NR.2 STR.NICOLAE IORGA NR.34 (FOST 6 MARTIE),MUNICIPIUL GIURGIU,100521,M,1,1404,1388,16,801,782,16,3,794,7,1400,599,427,367
19,GIURGIU,6,0,CANTINA LIC.DE CHIMIE ( LANGA ISTRU ),MUNICIPIUL GIURGIU,100521,M,1,1477,1452,25,807,782,25,0,794,13,1600,793,411,383
19,GIURGIU,7,0,CANTINA LIC.DE CHIMIE ( LANGA ISTRU ) SOS.SLOBOZIEI NR.1,MUNICIPIUL GIURGIU,100521,M,1,1309,1294,15,672,657,15,0,655,17,1400,728,369,286
19,GIURGIU,8,0,POLIGON AUTO STR.RAMADAN,MUNICIPIUL GIURGIU,100521,M,1,1255,1232,23,639,616,23,0,630,9,1400,761,364,266
19,GIURGIU,9,0,SEDIUL POLICLINICII SOS.ALEXANDRIEI NR.7,MUNICIPIUL GIURGIU,100521,M,1,1362,1344,18,786,767,18,1,774,12,1500,714,434,340
19,GIURGIU,10,0,LICEUL N.CARTOJAN STR.23 AUGUST NR.57 (FOST LIC.IND.DE CONSTR),MUNICIPIUL GIURGIU,100521,M,1,1210,1186,24,628,604,24,0,620,8,1300,672,332,288
19,GIURGIU,11,0,SCOALA GENERALA NR.3 STR.DAN LUCAN NR.19,MUNICIPIUL GIURGIU,100521,M,1,1402,1388,14,704,690,14,0,687,17,1500,796,398,289
19,GIURGIU,12,0,GRADINITA NR.8 STR.GORNENI NR.54,MUNICIPIUL GIURGIU,100521,M,1,863,844,19,562,543,19,0,553,9,900,338,334,219
19,GIURGIU,13,0,DIRECTIA PENTRU AGRICULTURA SI DEZVOLTARE RURALA SOS.GHIZDARULUI NR.2,MUNICIPIUL GIURGIU,100521,M,1,1446,1428,18,594,576,18,0,578,16,1600,1006,349,229
19,GIURGIU,14,0,DIRECTIA PENTRU AGRICULTURA SI DEZVOLTARE RURALA SOS.GHIZDARULUI NR.2,MUNICIPIUL GIURGIU,100521,M,1,1206,1182,24,605,515,24,66,596,9,1300,695,365,231
19,GIURGIU,15,0,FOSTA SCOALA NR.9 (FABRICA DE CARAMIDA),MUNICIPIUL GIURGIU,100521,M,1,1477,1459,18,643,625,18,0,625,18,1600,957,338,287
19,GIURGIU,16,0,A.J.O.F.P.SOS.BUCURESTI BL.202/5D PARTER,MUNICIPIUL GIURGIU,100521,M,1,1050,1030,20,586,565,20,1,582,4,1100,514,306,276
19,GIURGIU,17,0,SPITALUL JUDETEAN SOS.BUCURESTI,MUNICIPIUL GIURGIU,100521,M,1,1145,1119,26,752,638,26,88,749,3,1200,448,387,362
19,GIURGIU,18,0,DIRECTIA TERITORIALA PT.HANDICAPATI SOS.BUCURESTI,MUNICIPIUL GIURGIU,100521,M,1,1346,1326,20,719,699,20,0,712,7,1516,797,471,241
19,GIURGIU,19,0,SPITALUL JUDETEAN SOS BUCURESTI,MUNICIPIUL GIURGIU,100521,M,1,1498,1470,28,834,806,28,0,830,4,1600,766,373,457
19,GIURGIU,20,0,SCOALA GENERALA NR.8,MUNICIPIUL GIURGIU,100521,M,1,1145,1135,10,558,548,10,0,550,8,1300,742,298,252
19,GIURGIU,21,0,CLUB I.R.E SOS.BUCUREST BL.202/5D PARTER,MUNICIPIUL GIURGIU,100521,M,1,1254,1232,22,716,694,22,0,710,6,1400,684,370,340
19,GIURGIU,22,0,SCOALA GENERALA NR.8,MUNICIPIUL GIURGIU,100521,M,1,1348,1328,20,688,668,20,0,680,8,1500,812,335,345
19,GIURGIU,23,0,SCOALA GENERALA NR.8,MUNICIPIUL GIURGIU,100521,M,1,1307,1286,21,676,655,21,0,675,1,1400,724,310,365
19,GIURGIU,24,0,SCOALA GENERALA NR.8,MUNICIPIUL GIURGIU,100521,M,1,1187,1177,10,635,625,10,0,633,2,1300,665,287,346
19,GIURGIU,25,0,SCOALA GENERALA NR.8,MUNICIPIUL GIURGIU,100521,M,1,1314,1297,17,653,636,17,0,647,6,1400,747,306,341
19,GIURGIU,26,0,SOS.BUCURESTI BL.B3/1S,MUNICIPIUL GIURGIU,100521,M,1,1157,1145,12,611,599,12,0,608,3,1300,689,362,246
19,GIURGIU,27,0,STR.TINERETULUI ROMTELECOM,MUNICIPIUL GIURGIU,100521,M,1,1143,1133,10,582,571,10,1,575,7,1200,618,280,295
19,GIURGIU,28,0,"DISPENSARUL URBAN NR.5 SOS,BUCURESTI ANSAMBLUL 1D",MUNICIPIUL GIURGIU,100521,M,1,1092,1079,13,560,547,13,0,556,4,1200,640,231,325
19,GIURGIU,29,0,SOS.BUCURESTI BL.67/1D PARTER,MUNICIPIUL GIURGIU,100521,M,1,1129,1114,15,605,590,15,0,603,2,1200,595,295,308
19,GIURGIU,30,0,SCOALA GENERALA NR.10,MUNICIPIUL GIURGIU,100521,M,1,1165,1144,21,583,562,21,0,581,2,1300,717,286,295
19,GIURGIU,31,0,SCOALA GENERALA NR.10,MUNICIPIUL GIURGIU,100521,M,1,1275,1254,21,627,606,21,0,624,3,1400,773,320,304
19,GIURGIU,32,0,SCOALA GENERALA NR.10,MUNICIPIUL GIURGIU,100521,M,1,1317,1302,15,631,615,15,1,627,4,1400,769,290,337
19,GIURGIU,33,0,SCOALA GENERALA NR.10,MUNICIPIUL GIURGIU,100521,M,1,1111,1100,11,568,557,11,0,560,8,1200,632,290,270
19,GIURGIU,34,0,GRADINITA CU PROGRAM PRELUNGIT STR.TINERETULUI NR.3,MUNICIPIUL GIURGIU,100521,M,1,1113,1098,15,512,497,15,0,506,6,1200,688,263,243
19,GIURGIU,35,0,GRADINITA CU PROGRAM PRELUNGIT STR.TINERETULUI NR.3,MUNICIPIUL GIURGIU,100521,M,1,1128,1110,18,550,531,18,1,547,3,1200,650,306,241
19,GIURGIU,36,0,SCOALA GENERALA NR.5,MUNICIPIUL GIURGIU,100521,M,1,1402,1380,22,648,626,22,0,641,7,1500,852,297,344
19,GIURGIU,37,0,SCOALA GENERALA NR.5,MUNICIPIUL GIURGIU,100521,M,1,1334,1313,21,678,657,21,0,676,2,1400,722,384,292
19,GIURGIU,38,0,GRADINITA NR.4,MUNICIPIUL GIURGIU,100521,M,1,1238,1223,15,581,565,15,1,577,4,1400,819,320,257
19,GIURGIU,39,0,GARDIENII PUBLICI STR.TINERETULUI,MUNICIPIUL GIURGIU,100521,M,1,1170,1150,20,481,460,20,1,475,6,1300,819,248,227
19,GIURGIU,40,0,SCOALA GENERALA NR.6,MUNICIPIUL GIURGIU,100521,M,1,1403,1389,14,682,668,14,0,678,4,1500,818,363,315
19,GIURGIU,41,0,SCOALA GENERALA NR.6,MUNICIPIUL GIURGIU,100521,M,1,1263,1245,18,642,624,18,0,636,6,1400,758,340,296
19,GIURGIU,42,0,LICEUL ECONOMIC STR.1 DECEMBRIE 1918 NR.92,MUNICIPIUL GIURGIU,100521,M,1,1230,1199,31,666,635,31,0,656,10,1306,640,369,287
19,GIURGIU,43,0,CASA ARMATEI,MUNICIPIUL GIURGIU,100521,M,1,1225,1209,16,641,625,16,0,637,4,1300,659,343,294
19,GIURGIU,44,0,LICEUL ION MAJORESCU,MUNICIPIUL GIURGIU,100521,M,1,1183,1166,17,758,739,17,2,758,0,1306,548,339,419
19,GIURGIU,45,0,LICEUL ION MAJORESCU,MUNICIPIUL GIURGIU,100521,M,1,1025,998,27,665,638,27,0,656,9,1100,435,314,342
19,GIURGIU,46,0,SCOALA GENERALA NR.7,MUNICIPIUL GIURGIU,100521,M,1,1453,1431,22,852,812,22,18,844,8,1600,748,375,469
19,GIURGIU,47,0,SCOALA GENERALA NR.4,MUNICIPIUL GIURGIU,100521,M,1,1696,1647,49,859,708,49,102,851,8,1800,941,620,231
19,GIURGIU,48,0,GRADINITA CU PROGRAM NORMAL STR.SMIRDA,MUNICIPIUL GIURGIU,100521,M,1,1418,1395,23,790,767,23,0,776,14,1500,710,405,371
19,GIURGIU,49,1,GARA GIURGIU ORAS,MUNICIPIUL GIURGIU,100521,M,1,10,0,10,613,0,10,603,604,9,800,187,250,354
19,GIURGIU,50,1, A.P.D.F.GIURGIU SOS.PORTULUI,MUNICIPIUL GIURGIU,100521,M,1,0,0,0,50,0,0,50,50,0,100,50,10,40
19,GIURGIU,51,1,UNITATEA DE JANDARMI SOS. BUCURESTI,MUNICIPIUL GIURGIU,100521,M,1,25,0,25,273,0,25,248,260,13,307,34,132,128
19,GIURGIU,52,1,VAMA GIURGIU,MUNICIPIUL GIURGIU,100521,M,1,0,0,0,74,0,0,74,73,1,102,28,25,48
19,GIURGIU,53,0,SCOALA GENERALA BOLINTIN VALE(BIBLIOTECA ORASENESCA),ORAS BOLINTIN-VALE,101190,O,1,1222,1205,17,708,686,17,5,703,5,1300,592,309,394
19,GIURGIU,54,0,SCOALA GENERALA BOLINTIN VALE,ORAS BOLINTIN-VALE,101190,O,1,2178,2153,25,1020,995,25,0,997,23,2400,1380,857,140
19,GIURGIU,55,0,LICEUL BOLINTIN VALE,ORAS BOLINTIN-VALE,101190,O,1,884,848,36,801,421,36,344,797,4,900,99,407,390
19,GIURGIU,56,0,PRIMARIA BOLINTIN VALE,ORAS BOLINTIN-VALE,101190,O,1,1527,1497,30,690,646,30,14,687,3,1700,1010,325,362
19,GIURGIU,57,0,SCOALA GENERALA MALU SPART,ORAS BOLINTIN-VALE,101190,O,1,1330,1318,12,730,705,12,13,720,10,1500,770,483,237
19,GIURGIU,58,0,SCOALA GENERALA MALU SPART,ORAS BOLINTIN-VALE,101190,O,1,1476,1464,12,708,680,12,16,694,14,1600,892,425,269
19,GIURGIU,59,0,SCOALA GENERALA CRIVINA,ORAS BOLINTIN-VALE,101190,O,1,669,657,12,350,338,12,0,344,6,700,350,229,115
19,GIURGIU,60,0,SCOALA GENERALA NR.1,ORAS MIHAILESTI,104136,O,1,2495,2470,25,1495,1272,25,198,1486,9,2700,1205,905,581
19,GIURGIU,61,0,SCOALA GENERALA NR.2 TUFA,ORAS MIHAILESTI,104136,O,1,953,938,15,516,501,15,0,508,8,1100,584,335,173
19,GIURGIU,62,0,SCOALA GENERALA NR.3 DRAGANESCU,ORAS MIHAILESTI,104136,O,1,373,362,11,257,246,11,0,254,3,400,143,180,74
19,GIURGIU,63,0,SCOALA GENERALA NR.4 POPESTI,ORAS MIHAILESTI,104136,O,1,906,887,19,510,491,19,0,502,8,1000,490,366,136
19,GIURGIU,64,0,SCOALA GENERALA NR.5 NOVACI,ORAS MIHAILESTI,104136,O,1,941,923,18,903,885,18,0,888,15,1000,97,757,131
19,GIURGIU,65,0,SCOALA GENERALA NR.1,ADUNATII-COPACENI,100781,C,3,1515,1415,100,711,555,100,56,709,2,1600,889,411,298
19,GIURGIU,66,0,SCOALA GENERALA NR.2,ADUNATII-COPACENI,100781,C,3,1316,1187,129,637,508,129,0,622,15,1300,663,344,278
19,GIURGIU,67,0,SCOALA GENERALA NR.1 DARASTI VLASCA,ADUNATII-COPACENI,100781,C,3,1696,1647,49,859,708,49,102,851,8,1800,941,620,231
19,GIURGIU,68,0,SCOALA GENERALA NR.1 VARLAAM,ADUNATII-COPACENI,100781,C,3,488,433,55,276,221,55,0,274,2,500,224,170,104
19,GIURGIU,69,0,SCOALA GENERALA NR.1 MOGOSESTI,ADUNATII-COPACENI,100781,C,3,394,350,44,256,198,44,14,249,7,400,144,155,94
19,GIURGIU,70,0,SCOALA GENERALA NR.1 BANESA,BANEASA,101001,C,3,1956,1887,69,854,785,69,0,839,15,2107,1253,504,335
19,GIURGIU,71,0,SCOALA GENERALA NR.2 MELETIE,BANEASA,101001,C,3,913,816,97,467,370,97,0,458,9,900,433,243,215
19,GIURGIU,72,0,SCOALA GENERALA NR.4 PIETRELE,BANEASA,101001,C,3,1119,1097,22,578,556,22,0,568,10,1200,622,384,184
19,GIURGIU,73,0,SCOALA GENERALA NR.3 FRASINU,BANEASA,101001,C,3,520,509,11,250,239,11,0,248,2,600,350,168,80
19,GIURGIU,74,0,SCOALA GENERALA NR.6 SF.GHEORGHE,BANEASA,101001,C,3,215,164,51,139,88,51,0,136,3,200,61,102,34
19,GIURGIU,75,0,CAMIN CULTURAL BOLINTIN DEAL,BOLINTIN-DEAL,101163,C,3,1488,1447,41,653,531,41,81,648,5,1600,947,406,242
19,GIURGIU,76,0,SCOALA GENERALA NR.1 BOLINTIN DEAL,BOLINTIN-DEAL,101163,C,3,1906,1884,22,605,583,22,0,594,11,2100,1495,287,307
19,GIURGIU,77,0,SCOALA GENERALA NR.2 MIHAI VODA,BOLINTIN-DEAL,101163,C,3,1544,1516,28,700,668,28,4,692,7,1700,1000,324,368
19,GIURGIU,78,0,SCOALA GENERALA BUCSANI,BUCSANI,101378,C,3,820,772,48,558,510,48,0,552,6,900,342,394,158
19,GIURGIU,79,0,SCOALA GENERALA VADU LAT,BUCSANI,101378,C,3,593,563,30,376,346,30,0,373,3,600,224,246,127
19,GIURGIU,80,0,SCOALA GENERALA PODISOR,BUCSANI,101378,C,3,452,425,27,409,382,27,0,407,2,500,91,337,70
19,GIURGIU,81,0,SCOALA GENERALA OBEDENI,BUCSANI,101378,C,3,397,351,46,230,184,46,0,228,2,400,170,165,63
19,GIURGIU,82,0,SCOALA GENERALA UESTI,BUCSANI,101378,C,3,380,353,27,242,215,27,0,236,6,400,158,181,55
19,GIURGIU,83,0,SCOALA GENERALA GOLEASCA,BUCSANI,101378,C,3,418,398,20,237,217,20,0,234,3,405,168,190,44
19,GIURGIU,84,0,CAMINUL CULTURAL BULBUCATA,BULBUCATA,101519,C,3,1216,1185,31,825,794,31,0,811,14,1400,575,639,172
19,GIURGIU,85,0,SCOALA GENERALA BUTURUGENI,BUTURUGENI,101617,C,3,1073,1064,9,640,631,9,0,639,1,1200,560,379,260
19,GIURGIU,86,0,SCOALA GENERALA PRISICENI,BUTURUGENI,101617,C,3,589,563,26,501,475,26,0,500,1,600,99,345,155
19,GIURGIU,87,0,SCOALA GENERALA PADURENI,BUTURUGENI,101617,C,3,1220,1209,11,867,856,11,0,809,58,1400,533,615,194
19,GIURGIU,88,0,SCOALA GENERALA POSTA,BUTURUGENI,101617,C,3,277,256,21,192,171,21,0,188,4,300,108,128,60
19,GIURGIU,89,0,SCOALA GENERALA CALUGARENI,CALUGARENI,101662,C,3,1187,1171,16,512,496,16,0,502,10,1300,788,284,218
19,GIURGIU,90,0,SCOALA PRIMARA CRUCEA DE PIATRA,CALUGARENI,101662,C,3,273,264,9,129,120,9,0,129,0,300,171,89,40
19,GIURGIU,91,0,SCOALA GENERALA BRANISTARI,CALUGARENI,101662,C,3,764,752,12,323,311,12,0,312,11,800,477,217,95
19,GIURGIU,92,0,SCOALA GENERALA UZUNU,CALUGARENI,101662,C,3,1232,1210,22,513,491,22,0,507,6,1400,887,310,197
19,GIURGIU,93,0,SCOALA GENERALA HULUBESTI,CALUGARENI,101662,C,3,1458,1449,9,588,579,9,0,582,6,1600,1012,357,225
19,GIURGIU,94,0,CAMINUL CULTURAL CLEJANI,CLEJANI,101984,C,3,1446,1414,32,789,727,32,30,773,16,1600,811,528,245
19,GIURGIU,95,0,SCOALA GENERALA CLASELE I-IV NEAJLOV,CLEJANI,101984,C,3,989,986,3,562,543,3,16,544,18,1100,538,456,88
19,GIURGIU,96,0,SCOALA GENERALA NR.1 COLIBASI,COLIBASI,102071,C,3,1037,950,87,661,574,87,0,646,15,1000,339,503,143
19,GIURGIU,97,0,SCOALA GENERALA NR.3 COLIBASI,COLIBASI,102071,C,3,880,833,47,559,512,47,0,547,12,1000,441,416,131
19,GIURGIU,98,0,SCOALA GENERALA NR.2 CIMPURELU,COLIBASI,102071,C,3,1193,1178,15,775,760,15,0,757,18,1300,525,660,97
19,GIURGIU,99,0,SCOALA GENERALA CLASELE I-VIII,COMANA,102106,C,3,1915,1886,29,906,865,29,12,891,15,2100,1194,476,415
19,GIURGIU,100,0,SCOALA GENERALA CLASELE I-IV BUDENI,COMANA,102106,C,3,605,493,112,410,290,112,8,391,19,600,190,200,191
19,GIURGIU,101,0,SCOALA GENERALA CLASELE I-VIII FALASTOACA,COMANA,102106,C,3,591,569,22,331,290,22,19,327,4,600,269,196,131
19,GIURGIU,102,0,SCOALA GENERALA CLASELE I-VIII GRADISTEA,COMANA,102106,C,3,1446,1419,27,741,626,27,88,727,14,1600,859,422,305
19,GIURGIU,103,0,SCOALA GENERALA CLASELE I-VIII VLAD TEPES,COMANA,102106,C,3,1413,1387,26,812,773,26,13,803,9,1500,688,565,238
19,GIURGIU,104,1,PUNCT CONTROL U.M. 0445 GRADISTEA,COMANA,102106,C,3,8,0,8,126,0,8,118,125,1,200,74,84,41
19,GIURGIU,105,0,SCOALA GENERALA COSOBA,COSOBA,179748,C,3,1850,1829,21,852,831,21,0,841,11,2100,1248,639,202
19,GIURGIU,106,0,SCOALA GENERALA CREVEDIA MARE,CREVEDIA MARE,102348,C,3,1170,1136,34,676,642,34,0,668,8,1300,624,451,217
19,GIURGIU,107,0,SCOALA GENERALA DEALU,CREVEDIA MARE,102348,C,3,887,861,26,618,592,26,0,607,11,1000,382,447,160
19,GIURGIU,108,0,SCOALA GENERALA CREVEDIA MICA,CREVEDIA MARE,102348,C,3,1500,1455,45,762,717,45,0,749,13,1600,838,596,153
19,GIURGIU,109,0,CAMINUL CULTURAL DAIA,DAIA,102446,C,3,601,595,6,334,328,6,0,330,4,700,366,220,110
19,GIURGIU,110,0,SCOALA GENERALA  NR.1 DAIA,DAIA,102446,C,3,357,344,13,196,183,12,1,193,3,402,206,138,55
19,GIURGIU,111,0,SCOALA GENERALA  NR.2 PLOPSORU,DAIA,102446,C,3,764,751,13,426,404,13,9,415,11,802,376,250,165
19,GIURGIU,112,0,SCOALA GENERALA  NR.3 PLOPSORU,DAIA,102446,C,3,805,770,35,485,450,35,0,479,6,900,415,375,104
19,GIURGIU,113,0,SCOALA GENERALA  STOENESTI,FLORESTI-STOENESTI,102794,C,3,1457,1425,32,602,530,32,40,591,11,1600,998,342,249
19,GIURGIU,114,0,SCOALA  VECHE FLORESTI,FLORESTI-STOENESTI,102794,C,3,1908,1828,80,880,761,80,39,868,12,2000,1120,573,295
19,GIURGIU,115,0,SCOALA   NOUA FLORESTI,FLORESTI-STOENESTI,102794,C,3,1362,1322,40,831,791,40,0,819,12,1500,669,564,255
19,GIURGIU,116,0,SCOALA GENERALA  PALANCA,FLORESTI-STOENESTI,102794,C,3,858,837,21,438,417,21,0,433,5,900,462,170,263
19,GIURGIU,117,0,DISPENSAR VETERINAR PALANCA,FLORESTI-STOENESTI,102794,C,3,1093,1073,20,493,457,20,16,484,9,1200,707,243,241
19,GIURGIU,118,0,CAMIN CULTURAL FRATESTI,FRATESTI,102909,C,3,2139,2122,17,969,952,17,0,947,22,2300,1331,614,333
19,GIURGIU,119,0,CAMIN CULTURAL REMUS,FRATESTI,102909,C,3,1571,1530,41,830,789,41,0,817,13,1700,870,514,303
19,GIURGIU,120,0,SCOALA GENERALA  CETATEA,FRATESTI,102909,C,3,511,496,15,253,238,15,0,249,4,600,347,208,41
19,GIURGIU,121,0,SCOALA GENERALA  BALANOAIA,FRATESTI,102909,C,3,197,179,18,114,96,18,0,113,1,200,86,87,26
19,GIURGIU,122,0,SCOALA GENERALA  GAISENI,GAISENI,103087,C,3,1678,1639,39,640,601,39,0,628,12,1800,1160,410,218
19,GIURGIU,123,0,SCOALA GENERALA  CASCIOARELE,GAISENI,103087,C,3,1626,1594,32,563,531,32,0,554,9,1800,1237,391,163
19,GIURGIU,124,0,SCOALA GENERALA  CARPENISU,GAISENI,103087,C,3,616,566,50,365,315,50,0,358,7,600,235,265,93
19,GIURGIU,125,0,SCOALA GENERALA  POD POPA NAE,GAISENI,103087,C,3,178,152,26,112,86,26,0,111,1,200,88,81,30
19,GIURGIU,126,0,SCOALA GENERALA  CETATUIA,GAUJANI,103194,C,3,198,189,9,124,115,9,0,123,1,200,76,75,48
19,GIURGIU,127,0,GRADINITA DE COPII GAUJANI,GAUJANI,103194,C,3,1145,1118,27,662,622,27,13,650,12,1200,538,401,249
19,GIURGIU,128,0,SCOALA CLASELE I-IV PIETRISU,GAUJANI,103194,C,3,789,773,16,411,395,16,0,402,9,900,489,287,115
19,GIURGIU,129,0,SCOALA GENERALA  GHIMPATI,GHIMPATI,103238,C,3,1204,1180,24,1012,988,24,0,990,22,1300,288,810,180
19,GIURGIU,130,0,GRADINITA CROVU,GHIMPATI,103238,C,3,671,652,19,363,344,19,0,357,6,700,337,275,82
19,GIURGIU,131,0,SCOALA  CLASELE  I-IV  COPACIU,GHIMPATI,103238,C,3,932,905,27,475,448,27,0,456,19,1002,527,353,103
19,GIURGIU,132,0,SCOALA GENERALA  NAIPU,GHIMPATI,103238,C,3,1353,1347,6,670,664,6,0,653,17,1500,830,486,167
19,GIURGIU,133,0,SCOALA CLASELE  I-IV  VALEA PLOPILOR,GHIMPATI,103238,C,3,451,431,20,243,223,20,0,238,5,500,257,182,56
19,GIURGIU,134,0,CAMIN CULTURAL GOGOSARI,GOGOSARI,103309,C,3,742,725,17,414,397,17,0,410,4,800,386,315,95
19,GIURGIU,135,0,SCOALA GENERALA RALESTI,GOGOSARI,103309,C,3,157,143,14,100,81,14,5,97,3,200,100,78,19
19,GIURGIU,136,0,FOSTA PRIMARIE DRAGHICEANU,GOGOSARI,103309,C,3,128,115,13,102,88,13,1,99,3,200,98,74,25
19,GIURGIU,137,0,SCOALA GENERALA  IZVORU,GOGOSARI,103309,C,3,586,562,24,308,270,24,14,305,3,600,292,213,92
19,GIURGIU,138,0,SCOALA GENERALA  NR.1 GOSTINARI,GOSTINARI,103372,C,3,1523,1509,14,917,876,14,27,894,23,1700,783,632,262
19,GIURGIU,139,0,SCOALA GENERALA  MIRONESTI,GOSTINARI,103372,C,3,522,513,9,290,198,9,83,282,8,600,310,227,55
19,GIURGIU,140,0,SCOALA GENERALA  GOSTINU,GOSTINU,103354,C,3,998,983,15,503,488,15,0,499,4,1100,597,321,178
19,GIURGIU,141,0,PRIMARIA GOSTINU,GOSTINU,103354,C,3,1019,1013,6,533,527,6,0,518,15,1200,667,371,147
19,GIURGIU,142,0,SCOALA GENERALA GRADINARI,GRADINARI,103407,C,3,863,844,19,562,543,19,0,553,9,900,338,334,219
19,GIURGIU,143,0,SCOALA GENERALA  TINTAVA,GRADINARI,103407,C,3,903,861,42,738,696,42,0,732,6,1000,262,560,172
19,GIURGIU,144,7,SCOALA GENERALA  ZORILE,GRADINARI,103407,C,3,790,764,26,595,569,26,0,591,4,900,305,389,202
19,GIURGIU,145,0,SCOALA GENERALA  GREACA,GREACA,103470,C,3,1664,1638,26,880,834,26,20,863,17,1800,920,366,497
19,GIURGIU,146,0,SCOALA PUTU GRECI,GREACA,103470,C,3,354,343,11,229,206,11,12,223,6,400,171,153,70
19,GIURGIU,147,0,SCOALA   ZBOIU,GREACA,103470,C,3,305,295,10,212,202,10,0,210,2,400,188,178,32
19,GIURGIU,148,0,SCOALA GENERALA HERASTI,HERASTI,179757,C,3,1656,1532,124,905,781,124,0,896,9,1700,795,607,289
19,GIURGIU,149,0,SCOALA GENERALA  HOTARELE VALE,HOTARELE,103639,C,3,1591,1563,28,569,538,28,3,554,15,1700,1131,237,317
19,GIURGIU,150,0,SCOALA GENERALA  HOTARELE DEAL,HOTARELE,103639,C,3,745,692,53,380,327,53,0,377,3,800,420,203,174
19,GIURGIU,151,0,LICEUL TEORETIC UDRISTE NASTUREL,HOTARELE,103639,C,3,788,728,60,357,297,60,0,352,5,800,443,163,189
19,GIURGIU,152,0,SCOALA GENERALA  SCARISOARA,HOTARELE,103639,C,3,783,728,55,377,322,55,0,371,6,800,423,223,148
19,GIURGIU,153,0,PRIMARIA IEPURESTI,IEPURESTI,103693,C,3,901,883,18,582,564,18,0,570,12,1001,419,428,142
19,GIURGIU,154,0,SCOALA GENERALA GORNENI,IEPURESTI,103693,C,3,449,437,12,290,278,12,0,288,2,500,210,222,66
19,GIURGIU,155,0,SCOALA GENERALA STALPU,IEPURESTI,103693,C,3,207,196,11,145,134,11,0,145,0,200,55,91,54
19,GIURGIU,156,0,SCOALA  VALTER MARACINEANU,IEPURESTI,103693,C,3,113,91,22,83,57,22,4,81,2,100,17,65,16
19,GIURGIU,157,0,MAGAZINUL SATESC BANESTI,IEPURESTI,103693,C,3,97,90,7,68,61,7,0,65,3,100,32,51,14
19,GIURGIU,158,0,SCOALA CLS.I-IV CHIRCULESTI,IEPURESTI,103693,C,3,71,59,12,53,41,12,0,53,0,100,47,43,10
19,GIURGIU,159,0,SCOALA GENERALA ISVOARELE,ISVOARELE,179766,C,3,1322,1216,106,1084,978,106,0,1068,16,1200,116,874,194
19,GIURGIU,160,0,SCOALA GENERALA TEIUSU,ISVOARELE,179766,C,3,211,127,84,200,116,84,0,197,3,300,100,159,38
19,GIURGIU,161,0,SCOALA GENERALA IZVOARELE,IZVOARELE,103899,C,3,1258,1193,65,576,511,65,0,575,1,1300,724,395,180
19,GIURGIU,162,0,SCOALA GENERALA CHIRIACU,IZVOARELE,103899,C,3,1447,1407,40,654,614,40,0,645,9,1600,946,495,150
19,GIURGIU,163,0,SCOALA GENERALA PETRU RARES,IZVOARELE,103899,C,3,178,121,57,107,50,57,0,105,2,150,43,75,30
19,GIURGIU,164,0,SCOALA GENERALA VALEA BUJORULUI,IZVOARELE,103899,C,3,503,485,18,257,239,18,0,253,4,550,293,199,54
19,GIURGIU,165,0,SECTIA S.M.A. DIMITRIE CANTEMIR,IZVOARELE,103899,C,3,249,226,23,93,70,23,0,92,1,250,157,64,28
19,GIURGIU,166,0,SCOALA GENERALA RADU VODA,IZVOARELE,103899,C,3,234,227,7,109,102,7,0,108,1,250,141,59,49
19,GIURGIU,167,0,SALA DE SEDINTA A CONSILIULUI LOCAL,JOITA,103997,C,3,1730,1690,40,758,718,40,0,748,10,1900,1142,304,444
19,GIURGIU,168,0,SCOALA CLS.I-VIII BICU,JOITA,103997,C,3,934,876,58,637,579,58,0,632,5,1000,363,479,153
19,GIURGIU,169,0,CAMIN CULTURAL LETCA NOUA,LETCA NOUA,104047,C,3,805,783,22,536,503,22,11,530,6,900,364,401,129
19,GIURGIU,170,0,CAMIN CULTURAL LETCA VECHE,LETCA NOUA,104047,C,3,934,932,2,519,508,2,9,509,10,1000,481,399,110
19,GIURGIU,171,0,CAMIN CULTURAL MILCOVATU,LETCA NOUA,104047,C,3,1043,1032,11,568,547,11,10,562,6,1200,632,360,202
19,GIURGIU,172,0,CLADIRE CONSUMCOOP,MALU,179739,C,3,693,649,44,431,387,44,0,424,7,700,269,298,126
19,GIURGIU,173,0,CAMIN CULTURAL,MALU,179739,C,3,559,524,35,296,261,35,0,286,10,600,304,197,89
19,GIURGIU,174,0,GRADINITA DE COPII MALU,MALU,179739,C,3,586,555,31,340,309,31,0,338,2,600,260,231,107
19,GIURGIU,175,0,CLADIRE CONSUMCOOP,MALU,179739,C,3,463,441,22,260,238,22,0,259,1,500,240,179,80
19,GIURGIU,176,0,SCOALA GENERALA MARSA,MARSA,104225,C,3,1307,1295,12,689,677,12,0,679,10,1400,711,400,279
19,GIURGIU,177,0,CAMIN CULTURAL MARSA,MARSA,104225,C,3,843,828,15,446,431,15,0,435,11,1000,554,308,127
19,GIURGIU,178,0,SCOALA CLS.I-IV MIHAI BRAVU,MIHAI BRAVU,104118,C,3,1012,997,15,746,670,15,61,738,8,1100,354,574,164
19,GIURGIU,179,0,SCOALA GENERALA MIHAI BRAVU,MIHAI BRAVU,104118,C,3,1047,1042,5,802,717,5,80,792,10,1204,402,609,183
19,GIURGIU,180,0,SCOALA GENERALA NR.1 OGREZENI,OGREZENI,104485,C,3,1035,994,41,525,481,41,3,519,6,1100,575,344,175
19,GIURGIU,181,0,SCOALA GENERALA NR.2 OGREZENI,OGREZENI,104485,C,3,1199,1130,69,783,708,69,6,775,8,1300,517,553,222
19,GIURGIU,182,0,SCOALA GENERALA NR.3 OGREZENI,OGREZENI,104485,C,3,857,822,35,509,463,35,11,505,4,900,391,331,174
19,GIURGIU,183,0,SCOALA GENERALA HOBAIA,OGREZENI,104485,C,3,480,458,22,480,458,22,0,475,5,800,320,326,149
19,GIURGIU,184,0,CAMIN CULTURAL OINACU,OINACU,104519,C,3,1671,1648,23,878,855,23,0,864,14,1900,1022,501,363
19,GIURGIU,185,0,SCOALA BRANISTEA,OINACU,104519,C,3,985,915,70,482,412,70,0,472,10,1000,518,282,190
19,GIURGIU,186,0,SCOALA COMASCA,OINACU,104519,C,3,602,539,63,328,265,63,0,323,5,600,272,224,99
19,GIURGIU,187,0,CAMIN CULTURAL PRUNDU,PRUNDU,104680,C,3,1596,1572,24,913,889,24,0,904,9,1800,887,539,365
19,GIURGIU,188,0,SCOALA GENERALA NR.2 PRUNDU,PRUNDU,104680,C,3,1468,1449,19,909,882,19,8,900,9,1600,691,495,405
19,GIURGIU,189,0,SCOALA GENERALA NR.3 PUIENI,PRUNDU,104680,C,3,739,698,41,500,455,41,4,496,4,800,300,335,161
19,GIURGIU,190,0,SCOALA GENERALA PUTINEIU,PUTINEIU,104715,C,3,1285,1185,100,1071,971,100,0,1049,22,1300,229,756,293
19,GIURGIU,191,0,SCOALA GENERALA HODIVOAIA,PUTINEIU,104715,C,3,367,355,12,214,202,12,0,211,3,400,186,167,44
19,GIURGIU,192,0,SCOALA GENERALA VIERU,PUTINEIU,104715,C,3,702,685,17,673,656,17,0,669,4,800,127,522,147
19,GIURGIU,193,0,SCOALA GENERALA CU ETAJ RASUCENI,RASUCENI,104788,C,3,1021,993,28,530,502,28,0,510,20,1100,570,385,125
19,GIURGIU,194,0,SCOALA  CLASELE I-IV RASUCENI,RASUCENI,104788,C,3,489,471,18,252,234,18,0,247,5,500,248,199,48
19,GIURGIU,195,0,SCOALA GENERALA CU ETAJ CUCURUZU,RASUCENI,104788,C,3,941,930,11,590,579,11,0,578,12,1100,510,497,81
19,GIURGIU,196,0,SCOALA ROATA MICA,ROATA DE JOS,104831,C,3,340,332,8,227,218,8,1,223,4,400,173,123,100
19,GIURGIU,197,0,SCOALA NR.6 ROATA DE JOS,ROATA DE JOS,104831,C,3,926,914,12,543,522,12,9,530,13,1000,457,263,267
19,GIURGIU,198,0,SCOALA NR.1 ROATA DE JOS,ROATA DE JOS,104831,C,3,1082,1059,23,628,605,23,0,621,7,1200,572,334,287
19,GIURGIU,199,0,SCOALA SADINA,ROATA DE JOS,104831,C,3,1011,1003,8,560,541,8,11,553,7,1100,540,315,238
19,GIURGIU,200,0,SCOALA CARTOJANI,ROATA DE JOS,104831,C,3,994,990,4,488,484,4,0,483,5,1100,612,295,188
19,GIURGIU,201,0,PRIMARIE CARTOJANI,ROATA DE JOS,104831,C,3,1127,1118,9,547,538,9,0,539,8,1200,653,350,189
19,GIURGIU,202,0,GRADINITA CARTOJANI,ROATA DE JOS,104831,C,3,773,765,8,356,348,8,0,353,3,900,544,217,136
19,GIURGIU,203,0,SCOALA GENERALA SABARENI,SABARENI,179775,C,3,1945,1908,37,1301,1234,37,30,1290,11,2200,899,986,304
19,GIURGIU,204,0,SCOALA GENERALA SCHITU,SCHITU,104975,C,3,244,238,6,133,127,6,0,128,5,300,167,93,35
19,GIURGIU,205,0,SCOALA GENERALA BILA,SCHITU,104975,C,3,507,504,3,215,210,3,2,214,1,600,385,176,38
19,GIURGIU,206,0,SCOALA GENERALA CAMINEASCA,SCHITU,104975,C,3,530,519,11,256,245,11,0,248,8,600,344,167,81
19,GIURGIU,207,0,SCOALA GENERALA VLASIN,SCHITU,104975,C,3,496,487,9,301,292,9,0,296,5,500,199,222,74
19,GIURGIU,208,0,SCOALA GENERALA SINGURENI,SINGURENI,105106,C,3,1400,1372,28,580,537,28,15,565,15,1500,920,364,201
19,GIURGIU,209,0,SCOALA PRIMARA CRINGURI,SINGURENI,105106,C,3,633,608,25,336,311,25,0,332,4,700,364,240,92
19,GIURGIU,210,0,SCOALA PRIMARA STEJARU,SINGURENI,105106,C,3,611,591,20,309,289,20,0,300,9,700,391,188,112
19,GIURGIU,211,0,SCOALA GENERALA SLOBOZIA,SLOBOZIA,100549,C,3,934,925,9,425,411,9,5,421,4,1100,675,238,183
19,GIURGIU,212,0,GRADINITA SLOBOZIA,SLOBOZIA,100549,C,3,1122,1120,2,612,532,2,78,608,4,1207,595,400,208
19,GIURGIU,213,0,SCOALA GENERALA STANESTI,STANESTI,105295,C,3,1158,1146,12,772,666,12,94,757,15,1300,528,588,169
19,GIURGIU,214,0,SCOALA GENERALA GHIZDARU,STANESTI,105295,C,3,502,491,11,359,308,11,40,353,6,500,141,291,62
19,GIURGIU,215,0,SCOALA PRIMARA BALANU,STANESTI,105295,C,3,355,341,14,185,171,14,0,181,4,400,215,142,39
19,GIURGIU,216,0,GRADINITA ONCESTI,STANESTI,105295,C,3,344,323,21,334,243,21,70,319,15,400,66,286,33
19,GIURGIU,217,0,SCOALA CLASELE I-IV IANCULESTI,STOENESTI,105348,C,3,238,211,27,175,138,27,10,167,8,300,125,142,25
19,GIURGIU,218,0,SCOALA CLASELE I-VIII STOENESTI,STOENESTI,105348,C,3,1173,1051,122,910,774,122,14,896,14,1200,290,795,101
19,GIURGIU,219,0,SCOALA CLASELE I-IV STOENESTI (TANGARU),STOENESTI,105348,C,3,476,458,18,349,271,18,60,341,8,507,158,293,48
19,GIURGIU,220,0,SCOALA CLASELE I-IV MIRAU,STOENESTI,105348,C,3,220,183,37,155,118,37,0,152,3,200,45,139,13
19,GIURGIU,221,0,CAMIN CULTURAL TOPORU,TOPORU,154709,C,3,1323,1312,11,768,746,11,11,759,9,1500,732,507,252
19,GIURGIU,222,0,SCOALA GENERALA TOMULESTI,TOPORU,154709,C,3,615,600,15,363,348,15,0,355,8,700,337,194,161
19,GIURGIU,223,0,SCOALA POENARI,ULMI,105623,C,3,1185,1123,62,504,442,62,0,499,5,1200,696,211,288
19,GIURGIU,224,0,SCOALA ULMI,ULMI,105623,C,3,892,824,68,396,328,68,0,389,7,900,504,226,163
19,GIURGIU,225,0,SCOALA ICOANA,ULMI,105623,C,3,778,755,23,331,308,23,0,324,7,800,469,172,152
19,GIURGIU,226,0,SCOALA GHEONEA,ULMI,105623,C,3,411,383,28,220,192,28,0,217,3,400,180,129,88
19,GIURGIU,227,0,SCOALA TRESTIENI,ULMI,105623,C,3,2021,1908,113,942,829,113,0,905,37,2100,1158,631,274
19,GIURGIU,228,0,SCOALA DRAGANEASCA,ULMI,105623,C,3,631,539,92,360,268,92,0,355,5,700,340,258,97
19,GIURGIU,229,0,SCOALA GENERALA VALEA DRAGULUI,VALEA DRAGULUI,105776,C,3,1658,1647,11,835,814,11,10,821,14,1800,965,521,300
19,GIURGIU,230,0,SCOALA GENERALA CIOCOVENI,VALEA DRAGULUI,105776,C,3,855,844,11,462,446,11,5,455,7,1000,538,307,148
19,GIURGIU,231,0,SCOALA VANATORII MICI,VANATORII MICI,105972,C,3,929,848,81,579,498,81,0,559,20,1000,421,378,181
19,GIURGIU,232,0,SCOALA IZVORU,VANATORII MICI,105972,C,3,1161,1004,157,705,548,157,0,661,44,1100,395,433,228
19,GIURGIU,233,0,SCOALA VANATORII MARI,VANATORII MICI,105972,C,3,1106,1051,55,1003,948,55,0,996,7,1100,97,862,134
19,GIURGIU,234,0,SCOALA CORBEANCA,VANATORII MICI,105972,C,3,422,364,58,369,311,58,0,365,4,400,31,322,43
19,GIURGIU,235,0,SCOALA POIANA LUI STANGA,VANATORII MICI,105972,C,3,533,490,43,425,382,43,0,421,4,600,175,307,114
19,GIURGIU,236,0,SCOALA VECHE VARASTI,VARASTI,105874,C,3,1168,1161,7,883,876,7,0,872,11,1300,417,657,215
19,GIURGIU,237,0,GRADINITA DE COPII VARASTI,VARASTI,105874,C,3,1018,1009,9,908,897,9,2,902,6,1100,192,690,212
19,GIURGIU,238,0,SCOALA VARASTI ZONA OBEDENI,VARASTI,105874,C,3,970,966,4,767,762,4,1,757,10,1100,333,603,154
19,GIURGIU,239,0,SCOALA DOBRENI,VARASTI,105874,C,3,1722,1709,13,1064,1048,13,3,1034,30,1900,836,849,185
19,GIURGIU,240,0,SCOALA DE 4 ANI JAPCA,VEDEA,105909,C,3,806,790,16,392,376,16,0,389,3,900,508,250,139
19,GIURGIU,241,0,CAMINUL CULTURAL,VEDEA,105909,C,3,950,937,13,615,600,13,2,607,8,1100,485,387,220
19,GIURGIU,242,0,SCOALA GENERALA  APOSTOL ARSACHE,VEDEA,105909,C,3,841,828,13,388,375,13,0,383,5,902,514,277,106
20,GORJ,1,0,Cu sediul in localul Universit¼ïii  Constantin Brancui  din strada Geneva,MUNICIPIUL TARGU JIU,77812,M,1,2052,1999,53,1213,1160,53,0,1210,3,2200,987,389,821
20,GORJ,2,0,Cu sediul in localul Colegiului Naïional  Tudor Vladimirescu  din str. Unirii,MUNICIPIUL TARGU JIU,77812,M,1,887,870,17,512,495,17,0,509,3,1000,488,167,342
20,GORJ,3,0,Cu sediul in localul £colii Gimnaziale  Constantin S¼voiu din str. Unirii,MUNICIPIUL TARGU JIU,77812,M,1,1850,1815,35,1008,973,35,0,1003,5,2000,992,364,639
20,GORJ,4,0,Cu sediul in localul Grupului £colar Industrial nr. 2 din strada Victoriei,MUNICIPIUL TARGU JIU,77812,M,1,1716,1684,32,999,967,32,0,995,4,1900,901,395,600
20,GORJ,5,0,Cu sediul in localul £colii Primare din localitatea Romaneti,MUNICIPIUL TARGU JIU,77812,M,1,564,552,12,304,292,12,0,303,1,600,296,122,181
20,GORJ,6,0,Cu sediul in localul £colii Generale Alexandru £tefulescu din str Geneva,MUNICIPIUL TARGU JIU,77812,M,1,1255,1229,26,694,668,26,0,692,2,1400,706,330,362
20,GORJ,7,0,Cu sediul in localul Colegiului Virgil Madgearu din str. Tudor Vladimiresc,MUNICIPIUL TARGU JIU,77812,M,1,1035,1011,24,577,553,24,0,570,7,1100,523,252,318
20,GORJ,8,0,Cu sediul in localul £colii Generale nr. 10 din str. Calea Bucureti,MUNICIPIUL TARGU JIU,77812,M,1,1261,1250,11,675,664,11,0,670,5,1400,725,260,410
20,GORJ,9,0,Cu sediul in localul £colii Primare din localitatea Dr¼goieni,MUNICIPIUL TARGU JIU,77812,M,1,1111,1099,12,671,658,12,1,665,6,1200,529,317,348
20,GORJ,10,0,Cu sediul in localul Palatului Copiilor (Clubul Elevilor)din B-dul Republicii,MUNICIPIUL TARGU JIU,77812,M,1,1486,1465,21,794,773,21,0,787,7,1607,813,258,529
20,GORJ,11,0,Cu sediul in localul Casei Tineretului din b-dul Nicolae Titulescu,MUNICIPIUL TARGU JIU,77812,M,1,1264,1203,61,773,712,61,0,766,7,1400,627,260,506
20,GORJ,12,0,Cu sediul in localul Colegiului Naïional Spiru Haret din str. 1 Decembrie 1918,MUNICIPIUL TARGU JIU,77812,M,1,1185,1166,19,614,595,19,0,608,6,1300,686,229,379
20,GORJ,13,0,Cu sediul in localul Inspectoratului £colar al Judeïului Gorj str. Siret,MUNICIPIUL TARGU JIU,77812,M,1,1353,1338,15,716,701,15,0,711,5,1500,784,265,446
20,GORJ,14,0,Cu sediul in localul £colii Generale nr. 13 din str. A. I. Cuza,MUNICIPIUL TARGU JIU,77812,M,1,1613,1592,21,915,894,21,0,908,7,1700,785,345,563
20,GORJ,15,0,Cu sediul in localul £colii Generale nr. 13 din str. A. I. Cuza,MUNICIPIUL TARGU JIU,77812,M,1,1758,1748,10,824,814,10,0,821,3,1900,1076,346,475
20,GORJ,16,0,Cu sediul in localul Colegiului Naïional Spiru Haret din str. 1 Decembrie 1918,MUNICIPIUL TARGU JIU,77812,M,1,1941,1929,12,922,910,12,0,913,9,2100,1178,343,570
20,GORJ,17,0,Cu sediul in localul £colii Gimnaziale Gheorghe T¼t¼r¼scu din str. 23 August,MUNICIPIUL TARGU JIU,77812,M,1,1554,1535,19,741,722,19,0,734,7,1700,959,303,431
20,GORJ,18,0,Cu sediul in localul £colii Generale Pompiliu Marcea din str. Mioriïei,MUNICIPIUL TARGU JIU,77812,M,1,1881,1861,20,847,827,20,0,839,8,2000,1153,332,507
20,GORJ,19,0,Cu sediul in localul £colii Generale Pompiliu Marcea str. Mioriïei,MUNICIPIUL TARGU JIU,77812,M,1,1939,1903,36,990,954,36,0,982,8,2100,1110,379,603
20,GORJ,20,0,Cu sediul in localul Colegiului Naïional Spiru Haret din str. 1 Decembrie 1918,MUNICIPIUL TARGU JIU,77812,M,1,1658,1638,20,760,740,20,0,748,12,1800,1040,295,453
20,GORJ,21,0,Cu sediul in localul Colegiului Naïional Spiru Haret din str. 1 Decembrie 1918,MUNICIPIUL TARGU JIU,77812,M,1,1424,1415,9,739,730,9,0,733,6,1500,761,263,470
20,GORJ,22,0,Cu sediul in localul £colii Generale nr. 12 din str. Liviu Rebreanu,MUNICIPIUL TARGU JIU,77812,M,1,1985,1963,22,1033,1011,22,0,1027,6,2100,1067,407,620
20,GORJ,23,0,Cu sediul in localul £colii Generale nr. 12 din str. Liviu Rebreanu,MUNICIPIUL TARGU JIU,77812,M,1,1868,1856,12,964,952,12,0,956,8,2000,1036,356,600
20,GORJ,24,0,Cu sediul in localul £colii Generale nr. 12 din str. Liviu Rebreanu,MUNICIPIUL TARGU JIU,77812,M,1,1416,1399,17,706,689,17,0,702,4,1500,794,246,456
20,GORJ,25,0,Cu sediul in localul £colii Generale nr. 12 din str. Liviu Rebreanu,MUNICIPIUL TARGU JIU,77812,M,1,1968,1951,17,938,921,17,0,918,3,2111,1190,299,619
20,GORJ,26,0,Cu sediul in localul £colii Gimnaziale Gheorghe T¼t¼r¼scu din str. 23 August,MUNICIPIUL TARGU JIU,77812,M,1,2008,1977,31,1064,1033,31,0,1054,10,2100,1036,401,653
20,GORJ,27,0,Cu sediul in localul Liceului Ecaterina Teodoroiu din str. 1 Decembrie 1918,MUNICIPIUL TARGU JIU,77812,M,1,1694,1653,41,785,744,41,0,785,0,1800,1015,273,512
20,GORJ,28,0,Cu sediul in localul Liceului Ecaterina Teodoroiu din str. 1 Decembrie 1918,MUNICIPIUL TARGU JIU,77812,M,1,1713,1694,19,869,850,19,0,867,2,1900,1031,279,588
20,GORJ,29,0,Cu sediul in localul Liceului Ecaterina Teodoroiu din str. 1 Decembrie 1918,MUNICIPIUL TARGU JIU,77812,M,1,1666,1652,14,821,806,14,1,820,1,1800,979,305,515
20,GORJ,30,0,Cu sediul in localul Liceului Sportiv (£coala General¼ nr. 14) din str.23 August,MUNICIPIUL TARGU JIU,77812,M,1,1045,1024,21,513,492,21,0,513,0,1100,587,162,351
20,GORJ,31,0,Cu sediul in localul Liceului Sportiv (£coala General¼ nr. 14) din str.23 August,MUNICIPIUL TARGU JIU,77812,M,1,928,904,24,495,471,24,0,491,4,1000,505,167,324
20,GORJ,32,0,Cu sediul in localul Colegiului Virgil Madgearu din str. Tudor Vladimirescu,MUNICIPIUL TARGU JIU,77812,M,1,1799,1773,26,1046,1020,26,0,1039,7,1900,854,378,661
20,GORJ,33,0,Cu sediul in localul £colii Generale nr. 3 din str. Griviïei,MUNICIPIUL TARGU JIU,77812,M,1,1323,1309,14,690,676,14,0,680,10,1400,710,255,425
20,GORJ,34,0,Cu sediul in localul £colii Generale nr. 3 din str. Griviïei,MUNICIPIUL TARGU JIU,77812,M,1,1220,1212,8,659,650,8,1,653,6,1300,641,251,402
20,GORJ,35,0,Cu sediul in localul Casei de Cultur¼ a Sindicatelor din str. Traian,MUNICIPIUL TARGU JIU,77812,M,1,1366,1351,15,775,746,15,14,770,5,1499,724,258,512
20,GORJ,36,0,Cu sediul in localul £colii Generale Sfantu Nicolae din str. 11 Iunie 1848,MUNICIPIUL TARGU JIU,77812,M,1,1876,1863,13,1110,1097,13,0,1103,7,2000,890,404,699
20,GORJ,37,0,Cu sediul in localul £colii Generale Sfantu Nicolae din str. 11 Iunie 1848,MUNICIPIUL TARGU JIU,77812,M,1,1205,1181,24,588,563,24,1,585,3,1300,712,231,354
20,GORJ,38,0,Cu sediul in localul £colii Generale Sfantu Nicolae din str. 11 Iunie 1848,MUNICIPIUL TARGU JIU,77812,M,1,1186,1170,16,643,627,16,0,640,3,1300,657,255,385
20,GORJ,39,0,Cu sediul in localul £colii Generale nr. 3 din str. Griviïei,MUNICIPIUL TARGU JIU,77812,M,1,1766,1725,41,983,942,41,0,979,4,1900,917,347,632
20,GORJ,40,0,Cu sediul in localul £colii Generale nr. 3 din str. Griviïei,MUNICIPIUL TARGU JIU,77812,M,1,1309,1299,10,648,638,10,0,628,20,1400,752,470,158
20,GORJ,41,0,Cu sediul in localul £colii Generale nr. 2 din B-dul Ecaterina Teodoroiu,MUNICIPIUL TARGU JIU,77812,M,1,1686,1642,44,889,845,44,0,883,6,1900,1011,330,553
20,GORJ,42,0,Cu sediul la Grupul £colar Industrial nr. 4 din str. Lt. Col. D.Petrescu,MUNICIPIUL TARGU JIU,77812,M,1,1521,1491,30,750,720,30,0,743,7,1600,850,248,495
20,GORJ,43,0,Cu sediul la Grupul £c Industrial Gheorghe Magheru str. Lt. Col. d.Petrescu,MUNICIPIUL TARGU JIU,77812,M,1,2153,2114,39,1044,1005,39,0,1042,2,2200,1156,361,681
20,GORJ,44,0,Cu sediul in localul ACH din str. Hidrocentralei,MUNICIPIUL TARGU JIU,77812,M,1,1824,1735,89,864,775,89,0,862,2,1885,1021,318,544
20,GORJ,45,0,Cu sediul in localul £colii Generale nr. 7 din b-dul Ecaterina Teodoroiu,MUNICIPIUL TARGU JIU,77812,M,1,1684,1649,35,939,904,35,0,936,3,1800,861,401,535
20,GORJ,46,0,Cu sediul in localul SC COREMI SA (£antierul 4 V¼deni) din str. Ciocarl¼u,MUNICIPIUL TARGU JIU,77812,M,1,1042,1006,36,621,585,36,0,613,8,1100,479,258,355
20,GORJ,47,0,Cu sediul in localul £colii Generale Voievod Litovoi din str. Calea Severinului,MUNICIPIUL TARGU JIU,77812,M,1,1380,1359,21,816,795,21,0,813,3,1500,684,341,472
20,GORJ,48,0,Cu sediul in localul £colii Generale Voievod Litovoi din str. Calea Severinului,MUNICIPIUL TARGU JIU,77812,M,1,1301,1284,17,796,779,17,0,785,11,1400,604,386,399
20,GORJ,49,0,Cu sediul in localul £colii Generale nr. 9 din localitatea Barseti,MUNICIPIUL TARGU JIU,77812,M,1,1259,1238,21,718,697,21,0,717,1,1297,579,289,428
20,GORJ,50,0,Cu sediul in localul Colegiului Naïional Tudor Vladimirescu din strada Unirii,MUNICIPIUL TARGU JIU,77812,M,1,1468,1453,15,839,823,15,1,833,6,1600,761,286,547
20,GORJ,51,0,Cu sediul in localul £colii Generale nr. 13 din str. A. I. Cuza,MUNICIPIUL TARGU JIU,77812,M,1,1657,1647,10,839,829,10,0,836,3,1700,861,332,504
20,GORJ,52,0,Cu sediul in localul Gr¼diniïei de Copii din localitatea Iezureni,MUNICIPIUL TARGU JIU,77812,M,1,448,432,16,262,246,16,0,259,3,501,239,128,131
20,GORJ,53,0,Cu sediul in localul £colii Primare-Gr¼diniïa de Copii cu sediul in loc. Ursaïi,MUNICIPIUL TARGU JIU,77812,M,1,406,394,12,260,248,12,0,258,2,500,240,127,131
20,GORJ,54,0,Cu sediul in localul £colii Generale Voievod Litovoi din str. Calea Severinului,MUNICIPIUL TARGU JIU,77812,M,1,1552,1533,19,921,902,19,0,910,11,1704,783,455,455
20,GORJ,55,1,Cu sediul in localul Spitalului Judeïean Tg- Jiu - 700 din str. Progresului,MUNICIPIUL TARGU JIU,77812,M,1,12,0,12,210,0,12,198,208,2,400,190,97,111
20,GORJ,56,1,Cu sediul in localul Spitalului nr.2 din Tg-Jiu str.Tudor Vladimirescu,MUNICIPIUL TARGU JIU,77812,M,1,54,0,54,248,0,54,194,245,3,400,152,94,151
20,GORJ,57,1,Cu sediul in localul Spitalului nr.1 din Tg-Jiu str. A.I. Cuza,MUNICIPIUL TARGU JIU,77812,M,1,112,0,112,66,0,10,56,66,0,200,134,25,41
20,GORJ,58,1,Cu sediul in cadrul UM 01480 Tg-Jiu,MUNICIPIUL TARGU JIU,77812,M,1,11,0,11,670,0,11,659,653,17,700,30,296,357
20,GORJ,59,1,Cu sediul in cadrul UM 0658 Tg-Jiu,MUNICIPIUL TARGU JIU,77812,M,1,15,0,15,327,0,15,312,325,2,500,173,150,175
20,GORJ,60,1,Cu sediul in localul Staïiei CFR Tg-jiu,MUNICIPIUL TARGU JIU,77812,M,1,23,0,23,1696,0,23,1673,1688,8,2500,804,542,1146
20,GORJ,61,0,"Cu sediul in localul Scolii gimnaziale nr.2,  municipiul Motru",MUNICIPIUL MOTRU,78141,M,1,1987,1955,32,978,946,32,0,968,10,2100,1122,492,476
20,GORJ,62,0,"Cu sediul in localul Casei Sindicatelor, municipiul Motru",MUNICIPIUL MOTRU,78141,M,1,1882,1841,41,1315,948,41,326,1301,14,2000,685,624,677
20,GORJ,63,0,"Cu sediul in localul Colegiului Naïional George Cobuc, municipiul Motru",MUNICIPIUL MOTRU,78141,M,1,1955,1916,39,1027,952,39,36,1009,18,2100,1073,479,530
20,GORJ,64,0,"Cu sediul in localul £colii Gimnaziale nr.1, municipiul Motru",MUNICIPIUL MOTRU,78141,M,1,1958,1929,29,969,940,29,0,965,4,2100,1131,462,503
20,GORJ,65,0,"Cu sediul in localul Gr¼diniïei Vile, municipiul Motru",MUNICIPIUL MOTRU,78141,M,1,870,853,17,499,482,17,0,496,3,900,401,247,249
20,GORJ,66,0,"Cu sediul in localul Policlinicii, municipiul Motru",MUNICIPIUL MOTRU,78141,M,1,1904,1872,32,1004,916,32,56,996,8,2302,1298,500,496
20,GORJ,67,0,"Cu sediul in localul Gradinitei  Crea nr.1, municipiul Motru",MUNICIPIUL MOTRU,78141,M,1,1948,1916,32,939,907,32,0,932,7,2100,1161,455,477
20,GORJ,68,0,"Cu sediul in localul £colii Leurda, loc. Leurda",MUNICIPIUL MOTRU,78141,M,1,611,593,18,388,370,18,0,386,2,700,312,238,148
20,GORJ,69,0,"Cu sediul in localul £colii Horati, loc. Hor¼ti",MUNICIPIUL MOTRU,78141,M,1,426,414,12,250,238,12,0,243,7,500,250,133,110
20,GORJ,70,0,"Cu sediul in localul £colii Plotina, loc. Plotina",MUNICIPIUL MOTRU,78141,M,1,1161,1133,28,719,691,28,0,711,8,1200,481,457,254
20,GORJ,71,0,"Cu sediul in localul £colii Roiuïa, loc. Roiuïa",MUNICIPIUL MOTRU,78141,M,1,626,613,13,346,333,13,0,345,1,700,354,213,132
20,GORJ,72,0,"Cu sediul in localul Gradiniïei Rapa, loc. Rapa",MUNICIPIUL MOTRU,78141,M,1,316,309,7,190,182,7,1,190,0,400,210,99,91
20,GORJ,73,0,"Cu sediul in localul Casei Sindicatelor, municipiul Motru",MUNICIPIUL MOTRU,78141,M,1,1976,1956,20,1002,982,20,0,993,9,2100,1098,469,524
20,GORJ,74,0,"Cu sediul in localul Casei de Cultur¼, municipiul Motru",MUNICIPIUL MOTRU,78141,M,1,1955,1936,19,970,951,19,0,963,7,2100,1130,456,507
20,GORJ,75,0,"Cu sediul la Clubul sindicatelor libere al U.M. Sadu, ora Bumbeti-Jiu",ORAS BUMBESTI-JIU,79308,O,1,1325,1295,30,702,672,30,0,694,8,1400,698,282,412
20,GORJ,76,0,"Cu sediul la Gr¼diniïa cu program prelungit din str.G¼rii, ora Bumbet-Jiu",ORAS BUMBESTI-JIU,79308,O,1,1245,1194,51,800,617,51,132,798,2,1300,500,294,504
20,GORJ,77,0,Cu sediul in localul £colii generale nr.1 Bumbeti-Jiu (localul vechi),ORAS BUMBESTI-JIU,79308,O,1,1481,1431,50,742,692,50,0,737,5,1600,858,253,484
20,GORJ,78,0,Cu sediul in localul nou al £colii generale nr.1 ora Bumbeti-Jiu,ORAS BUMBESTI-JIU,79308,O,1,2144,2085,59,1086,1027,59,0,1079,7,2201,1115,447,632
20,GORJ,79,1,Cu sediul in cadrul UM 0852 ora Bumbeti-Jiu,ORAS BUMBESTI-JIU,79308,O,1,14,0,14,82,0,14,68,82,0,101,19,44,38
20,GORJ,80,0,Cu sediul in localul £colii generale ora Bumbeti -Jiu,ORAS BUMBESTI-JIU,79308,O,1,1022,990,32,504,472,32,0,501,3,1100,596,153,348
20,GORJ,81,0,"Cu sediul la £coala primar¼ Tetila, ora Bumbeti -Jiu",ORAS BUMBESTI-JIU,79308,O,1,1031,978,53,529,475,53,1,525,4,1100,571,225,300
20,GORJ,82,0,"Cu sediul la £coala general¼ Curtioara, ora Bumbeti -Jiu",ORAS BUMBESTI-JIU,79308,O,1,651,621,30,326,296,30,0,322,4,700,374,146,176
20,GORJ,83,1,Cu sediul la Spitalul oraului Bumbeti -Jiu,ORAS BUMBESTI-JIU,79308,O,1,8,0,8,70,0,8,62,67,3,101,31,28,39
20,GORJ,84,0,"Cu sediul la £coala general¼ Nr. 1, oraul Novaci",ORAS NOVACI,78258,O,1,1699,1680,19,1131,942,19,170,1125,6,1800,669,332,793
20,GORJ,85,0,"Cu sediul la Clubul Elevilor, oraul Novaci",ORAS NOVACI,78258,O,1,1153,1137,16,612,596,16,0,599,13,1200,588,161,438
20,GORJ,86,0,"Cu sediul in localul Scolii generale Nr. 2 Pociovalitea, oraul Novaci",ORAS NOVACI,78258,O,1,1473,1442,31,814,783,31,0,812,2,1600,786,287,525
20,GORJ,87,0,"Cu sediul la Gr¼diniïa Berceti, oraul Novaci",ORAS NOVACI,78258,O,1,596,583,13,414,308,13,93,406,8,600,186,171,235
20,GORJ,88,1,"Cu sediul in localul Spitalului Novaci, oraul Novaci",ORAS NOVACI,78258,O,1,11,0,11,81,0,11,70,81,0,200,119,38,43
20,GORJ,89,0,"Cu sediul la £coala Generala nr.1, oraul Rovinari",ORAS ROVINARI,82895,O,1,2364,2307,57,1446,1081,57,308,1437,9,2500,1054,548,889
20,GORJ,90,0,"Cu sediul la Grupul £colar Industrial Rovinari, oraul Rovinari",ORAS ROVINARI,82895,O,1,2045,2021,24,927,903,24,0,913,14,2200,1273,336,577
20,GORJ,91,0,"Cu sediul la Gr¼diniïa nr.4 Rovinari, oraul Rovinari",ORAS ROVINARI,82895,O,1,2051,2021,30,939,909,30,0,930,9,2200,1261,352,578
20,GORJ,92,0,"Cu sediul la Gr¼diniïa nr.3 Rovinari, oraul Rovinari",ORAS ROVINARI,82895,O,1,1818,1775,43,1121,1078,43,0,1112,9,2400,1279,448,664
20,GORJ,93,0,"Cu sediul la £coala general¼ Varï, oraul Rovinari",ORAS ROVINARI,82895,O,1,575,561,14,302,287,14,1,299,3,601,299,144,155
20,GORJ,94,0,"Cu sediul in localul C¼minului Cultural Tismana, oraul Tismana",ORAS TISMANA,82430,O,1,1814,1778,36,897,753,36,108,886,11,1900,1003,422,464
20,GORJ,95,0,"Cu sediul in localul C¼minului Cultural Pocruia, oraul Tismana",ORAS TISMANA,82430,O,1,1221,1166,55,615,559,55,1,607,8,1300,685,215,392
20,GORJ,96,0,"Cu sediul in localul £colii primare Sohodol, oraul Tismana",ORAS TISMANA,82430,O,1,970,937,33,485,452,33,0,480,5,1000,515,204,276
20,GORJ,97,0,"Cu sediul in localul £colii primare Costeni, oraul Tismana",ORAS TISMANA,82430,O,1,649,590,59,325,266,59,0,320,5,700,375,112,208
20,GORJ,98,0,"Cu sediul in localul £colii generale Racoïi, oraul Tismana",ORAS TISMANA,82430,O,1,267,253,14,118,103,14,1,118,0,300,182,53,65
20,GORJ,99,0,"Cu sediul in localul £colii Celei, oraul Tismana",ORAS TISMANA,82430,O,1,533,496,37,299,262,37,0,295,4,600,301,135,160
20,GORJ,100,0,"Cu sediul in localul £coala general¼ Topeti, oraul Tismana",ORAS TISMANA,82430,O,1,940,913,27,400,373,27,0,399,1,1000,600,189,210
20,GORJ,101,0,"Cu sediul in localul £colii Generale nr.1, oraul Tg-Carbuneti",ORAS TIRGU CARBUNESTI,78329,O,1,2570,2535,35,1541,1256,35,250,1532,9,2700,1159,571,961
20,GORJ,102,0,"Cu sediul in localul Liceului Tudor Arghezi, oraul Tg-C¼rbuneti",ORAS TIRGU CARBUNESTI,78329,O,1,1652,1591,61,849,788,61,0,827,22,1700,851,443,384
20,GORJ,103,0,"Cu sediul in localul £colii generale Creïeti, oraul Tg-C¼rbuneti",ORAS TIRGU CARBUNESTI,78329,O,1,847,834,13,428,415,13,0,423,5,1000,572,139,284
20,GORJ,104,0,"Cu sediul in localul £colii generale Pojogeni, oraul Tg-C¼rbuneti",ORAS TIRGU CARBUNESTI,78329,O,1,651,634,17,290,273,17,0,289,1,700,410,92,197
20,GORJ,105,0,"Cu sediul in localul £colii generale Stef¼neti, oraul Tg-C¼rbuneti",ORAS TIRGU CARBUNESTI,78329,O,1,480,461,19,267,248,19,0,262,5,500,233,176,86
20,GORJ,106,0,"Cu sediul in localul C¼minului Cultural C¼rbuneti Sat, oraul Tg-C¼rbuneti",ORAS TIRGU CARBUNESTI,78329,O,1,646,631,15,337,322,15,0,334,3,700,363,178,156
20,GORJ,107,0,"Cu sediul in localul £colii generale Cer¼t, oraul Tg-C¼rbuneti",ORAS TIRGU CARBUNESTI,78329,O,1,221,207,14,128,114,14,0,128,0,300,172,57,71
20,GORJ,108,1,"Cu sediul in cadrul UM 01013, oraul Tg-C¼rbuneti",ORAS TIRGU CARBUNESTI,78329,O,1,20,0,20,74,0,20,54,74,0,100,26,41,33
20,GORJ,109,1,Cu sediul in localul Spitalului or¼enesc Tg- C¼rbuneti,ORAS TIRGU CARBUNESTI,78329,O,1,9,0,9,95,0,9,86,92,3,200,105,52,40
20,GORJ,110,0,Cu sediul la Casa de Cultur¼ din oraul Turceni,ORAS TURCENI,82617,O,1,2426,2381,45,1398,1088,45,265,1385,13,2500,1102,569,816
20,GORJ,111,0,"Cu sediul in localul £colii generale Turceni nr.2, oraul Turceni",ORAS TURCENI,82617,O,1,581,562,19,295,276,19,0,294,1,600,305,133,161
20,GORJ,112,0,"Cu sediul in localul £colii generale Stolojani, oraul Turceni",ORAS TURCENI,82617,O,1,602,591,11,353,342,11,0,350,3,700,347,212,138
20,GORJ,113,0,"Cu sediul in localul £colii generale Murgeti, oraul Turceni",ORAS TURCENI,82617,O,1,646,637,9,403,394,9,0,403,0,700,297,249,154
20,GORJ,114,0,"Cu sediul in localul £colii generale Garbovu, oraul Turceni",ORAS TURCENI,82617,O,1,765,754,11,409,398,11,0,405,4,800,391,184,221
20,GORJ,115,0,"Cu sediul in localul £colii generale Stramba Jiu, oraul Turceni",ORAS TURCENI,82617,O,1,1218,1197,21,621,600,21,0,609,12,1300,679,276,333
20,GORJ,116,0,"Cu sediul in localul £colii Primare nr.2 Tuni, oraul Uicleni",ORAS TICLENI,78454,O,1,857,831,26,457,431,26,0,454,3,900,443,160,294
20,GORJ,117,0,"Cu sediul in localul £colii generale nr.1, oraul Uicleni",ORAS TICLENI,78454,O,1,2258,2220,38,1260,1131,38,91,1252,8,2292,1032,494,758
20,GORJ,118,0,"Cu sediul in localul £colii Primare nr.3 R¼ina, oraul Uicleni",ORAS TICLENI,78454,O,1,885,878,7,400,393,7,0,397,3,1000,600,175,222
20,GORJ,119,0,"Cu sediul in localul £coli generale nr.1 Albeni, loc. Albeni",ALBENI,78472,C,3,1477,1459,18,642,624,18,0,631,11,1600,958,349,282
20,GORJ,120,0," Cu sediul in localul £colii Primare Bolboceti, loc. Albeni",ALBENI,78472,C,3,501,487,14,235,221,14,0,232,3,600,365,125,107
20,GORJ,121,0," Cu sediul in localul £colii Primare Pruneti, loc. Albeni",ALBENI,78472,C,3,178,168,10,78,68,10,0,78,0,300,222,53,25
20,GORJ,122,0,"Cu sediul in localul £colii  Alimpeti, loc. Alimpeti",ALIMPESTI,78542,C,3,952,943,9,532,523,9,0,526,6,1000,468,320,206
20,GORJ,123,0,"Cu sediul in localul fostei Prim¼rii Sarbeti, loc. Alimpeti",ALIMPESTI,78542,C,3,736,727,9,421,412,9,0,418,3,800,379,212,206
20,GORJ,124,0,"Cu sediul in localul £colii vechi Aninoasa, loc. Aninoasa",ANINOASA,78604,C,3,1158,1147,11,445,434,11,0,440,5,1200,755,263,177
20,GORJ,125,0,"Cu sediul in localul £colii primare Costeti, loc. Aninoasa",ANINOASA,78604,C,3,797,788,9,296,287,9,0,291,5,901,605,176,115
20,GORJ,126,0,"Cu sediul in localul £colii primare nr. 2 Sterpoaia, loc. Aninoasa",ANINOASA,78604,C,3,731,722,9,326,317,9,0,322,4,800,474,159,163
20,GORJ,127,0," Cu sediul in localul £colii generale Groerea, loc. Aninoasa",ANINOASA,78604,C,3,535,525,10,277,267,10,0,275,2,604,327,186,89
20,GORJ,128,0,"Cu sediul in localul £colii generale Arcani, loc Arcani",ARCANI,78668,C,3,1066,1051,15,610,595,15,0,603,7,1200,590,280,323
20,GORJ,129,0,"Cu sediul in localul £colii generale Baia de Fier, loc Baia de Fier",BAIA DE FIER,78711,C,3,1369,1360,9,811,802,9,0,798,13,1503,692,435,363
20,GORJ,130,0,"Cu sediul in localul £colii generale Baia de Fier, loc Baia de Fier",BAIA DE FIER,78711,C,3,1404,1394,10,855,845,10,0,846,9,1500,645,505,341
20,GORJ,131,0,"Cu sediul in localul £colii generale Cern¼dia, loc Baia de Fier",BAIA DE FIER,78711,C,3,692,684,8,394,386,8,0,392,2,792,398,158,234
20,GORJ,132,0,"Cu sediul la C¼minul Cultural, din satul Voitetii din Vale, loc. B¼l¼neti",BALANESTI,78748,C,3,1156,1140,16,546,530,16,0,542,4,1200,654,270,272
20,GORJ,133,0,"Cu sediul in localul £colii generale Glodeni, loc B¼l¼neti",BALANESTI,78748,C,3,740,723,17,400,383,17,0,397,3,800,400,251,146
20,GORJ,134,0,"Cu sediul la C¼minul Cultural B¼leti, loc B¼leti",BALESTI,77910,C,3,1735,1678,57,790,733,57,0,781,9,1800,1010,334,447
20,GORJ,135,0,"Cu sediul in  localul £colii gimnaziale Ceauru, loc B¼leti",BALESTI,77910,C,3,1901,1824,77,967,889,77,1,954,13,2000,1033,576,378
20,GORJ,136,0,"Cu sediul in  localul £colii primare Corneti, loc B¼leti",BALESTI,77910,C,3,438,404,34,216,182,34,0,216,0,500,284,119,97
20,GORJ,137,0,"Cu sediul in  localul £colii primare Rasova, loc B¼leti",BALESTI,77910,C,3,397,368,29,224,195,29,0,220,4,500,276,62,158
20,GORJ,138,0,"Cu sediul in  localul £colii primare Stolojani, loc B¼leti",BALESTI,77910,C,3,520,492,28,230,202,28,0,228,2,600,370,118,110
20,GORJ,139,0,"Cu sediul in  localul £colii primare T¼lp¼eti, loc B¼leti",BALESTI,77910,C,3,469,428,41,268,227,41,0,265,3,500,232,141,124
20,GORJ,140,0,"Cu sediul in localul £colii primare T¼m¼eti, loc B¼leti",BALESTI,77910,C,3,538,482,56,288,232,56,0,286,2,600,312,150,136
20,GORJ,141,0," Cu sediul in localul C¼minului Cultural B¼rb¼teti, loc. B¼rb¼teti",BARBATESTI,78828,C,3,1437,1423,14,687,673,14,0,684,3,1500,813,261,423
20,GORJ,142,0,"Cu sediul in localul £colii generale Bengeti, loc Bengeti-Ciocadia",BENGESTI-CIOCADIA,78873,C,3,895,882,13,468,455,13,0,465,3,1000,532,262,203
20,GORJ,143,0,"Cu sediul in localul £colii din Linia Mare, loc Bengeti-Ciocadia",BENGESTI-CIOCADIA,78873,C,3,313,302,11,184,173,11,0,184,0,400,216,120,64
20,GORJ,144,0,"Cu sediul in localul Scolii din satul Ciocadia, loc Bengeti-Ciocadia",BENGESTI-CIOCADIA,78873,C,3,799,788,11,350,339,11,0,348,2,900,550,175,173
20,GORJ,145,0,"Cu sediul in localul Gr¼diniïei B¼lceti, loc Bengeti-Ciocadia",BENGESTI-CIOCADIA,78873,C,3,727,712,15,370,355,15,0,365,5,801,431,206,159
20,GORJ,146,0,"Cu sediul in localul £colii generale  Berleti, loc Berleti",BERLESTI,78926,C,3,731,712,19,300,281,19,0,298,2,800,500,187,111
20,GORJ,147,0,"Cu sediul in C¼minul Cultural Parau-Viu, loc Berleti",BERLESTI,78926,C,3,1091,1072,19,911,892,19,0,910,1,1200,289,608,302
20,GORJ,148,0,"Cu sediul in localul Prim¼riei Bilteni, loc. Balteni",BALTENI,79004,C,3,1727,1709,18,858,840,18,0,853,5,1800,942,309,544
20,GORJ,149,0,"Cu sediul in localul £colii generale nr.1 Peteana-Jiu, loc. Balteni",BALTENI,79004,C,3,1652,1639,13,728,714,13,1,718,10,1800,1072,384,334
20,GORJ,150,0,"Cu sediul in localul £colii generale Moi, loc. Balteni",BALTENI,79004,C,3,1596,1570,26,803,777,26,0,800,3,1800,997,288,512
20,GORJ,151,0,"Cu sediul in localul £colii generale Cocoreni, loc. Balteni",BALTENI,79004,C,3,1019,1006,13,503,490,13,0,496,7,1100,597,216,280
20,GORJ,152,0,"Cu sediul in localul £coli generale Bolboi, loc. Bolboi",BOLBOSI,79077,C,3,1429,1419,10,669,659,10,0,654,15,1500,831,436,218
20,GORJ,153,0,"Cu sediul in localul £colii generale Valea, loc. Bolboi",BOLBOSI,79077,C,3,772,743,29,358,329,29,0,356,2,800,442,214,142
20,GORJ,154,0,"Cu sediul in localul £colii primare Valea(c¼tunul Ursoiïa), loc. Bolboi",BOLBOSI,79077,C,3,269,258,11,149,138,11,0,148,1,300,151,128,20
20,GORJ,155,0,"Cu sediul in localul £colii generale Bor¼scu, loc. Bor¼scu",BORASCU,79157,C,3,1674,1642,32,753,720,32,1,748,5,1700,947,460,288
20,GORJ,156,0,"Cu sediul in localul £colii generale Menïii din Dos, loc. Bor¼scu",BORASCU,79157,C,3,590,575,15,296,281,15,0,293,3,600,304,159,134
20,GORJ,157,0,"Cu sediul in localul £colii generale din satul Miluta, loc. Bor¼scu",BORASCU,79157,C,3,528,520,8,234,226,8,0,229,5,600,366,137,92
20,GORJ,158,0,"Cu sediul in localul £colii gimnaziale Capul-Dealului, loc. Br¼neti",BRANESTI,79237,C,3,676,660,16,421,393,16,12,420,1,700,279,270,150
20,GORJ,159,0,"Cu sediul in localul £colii primare Br¼neti, loc. Br¼neti",BRANESTI,79237,C,3,512,501,11,265,243,11,11,262,3,600,335,166,96
20,GORJ,160,0,"Cu sediul in localul £colii gimnaziale Pariu, loc. Br¼neti",BRANESTI,79237,C,3,498,483,15,217,202,15,0,217,0,600,383,126,91
20,GORJ,161,0,"Cu sediul in localul £colii primare B¼deti, loc. Br¼neti",BRANESTI,79237,C,3,242,224,18,113,95,18,0,113,0,300,187,68,45
20,GORJ,162,0,"Cu sediul in C¼minul Cultural, loc. Bumbeti-Piïic",BUMBESTI-PITIC,79362,C,3,1114,1102,12,524,512,12,0,520,4,1200,676,248,272
20,GORJ,163,0,"Cu sediul la £coala general¼ Cirligei Deal, loc. Bumbeti-Piïic",BUMBESTI-PITIC,79362,C,3,242,233,9,121,112,9,0,121,0,300,179,60,61
20,GORJ,164,0,"Cu sediul in £coala general¼ Poienari, loc. Bumbeti-Piïic",BUMBESTI-PITIC,79362,C,3,617,607,10,360,350,10,0,354,6,700,340,192,162
20,GORJ,165,0,"Cu sediul in localul Grupului £colar Industrial, loc. Bustuchin",BUSTUCHIN,79406,C,3,878,853,25,520,495,25,0,519,1,900,380,381,138
20,GORJ,166,0,"Cu sediul in localul £colii generale din Poiana-Seciuri, loc. Bustuchin",BUSTUCHIN,79406,C,3,754,733,21,413,392,21,0,410,3,800,387,283,127
20,GORJ,167,0,"Cu sediul in localul £colii primare Poieniïa, loc. Bustuchin",BUSTUCHIN,79406,C,3,394,364,30,240,208,30,2,237,3,400,160,188,49
20,GORJ,168,0,"Cu sediul in localul £colii generale Pojaru, loc. Bustuchin",BUSTUCHIN,79406,C,3,411,395,16,229,213,16,0,225,4,503,274,158,67
20,GORJ,169,0,"Cu sediul in localul £colii generale Valea Pojarului, loc. Bustuchin",BUSTUCHIN,79406,C,3,395,383,12,258,246,12,0,256,2,500,242,184,72
20,GORJ,170,0,Cu sediul la sala de Festivit¼ïi a Prim¼riei C¼preni,CAPRENI,79497,C,3,675,658,17,337,315,17,5,331,6,700,363,159,172
20,GORJ,171,0,"Cu sediul in localul £colii primare Br¼teti, loc. C¼preni",CAPRENI,79497,C,3,344,325,19,193,174,19,0,191,2,400,207,105,86
20,GORJ,172,0,"Cu sediul in localul £colii primare C¼prenii de Sus, loc. C¼preni",CAPRENI,79497,C,3,491,458,33,298,265,33,0,294,4,500,202,148,146
20,GORJ,173,0,"Cu sediul in localul £colii generale Bulbuceni, loc. C¼preni",CAPRENI,79497,C,3,485,458,27,231,204,27,0,229,2,500,269,121,108
20,GORJ,174,0,"Cu sediul in localul Gr¼diniïei Valea Perilor, loc. C¼tunele",CATUNELE,79585,C,3,554,540,14,320,306,14,0,315,5,600,280,204,111
20,GORJ,175,0,"Cu sediul in localul £colii generale Valea - M¼n¼stirii, loc. C¼tunele",CATUNELE,79585,C,3,335,323,12,214,202,12,0,209,5,400,186,146,63
20,GORJ,176,0,"Cu sediul in localul C¼minului Cultural Lupoaia, loc. C¼tunele",CATUNELE,79585,C,3,704,693,11,428,417,11,0,425,3,801,373,221,204
20,GORJ,177,0,"Cu sediul in localul £colii primare Dealul Viilor, loc. C¼tunele",CATUNELE,79585,C,3,482,474,8,258,250,8,0,255,3,500,242,155,100
20,GORJ,178,0,Cu sediul in localul vechi al Prim¼riei Ciuperceni,CIUPERCENI,79656,C,3,447,436,11,282,271,11,0,276,6,500,218,142,134
20,GORJ,179,0,"Cu sediul in localul £colii primare Stramba Vulcan, loc. Ciuperceni",CIUPERCENI,79656,C,3,307,297,10,191,181,10,0,189,2,400,209,93,96
20,GORJ,180,0,"Cu sediul in localul £colii Vartopu, loc. Ciuperceni",CIUPERCENI,79656,C,3,306,297,9,205,196,9,0,201,4,400,195,123,78
20,GORJ,181,0,"Cu sediul in localul £colii generale Peteana Vulcan, loc. Ciuperceni",CIUPERCENI,79656,C,3,256,251,5,167,162,5,0,164,3,400,233,92,72
20,GORJ,182,0,"Cu sediul in C¼minul Cultural Calnic, loc Calnic",CALNIC,79736,C,3,956,928,28,476,448,28,0,467,9,1000,524,258,209
20,GORJ,183,0,"Cu sediul in £coala primar¼ Calnicul de Sus din satul Calnic, loc Calnic",CALNIC,79736,C,3,478,460,18,315,297,18,0,313,2,500,185,223,90
20,GORJ,184,0,"Cu sediul in £coala primar¼ Pinoasa, loc Calnic",CALNIC,79736,C,3,458,445,13,190,177,13,0,189,1,500,310,113,76
20,GORJ,185,0,"Cu sediul in C¼minul Cultural Crasna din satul C¼rpini, loc. Crasna",CRASNA,79834,C,3,1647,1606,41,879,838,41,0,867,12,1700,821,379,488
20,GORJ,186,0,"Cu sediul in localul £colii primare Dragoeti, loc. Crasna",CRASNA,79834,C,3,1095,1076,19,526,507,19,0,522,4,1100,574,232,290
20,GORJ,187,0,"Cu sediul in localul C¼minului Cultural Dumbr¼veni, loc. Crasna",CRASNA,79834,C,3,840,827,13,384,371,13,0,377,7,900,516,176,201
20,GORJ,188,0,"Cu sediul in localul C¼minului Cultural Aniniu din Vale, loc. Crasna",CRASNA,79834,C,3,791,778,13,405,392,13,0,402,3,900,495,145,257
20,GORJ,189,0,Cu sediul in localul £colii primar¼ Crueï,CRUSET,79932,C,3,1423,1401,22,730,708,22,0,722,8,1500,770,400,322
20,GORJ,190,0,"Cu sediul in localul C¼minului Cultural M¼iag, loc. Crueï",CRUSET,79932,C,3,772,745,27,359,332,27,0,354,5,800,441,239,115
20,GORJ,191,0,"Cu sediul in C¼minul Cultural Sl¼vuïa, loc. Crueï",CRUSET,79932,C,3,632,623,9,237,228,9,0,229,8,700,463,158,71
20,GORJ,192,0,"Cu sediul in localul C¼minului Cultural D¼nciuleti, loc D¼nciuleti",DANCIULESTI,80043,C,3,752,739,13,406,393,13,0,401,5,800,394,237,164
20,GORJ,193,0,"Cu sediul in localul C¼minului Cultural R¼dineti, loc D¼nciuleti",DANCIULESTI,80043,C,3,1198,1188,10,577,567,10,0,570,7,1300,723,287,283
20,GORJ,194,0,"Cu sediul in localul £colii primare D¼neti, loc. D¼neti",DANESTI,80123,C,3,1000,978,22,430,408,22,0,428,2,1000,570,148,280
20,GORJ,195,0,"Cu sediul in localul £colii primare V¼carea, loc. D¼neti",DANESTI,80123,C,3,602,574,28,312,284,28,0,308,4,600,288,132,176
20,GORJ,196,0,"Cu sediul in localul £colii primare din £asa, loc. D¼neti",DANESTI,80123,C,3,556,525,31,257,226,31,0,254,3,600,343,99,155
20,GORJ,197,0,"Cu sediul in localul £colii generale Br¼tuia, loc. D¼neti",DANESTI,80123,C,3,764,754,10,323,313,10,0,318,5,800,477,153,165
20,GORJ,198,0,"Cu sediul in localul C¼minului Cultural Dragoteti, loc. Dragoteti",DRAGOTESTI,80249,C,3,953,938,15,482,464,15,3,475,7,1000,518,240,235
20,GORJ,199,0,"Cu sediul in C¼minul Cultural Corob¼i, loc. Dragoteti",DRAGOTESTI,80249,C,3,1054,1044,10,546,536,10,0,541,5,1100,554,247,294
20,GORJ,200,0,"Cu sediul in C¼minul Cultural Iai, loc. Dr¼guïeti",DRAGUTESTI,78016,C,3,1566,1533,33,852,819,33,0,848,4,1600,748,397,451
20,GORJ,201,0,"Cu sediul in localul £colii generale Urecheti, loc. Dr¼guïeti",DRAGUTESTI,78016,C,3,733,695,38,441,403,38,0,438,3,800,359,209,229
20,GORJ,202,0,"Cu sediul in localul £colii generale Tilveti, loc. Dr¼guïeti",DRAGUTESTI,78016,C,3,550,528,22,351,329,22,0,343,8,601,250,174,169
20,GORJ,203,0,"Cu sediul in localul £colii generale Carbeti, loc. Dr¼guïeti",DRAGUTESTI,78016,C,3,1125,1104,21,584,563,21,0,582,2,1200,616,273,309
20,GORJ,204,0,"Cu sediul in localul Gr¼diniïei  Peteana de Jos, loc. F¼rc¼eti",FARCASESTI,80285,C,3,738,723,15,348,333,15,0,341,7,800,452,134,207
20,GORJ,205,0,"Cu sediul la £c general¼ ""Victor Popescu"" din Valea cu Ap¼, loc. F¼rc¼eti",FARCASESTI,80285,C,3,611,606,5,334,329,5,0,330,4,700,366,111,219
20,GORJ,206,0,"Cu sediul in localul £colii generale F¼rc¼eti, loc. F¼rc¼eti",FARCASESTI,80285,C,3,632,616,16,297,278,16,3,295,2,700,403,92,203
20,GORJ,207,0,"Cu sediul in localul Liceului Roia Jiu, loc. F¼rc¼eti",FARCASESTI,80285,C,3,822,796,26,407,381,26,0,400,7,900,493,224,176
20,GORJ,208,0,"Cu sediul in localul £colii generale Timieni, loc. F¼rc¼eti",FARCASESTI,80285,C,3,204,191,13,88,75,13,0,85,3,300,212,36,49
20,GORJ,209,0,Cu sediul in localul Prim¼riei Glogova,GLOGOVA,80365,C,3,1438,1411,27,697,670,27,0,693,4,1500,803,427,266
20,GORJ,210,0,Cu sediul in localul Prim¼riei Godineti,GODINESTI,80427,C,3,984,954,30,509,479,30,0,505,4,1000,491,256,249
20,GORJ,211,0,"Cu sediul in localul £colii generale Calceti, loc. Godineti",GODINESTI,80427,C,3,301,289,12,144,132,12,0,141,3,300,156,77,64
20,GORJ,212,0,"Cu sediul in localul £colii generale Paraul de Pripor, loc. Godineti",GODINESTI,80427,C,3,499,488,11,328,309,11,8,323,5,500,172,248,75
20,GORJ,213,0,"Cu sediul in C¼minul Cultural Hurezani, loc. Hurezani",HUREZANI,80506,C,3,1190,1153,37,637,600,37,0,619,18,1200,563,342,277
20,GORJ,214,0,"Cu sediul in localul £colii primare Plopu de Hurezani, loc. Hurezani",HUREZANI,80506,C,3,216,206,10,111,101,10,0,107,4,300,189,50,57
20,GORJ,215,0,"Cu sediul in localul £colii generale Ioneti, loc. Ioneti",IONESTI,80560,C,3,951,936,15,541,526,15,0,530,11,1000,459,368,162
20,GORJ,216,0,"Cu sediul in localul £coli primare Ilieti, loc. Ioneti",IONESTI,80560,C,3,466,462,4,287,283,4,0,282,5,500,213,211,71
20,GORJ,217,0,"Cu sediul in localul £colii primare Picu, loc. Ioneti",IONESTI,80560,C,3,569,552,17,321,304,17,0,318,3,600,279,230,88
20,GORJ,218,0,"Cu sediul in localul C¼minului Cultural Jupaneti, loc. Jupaneti",JUPANESTI,80613,C,3,1106,1090,16,595,579,16,0,587,8,1200,605,276,311
20,GORJ,219,0,"Cu sediul in localul £colii primare Vierani, loc. Jupaneti",JUPANESTI,80613,C,3,683,673,10,273,263,10,0,271,2,800,527,107,164
20,GORJ,220,0,Cu sediul in localul Prim¼riei Leleti,LELESTI,80677,C,3,1442,1428,14,774,760,14,0,765,9,1500,726,372,393
20,GORJ,221,0,"Cu sediul in localul £colii generale Licurici, loc. Licurici",LICURICI,80711,C,3,666,652,14,261,247,14,0,259,2,700,439,137,122
20,GORJ,222,0,"Cu sediul in localul £colii generale Negreni, loc. Licurici",LICURICI,80711,C,3,647,632,15,253,238,15,0,248,5,700,447,145,103
20,GORJ,223,0,"Cu sediul in localul £colii generale Totea, loc. Licurici",LICURICI,80711,C,3,614,599,15,286,271,15,0,284,2,700,414,176,108
20,GORJ,224,0,"Cu sediul in localul C¼minului Cultural Frunza, loc. Logreti",LOGRESTI,80766,C,3,667,648,19,262,243,19,0,257,5,700,438,158,99
20,GORJ,225,0,"Cu sediul in localul £colii generale M¼ru, loc. Logreti",LOGRESTI,80766,C,3,978,966,12,390,378,12,0,381,9,1000,610,222,159
20,GORJ,226,0,"Cu sediul in localul £colii primare Seaca, loc. Logreti",LOGRESTI,80766,C,3,285,271,14,154,140,14,0,153,1,300,146,85,68
20,GORJ,227,0,"Cu sediul in localul £colii primare Moteni, loc. Logreti",LOGRESTI,80766,C,3,487,468,19,249,230,19,0,242,7,500,251,127,115
20,GORJ,228,0,"Cu sediul in localul Gr¼diniïei, sat M¼t¼sari, loc. M¼t¼sari",MATASARI,80846,C,3,2118,2079,39,852,812,39,1,848,4,2200,1348,356,492
20,GORJ,229,0,"Cu sediul in localul £colii nr.2 M¼t¼sari, loc. M¼t¼sari",MATASARI,80846,C,3,685,672,13,294,281,13,0,291,3,700,406,131,160
20,GORJ,230,0,"Cu sediul in localul £colii primare Br¼det, loc. M¼t¼sari",MATASARI,80846,C,3,550,540,10,254,244,10,0,248,6,600,346,86,162
20,GORJ,231,0,"Cu sediul in localul £colii primare Runcurel, loc. M¼t¼sari",MATASARI,80846,C,3,354,346,8,188,175,8,5,183,5,400,212,102,81
20,GORJ,232,0,"Cu sediul in localul £colii primare Croici, loc. M¼t¼sari",MATASARI,80846,C,3,361,335,26,173,147,26,0,172,1,400,227,98,74
20,GORJ,233,0,"Cu sediul in localul C¼minul Cultural Mueteti, loc. Mueteti",MUSETESTI,80908,C,3,880,868,12,445,424,12,9,445,0,900,455,166,279
20,GORJ,234,0,"Cu sediul in localul £colii primare St¼nceti, loc. Mueteti",MUSETESTI,80908,C,3,541,525,16,221,205,16,0,219,2,600,379,95,124
20,GORJ,235,0,"Cu sediul in localul £colii primare Grui, loc. Mueteti",MUSETESTI,80908,C,3,458,446,12,238,226,12,0,238,0,500,262,104,134
20,GORJ,236,0,"Cu sediul in localul £colii generale Negomir, loc. Negomir",NEGOMIR,80980,C,3,1175,1161,14,622,607,14,1,601,21,1200,578,341,260
20,GORJ,237,0,"Cu sediul in localul £colii primare Artanu, loc. Negomir",NEGOMIR,80980,C,3,946,919,27,630,603,27,0,613,17,1000,370,331,282
20,GORJ,238,0,"Cu sediul in localul £colii generale Raci, loc. Negomir",NEGOMIR,80980,C,3,892,880,12,534,522,12,0,524,10,900,366,256,268
20,GORJ,239,0,"Cu sediul in localul £coala general¼ Pade, loc. Pade",PADES,81095,C,3,1242,1217,25,634,609,25,0,627,7,1300,666,295,332
20,GORJ,240,0,"Cu sediul in localul C¼minului Cultural C¼lug¼reni, loc. Pade",PADES,81095,C,3,945,909,36,561,525,36,0,557,4,1000,439,237,320
20,GORJ,241,0,"Cu sediul in localul £colii generale Motru-Sec, loc. Pade",PADES,81095,C,3,1656,1639,17,859,842,17,0,845,14,1700,841,427,418
20,GORJ,242,0,"Cu sediul in localul £colii primare Cerna-Sat, loc. Pade",PADES,81095,C,3,163,122,41,92,51,41,0,91,1,200,108,31,60
20,GORJ,243,0,"Cu sediul in localul Grupului £colar Tehnologic Petiani, loc. Petiani",PESTISANI,81184,C,3,1449,1435,14,566,552,14,0,560,6,1500,934,231,329
20,GORJ,244,0,"Cu sediul in localul £colii generale Petiani, loc. Petiani",PESTISANI,81184,C,3,1576,1559,17,663,646,17,0,659,4,1700,1037,335,324
20,GORJ,245,0,"Cu sediul in localul £colii Olari, loc. Ploporu",PLOPSORU,81264,C,3,669,656,13,349,336,13,0,340,9,700,351,166,174
20,GORJ,246,0,"Cu sediul in localul £colii Ploporu, loc. Ploporu",PLOPSORU,81264,C,3,1311,1297,14,618,604,14,0,613,5,1403,785,349,264
20,GORJ,247,0,"Cu sediul in localul £colii Piscuri, loc. Ploporu",PLOPSORU,81264,C,3,896,870,26,504,478,26,0,489,15,900,396,320,169
20,GORJ,248,0,"Cu sediul in localul £colii V¼leni, loc. Ploporu",PLOPSORU,81264,C,3,712,681,31,454,423,31,0,450,4,800,346,277,173
20,GORJ,249,0,"Cu sediul in localul £colii Izvoarele, loc. Ploporu",PLOPSORU,81264,C,3,915,890,25,465,440,25,0,457,8,1000,535,228,229
20,GORJ,250,0,"Cu sediul in localul £colii Broteni, loc. Ploporu",PLOPSORU,81264,C,3,429,390,39,250,198,39,13,250,0,500,250,149,101
20,GORJ,251,0,"Cu sediul in localul £colii generale Polovragi, loc. Polovragi",POLOVRAGI,81380,C,3,1928,1922,6,1052,1046,6,0,1047,5,2000,948,624,423
20,GORJ,252,0,"Cu sediul in localul £colii primare Racoviïa, loc. Polovragi",POLOVRAGI,81380,C,3,452,442,10,293,283,10,0,292,1,500,207,217,75
20,GORJ,253,0,"Cu sediul in localul £colii generale Prigoria, loc. Prigoria",PRIGORIA,81415,C,3,634,624,10,270,259,10,1,264,6,700,430,145,119
20,GORJ,254,0,"Cu sediul in localul £colii generale Bucana, loc. Prigoria",PRIGORIA,81415,C,3,688,678,10,263,253,10,0,260,3,800,537,149,111
20,GORJ,255,0,"Cu sediul in localul £colii generale C¼lug¼reasa, loc. Prigoria",PRIGORIA,81415,C,3,526,516,10,276,236,10,30,268,8,600,324,136,132
20,GORJ,256,0,"Cu sediul in localul £colii generale Zorleti, loc. Prigoria",PRIGORIA,81415,C,3,420,394,26,283,257,26,0,280,3,500,217,129,151
20,GORJ,257,0,"Cu sediul in localul £colii generale Negoieti, loc. Prigoria",PRIGORIA,81415,C,3,440,424,16,183,167,16,0,181,2,500,317,99,82
20,GORJ,258,0,"Cu sediul in localul C¼minului Cultural, loc. Roia de Amaradia",ROSIA DE AMARADIA,81497,C,3,1454,1433,21,780,758,21,1,768,12,1500,720,465,303
20,GORJ,259,0,"Cu sediul in localul £colii primare Seciuri, loc. Roia de Amaradia",ROSIA DE AMARADIA,81497,C,3,713,680,33,352,319,33,0,351,1,800,448,198,153
20,GORJ,260,0,"Cu sediul in localul £colii primare Ruget, loc. Roia de Amaradia",ROSIA DE AMARADIA,81497,C,3,483,461,22,270,248,22,0,263,7,500,230,198,65
20,GORJ,261,0,"Cu sediul in localul £colii generale Runcu, loc. Runcu",RUNCU,81576,C,3,1123,1071,52,680,628,52,0,673,7,1200,520,285,388
20,GORJ,262,0,"Cu sediul in localul £colii generale Balta, loc. Runcu",RUNCU,81576,C,3,1391,1339,52,691,639,52,0,678,13,1400,709,276,402
20,GORJ,263,0,"Cu sediul in localul C¼minului Cultural Valea Mare, loc. Runcu",RUNCU,81576,C,3,754,731,23,352,329,23,0,345,7,800,448,126,219
20,GORJ,264,0,"Cu sediul in C¼minul Cultural Dobriïa, loc. Runcu",RUNCU,81576,C,3,933,905,28,564,505,28,31,553,11,1000,436,240,313
20,GORJ,265,0,"Cu sediul in localul Centrului de Ingrijire i Asistenï¼ Suseni, loc. Runcu",RUNCU,81576,C,3,205,196,9,189,120,9,60,189,0,300,111,89,100
20,GORJ,266,1,"Cu sediul la Spitalului de Pneumoftiziologie Tudor Vladimirescu, loc. Runcu",RUNCU,81576,C,3,11,0,11,187,0,11,176,186,1,301,114,96,90
20,GORJ,267,0,"Cu sediul in localul £colii gimnaziale Samarineti, loc. Samarineti",SAMARINESTI,81656,C,3,1041,1025,16,556,540,16,0,553,3,1100,544,319,234
20,GORJ,268,0,"Cu sediul in localul £colii primare Larga, loc. Samarineti",SAMARINESTI,81656,C,3,424,403,21,227,206,21,0,224,3,499,272,156,68
20,GORJ,269,0,"Cu sediul in localul £colii gimnaziale S¼celu, loc. S¼celu",SACELU,81754,C,3,1418,1394,24,589,565,24,0,578,11,1500,911,299,279
20,GORJ,270,0,"Cu sediul in localul £colii generale S¼uleti, loc. S¼uleti",SAULESTI,81816,C,3,1906,1886,20,741,721,20,0,738,3,2000,1259,394,344
20,GORJ,271,0,"Cu sediul in localul fostei £coli primare Sambotin, loc. Schela",SCHELA,81987,C,3,533,519,14,326,312,14,0,323,3,600,274,178,145
20,GORJ,272,0,"Cu sediul in localul £colii primare din Gorn¼cel, loc. Schela",SCHELA,81987,C,3,567,550,17,288,271,17,0,286,2,600,312,146,140
20,GORJ,273,0,"Cu sediul in localul fostei £coli generale Schela, loc. Schela",SCHELA,81987,C,3,616,603,13,284,271,13,0,282,2,700,416,156,126
20,GORJ,274,0,"Cu sediul in localul £colii Pitetii din Deal, loc. Scoarïa",SCOARTA,81861,C,3,780,763,17,304,287,17,0,293,11,800,496,231,62
20,GORJ,275,0,"Cu sediul in localul £colii generale Budieni, loc. Scoarïa",SCOARTA,81861,C,3,603,546,57,338,281,57,0,335,3,600,262,185,150
20,GORJ,276,0,"Cu sediul in localul £colii generale Cop¼cioasa, loc. Scoarïa",SCOARTA,81861,C,3,373,329,44,373,329,44,0,371,2,700,327,148,223
20,GORJ,277,0,"Cu sediul in localul C¼minului Cultural Pompiliu Marcea Scoarïa, loc. Scoarïa",SCOARTA,81861,C,3,791,771,20,350,330,20,0,347,3,800,450,175,172
20,GORJ,278,0,"Cu sediul in fostul localul al Prim¼riei Bobu, loc. Scoarïa",SCOARTA,81861,C,3,1020,989,31,498,467,31,0,496,2,1100,602,218,278
20,GORJ,279,0,"Cu sediul in localul £colii primare Slivileti, loc. Slivileti",SLIVILESTI,82047,C,3,923,899,24,422,384,24,14,415,7,1000,578,205,210
20,GORJ,280,0,"Cu sediul in localul £colii generale Miculeti, loc. Slivileti",SLIVILESTI,82047,C,3,928,917,11,378,342,11,25,377,1,1000,622,195,182
20,GORJ,281,0,"Cu sediul in localul £colii primare Stramtu, loc. Slivileti",SLIVILESTI,82047,C,3,444,419,25,173,148,25,0,173,0,500,327,83,90
20,GORJ,282,0,"Cu sediul in localul £colii primare £iacu, loc. Slivileti",SLIVILESTI,82047,C,3,636,605,31,245,214,31,0,243,2,700,455,132,111
20,GORJ,283,0,"Cu sediul in localul Prim¼riei St¼neti, loc. St¼neti",STANESTI,82136,C,3,1149,1129,20,621,601,20,0,618,3,1200,579,259,359
20,GORJ,284,0,"Cu sediul in localul £colii generale Curpen, loc. St¼neti",STANESTI,82136,C,3,873,852,21,452,431,21,0,447,5,900,448,171,276
20,GORJ,285,0,"Cu sediul in localul C¼minului Cultural Stejari, loc. Stejari",STEJARI,82243,C,3,945,921,24,419,395,24,0,407,12,1000,581,294,113
20,GORJ,286,0,"Cu sediul in localul C¼minului Cultural din satul Baloani, loc. Stejari",STEJARI,82243,C,3,421,394,27,218,191,27,0,215,3,500,282,157,58
20,GORJ,287,0,"Cu sediul in localul C¼minului Cultural din satul Piscoiu, loc. Stejari",STEJARI,82243,C,3,831,819,12,362,350,12,0,357,5,900,538,196,161
20,GORJ,288,0,"Cu sediul in localul C¼minului Cultural Stoina, loc. Stoina",STOINA,82314,C,3,1229,1202,27,566,539,27,0,558,8,1300,734,308,250
20,GORJ,289,0,"Cu sediul in localul £colii primare P¼iani, loc. Stoina",STOINA,82314,C,3,711,666,45,373,328,45,0,368,5,800,427,215,153
20,GORJ,290,0,"Cu sediul in cl¼direa de lang¼ Prim¼ria Teleti, loc. Teleti",TELESTI,82396,C,3,968,950,18,460,442,18,0,459,1,1000,540,174,285
20,GORJ,291,0," Cu sediul in localul £colii primare £omaneti, loc. Teleti",TELESTI,82396,C,3,543,534,9,339,326,9,4,335,4,600,261,147,188
20,GORJ,292,0," Cu sediul in localul £colii primare Buduhala, loc. Teleti",TELESTI,82396,C,3,606,590,16,362,346,16,0,358,4,700,338,262,96
20,GORJ,293,0,"Cu sediul in localul £colii generale Turburea, loc. Turburea",TURBUREA,82555,C,3,1196,1180,16,561,545,16,0,551,10,1200,639,248,303
20,GORJ,294,0,"Cu sediul in localul £colii primare Spahii, loc. Turburea",TURBUREA,82555,C,3,683,663,20,295,275,20,0,291,4,700,405,158,133
20,GORJ,295,0,"Cu sediul in localul £colii generale Poiana, loc. Turburea",TURBUREA,82555,C,3,1236,1220,16,579,563,16,0,570,9,1300,721,258,312
20,GORJ,296,0,"Cu sediul in localul £colii primare Cocorova, loc. Turburea",TURBUREA,82555,C,3,429,420,9,198,189,9,0,197,1,500,302,102,95
20,GORJ,297,0,"Cu sediul in localul Prim¼riei Turcineti, loc. Turcineti",TURCINESTI,78089,C,3,1291,1276,15,657,642,15,0,651,6,1300,643,252,399
20,GORJ,298,0,"Cu sediul in localul £colii generale Rugi, loc. Turcineti",TURCINESTI,78089,C,3,700,695,5,467,425,5,37,464,3,700,233,131,333
20,GORJ,299,0,"Cu sediul in localul Prim¼riei Uanï¼reni, loc. Uanï¼reni",TANTARENI,82680,C,3,1845,1830,15,1061,1026,15,20,1044,17,1900,839,678,366
20,GORJ,300,0,"Cu sediul in localul £colii generale Floreti II, loc. Uanï¼reni",TANTARENI,82680,C,3,1108,1093,15,594,579,15,0,586,8,1200,606,325,261
20,GORJ,301,0,"Cu sediul in localul £colii generale Floreti I, loc. Uanï¼reni",TANTARENI,82680,C,3,1172,1132,40,593,553,40,0,586,7,1200,607,282,304
20,GORJ,302,0,"Cu sediul in localul £colii generale Chiciora, loc. Uanï¼reni",TANTARENI,82680,C,3,273,253,20,206,186,20,0,205,1,300,94,172,33
20,GORJ,303,0,"Cu sediul in localul £colii generale nr. 1 Urdari, loc. Urdari",URDARI,82733,C,3,1810,1784,26,855,829,26,0,849,6,1900,1045,443,406
20,GORJ,304,0,"Cu sediul in localul £colii generale Fantanele, loc. Urdari",URDARI,82733,C,3,764,740,24,475,451,24,0,468,7,800,325,188,280
20,GORJ,305,0,"Cu sediul in localul C¼minului Cultural V¼giuleti, loc. V¼giuleti",VAGIULESTI,82779,C,3,1171,1142,29,558,529,29,0,556,2,1200,642,355,201
20,GORJ,306,0,"Cu sediul in localul C¼minului Cultural Covrigi, loc. V¼giuleti",VAGIULESTI,82779,C,3,1153,1135,18,470,452,18,0,467,3,1200,730,307,160
20,GORJ,307,0,"Cu sediul in localul C¼minului Cultural Andreeti, loc. Vladimir",VLADIMIR,82831,C,3,960,939,21,491,470,21,0,483,8,1000,509,256,227
20,GORJ,308,0,"Cu sediul in localul £colii generale Frasinu, loc. Vladimir",VLADIMIR,82831,C,3,571,564,7,266,259,7,0,257,9,600,334,160,97
20,GORJ,309,0,"Cu sediul in localul £colii generale Vladimir, loc. Vladimir",VLADIMIR,82831,C,3,714,692,22,346,324,22,0,335,11,800,454,202,133
20,GORJ,310,0,"Cu sediul in localul £colii generale Valea Deului, loc. Vladimir",VLADIMIR,82831,C,3,319,305,14,164,150,14,0,161,3,400,236,101,60
21,HARGHITA,1,0,"MIERCUREA CIUC, B-DUL TIMISOAREI NR.6, CASA DE CULTURA MUNICIPALA",MUNICIPIUL MIERCUREA CIUC,83320,M,1,1769,1760,9,834,781,9,44,824,10,1736,902,507,317
21,HARGHITA,2,0,"MIERCUREA CIUC,  P-TA LIBERTATII NR.16, CASA DE CULTURA A SINDICATELOR",MUNICIPIUL MIERCUREA CIUC,83320,M,1,2315,2308,7,962,948,7,7,956,6,2439,1477,569,387
21,HARGHITA,3,0,"MIERCUREA CIUC, STR. REVOLUTIEI DIN DECEMBRIE NR.1, SCOALA GENERALA NAGY IMRE",MUNICIPIUL MIERCUREA CIUC,83320,M,1,2679,2672,7,1043,1019,7,17,1037,6,2940,1897,600,437
21,HARGHITA,4,0,"MIERCUREA CIUC, STR.COSBUC NR.80, LICEUL TEORETIC MARTON ARON",MUNICIPIUL MIERCUREA CIUC,83320,M,1,2581,2573,8,1066,1043,8,15,1055,11,2831,1765,630,425
21,HARGHITA,5,0,"MIERCUREA CIUC, STR.PATINOARULUI NR.2, SCOALA GENERALA NR.9 LIVIU REBREANU",MUNICIPIUL MIERCUREA CIUC,83320,M,1,2067,2033,34,968,934,34,0,956,12,2237,1269,608,348
21,HARGHITA,6,0,"MIERCUREA CIUC, P-TA LIBERTATII NR.16, CASA DE CULTURA A SINDICATELOR",MUNICIPIUL MIERCUREA CIUC,83320,M,1,1876,1866,10,730,709,10,11,725,5,2053,1323,507,218
21,HARGHITA,7,0,"MIERCUREA CIUC, STR.HARGHITA NR.34, CAMINUL DE ZI NR.1 NAPRAFORGO",MUNICIPIUL MIERCUREA CIUC,83320,M,1,1706,1698,8,706,698,8,0,692,14,1868,1162,435,257
21,HARGHITA,8,0,"MIERCUREA CIUC, STR.SALCAM NR.1, S.C.GOSCOM SA",MUNICIPIUL MIERCUREA CIUC,83320,M,1,1301,1292,9,500,470,9,21,494,6,1422,922,359,135
21,HARGHITA,9,0,"MIERCUREA CIUC, STR.MIRON CRISTEA, SCOALA GENERALA JOZSEF ATTILA",MUNICIPIUL MIERCUREA CIUC,83320,M,1,1680,1630,50,783,701,50,32,776,7,1693,910,482,294
21,HARGHITA,10,0,"MIERCUREA CIUC, STR.PICTOR NAGY IMRE NR.140, CASA DE CULTURA",MUNICIPIUL MIERCUREA CIUC,83320,M,1,996,987,9,441,426,9,6,435,6,1086,645,322,113
21,HARGHITA,11,0,"MIERCUREA CIUC, STR.VOINTA,  COLEGIUL NATIONAL OCTAVIAN GOGA",MUNICIPIUL MIERCUREA CIUC,83320,M,1,2479,2460,19,1068,1035,19,14,1058,10,2706,1638,649,409
21,HARGHITA,12,0,"MIERCUREA CIUC, B-DUL FRATIEI, LICEUL DE MUZICA SI ARTA NAGY ISTVAN",MUNICIPIUL MIERCUREA CIUC,83320,M,1,2418,2411,7,1006,989,7,10,1001,5,2652,1646,675,326
21,HARGHITA,13,0,"MIERCUREA CIUC, STR.LELICENI, GRADINITA NR.18 TULIPAN",MUNICIPIUL MIERCUREA CIUC,83320,M,1,1788,1781,7,838,695,7,136,833,5,1960,1122,562,271
21,HARGHITA,14,0,"MIERCUREA CIUC, ALEEA COPIILOR, CAMIN DE ZI NR.2 SZIVARVANY",MUNICIPIUL MIERCUREA CIUC,83320,M,1,1826,1816,10,760,706,10,44,752,8,1998,1238,479,273
21,HARGHITA,15,0,"MIERCUREA CIUC, STR.PETOFI SANDOR, SC.GEN.PETOFI SANDOR",MUNICIPIUL MIERCUREA CIUC,83320,M,1,2374,2367,7,951,928,7,16,947,4,2604,1653,652,295
21,HARGHITA,16,0,"MIERCUREA CIUC, STR.IANCU DE HUNEDOARA NR.29/B, GRUP SC. INDUSTRIAL NR.4 SZEKELY KAROLY",MUNICIPIUL MIERCUREA CIUC,83320,M,1,2686,2677,9,1126,1098,9,19,1117,9,2945,1819,713,404
21,HARGHITA,17,0,"MIERCUREA CIUC, STR.SZEK NR.123, SEDIUL COMPOSESORATULUI CSIKSOMLYO",MUNICIPIUL MIERCUREA CIUC,83320,M,1,1695,1688,7,712,684,7,21,710,2,1857,1145,554,156
21,HARGHITA,18,0,"MIERCUREA CIUC, STR.TOPLITA NR.112, SCOALA GENERALA  XANTUS JANOS",MUNICIPIUL MIERCUREA CIUC,83320,M,1,1381,1373,8,630,614,8,8,627,3,1511,881,482,145
21,HARGHITA,19,0,"MIERCUREA CIUC, HARGHITA BAI, SCOALA GENERALA NYIRO JOZSEF",MUNICIPIUL MIERCUREA CIUC,83320,M,1,188,184,4,92,83,4,5,92,0,203,111,53,39
21,HARGHITA,20,1,"MIERCUREA CIUC, STR.DR.DENES LASZLO NR.2, SPITALUL JUDETEAN HARGHITA",MUNICIPIUL MIERCUREA CIUC,83320,M,1,10,0,10,219,0,10,209,215,4,300,81,165,50
21,HARGHITA,21,1,"MIERCUREA CIUC, STR.SZEK, SPITALUL DE BOLI CONTAGIOASE",MUNICIPIUL MIERCUREA CIUC,83320,M,1,10,0,10,53,0,10,43,51,2,100,47,41,10
21,HARGHITA,22,1,"MIERCUREA CIUC, STR.NICOLAE BALCESCU, SPITALUL DERMATOLOGIE, PSIHIATRIE, OFTALMOLOGIE",MUNICIPIUL MIERCUREA CIUC,83320,M,1,10,0,10,81,0,10,71,79,2,100,19,46,33
21,HARGHITA,23,1,"MIERCUREA CIUC, STR.CULMEI, CAMINUL DE GARNIZOANA NR.1",MUNICIPIUL MIERCUREA CIUC,83320,M,1,9,0,9,229,0,9,220,223,6,300,71,132,91
21,HARGHITA,24,1,"MIERCUREA CIUC, GARA CFR",MUNICIPIUL MIERCUREA CIUC,83320,M,1,7,0,7,459,0,7,452,455,4,500,41,187,268
21,HARGHITA,25,0,"GHEORGHENI, STR.KOSSUTH LAJOS NR.124, SC.GEN.NR.2,  KOS KAROLY",MUNICIPIUL  GHEORGHENI,83561,M,1,2707,2692,15,870,850,15,5,863,7,2562,1692,562,301
21,HARGHITA,26,0,"GHEORGHENI, STR.KOSSUTH LAJOS NR.81, SC.GEN.NR.2, KOS KAROLY SECTIA I-IV (OROSZ KALMAN)",MUNICIPIUL  GHEORGHENI,83561,M,1,2402,2393,9,870,855,9,6,858,12,2633,1763,590,268
21,HARGHITA,27,0,"GHEORGHENI, STR.KOSSUTH LAJOS NR.81, SC.GEN.NR.2,  KOS KAROLY CLASELE I-IV (OROSZ KALMAN)",MUNICIPIUL  GHEORGHENI,83561,M,1,2426,2420,6,840,828,6,6,830,10,1662,822,569,261
21,HARGHITA,28,0,"GHEORGHENI, STR.KOSSUTH LAJOS NR.2, LICEUL TEORETIC SALAMON ERNO, CLASELE I-VIII (VASKERTES)",MUNICIPIUL  GHEORGHENI,83561,M,1,1988,1979,9,684,665,9,10,680,4,2177,1493,425,255
21,HARGHITA,29,0,"GHEORGHENI, STR.LACU ROSU NR.5, LICEUL TEORETIC SALAMON ERNO",MUNICIPIUL  GHEORGHENI,83561,M,1,2493,2486,7,1008,957,7,44,988,20,2735,1727,692,296
21,HARGHITA,30,0,"GHEORGHENI, STR.MARTON ARON NR.13-15, GRUP SC.IND.CONSTRUCTII DE MASINI",MUNICIPIUL  GHEORGHENI,83561,M,1,2544,2536,8,964,927,8,29,944,20,2790,1826,684,260
21,HARGHITA,31,0,"GHEORGHENI, B-DUL LACU ROSU NR.159, SCOALA GENERALA NR.4",MUNICIPIUL  GHEORGHENI,83561,M,1,2298,2289,9,840,815,9,16,835,5,2518,1678,670,165
21,HARGHITA,32,0,"GHEORGHENI, STATIUNEA LACU ROSU",MUNICIPIUL  GHEORGHENI,83561,M,1,77,70,7,45,38,7,0,45,0,177,132,15,30
21,HARGHITA,33,1,"GHEORGHENI, STR.CIOBOTULUI NR.4, UNITATEA MILITARA 0721",MUNICIPIUL  GHEORGHENI,83561,M,1,9,0,9,105,0,9,96,104,1,200,95,68,36
21,HARGHITA,34,1,"GHEORGHENI, B-DUL LACU ROSU NR.212, CAMINUL DE BATRANI SFANTA ELISABETA",MUNICIPIUL  GHEORGHENI,83561,M,1,11,0,11,85,0,11,74,83,2,200,115,60,23
21,HARGHITA,35,1,"GHEORGHENI, STR.FOGARASSY MIHALY NR.4, CENTRUL DE INGRIJIRE SI ASISTENTA",MUNICIPIUL  GHEORGHENI,83561,M,1,9,0,9,86,0,9,77,86,0,200,114,61,25
21,HARGHITA,36,1,"GHEORGHENI, STR.SPITALULUI NR.1, SPITALUL MUNICIPAL - SECTIA INTERNE SI CHIRURGI",MUNICIPIUL  GHEORGHENI,83561,M,1,11,0,11,70,0,11,59,70,0,200,130,38,32
21,HARGHITA,37,1,"GHEORGHENI, STR.CARPATI NR.16, SPITAL MUNICIPAL - SECTIA BOLI INFECTIOASE",MUNICIPIUL  GHEORGHENI,83561,M,1,8,0,8,35,0,8,27,35,0,100,65,24,11
21,HARGHITA,38,1,"GHEORGHENI, STR.CARPATI NR.5, SPITAL MUNICIPAL - SCTIA MATERNITATE,ORL OFTALMOLOGIE",MUNICIPIUL  GHEORGHENI,83561,M,1,9,0,9,40,0,9,31,39,1,100,60,31,8
21,HARGHITA,39,1,"GHEORGHENI, STRADA GARII, GARA CFR",MUNICIPIUL  GHEORGHENI,83561,M,1,8,0,8,163,0,8,155,161,2,250,87,76,85
21,HARGHITA,40,0,"ODORHEIU SECUIESC, STR.BUDVAR NR.2, SCOALA UCECOM",MUNICIPIUL ODORHEIU SECUIESC,83133,M,1,2111,2102,9,742,693,9,40,733,9,2313,1571,594,139
21,HARGHITA,41,0,"ODORHEIU SECUIESC ,STR.MORII NR.41, GRADINITA DE COPII NR.4",MUNICIPIUL ODORHEIU SECUIESC,83133,M,1,2010,2003,7,786,757,7,22,781,5,2200,1414,580,201
21,HARGHITA,42,0,"ODORHEIU SECUIESC, P-TA LIBERTATII NR.11, LICEUL PEDAGOGIC",MUNICIPIUL ODORHEIU SECUIESC,83133,M,1,2020,2011,9,670,638,9,23,666,4,2213,1543,539,127
21,HARGHITA,43,0,"ODORHEIU SECUIESC, STR.TAMASI ARON NR.11, CASA DE CULTURA",MUNICIPIUL ODORHEIU SECUIESC,83133,M,1,1413,1404,9,630,611,9,10,622,8,1445,815,492,130
21,HARGHITA,44,0,"ODORHEIU SECUIESC, STR.ORBAN BALAZS NR.100, FOSTA CASA DE CULTURA DIN SAMBATESTI",MUNICIPIUL ODORHEIU SECUIESC,83133,M,1,1532,1522,10,593,568,10,15,585,8,1675,1082,509,76
21,HARGHITA,45,0,"ODORHEIU SECUIESC, STR.NICOLAE BALCESCU NR.35, LICEUL KOS KAROLY",MUNICIPIUL ODORHEIU SECUIESC,83133,M,1,1818,1808,10,730,694,10,26,727,3,1989,1259,608,119
21,HARGHITA,46,0,"ODORHEIU SECUIESC, STR.BETHLEN GABOR NR.50, IMOBILUL DIN STRADA BETHLEN GABOR NR 50",MUNICIPIUL ODORHEIU SECUIESC,83133,M,1,1386,1378,8,766,547,8,211,759,7,1516,750,566,193
21,HARGHITA,47,0,"ODORHEIU SECUIESC, STR.INDEPENDENTEI NR.35, GRADINITA DE COPII NR.14",MUNICIPIUL ODORHEIU SECUIESC,83133,M,1,2080,2073,7,735,721,7,7,732,3,2281,1546,577,155
21,HARGHITA,48,0,"ODORHEIU SECUIESC, STR.INDEPENDENTEI NR.37, SCOALA GENERALA ORBAN BALAZS",MUNICIPIUL ODORHEIU SECUIESC,83133,M,1,2034,2025,9,802,783,9,10,798,4,2228,1426,659,139
21,HARGHITA,49,0,"ODORHEIU SECUIESC, STR.TINERETULUI NR.3, SCOALA GENERALA BETHLEN GABOR",MUNICIPIUL ODORHEIU SECUIESC,83133,M,1,2155,2148,7,749,731,7,11,746,3,2363,1614,600,146
21,HARGHITA,50,0,"ODORHEIU SECUIESC, STR.TINERETULUI NR.3, SCOALA GENERALA BETHLEN GABOR",MUNICIPIUL ODORHEIU SECUIESC,83133,M,1,1754,1745,9,611,593,9,9,607,4,1920,1309,499,108
21,HARGHITA,51,0,"ODORHEIU SECUIESC, STR.TINERETULUI NR.3, SCOALA GENERALA BETHLEN GABOR",MUNICIPIUL ODORHEIU SECUIESC,83133,M,1,2438,2433,5,921,902,5,14,918,3,2677,1756,717,201
21,HARGHITA,52,0,"ODORHEIU SECUIESC, STR.BECLEAN NR.2, SCOALA GENERALA NR.6 (FOSTA MATERNITATE)",MUNICIPIUL ODORHEIU SECUIESC,83133,M,1,1604,1594,10,549,522,10,17,545,4,1754,1205,445,100
21,HARGHITA,53,0,"ODORHEIU SECUIESC, STR.VICTORIEI NR.16, SCOALA GENERALA NR.7 MORA FERENC",MUNICIPIUL ODORHEIU SECUIESC,83133,M,1,2798,2789,9,961,934,9,18,957,4,3068,2107,744,213
21,HARGHITA,54,0,"ODORHEIU SECUIESC, STR.VICTORIEI NR.16, SCOALA GENERALA NR.7 MORA FERENC",MUNICIPIUL ODORHEIU SECUIESC,83133,M,1,1495,1486,9,429,404,9,16,425,4,1635,1206,306,119
21,HARGHITA,55,0,"ODORHEIU SECUIESC, STR.VICTORIEI NR.16, SCOALA GENERALA NR.7 MORA FERENC",MUNICIPIUL ODORHEIU SECUIESC,83133,M,1,2511,2502,9,801,781,9,11,799,2,2753,1952,614,185
21,HARGHITA,56,0,"ODORHEIU SECUIESC, STR.BECLEAN NR.170, CLUBUL CASEI DE CULTURA BECLEAN",MUNICIPIUL ODORHEIU SECUIESC,83133,M,1,1336,1327,9,555,529,9,17,552,3,1460,905,480,72
21,HARGHITA,57,1,"ODORHEIU SECUIESC, STR.BECLEAN NR.72, SPITALUL MUNICIPAL",MUNICIPIUL ODORHEIU SECUIESC,83133,M,1,10,0,10,143,0,10,133,142,1,200,57,113,29
21,HARGHITA,58,1,"ODORHEIU SECUIESC, SEDIUL UNITATII MILITARE  NR.01586  PADUREA ROTUNDA",MUNICIPIUL ODORHEIU SECUIESC,83133,M,1,9,0,9,104,0,9,95,102,2,150,46,80,22
21,HARGHITA,59,0,"TOPLITA, STR.AVRAM IANCU NR.4, SC.GEN.NR.8 MIRON CRISTEA",MUNICIPIU  TOPLITA,83632,C,1,2012,2001,11,905,885,11,9,898,7,2202,1297,350,548
21,HARGHITA,60,0,"TOPLITA, STR.AVRAM IANCU NR.4, SC.GEN.NR.8  SALA UNIVERSITATE BV",MUNICIPIU  TOPLITA,83632,C,1,1346,1338,8,673,661,8,4,660,13,1472,799,296,364
21,HARGHITA,61,0,"TOPLITA, STR.SPORTIVILOR, LICEUL KEMENY JANOS",MUNICIPIU  TOPLITA,83632,C,1,1425,1414,11,668,651,11,6,662,6,1556,888,270,392
21,HARGHITA,62,0,"TOPLITA, STR.TEIULUI NR.12, SCOALA GENERALA NR.2",MUNICIPIU  TOPLITA,83632,C,1,859,849,10,433,423,10,0,431,2,934,501,197,234
21,HARGHITA,63,0,"TOPLITA, STR.1 DECEMBRIE 1918  NR.100, SCOALA GENERALA NR.1 VALE",MUNICIPIU  TOPLITA,83632,C,1,1587,1579,8,860,847,8,5,854,6,1737,877,380,474
21,HARGHITA,64,0,"TOPLITA, STR.STEFAN CEL MARE NR.6, COLEGIUL MIHAI EMINESCU",MUNICIPIU  TOPLITA,83632,C,1,2133,2124,9,960,945,9,6,953,7,2337,1377,372,581
21,HARGHITA,65,0,"TOPLITA, STR.DEALULUI NR.8, LICEUL O.C.TASLAOANU",MUNICIPIU  TOPLITA,83632,C,1,1439,1428,11,608,596,11,1,603,5,1571,963,206,397
21,HARGHITA,66,0,"TOPLITA, STR.CALIMANI NR.5, SCOALA GENERALA NR.3",MUNICIPIU  TOPLITA,83632,C,1,952,943,9,494,475,9,10,490,4,1038,544,292,198
21,HARGHITA,67,0,"TOPLITA, STR.GARII NR.10, CAMIN DE ZI",MUNICIPIU  TOPLITA,83632,C,1,1648,1639,9,831,804,9,18,824,7,1602,771,473,351
21,HARGHITA,68,0,"TOPLITA, SCOALA GENERALA SECU NR.15",MUNICIPIU  TOPLITA,83632,C,1,71,63,8,29,21,8,0,27,2,70,41,15,12
21,HARGHITA,69,1,"TOPLITA, STR.VICTOR BABES NR.3, SPITALUL MUNICIPAL",MUNICIPIU  TOPLITA,83632,C,1,10,0,10,106,0,10,96,105,1,150,44,56,49
21,HARGHITA,70,1,"TOPLITA, STR.GARII, STATIA CFR",MUNICIPIU  TOPLITA,83632,C,1,10,0,10,261,0,10,251,256,5,350,89,118,138
21,HARGHITA,71,0,"BAILE TUSNAD, STR.OLTULUI NR.114, BIBLIOTECA ORASENEASCA",ORAS BAILE TUSNAD,83428,O,1,1534,1529,5,711,625,5,81,701,10,1682,971,373,328
21,HARGHITA,72,0,"BALAN, SCOALA GENERALA NR.1",ORAS BALAN,83464,O,1,2249,2239,10,1001,948,10,43,994,7,2463,1462,654,340
21,HARGHITA,73,0,"BALAN, STR.FLORILOR NR.82, SCOALA GENERALA NR.2",ORAS BALAN,83464,O,1,2270,2265,5,914,909,5,0,911,3,2492,1578,615,296
21,HARGHITA,74,0,"BALAN, GRADINITA DE COPII NR.2",ORAS BALAN,83464,O,1,2675,2666,9,1089,1079,9,1,1083,6,2933,1844,788,295
21,HARGHITA,75,0,"BORSEC, STR.MIHAI EMINESCU NR.2, SCOALA GENERALA",ORAS BORSEC,83491,O,1,2369,2368,1,1307,1238,1,68,1302,5,2605,1298,766,536
21,HARGHITA,76,0,"CRISTURU SECUIESC, CAMINUL CULTURAL BETESTI",ORAS CRISTURU SECUIESC,83525,O,1,529,523,6,184,176,6,2,180,4,576,392,156,24
21,HARGHITA,77,0,"CRISTURU SECUIESC, STR.TIMAFALVI NR.43, SCOALA GENERALA PETOFI SANDOR",ORAS CRISTURU SECUIESC,83525,O,1,1085,1080,5,417,358,5,54,412,5,1188,771,301,111
21,HARGHITA,78,0,"CRISTURU SECUIESC, STR.LIBERTATII NR.62, CLUBUL ELEVILOR",ORAS CRISTURU SECUIESC,83525,O,1,1110,1105,5,347,339,5,3,343,4,1216,869,219,124
21,HARGHITA,79,0,"CRISTURU SECUIESC, STR.LIBERTATII NR.27, PRIMARIA",ORAS CRISTURU SECUIESC,83525,O,1,1523,1517,6,478,464,6,8,476,2,1669,1191,310,166
21,HARGHITA,80,0,"CRISTURU SECUIESC, STR.KRIZA JANOS NR.8, CASA DE CULTURA",ORAS CRISTURU SECUIESC,83525,O,1,1444,1441,3,608,572,3,33,602,6,1586,978,433,169
21,HARGHITA,81,0,"CRISTURU SECUIESC, STR.ORBAN BALAZS NR.1, LICEUL TEORETIC ORBAN BALAZS",ORAS CRISTURU SECUIESC,83525,O,1,2164,2158,6,910,887,6,17,900,10,2374,1464,667,233
21,HARGHITA,82,0,"CRISTURU SECUIESC, STR.FILIAS NR.188, CASA DE CULTURA",ORAS CRISTURU SECUIESC,83525,O,1,890,886,4,405,392,4,9,400,5,975,570,304,96
21,HARGHITA,83,0,"VLAHITA, STR.HARGHITEI NR.63, SCOALA GENERALA MARTONFFI JANOS",ORAS VLAHITA,83749,O,1,1236,1224,12,455,443,12,0,444,11,1347,892,395,49
21,HARGHITA,84,0,"VLAHITA, STR.REPUBLICII NR.24, SCOALA GENERALA MARTONFFI JANOS",ORAS VLAHITA,83749,O,1,1470,1462,8,456,448,8,0,447,9,1608,1152,373,74
21,HARGHITA,85,0,"VLAHITA, STR.MIHAI EMINESCU NR.2, GRUP SCOLAR GABOR ARON",ORAS VLAHITA,83749,O,1,2108,2096,12,757,732,12,13,751,6,2306,1549,612,139
21,HARGHITA,86,0,"VLAHITA, STR.GABOR ARON NR.47, CASA DE CULTURA BARTOK BELA",ORAS VLAHITA,83749,O,1,1220,1210,10,450,417,10,23,445,5,1331,881,346,99
21,HARGHITA,87,0,"ATID, CAMINUL CULTURAL",ATID,83785,C,3,943,933,10,379,344,10,25,364,15,1026,647,336,28
21,HARGHITA,88,0,"ATID, CRISENI, CAMINUL CULTURAL",ATID,83785,C,3,552,550,2,284,256,2,26,279,5,605,321,239,40
21,HARGHITA,89,0,"ATID, CUSMED, CAMINUL CULTURAL",ATID,83785,C,3,325,315,10,152,131,10,11,152,0,347,195,133,19
21,HARGHITA,90,0,"ATID, INLACENI, SEDIUL FOSTULUI CAP",ATID,83785,C,3,166,158,8,129,109,8,12,129,0,174,45,126,3
21,HARGHITA,92,0,"AVRAMESTI, CECHESTI SCOALA GENERALA",AVRAMESTI,83847,C,3,410,401,9,148,130,9,9,144,4,441,293,113,31
21,HARGHITA,93,0,AVRAMESTI SEDIUL PRIMARIEI,AVRAMESTI,83847,C,3,790,779,11,284,261,11,12,279,5,865,581,234,45
21,HARGHITA,94,0,"AVRAMESTI, GOAGIU SCOALA GENERALA",AVRAMESTI,83847,C,3,516,511,5,205,192,5,8,203,2,562,357,176,27
21,HARGHITA,95,0,"AVRAMESTI, FIRTANUS SCOALA GENERALA",AVRAMESTI,83847,C,3,332,325,7,113,96,7,10,113,0,314,201,103,10
21,HARGHITA,96,0,"BILBOR, CAMINUL CULTURAL",BILBOR,83936,C,3,2206,2206,0,1276,1222,0,54,1268,8,2427,1151,605,663
21,HARGHITA,97,0,"BRADESTI NR.89, CAMINUL CULTURAL",BRADESTI,83151,C,3,782,775,7,400,383,7,10,396,4,853,453,363,33
21,HARGHITA,98,0,"BRADESTI, TARNOVITA NR.51, GRADINITA DE COPII",BRADESTI,83151,C,3,548,541,7,330,312,7,11,321,9,595,265,280,41
21,HARGHITA,99,0,"CAPALNITA NR.525, CAMINUL CULTURA",CAPALNITA,83963,C,3,1626,1614,12,593,567,12,14,582,11,1775,1182,513,69
21,HARGHITA,100,0,"CICEU, STR.PRINCIPALA NR.440, FOSTA SCOALA CONFESIONALA",CICEU,86461,C,3,2130,2125,5,1030,985,5,40,1021,9,2338,1308,895,126
21,HARGHITA,101,0,"CIUCSANGEORGIU, SCOALA GENERALA GAL SANDOR",CIUCSANGEORGIU,83981,C,3,1575,1575,0,700,667,0,33,689,11,1733,1033,613,76
21,HARGHITA,102,0,"CIUCSANGEORGIU, ARMASENI, CAMINUL CULTURAL",CIUCSANGEORGIU,83981,C,3,1005,1004,1,673,627,1,45,667,6,1104,431,620,47
21,HARGHITA,103,0,"CIUCSANGEORGIU, BANCU, CAMINUL CULTURAL",CIUCSANGEORGIU,83981,C,3,1021,1019,2,506,461,2,43,497,9,1121,615,458,39
21,HARGHITA,104,0,"CIUCSANGEORGIU, EGHERSEC, CAMINUL CULTURAL",CIUCSANGEORGIU,83981,C,3,230,223,7,115,99,7,9,114,1,245,130,106,8
21,HARGHITA,105,0,"CIUMANI, SCOALA GENERALA NR.1",CIUMANI,84086,C,3,2113,2110,3,581,547,3,31,577,4,2321,1740,468,109
21,HARGHITA,106,0,"CIUMANI, SCOALA GENERALA NR. 3",CIUMANI,84086,C,3,1628,1628,0,416,398,0,18,410,6,1791,1375,340,70
21,HARGHITA,107,0,"CARTA, SEDIUL PRIMARIEI",CARTA,84102,C,3,840,832,8,352,323,8,21,344,8,915,563,305,39
21,HARGHITA,108,0,"CARTA, INEU CAMINUL CULTURAL",CARTA,84102,C,3,1427,1419,8,571,563,8,0,568,3,1561,990,541,27
21,HARGHITA,109,0,CORBU CAMINUL CULTURAL,CORBU,84148,C,3,830,830,0,481,410,0,71,474,7,913,432,236,238
21,HARGHITA,110,0,"CORBU, CAPU CORBULUI CAMINUL CULTURAL",CORBU,84148,C,3,385,385,0,289,234,0,55,282,7,424,135,203,79
21,HARGHITA,111,0,"CORUND, SC.GEN.ARIPA STANGA (ESTICA)",CORUND,84175,C,3,1927,1919,8,863,841,8,14,857,6,2111,1248,777,80
21,HARGHITA,112,0,"CORUND, SC.GEN.ARIPA DREAPTA",CORUND,84175,C,3,1875,1867,8,915,873,8,34,901,14,2054,1139,839,62
21,HARGHITA,113,0,"CORUND, ATIA FOSTUL SEDIU AL PRIMARIEI",CORUND,84175,C,3,217,209,8,159,134,8,17,159,0,230,71,154,5
21,HARGHITA,114,0,"CORUND, FANTANA BRAZILOR, SC.GEN.",CORUND,84175,C,3,278,269,9,168,148,9,11,168,0,296,128,168,0
21,HARGHITA,115,0,"CORUND, VALEA LUI PAVEL, SC.GEN.",CORUND,84175,C,3,309,300,9,205,183,9,13,204,1,330,125,204,0
21,HARGHITA,116,0,"COZMENI, CAMINUL CULTURAL",COZMENI,86446,C,3,1078,1076,2,535,508,2,25,529,6,1184,649,474,55
21,HARGHITA,117,0,"COZMENI, LAZARESTI  CAMINUL CULTURAL",COZMENI,86446,C,3,491,488,3,203,188,3,12,198,5,537,334,166,32
21,HARGHITA,118,0,"DANESTI, CAMINUL CULTURAL",DANESTI,84237,C,3,1935,1926,9,979,940,9,30,971,8,2119,1140,862,109
21,HARGHITA,119,0,"DEALU NR.95, SALA DE SPORT",DEALU,84264,C,3,1492,1484,8,741,699,8,34,734,7,1632,891,684,50
21,HARGHITA,120,0,"DEALU, SANCRAI NR.94, SCOALA SZENT ISTVAN",DEALU,84264,C,3,991,988,3,551,526,3,22,543,8,1087,536,513,30
21,HARGHITA,121,0,"DEALU, ULCANI NR.18, CASA COMUNALA",DEALU,84264,C,3,483,479,4,296,260,4,32,294,2,527,231,273,21
21,HARGHITA,122,0,"DITRAU, STR.LIBERTATII NR.3, SC.GEN.SICLODI LORINC CLASELE I-IV",DITRAU,84344,C,3,1636,1636,0,604,578,0,26,599,5,1800,1196,511,88
21,HARGHITA,123,0,"DITRAU, STR.PUSKAS TIVADAR NR.101, SCOALA GENERALA NR.3",DITRAU,84344,C,3,883,877,6,358,335,6,17,354,4,965,607,308,46
21,HARGHITA,124,0,"DITRAU, STR.NICOLAE BALCESCU NR.80, SC.GEN.CSIBY ANDOR CLASELE I-IV, KOHID",DITRAU,84344,C,3,1016,1000,16,356,336,16,4,349,7,1100,744,305,44
21,HARGHITA,125,0,"DITRAU, STR.NICOLAE BALCESCU NR.127,SC.GEN.CSIBY ANDOR CALSELE V-VIII",DITRAU,84344,C,3,915,901,14,324,304,14,6,319,5,991,667,282,37
21,HARGHITA,126,0,"DITRAU, JOLOTCA, SC.GEN.NR.2",DITRAU,84344,C,3,517,516,1,187,174,1,12,182,5,568,381,165,17
21,HARGHITA,127,0,"DARJIU, CAMINUL CULTURAL",DARJIU,84380,C,3,616,607,9,293,279,9,5,291,2,668,375,266,25
21,HARGHITA,128,0,"DARJIU, MUJNA CAMINUL CULTURAL",DARJIU,84380,C,3,340,329,11,192,171,11,10,190,2,362,170,175,15
21,HARGHITA,129,0,"FELICENI, SC.GEN. CLASELE I-VIII",FELICENI,83197,C,3,762,752,10,295,267,10,18,293,2,827,532,254,39
21,HARGHITA,130,0,"FELICENI, TAURENI,SC.GEN. CLASELE I-IV",FELICENI,83197,C,3,547,541,6,317,292,6,19,313,4,595,278,279,34
21,HARGHITA,131,0,"FELICENI, FORTENI, SC.GEN. CLASELE I-VIII",FELICENI,83197,C,3,655,644,11,330,304,11,15,327,3,708,378,312,15
21,HARGHITA,132,0,"FELICENI, POLONITA, SC.GEN. CLASELE I-IV",FELICENI,83197,C,3,238,228,10,124,100,10,14,123,1,251,127,109,14
21,HARGHITA,133,0,"FELICENI, TELEAC, SC.GEN. CLASELE I-IV",FELICENI,83197,C,3,209,200,9,160,128,9,23,160,0,220,60,146,14
21,HARGHITA,134,0,"FRUMOASA, STR.MIHAILENI NR.7, PRIMARIA",FRUMOASA,84415,C,3,1312,1303,9,616,605,9,2,610,6,1433,817,567,43
21,HARGHITA,135,0,"FRUMOASA, NICOLESTI NR.156, SC.GEN. NR.2",FRUMOASA,84415,C,3,921,912,9,379,365,9,5,374,5,1003,624,342,32
21,HARGHITA,136,0,"FRUMOASA, BARZAVA  NR.111, CAMINUL CULTURAL",FRUMOASA,84415,C,3,521,518,3,247,244,3,0,246,1,570,323,215,31
21,HARGHITA,137,0,"FRUMOASA, FAGETEL NR.24, CAMINUL CULTURAL",FRUMOASA,84415,C,3,127,119,8,50,42,8,0,50,0,131,81,23,27
21,HARGHITA,138,1,"FRUMOASA, STR.MIHAILENI NR.18, CENTRUL DE INGRIJIRE SI ASISTNTA",FRUMOASA,84415,C,3,10,0,10,81,0,10,71,78,3,100,19,50,28
21,HARGHITA,139,0,"GALAUTAS, CLUBUL 1 MAI",GALAUTAS,84460,C,3,1803,1799,4,956,876,4,76,943,13,1979,1023,507,436
21,HARGHITA,140,0,"GALAUTAS-PARAU, SC.GEN.",GALAUTAS,84460,C,3,238,230,8,172,151,8,13,172,0,253,81,74,98
21,HARGHITA,141,0,"JOSENI NR.632, SCOALA GENERALA",JOSENI,84558,C,3,1933,1926,7,574,543,7,24,563,11,2119,1545,487,76
21,HARGHITA,142,0,"JOSENI NR.813, SCOALA GENERALA",JOSENI,84558,C,3,2227,2222,5,713,677,5,31,709,4,2444,1731,601,108
21,HARGHITA,143,0,"JOSENI, BORZONT, SCOALA GENERALA",JOSENI,84558,C,3,668,659,9,261,237,9,15,251,10,725,464,211,40
21,HARGHITA,144,0,"LAZAREA NR.275, SC.GEN.NR.2 FELSZEG",LAZAREA,84594,C,3,1131,1114,17,375,356,17,2,372,3,1225,850,340,32
21,HARGHITA,145,0,"LAZAREA NR.696-697, SC.GEN.NR.1 BETHLEN GABOR",LAZAREA,84594,C,3,868,860,8,227,214,8,5,224,3,946,719,192,32
21,HARGHITA,146,0,"LAZAREA NR.1049, SC.GEN.NR.3 ALSZEG",LAZAREA,84594,C,3,923,915,8,214,204,8,2,213,1,1007,793,182,31
21,HARGHITA,147,0,"LAZAREA NR.1459, SC.GEN.NR.4 GHIDUT",LAZAREA,84594,C,3,149,133,16,80,64,16,0,79,1,146,66,68,11
21,HARGHITA,148,0,LELICENI SCOALA GENERALA,LELICENI,86479,C,3,261,252,9,89,73,9,7,89,0,277,188,69,20
21,HARGHITA,149,0,"LELICENI, MISENTEA FOSTUL SEDIU CAP",LELICENI,86479,C,3,785,775,10,246,218,10,18,242,4,853,607,210,32
21,HARGHITA,150,0,"LELICENI, FITOD, SC.GEN.NAGY IMRE",LELICENI,86479,C,3,338,332,6,170,152,6,12,165,5,365,195,125,40
21,HARGHITA,151,0,"LUETA NR.397, SEDIUL PRIMARIEI",LUETA,84629,C,3,1628,1620,8,458,436,8,14,449,9,1782,1324,403,46
21,HARGHITA,152,0,"LUETA NR.963, CAMINUL CULTURAL",LUETA,84629,C,3,1397,1394,3,463,448,3,12,455,8,1533,1070,405,50
21,HARGHITA,153,0,"LUNCA DE JOS, CAMINUL CULTURAL TARCAU",LUNCA DE JOS,84656,C,3,1418,1412,6,606,589,6,11,603,3,1553,947,546,57
21,HARGHITA,154,0,"LUNCA DE JOS, CAMINUL CULTURAL DIN CENTRU - SALA MICA",LUNCA DE JOS,84656,C,3,1486,1483,3,729,717,3,9,712,17,1631,902,633,79
21,HARGHITA,155,0,"LUNCA DE JOS, VALEA RECE CAMINUL CULTURAL SALA MICA",LUNCA DE JOS,84656,C,3,1200,1193,7,733,712,7,14,722,11,1312,579,647,75
21,HARGHITA,156,0,"LUNCA DE JOS, PUNTEA LUPULUI, SCOALA GENERALA",LUNCA DE JOS,84656,C,3,99,95,4,97,65,4,28,97,0,150,53,79,18
21,HARGHITA,157,0,"LUNCA DE SUS, SEDIUL PRIMARIEI",LUNCA DE SUS,84754,C,3,717,708,9,359,316,9,34,354,4,780,421,312,42
21,HARGHITA,158,0,"LUNCA DE SUS, COMIAT SCOALA GENERALA",LUNCA DE SUS,84754,C,3,300,277,23,175,152,23,0,175,0,305,130,151,24
21,HARGHITA,159,0,"LUNCA DE SUS, IZVORUL TROTUSULUI, SCOALA GENERALA",LUNCA DE SUS,84754,C,3,525,524,1,279,278,1,0,270,9,577,298,257,13
21,HARGHITA,160,0,"LUNCA DE SUS, VALEA UGRA, SCOALA GENERALA",LUNCA DE SUS,84754,C,3,453,413,40,302,262,40,0,300,2,454,152,260,40
21,HARGHITA,161,0,"LUNCA DE SUS, VALEA GARBEA, SCOALA GENERALA",LUNCA DE SUS,84754,C,3,313,293,20,216,193,20,3,214,2,322,106,189,25
21,HARGHITA,162,1,"LUNCA DE SUS, PALTINIS-CIUC, CAMINUL GARNIZOANEI",LUNCA DE SUS,84754,C,3,483,434,49,420,250,49,121,412,8,580,160,302,110
21,HARGHITA,163,0,"LUPENI, SCOALA CONFESIONALA",LUPENI,84825,C,3,1468,1459,9,837,805,9,23,834,3,1605,768,777,57
21,HARGHITA,164,0,"LUPENI, BISERICANI, SCOALA GENERALA",LUPENI,84825,C,3,533,524,9,266,240,9,17,263,3,581,315,244,19
21,HARGHITA,165,0,"LUPENI, BULGARENI, CLUBUL CAMINULUI CULTURAL",LUPENI,84825,C,3,251,242,9,183,164,9,10,178,5,266,83,162,16
21,HARGHITA,166,0,"LUPENI, MORARENI, CLUBUL CAMINULUI CULTURAL",LUPENI,84825,C,3,592,584,8,254,232,8,14,252,2,642,388,231,21
21,HARGHITA,167,0,"LUPENI, PALTINIS, CLUBUL CAMINULUI CULTURAL",LUPENI,84825,C,3,440,431,9,377,340,9,28,370,7,474,97,353,17
21,HARGHITA,168,0,"LUPENI, PAULENI, SCOALA GENERALA",LUPENI,84825,C,3,182,174,8,118,102,8,8,117,1,192,74,112,5
21,HARGHITA,169,0,"LUPENI, FIRTUSU, CAMINUL CULTURAL",LUPENI,84825,C,3,144,136,8,89,71,8,10,88,1,150,61,84,4
21,HARGHITA,170,0,"MADARAS, CAMINUL CULTURAL",MADARAS,86438,C,3,1812,1801,11,608,587,11,10,603,5,1981,1373,526,77
21,HARGHITA,171,0,"MARTINIS, INTERNATUL SCOLII",MARTINIS,84923,C,3,484,481,3,206,192,3,11,203,3,529,323,194,9
21,HARGHITA,172,0,"MARTINIS, ALDEA,SC.GEN.NR.2",MARTINIS,84923,C,3,283,275,8,178,165,8,5,172,6,303,125,160,12
21,HARGHITA,173,0,"MARTINIS, BADENI, SC.GEN.",MARTINIS,84923,C,3,179,174,5,145,125,5,15,144,1,191,46,139,5
21,HARGHITA,174,0,"MARTINIS, GHIPES, SC.GEN.",MARTINIS,84923,C,3,117,111,6,98,85,6,7,98,0,122,24,77,21
21,HARGHITA,175,0,"MARTINIS, SANPAUL, SC.GEN.",MARTINIS,84923,C,3,386,382,4,209,175,4,30,208,1,420,211,192,16
21,HARGHITA,176,0,"MARTINIS, ORASENI, GRADINITA DE COPII",MARTINIS,84923,C,3,234,228,6,134,112,6,16,134,0,251,117,122,12
21,HARGHITA,177,0,"MARTINIS, PETRENI, SC.GEN.",MARTINIS,84923,C,3,160,155,5,124,108,5,11,123,1,171,47,107,16
21,HARGHITA,178,0,"MARTINIS, RARES, SC.GEN.",MARTINIS,84923,C,3,137,131,6,88,71,6,11,87,1,144,56,69,18
21,HARGHITA,179,0,"MARTINIS, COMANESTI, SC.GEN.",MARTINIS,84923,C,3,158,149,9,89,61,9,19,85,4,164,75,75,10
21,HARGHITA,180,0,"MARTINIS, CALUGARENI, SC.GEN.",MARTINIS,84923,C,3,57,54,3,42,36,3,3,42,0,59,17,41,1
21,HARGHITA,181,0,"MARTINIS, CHINUSU, SC.GEN.",MARTINIS,84923,C,3,69,63,6,77,63,6,8,76,1,122,45,70,6
21,HARGHITA,182,0,"MARTINIS, LOCODENI, SC.GEN.",MARTINIS,84923,C,3,55,51,4,40,26,4,10,40,0,56,16,38,2
21,HARGHITA,183,0,"MERESTI, SEDIUL CONSILIULUI LOCAL",MERESTI,85056,C,3,1178,1170,8,474,432,8,34,462,12,1287,813,422,40
21,HARGHITA,184,0,"MIHAILENI, SEDIUL CONSILIULUI LOCAL",MIHAILENI,85074,C,3,779,772,7,258,237,7,14,256,2,849,591,219,37
21,HARGHITA,185,0,"MIHAILENI, LIVEZI, SC.GEN.CL.I-VIII",MIHAILENI,85074,C,3,445,440,5,189,170,5,14,189,0,484,295,125,64
21,HARGHITA,186,0,"MIHAILENI, NADEJDEA, SC.GEN.CL.I-IV",MIHAILENI,85074,C,3,511,501,10,259,231,10,18,256,3,551,292,238,18
21,HARGHITA,187,0,"MIHAILENI, VACARESTI, SC.GEN.CL.I-IV",MIHAILENI,85074,C,3,463,455,8,258,233,8,17,254,4,501,243,220,34
21,HARGHITA,188,0,"MUGENI NR.150, CONSILIUL LOCAL, SALA DE SEDINTA",MUGENI,85127,C,3,838,835,3,414,371,3,40,409,5,919,505,336,73
21,HARGHITA,189,0,"MUGENI, LUTITA NR.194, CLUBUL CAMINULUI CULTURAL",MUGENI,85127,C,3,635,631,4,358,347,4,7,356,2,694,336,320,36
21,HARGHITA,190,0,"MUGENI, DOBENI NR.69, CLUBUL CAMINULUI CULTURAL",MUGENI,85127,C,3,464,459,5,317,291,5,21,313,4,505,188,299,14
21,HARGHITA,191,0,"MUGENI, TAIETURA NR.34, CAMINUL CULTURAL",MUGENI,85127,C,3,225,221,4,149,132,4,13,149,0,243,94,137,12
21,HARGHITA,192,0,"MUGENI, ALUNIS NR.78, SC.GEN.",MUGENI,85127,C,3,118,114,4,102,96,4,2,102,0,125,23,98,4
21,HARGHITA,193,0,"MUGENI, DEJUTIU NR.51, CLUBUL CAMINULUI CULTURAL",MUGENI,85127,C,3,156,151,5,108,92,5,11,108,0,166,58,97,11
21,HARGHITA,194,0,"MUGENI, BETA NR.33, CLUBUL CAMINULUI CULTURAL",MUGENI,85127,C,3,256,250,6,175,161,6,8,175,0,275,100,163,12
21,HARGHITA,195,0,"MUGENI, MATISENI NR.10, CLUBUL CAMINULUI CULTURAL",MUGENI,85127,C,3,115,111,4,86,76,4,6,86,0,122,36,82,4
21,HARGHITA,196,0,"OCLAND, CAMINUL CULTURAL",OCLAND,85243,C,3,622,613,9,245,205,9,31,237,8,674,429,212,25
21,HARGHITA,197,0,"OCLAND, CRACIUNEL, CAMINUL CULTURAL",OCLAND,85243,C,3,368,366,2,169,162,2,5,164,5,403,234,149,15
21,HARGHITA,198,0,"PAULENI-CIUC, CAMINUL CULTURAL",PAULENI-CIUC,83375,C,3,466,462,4,255,232,4,19,251,4,508,253,199,52
21,HARGHITA,199,0,"PAULENI-CIUC, DELNITA, SC.GEN.",PAULENI-CIUC,83375,C,3,499,496,3,247,229,3,15,245,2,546,299,190,55
21,HARGHITA,200,0,"PAULENI-CIUC, SOIMENI, SCOALA GENERALA",PAULENI-CIUC,83375,C,3,410,404,6,182,167,6,9,179,3,444,262,162,17
21,HARGHITA,201,0,"PLAIESII DE JOS, CASA DE CULTURA",PLAIESII DE JOS,85289,C,3,1275,1273,2,614,542,2,70,608,6,1401,787,565,43
21,HARGHITA,202,0,"PLAIESII DE JOS, IACOBENI, SC.GEN.",PLAIESII DE JOS,85289,C,3,325,321,4,159,131,4,24,157,2,353,194,122,35
21,HARGHITA,203,0,"PLAIESII DE JOS, CASINU NOU, SC.GEN.",PLAIESII DE JOS,85289,C,3,644,642,2,404,371,2,31,399,5,706,302,382,17
21,HARGHITA,204,0,"PORUMBENI, PORUMBENII MARI NR.244/A, COSILIUL LOCAL",PORUMBENI,86487,C,3,948,943,5,466,427,5,34,454,12,1037,571,394,60
21,HARGHITA,205,0,"PORUMBENI, PORUMBENII MICI NR.18, CLUBUL TINERETULUI",PORUMBENI,86487,C,3,374,371,3,260,229,3,28,257,3,408,148,249,8
21,HARGHITA,206,0,"PRAID, SEDIUL CONSILIULUI LOCAL, SALA DE SEDINTE",PRAID,85341,C,3,1760,1751,9,795,749,9,37,786,9,1926,1131,687,99
21,HARGHITA,207,0,"PRAID, CAMINUL CULTURAL",PRAID,85341,C,3,1072,1062,10,472,443,10,19,442,30,1168,696,394,48
21,HARGHITA,208,0,"PRAID, OCNA DE JOS, CAMINUL CULTURAL",PRAID,85341,C,3,1310,1302,8,719,684,8,27,714,5,1432,713,677,37
21,HARGHITA,209,0,"PRAID, OCNA DE SUS, CAMINUL CULTURAL",PRAID,85341,C,3,1082,1073,9,532,497,9,26,529,3,1180,648,457,72
21,HARGHITA,210,0,"PRAID, BECAS, SCOALA GENERALA",PRAID,85341,C,3,115,104,11,64,53,11,0,64,0,115,51,64,0
21,HARGHITA,211,0,"RACU, CAMINUL CULTURAL",RACU,86495,C,3,888,882,6,369,348,6,15,367,2,970,601,313,54
21,HARGHITA,212,0,"RACU, SATU NOU, GRADINITA DE COPIII",RACU,86495,C,3,370,364,6,174,150,6,18,172,2,401,227,160,12
21,HARGHITA,213,0,"REMETEA, GRADINITA DE COPII ALSZEG",REMETEA,85412,C,3,1391,1386,5,489,457,5,27,482,7,1525,1036,418,64
21,HARGHITA,214,0,"REMETEA, SCOALA GENERALA FRATER GYORGY",REMETEA,85412,C,3,1505,1501,4,520,502,4,14,515,5,1651,1131,459,56
21,HARGHITA,215,0,"REMETEA, GRADINITA DE COPII TULAMAROS",REMETEA,85412,C,3,1083,1076,7,438,397,7,34,437,1,1184,746,397,40
21,HARGHITA,216,0,"REMETEA, SCOALA GENERALA BALAS JENO",REMETEA,85412,C,3,1129,1120,9,502,467,9,26,501,1,1232,730,451,50
21,HARGHITA,217,0,"SATU MARE, SCOALA GENERALA NYIRO JOZSEF",SATU MARE,86501,C,3,1539,1531,8,683,650,8,25,677,6,1684,1001,633,44
21,HARGHITA,218,0,"SACEL, CAMINUL CULTURAL",SACEL,85467,C,3,139,130,9,48,28,9,11,48,0,143,95,29,19
21,HARGHITA,219,0,"SACEL, VIDACUT, CAMINUL CULTURAL",SACEL,85467,C,3,256,254,2,140,121,2,17,134,6,279,139,90,44
21,HARGHITA,220,0,"SACEL, SOIMOSU MIC, CAMINUL CULTURAL",SACEL,85467,C,3,394,391,3,237,221,3,13,233,4,430,193,187,46
21,HARGHITA,221,0,"SACEL, SOIMOSU MARE, CAMINUL CULTURAL",SACEL,85467,C,3,306,302,4,171,153,4,14,168,3,332,161,140,28
21,HARGHITA,222,0,"SARMAS, PLATONESTI, SC.GEN.NR.4",SARMAS,85528,C,3,410,404,6,276,249,6,21,273,3,444,168,136,137
21,HARGHITA,223,0,"SARMAS,SC.GEN.NR.1",SARMAS,85528,C,3,1655,1654,1,963,913,1,49,955,8,1819,856,350,605
21,HARGHITA,224,0,"SARMAS, HODOSA, SC.GEN.NR.2",SARMAS,85528,C,3,1209,1203,6,651,605,6,40,645,6,1323,672,321,324
21,HARGHITA,225,0,"SECUIENI, SCOALA GENERALA BEM JOZSEF",SECUIENI,85582,C,3,539,536,3,285,245,3,37,282,3,590,305,234,48
21,HARGHITA,226,0,"SECUIENI, BODOGOAIA, BIROUL ADMINISTRATIV",SECUIENI,85582,C,3,652,649,3,311,300,3,8,307,4,714,403,251,56
21,HARGHITA,227,0,"SECUIENI, ELISENI, CAMINUL CULTURAL",SECUIENI,85582,C,3,860,857,3,344,321,3,20,336,8,943,599,260,76
21,HARGHITA,228,0,"SICULENI, SEDIUL PRIMARIEI",SICULENI,85626,C,3,883,876,7,414,360,7,47,408,6,964,550,275,133
21,HARGHITA,229,0,"SICULENI, SCOALA GENERALA ZOLD PETER",SICULENI,85626,C,3,1407,1405,2,510,474,2,34,503,7,1546,1036,432,71
21,HARGHITA,230,1,"SICULENI, GARA CFR",SICULENI,85626,C,3,9,0,9,67,0,9,58,66,1,150,83,25,41
21,HARGHITA,231,0,"SANCRAIENI, SCOALA GENERALA VITOS MOZES",SANCRAIENI,85680,C,3,2008,2003,5,754,729,5,20,738,16,2203,1449,643,95
21,HARGHITA,232,0,"SANDOMINIC, CAMINUL CULTURAL",SANDOMINIC,85760,C,3,2978,2968,10,984,954,10,20,975,9,3265,2281,889,86
21,HARGHITA,233,0,"SANDOMINIC, SCOALA GENERALA MARTON ARON",SANDOMINIC,85760,C,3,2199,2188,11,702,680,11,11,694,8,2407,1705,615,79
21,HARGHITA,234,0,"SANMARTIN, SEDIUL CONSILIULUI LOCAL",SANMARTIN,85788,C,3,1764,1763,1,537,514,1,22,519,18,1939,1402,435,84
21,HARGHITA,235,0,"SANSIMION, CAMINUL CULTURAL",SANSIMION,85840,C,3,1957,1954,3,817,780,3,34,808,9,2149,1332,704,104
21,HARGHITA,236,0,"SANSIMION, CETATUIA, CAMINUL CULTURAL",SANSIMION,85840,C,3,756,750,6,342,320,6,16,330,12,825,483,298,32
21,HARGHITA,237,0,"SANTIMBRU, SCOALA GENERALA CLASELE I-VIII ARANY JANOS",SANTIMBRU,86519,C,3,1623,1618,5,656,635,5,16,653,3,1780,1124,538,115
21,HARGHITA,238,0,"SUBCETATE, CAMINUL CULTURAL",SUBCETATE,85877,C,3,1658,1646,12,929,868,12,49,924,5,1811,882,469,455
21,HARGHITA,239,0,"SUSENI NR.212, SEDIUL CONSILIULUI LOCAL",SUSENI,85920,C,3,1694,1685,9,594,561,9,24,581,13,1854,1260,530,51
21,HARGHITA,240,0,"SUSENI NR.332, SCOALA GENERALA DIN MURES SAT",SUSENI,85920,C,3,761,753,8,294,272,8,14,287,7,828,534,265,22
21,HARGHITA,241,0,"SUSENI, CHILENI NR.206, SCOALA GENERALA",SUSENI,85920,C,3,672,667,5,297,282,5,10,293,4,734,437,278,15
21,HARGHITA,242,0,"SUSENI, VALEA STRAMBA NR.291, SCOALA GENERALA",SUSENI,85920,C,3,1121,1116,5,457,421,5,31,453,4,1228,771,418,35
21,HARGHITA,243,0,"SUSENI, LIBAN NR.11, SCOALA GENERALA",SUSENI,85920,C,3,60,51,9,37,10,9,18,37,0,56,19,34,3
21,HARGHITA,244,0,"SIMONESTI, RUGANSTI, CAMINUL CULTURAL",SIMONESTI,85984,C,3,637,628,9,354,333,9,12,354,0,691,337,296,58
21,HARGHITA,245,0,"SIMONESTI, SEDIUL PRIMARIEI",SIMONESTI,85984,C,3,1033,1023,10,465,435,10,20,464,1,1126,661,408,56
21,HARGHITA,246,0,"SIMONESTI, COBATESTI, CAMINUL CULTURAL",SIMONESTI,85984,C,3,472,462,10,158,139,10,9,157,1,508,350,136,21
21,HARGHITA,247,0,"SIMONESTI, MIHAILENI, CAMINUL CULTURAL",SIMONESTI,85984,C,3,450,441,9,348,317,9,22,345,3,485,137,331,14
21,HARGHITA,248,0,"SIMONESTI, TARCESTI, CAMINUL CULTURAL",SIMONESTI,85984,C,3,256,247,9,113,92,9,12,109,4,272,159,90,19
21,HARGHITA,249,0,"SIMONESTI, CEHETEL, CAMINUL CULTURAL",SIMONESTI,85984,C,3,128,120,8,84,63,8,13,81,3,132,48,75,6
21,HARGHITA,250,0,"SIMONESTI, MEDISORU MARE, CAMINUL CULTURAL",SIMONESTI,85984,C,3,136,127,9,102,82,9,11,101,1,140,38,78,23
21,HARGHITA,251,0,"TOMESTI, CAMINUL CULTURAL DIN CENTRUL COMUNEI",TOMESTI,86453,C,3,2106,2104,2,714,712,2,0,707,7,2314,1600,649,58
21,HARGHITA,252,0,"TULGHES NR.338, SCOALA GENERALA NR.1",TULGHES,86133,C,3,1387,1377,10,758,632,10,116,751,7,1515,757,375,376
21,HARGHITA,253,0,"TULGHES, REZU MARE NR.42/A, SCOALA GENERALA NR.4",TULGHES,86133,C,3,543,534,9,262,248,9,5,256,6,588,326,186,70
21,HARGHITA,254,0,"TULGHES, RECEA NR.14, SCOALA GENERALA",TULGHES,86133,C,3,206,197,9,97,66,9,22,93,4,217,120,60,33
21,HARGHITA,255,0,"TULGHES, VALEA FRUMOASA NR.852, SCOALA GENERALA NR.6",TULGHES,86133,C,3,576,572,4,302,278,4,20,295,7,631,329,191,104
21,HARGHITA,256,0,"TUSNAD SAT, CAMINUL CULTURAL",TUSNAD,86188,C,3,789,784,5,352,327,5,20,348,3,863,511,315,33
21,HARGHITA,257,0,"TUSNAD SAT, TUSNAD NOU, CAMINUL CULTURAL",TUSNAD,86188,C,3,713,709,4,448,356,4,88,436,12,780,332,380,56
21,HARGHITA,258,0,"TUSNAD SAT, VRABIA, CAMINUL CULTURAL",TUSNAD,86188,C,3,185,179,6,118,105,6,7,115,3,193,75,104,11
21,HARGHITA,259,0,"ULIES NR.30, PRIMARIA",ULIES,86222,C,3,286,276,10,173,141,10,22,172,1,304,131,151,21
21,HARGHITA,260,0,"ULIES, PETECU NR.190, CAMINUL CULTURAL",ULIES,86222,C,3,227,217,10,159,110,10,39,156,3,239,80,135,21
21,HARGHITA,261,0,"ULIES, DAIA NR.168, SCOALA GENERALA",ULIES,86222,C,3,216,207,9,111,95,9,7,108,3,228,117,100,8
21,HARGHITA,262,0,"ULIES, NICOLESTI NR.22, SEDIUL FOSTULUI CAP",ULIES,86222,C,3,178,169,9,59,44,9,6,59,0,186,127,51,8
21,HARGHITA,263,0,"VARSAG, CAMINUL CULTURAL",VARSAG,86311,C,3,1237,1237,0,529,511,0,18,529,0,1361,832,510,19
21,HARGHITA,264,0,"VOSLABENI, SCOALA GENERALA NR.1 TEODOR CHINDEA",VOSLABENI,86339,C,3,984,977,7,479,441,7,31,471,8,1075,596,224,247
21,HARGHITA,265,0,"VOSLABENI, IZVORUL MURESULUI, SCOALA GENERALA ION CREANGA",VOSLABENI,86339,C,3,679,611,68,372,304,68,0,367,5,673,301,291,76
21,HARGHITA,266,0,"ZETEA, CAMINUL CULTURAL",ZETEA,86366,C,3,2157,2148,9,795,729,9,57,783,12,2373,1578,678,105
21,HARGHITA,267,0,"ZETEA, STR.TOFALAU, SCOALA GENERALA NR.7",ZETEA,86366,C,3,1505,1496,9,552,521,9,22,542,10,1646,1094,484,58
21,HARGHITA,268,0,"ZETEA, SUB CETATE, SCOALA GENERALA JOKAI MOR",ZETEA,86366,C,3,512,504,8,174,137,8,29,173,1,555,381,146,27
21,HARGHITA,269,0,"ZETEA, SICASAU, CAMINUL CULTURAL",ZETEA,86366,C,3,139,133,6,47,29,6,12,47,0,147,100,41,6
21,HARGHITA,270,0,"ZETEA, IZOARE, SCOALA GENERALA SZEKELY JANOS",ZETEA,86366,C,3,271,263,8,71,52,8,11,70,1,290,219,55,15
21,HARGHITA,271,0,"ULIES,IGHIU NR.62, CAMINUL CULTURAL",ULIES,86222,C,3,58,47,11,51,25,11,15,49,2,52,1,43,6
21,HARGHITA,91,0,"ATID, SICLOD, SCOALA GENERALA",ATID,83785,C,3,318,309,9,203,166,9,28,203,0,340,137,190,13
22,HUNEDOARA,1,0,Casa de cultura (sala mica) Piata Vicoriei,MUNICIPIUL DEVA,86687,M,1,1719,1627,92,1063,968,92,3,1059,4,1780,717,452,607
22,HUNEDOARA,2,0,Casa de cultura (sala de conferinte) Piata Victoriei,MUNICIPIUL DEVA,86687,M,1,1500,1472,28,887,858,28,1,881,6,1630,743,330,551
22,HUNEDOARA,3,0,CEPROMIN SA Str.Maresal Averescu nr.37A,MUNICIPIUL DEVA,86687,M,1,1686,1666,20,944,923,20,1,933,11,1840,896,323,610
22,HUNEDOARA,4,0,"Gradinita nr.7, Aleea Patriei",MUNICIPIUL DEVA,86687,M,1,1439,1397,42,882,839,42,1,876,6,1540,658,345,531
22,HUNEDOARA,5,0,"Liceul Sabin Dragoi, Str.Ghe. Baritiu",MUNICIPIUL DEVA,86687,M,1,1260,1253,7,773,766,7,0,770,3,1450,677,204,566
22,HUNEDOARA,6,0,"ROMTELECOM -Sala ghisee, B-dul Iuliu Maniu nr.2",MUNICIPIUL DEVA,86687,M,1,1864,1837,27,1102,1075,27,0,1092,10,2050,948,364,728
22,HUNEDOARA,7,0,"Cantina Restaurant B-dul Decebal,Blocul M, parter",MUNICIPIUL DEVA,86687,M,1,1586,1569,17,888,871,17,0,879,9,1730,842,311,568
22,HUNEDOARA,8,0,"Galeria FORMA, B-dul Decebal,bl.8,parter",MUNICIPIUL DEVA,86687,M,1,1635,1622,13,999,986,13,0,991,8,1800,801,358,633
22,HUNEDOARA,9,0,"Colegiul Nationaal DECEBAL ,B-dul 1 Decembrie",MUNICIPIUL DEVA,86687,M,1,1504,1489,15,893,878,15,0,887,6,1650,757,358,529
22,HUNEDOARA,10,0,"Grup Scolar de edicatie fizica si sport, Str.Axente Sever",MUNICIPIUL DEVA,86687,M,1,1519,1498,21,923,901,21,1,916,7,1650,727,312,604
22,HUNEDOARA,11,0,"Scoala generala nr.2, Viile Noi, str.16 Februarie",MUNICIPIUL DEVA,86687,M,1,1744,1724,20,891,870,20,1,880,11,2000,1109,318,562
22,HUNEDOARA,12,0,"Scoala generala LUCIAN BLAGA, str.Cuza Voda",MUNICIPIUL DEVA,86687,M,1,1433,1411,22,900,878,22,0,895,5,1550,650,302,593
22,HUNEDOARA,13,0,"GARA CFR, Piata Garii",MUNICIPIUL DEVA,86687,M,1,1757,1721,36,962,924,36,2,953,9,1900,938,378,575
22,HUNEDOARA,14,0,"Gradinita cu program normal, Aleea Pescarilor",MUNICIPIUL DEVA,86687,M,1,1571,1554,17,926,904,17,5,916,10,1402,476,348,568
22,HUNEDOARA,15,0,"Policlinica noua, Sala de sedinte, B-dul 22 Decembrie",MUNICIPIUL DEVA,86687,M,1,1599,1562,37,1316,946,37,333,1306,10,2299,983,469,837
22,HUNEDOARA,16,0,"PT6 Sectia de termoficare, Aleea Viitorului",MUNICIPIUL DEVA,86687,M,1,1615,1599,16,879,861,16,2,871,8,1748,869,278,593
22,HUNEDOARA,17,0,"Scoala generala ANDREI SAGUNA, Gojdu, Localul vechi,i Aleea Viitorului",MUNICIPIUL DEVA,86687,M,1,1557,1533,24,893,867,24,2,882,11,1700,807,278,604
22,HUNEDOARA,18,0,"Scoala generala ANDREI SAGUNA, Gojdu, Localul nou,Aleea Viitorului",MUNICIPIUL DEVA,86687,M,1,1510,1491,19,857,834,19,4,853,4,1650,793,298,555
22,HUNEDOARA,19,0,"SC SALUBRITATE SA , Calea Zarandului nr.83",MUNICIPIUL DEVA,86687,M,1,1705,1678,27,961,933,27,1,957,4,1748,787,358,599
22,HUNEDOARA,20,0,"Sala Sporturilor, Str.Marasti",MUNICIPIUL DEVA,86687,M,1,1322,1242,80,745,665,80,0,739,6,1260,515,263,476
22,HUNEDOARA,21,0,"FORICON SA, B-dul N.Balcescu -nou",MUNICIPIUL DEVA,86687,M,1,1881,1833,48,1077,1029,48,0,1071,6,2009,932,274,797
22,HUNEDOARA,22,0,"Liceul de muzica si arte plastice Sigismund Toduta,str.C.Porumbescu",MUNICIPIUL DEVA,86687,M,1,1421,1413,8,822,811,8,3,815,7,1581,759,290,525
22,HUNEDOARA,23,0,"Colegiul Tehnic TRANSILVANIA, B-dul 22 Decembrie",MUNICIPIUL DEVA,86687,M,1,1797,1764,33,1013,979,33,1,1009,4,1950,937,339,670
22,HUNEDOARA,24,0,"Colegiul Tehnic TRANSILVANIA,B-dul 22 Decembrie",MUNICIPIUL DEVA,86687,M,1,1547,1525,22,848,826,22,0,843,5,1680,832,283,560
22,HUNEDOARA,25,0,"Colegiul Tehnic TRANSILVANIA , B-dul 22 Decembrie",MUNICIPIUL DEVA,86687,M,1,1900,1871,29,924,894,29,1,917,7,2060,1136,277,640
22,HUNEDOARA,26,0,"Grup Scolar Sportiv, Str.Carpati",MUNICIPIUL DEVA,86687,M,1,1582,1563,19,903,884,19,0,896,7,1820,917,294,602
22,HUNEDOARA,27,0,"Scoala generala EMINESCU-PETOFI , B-dul Dacia",MUNICIPIUL DEVA,86687,M,1,1562,1538,24,769,745,24,0,760,9,1700,931,253,507
22,HUNEDOARA,28,0,"Scoala generala EMINESCU-PETOFI, B-dul Dacia",MUNICIPIUL DEVA,86687,M,1,1838,1780,58,977,907,58,12,972,5,1956,979,336,636
22,HUNEDOARA,29,0,"Casa Maghiara Deva, B-dul 22 Decembrie",MUNICIPIUL DEVA,86687,M,1,1672,1644,28,974,946,28,0,962,12,1800,826,277,685
22,HUNEDOARA,30,0,"Scoala generala OCTAVIAN GOGA, Str.Bejan",MUNICIPIUL DEVA,86687,M,1,2021,1957,64,894,830,64,0,888,6,2150,1256,325,563
22,HUNEDOARA,31,0,"Scoala generala OCTAVIAN GOGA, Str.Bejan",MUNICIPIUL DEVA,86687,M,1,1967,1947,20,890,869,20,1,881,9,2150,1260,323,558
22,HUNEDOARA,32,0,"Cresa, Aleea Teilor",MUNICIPIUL DEVA,86687,M,1,2318,2286,32,1081,1049,32,0,1066,15,2505,1424,341,725
22,HUNEDOARA,33,0,"Gradinita, Aleea Teilor",MUNICIPIUL DEVA,86687,M,1,1354,1338,16,680,664,16,0,677,3,1479,799,224,453
22,HUNEDOARA,34,0,Grup Scolar ION MINCU (fost constructii) str.T.Maiorescu,MUNICIPIUL DEVA,86687,M,1,1726,1681,45,967,918,45,4,960,7,1860,893,335,625
22,HUNEDOARA,35,0,Grup Scolar GRIGORE MOISIL (fost minier) Str.T.Maiorescu,MUNICIPIUL DEVA,86687,M,1,1749,1700,49,995,946,49,0,989,6,1880,885,376,613
22,HUNEDOARA,36,0,"Scoala generala ANDREI MURESANU,Str.Scarisora",MUNICIPIUL DEVA,86687,M,1,1955,1932,23,1043,1020,23,0,1034,9,2130,1087,358,676
22,HUNEDOARA,37,0,"Scoala generala ANDREI MURESANU, Str.Scarisoara",MUNICIPIUL DEVA,86687,M,1,2079,2045,34,1044,1009,34,1,1027,17,2250,1206,359,668
22,HUNEDOARA,38,0,Gradinita Cristur,MUNICIPIUL DEVA,86687,M,1,1149,1135,14,772,659,14,99,763,9,1631,859,295,468
22,HUNEDOARA,39,0,Scoala generala Santuhalm,MUNICIPIUL DEVA,86687,M,1,523,511,12,283,271,12,0,282,1,600,317,133,149
22,HUNEDOARA,40,1,"Gara CFR , etaj 1 Piata Garii",MUNICIPIUL DEVA,86687,M,1,0,0,0,1391,0,0,1391,1381,10,1500,109,369,1012
22,HUNEDOARA,41,1,UM 01719 Str.Mihai Eminescu,MUNICIPIUL DEVA,86687,M,1,0,0,0,173,0,0,173,168,5,203,30,78,90
22,HUNEDOARA,42,0,"Casa de cultura,Str.Independentei",MUNICIPIUL BRAD,87291,M,1,1125,1105,20,772,615,20,137,768,4,1229,457,322,446
22,HUNEDOARA,43,0,"Casa de cultura, str.Independentei",MUNICIPIUL BRAD,87291,M,1,1089,1073,16,601,585,16,0,597,4,1193,592,278,319
22,HUNEDOARA,44,0,"Scoala generala MIRCEA SANTIMBREANU,Str.Libertatii",MUNICIPIUL BRAD,87291,M,1,1254,1246,8,669,661,8,0,664,5,1370,701,296,368
22,HUNEDOARA,45,0,"Scoala generala MIRCEA SANTIMBREANU,Str.Libertatii",MUNICIPIUL BRAD,87291,M,1,1023,1014,9,570,561,9,0,564,6,1100,530,278,286
22,HUNEDOARA,46,0,"Scoala generala MIRCEA SANTIMBREANU,Str.Libertatii",MUNICIPIUL BRAD,87291,M,1,1074,1065,9,569,560,9,0,561,8,1170,601,296,265
22,HUNEDOARA,47,0,"Scoala generala MIRCEA SANTIMBREANU,Str.Victoriei",MUNICIPIUL BRAD,87291,M,1,1127,1108,19,591,572,19,0,589,2,1220,629,298,291
22,HUNEDOARA,48,0,"Scoala generala MIRCEA SANTIMBREANU,Str.Victoriei",MUNICIPIUL BRAD,87291,M,1,848,837,11,438,427,11,0,430,8,920,482,232,198
22,HUNEDOARA,49,0,"Scoala generala MIRCEA SANTIMBREANU,Str.Victoriei",MUNICIPIUL BRAD,87291,M,1,859,850,9,493,483,9,1,491,2,940,447,239,252
22,HUNEDOARA,50,0,"Colegiul AVRAM IANCU, Str.Liceului",MUNICIPIUL BRAD,87291,M,1,1045,1030,15,511,496,15,0,504,7,1134,623,209,295
22,HUNEDOARA,51,0,"Colegiul AVRAM IANCU, Str.Liceului",MUNICIPIUL BRAD,87291,M,1,1199,1189,10,651,608,10,33,639,12,1320,669,329,310
22,HUNEDOARA,52,0,"Caminul de copii cu program prelungit, Str.Horea",MUNICIPIUL BRAD,87291,M,1,1260,1214,46,691,645,46,0,682,9,1340,649,359,323
22,HUNEDOARA,53,0,"Scoala generala HOREA,CLOSA si CRISAN, str.Liceului",MUNICIPIUL BRAD,87291,M,1,1117,1106,11,581,570,11,0,572,9,1227,646,225,347
22,HUNEDOARA,54,0,Scoala generala Valea Bradului,MUNICIPIUL BRAD,87291,M,1,755,748,7,393,386,7,0,393,0,820,427,190,203
22,HUNEDOARA,55,0,Scoala generala Taratel,MUNICIPIUL BRAD,87291,M,1,641,633,8,348,340,8,0,348,0,700,352,175,173
22,HUNEDOARA,56,0,Scoala generala Mesteacan,MUNICIPIUL BRAD,87291,M,1,500,490,10,209,199,10,0,208,1,540,331,101,107
22,HUNEDOARA,57,0,Caminul cultural Ruda Brad,MUNICIPIUL BRAD,87291,M,1,173,167,6,86,80,6,0,85,1,202,116,41,44
22,HUNEDOARA,58,1,Spitalul Municipal Brad,MUNICIPIUL BRAD,87291,M,1,10,0,10,72,0,10,62,70,2,200,128,24,46
22,HUNEDOARA,59,1,"Sanatorul TBC Brad, str.Magura nr.27",MUNICIPIUL BRAD,87291,M,1,8,0,8,86,0,8,78,86,0,200,114,49,37
22,HUNEDOARA,60,0,"Scoala generala nr.12, str.Prutului nr.9",MUNICIPIUL HUNEDOARA,86810,M,1,1588,1577,11,714,703,11,0,707,7,1740,1026,279,428
22,HUNEDOARA,61,0,"Scoala generala nr.10, str.Intrarea Spicului nr.6",MUNICIPIUL HUNEDOARA,86810,M,1,1310,1295,15,602,587,15,0,594,8,1430,828,277,317
22,HUNEDOARA,62,0,"Scoala generala nr.10, str.Intrarea Spicului nr.6",MUNICIPIUL HUNEDOARA,86810,M,1,1635,1621,14,749,735,14,0,733,16,1790,1041,329,404
22,HUNEDOARA,63,0,"Scoala generala nr.10, str.Intrarea Spicului nr.6",MUNICIPIUL HUNEDOARA,86810,M,1,1309,1298,11,620,609,11,0,620,0,1430,810,268,352
22,HUNEDOARA,64,0,"Scoala generala nr.9, Str.Trandafirilor nr.10",MUNICIPIUL HUNEDOARA,86810,M,1,1692,1676,16,741,725,16,0,733,8,2004,1263,349,384
22,HUNEDOARA,65,0,"Scoala generala nr.9, Str.Trandafirilor nr.10",MUNICIPIUL HUNEDOARA,86810,M,1,1540,1522,18,682,664,18,0,672,10,1680,998,328,344
22,HUNEDOARA,66,0,"Scoala generala nr.9, Str.Trandafirilor nr.10",MUNICIPIUL HUNEDOARA,86810,M,1,1622,1600,22,771,749,22,0,767,4,1770,999,314,453
22,HUNEDOARA,67,0,"Asociatia de caritate CASA HARULUI, str.Trandafirilor nr.18",MUNICIPIUL HUNEDOARA,86810,M,1,1376,1357,19,690,669,19,2,684,6,1500,810,319,365
22,HUNEDOARA,68,0,"Gradinita cu program normal Micro VII PN9,str.Trandafirilor 20",MUNICIPIUL HUNEDOARA,86810,M,1,1333,1321,12,646,634,12,0,642,4,1450,804,305,337
22,HUNEDOARA,69,0,"Grup Scolar Economic Administrativ si de servicii str.Vlahuta,nr.1 bis",MUNICIPIUL HUNEDOARA,86810,M,1,1548,1523,25,837,809,25,3,827,10,1690,853,359,468
22,HUNEDOARA,70,0,"Grup Scolar Telecomunicatii si Lucrari Publice,Al.Turnatorului nr.1",MUNICIPIUL HUNEDOARA,86810,M,1,1521,1510,11,844,833,11,0,840,4,1660,816,320,520
22,HUNEDOARA,71,0,"Casa Vanatorului, Str.Viorele nr.12",MUNICIPIUL HUNEDOARA,86810,M,1,1508,1489,19,958,935,19,4,955,3,1640,682,408,547
22,HUNEDOARA,72,0,"Colegiul National de Informatica TRAIAN LALESCU,str.Victoriei",MUNICIPIUL HUNEDOARA,86810,M,1,1148,1139,9,660,651,9,0,657,3,1260,600,268,389
22,HUNEDOARA,73,0,"Colegiul National de Informatica TRAIAN LALESCU,str.Victoriei",MUNICIPIUL HUNEDOARA,86810,M,1,1165,1098,67,689,622,67,0,685,4,1210,521,254,431
22,HUNEDOARA,74,0,"Scoala generala nr.5, B-dul Decebal nr.11",MUNICIPIUL HUNEDOARA,86810,M,1,1629,1608,21,863,841,21,1,854,9,1775,912,337,517
22,HUNEDOARA,75,0,"Scoala generala nr.5, B-dul Decebal nr.11",MUNICIPIUL HUNEDOARA,86810,M,1,1161,1147,14,558,544,14,0,549,9,1260,702,268,281
22,HUNEDOARA,76,0,"Scoala generala nr.5, B-dul Decebal nr.11",MUNICIPIUL HUNEDOARA,86810,M,1,1157,1149,8,658,649,8,1,648,10,1270,612,259,389
22,HUNEDOARA,77,0,Scoala generala Hasdat,MUNICIPIUL HUNEDOARA,86810,M,1,347,339,8,192,184,8,0,189,3,400,208,118,71
22,HUNEDOARA,78,0,"Scoala generalla nr.6, Piata Florilor nr.1",MUNICIPIUL HUNEDOARA,86810,M,1,1770,1722,48,1446,979,48,419,1434,12,1900,454,536,898
22,HUNEDOARA,79,0,"Scoala generalla nr.6, Piata Florilor nr.1",MUNICIPIUL HUNEDOARA,86810,M,1,1613,1596,17,836,819,17,0,828,8,1760,924,333,495
22,HUNEDOARA,80,0,"Colegiul Tehnic Matei Corvin, Str.Victoriei nr.12",MUNICIPIUL HUNEDOARA,86810,M,1,1429,1415,14,810,796,14,0,808,2,1560,750,328,480
22,HUNEDOARA,81,0,"Gradinita cu program normal nr.4 Micro I,str.Laminatorului 8",MUNICIPIUL HUNEDOARA,86810,M,1,1764,1738,26,997,970,26,1,990,7,1910,913,443,547
22,HUNEDOARA,82,0,"Scoala generala nr 1, B-dul Corvin nr.14",MUNICIPIUL HUNEDOARA,86810,M,1,1110,1095,15,568,553,15,0,566,2,1200,632,231,335
22,HUNEDOARA,83,0,"Scoala generala nr 1, B-dul Corvin nr.14",MUNICIPIUL HUNEDOARA,86810,M,1,1503,1489,14,759,745,14,0,754,5,1640,881,288,466
22,HUNEDOARA,84,0,"Scoala generala nr.3, str.Laminatorului nr.10",MUNICIPIUL HUNEDOARA,86810,M,1,1638,1630,8,896,888,8,0,893,3,1800,904,352,541
22,HUNEDOARA,85,0,"Scoala generala nr.3, str.Laminatorului nr.10",MUNICIPIUL HUNEDOARA,86810,M,1,1628,1612,16,954,937,16,1,951,3,1800,846,323,628
22,HUNEDOARA,86,0,"Scoala generala nr.7, str.Moldovei nr.2",MUNICIPIUL HUNEDOARA,86810,M,1,1174,1102,72,680,608,72,0,672,8,1220,540,294,378
22,HUNEDOARA,87,0,"Scoala generala nr.7, str.Moldovei nr.2",MUNICIPIUL HUNEDOARA,86810,M,1,1325,1311,14,823,809,14,0,819,4,1560,737,346,473
22,HUNEDOARA,88,0,"Clubul Constructorul, Str.Moldovei nr.6",MUNICIPIUL HUNEDOARA,86810,M,1,1583,1561,22,824,802,22,0,818,6,1720,896,306,512
22,HUNEDOARA,89,0,"Scoala generala nr.8, str.Cerbului nr.2",MUNICIPIUL HUNEDOARA,86810,M,1,1266,1249,17,713,696,17,0,706,7,1380,667,325,381
22,HUNEDOARA,90,0,"Scoala generala nr.8, str.Cerbului nr.2",MUNICIPIUL HUNEDOARA,86810,M,1,957,916,41,672,631,41,0,669,3,1300,628,318,351
22,HUNEDOARA,91,0,"Gradinita cu program prelungit PP4, str.Cerbului nr.3",MUNICIPIUL HUNEDOARA,86810,M,1,1268,1249,19,641,622,19,0,638,3,1380,739,293,345
22,HUNEDOARA,92,0,"Gradinita cu program normal Micro III PN2,str.Cerbului nr.3bis",MUNICIPIUL HUNEDOARA,86810,M,1,1515,1499,16,770,753,16,1,767,3,1650,880,324,443
22,HUNEDOARA,93,0,"Scoala generala nr.2, Str.Luncii nr.1",MUNICIPIUL HUNEDOARA,86810,M,1,1743,1735,8,945,937,8,0,942,3,1910,965,416,526
22,HUNEDOARA,94,0,"Scoala generala nr.2, Str.Luncii nr.1",MUNICIPIUL HUNEDOARA,86810,M,1,1686,1672,14,953,939,14,0,951,2,1880,927,379,572
22,HUNEDOARA,95,0,"Scoala generala nr.2, Str.Luncii nr.1",MUNICIPIUL HUNEDOARA,86810,M,1,1339,1327,12,729,717,12,0,723,6,1460,731,283,440
22,HUNEDOARA,96,0,"Cinematograful FLACARA, B-dul Dacia nr.14",MUNICIPIUL HUNEDOARA,86810,M,1,1646,1631,15,862,847,15,0,848,14,1800,938,334,514
22,HUNEDOARA,97,0,"Centru de zi, str.Randunicii nr.1",MUNICIPIUL HUNEDOARA,86810,M,1,1993,1980,13,930,917,13,0,923,7,2200,1270,400,523
22,HUNEDOARA,98,0,"Scoala generala nr.11, str.Randunicii nr.3",MUNICIPIUL HUNEDOARA,86810,M,1,1540,1530,10,789,779,10,0,787,2,1700,911,301,486
22,HUNEDOARA,99,0,"Scoala generala nr.11, str.Randunicii nr.3",MUNICIPIUL HUNEDOARA,86810,M,1,1873,1853,20,904,884,20,0,900,4,2040,1136,394,506
22,HUNEDOARA,100,0,"Scoala generala nr.11, str.Randunicii nr.3",MUNICIPIUL HUNEDOARA,86810,M,1,1756,1731,25,851,826,25,0,848,3,1900,1049,288,560
22,HUNEDOARA,101,0,"SC CORVIN SA ,B-dul Traian nr.11",MUNICIPIUL HUNEDOARA,86810,M,1,1420,1406,14,756,742,14,0,751,5,1550,794,260,491
22,HUNEDOARA,102,0,"Caminul Cultural Buituri, str.Latureni nr. 31",MUNICIPIUL HUNEDOARA,86810,M,1,557,544,13,338,324,13,1,334,4,600,262,113,221
22,HUNEDOARA,103,0,"Sectia ACT a RAIL Hunedoara,P-ta Libertatii nr.27",MUNICIPIUL HUNEDOARA,86810,M,1,1895,1870,25,1013,988,25,0,1005,8,2070,1057,394,611
22,HUNEDOARA,104,0,Scoala generala Racastie,MUNICIPIUL HUNEDOARA,86810,M,1,515,508,7,272,265,7,0,266,6,560,288,114,152
22,HUNEDOARA,105,0,Scoala generala Zlasti,MUNICIPIUL HUNEDOARA,86810,M,1,394,384,10,258,245,10,3,258,0,428,170,112,146
22,HUNEDOARA,106,0,Scoala generala Bos,MUNICIPIUL HUNEDOARA,86810,M,1,460,450,10,277,267,10,0,273,4,500,223,142,131
22,HUNEDOARA,107,0,Scoala generala Pestisu Mare,MUNICIPIUL HUNEDOARA,86810,M,1,1108,1094,14,578,564,14,0,573,5,1200,622,266,307
22,HUNEDOARA,108,1,"Spitalul Municipal ,str.Victoriei nr.14",MUNICIPIUL HUNEDOARA,86810,M,1,0,0,0,367,0,0,367,364,3,500,133,178,186
22,HUNEDOARA,109,0,"Casa de Cultura, P-ta Victoriei nr.20",MUNICIPIUL ORASTIE,87638,M,1,1829,1811,18,969,948,18,3,962,7,2000,1031,336,626
22,HUNEDOARA,110,0,"Cresa Municipala ,str.Pricazului nr.46",MUNICIPIUL ORASTIE,87638,M,1,2038,2018,20,937,917,20,0,926,11,2240,1303,283,643
22,HUNEDOARA,111,0,"Gradinita SCUFITA ROSIE, str.Pricazului nr.48",MUNICIPIUL ORASTIE,87638,M,1,1886,1879,7,802,794,7,1,793,9,2040,1238,336,457
22,HUNEDOARA,112,0,"Scoala generala DOMINIC STANCA ,str.Eroilor nr.21",MUNICIPIUL ORASTIE,87638,M,1,1781,1767,14,794,778,14,2,792,2,1950,1156,265,527
22,HUNEDOARA,113,0,"Local SAM, str.Andrei Saguna nr.16",MUNICIPIUL ORASTIE,87638,M,1,1906,1883,23,881,858,23,0,877,4,2080,1199,285,592
22,HUNEDOARA,114,0,"Scoala generala Dr.AUREL VLAD,str Luminii nr.10",MUNICIPIUL ORASTIE,87638,M,1,1492,1473,19,717,698,19,0,713,4,1620,903,231,482
22,HUNEDOARA,115,0,"Scoala generala I-IV Gara, str.Targului nr.2",MUNICIPIUL ORASTIE,87638,M,1,1660,1633,27,813,786,27,0,798,15,1800,987,299,499
22,HUNEDOARA,116,0,OGA str.Progresului nr.2,MUNICIPIUL ORASTIE,87638,M,1,1597,1580,17,780,763,17,0,772,8,1580,800,281,491
22,HUNEDOARA,117,0,"Grup scolar NICOLAUS OLAHUS, str.O.Goga nr.29",MUNICIPIUL ORASTIE,87638,M,1,1939,1914,25,862,836,25,1,854,8,2100,1238,327,527
22,HUNEDOARA,118,0,"Colegiul National AUREL VLAICU, Str.Ghe.Lazar nr.8",MUNICIPIUL ORASTIE,87638,M,1,1661,1623,38,827,789,38,0,815,12,1800,973,391,424
22,HUNEDOARA,119,0,"Primaria Municipiului Orastie, Pi-ta A.Vlaicu nr.3",MUNICIPIUL ORASTIE,87638,M,1,1879,1869,10,1190,957,10,223,1173,17,2060,870,452,721
22,HUNEDOARA,120,1,U.M.0812 (str.Pricazului nr.5),MUNICIPIUL ORASTIE,87638,M,1,3,0,3,501,0,3,498,497,4,650,149,246,251
22,HUNEDOARA,121,1,Spitalul municipal (str.Pricazului nr.16),MUNICIPIUL ORASTIE,87638,M,1,9,0,9,89,0,9,80,85,4,104,15,34,51
22,HUNEDOARA,122,0,"Scoala generala nr.4, str.Revolutiei nr.4",MUNICIPIUL LUPENI,87059,M,1,1732,1705,27,929,896,27,6,913,16,1900,971,685,228
22,HUNEDOARA,123,0,"Casa Pensionarilor , str.T.Vladimirescu nr.1",MUNICIPIUL LUPENI,87059,M,1,1895,1883,12,1019,916,12,91,1000,19,2079,1060,740,260
22,HUNEDOARA,124,0,"Scoala generala nr.1, str.T.Vladimirescu nr.3",MUNICIPIUL LUPENI,87059,M,1,811,796,15,518,433,15,70,514,4,900,382,384,130
22,HUNEDOARA,125,0,"Scoala generala nr.1, str.T.Vladimirescu nr.3",MUNICIPIUL LUPENI,87059,M,1,1142,1121,21,485,464,21,0,477,8,1240,755,389,88
22,HUNEDOARA,126,0,Fabrica de tigari-Tudor Vladimirescu nr.25 Lupeni,MUNICIPIUL LUPENI,87059,M,1,1807,1682,125,1112,985,125,2,1108,4,1850,738,851,257
22,HUNEDOARA,127,0,"Scoala generala nr.3, str.Calea Braii nr.7",MUNICIPIUL LUPENI,87059,M,1,1092,1080,12,625,612,12,1,608,17,1199,574,446,162
22,HUNEDOARA,128,0,"Scoala generala nr.3, str.Calea Braii nr.7",MUNICIPIUL LUPENI,87059,M,1,982,957,25,522,497,25,0,515,7,1080,558,392,123
22,HUNEDOARA,129,0,"Cinematograful Cultural, str.T.Vladimirescu nr.82",MUNICIPIUL LUPENI,87059,M,1,1392,1374,18,798,777,18,3,781,17,1520,722,603,178
22,HUNEDOARA,130,0,"TESMA, B-dul Pacii 2 bis",MUNICIPIUL LUPENI,87059,M,1,2135,2082,53,1305,1252,53,0,1289,16,2300,995,961,328
22,HUNEDOARA,131,0,"Gradinita nr.6, str.Tineretului",MUNICIPIUL LUPENI,87059,M,1,2175,2139,36,1156,1116,36,4,1126,30,2360,1204,892,234
22,HUNEDOARA,132,0,"Liceul Teoretic, str.Viitorului nr.2",MUNICIPIUL LUPENI,87059,M,1,1295,1274,21,583,558,21,4,574,9,1400,817,414,160
22,HUNEDOARA,133,0,"Liceul Teoretic, str.Viitorului nr.2",MUNICIPIUL LUPENI,87059,M,1,881,836,45,417,368,45,4,410,7,930,513,325,85
22,HUNEDOARA,134,0,"Scoala generala nr.2, str.Trandafirilor",MUNICIPIUL LUPENI,87059,M,1,1376,1315,61,768,703,61,4,760,8,1450,682,582,178
22,HUNEDOARA,135,0,"Scoala generala nr.2, str.Trandafirilor",MUNICIPIUL LUPENI,87059,M,1,1181,1129,52,688,634,52,2,675,13,1250,562,457,218
22,HUNEDOARA,136,0,"Scoala Generala nr.5 , str.Barbateni",MUNICIPIUL LUPENI,87059,M,1,1055,1041,14,552,538,14,0,543,7,1152,600,424,119
22,HUNEDOARA,137,0,"Scoala Generala nr.5 , str.Barbateni",MUNICIPIUL LUPENI,87059,M,1,971,925,46,547,498,46,3,539,8,1020,473,404,135
22,HUNEDOARA,138,0,Magazinul MAIER -Barbateni,MUNICIPIUL LUPENI,87059,M,1,1674,1648,26,753,725,26,2,735,18,1830,1077,590,145
22,HUNEDOARA,139,0,SC UNIVERSAL EDIL SA -Barbateni,MUNICIPIUL LUPENI,87059,M,1,745,706,39,354,315,39,0,349,5,780,426,225,124
22,HUNEDOARA,140,0,"Casa de Cultura, str. 1 Decembrie 1918",MUNICIPIUL PETROSANI,86990,M,1,1880,1864,16,1053,1035,16,2,1042,11,1980,927,558,484
22,HUNEDOARA,141,0,Scoala Generala nr.1 (sediul nou) Str.St.O.Iosif,MUNICIPIUL PETROSANI,86990,M,1,1523,1510,13,846,832,13,1,841,5,1680,834,497,344
22,HUNEDOARA,142,0,Scoala Generala nr.1 (sediul Vechi) str. 1 Decembrie 1918,MUNICIPIUL PETROSANI,86990,M,1,1766,1755,11,999,988,11,0,993,6,1960,961,524,469
22,HUNEDOARA,143,0,Amfiteatru Universitatii str.Universitatii,MUNICIPIUL PETROSANI,86990,M,1,1726,1711,15,908,893,15,0,902,6,2000,1092,499,403
22,HUNEDOARA,144,0,"Grup Scolar Sportiv, str. 1 Decembrie 1918",MUNICIPIUL PETROSANI,86990,M,1,1232,1220,12,700,688,12,0,691,9,1340,640,370,321
22,HUNEDOARA,145,0,"Scoala generala nr.4, str.G-ral Vasile Milea",MUNICIPIUL PETROSANI,86990,M,1,1284,1267,17,756,739,17,0,751,5,1400,644,407,344
22,HUNEDOARA,146,0,"Scoala Generala nr.4, str.G-ral Vasile Milea",MUNICIPIUL PETROSANI,86990,M,1,1722,1704,18,884,866,18,0,878,6,2000,1116,408,470
22,HUNEDOARA,147,0,"Liceul Teoretic, str. 1 Decembrie 1918",MUNICIPIUL PETROSANI,86990,M,1,1897,1885,12,861,847,12,2,855,6,2100,1239,509,346
22,HUNEDOARA,148,0,"Gradinita nr.3 cu program prelungit, str.9 Mai",MUNICIPIUL PETROSANI,86990,M,1,1116,1108,8,683,675,8,0,677,6,1240,557,327,350
22,HUNEDOARA,149,0,"Liceul de iInformatica, str.Slatinioara",MUNICIPIUL PETROSANI,86990,M,1,1621,1601,20,874,854,20,0,865,9,1770,896,432,433
22,HUNEDOARA,150,0,"Liceul Economic, str.Pacii",MUNICIPIUL PETROSANI,86990,M,1,1719,1706,13,935,922,13,0,927,8,1800,865,584,343
22,HUNEDOARA,151,0,"Scoala Generala nr.5, str.Unirii",MUNICIPIUL PETROSANI,86990,M,1,1608,1592,16,864,844,16,4,854,10,1770,906,561,293
22,HUNEDOARA,152,0,"Scoala Generala nr.5, str.Unirii",MUNICIPIUL PETROSANI,86990,M,1,1726,1709,17,937,874,17,46,921,16,1880,943,572,349
22,HUNEDOARA,153,0,"Scoala Generala nr.6, str.Independentei",MUNICIPIUL PETROSANI,86990,M,1,2066,2053,13,1140,1121,13,6,1129,11,2260,1120,684,445
22,HUNEDOARA,154,0,"Scoala Generala nr.6, str.Independentei",MUNICIPIUL PETROSANI,86990,M,1,1810,1788,22,821,796,22,3,803,18,2000,1179,546,257
22,HUNEDOARA,155,0,"Gradinita Aeroport cu program prelungit, str.Aviatorilor",MUNICIPIUL PETROSANI,86990,M,1,965,951,14,457,443,14,0,453,4,1046,589,314,139
22,HUNEDOARA,156,0,"Gradinita cu program normal nr.2 Aeroport, str.Aviatorilor, nr.30",MUNICIPIUL PETROSANI,86990,M,1,1682,1669,13,834,821,13,0,819,15,1850,1016,547,272
22,HUNEDOARA,157,0,"Gradinita cu program normal nr.2 Aeroport, str.Aviatorilor, nr.30",MUNICIPIUL PETROSANI,86990,M,1,1415,1387,28,695,666,28,1,691,4,1530,835,515,176
22,HUNEDOARA,158,0,"Scoala Generala nr.7, str.Venus",MUNICIPIUL PETROSANI,86990,M,1,2028,2018,10,948,933,10,5,935,13,2200,1252,615,320
22,HUNEDOARA,159,0,"Scoala Generala nr.7, str.Venus",MUNICIPIUL PETROSANI,86990,M,1,2224,2195,29,1047,1016,29,2,1033,14,2400,1353,733,300
22,HUNEDOARA,160,0,"Scoala Generala Surduc, str. 1 Decembrie 1918",MUNICIPIUL PETROSANI,86990,M,1,643,629,14,331,317,14,0,325,6,700,369,194,131
22,HUNEDOARA,161,0,"SC SERVMIN SA ,str.Grivita Rosie",MUNICIPIUL PETROSANI,86990,M,1,2439,2417,22,1248,1226,22,0,1226,22,2570,1322,765,461
22,HUNEDOARA,162,0,"Scoala Generala nr.2, str.Gheorghe Baritiu",MUNICIPIUL PETROSANI,86990,M,1,1229,1213,16,602,586,16,0,599,3,1342,740,411,188
22,HUNEDOARA,163,0,Sediu SC GOSPODARIE PREST COM SA str.M.Eminescu,MUNICIPIUL PETROSANI,86990,M,1,1189,1172,17,578,561,17,0,568,10,1200,622,355,213
22,HUNEDOARA,164,0,Scoala Generala Dalja Mare,MUNICIPIUL PETROSANI,86990,M,1,232,222,10,104,94,10,0,100,4,250,146,80,20
22,HUNEDOARA,165,1,"Caminul Studentesc nr.1,str.Universitatii",MUNICIPIUL PETROSANI,86990,M,1,9,0,9,120,0,9,111,119,1,350,230,52,67
22,HUNEDOARA,166,1,"Gara CFR, str.Garii",MUNICIPIUL PETROSANI,86990,M,1,11,0,11,476,0,11,465,474,2,500,24,219,255
22,HUNEDOARA,167,1,Spitalul de Urgenta Petrosani,MUNICIPIUL PETROSANI,86990,M,1,11,0,11,252,0,11,241,248,4,300,48,174,74
22,HUNEDOARA,168,0,Casa Casatoriilor,MUNICIPIUL  VULCAN,87175,M,1,1301,1288,13,863,719,13,131,853,10,1400,537,568,285
22,HUNEDOARA,169,0,"Gradinita nr.1, str. Romanilor",MUNICIPIUL  VULCAN,87175,M,1,1625,1606,19,820,800,19,1,805,15,1800,980,636,169
22,HUNEDOARA,170,0,Scoala Generala nr. 4,MUNICIPIUL  VULCAN,87175,M,1,1430,1414,16,770,750,16,4,759,11,1580,810,606,153
22,HUNEDOARA,171,0,Scoala Generala nr. 4,MUNICIPIUL  VULCAN,87175,M,1,916,899,17,500,456,17,27,493,7,1000,500,377,116
22,HUNEDOARA,172,0,Cantina de ajutor social,MUNICIPIUL  VULCAN,87175,M,1,1408,1393,15,776,761,15,0,764,12,1560,784,559,205
22,HUNEDOARA,173,0,Grup Scolar MIHAI VITEAZU,MUNICIPIUL  VULCAN,87175,M,1,1058,1048,10,580,570,10,0,573,7,1170,590,417,156
22,HUNEDOARA,174,0,Grup Scolar MIHAI VITEAZU,MUNICIPIUL  VULCAN,87175,M,1,983,974,9,532,523,9,0,530,2,1100,568,392,138
22,HUNEDOARA,175,0,Scoala Generala nr.5,MUNICIPIUL  VULCAN,87175,M,1,1469,1443,26,848,822,26,0,835,13,1600,752,637,198
22,HUNEDOARA,176,0,Scoala Generala nr.5,MUNICIPIUL  VULCAN,87175,M,1,1606,1582,24,848,824,24,0,836,12,1750,902,655,181
22,HUNEDOARA,177,0,Stadionul central,MUNICIPIUL  VULCAN,87175,M,1,1378,1362,16,726,709,16,1,718,8,1500,774,545,173
22,HUNEDOARA,178,0,Scoala Generala nr.6,MUNICIPIUL  VULCAN,87175,M,1,1745,1732,13,783,767,13,3,774,9,1900,1117,649,125
22,HUNEDOARA,179,0,Scoala Generala nr.6,MUNICIPIUL  VULCAN,87175,M,1,2205,2169,36,1117,1079,36,2,1107,10,2400,1283,918,189
22,HUNEDOARA,180,0,Scoala Generala nr.6,MUNICIPIUL  VULCAN,87175,M,1,1689,1663,26,815,787,26,2,800,15,1850,1035,619,181
22,HUNEDOARA,181,0,Scoala Generala nr.1,MUNICIPIUL  VULCAN,87175,M,1,1253,1242,11,584,573,11,0,570,14,1400,816,448,122
22,HUNEDOARA,182,0,Scoala Generala nr.1,MUNICIPIUL  VULCAN,87175,M,1,1003,991,12,527,513,12,2,522,5,1100,573,391,131
22,HUNEDOARA,183,0,Clubul copiilor si elevilor,MUNICIPIUL  VULCAN,87175,M,1,1041,1025,16,565,549,16,0,558,7,1150,585,413,145
22,HUNEDOARA,184,0,Scoala Generala nr.2,MUNICIPIUL  VULCAN,87175,M,1,884,869,15,424,409,15,0,417,7,980,556,324,93
22,HUNEDOARA,185,0,Scoala Generala nr.3,MUNICIPIUL  VULCAN,87175,M,1,1509,1499,10,849,830,10,9,834,15,1660,811,564,270
22,HUNEDOARA,186,0,"Clubul Sindicatului, str.Libertatii",ORAS ANINOASA,87219,O,1,1933,1899,34,1117,1048,34,35,1095,22,2092,975,836,259
22,HUNEDOARA,187,0,"Stadionul MINERUL Aninoasa, str.Libertatii",ORAS ANINOASA,87219,O,1,803,783,20,488,450,20,18,477,11,870,382,332,145
22,HUNEDOARA,188,0,"Centrul Cultural Iscroni, str.Catanesti nr.326",ORAS ANINOASA,87219,O,1,1301,1276,25,681,623,25,33,674,7,1410,729,441,233
22,HUNEDOARA,189,0,"Consiliul Local Calan, OV, str.Garii nr.1",ORAS CALAN,87424,O,1,1107,1100,7,651,551,7,93,648,3,1200,549,315,333
22,HUNEDOARA,190,0,"Scoala Generala nr.2 , str.Florilor nr.14A",ORAS CALAN,87424,O,1,1244,1233,11,607,596,11,0,597,10,1360,753,228,369
22,HUNEDOARA,191,0,"Scoala Generala nr.1, str.Independentei nr.8",ORAS CALAN,87424,O,1,1721,1703,18,716,698,18,0,706,10,1870,1154,262,444
22,HUNEDOARA,192,0,"Liceul Industrial, str.Ovid Densusanu",ORAS CALAN,87424,O,1,1586,1508,78,750,672,78,0,744,6,1650,900,287,457
22,HUNEDOARA,193,0,"Policlinica ON Calan, str.Independentei",ORAS CALAN,87424,O,1,1463,1431,32,756,724,32,0,750,6,1600,844,250,500
22,HUNEDOARA,194,0,"Consiliul Local Calan ON,str Independentei nr.14",ORAS CALAN,87424,O,1,1571,1558,13,777,764,13,0,769,8,1700,923,330,439
22,HUNEDOARA,195,0,Caminul Cultural Nadastia de Jos,ORAS CALAN,87424,O,1,249,238,11,169,154,11,4,168,1,300,131,61,107
22,HUNEDOARA,196,0,Caminul Cultural Nadastia de Sus,ORAS CALAN,87424,O,1,256,244,12,163,151,12,0,160,3,300,137,105,55
22,HUNEDOARA,197,0,Caminul Cultural Strei,ORAS CALAN,87424,O,1,325,315,10,178,168,10,0,177,1,350,172,73,104
22,HUNEDOARA,198,0,Scoala Primara Batiz,ORAS CALAN,87424,O,1,478,463,15,266,251,15,0,264,2,500,234,102,162
22,HUNEDOARA,199,0,Scoala Primara Sincrai,ORAS CALAN,87424,O,1,291,280,11,151,140,11,0,151,0,300,149,92,59
22,HUNEDOARA,200,0,Scoala Primara Santamaria de Piatra,ORAS CALAN,87424,O,1,143,135,8,98,90,8,0,98,0,150,52,33,65
22,HUNEDOARA,201,0,Caminul Cultural Strei Sacel,ORAS CALAN,87424,O,1,159,150,9,101,92,9,0,99,2,200,99,45,54
22,HUNEDOARA,202,0,Caminul Cultural Streisingiorgiu,ORAS CALAN,87424,O,1,649,639,10,371,361,10,0,366,5,700,329,165,201
22,HUNEDOARA,203,0,Caminul Cultural Valea Singiorgiului,ORAS CALAN,87424,O,1,269,258,11,158,147,11,0,157,1,300,142,53,104
22,HUNEDOARA,204,0,Caminul Cultural Grid,ORAS CALAN,87424,O,1,242,236,6,139,133,6,0,139,0,250,111,114,25
22,HUNEDOARA,205,0,Sediul Primariei Geoagiu,ORAS GEOAGIU,89561,O,1,1213,1202,11,668,598,11,59,664,4,1400,732,285,379
22,HUNEDOARA,206,0,Gradinita nr.1 Geoagiu,ORAS GEOAGIU,89561,O,1,998,974,24,591,556,24,11,587,4,1100,509,367,220
22,HUNEDOARA,207,0,Caminul Cultural Aurel Vlaicu,ORAS GEOAGIU,89561,O,1,697,689,8,396,379,8,9,393,3,800,404,213,180
22,HUNEDOARA,208,0,Caminul Cultural Bozes,ORAS GEOAGIU,89561,O,1,205,198,7,135,128,7,0,133,2,250,115,85,48
22,HUNEDOARA,209,0,Fos sediu CAP Cigmau,ORAS GEOAGIU,89561,O,1,111,103,8,69,59,8,2,68,1,121,52,40,28
22,HUNEDOARA,210,0,Casa de Cultura Geoagiu Bai,ORAS GEOAGIU,89561,O,1,430,420,10,379,220,10,149,379,0,500,121,124,255
22,HUNEDOARA,211,0,Scoala Primara Gelmar,ORAS GEOAGIU,89561,O,1,408,391,17,228,211,17,0,226,2,450,222,119,107
22,HUNEDOARA,212,0,Caminul Cultural Homorod Joseni,ORAS GEOAGIU,89561,O,1,240,229,11,129,118,11,0,129,0,250,121,72,57
22,HUNEDOARA,213,0,Scoala Primara Homorod Suseni,ORAS GEOAGIU,89561,O,1,128,119,9,69,60,9,0,69,0,130,61,34,35
22,HUNEDOARA,214,0,Caminul Cultural Renghet,ORAS GEOAGIU,89561,O,1,225,220,5,127,118,5,4,125,2,250,123,56,69
22,HUNEDOARA,215,0,Sediu Contabilitate Sanatoriu Geoagiu,ORAS GEOAGIU,89561,O,1,83,71,12,242,50,12,180,237,5,350,108,153,84
22,HUNEDOARA,216,0,Scoala Primara Valeni,ORAS GEOAGIU,89561,O,1,62,53,9,23,14,9,0,22,1,63,40,13,9
22,HUNEDOARA,217,0,"Scoala generala Ovid Densusianu,str.Piata Unirii nr.1",ORAS HATEG,87576,O,1,2145,2118,27,1249,1171,27,51,1241,8,2350,1101,563,678
22,HUNEDOARA,218,0,"Scoala Generala Aron Densusianu,str.Independentei nr.2",ORAS HATEG,87576,O,1,2126,2108,18,1098,1062,18,18,1090,8,2350,1250,436,654
22,HUNEDOARA,219,0,"Colegiul National I.C.Bratianu Hateg, str.Muntii Retezat nr.3",ORAS HATEG,87576,O,1,2196,2181,15,1179,1163,15,1,1167,12,2400,1221,442,725
22,HUNEDOARA,220,0,"Cantina Sociala Hateg,str.Horea nr.3",ORAS HATEG,87576,O,1,2037,2018,19,1504,1208,19,277,1493,11,2200,696,613,880
22,HUNEDOARA,221,0,Scoala Primara Nalatvad,ORAS HATEG,87576,O,1,274,273,1,170,169,1,0,170,0,300,130,85,85
22,HUNEDOARA,222,0,Scoala Primara Silvasu de Jos,ORAS HATEG,87576,O,1,363,348,15,248,233,15,0,244,4,400,152,112,132
22,HUNEDOARA,223,0,Scoala Primara Silvasu de Sus,ORAS HATEG,87576,O,1,314,299,15,199,184,15,0,196,3,349,150,104,92
22,HUNEDOARA,224,0,Clubul Petrila,ORAS PETRILA,87077,O,1,1632,1619,13,949,849,13,87,940,9,1800,851,684,256
22,HUNEDOARA,225,0,"SC TERMOPREST SA, str.Privighetorilor nr.14",ORAS PETRILA,87077,O,1,1524,1512,12,784,770,12,2,776,8,1700,916,572,204
22,HUNEDOARA,226,0,"Gradinita nr.1, str.Privighetorilor nr.16",ORAS PETRILA,87077,O,1,1080,1063,17,578,560,17,1,573,5,1200,622,413,160
22,HUNEDOARA,227,0,Scoala Generala ID Sarbu Petrila,ORAS PETRILA,87077,O,1,1441,1415,26,825,786,26,13,814,11,1560,735,578,236
22,HUNEDOARA,228,0,Clubul copiilor Petrila,ORAS PETRILA,87077,O,1,1418,1397,21,752,731,21,0,745,7,1550,798,552,193
22,HUNEDOARA,229,0,Scoala Generala nr.6 Petrila Sectia I,ORAS PETRILA,87077,O,1,1302,1284,18,744,726,18,0,735,9,1400,656,548,187
22,HUNEDOARA,230,0,Scoala Generala nr.6 Petrila Sectia II,ORAS PETRILA,87077,O,1,1025,1008,17,537,520,17,0,531,6,1100,563,370,161
22,HUNEDOARA,231,0,Scoala Generala nr.5 Petrila Sectia I,ORAS PETRILA,87077,O,1,1544,1531,13,828,815,13,0,815,13,1700,872,613,202
22,HUNEDOARA,232,0,Scoala Generala nr.5 Petrila Sectia II,ORAS PETRILA,87077,O,1,1335,1325,10,677,667,10,0,660,17,1450,773,507,153
22,HUNEDOARA,233,0,Gradinita si Cresa Petrila,ORAS PETRILA,87077,O,1,1446,1426,20,695,673,20,2,687,8,1600,905,526,161
22,HUNEDOARA,234,0,Grup Scolar C-tin Brancusi Petrila,ORAS PETRILA,87077,O,1,1031,1011,20,560,540,20,0,552,8,1120,560,394,158
22,HUNEDOARA,235,0,Casa Pensionarilor Lonea,ORAS PETRILA,87077,O,1,1043,1025,18,547,528,18,1,539,8,1150,603,399,140
22,HUNEDOARA,236,0,Scoala Generala ANA COLDA,ORAS PETRILA,87077,O,1,1629,1616,13,867,853,13,1,851,16,1800,933,656,195
22,HUNEDOARA,237,0,Scoala Generala nr.3 Petrila,ORAS PETRILA,87077,O,1,1492,1476,16,871,855,16,0,854,17,1600,729,676,178
22,HUNEDOARA,238,0,Ocol Silvic Petrila,ORAS PETRILA,87077,O,1,1267,1252,15,758,720,15,23,748,10,1400,642,569,179
22,HUNEDOARA,239,0,Scoala Generala nr.4 Petrila,ORAS PETRILA,87077,O,1,586,573,13,311,298,13,0,306,5,600,289,240,66
22,HUNEDOARA,240,0,"Scoala Generala nr.2, str.Avram Iancu nr.17",ORAS SIMERIA,87665,O,1,2126,2091,35,1282,1201,35,46,1268,14,2300,1018,418,850
22,HUNEDOARA,241,0,"Gradinita nr.2, str. 1 Decembrie",ORAS SIMERIA,87665,O,1,2250,2239,11,1287,1247,11,29,1279,8,2503,1216,499,780
22,HUNEDOARA,242,0,"Gradinita Waldorf, str.Cuza Voda nr.2",ORAS SIMERIA,87665,O,1,1577,1563,14,925,907,14,4,920,5,1700,775,326,594
22,HUNEDOARA,243,0,"Ocolul Silvic Simeria, str.Preot Nistor Socaciu nr.3",ORAS SIMERIA,87665,O,1,1252,1230,22,676,652,22,2,671,5,1400,724,247,424
22,HUNEDOARA,244,0,"Scoala Generala nr.1, str.Decebal nr.20",ORAS SIMERIA,87665,O,1,1519,1507,12,926,906,12,8,922,4,1600,674,363,559
22,HUNEDOARA,245,0,"Colegiul Tehnic de Transport Feroviar ANGHEL SALIGNY , str.Soseaua Nationala",ORAS SIMERIA,87665,O,1,1634,1619,15,881,849,15,17,873,8,1800,919,374,499
22,HUNEDOARA,246,0,"Gara CFR Simeria (sala de asteptare clasa I), str.Victoriei",ORAS SIMERIA,87665,O,1,855,821,34,969,465,34,470,960,9,1500,531,328,632
22,HUNEDOARA,247,0,Scoala Generala Santandrei,ORAS SIMERIA,87665,O,1,875,865,10,515,499,10,6,512,3,1000,485,248,264
22,HUNEDOARA,248,0,SC GOSCOMLOC SA Uricani,ORAS URICANI,87139,O,1,1948,1927,21,874,850,21,3,864,10,2130,1256,547,317
22,HUNEDOARA,249,0,Scoala Generala nr.2 Uricani,ORAS URICANI,87139,O,1,1896,1870,26,880,852,26,2,868,10,2100,1220,666,202
22,HUNEDOARA,250,0,Scoala Generla nr.1 Uricani,ORAS URICANI,87139,O,1,2184,2161,23,1028,938,23,67,1016,12,2400,1372,732,284
22,HUNEDOARA,251,0,Casa de Cultura Uricani,ORAS URICANI,87139,O,1,1754,1736,18,855,837,18,0,843,12,1900,1045,618,225
22,HUNEDOARA,252,0,Scoala Primara Cimpu lui Neag,ORAS URICANI,87139,O,1,439,425,14,247,233,14,0,243,4,500,253,108,135
22,HUNEDOARA,253,0,Scoala Generala Baia de Cris,BAIA DE CRIS,87745,C,3,716,710,6,413,395,6,12,407,6,800,387,186,221
22,HUNEDOARA,254,0,Caminul Cultural Lunca,BAIA DE CRIS,87745,C,3,259,255,4,145,141,4,0,145,0,300,155,53,92
22,HUNEDOARA,255,0,Caminul Cultural Carastau,BAIA DE CRIS,87745,C,3,220,212,8,124,116,8,0,124,0,250,126,54,70
22,HUNEDOARA,256,0,Caminul Cultural Risca,BAIA DE CRIS,87745,C,3,134,124,10,135,124,10,1,135,0,250,115,41,94
22,HUNEDOARA,257,0,Caminul Cultural Risculita,BAIA DE CRIS,87745,C,3,505,497,8,234,226,8,0,228,6,550,316,104,124
22,HUNEDOARA,258,0,Caminul Cultural Tebea,BAIA DE CRIS,87745,C,3,664,655,9,367,356,9,2,365,2,700,333,186,179
22,HUNEDOARA,259,0,Sala de sedinta a Primariei Balsa,BALSA,87843,C,3,320,307,13,170,154,13,3,166,4,350,180,80,86
22,HUNEDOARA,260,0,Caminul Cultural Ardeu,BALSA,87843,C,3,53,51,2,42,37,2,3,42,0,60,18,34,8
22,HUNEDOARA,261,0,Caminul Cultural Mada,BALSA,87843,C,3,150,146,4,61,54,4,3,61,0,200,139,40,21
22,HUNEDOARA,262,0,Caminul Cultural Voia,BALSA,87843,C,3,117,112,5,98,77,5,16,96,2,120,22,60,36
22,HUNEDOARA,263,0,Caminul Cultural Valisoara,BALSA,87843,C,3,72,66,6,41,35,6,0,41,0,100,59,30,11
22,HUNEDOARA,264,0,Scoala Generala  Almasu Mic,BALSA,87843,C,3,88,80,8,59,51,8,0,57,2,100,41,26,31
22,HUNEDOARA,265,0,Scoala Generala Poiana,BALSA,87843,C,3,153,144,9,95,80,9,6,95,0,160,65,70,25
22,HUNEDOARA,266,0,Caminul Cultural Poienita,BALSA,87843,C,3,107,101,6,82,73,6,3,82,0,110,28,61,21
22,HUNEDOARA,267,0,Scoala Primara Baru,BARU,87996,C,3,1564,1553,11,913,799,11,103,899,14,1720,807,299,600
22,HUNEDOARA,268,0,Caminul Cultural Livadia,BARU,87996,C,3,565,554,11,313,289,11,13,309,4,610,297,125,184
22,HUNEDOARA,269,0,Caminul Cultural Valea Lupului,BARU,87996,C,3,208,196,12,144,125,12,7,136,8,210,66,80,56
22,HUNEDOARA,270,0,Caminul Cultural Bacia,BACIA,88047,C,3,1291,1285,6,775,737,6,32,768,7,1400,625,355,413
22,HUNEDOARA,271,0,Scoala Primara Totia,BACIA,88047,C,3,76,66,10,62,36,10,16,60,2,100,38,27,33
22,HUNEDOARA,272,0,Caminul Cultural Baita,BAITA,88092,C,3,1123,1114,9,578,551,9,18,571,7,1200,622,301,270
22,HUNEDOARA,273,0,Caminul Cultural Hartagani,BAITA,88092,C,3,772,770,2,384,366,2,16,376,8,850,466,218,158
22,HUNEDOARA,274,0,Scoala primara Cainelu de Sus,BAITA,88092,C,3,405,404,1,247,242,1,4,244,3,450,203,138,106
22,HUNEDOARA,275,0,Scoala Primara Ormindea,BAITA,88092,C,3,561,536,25,294,265,25,4,290,4,600,306,193,97
22,HUNEDOARA,276,0,Caminul Cultural Fizes,BAITA,88092,C,3,282,275,7,170,151,7,12,169,1,300,130,109,60
22,HUNEDOARA,277,0,Scoala Primara Lunca,BAITA,88092,C,3,268,256,12,186,148,12,26,182,4,300,114,113,69
22,HUNEDOARA,278,0,Caminul Cultural Banita,BANITA,87246,C,3,978,973,5,594,550,5,39,589,5,1070,476,358,231
22,HUNEDOARA,279,0,Sediul Primariei Batrana,BATRANA,88216,C,3,147,147,0,105,96,0,9,105,0,160,55,65,40
22,HUNEDOARA,280,0,Caminul Cultural Beriu,BERIU,88261,C,3,509,494,15,284,269,15,0,283,1,550,266,111,172
22,HUNEDOARA,281,0,Scoala Generala Castau,BERIU,88261,C,3,946,925,21,511,489,21,1,503,8,997,486,242,261
22,HUNEDOARA,282,0,Scoala Generala Cucuis,BERIU,88261,C,3,127,114,13,74,61,13,0,73,1,150,76,41,32
22,HUNEDOARA,283,0,Scoala Primara Orastioara de Jos,BERIU,88261,C,3,278,268,10,169,159,10,0,166,3,300,131,81,85
22,HUNEDOARA,284,0,Scoala Primara Sereca,BERIU,88261,C,3,178,172,6,98,92,6,0,98,0,200,102,56,42
22,HUNEDOARA,285,0,Scoala Generala Sibisel,BERIU,88261,C,3,631,612,19,331,312,19,0,329,2,700,369,178,151
22,HUNEDOARA,286,0,Caminul Cultural  Blajeni,BLAJENI,88350,C,3,646,642,4,318,278,4,36,313,5,700,382,158,155
22,HUNEDOARA,287,0,Scoala Primara Cris,BLAJENI,88350,C,3,261,253,8,185,157,8,20,183,2,300,115,139,44
22,HUNEDOARA,288,0,Scoala Generala Blajeni-Vulcan,BLAJENI,88350,C,3,140,118,22,80,58,22,0,78,2,130,50,49,29
22,HUNEDOARA,289,0,Scoala Primara Ret,BLAJENI,88350,C,3,121,117,4,80,61,4,15,80,0,140,60,50,30
22,HUNEDOARA,290,0,Scoala Primara Grosuri,BLAJENI,88350,C,3,156,141,15,77,62,15,0,76,1,160,83,55,21
22,HUNEDOARA,291,0,Caminul Cultural Bosorod,BOSOROD,88449,C,3,793,776,17,516,499,17,0,513,3,900,384,264,249
22,HUNEDOARA,292,0,Caminul Cultural Chitid,BOSOROD,88449,C,3,462,453,9,274,265,9,0,273,1,500,226,120,153
22,HUNEDOARA,293,0,Caminul Cultural Luncani,BOSOROD,88449,C,3,119,110,9,51,37,9,5,51,0,120,69,24,27
22,HUNEDOARA,294,0,Caminul Cultural Ursici,BOSOROD,88449,C,3,84,75,9,30,21,9,0,30,0,100,70,15,15
22,HUNEDOARA,295,0,Caminul Cultural Alunu,BOSOROD,88449,C,3,80,71,9,54,42,9,3,52,2,100,46,41,11
22,HUNEDOARA,296,0,Caminul Cultural Tirsa,BOSOROD,88449,C,3,216,206,10,100,89,10,1,100,0,250,150,67,33
22,HUNEDOARA,297,0,Caminul Cultural Branisca,BRANISCA,88546,C,3,491,466,25,324,261,25,38,324,0,500,176,149,175
22,HUNEDOARA,298,0,Scoala primara Rovina,BRANISCA,88546,C,3,171,148,23,122,99,23,0,121,1,160,38,34,87
22,HUNEDOARA,299,0,Caminul Cultural Boz,BRANISCA,88546,C,3,391,386,5,214,207,5,2,213,1,410,196,116,97
22,HUNEDOARA,300,0,Caminul Cultural Tarnivita,BRANISCA,88546,C,3,154,137,17,86,69,17,0,81,5,150,64,21,60
22,HUNEDOARA,301,0,Caminul Cultural Tarnava,BRANISCA,88546,C,3,159,150,9,80,71,9,0,80,0,200,120,32,48
22,HUNEDOARA,302,0,Caminul Cultural Furcsoara,BRANISCA,88546,C,3,94,87,7,28,20,7,1,25,3,100,72,9,16
22,HUNEDOARA,303,0,Scoala Generala Bretea Romana,BRETEA ROMANA,88644,C,3,229,223,6,136,126,6,4,135,1,250,114,62,73
22,HUNEDOARA,304,0,Caminul Cultural Bretea Streiului,BRETEA ROMANA,88644,C,3,164,142,22,89,67,22,0,89,0,160,71,35,54
22,HUNEDOARA,305,0,Scoala Primara Batalar,BRETEA ROMANA,88644,C,3,195,184,11,128,117,11,0,126,2,200,72,51,75
22,HUNEDOARA,306,0,Scoala Primara Covragiu,BRETEA ROMANA,88644,C,3,158,145,13,79,66,13,0,78,1,160,81,30,48
22,HUNEDOARA,307,0,Caminul Cultural Gintaga,BRETEA ROMANA,88644,C,3,273,267,6,156,150,6,0,153,3,300,144,69,84
22,HUNEDOARA,308,0,Scoala Primara Maceu,BRETEA ROMANA,88644,C,3,303,298,5,139,133,5,1,136,3,330,191,72,64
22,HUNEDOARA,309,0,Scoala Primara Ocolisu Mare,BRETEA ROMANA,88644,C,3,196,185,11,137,126,11,0,136,1,200,63,45,91
22,HUNEDOARA,310,0,Scoala Primara Plopi,BRETEA ROMANA,88644,C,3,226,219,7,123,115,7,1,122,1,240,117,65,57
22,HUNEDOARA,311,0,Scoala Primara Rusi,BRETEA ROMANA,88644,C,3,208,202,6,130,124,6,0,130,0,230,100,64,66
22,HUNEDOARA,312,0,Scoala Primara Vilcelele Bune,BRETEA ROMANA,88644,C,3,371,352,19,217,198,19,0,216,1,400,183,53,163
22,HUNEDOARA,313,0,Scoala Primara Vilcele,BRETEA ROMANA,88644,C,3,209,198,11,121,110,11,0,121,0,220,99,60,61
22,HUNEDOARA,314,0,Caminul Cultural Buces,BUCES,88788,C,3,185,175,10,130,112,10,8,127,3,200,70,63,64
22,HUNEDOARA,315,0,Scoala Primara Buces Vulcan,BUCES,88788,C,3,231,226,5,171,150,5,16,170,1,250,79,128,42
22,HUNEDOARA,316,0,Caminul Cultural Dupapiatra,BUCES,88788,C,3,547,537,10,323,291,10,22,320,3,640,317,151,169
22,HUNEDOARA,317,0,Caminul Cultural Grohotele,BUCES,88788,C,3,186,170,16,135,111,16,8,133,2,200,65,70,63
22,HUNEDOARA,318,0,Scoala Primara Mihaileni,BUCES,88788,C,3,416,409,7,325,305,7,13,323,2,450,125,170,153
22,HUNEDOARA,319,0,Scoala Primara Stanija,BUCES,88788,C,3,394,372,22,257,224,22,11,256,1,400,143,120,136
22,HUNEDOARA,320,0,Scoala Generala SABIN OPREAN Bucuresci,BUCURESCI,88868,C,3,551,549,2,279,274,2,3,277,2,600,321,146,131
22,HUNEDOARA,321,0,Caminul Cultural Curechiu,BUCURESCI,88868,C,3,348,344,4,185,176,4,5,185,0,400,215,108,77
22,HUNEDOARA,322,0,Scoala Primara Rovina,BUCURESCI,88868,C,3,179,173,6,95,88,6,1,94,1,200,105,56,38
22,HUNEDOARA,323,0,Caminul Cultural Merisor,BUCURESCI,88868,C,3,101,95,6,59,53,6,0,59,0,100,41,31,28
22,HUNEDOARA,324,0,Caminul Cultural Sesuri,BUCURESCI,88868,C,3,411,406,5,260,255,5,0,258,2,450,190,136,122
22,HUNEDOARA,325,0,"Sediul Primariei Bulzestii de Sus,str.Principala nr.35",BULZESTII DE SUS,88920,C,3,218,215,3,106,96,3,7,103,3,250,144,54,49
22,HUNEDOARA,326,0,Scoala generala Bulzestii de Jos,BULZESTII DE SUS,88920,C,3,145,128,17,64,46,17,1,63,1,140,76,23,40
22,HUNEDOARA,327,0,Caminul Cultural Bunila,BUNILA,89026,C,3,108,98,10,58,47,10,1,58,0,110,52,42,16
22,HUNEDOARA,328,0,Scoala Generala Poienita Voinii,BUNILA,89026,C,3,95,86,9,64,55,9,0,64,0,100,36,34,30
22,HUNEDOARA,329,0,Dispensaru Medical Cernisoara Florese,BUNILA,89026,C,3,177,169,8,153,124,8,21,153,0,200,47,107,46
22,HUNEDOARA,330,0,Caminul Cultural Vadu Dobrii,BUNILA,89026,C,3,37,29,8,37,18,8,11,37,0,50,13,15,22
22,HUNEDOARA,331,0,Caminul Cultural Burjuc,BURJUC,89080,C,3,158,154,4,103,89,4,10,101,2,200,97,47,54
22,HUNEDOARA,332,0,Caminul Cultural Tatarasti,BURJUC,89080,C,3,133,133,0,92,70,0,22,91,1,150,58,37,54
22,HUNEDOARA,333,0,Scoala Generala Tisa,BURJUC,89080,C,3,120,119,1,94,68,1,25,94,0,130,36,41,53
22,HUNEDOARA,334,0,Scola Generala Glodghilesti,BURJUC,89080,C,3,173,173,0,96,96,0,0,95,1,200,104,47,48
22,HUNEDOARA,335,0,Scoala Generala Bradatel,BURJUC,89080,C,3,182,168,14,96,78,14,4,94,2,180,84,52,42
22,HUNEDOARA,336,0,Casa Comunala Cerbal,CERBAL,89151,C,3,219,215,4,119,97,4,18,118,1,300,181,56,62
22,HUNEDOARA,337,0,Scoala Primara Poienita Tomii,CERBAL,89151,C,3,184,181,3,120,114,3,3,118,2,200,80,98,20
22,HUNEDOARA,338,0,Scoala Primara Poiana Rachitelii,CERBAL,89151,C,3,144,138,6,115,99,6,10,114,1,150,35,86,28
22,HUNEDOARA,339,0,Caminul Cultural Certeju de Sus,CERTEJU DE SUS,89240,C,3,1251,1247,4,698,684,4,10,698,0,1400,702,360,338
22,HUNEDOARA,340,0,Caminul Cultural Hondol,CERTEJU DE SUS,89240,C,3,439,434,5,238,212,5,21,236,2,500,262,101,135
22,HUNEDOARA,341,0,Scoala Generala Bocsa Mica,CERTEJU DE SUS,89240,C,3,120,112,8,86,69,8,9,85,1,130,44,47,38
22,HUNEDOARA,342,0,Caminul Cultural Sacaramb,CERTEJU DE SUS,89240,C,3,169,162,7,73,66,7,0,71,2,200,127,42,29
22,HUNEDOARA,343,0,Scoala Generala Magura-Toplita,CERTEJU DE SUS,89240,C,3,118,111,7,69,62,7,0,68,1,150,81,49,19
22,HUNEDOARA,344,0,Scoala Generala Toplita-Muresului,CERTEJU DE SUS,89240,C,3,75,69,6,48,40,6,2,48,0,100,52,31,17
22,HUNEDOARA,345,0,Scoala Generala Nojag,CERTEJU DE SUS,89240,C,3,251,238,13,135,112,13,10,133,2,250,115,79,54
22,HUNEDOARA,346,0,Scoala Generala Varmaga,CERTEJU DE SUS,89240,C,3,303,292,11,178,166,11,1,175,3,330,152,84,91
22,HUNEDOARA,347,0,Primaria Comunei Carjiti,CARJITI,86749,C,3,120,116,4,73,68,4,1,73,0,130,57,19,54
22,HUNEDOARA,348,0,Caminul Cultural Gherghes,CARJITI,86749,C,3,92,83,9,64,53,9,2,64,0,100,36,35,29
22,HUNEDOARA,349,0,Caminul Cultural Popesti,CARJITI,86749,C,3,137,132,5,101,96,5,0,100,1,150,49,49,51
22,HUNEDOARA,350,0,Caminul Cultural Almasu-Sec,CARJITI,86749,C,3,147,143,4,128,101,4,23,128,0,150,22,52,76
22,HUNEDOARA,351,0,Caminul Cultural Cozia,CARJITI,86749,C,3,139,136,3,82,77,3,2,82,0,150,68,16,66
22,HUNEDOARA,352,0,Caminul Cultural Criscior,CRISCIOR,87362,C,3,1737,1711,26,791,765,26,0,783,8,1900,1109,408,375
22,HUNEDOARA,353,0,Clubul Sindical Criscior Gura Barza,CRISCIOR,87362,C,3,1089,946,143,718,528,143,47,712,6,1050,332,407,305
22,HUNEDOARA,354,0,Caminul Cultural Zdrapti,CRISCIOR,87362,C,3,825,820,5,479,471,5,3,475,4,900,421,256,219
22,HUNEDOARA,355,0,Vechiul sediu al Primariei Densus,DENSUS,89348,C,3,549,539,10,306,268,10,28,301,5,600,294,201,100
22,HUNEDOARA,356,0,Scoala Primara Pesteana,DENSUS,89348,C,3,331,321,10,192,180,10,2,190,2,350,158,81,109
22,HUNEDOARA,357,0,Scoala Primara Pestenita,DENSUS,89348,C,3,270,255,15,189,166,15,8,189,0,300,111,123,66
22,HUNEDOARA,358,0,Caminul Cultural Stei,DENSUS,89348,C,3,240,228,12,129,117,12,0,127,2,250,121,89,38
22,HUNEDOARA,359,0,Scoala primara Poieni,DENSUS,89348,C,3,104,91,13,71,58,13,0,71,0,100,29,46,25
22,HUNEDOARA,360,0,Caminul Cultural Dobra,DOBRA,89428,C,3,1327,1321,6,771,667,6,98,764,7,1450,679,392,372
22,HUNEDOARA,361,0,Caminul Cultural Lapusnic,DOBRA,89428,C,3,388,383,5,252,220,5,27,251,1,420,168,106,145
22,HUNEDOARA,362,0,Caminul Cultural Radulesti,DOBRA,89428,C,3,183,178,5,125,107,5,13,124,1,200,75,78,46
22,HUNEDOARA,363,0,Caminul Cultural Stancesti,DOBRA,89428,C,3,117,110,7,68,50,7,11,68,0,120,52,52,16
22,HUNEDOARA,364,0,Caminul Cultural Roscani,DOBRA,89428,C,3,633,629,4,329,323,4,2,316,13,700,371,190,126
22,HUNEDOARA,365,0,Caminul Cultural Panc,DOBRA,89428,C,3,206,204,2,135,117,2,16,135,0,230,95,46,89
22,HUNEDOARA,366,0,Primaria General Berthelot Sala de Sedinte a Consiliului Local,GENERAL BERTHELOT,91731,C,3,579,574,5,337,318,5,14,333,4,630,293,167,166
22,HUNEDOARA,367,0,Scoala Primara Tustea,GENERAL BERTHELOT,91731,C,3,248,231,17,162,141,17,4,162,0,250,88,59,103
22,HUNEDOARA,368,0,"Sala de sedinta Primaria comunei Ghelari ,str.Rusca nr.5 Satul Ghelari",GHELARI,86883,C,3,778,764,14,425,410,14,1,425,0,820,395,263,162
22,HUNEDOARA,369,0,"Clubul Minerul ,cart.Cut,Ghelari",GHELARI,86883,C,3,953,928,25,497,471,25,1,487,10,1020,523,338,149
22,HUNEDOARA,370,0,Caminul Cultural Ruda,GHELARI,86883,C,3,181,174,7,122,115,7,0,118,4,200,78,91,27
22,HUNEDOARA,371,0,Caminul Cultural Plop,GHELARI,86883,C,3,33,25,8,24,12,8,4,22,2,30,6,17,5
22,HUNEDOARA,372,0,Dispensarul uman Govajdia,GHELARI,86883,C,3,99,87,12,51,36,12,3,51,0,100,49,35,16
22,HUNEDOARA,373,0,Caminul Cultural Gurasada,GURASADA,89687,C,3,717,708,9,365,342,9,14,364,1,828,463,189,175
22,HUNEDOARA,374,0,Caminul Cultural Cimpuri Surduc,GURASADA,89687,C,3,389,381,8,200,187,8,5,199,1,440,240,106,93
22,HUNEDOARA,375,0,Caminul Cultural Boiu de Sus,GURASADA,89687,C,3,169,162,7,96,86,7,3,93,3,180,84,58,35
22,HUNEDOARA,376,0,Caminul Cultural Carmazanesti,GURASADA,89687,C,3,170,164,6,77,70,6,1,75,2,200,123,54,21
22,HUNEDOARA,377,0,Caminul Cultural Harau,HARAU,89801,C,3,530,523,7,316,309,7,0,315,1,580,264,145,170
22,HUNEDOARA,378,0,Scoala Generala Birsau,HARAU,89801,C,3,419,416,3,227,219,3,5,225,2,480,253,93,132
22,HUNEDOARA,379,0,Caminul Cultural Banpotoc,HARAU,89801,C,3,377,375,2,234,232,2,0,228,6,400,166,78,150
22,HUNEDOARA,380,0,Punctul Sanitar din Chimindia,HARAU,89801,C,3,288,285,3,164,161,3,0,164,0,300,136,82,82
22,HUNEDOARA,381,0,Caminul Cultural Ilia,ILIA,89856,C,3,1477,1463,14,949,793,14,142,937,12,1600,651,384,553
22,HUNEDOARA,382,0,Caminul Cultural Bretea Muresana,ILIA,89856,C,3,519,507,12,325,268,12,45,318,7,560,235,126,192
22,HUNEDOARA,383,0,"Fostul sediu CAP, Sirbi",ILIA,89856,C,3,511,501,10,313,273,10,30,305,8,550,237,154,151
22,HUNEDOARA,384,0,Caminul Cultural Bacea,ILIA,89856,C,3,303,293,10,219,184,10,25,216,3,330,111,56,160
22,HUNEDOARA,385,0,Caminul Cultural Braznic,ILIA,89856,C,3,500,500,0,391,335,0,56,390,1,500,109,101,289
22,HUNEDOARA,386,0,Caminul Cultural Lapugiu de Jos,LAPUGIU DE JOS,89954,C,3,464,454,10,280,199,10,71,276,4,500,220,169,107
22,HUNEDOARA,387,0,Caminul Cultural Ohaba,LAPUGIU DE JOS,89954,C,3,440,432,8,141,131,8,2,140,1,500,359,71,69
22,HUNEDOARA,388,0,Caminul Cultural Lapugiu de Sus,LAPUGIU DE JOS,89954,C,3,350,335,15,233,216,15,2,228,5,370,137,134,94
22,HUNEDOARA,389,0,Scoala Primara Lelese,LELESE,90066,C,3,178,174,4,109,96,4,9,107,2,200,91,72,35
22,HUNEDOARA,390,0,Caminul Cultural Cerisor,LELESE,90066,C,3,99,88,11,72,52,11,9,72,0,100,28,57,15
22,HUNEDOARA,391,0,Scoala Primara Runcu Mare,LELESE,90066,C,3,127,122,5,77,67,5,5,77,0,149,72,39,38
22,HUNEDOARA,392,0,SCoala Generala Lunca Cernii de Jos,LUNCA CERNII DE JOS,90119,C,3,502,461,41,281,218,41,22,274,7,500,219,171,103
22,HUNEDOARA,393,0,Caminul Cultural Negoiu,LUNCA CERNII DE JOS,90119,C,3,213,196,17,101,76,17,8,101,0,220,119,59,42
22,HUNEDOARA,394,0,Caminul Cultural Meria,LUNCA CERNII DE JOS,90119,C,3,298,285,13,113,98,13,2,113,0,300,187,70,43
22,HUNEDOARA,395,0,Caminul Cultural Luncoiu de Jos,LUNCOIU DE JOS,90208,C,3,939,933,6,536,530,6,0,530,6,1020,484,292,238
22,HUNEDOARA,396,0,Caminul Cultural Luncoiu de Sus,LUNCOIU DE JOS,90208,C,3,744,739,5,371,362,5,4,368,3,820,449,227,141
22,HUNEDOARA,397,0,Caminul Cultural Martinesti,MARTINESTI,90262,C,3,212,202,10,131,117,10,4,131,0,230,99,61,70
22,HUNEDOARA,398,0,Caminul Cultural Dincu Mare,MARTINESTI,90262,C,3,217,208,9,153,122,9,22,149,4,230,77,82,67
22,HUNEDOARA,399,0,Caminul Cultural Dincu Mic,MARTINESTI,90262,C,3,112,105,7,78,59,7,12,77,1,120,42,31,46
22,HUNEDOARA,400,0,Caminul Cultural Jeledinti,MARTINESTI,90262,C,3,224,218,6,98,90,6,2,98,0,250,152,35,63
22,HUNEDOARA,401,0,Caminul Cultural Tamasasa,MARTINESTI,90262,C,3,118,110,8,59,51,8,0,57,2,120,61,27,30
22,HUNEDOARA,402,0,Scoala Generala Orastioara de Sus,ORASTIOARA DE SUS,90342,O,3,451,440,11,230,202,11,17,229,1,500,270,126,103
22,HUNEDOARA,403,0,Scoala Primara Bucium,ORASTIOARA DE SUS,90342,O,3,291,284,7,163,139,7,17,161,2,300,137,78,83
22,HUNEDOARA,404,0,Scoala Primara Ludestii de Jos,ORASTIOARA DE SUS,90342,O,3,304,296,8,151,137,8,6,149,2,350,199,66,83
22,HUNEDOARA,405,0,Scoala Primara Costesti,ORASTIOARA DE SUS,90342,O,3,248,244,4,256,244,4,8,255,1,500,244,129,126
22,HUNEDOARA,406,0,Scoala Primara Gradistea de Munte,ORASTIOARA DE SUS,90342,O,3,164,159,5,80,66,5,9,80,0,200,120,34,46
22,HUNEDOARA,407,0,Scoala Primara Ocolisu Mic,ORASTIOARA DE SUS,90342,O,3,322,312,10,201,179,10,12,199,2,350,149,83,116
22,HUNEDOARA,408,0,Scoala Primara Pestisu Mic,PESTISU MIC,90431,C,3,165,151,14,118,99,14,5,118,0,170,52,53,65
22,HUNEDOARA,409,0,Caminul Cultural Almasu Mic,PESTISU MIC,90431,C,3,71,59,12,51,35,12,4,51,0,70,19,24,27
22,HUNEDOARA,410,0,Caminul Cultural Ciulpaz,PESTISU MIC,90431,C,3,102,99,3,62,50,3,9,62,0,110,48,39,23
22,HUNEDOARA,411,0,Scoala Primara Josani,PESTISU MIC,90431,C,3,173,165,8,127,119,8,0,124,3,199,72,55,69
22,HUNEDOARA,412,0,Scoala Primara Manerau,PESTISU MIC,90431,C,3,238,235,3,191,153,3,35,189,2,250,59,87,102
22,HUNEDOARA,413,0,Scoala Primara Nandru,PESTISU MIC,90431,C,3,160,151,9,114,105,9,0,114,0,170,56,54,60
22,HUNEDOARA,414,0,Scoala Primara Valea Nandrului,PESTISU MIC,90431,C,3,133,125,8,86,78,8,0,85,1,150,64,45,40
22,HUNEDOARA,415,0,Caminul Cultural Pui,PUI,90538,C,3,649,647,2,342,335,2,5,341,1,750,408,102,239
22,HUNEDOARA,416,0,Caminul Cultural Rusor,PUI,90538,C,3,245,235,10,149,139,10,0,148,1,250,101,78,70
22,HUNEDOARA,417,0,Scoala Generala Baiesti,PUI,90538,C,3,198,191,7,136,120,7,9,134,2,220,84,55,79
22,HUNEDOARA,418,0,Scoala Primara Galati,PUI,90538,C,3,388,382,6,207,201,6,0,205,2,430,223,111,94
22,HUNEDOARA,419,0,Scoala Primara Fizesti,PUI,90538,C,3,358,347,11,156,145,11,0,153,3,370,214,74,79
22,HUNEDOARA,420,0,Scoala Primara Serel,PUI,90538,C,3,410,403,7,226,216,7,3,222,4,450,224,119,103
22,HUNEDOARA,421,0,Scoala Generala Riu-Barbat,PUI,90538,C,3,169,163,6,120,102,6,12,120,0,200,80,58,62
22,HUNEDOARA,422,0,Scoala Primara Hobita,PUI,90538,C,3,153,135,18,106,88,18,0,105,1,150,44,68,37
22,HUNEDOARA,423,0,Scoala Primara Uric,PUI,90538,C,3,235,229,6,147,141,6,0,147,0,250,103,100,47
22,HUNEDOARA,424,0,Scoala Generala Ponor,PUI,90538,C,3,341,334,7,157,150,7,0,155,2,380,223,82,73
22,HUNEDOARA,425,0,Scoala Primara Ohaba Ponor,PUI,90538,C,3,250,240,10,117,107,10,0,116,1,300,183,54,62
22,HUNEDOARA,426,0,Scoala Primara Federi,PUI,90538,C,3,270,262,8,80,72,8,0,80,0,300,220,35,45
22,HUNEDOARA,427,0,Primaria Rapoltu Mare (sala festiva),RAPOLTU MARE,90663,C,3,860,852,8,496,470,8,18,496,0,920,424,192,304
22,HUNEDOARA,428,0,Caminul Cultural Bobilna nr.213,RAPOLTU MARE,90663,C,3,413,413,0,218,211,0,7,214,4,470,252,96,118
22,HUNEDOARA,429,0,"Scoala Primara Folt, nr.73",RAPOLTU MARE,90663,C,3,279,276,3,140,131,3,6,138,2,300,160,61,77
22,HUNEDOARA,430,0,Primaria Comunei Rachitova,RACHITOVA,90725,C,3,626,624,2,325,311,2,12,323,2,700,375,217,106
22,HUNEDOARA,431,0,Scoala Primara Boita,RACHITOVA,90725,C,3,394,390,4,231,224,4,3,229,2,452,221,104,125
22,HUNEDOARA,432,0,Scoala Primara Valioara,RACHITOVA,90725,C,3,213,206,7,127,117,7,3,127,0,230,103,64,63
22,HUNEDOARA,433,0,Caminul Cultural Ribita,RIBITA,90805,C,3,552,549,3,322,319,3,0,318,4,600,278,215,103
22,HUNEDOARA,434,0,Caminul Cultural Crisan,RIBITA,90805,C,3,442,441,1,308,288,1,19,304,4,500,192,177,127
22,HUNEDOARA,435,0,Scoala Primara Dumbrava de Jos,RIBITA,90805,C,3,217,214,3,126,116,3,7,126,0,232,106,40,86
22,HUNEDOARA,436,0,Scoala Primara Dumbrava de Sus,RIBITA,90805,C,3,72,70,2,27,24,2,1,25,2,100,73,4,21
22,HUNEDOARA,437,0,Caminul Cultural Uibaresti,RIBITA,90805,C,3,81,81,0,56,56,0,0,56,0,102,46,41,15
22,HUNEDOARA,438,0,Scoala Generala Riu de Mori,RAU DE MORI,90878,C,3,709,706,3,387,338,3,46,384,3,730,343,179,205
22,HUNEDOARA,439,0,Scoala Generala Clopotiva,RAU DE MORI,90878,C,3,735,715,20,423,388,20,15,420,3,749,326,186,234
22,HUNEDOARA,440,0,Caminul Cultural Ostovu Mare,RAU DE MORI,90878,C,3,401,393,8,276,244,8,24,276,0,430,154,86,190
22,HUNEDOARA,441,0,Scoala Generala Unciuc,RAU DE MORI,90878,C,3,154,143,11,110,90,11,9,109,1,170,60,50,59
22,HUNEDOARA,442,0,Scoala Generala Valea Diljii,RAU DE MORI,90878,C,3,241,231,10,163,145,10,8,162,1,250,87,44,118
22,HUNEDOARA,443,0,Scoala Generala Ohaba Sibisel,RAU DE MORI,90878,C,3,301,293,8,148,135,8,5,148,0,330,182,57,91
22,HUNEDOARA,444,0,Scoala Generala Brazi,RAU DE MORI,90878,C,3,220,161,59,205,93,59,53,204,1,250,45,96,108
22,HUNEDOARA,445,0,Scoala generala clasele I-IV Romos,ROMOS,90994,C,3,974,963,11,603,575,11,17,598,5,1050,447,164,434
22,HUNEDOARA,446,0,Scoala Primara Romosel,ROMOS,90994,C,3,669,656,13,367,349,13,5,361,6,700,333,116,245
22,HUNEDOARA,447,0,Scoala Primara Vaidei,ROMOS,90994,C,3,537,522,15,315,300,15,0,311,4,600,285,130,181
22,HUNEDOARA,448,0,Scoala Primara Pischinti,ROMOS,90994,C,3,213,207,6,178,160,6,12,176,2,250,72,66,110
22,HUNEDOARA,449,0,Caminul Cultural Sarmizegetusa,SARMIZEGETUSA,91054,C,3,553,543,10,381,344,10,27,378,3,600,219,149,229
22,HUNEDOARA,450,0,Scoala Generala Breazova,SARMIZEGETUSA,91054,C,3,154,140,14,117,103,14,0,116,1,160,43,60,56
22,HUNEDOARA,451,0,Scoala Generala Hobita,SARMIZEGETUSA,91054,C,3,139,127,12,113,91,12,10,112,1,150,37,24,88
22,HUNEDOARA,452,0,Caminul Cultural Paucinesti,SARMIZEGETUSA,91054,C,3,187,179,8,127,112,8,7,127,0,200,73,33,94
22,HUNEDOARA,453,0,Scoala Generala Zeicani,SARMIZEGETUSA,91054,C,3,146,136,10,80,70,10,0,77,3,150,70,21,56
22,HUNEDOARA,454,0,Sala de Sedinte a Consiliului Local Salasu de Sus,SALASU DE SUS,91116,C,3,552,543,9,313,296,9,8,312,1,700,387,138,174
22,HUNEDOARA,455,0,Scoala Generala Salasu de Jos,SALASU DE SUS,91116,C,3,243,228,15,159,144,15,0,156,3,220,61,59,97
22,HUNEDOARA,456,0,Scoala Generala Ohaba de Sub Piatra,SALASU DE SUS,91116,C,3,214,202,12,136,111,12,13,135,1,220,84,65,70
22,HUNEDOARA,457,0,Caminul Cultural Riu Alb,SALASU DE SUS,91116,C,3,179,173,6,111,100,6,5,106,5,200,89,65,41
22,HUNEDOARA,458,0,Caminul Cultural Coroiesti,SALASU DE SUS,91116,C,3,345,333,12,170,158,12,0,169,1,350,180,102,67
22,HUNEDOARA,459,0,Scoala Generala Paros,SALASU DE SUS,91116,C,3,337,327,10,197,181,10,6,196,1,350,153,127,69
22,HUNEDOARA,460,0,Scoala Generala Nucsoara,SALASU DE SUS,91116,C,3,415,409,6,208,200,6,2,206,2,450,242,111,95
22,HUNEDOARA,461,0,Caminul Cultural Santamaria Orlea,SANTAMARIA-ORLEA,91232,C,3,559,552,7,407,325,7,75,402,5,600,193,166,236
22,HUNEDOARA,462,0,Scoala primara Subcetate,SANTAMARIA-ORLEA,91232,C,3,607,597,10,408,356,10,42,406,2,700,292,238,168
22,HUNEDOARA,463,0,Caminul Cultural Balomir,SANTAMARIA-ORLEA,91232,C,3,273,261,12,174,159,12,3,172,2,300,126,114,58
22,HUNEDOARA,464,0,Scoala Cipoeia,SANTAMARIA-ORLEA,91232,C,3,348,340,8,179,161,8,10,178,1,380,201,119,59
22,HUNEDOARA,465,0,Scoala Sacel,SANTAMARIA-ORLEA,91232,C,3,610,604,6,297,276,6,15,294,3,650,353,110,184
22,HUNEDOARA,466,0,Scoala Sinpetru,SANTAMARIA-ORLEA,91232,C,3,214,205,9,129,118,9,2,128,1,220,91,56,72
22,HUNEDOARA,467,0,Caminul Cultural Soimus,SOIMUS,91330,C,3,965,951,14,580,555,14,11,575,5,1000,420,327,248
22,HUNEDOARA,468,0,Scoala Generala Paulis,SOIMUS,91330,C,3,787,769,18,470,452,18,0,467,3,850,380,226,241
22,HUNEDOARA,469,0,Caminul Cultural Boholt,SOIMUS,91330,C,3,281,275,6,204,198,6,0,199,5,300,96,90,109
22,HUNEDOARA,470,0,Scoala Primara Fornadie,SOIMUS,91330,C,3,219,209,10,144,132,10,2,140,4,250,106,81,59
22,HUNEDOARA,471,0,Scoala Primara Sulighete,SOIMUS,91330,C,3,262,257,5,189,183,5,1,186,3,300,111,135,51
22,HUNEDOARA,472,0,Caminul Cultural Balata,SOIMUS,91330,C,3,319,309,10,186,173,10,3,184,2,350,164,103,81
22,HUNEDOARA,473,0,Primaria Comunei Teliucu Inferior,TELIUCU INFERIOR,86936,C,3,1245,1230,15,692,643,15,34,685,7,1360,668,357,328
22,HUNEDOARA,474,0,Caminul Cultural Cincis-Cerna,TELIUCU INFERIOR,86936,C,3,593,567,26,398,344,26,28,395,3,620,222,218,177
22,HUNEDOARA,475,0,Caminul Cultural Izvoarele,TELIUCU INFERIOR,86936,C,3,117,105,12,96,65,12,19,94,2,120,24,73,21
22,HUNEDOARA,476,0,Scoala Generala Teliucu Superior,TELIUCU INFERIOR,86936,C,3,109,101,8,89,78,8,3,86,3,110,21,38,48
22,HUNEDOARA,477,0,Scoala Generala Colonia Frontul 2 (Teliucu Superior),TELIUCU INFERIOR,86936,C,3,128,111,17,97,80,17,0,96,1,120,23,64,32
22,HUNEDOARA,478,0,Sediul Primariei Tomesti,TOMESTI,91447,C,3,691,691,0,326,323,0,3,324,2,750,424,185,139
22,HUNEDOARA,479,0,Caminul Cultural Dobrot,TOMESTI,91447,C,3,406,406,0,264,257,0,7,260,4,450,186,104,156
22,HUNEDOARA,480,0,Primaria Comunei Toplita,TOPLITA,91535,C,3,160,156,4,99,92,4,3,99,0,180,81,55,44
22,HUNEDOARA,481,0,Caminul Cultural Hasdau,TOPLITA,91535,C,3,332,321,11,224,213,11,0,220,4,350,126,92,128
22,HUNEDOARA,482,0,Caminul Cultural Dabica,TOPLITA,91535,C,3,162,157,5,122,111,5,6,120,2,200,78,72,48
22,HUNEDOARA,483,0,Caminul Cultural Dealu Mic,TOPLITA,91535,C,3,47,45,2,33,31,2,0,32,1,50,17,20,12
22,HUNEDOARA,484,0,Caminul cultural Valari,TOPLITA,91535,C,3,46,37,9,34,25,9,0,33,1,50,16,23,10
22,HUNEDOARA,485,0,Caminul cultural Goles,TOPLITA,91535,C,3,27,18,9,19,6,9,4,18,1,30,11,10,8
22,HUNEDOARA,486,0,Caminul Cultural Totesti,TOTESTI,91624,C,3,388,373,15,275,259,15,1,274,1,400,125,156,118
22,HUNEDOARA,487,0,Caminul Cultural Cirnesti,TOTESTI,91624,C,3,425,425,0,301,289,0,12,295,6,480,179,123,172
22,HUNEDOARA,488,0,Caminul Cultural Reea,TOTESTI,91624,C,3,227,220,7,208,201,7,0,201,7,350,142,134,67
22,HUNEDOARA,489,0,Caminul Cultural Paclisa,TOTESTI,91624,C,3,446,434,12,329,301,12,16,325,4,480,151,181,144
22,HUNEDOARA,490,0,Scoala Primara Turdas,TURDAS,91688,C,3,405,399,6,281,265,6,10,277,4,450,169,114,163
22,HUNEDOARA,491,0,Caminul Cultural Pricaz,TURDAS,91688,C,3,936,930,6,537,528,6,3,532,5,1000,463,296,236
22,HUNEDOARA,492,0,Scoala Primara Spini,TURDAS,91688,C,3,203,193,10,120,109,10,1,117,3,249,129,46,71
22,HUNEDOARA,493,0,Cladire administrativa nr.35 Ripas,TURDAS,91688,C,3,54,43,11,39,28,11,0,39,0,51,12,26,13
22,HUNEDOARA,494,0,Scoala Generala Vata de Jos,VATA DE JOS,91795,C,3,533,501,32,323,291,32,0,319,4,550,227,155,164
22,HUNEDOARA,495,0,Scoala Primara Birtin,VATA DE JOS,91795,C,3,257,247,10,152,135,10,7,149,3,281,129,78,71
22,HUNEDOARA,496,0,Scoala Primara Basarabasa,VATA DE JOS,91795,C,3,235,228,7,115,105,7,3,115,0,280,165,55,60
22,HUNEDOARA,497,0,Scoala Primara Brotuna,VATA DE JOS,91795,C,3,235,226,9,165,152,9,4,162,3,279,114,104,58
22,HUNEDOARA,498,0,Scoala Primara Cazanesti,VATA DE JOS,91795,C,3,212,205,7,110,99,7,4,108,2,250,140,45,63
22,HUNEDOARA,499,0,Scoala Primara Ciungani,VATA DE JOS,91795,C,3,257,249,8,117,104,8,5,116,1,280,163,67,49
22,HUNEDOARA,500,0,Scoala Primara Ociu,VATA DE JOS,91795,C,3,276,269,7,153,134,7,12,152,1,300,147,47,105
22,HUNEDOARA,501,0,Scoala primara Ocisor,VATA DE JOS,91795,C,3,202,191,11,107,92,11,4,104,3,250,143,46,58
22,HUNEDOARA,502,0,Scoala primara Prihodiste,VATA DE JOS,91795,C,3,230,225,5,139,133,5,1,137,2,270,131,72,65
22,HUNEDOARA,503,0,Scoala Primara Pravaleni,VATA DE JOS,91795,C,3,295,287,8,150,138,8,4,149,1,330,180,54,95
22,HUNEDOARA,504,0,Scoala Primara Tirnava de Cris,VATA DE JOS,91795,C,3,524,519,5,267,255,5,7,265,2,580,313,123,142
22,HUNEDOARA,505,0,Scoala Primara Tatarastii de Cris,VATA DE JOS,91795,C,3,140,133,7,85,78,7,0,84,1,170,85,55,29
22,HUNEDOARA,506,0,Scoala primara Vata de Sus,VATA DE JOS,91795,C,3,294,287,7,154,139,7,8,152,2,350,196,72,80
22,HUNEDOARA,507,0,"Caminul Cultural Valisoara, nr.193",VALISOARA,91937,C,3,705,701,4,372,368,4,0,371,1,750,378,180,191
22,HUNEDOARA,508,0,"Caminul Cultural Dealu Mare, nr.87",VALISOARA,91937,C,3,215,209,6,119,113,6,0,116,3,250,131,60,56
22,HUNEDOARA,509,0,"Caminul Cultural Salistioara , nr.49",VALISOARA,91937,C,3,281,275,6,146,140,6,0,143,3,300,154,66,77
22,HUNEDOARA,510,0,Primaria Comunei Vetel,VETEL,91982,C,3,437,427,10,239,223,10,6,237,2,471,232,108,129
22,HUNEDOARA,511,0,Gradinita de copii Vetel,VETEL,91982,C,3,275,258,17,178,151,17,10,175,3,300,122,66,109
22,HUNEDOARA,512,0,Scoala Generala Mintia,VETEL,91982,C,3,594,537,57,393,282,57,54,388,5,600,207,156,232
22,HUNEDOARA,513,0,Caminul Cultural Lesnic,VETEL,91982,C,3,407,401,6,270,232,6,32,269,1,451,181,117,152
22,HUNEDOARA,514,0,Scoala primara Herepeia,VETEL,91982,C,3,107,86,21,93,61,21,11,93,0,100,7,29,64
22,HUNEDOARA,515,0,Scoala primara Bretelin,VETEL,91982,C,3,40,30,10,34,16,10,8,33,1,50,16,11,22
22,HUNEDOARA,516,0,Scoala primara Muncelu Mic,VETEL,91982,C,3,137,126,11,89,54,11,24,86,3,150,61,56,30
22,HUNEDOARA,517,0,Caminul Cultural Muncelu Mare,VETEL,91982,C,3,111,102,9,47,33,9,5,45,2,120,73,21,24
22,HUNEDOARA,518,0,Scoala Primara Vorta,VORTA,92097,C,3,197,191,6,138,122,6,10,136,2,200,62,84,52
22,HUNEDOARA,519,0,Scoala Generala Visca,VORTA,92097,C,3,370,359,11,253,234,11,8,251,2,400,147,96,155
22,HUNEDOARA,520,0,Caminul Cultural Valea Poienii,VORTA,92097,C,3,163,158,5,99,87,5,7,95,4,200,101,67,28
22,HUNEDOARA,521,0,Imobilul cu nr.9 Coaja,VORTA,92097,C,3,185,181,4,119,109,4,6,118,1,200,81,68,50
22,HUNEDOARA,522,0,Caminul Cultural Zam,ZAM,92177,C,3,585,577,8,355,338,8,9,353,2,650,295,141,212
22,HUNEDOARA,523,1,Spital Zam-pavilion nr.2,ZAM,92177,C,3,2,0,2,127,0,2,125,120,7,350,223,60,60
22,HUNEDOARA,524,0,Scoala Generala Poganesti,ZAM,92177,C,3,322,315,7,144,135,7,2,144,0,350,206,76,68
22,HUNEDOARA,525,0,Caminul Cultural Almas Saliste,ZAM,92177,C,3,193,187,6,108,99,6,3,108,0,200,92,26,82
22,HUNEDOARA,526,0,Caminul Cultural Godinesti,ZAM,92177,C,3,167,160,7,95,88,7,0,93,2,180,85,55,38
22,HUNEDOARA,527,0,Caminul Cultural Salciva,ZAM,92177,C,3,411,404,7,214,195,7,12,214,0,450,236,144,70
23,IALOMITA,1,0,GRUP SCOLAR AL.I. CUZA STR LACULUI NR 10,MUNICIPIUL SLOBOZIA,92658,M,1,1083,1064,19,530,507,19,4,528,2,1200,670,252,276
23,IALOMITA,2,0,  GRUP SCOLAR AL.I. CUZA STR LACULUI NR 10,MUNICIPIUL SLOBOZIA,92658,M,1,1000,982,18,540,520,18,2,534,6,1100,560,199,335
23,IALOMITA,3,0,SCOALA GEN NR 3 B-DUL UNIRII NR14,MUNICIPIUL SLOBOZIA,92658,M,1,1206,1194,12,690,676,12,2,688,2,1300,610,233,455
23,IALOMITA,4,0,SCOALA GEN NR 3 B-DUL UNIRII NR14,MUNICIPIUL SLOBOZIA,92658,M,1,1130,1105,25,632,605,25,2,630,2,1200,568,289,341
23,IALOMITA,5,0,COLEGIUL NATIONAL MIHAI VITEAZU B-DUL UNIRII NR15,MUNICIPIUL SLOBOZIA,92658,M,1,1433,1406,27,823,795,27,1,818,5,1500,677,360,458
23,IALOMITA,6,0,LICEUL PEDAGOCIC MATEI BASARAB B-DUL MATEI BASARAB NR3,MUNICIPIUL SLOBOZIA,92658,M,1,1653,1639,14,969,952,14,3,964,5,1800,831,415,549
23,IALOMITA,7,0,MUZEUL AGRICULTURII B-DUL MATEI BASARAB NR 2,MUNICIPIUL SLOBOZIA,92658,M,1,1911,1883,28,1013,958,28,27,1007,6,2000,987,460,547
23,IALOMITA,8,0,SC GEN NR 6 STR ALEEA PARCULUI NR 8.,MUNICIPIUL SLOBOZIA,92658,M,1,1737,1721,16,862,843,16,3,854,8,1900,1038,351,503
23,IALOMITA,9,0,SC GEN NR 6 ALEEA PARCULUI NR 8,MUNICIPIUL SLOBOZIA,92658,M,1,1920,1903,17,998,979,17,2,990,8,2100,1102,465,525
23,IALOMITA,10,0,GRADINITA CU PROGRAM PRELUNGIT STR C.D. GHEREA NR 4,MUNICIPIUL SLOBOZIA,92658,M,1,1339,1321,18,761,743,18,0,752,9,1400,639,330,422
23,IALOMITA,11,0,CLUBUL TINERETULUI B-DUL CHIMIEI NR 10,MUNICIPIUL SLOBOZIA,92658,M,1,1225,1203,22,655,633,22,0,652,3,1300,645,326,326
23,IALOMITA,12,0,SEMINARUL TEOLOGIC STR AL ODOBESCU NR 2,MUNICIPIUL SLOBOZIA,92658,M,1,1095,1073,22,696,674,22,0,689,7,1200,504,298,391
23,IALOMITA,13,0,CASA DE CULTURA  A SINDICATELOR B-DUL CHIMIEI NR 3,MUNICIPIUL SLOBOZIA,92658,M,1,1843,1821,22,1010,987,22,1,998,12,2000,990,460,538
23,IALOMITA,14,0,LICEUL MIHAI EMINESCU STR ALEEA CHIMIEI NR 9,MUNICIPIUL SLOBOZIA,92658,M,1,1381,1315,66,795,694,66,35,786,9,1400,605,311,475
23,IALOMITA,15,0,SCOALA GEN NR 4 ALEEA SCOLII NR 2,MUNICIPIUL SLOBOZIA,92658,M,1,1678,1670,8,820,811,8,1,819,1,1800,980,363,456
23,IALOMITA,16,0,SCOALA GEN NR 4 ALEEA SCOLII NR 2,MUNICIPIUL SLOBOZIA,92658,M,1,1829,1798,31,931,887,31,13,922,9,2000,1069,443,479
23,IALOMITA,17,0,GRADINITA CU PROGRAM PRELUNGIT STR VECHEA MATCA,MUNICIPIUL SLOBOZIA,92658,M,1,1606,1578,28,919,890,28,1,918,1,1700,780,358,560
23,IALOMITA,18,0,S.C.E.L.I.F. STR CUZA VODA NR 2,MUNICIPIUL SLOBOZIA,92658,M,1,1570,1555,15,891,875,15,1,887,4,1700,809,390,497
23,IALOMITA,19,0,SC GEN NR 2 B-DUL MATEI BASARAB NR 35,MUNICIPIUL SLOBOZIA,92658,M,1,1785,1769,16,1084,1066,16,2,1080,4,2002,918,481,599
23,IALOMITA,20,0,SC GEN NR 2 B-DUL MATEI BASARAB NR 35,MUNICIPIUL SLOBOZIA,92658,M,1,1765,1736,29,1043,1013,29,1,1038,5,1900,857,445,593
23,IALOMITA,21,0,SC DRUMURI SI PODURI STR RAZOARE NR 1,MUNICIPIUL SLOBOZIA,92658,M,1,1503,1479,24,922,898,24,0,919,3,1600,678,401,518
23,IALOMITA,22,0,CERCUL MILITAR B-DUL M BASARAB NR 52,MUNICIPIUL SLOBOZIA,92658,M,1,1828,1766,62,1068,1005,62,1,1064,4,1900,832,454,610
23,IALOMITA,23,0,CLUBUL ELEVILOR B-DUL M BASARAB NR 54,MUNICIPIUL SLOBOZIA,92658,M,1,1521,1511,10,898,888,10,0,897,1,1700,802,349,548
23,IALOMITA,24,0,SC GEN NR 1 B-DUL M BASARAB NR 67,MUNICIPIUL SLOBOZIA,92658,M,1,1038,1024,14,644,628,14,2,641,3,1112,468,236,405
23,IALOMITA,25,0,SC GEN NR 1 B-DUL M BASARAB NR 69,MUNICIPIUL SLOBOZIA,92658,M,1,1013,1001,12,642,630,12,0,639,3,1100,458,222,417
23,IALOMITA,26,0,LICEUL DE ARTA STR MIHAI EMINESCU NR 3,MUNICIPIUL SLOBOZIA,92658,M,1,1159,1141,18,678,659,18,1,676,2,1300,622,266,410
23,IALOMITA,27,0,LICEUL DE ARTA STR MIHAI EMINESCU NR 3,MUNICIPIUL SLOBOZIA,92658,M,1,949,938,11,634,623,11,0,629,5,1000,366,232,397
23,IALOMITA,28,0,"GRADINITA CU PROGRAM PRELUNGIT NR 3 , STR MIHAI EMINESCU NR 6",MUNICIPIUL SLOBOZIA,92658,M,1,1397,1384,13,821,802,13,6,816,5,1500,679,370,446
23,IALOMITA,29,0,GRADINITA CU PROGRAM NORMAL STR INDEPENDENTEI,MUNICIPIUL SLOBOZIA,92658,M,1,1750,1722,28,987,959,28,0,974,13,1900,913,447,527
23,IALOMITA,30,0,"SC GEN BORA ,STR GENERAL MAGHERU",MUNICIPIUL SLOBOZIA,92658,M,1,1308,1268,40,709,669,40,0,681,28,1400,691,342,339
23,IALOMITA,31,0,"SC GEN NR 5 SLOBOZIA NOUA,  STR SCOLII",MUNICIPIUL SLOBOZIA,92658,M,1,1685,1666,19,1023,1004,19,0,1015,8,1800,777,457,558
23,IALOMITA,32,1,"SPITALUL JUDETEAN,  STR DECEBAL NR 3",MUNICIPIUL SLOBOZIA,92658,M,1,7,0,7,315,0,7,308,308,7,601,286,179,129
23,IALOMITA,33,1,"GRUPUL DE POMPIERI BARBU CATARGIU, STR LACULUI NR 23",MUNICIPIUL SLOBOZIA,92658,M,1,11,0,11,111,0,11,100,109,2,200,89,63,46
23,IALOMITA,34,1,"PENITENCIARUL SLOBOZIA,  STR GARII",MUNICIPIUL SLOBOZIA,92658,M,1,9,0,9,78,0,9,69,76,2,200,122,43,33
23,IALOMITA,35,1,"GARA CFR SLOBOZIA VECHE,  PIATA GARII  NR 1",MUNICIPIUL SLOBOZIA,92658,M,1,12,0,12,771,0,12,759,763,8,1400,629,262,501
23,IALOMITA,36,0,"SC NR 3 BULIGA , STR CALARASI NR 61",MUNICIPIUL FETESTI,92701,M,1,982,966,16,635,619,16,0,625,10,1100,465,348,277
23,IALOMITA,37,0,"SCOALA NR 6  FETESTI LOCALUL MARE, STR CALARASI NR 82",MUNICIPIUL FETESTI,92701,M,1,1381,1371,10,703,693,10,0,687,16,1500,797,411,276
23,IALOMITA,38,0,"SC METEL COM,  STR CALARASI NR 142",MUNICIPIUL FETESTI,92701,M,1,1029,1014,15,582,567,15,0,576,6,1100,518,317,259
23,IALOMITA,39,0,"SCOALA NR 6 FETESTI LOCALUL MIC, STR CALARASI NR 169",MUNICIPIUL FETESTI,92701,M,1,1136,1115,21,592,571,21,0,580,12,1200,608,298,282
23,IALOMITA,40,0,"SCOALA NR 2 , STR CALARASI NR 263",MUNICIPIUL FETESTI,92701,M,1,971,945,26,559,528,26,5,550,9,1100,541,241,309
23,IALOMITA,41,0,"FOSTUL PARCHET,  STR CALARASI NR 369",MUNICIPIUL FETESTI,92701,M,1,1043,1033,10,576,564,10,2,565,11,1100,524,315,250
23,IALOMITA,42,0,"SCOALA NR 1 FETESTI, STR SPIRU HARET NR 14",MUNICIPIUL FETESTI,92701,M,1,1134,1113,21,633,556,21,56,622,11,1200,567,345,277
23,IALOMITA,43,0,"SCOALA NR 4 VLASCA FETESTI,  STR MIHAIL SADOVEANU NR 37",MUNICIPIUL FETESTI,92701,M,1,1623,1613,10,918,905,10,3,889,29,1800,882,534,355
23,IALOMITA,44,0,"GRUP SCOLAR CCF FETESTI,  STR.  CALARASI NR 502",MUNICIPIUL FETESTI,92701,M,1,1238,1225,13,618,603,13,2,613,5,1400,782,247,366
23,IALOMITA,45,0,"LICEUL TEORETIC FETESTI, STR CALARASI NR 504",MUNICIPIUL FETESTI,92701,M,1,1131,1118,13,604,571,13,20,598,6,1200,596,273,325
23,IALOMITA,46,0,"SCOALA NR 7 FETESTI , STR CALARASI NR 506",MUNICIPIUL FETESTI,92701,M,1,1225,1213,12,718,702,12,4,717,1,1400,682,330,387
23,IALOMITA,47,0,"SC AXIS,  STR.  ARMATEI NR 8",MUNICIPIUL FETESTI,92701,M,1,1063,1041,22,570,542,22,6,569,1,1200,630,225,344
23,IALOMITA,48,0,"LA CT,  STR ARMATEI NR 12",MUNICIPIUL FETESTI,92701,M,1,990,976,14,522,508,14,0,520,2,1100,578,203,317
23,IALOMITA,49,0,"GRADINITA VOINICEL,  STR CAMINULUI NR 2",MUNICIPIUL FETESTI,92701,M,1,983,964,19,465,446,19,0,461,4,1100,635,190,271
23,IALOMITA,50,0,"SCOALA NR 8 FETESTI , STR SIRENEI NR 28",MUNICIPIUL FETESTI,92701,M,1,1000,979,21,552,528,21,3,549,3,1100,548,221,328
23,IALOMITA,51,0,"GRUP SCOLAR INDUSTRIE ALIMENTARA , STR SIRENEI NR 28",MUNICIPIUL FETESTI,92701,M,1,1070,1058,12,622,610,12,0,615,7,1200,578,294,321
23,IALOMITA,52,0,"FOSTA SALA POPICE,  STR DEPOULUI NR 4",MUNICIPIUL FETESTI,92701,M,1,1100,1081,19,618,597,19,2,607,11,1200,582,337,270
23,IALOMITA,53,0,"GRADINITA NR 7  FETESTI,  STR DEPOULUII NR 2",MUNICIPIUL FETESTI,92701,M,1,1345,1335,10,1266,816,10,440,1263,3,1500,234,496,767
23,IALOMITA,54,0,"CF3 PARTER,   STR CALARASI NR 597",MUNICIPIUL FETESTI,92701,M,1,1202,1181,21,695,673,21,1,693,2,1300,605,296,397
23,IALOMITA,55,0,"SCOALA NR 3 FETESTI , STR VASILE LUPU NR 20",MUNICIPIUL FETESTI,92701,M,1,984,971,13,581,565,13,3,575,6,1100,519,250,325
23,IALOMITA,56,0,"CLUBUL ELEVILOR,  STR CALARASI NR 588",MUNICIPIUL FETESTI,92701,M,1,1364,1350,14,789,774,14,1,787,2,1500,711,323,464
23,IALOMITA,57,0,"SC PIF IANCU SRL,  STR INDEPENDENTEI NR 1",MUNICIPIUL FETESTI,92701,M,1,1249,1233,16,722,706,16,0,713,9,1400,678,368,345
23,IALOMITA,58,0,"AGROSEM,  STR INDEPENDENTEI NR 40",MUNICIPIUL FETESTI,92701,M,1,1317,1293,24,714,690,24,0,706,8,1400,686,400,306
23,IALOMITA,59,0,"LOCAL FOST VIETNAM,  STR BARAGANULUI NR 31",MUNICIPIUL FETESTI,92701,M,1,1129,1111,18,625,607,18,0,619,6,1200,575,280,339
23,IALOMITA,60,0,"SCOALA NR 5 FETESTI,  STR SCOLII NR 21",MUNICIPIUL FETESTI,92701,M,1,1128,1106,22,627,605,22,0,618,9,1200,573,272,346
23,IALOMITA,61,1,"UM JANDARMI FETESTI GARA, STR CALARASI NR 509",MUNICIPIUL FETESTI,92701,M,1,14,0,14,240,0,14,226,235,5,400,160,94,141
23,IALOMITA,62,0,"SCOALA GEN NR 3 , STR.  CAPITAN URZICA NR 29",MUNICIPIUL URZICENI,100683,M,1,1594,1581,13,892,853,13,26,876,16,1700,808,448,428
23,IALOMITA,63,0,"GRADINITA DE COPII,  STR PANDURI NR 21",MUNICIPIUL URZICENI,100683,M,1,1237,1229,8,713,688,8,17,706,7,1400,687,277,429
23,IALOMITA,64,0,"CASA DE CULTURA , STR REGELE FERDINAND NR 73",MUNICIPIUL URZICENI,100683,M,1,1199,1191,8,655,647,8,0,648,7,1300,645,278,370
23,IALOMITA,65,0,"GRADINITA CU PROGRAM PRELUNGIT,  STR REVOLUTIEI NR 14",MUNICIPIUL URZICENI,100683,M,1,1158,1144,14,899,604,14,281,894,5,1300,401,399,495
23,IALOMITA,66,0,"GRUP SCOLAR SFANTA ECATERINA,  STR PANDURI NR 57",MUNICIPIUL URZICENI,100683,M,1,1291,1280,11,680,669,11,0,676,4,1400,720,288,388
23,IALOMITA,67,0,"SCOALA GEN NR 1,  STR AURORA NR 17",MUNICIPIUL URZICENI,100683,M,1,1654,1633,21,910,888,21,1,905,5,1800,890,359,546
23,IALOMITA,68,0,"CLUBUL SINDICATELOR,  STR CALEA BUCURESTI NR. 72",MUNICIPIUL URZICENI,100683,M,1,1465,1434,31,815,784,31,0,813,2,1600,785,348,465
23,IALOMITA,69,0,"SCOALA GENERALA NR 2 , STR CALEA BUCURESTI NR 102",MUNICIPIUL URZICENI,100683,M,1,1531,1516,15,823,808,15,0,818,5,1700,877,363,455
23,IALOMITA,70,0,"SCOALA GEN NR 2 , STR CALEA BUCURESTI NR. 102",MUNICIPIUL URZICENI,100683,M,1,1363,1350,13,771,758,13,0,761,10,1500,729,382,379
23,IALOMITA,71,0,"INTERNATUL LICEULUI TEORETIC , STR.  AL IOAN CUZA NR. 11",MUNICIPIUL URZICENI,100683,M,1,1368,1358,10,702,682,10,10,696,6,1500,798,304,392
23,IALOMITA,72,0,"FABRICA DE CERAMICA,  STR VANATORI NR. 13",MUNICIPIUL URZICENI,100683,M,1,1473,1440,33,765,732,33,0,756,9,1600,835,354,402
23,IALOMITA,73,0,"GRADINITA DE COPII,  STR VIILOR",ORAS AMARA,92836,O,1,1571,1557,14,863,843,14,6,852,11,1700,837,377,475
23,IALOMITA,74,0,"SCOALA GENERALA GEORGE VALSAN,  STR. TUDOR VLADIMIRESCU",ORAS AMARA,92836,O,1,1349,1341,8,700,685,8,7,688,12,1500,800,305,383
23,IALOMITA,75,0,"SCOALA GENERALA GEORGE VALSAN , STR. TUDOR VLADIMIRESCU",ORAS AMARA,92836,O,1,1470,1470,0,773,754,0,19,767,6,1600,827,404,363
23,IALOMITA,76,0,"CASA DE CULTURA,  STR. AL IOAN CUZA",ORAS AMARA,92836,O,1,1865,1865,0,985,974,0,11,971,14,2100,1115,475,496
23,IALOMITA,77,1,U.T.B.R.C.M.- HOTEL IALOMITA,ORAS AMARA,92836,O,1,12,0,12,263,0,12,251,257,6,800,537,132,125
23,IALOMITA,78,0,SCOALA VECHE CAZANESTI,ORAS CAZANESTI,93067,O,1,1632,1599,33,825,792,33,0,818,7,1800,975,565,253
23,IALOMITA,79,0,GRUP SCOLAR AGRICOL,ORAS CAZANESTI,93067,O,1,1248,1232,16,655,531,16,108,651,4,1400,745,448,203
23,IALOMITA,80,0,CAMINUL CULTURAL,ORAS FIERBINTI-TARG,102749,O,1,1461,1436,25,667,538,25,104,660,7,1600,933,315,345
23,IALOMITA,81,0,SCOLA GEN CU CLASELE I - IV FIERBINTI DE SUS,ORAS FIERBINTI-TARG,102749,O,1,1658,1636,22,720,698,22,0,713,7,1800,1080,470,243
23,IALOMITA,82,0,SCOLA GEN CU CLASELE I - IV FIERBINTI DE JOS,ORAS FIERBINTI-TARG,102749,O,1,1041,1014,27,564,537,27,0,549,15,1100,536,352,197
23,IALOMITA,83,0,"GRUP SCOLAR AGRICOL,  STR. FETESTI NR 3",ORAS TANDAREI,92765,O,1,1335,1325,10,636,625,10,1,634,2,1500,864,300,334
23,IALOMITA,84,0,"LICEUL TEORETIC PAUL GEORGESCU,  STR . IONEL PERLEA NR .8",ORAS TANDAREI,92765,O,1,1639,1628,11,865,824,11,30,854,11,1803,938,473,381
23,IALOMITA,85,0,"SCOALA NR 2 , STR.  BARIEREI NR. 10",ORAS TANDAREI,92765,O,1,1906,1894,12,934,922,12,0,925,9,2100,1166,392,533
23,IALOMITA,86,0,"SCOALA NR 2 , STR BARIEREI NR. 10",ORAS TANDAREI,92765,O,1,1466,1451,15,789,773,15,1,773,16,1603,814,357,416
23,IALOMITA,87,0,"SCOALA NR 1,  STR NARCISELOR NR. 32",ORAS TANDAREI,92765,O,1,1533,1520,13,860,847,13,0,849,11,1700,840,421,428
23,IALOMITA,88,0,"CASA DE CULTURA , STR GARII NR 2",ORAS TANDAREI,92765,O,1,1207,1196,11,798,634,11,153,795,3,1300,502,396,399
23,IALOMITA,89,0,"SCOALA NR 1,  STR. BUCURESTI NR. 20",ORAS TANDAREI,92765,O,1,1769,1753,16,544,526,16,2,522,22,1900,1356,404,118
23,IALOMITA,90,0,GRADINITA DE COPII ADANCATA,ADANCATA,100754,C,3,1652,1633,19,880,861,19,0,867,13,1800,920,542,325
23,IALOMITA,91,0,SCOALA GENERALA  SATUL PATRU FRATI,ADANCATA,100754,C,3,795,765,30,390,355,30,5,382,8,900,510,258,124
23,IALOMITA,92,0,SCOALA  ALBESTI,ALBESTI,92783,C,3,616,587,29,374,345,29,0,371,3,600,226,205,166
23,IALOMITA,93,0,SCOALA MARSILIENI,ALBESTI,92783,C,3,512,508,4,302,292,4,6,295,7,600,298,204,91
23,IALOMITA,94,0,SCOALA VECHE ALEXENI,ALEXENI,100852,C,3,1958,1946,12,962,950,12,0,948,14,2100,1138,647,301
23,IALOMITA,95,0,CAMINUL CULTURAL ANDRASESTI,ANDRASESTI,92872,C,3,1820,1816,4,837,831,4,2,827,10,2000,1163,474,353
23,IALOMITA,96,0,SCOALA GENERALA ARMASESTI,ARMASESTI,100870,C,3,653,607,46,268,219,46,3,262,6,700,432,179,83
23,IALOMITA,97,0,SCOALA GEN ERALA MALU ROSU,ARMASESTI,100870,C,3,1468,1419,49,771,719,49,3,753,18,1600,829,513,240
23,IALOMITA,98,0,SCOALA GEN . BARBULESTI,ARMASESTI,100870,C,3,907,884,23,387,358,23,6,377,10,1000,613,336,41
23,IALOMITA,99,0,SCOALA  GEN.  BARBULESTI,ARMASESTI,100870,C,3,778,763,15,315,300,15,0,305,10,900,585,264,41
23,IALOMITA,100,0,SCOALA  GEN.  BARBULESTI - CARTIER RROMI,ARMASESTI,100870,C,3,532,521,11,202,189,11,2,196,6,600,398,181,15
23,IALOMITA,101,0,SCOALA  GEN.  BARBULESTI,ARMASESTI,100870,C,3,526,513,13,196,183,13,0,191,5,600,404,164,27
23,IALOMITA,102,0,PRIMARIA AXINTELE,AXINTELE,100923,C,3,659,638,21,312,288,21,3,299,13,700,388,231,68
23,IALOMITA,103,0,SCOALA  FRUMUSICA,AXINTELE,100923,C,3,944,932,12,420,404,12,4,413,7,1000,580,269,144
23,IALOMITA,104,0,SCOALA HORIA,AXINTELE,100923,C,3,594,587,7,331,322,7,2,320,11,700,369,244,76
23,IALOMITA,105,0,CAMINUL CULTURAL BALACIU,BALACIU,92907,C,3,881,866,15,441,415,15,11,434,7,1000,559,248,186
23,IALOMITA,106,0,SCOALA SARATENI,BALACIU,92907,C,3,1106,1096,10,657,641,10,6,645,12,1200,543,456,189
23,IALOMITA,107,0,SALA DE FESTIVITATI CRASANII DE JOS,BALACIU,92907,C,3,416,405,11,178,167,11,0,169,9,500,322,114,55
23,IALOMITA,108,0,SCOALA COPUZU,BALACIU,92907,C,3,303,300,3,194,181,3,10,187,7,300,106,91,96
23,IALOMITA,109,0,SCOALA GENERALA BARCANESTI,BARCANESTI,101056,C,3,1896,1858,38,854,815,38,1,832,22,2000,1146,551,281
23,IALOMITA,110,0,SCOALA GEN CONDEESTI,BARCANESTI,101056,C,3,1436,1354,82,706,621,82,3,686,20,1500,794,514,172
23,IALOMITA,111,0,CAMINUL CULTURAL BORANESTI,BORANESTI,179784,C,3,1795,1749,46,842,782,46,14,809,33,1900,1058,588,221
23,IALOMITA,112,0,SCOALA VECHE BORDUSANI,BORDUSANI,92989,C,3,1691,1676,15,828,813,15,0,811,17,1900,1072,429,382
23,IALOMITA,113,0,SCOALA CU CLASELE I - X BORDUSANI,BORDUSANI,92989,C,3,1292,1273,19,675,656,19,0,663,12,1400,725,344,319
23,IALOMITA,114,0,SCOALA CU CLASELE I -VII CEGANI,BORDUSANI,92989,C,3,1050,1049,1,568,567,1,0,558,10,1200,632,337,221
23,IALOMITA,115,0,SCOALA CU CLASELE I -VIII BRAZII,BRAZII,101243,C,3,936,925,11,517,504,11,2,506,11,1000,483,375,131
23,IALOMITA,116,0,SCOALA CU CLASELE I- IV RASIMCEA,BRAZII,101243,C,3,292,292,0,194,159,0,35,189,5,300,106,150,39
23,IALOMITA,117,0,CAMINUL CULTURAL BUCU,BUCU,93021,C,3,1982,1932,50,1101,1007,50,44,1093,8,2100,999,478,615
23,IALOMITA,118,0,SCOALA BUESTI,BUESTI,179793,C,3,1025,1005,20,670,616,20,34,662,8,1100,430,398,264
23,IALOMITA,119,0,SCOALA CU CLASELE I -VIII CIOCHINA,CIOCHINA,93101,C,3,1417,1396,21,681,623,21,37,665,16,1500,819,412,253
23,IALOMITA,120,0,SCOALA CU CLASELE I -IV BORDUSELU,CIOCHINA,93101,C,3,723,711,12,430,418,12,0,428,2,800,370,329,99
23,IALOMITA,121,0,SCOALA CU CLASELE I- IV OREZU,CIOCHINA,93101,C,3,736,717,19,400,380,19,1,393,7,800,400,271,122
23,IALOMITA,122,0,SCOALA CU CLASELE I-IV CIOCARLIA,CIOCARLIA,100709,C,3,722,715,7,407,395,7,5,403,4,800,393,286,117
23,IALOMITA,123,0,SCOALA CU CLASELE I-VIII CIULNITA,CIULNITA,93156,C,3,862,845,17,464,447,17,0,459,5,900,436,232,227
23,IALOMITA,124,0,CAMINUL CULTURAL ION GHICA,CIULNITA,93156,C,3,452,437,15,251,236,15,0,250,1,500,249,176,74
23,IALOMITA,125,0,SCOALA CU CLASELE I-VIII POIANA,CIULNITA,93156,C,3,679,658,21,382,361,21,0,375,7,700,318,241,134
23,IALOMITA,126,0,CONSILIUL LOCAL COCORA,COCORA,93209,C,3,1975,1960,15,957,940,15,2,929,28,2200,1243,722,207
23,IALOMITA,127,0,SCOALA GENERALA COLILIA,COCORA,93209,C,3,1086,1047,39,566,527,39,0,552,14,1200,634,391,161
23,IALOMITA,128,0,SCOALA GENERALA COSAMBESTI,COSAMBESTI,93236,C,3,790,769,21,510,488,21,1,499,11,900,390,314,185
23,IALOMITA,129,0,SCOALA GENERALA GIMBASANI,COSAMBESTI,93236,C,3,724,703,21,443,420,21,2,436,7,800,357,263,173
23,IALOMITA,130,0,SCOALA GENERALA MARCULESTI,COSAMBESTI,93236,C,3,1359,1342,17,761,740,17,4,754,7,1500,739,388,366
23,IALOMITA,131,0,CAMINUL CULTURAL COSERENI,COSERENI,102240,C,3,1468,1371,97,908,807,97,4,894,14,1500,592,454,440
23,IALOMITA,132,0,SCOALA GENERALA  NR. 1 COSERENI,COSERENI,102240,C,3,1319,1234,85,845,759,85,1,833,12,1400,555,623,210
23,IALOMITA,133,0,SCOALA GENERALA  NR. 2 PATRIME,COSERENI,102240,C,3,1095,1007,88,673,582,88,3,663,10,1200,527,438,225
23,IALOMITA,134,0,CAMINUL CULTURAL DRAGOESTI,DRAGOESTI,102641,C,3,862,855,7,510,465,7,38,495,15,900,390,338,157
23,IALOMITA,135,0,SCOALA GEN NR .1 DRIDU,DRIDU,102703,C,3,2016,1942,74,1016,934,74,8,1002,14,2200,1184,576,426
23,IALOMITA,136,0,GRADINITA DRIDU MOVILA,DRIDU,102703,C,3,767,705,62,357,286,62,9,342,15,800,443,180,162
23,IALOMITA,137,0,SCOALA CU CLASELE I-IV DRIDU SNAGOV,DRIDU,102703,C,3,367,346,21,214,190,21,3,212,2,400,186,139,73
23,IALOMITA,138,0,SCOALA GENERALA  NR.  4 MOLDOVENI,DRIDU,102703,C,3,1067,1039,28,623,591,28,4,616,7,1100,477,446,170
23,IALOMITA,139,0,SCOALA GEN NR. 1 FACAENI,FACAENI,93575,C,3,1640,1636,4,872,864,4,4,861,11,1800,928,497,364
23,IALOMITA,140,0,CAMINUL CULTURAL FACAENI,FACAENI,93575,C,3,1362,1359,3,752,736,3,13,737,15,1500,748,447,290
23,IALOMITA,141,0,SCOALA GEN NR 2 CU CLASELE I-IV(GAITA),FACAENI,93575,C,3,1031,1023,8,550,536,8,6,536,14,1100,550,286,250
23,IALOMITA,142,0,SCOALA NR 3 PROGRESU,FACAENI,93575,C,3,507,500,7,310,301,7,2,309,1,600,290,232,77
23,IALOMITA,143,0,SCOALA GENERALA NR 1,GHEORGHE DOJA,93600,C,3,1147,1138,9,640,621,9,10,637,3,1300,660,375,262
23,IALOMITA,144,0,SCOALA GENERALA NR 1,GHEORGHE DOJA,93600,C,3,1224,1219,5,690,678,5,7,685,5,1300,610,377,308
23,IALOMITA,145,0,CAMINUL CULTURAL GHEORGHE LAZAR,GHEORGHE LAZAR,93628,C,3,2036,2018,18,1263,1187,18,58,1242,21,2200,937,745,497
23,IALOMITA,146,0,SCOALA GENERALA GIURGENI,GIURGENI,93646,C,3,1250,1245,5,856,803,5,48,842,14,1410,554,439,403
23,IALOMITA,147,0,SCOALA GEN NR 1 GARBOVI,GARBOVI,103283,C,3,1696,1686,10,772,762,10,0,756,16,1900,1128,533,223
23,IALOMITA,148,0,SCOALA GEN NR 1 GARBOVI,GARBOVI,103283,C,3,2001,1991,10,928,915,10,3,916,12,2200,1272,653,263
23,IALOMITA,149,0,CAMINUL CULTURAL GRINDU,GRINDU,93717,C,3,1964,1943,21,1006,985,21,0,976,30,2100,1094,669,307
23,IALOMITA,150,0,LOCALUL NOU AL SCOLII CU CLASELE I-VIII GRIVITA,GRIVITA,93735,C,3,1116,1111,5,622,613,5,4,601,21,1200,578,320,281
23,IALOMITA,151,0,LOCALUL VECHI AL SCOLII CU CLASELE I-VIII GRIVITA,GRIVITA,93735,C,3,1042,1020,22,573,551,22,0,559,14,1100,527,310,249
23,IALOMITA,152,0,LOCALUL NOU AL SCOLII CU CLASELE I-IV SMIRNA,GRIVITA,93735,C,3,898,891,7,523,485,7,31,509,14,1000,477,282,227
23,IALOMITA,153,0,SCOALA GENARALA  ION ROATA,ION ROATA,103862,C,3,1010,993,17,481,459,17,5,462,19,1100,619,316,146
23,IALOMITA,154,0,LOCALUL VECHI AL GRADINITEI ION ROATA,ION ROATA,103862,C,3,851,816,35,441,401,35,5,422,19,900,459,290,132
23,IALOMITA,155,0,SCOALA GENERALA BROSTENI,ION ROATA,103862,C,3,1105,1088,17,624,602,17,5,610,14,1200,576,479,131
23,IALOMITA,156,0,SCOALA NR 1 JILAVELE,JILAVELE,103960,C,3,1242,1220,22,742,688,22,32,728,14,1300,558,556,172
23,IALOMITA,157,0,SCOALA NR 2 JILAVELE,JILAVELE,103960,C,3,1461,1452,9,755,717,9,29,739,16,1601,846,516,223
23,IALOMITA,158,0,SCOALA SLATIOARELE,JILAVELE,103960,C,3,422,416,6,265,256,6,3,258,7,500,235,229,29
23,IALOMITA,159,0,SCOALA CU CLASELE I-VIII  MAIA,MAIA,179800,C,3,1576,1569,7,907,897,7,3,891,16,1700,793,637,254
23,IALOMITA,160,0,SCOALA VECHE MANASIA,MANASIA,100736,C,3,1814,1799,15,883,864,15,4,872,11,2000,1117,425,447
23,IALOMITA,161,0,SCOALA VECHE MANASIA,MANASIA,100736,C,3,2024,2019,5,920,907,5,8,907,13,2200,1280,500,407
23,IALOMITA,162,0,CAMINUL CULTURAL MIHAIL KOGALNICEANU,MIHAIL KOGALNICEANU,93995,C,3,1450,1415,35,803,768,35,0,797,6,1600,797,490,307
23,IALOMITA,163,0,SCOALA GEN CU CLASELE I-VIII,MIHAIL KOGALNICEANU,93995,C,3,1337,1313,24,698,673,24,1,683,15,1400,702,386,297
23,IALOMITA,164,0,CAMINUL CULTURAL GURA IALOMITEI,MIHAIL KOGALNICEANU,93995,C,3,1103,1059,44,677,633,44,0,664,13,1200,523,421,243
23,IALOMITA,165,0,SCOALA GENERALA  CU CLASELE I-VIII LUCIU,MIHAIL KOGALNICEANU,93995,C,3,1207,1170,37,744,707,37,0,736,8,1300,556,489,247
23,IALOMITA,166,0,SCOALA GEN MILOSESTI,MILOSESTI,94045,C,3,1623,1620,3,814,809,3,2,802,12,1800,986,644,158
23,IALOMITA,167,0,SCOALA GEN NICOLESTI,MILOSESTI,94045,C,3,428,414,14,201,186,14,1,196,5,500,299,135,61
23,IALOMITA,168,0,SCOALA GEN TOVARASIA,MILOSESTI,94045,C,3,400,392,8,235,217,8,10,233,2,400,165,181,52
23,IALOMITA,169,0,SCOALA GEN MOVILA,MOVILA,94081,C,3,1636,1626,10,923,906,10,7,910,13,1802,879,522,388
23,IALOMITA,170,0,SCOALA GEN MOVILITA,MOVILITA,104270,C,3,1127,1117,10,548,538,10,0,532,16,1200,652,383,149
23,IALOMITA,171,0,SCOALA GEN MOVILITA,MOVILITA,104270,C,3,914,904,10,345,335,10,0,338,7,1000,655,236,102
23,IALOMITA,172,0,SCOALA NR 1 MUNTENI BUZAU,MUNTENI-BUZAU,94107,C,3,1672,1614,58,920,862,58,0,903,17,1800,880,694,209
23,IALOMITA,173,0,SCOALA NR 2 MUNTENI BUZAU,MUNTENI-BUZAU,94107,C,3,1440,1393,47,786,739,47,0,778,8,1600,814,531,247
23,IALOMITA,174,0,GRADINITA DE COPII OGRADA,OGRADA,179819,C,3,2269,2184,85,1220,1133,85,2,1177,43,2400,1180,670,507
23,IALOMITA,175,0,SCOALA GENERALA PERIETI,PERIETI,94161,C,3,1026,1017,9,456,445,9,2,449,7,1200,744,265,184
23,IALOMITA,176,0,SCOALA GENERALA STEJARU,PERIETI,94161,C,3,795,779,16,459,441,16,2,452,7,900,441,246,206
23,IALOMITA,177,0,SCOALA GENERALA FUNDATA,PERIETI,94161,C,3,329,322,7,201,190,7,4,198,3,400,199,111,87
23,IALOMITA,178,0,SCOALA GENERALA MISLEANU,PERIETI,94161,C,3,698,694,4,434,425,4,5,426,8,800,366,288,138
23,IALOMITA,179,0,SCOALA GENERALA REVIGA,REVIGA,94269,C,3,1375,1347,28,645,616,28,1,627,18,1500,855,462,165
23,IALOMITA,180,0,SCOALA GENERALA ROVINE,REVIGA,94269,C,3,880,843,37,469,432,37,0,462,7,900,431,322,140
23,IALOMITA,181,0,SCOALA GENERALA CRUNTI,REVIGA,94269,C,3,518,502,16,281,265,16,0,272,9,600,319,189,83
23,IALOMITA,182,0,SCOALA CU CLASELE I-VIII ROSIORI,ROSIORI,179828,C,3,988,957,31,580,549,31,0,571,9,1100,520,454,117
23,IALOMITA,183,0,SCOALA CU CLASELE I-VIII ROSIORI,ROSIORI,179828,C,3,725,699,26,407,376,26,5,401,6,800,393,330,71
23,IALOMITA,184,0,SCOALA GENERALA SALCIOARA,SALCIOARA,94330,C,3,985,973,12,707,695,12,0,700,7,1100,393,484,216
23,IALOMITA,185,0,SCOALA GENERALA RASI,SALCIOARA,94330,C,3,1000,987,13,676,663,13,0,662,14,1100,424,484,178
23,IALOMITA,186,0,SCOALA GENERALA SAVENI,SAVENI,94376,C,3,1374,1343,31,761,730,31,0,752,9,1500,739,533,219
23,IALOMITA,187,0,GRADINITA SAVENI,SAVENI,94376,C,3,1271,1246,25,714,689,25,0,704,10,1400,686,494,210
23,IALOMITA,188,0,SCOALA GENERALA FRATILESTI,SAVENI,94376,C,3,399,371,28,265,222,28,15,258,7,400,135,164,94
23,IALOMITA,189,0,CAMINUL CULTURAL LACUSTENI,SAVENI,94376,C,3,832,785,47,573,508,47,18,569,4,900,327,431,138
23,IALOMITA,190,0,FOSTUL SEDIU CAP PLATONESTI,SAVENI,94376,C,3,748,722,26,492,435,26,31,487,5,800,308,376,111
23,IALOMITA,191,0,GRADINITA SCANTEIA,SCANTEIA,94429,C,3,1242,1220,22,772,749,22,1,754,18,1403,631,564,190
23,IALOMITA,192,0,SCOALA GENERALA SCANTEIA,SCANTEIA,94429,C,3,1286,1261,25,719,686,25,8,702,17,1400,681,512,190
23,IALOMITA,193,0,SCOALA CU CLASELE I-IV IAZU,SCANTEIA,94429,C,3,957,881,76,599,519,76,4,590,9,1000,401,428,162
23,IALOMITA,194,0,CAMINUL CULTURAL SFANTU GHEORGHE,SFANTU GHEORGHE,94456,C,3,747,733,14,370,347,14,9,359,11,800,430,242,117
23,IALOMITA,195,0,CAMINUL CULTURAL MALU,SFANTU GHEORGHE,94456,C,3,936,912,24,455,425,24,6,447,8,1000,545,333,114
23,IALOMITA,196,0,GRADINITA SINESTI,SINESTI,105026,C,3,1175,1152,23,543,514,23,6,538,5,1300,757,308,230
23,IALOMITA,197,0,SCOALA I-IV LILIECI,SINESTI,105026,C,3,840,821,19,373,353,19,1,360,13,901,528,217,143
23,IALOMITA,198,0,CONSILIUL LOCAL STELNICA,STELNICA,94492,C,3,1379,1376,3,799,780,3,16,787,12,1500,701,435,352
23,IALOMITA,199,0,LOCAL EXTINDERE CONSILIUL  LOCAL,SUDITI,94535,C,3,1820,1815,5,1222,1193,5,24,1207,15,2000,778,678,529
23,IALOMITA,200,0,GRADINITA TRAIAN,TRAIAN,179702,C,3,1257,1244,13,800,787,13,0,783,17,1400,600,525,258
23,IALOMITA,201,0,SCOALA CU CLASELE I-VIII TRAIAN(LOCALUL NOU),TRAIAN,179702,C,3,1225,1210,15,782,767,15,0,763,19,1300,518,542,221
23,IALOMITA,202,0,PRIMARIA VALEA CIORII,VALEA CIORII,94688,C,3,1571,1539,32,940,908,32,0,925,15,1700,760,652,273
23,IALOMITA,203,0,CAMINUL CULTURAL VALEA MACRISULUI,VALEA MACRISULUI,105794,C,3,1264,1253,11,662,647,11,4,653,9,1400,738,475,178
23,IALOMITA,204,0,CAMINUL CULTURAL GRINDASI,VALEA MACRISULUI,105794,C,3,453,443,10,290,278,10,2,278,12,500,210,191,87
23,IALOMITA,205,0,CAMINUL CULTURAL VLADENI,VLADENI,94795,C,3,1735,1723,12,1202,1190,12,0,1182,20,1900,698,773,409
24,IASI,1,0,"Gradinita Normala 15  ,Aleea Pacurari nr.2",MUNICIPIUL IASI,95060,M,1,2064,2024,40,1103,1063,40,0,1098,5,2100,997,368,730
24,IASI,2,0,"Scoala Generala nr.9 'Elena Cuza' , Aleea Canta nr.10",MUNICIPIUL IASI,95060,M,1,1799,1795,4,971,948,4,19,962,9,2000,1029,351,611
24,IASI,3,0,"Scoala Generala nr.9 'Elena Cuza' , Aleea Canta nr.10",MUNICIPIUL IASI,95060,M,1,1606,1591,15,843,827,15,1,839,4,1800,957,286,553
24,IASI,4,0,"Scoala Generala nr.9 'Elena Cuza' , Aleea Canta nr.10",MUNICIPIUL IASI,95060,M,1,1753,1693,60,952,892,60,0,949,3,1900,948,379,570
24,IASI,5,0,"Scoala Generala nr.9 'Elena Cuza' , Aleea Canta nr.10",MUNICIPIUL IASI,95060,M,1,1705,1687,18,998,980,18,0,997,1,1900,902,380,617
24,IASI,6,0,"Sectia de Distributie Gaze Naturale , str.Cazarmilor nr.3",MUNICIPIUL IASI,95060,M,1,1541,1522,19,783,764,19,0,781,2,1700,917,343,438
24,IASI,7,0,"Scoala Generala nr.17 'I.Creanga' , str. Pacurari , nr.178",MUNICIPIUL IASI,95060,M,1,1569,1543,26,928,902,26,0,926,2,1707,779,341,585
24,IASI,8,0,"Sectia de Distributie Gaze Naturale , str.Cazarmilor nr.3",MUNICIPIUL IASI,95060,M,1,1376,1354,22,718,696,22,0,716,2,1511,793,270,446
24,IASI,9,0,"Gradinita nr.14 , Aleea Canta ,nr.7",MUNICIPIUL IASI,95060,M,1,1431,1376,55,838,783,55,0,827,11,1500,662,358,469
24,IASI,10,0,"Scoala Generala nr.9 'Elena Cuza' , Aleea Canta nr.10",MUNICIPIUL IASI,95060,M,1,1437,1411,26,789,763,26,0,785,4,1600,811,283,502
24,IASI,11,0,"Scoala Generala nr.17 'I.Creanga' ,str.Pacurari ,nr.178",MUNICIPIUL IASI,95060,M,1,1948,1864,84,1159,1074,84,1,1154,5,2110,951,424,730
24,IASI,12,0,"Scoala Generala nr.38 'P.Poni' ,str.Pacurari ,nr.112",MUNICIPIUL IASI,95060,M,1,1598,1584,14,927,913,14,0,917,10,1700,773,301,616
24,IASI,13,0,"Scoala Generala nr.38 'P.Poni' ,str.Pacurari ,nr.112",MUNICIPIUL IASI,95060,M,1,1162,1145,17,749,732,17,0,743,6,1300,551,246,497
24,IASI,14,0,"Scoala Generala nr.17 'I.Creanga' ,str.Pacurari ,nr.178",MUNICIPIUL IASI,95060,M,1,1395,1378,17,761,743,17,1,754,7,1508,747,242,512
24,IASI,15,0,"Scoala Generala nr.38 'P.Poni' ,str.Pacurari ,nr.112",MUNICIPIUL IASI,95060,M,1,1210,1192,18,727,709,18,0,720,7,1299,572,290,430
24,IASI,16,0,"Scoala Generala nr.38 'P.Poni' ,str.Pacurari ,nr.112",MUNICIPIUL IASI,95060,M,1,1198,1179,19,747,725,19,3,745,2,1302,555,249,496
24,IASI,17,0,Sc. Generala nr.15 'Stefan Birsanescu' Str. Strapungerea Silvestru nr.12A,MUNICIPIUL IASI,95060,M,1,1364,1332,32,1266,815,32,419,1263,3,1500,234,315,948
24,IASI,18,0,Sc. Generala nr.15 'Stefan Birsanescu' Str. Strapungerea Silvestru nr.12A,MUNICIPIUL IASI,95060,M,1,1296,1275,21,1064,698,21,345,1060,4,1400,336,312,748
24,IASI,19,0,Sc. Generala nr.15 'Stefan Birsanescu' Str. Strapungerea Silvestru nr.12A,MUNICIPIUL IASI,95060,M,1,1021,1001,20,1189,637,20,532,1187,2,1500,311,311,876
24,IASI,20,0,Sc. Generala nr.15 'Stefan Birsanescu' Str. Strapungerea Silvestru nr.12A,MUNICIPIUL IASI,95060,M,1,1288,1262,26,1133,847,26,260,1128,5,1607,474,308,820
24,IASI,21,0,"Casa Studentilor ,Piata M.Eminescu",MUNICIPIUL IASI,95060,M,1,1311,1262,49,830,781,49,0,826,4,1400,570,270,556
24,IASI,22,0,Colegiul National str.Arcu Nr.2,MUNICIPIUL IASI,95060,M,1,1307,1285,22,888,864,22,2,883,5,1400,512,284,599
24,IASI,23,0,"Scoala Generala nr.31(corp C Colegiul National),str.Horia ,nr.10",MUNICIPIUL IASI,95060,M,1,1519,1497,22,908,885,22,1,900,8,1704,796,304,596
24,IASI,24,0,Colegiul National str.Arcu Nr.2,MUNICIPIUL IASI,95060,M,1,1013,986,27,693,664,27,2,688,5,1097,404,299,389
24,IASI,25,0,"Scoala Generala nr.31(corp C Colegiul National),str.Horia ,nr.10",MUNICIPIUL IASI,95060,M,1,1113,1068,45,712,657,45,10,709,3,1200,488,282,427
24,IASI,26,0,"Gradinita cu Program Prelungit nr.4 ,str.Sf.Andrei ,nr.73",MUNICIPIUL IASI,95060,M,1,1419,1383,36,799,758,36,5,797,2,1500,701,297,500
24,IASI,27,0,"Scoala Generala nr.1 'Gh.Asachi', bld. Stefan cel Mare si Sfant,nr.64",MUNICIPIUL IASI,95060,M,1,1029,1005,24,583,556,24,3,578,5,1102,519,275,303
24,IASI,28,0,"Colegiul C.Negruzzi ,str.Toma Cozma (Culturii) ,nr.4",MUNICIPIUL IASI,95060,M,1,1061,1021,40,692,647,40,5,688,4,1100,408,246,442
24,IASI,29,0,"Colegiul C.Negruzzi ,str.Toma Cozma (Culturii),nr.4",MUNICIPIUL IASI,95060,M,1,1008,973,35,695,651,35,9,691,4,1100,405,242,449
24,IASI,30,0,"Liceul Garabet Ibraileanu ,str.Oastei ,nr.1",MUNICIPIUL IASI,95060,M,1,1026,998,28,740,710,28,2,734,6,1100,360,309,425
24,IASI,31,0,"Liceul Garabet Ibraileanu ,str.Oastei ,nr.1",MUNICIPIUL IASI,95060,M,1,869,820,49,593,544,49,0,587,6,900,307,189,398
24,IASI,32,0,"Universitatea Agronomica 'Ion Ionescu de la Brad' ,Aleea M.Sadoveanu ,nr.3",MUNICIPIUL IASI,95060,M,1,1337,1311,26,877,849,26,2,872,5,1400,523,312,560
24,IASI,33,0,"Liceul de Informatica 'Grigore Moisil',str.Petre Andrei,nr.9",MUNICIPIUL IASI,95060,M,1,1240,1187,53,649,594,53,2,644,5,1300,651,236,408
24,IASI,34,0,"Liceul Garabet Ibraileanu ,str.Oastei ,nr.1",MUNICIPIUL IASI,95060,M,1,2097,2059,38,1354,1277,38,39,1344,10,2300,946,504,840
24,IASI,35,0,"Liceul M.Eminescu (local nou),str.Balcescu ,nr.10",MUNICIPIUL IASI,95060,M,1,1428,1402,26,923,897,26,0,920,3,1500,577,258,662
24,IASI,36,0,"Liceul M.Eminescu (local nou),str.Balcescu ,nr.10",MUNICIPIUL IASI,95060,M,1,550,531,19,427,324,19,84,427,0,600,173,128,299
24,IASI,37,0,"Scoala nr.28 (Liceul Emil Racovita),str.Sf.Teodor (spate bloc B1-5)",MUNICIPIUL IASI,95060,M,1,1300,1284,16,892,876,16,0,889,3,1392,500,257,632
24,IASI,38,0,"Grup Scolar U.C.E.C.O.M. ,b-ul C.A.Rosetti ,nr.12",MUNICIPIUL IASI,95060,M,1,1338,1315,23,700,674,23,3,689,11,1403,703,262,427
24,IASI,39,0,"Liceul Economic nr.1 ,str.Sararie ,nr.35",MUNICIPIUL IASI,95060,M,1,864,846,18,465,447,18,0,459,6,901,436,169,290
24,IASI,40,0,"Liceul Economic nr.1 ,str.Sararie ,nr.35",MUNICIPIUL IASI,95060,M,1,1054,1040,14,698,683,14,1,694,2,1200,504,224,470
24,IASI,41,0,"Scoala nr.8 'Carmen Sylva' ,str.Ghica Voda ,nr.24",MUNICIPIUL IASI,95060,M,1,1605,1583,22,943,919,22,2,938,5,1701,758,341,597
24,IASI,42,0,"Scoala U.C.E.C.O.M. ,b-ul C.A.Rosetti ,nr.2",MUNICIPIUL IASI,95060,M,1,1641,1588,53,819,760,53,6,807,12,1800,981,322,485
24,IASI,43,0,"Scoala Generala nr.5 'Calistrat Hogas' ,str.Ciric ,nr.23A",MUNICIPIUL IASI,95060,M,1,1095,1073,22,587,565,22,0,586,1,1200,613,224,362
24,IASI,44,0,"Scoala Generala nr.30 'C.Negri ' ,str.Eternitate ,nr.37",MUNICIPIUL IASI,95060,M,1,1047,1024,23,661,626,23,12,654,7,1100,439,203,451
24,IASI,45,0,"Scoala Generala nr.30 'C.Negri ' ,str.Eternitate ,nr.37",MUNICIPIUL IASI,95060,M,1,1506,1485,21,802,781,21,0,796,6,1600,798,290,506
24,IASI,46,0,"Scoala Generala nr.22 'B.P.Hasdeu ' ,str.I.Creanga ,nr.27",MUNICIPIUL IASI,95060,M,1,1325,1299,26,817,788,26,3,807,10,1500,683,350,457
24,IASI,47,0,"Scoala Generala nr.22 'B.P.Hasdeu ' ,str.I.Creanga ,nr.27",MUNICIPIUL IASI,95060,M,1,1329,1311,18,698,678,18,2,690,8,1500,802,282,408
24,IASI,48,0,"Liceul Al.I.Cuza ,str.I.Creanga ,nr.37",MUNICIPIUL IASI,95060,M,1,1064,1043,21,695,673,21,1,688,7,1101,406,273,415
24,IASI,49,0,"Liceul Al.I.Cuza ,str.I.Creanga ,nr.37",MUNICIPIUL IASI,95060,M,1,1010,990,20,659,639,20,0,654,5,1100,441,239,415
24,IASI,50,0,"Liceul Al.I.Cuza ,str.I.Creanga ,nr.37",MUNICIPIUL IASI,95060,M,1,1374,1363,11,834,823,11,0,822,12,1500,666,327,495
24,IASI,51,0,"Scoala nr.5 'Calistrat Hogas ' ,str.Ciric ,nr.23A",MUNICIPIUL IASI,95060,M,1,1140,1122,18,570,552,18,0,564,6,1200,630,263,301
24,IASI,52,0,"Scoala nr.5 'Calistrat Hogas ' ,str.Ciric ,nr.23A",MUNICIPIUL IASI,95060,M,1,1868,1841,27,892,862,27,3,868,24,2000,1108,377,491
24,IASI,53,0,"Scoala nr.18 'C.Conachi ' ,str.I.Creanga ,nr.109",MUNICIPIUL IASI,95060,M,1,1147,1127,20,719,699,20,0,714,5,1200,481,265,449
24,IASI,54,0,"Liceul Al.I.Cuza ,str.I.Creanga ,nr.37",MUNICIPIUL IASI,95060,M,1,1085,1073,12,675,662,12,1,674,1,1200,525,260,414
24,IASI,55,0,"Scoala nr.18 'C.Conachi ' ,str.I.Creanga ,nr.109",MUNICIPIUL IASI,95060,M,1,1889,1853,36,980,942,36,2,978,2,2008,1028,420,558
24,IASI,56,0,"Sala Sporturilor Gradinari ,B-ul Chimiei",MUNICIPIUL IASI,95060,M,1,1728,1696,32,767,735,32,0,765,2,1913,1146,269,496
24,IASI,57,0,"Sala Sporturilor Gradinari ,B-ul Chimiei",MUNICIPIUL IASI,95060,M,1,1922,1903,19,1011,992,19,0,1006,5,2105,1094,404,602
24,IASI,58,0,"Sala Sporturilor Gradinari ,B-ul Chimiei",MUNICIPIUL IASI,95060,M,1,1852,1836,16,944,926,16,2,940,4,2100,1156,374,566
24,IASI,59,0,"Sala Sporturilor Gradinari ,B-ul Chimiei",MUNICIPIUL IASI,95060,M,1,1998,1957,41,959,915,41,3,949,10,2200,1241,361,588
24,IASI,60,0,"Scoala nr.18 'C.Conachi' ,str.I.Creanga ,nr.109",MUNICIPIUL IASI,95060,M,1,1022,1003,19,473,451,19,3,471,2,1100,627,190,281
24,IASI,61,0,"Scoala nr.18 'C.Conachi' ,str.I.Creanga ,nr.109",MUNICIPIUL IASI,95060,M,1,1576,1537,39,716,675,39,2,710,6,1404,688,303,407
24,IASI,62,0,"Scoala nr.4 'I.Teodoreanu' ,str.Vasile Lupu ,nr.110B",MUNICIPIUL IASI,95060,M,1,1062,1031,31,577,546,31,0,573,4,1096,519,226,347
24,IASI,63,0,"Scoala nr.4 'I.Teodoreanu' ,str.Vasile Lupu ,nr.110B",MUNICIPIUL IASI,95060,M,1,1078,1013,65,694,624,65,5,685,9,1400,706,249,436
24,IASI,64,0,"Scoala nr.4 'I.Teodoreanu' ,str.Vasile Lupu ,nr.110B",MUNICIPIUL IASI,95060,M,1,1861,1842,19,944,922,19,3,934,10,2000,1056,408,526
24,IASI,65,0,"Scoala nr.10 'Gh.I.Brateanu' ,str.Ciornei ,nr.10",MUNICIPIUL IASI,95060,M,1,1339,1315,24,785,761,24,0,780,5,1500,715,328,452
24,IASI,66,0,"Scoala nr.4 'I.Teodoreanu' ,str.Vasile Lupu ,nr.110B",MUNICIPIUL IASI,95060,M,1,1437,1415,22,836,804,22,10,827,9,1600,764,297,530
24,IASI,67,0,"Scoala nr.10 'Gh.I.Brateanu' ,str.Ciornei ,nr.10",MUNICIPIUL IASI,95060,M,1,1472,1458,14,843,828,14,1,839,4,1600,757,305,534
24,IASI,68,0,"Scoala nr.4 'I.Teodoreanu' ,str.Vasile Lupu ,nr.110B",MUNICIPIUL IASI,95060,M,1,1333,1303,30,784,753,30,1,774,10,1400,616,342,432
24,IASI,69,0,"Scoala nr.10 'Gh.I.Brateanu' ,str.Ciornei ,nr.10",MUNICIPIUL IASI,95060,M,1,1684,1670,14,1117,1103,14,0,1110,7,1800,683,368,742
24,IASI,70,0,"Scoala nr.10 'Gh.I.Brateanu' ,str.Ciornei ,nr.10",MUNICIPIUL IASI,95060,M,1,1607,1590,17,760,741,17,2,755,5,1700,940,241,514
24,IASI,71,0,"Facultatea de Chimie ,b-ul D.Mangeron ,nr.71",MUNICIPIUL IASI,95060,M,1,1071,1008,63,685,620,63,2,680,5,1100,415,296,384
24,IASI,72,0,"Scoala nr.22 'B.P.Hasdeu' ,str.I.Creanga ,nr.27",MUNICIPIUL IASI,95060,M,1,1318,1276,42,645,603,42,0,642,3,1400,755,252,390
24,IASI,73,0,"Scoala nr.8 'Carmen Sylva' ,str.Ghica Voda ,nr.24",MUNICIPIUL IASI,95060,M,1,1153,1122,31,699,668,31,0,695,4,1200,501,275,420
24,IASI,74,0,"Facultatea de Constructii ,b-ul D.Mangeron ,nr.43",MUNICIPIUL IASI,95060,M,1,1369,1344,25,873,848,25,0,868,5,1500,627,321,547
24,IASI,75,0,"Facultatea de Constructii ,b-ul D.Mangeron ,nr.43",MUNICIPIUL IASI,95060,M,1,1582,1574,8,1027,1010,8,9,1020,7,1800,773,325,695
24,IASI,76,0,"Liceul V.Alecsandri ,str.C.Negri ,nr.50",MUNICIPIUL IASI,95060,M,1,909,889,20,611,589,20,2,607,4,1001,390,194,413
24,IASI,77,0,"Liceul V.Alecsandri ,str.C.Negri ,nr.50",MUNICIPIUL IASI,95060,M,1,1135,1110,25,738,709,25,4,733,5,1200,462,262,471
24,IASI,78,0,"Grup Scolar V.Pavelcu,str.I.C.Brateanu ,nr.26",MUNICIPIUL IASI,95060,M,1,1231,1186,45,785,735,45,5,782,3,1303,518,274,508
24,IASI,79,0,"Liceul 'V.Alecsandri' ,str.C.Negri ,nr.50",MUNICIPIUL IASI,95060,M,1,1296,1265,31,836,803,31,2,829,6,1401,566,276,553
24,IASI,80,0,"Liceul de Arta 'O.Bancila' ,str.I.C.Brateanu ,nr.1",MUNICIPIUL IASI,95060,M,1,1125,1100,25,769,744,25,0,760,9,1200,431,299,461
24,IASI,81,0,"Scoala nr.24 'Ion Ghica' ,str.Primaverii ,nr.38",MUNICIPIUL IASI,95060,M,1,1317,1216,101,696,595,101,0,684,12,1300,604,273,411
24,IASI,82,0,"Scoala nr.24 'Ion Ghica' ,str.Primaverii ,nr.38",MUNICIPIUL IASI,95060,M,1,1011,977,34,603,569,34,0,602,1,1100,497,255,347
24,IASI,83,0,"Scoala nr.24 'Ion Ghica' ,str.Primaverii ,nr.38",MUNICIPIUL IASI,95060,M,1,1257,1242,15,771,756,15,0,767,4,1400,629,296,471
24,IASI,84,0,"Scoala nr.11 'O.Cazimir' ,b-ul.Socola ,nr.13",MUNICIPIUL IASI,95060,M,1,1370,1332,38,788,750,38,0,781,7,1400,612,316,465
24,IASI,85,0,"Scoala nr.11 'O.Cazimir' ,b-ul.Socola ,nr.13",MUNICIPIUL IASI,95060,M,1,1186,1166,20,775,753,20,2,768,7,1300,525,314,454
24,IASI,86,0,"Scoala nr.11 'O.Cazimir' ,b-ul.Socola ,nr.13",MUNICIPIUL IASI,95060,M,1,1329,1307,22,768,744,22,2,763,5,1403,635,325,438
24,IASI,87,0,"Scoala nr.11 'O.Cazimir' ,b-ul.Socola ,nr.13",MUNICIPIUL IASI,95060,M,1,1135,1117,18,660,639,18,3,654,6,1200,540,286,368
24,IASI,88,0,"Liceul Emil Racovita ,Aleea Nicolina ,nr.3",MUNICIPIUL IASI,95060,M,1,976,943,33,589,553,33,3,587,2,1000,411,255,332
24,IASI,89,0,"Liceul Emil Racovita ,Aleea Nicolina ,nr.3",MUNICIPIUL IASI,95060,M,1,1364,1338,26,807,780,26,1,801,6,1500,693,368,433
24,IASI,90,0,"Liceul Emil Racovita ,Aleea Nicolina ,nr.3",MUNICIPIUL IASI,95060,M,1,1288,1266,22,742,720,22,0,737,5,1400,658,256,481
24,IASI,91,0,"Liceul Emil Racovita ,Aleea Nicolina ,nr.3",MUNICIPIUL IASI,95060,M,1,1293,1274,19,775,756,19,0,770,5,1405,630,316,454
24,IASI,92,0,"Liceul D.Cantemir ,str.Decebal ,nr.13",MUNICIPIUL IASI,95060,M,1,1122,1100,22,676,651,22,3,671,5,1200,524,309,362
24,IASI,93,0,"Liceul D.Cantemir ,str.Decebal ,nr.13",MUNICIPIUL IASI,95060,M,1,1018,1001,17,612,595,17,0,605,7,1100,488,248,357
24,IASI,94,0,"Liceul D.Cantemir ,str.Decebal ,nr.13",MUNICIPIUL IASI,95060,M,1,1739,1717,22,1050,1025,22,3,1045,5,1889,839,393,652
24,IASI,95,0,"Liceul D.Cantemir ,str.Decebal ,nr.13",MUNICIPIUL IASI,95060,M,1,1146,1121,25,686,661,25,0,680,6,1200,514,252,428
24,IASI,96,0,"Scoala nr.23 'Titu Maiorescu' ,Aleea Decebal ,nr.10",MUNICIPIUL IASI,95060,M,1,771,740,31,691,660,31,0,687,4,1200,509,252,435
24,IASI,97,0,"Scoala nr.23 'Titu Maiorescu' ,Aleea Decebal ,nr.10",MUNICIPIUL IASI,95060,M,1,953,939,14,563,549,14,0,558,5,1000,437,222,336
24,IASI,98,0,"Scoala nr.23 'Titu Maiorescu' ,Aleea Decebal ,nr.10",MUNICIPIUL IASI,95060,M,1,835,812,23,485,461,23,1,481,4,900,415,210,271
24,IASI,99,0,"Gradinita nr.23 ,sos.Nationala ,nr.45",MUNICIPIUL IASI,95060,M,1,894,868,26,525,499,26,0,519,6,1000,475,199,320
24,IASI,100,0,"Scoala nr.21 'Ion Neculce ' ,str.Romana ,nr.30",MUNICIPIUL IASI,95060,M,1,1076,1058,18,678,660,18,0,671,7,1201,523,283,388
24,IASI,101,0,"Scoala nr.21 'Ion Neculce ' ,srt.Romana ,nr.30",MUNICIPIUL IASI,95060,M,1,1012,994,18,573,555,18,0,565,8,900,327,197,368
24,IASI,102,0,"Scoala nr.21 'Ion Neculce ' ,srt.Romana ,nr.30",MUNICIPIUL IASI,95060,M,1,1235,1216,19,651,632,19,0,649,2,1302,651,291,358
24,IASI,103,0,"Scoala nr.21 'Ion Neculce ' ,srt.Romana ,nr.30",MUNICIPIUL IASI,95060,M,1,1391,1342,49,798,749,49,0,790,8,1500,702,327,463
24,IASI,104,0,"Casa Sindicatelor ,b-ul Socola ,nr.113",MUNICIPIUL IASI,95060,M,1,1195,1156,39,613,574,39,0,610,3,1300,687,188,422
24,IASI,105,0,"Casa Sindicatelor ,b-dul Socola ,nr.113",MUNICIPIUL IASI,95060,M,1,1778,1723,55,956,901,55,0,943,13,2000,1044,348,595
24,IASI,106,0,"Grup Scolar Ind.Usoara 'I.C.Stefanescu' (Victoria) ,b-dul Socola ,nr.53",MUNICIPIUL IASI,95060,M,1,1114,1059,55,636,581,55,0,636,0,1100,464,260,376
24,IASI,107,0,"Grup Scolar Ind.Usoara 'Victoria' ,b-dul Socola ,nr.53",MUNICIPIUL IASI,95060,M,1,1679,1638,41,776,735,41,0,766,10,1800,1024,310,456
24,IASI,108,0,"Grup Scolar de Constructii-Montaj 'A.Saligny' str.Bucium ,nr.17",MUNICIPIUL IASI,95060,M,1,1970,1951,19,1026,1002,19,5,1019,7,2200,1174,470,549
24,IASI,109,0,"Grup Scolar de Constructii-Montaj 'A.Saligny' str.Bucium ,nr.17",MUNICIPIUL IASI,95060,M,1,1999,1972,27,980,953,27,0,977,3,2200,1220,452,525
24,IASI,110,0,"Grup Scolar 'Tehnoton' din str.Mihail Sturza ,nr.43",MUNICIPIUL IASI,95060,M,1,2557,2378,179,1373,1192,179,2,1366,7,2600,1227,531,835
24,IASI,111,0,"Scoala Generala nr.2 'V.Micle' ,sos.Bucium ,nr.72",MUNICIPIUL IASI,95060,M,1,834,819,15,459,424,15,20,455,4,900,441,166,289
24,IASI,112,0,"Scoala Generala nr.2 'V.Micle' ,sos.Bucium ,nr.72",MUNICIPIUL IASI,95060,M,1,1543,1519,24,895,849,24,22,889,6,1700,805,392,497
24,IASI,113,0,"Grup Scolar de Constructii-Masini 'D.Mangeron' b-dul Poitiers ,nr.41",MUNICIPIUL IASI,95060,M,1,1618,1578,40,886,846,40,0,881,5,1709,823,350,531
24,IASI,114,0,"Grup Scolar de Constructii-Masini 'D.Mangeron' b-dul Poitiers ,nr.41",MUNICIPIUL IASI,95060,M,1,2520,2481,39,1065,1026,39,0,1060,5,2709,1644,388,672
24,IASI,115,0,"Scoala nr.43 'D.Sturza' ,str.Cetatuia ,nr.3",MUNICIPIUL IASI,95060,M,1,1539,1500,39,802,763,39,0,796,6,1700,898,326,470
24,IASI,116,0,"Scoala nr.43 'D.Sturza' ,str.Cetatuia ,nr.3",MUNICIPIUL IASI,95060,M,1,1740,1721,19,889,870,19,0,884,5,1900,1011,336,548
24,IASI,117,0,"Scoala nr.43 'D.Sturza' ,str.Cetatuia ,nr.3",MUNICIPIUL IASI,95060,M,1,1339,1317,22,668,646,22,0,664,4,1500,832,230,434
24,IASI,118,0,Scoala nr.36 (corp B) Scoala Veche de langa Pasaj Nicolina,MUNICIPIUL IASI,95060,M,1,1574,1562,12,857,843,12,2,848,9,1700,843,297,551
24,IASI,119,0,Scoala nr.36 (corp B) Scoala Veche de langa Pasaj Nicolina,MUNICIPIUL IASI,95060,M,1,1771,1746,25,977,952,25,0,973,4,1902,925,350,623
24,IASI,120,0,"Scoala nr.40 'Al.Russo' ,str.Libertatii ,nr.24",MUNICIPIUL IASI,95060,M,1,1933,1907,26,1037,1010,26,1,1030,7,2100,1063,411,619
24,IASI,121,0,"Scoala nr.40 'Al.Russo' ,str.Libertatii ,nr.24",MUNICIPIUL IASI,95060,M,1,2525,2489,36,1264,1228,36,0,1254,10,2700,1436,495,759
24,IASI,122,0,"Scoala nr.40 'Al.Russo' ,str.Libertatii ,nr.24",MUNICIPIUL IASI,95060,M,1,1550,1540,10,824,814,10,0,820,4,1700,876,250,570
24,IASI,123,0,"Scoala nr.40 'Al.Russo' ,str.Libertatii ,nr.24",MUNICIPIUL IASI,95060,M,1,1665,1649,16,822,806,16,0,821,1,1800,978,264,557
24,IASI,124,0,"Scoala nr.19 'Gh.Ghibanescu' ,Aleea Nicolina ,nr.167",MUNICIPIUL IASI,95060,M,1,1324,1308,16,677,661,16,0,673,4,1400,723,220,453
24,IASI,125,0,"Scoala nr.19 'Gh.Ghibanescu' ,Aleea Nicolina ,nr.167",MUNICIPIUL IASI,95060,M,1,1744,1717,27,956,929,27,0,946,10,1900,944,278,668
24,IASI,126,0,"Gradinita nr.26 ,sos.Nicolina ,nr56",MUNICIPIUL IASI,95060,M,1,1590,1572,18,1052,1027,18,7,1048,4,2100,1048,341,707
24,IASI,127,0,"Scoala nr.42 'N.Iorga' ,str.Hlincea ,nr.7",MUNICIPIUL IASI,95060,M,1,1273,1259,14,636,621,14,1,635,1,1400,764,224,411
24,IASI,128,0,"Scoala nr.42 'N.Iorga' ,str.Hlincea ,nr.7",MUNICIPIUL IASI,95060,M,1,1289,1270,19,665,646,19,0,662,3,1400,735,215,447
24,IASI,129,0,"Scoala nr.42 'N.Iorga' ,str.Hlincea ,nr.7",MUNICIPIUL IASI,95060,M,1,1742,1724,18,872,853,18,1,863,9,1900,1028,295,568
24,IASI,130,0,Pavilionul Administrativ 'FORTUS',MUNICIPIUL IASI,95060,M,1,2168,2134,34,1118,1082,34,2,1111,7,2400,1282,372,739
24,IASI,131,0,"Scoala nr.42 'N.Iorga' ,str.Hlincea ,nr.7",MUNICIPIUL IASI,95060,M,1,1997,1968,29,1035,1006,29,0,1026,9,2200,1165,346,680
24,IASI,132,0,"Scoala nr.42 'N.Iorga' ,str.Hlincea ,nr.7",MUNICIPIUL IASI,95060,M,1,1452,1435,17,699,682,17,0,696,3,1600,901,204,492
24,IASI,133,0,"Scoala nr.19 'Gh.Ghibanescu' ,Aleea Nicolina ,nr.167",MUNICIPIUL IASI,95060,M,1,1528,1507,21,852,831,21,0,847,5,1700,848,236,611
24,IASI,134,0,"Scoala nr.19 'Gh.Ghibanescu' ,Aleea Nicolina ,nr.167",MUNICIPIUL IASI,95060,M,1,2076,2049,27,1146,1117,27,2,1142,4,2300,1154,439,703
24,IASI,135,0,"Scoala nr.36 'V.Conta' ,str.Gh.Doja ,nr.2",MUNICIPIUL IASI,95060,M,1,2091,2060,31,1011,979,31,1,1008,3,2100,1089,383,625
24,IASI,136,0,"Centrul Scolar nr.2 'Ion Holban ,str.Pantelimon Halipa (Trotus),nr.16",MUNICIPIUL IASI,95060,M,1,1624,1595,29,898,869,29,0,894,4,1807,909,317,577
24,IASI,137,0,"Scoala nr.36 'V.Conta' ,str.Gh.Doja ,nr.2",MUNICIPIUL IASI,95060,M,1,1459,1445,14,796,781,14,1,790,6,1600,804,299,491
24,IASI,138,0,"Scoala nr.36 'V.Conta' ,str.Gh.Doja ,nr.2",MUNICIPIUL IASI,95060,M,1,1722,1688,34,918,884,34,0,912,6,1800,882,349,563
24,IASI,139,0,"Centrul Scolar nr.2 'Ion Holban ,str.Pantelimon Halipa (Trotus),nr.16",MUNICIPIUL IASI,95060,M,1,2258,2201,57,1033,973,57,3,1020,13,2400,1367,439,581
24,IASI,140,0,"Scoala nr.34 'I.Simionescu' ,str.Galata ,nr.42",MUNICIPIUL IASI,95060,M,1,2073,2062,11,1158,1146,11,1,1153,5,2302,1144,443,710
24,IASI,141,0,"Scoala nr.34 'I.Simionescu' ,str.Galata ,nr.42",MUNICIPIUL IASI,95060,M,1,1536,1520,16,887,869,16,2,886,1,1712,825,378,508
24,IASI,142,0,"Scoala nr.34 'I.Simionescu' ,str.Galata ,nr.42",MUNICIPIUL IASI,95060,M,1,1687,1621,66,888,822,66,0,883,5,1806,918,329,554
24,IASI,143,0,"Scoala nr.34 'I.Simionescu' ,str.Galata ,nr.42",MUNICIPIUL IASI,95060,M,1,1515,1497,18,819,801,18,0,815,4,1700,881,315,500
24,IASI,144,0,Scoala nr.16 'I.G.Duca',MUNICIPIUL IASI,95060,M,1,1919,1905,14,885,868,14,3,862,23,2100,1215,385,477
24,IASI,145,0,"Centrul de Zi 'ECHO' (fosta Scoala nr.27),str.Cicoarei ,nr.43",MUNICIPIUL IASI,95060,M,1,1745,1726,19,837,817,19,1,823,14,1900,1063,368,455
24,IASI,146,0,"Liceul Miron Costin (Scoala nr.25),str.Musatini ,nr2",MUNICIPIUL IASI,95060,M,1,1530,1513,17,845,828,17,0,838,7,1700,855,298,540
24,IASI,147,0,"Complexul Sportiv C.F.R. ,sos.Nationala ,nr.145",MUNICIPIUL IASI,95060,M,1,1641,1625,16,959,940,16,3,954,5,2000,1041,353,601
24,IASI,148,0,"Complexul Sportiv C.F.R. ,sos.Nationala ,nr.145",MUNICIPIUL IASI,95060,M,1,1631,1619,12,933,890,12,31,922,11,1800,867,375,547
24,IASI,149,0,"Gradinita nr.21 ,sos.Nationala ,nr.64",MUNICIPIUL IASI,95060,M,1,1472,1433,39,774,735,39,0,765,9,1600,826,316,449
24,IASI,150,0,"Gradinita nr.21 ,sos.Nationala ,nr.64",MUNICIPIUL IASI,95060,M,1,1592,1569,23,763,738,23,2,753,10,1700,937,329,424
24,IASI,151,0,"Scoala nr.7 'N.Tonitza' str.Plaiesilor ,nr.9",MUNICIPIUL IASI,95060,M,1,1792,1768,24,1022,998,24,0,1015,7,2000,978,394,621
24,IASI,152,0,"Gradinita nr.7 ,str.Plaiesilor ,nr.11",MUNICIPIUL IASI,95060,M,1,1899,1871,28,878,850,28,0,872,6,2100,1222,346,526
24,IASI,153,0,"Scoala nr.7 'N.Tonitza' str.Plaiesilor ,nr.9",MUNICIPIUL IASI,95060,M,1,1991,1967,24,1000,976,24,0,992,8,2200,1200,465,527
24,IASI,154,0,"Scoala nr.7 'N.Tonitza' str.Plaiesilor ,nr.9",MUNICIPIUL IASI,95060,M,1,1266,1255,11,665,654,11,0,662,3,1400,735,238,424
24,IASI,155,0,"Scoala nr.7 'N.Tonitza' str.Plaiesilor ,nr.9",MUNICIPIUL IASI,95060,M,1,1905,1880,25,978,953,25,0,966,12,2100,1122,490,476
24,IASI,156,0,"Scoala nr.13 'Alexandru Cel Bun' str.Musatini ,nr.53",MUNICIPIUL IASI,95060,M,1,1560,1536,24,776,752,24,0,765,11,1700,924,334,431
24,IASI,157,0,"Scoala nr.13 'Alexandru Cel Bun' str.Musatini ,nr.53",MUNICIPIUL IASI,95060,M,1,1596,1574,22,878,855,22,1,873,5,1700,822,368,505
24,IASI,158,0,"Scoala nr.7 'N.Tonitza' str.Plaiesilor ,nr.9",MUNICIPIUL IASI,95060,M,1,1486,1470,16,810,794,16,0,805,5,1600,790,324,481
24,IASI,159,0,"Scoala nr.13 'Alexandru Cel Bun' str.Musatini ,nr.53",MUNICIPIUL IASI,95060,M,1,1539,1521,18,978,960,18,0,970,8,1700,722,375,595
24,IASI,160,0,"Liceul Miron Costin (Scoala nr.25),str.Musatini ,nr.12",MUNICIPIUL IASI,95060,M,1,1541,1524,17,925,905,17,3,916,9,1700,775,373,543
24,IASI,161,0,"Scoala nr.13 'Alexandru Cel Bun' str.Musatini ,nr.53",MUNICIPIUL IASI,95060,M,1,1498,1471,27,779,752,27,0,779,0,1700,921,341,438
24,IASI,162,0,"Liceul Miron Costin (Scoala nr.25),str.Musatini ,nr.12",MUNICIPIUL IASI,95060,M,1,1391,1369,22,786,764,22,0,778,8,1500,714,340,438
24,IASI,163,0,"Liceul Miron Costin (Scoala nr.25),str.Musatini ,nr.12",MUNICIPIUL IASI,95060,M,1,1600,1583,17,889,872,17,0,879,10,1700,811,357,522
24,IASI,164,0,"Scoala nr.37 'Mitropolitul Dosoftei' ,str.Milcov ,nr.11",MUNICIPIUL IASI,95060,M,1,1871,1855,16,1013,995,16,2,1002,11,2000,987,403,599
24,IASI,165,0,"Scoala nr.37 'Mitropolitul Dosoftei' ,str.Milcov ,nr.11",MUNICIPIUL IASI,95060,M,1,1848,1814,34,955,921,34,0,944,11,2001,1046,389,555
24,IASI,166,0,"Scoala nr.37 'Mitropolitul Dosoftei' ,str.Milcov ,nr.11",MUNICIPIUL IASI,95060,M,1,1519,1494,25,869,844,25,0,864,5,1700,831,335,529
24,IASI,167,0,"Scoala nr.26 'George Cosbuc' ,str.I.Simionescu (Dreptatii),nr.11",MUNICIPIUL IASI,95060,M,1,1915,1876,39,1047,1008,39,0,1040,7,2023,976,404,636
24,IASI,168,0,"Scoala nr.26 'George Cosbuc' ,str.I.Simionescu (Dreptatii),nr.11",MUNICIPIUL IASI,95060,M,1,1748,1728,20,901,881,20,0,893,8,1900,999,392,501
24,IASI,169,0,"Scoala nr.26 'George Cosbuc' ,str.I.Simionescu (Dreptatii),nr.11",MUNICIPIUL IASI,95060,M,1,1147,1127,20,598,578,20,0,598,0,1200,602,270,328
24,IASI,170,0,"Scoala nr.26 'George Cosbuc' ,str.I.Simionescu (Dreptatii),nr.11",MUNICIPIUL IASI,95060,M,1,1141,1122,19,554,535,19,0,551,3,1100,546,213,338
24,IASI,171,0,"Scoala nr.26 'George Cosbuc' ,str.I.Simionescu (Dreptatii),nr.11",MUNICIPIUL IASI,95060,M,1,1383,1367,16,737,721,16,0,734,3,1499,762,263,471
24,IASI,172,0,"Scoala nr.26 'George Cosbuc' ,str.I.Simionescu (Dreptatii),nr.11",MUNICIPIUL IASI,95060,M,1,1224,1208,16,630,614,16,0,627,3,1300,670,314,313
24,IASI,173,0,"Scoala nr.26 'George Cosbuc' ,str.I.Simionescu (Dreptatii),nr.11",MUNICIPIUL IASI,95060,M,1,1257,1242,15,649,634,15,0,641,8,1400,751,248,393
24,IASI,174,0,"Scoala nr.26 'George Cosbuc' ,str.I.Simionescu (Dreptatii),nr.11",MUNICIPIUL IASI,95060,M,1,1345,1323,22,642,620,22,0,639,3,1401,759,222,417
24,IASI,175,0,"Scoala nr.3 'Al.Vlahuta' ,str.Buridava ,nr.10",MUNICIPIUL IASI,95060,M,1,2472,2452,20,1258,1238,20,0,1248,10,2700,1442,555,693
24,IASI,176,0,"Scoala nr.3 'Al.Vlahuta' ,str.Buridava ,nr.10",MUNICIPIUL IASI,95060,M,1,1451,1435,16,816,799,16,1,815,1,1600,784,339,476
24,IASI,177,0,"Scoala nr.39 'G.Calinescu' ,str.Amurgului ,nr.6",MUNICIPIUL IASI,95060,M,1,1219,1081,138,778,640,138,0,771,7,1200,422,221,550
24,IASI,178,0,"Scoala nr.39 'G.Calinescu' ,str.Amurgului ,nr.6",MUNICIPIUL IASI,95060,M,1,1986,1971,15,1090,1074,15,1,1084,6,2205,1115,375,709
24,IASI,179,0,"Scoala nr.39 'G.Calinescu' ,str.Amurgului ,nr.6",MUNICIPIUL IASI,95060,M,1,2518,2500,18,1330,1312,18,0,1314,16,3000,1670,548,766
24,IASI,180,0,"Scoala nr.39 'G.Calinescu' ,str.Amurgului ,nr.6",MUNICIPIUL IASI,95060,M,1,1752,1736,16,975,959,16,0,967,8,1900,925,365,602
24,IASI,181,0,"Scoala nr.3 'Al.Vlahuta' ,str.Buridava ,nr.10",MUNICIPIUL IASI,95060,M,1,787,770,17,359,342,17,0,353,6,900,541,149,204
24,IASI,182,0,"Scoala nr.3 'Al.Vlahuta' ,str.Buridava ,nr.10",MUNICIPIUL IASI,95060,M,1,1404,1389,15,725,710,15,0,721,4,1500,775,267,454
24,IASI,183,0,"Scoala nr.16 'I.G.Duca' ,str.Mircea Cel Batrin ,nr.12",MUNICIPIUL IASI,95060,M,1,1706,1688,18,888,869,18,1,873,15,1900,1012,386,487
24,IASI,184,0,"Scoala nr.16 'I.G.Duca' ,str.Mircea Cel Batrin ,nr.12",MUNICIPIUL IASI,95060,M,1,1618,1590,28,902,868,28,6,893,9,1800,898,391,502
24,IASI,185,0,"Scoala nr.16 'I.G.Duca' ,str.Mircea Cel Batrin ,nr.12",MUNICIPIUL IASI,95060,M,1,2147,2125,22,1081,1059,22,0,1070,11,2402,1321,474,596
24,IASI,186,0,"Scoala nr.16 'I.G.Duca' ,str.Mircea Cel Batrin ,nr.12",MUNICIPIUL IASI,95060,M,1,1893,1873,20,1093,1073,20,0,1087,6,2100,1007,371,716
24,IASI,187,0,"Scoala nr.34 'I.Simionescu' ,Cal.Galata ,nr.42",MUNICIPIUL IASI,95060,M,1,1664,1646,18,946,928,18,0,940,6,1800,854,346,594
24,IASI,188,0,"Liceul de Arta 'Octav Bancila' ,str.I.C.Brateanu ,nr.1",MUNICIPIUL IASI,95060,M,1,1383,1362,21,837,810,21,6,830,7,1500,663,308,522
24,IASI,189,1,"Spitalul Clinic C.F.R.,str.G.Ibraileanu,nr.1",MUNICIPIUL IASI,95060,M,1,0,0,0,169,0,0,169,166,3,300,131,93,73
24,IASI,190,1,"Spitalul Clinic Universitar nr.1 'Sf.Spiridon', b-dul.Independentei,nr.1",MUNICIPIUL IASI,95060,M,1,13,0,13,664,0,13,651,658,6,1206,542,361,297
24,IASI,191,1,"Spitalul Clinic nr.2 'Constantin I.Parhon', b-dul.Carol,nr.50",MUNICIPIUL IASI,95060,M,1,12,0,12,208,0,12,196,205,3,301,93,97,108
24,IASI,192,1,"Spitalul Clinic de Urgenta,str.General Berthelot,nr.2",MUNICIPIUL IASI,95060,M,1,73,0,73,292,0,73,219,291,1,501,209,148,143
24,IASI,193,1,"Spitalul Clinic de Boli Infectioase,str.Octav Botez,nr.2",MUNICIPIUL IASI,95060,M,1,12,0,12,161,0,12,149,160,1,402,241,78,82
24,IASI,194,1,"Spitalul Clinic de Pneumoftiziologie,str.Dr.I.Cihac,nr.30",MUNICIPIUL IASI,95060,M,1,11,0,11,118,0,11,107,118,0,200,82,61,57
24,IASI,195,1,"Spitalul Clinic de Pneumoftiziologie Sectia a II-a 'Pascanu',str.Spit.Pasc",MUNICIPIUL IASI,95060,M,1,9,0,9,67,0,9,58,67,0,100,33,44,23
24,IASI,196,1,"Spitalul Clinic nr.3 de Neurochirurgie 'Sf.Treime',str.Ateneului,nr.2",MUNICIPIUL IASI,95060,M,1,13,0,13,269,0,13,256,267,2,500,231,128,139
24,IASI,197,1,"Spitalul Clinic de Copii 'Sf.Maria',str.Vasile Lupu,nr.62",MUNICIPIUL IASI,95060,M,1,9,0,9,225,0,9,216,223,2,500,275,107,116
24,IASI,198,1,"Spitalul Clinic de Obstret. si Ginec.'Elena Doamna',str.E.Doamna,nr.49",MUNICIPIUL IASI,95060,M,1,11,0,11,60,0,11,49,59,1,602,542,36,23
24,IASI,199,1,"Spitalul Clinic de Obstret. si Ginec. 'Cuza Voda',str.Cuza Voda,nr.34",MUNICIPIUL IASI,95060,M,1,13,0,13,143,0,13,130,142,1,300,157,77,65
24,IASI,200,1,"Spitalul Clinic Universitar nr.7 de Psihiatrie 'Socola',sos.Bucium,.nr.36",MUNICIPIUL IASI,95060,M,1,10,0,10,225,0,10,215,220,5,704,479,111,109
24,IASI,201,1,"Spitalul Clinic de Recuperare,str.Pantelimon Halipa (Trotus),nr.14",MUNICIPIUL IASI,95060,M,1,11,0,11,347,0,11,336,340,7,698,351,200,140
24,IASI,202,1,"Spitalul Pentru Studenti si Elevi,str.Gh.Asachi,nr.20",MUNICIPIUL IASI,95060,M,1,10,0,10,312,0,10,302,310,2,800,488,61,249
24,IASI,203,1,Camin T2 - Complex Tudor Vladimirescu,MUNICIPIUL IASI,95060,M,1,14,0,14,893,0,14,879,888,5,1000,107,215,673
24,IASI,204,1,Camin T6 - Complex Tudor Vladimirescu,MUNICIPIUL IASI,95060,M,1,8,0,8,715,0,8,707,712,3,1013,298,162,550
24,IASI,205,1,Camin T10 - Complex Tudor Vladimirescu,MUNICIPIUL IASI,95060,M,1,11,0,11,622,0,11,611,622,0,1000,378,123,499
24,IASI,206,1,Camin T12 - Complex Tudor Vladimirescu,MUNICIPIUL IASI,95060,M,1,10,0,10,364,0,10,354,363,1,700,336,65,298
24,IASI,207,1,Camin T14 - Complex Tudor Vladimirescu,MUNICIPIUL IASI,95060,M,1,14,0,14,476,0,14,462,474,2,1106,630,102,372
24,IASI,208,1,Camin T17 - Complex Tudor Vladimirescu,MUNICIPIUL IASI,95060,M,1,10,0,10,629,0,10,619,628,1,1202,573,143,485
24,IASI,209,1,Camin T18 - Complex Tudor Vladimirescu,MUNICIPIUL IASI,95060,M,1,11,0,11,579,0,11,568,579,0,1100,521,104,475
24,IASI,210,1,Camin C10 - Complex Codrescu,MUNICIPIUL IASI,95060,M,1,9,0,9,390,0,9,381,389,1,800,410,105,284
24,IASI,211,1,Camin C2 - Targusor Copou,MUNICIPIUL IASI,95060,M,1,13,0,13,682,0,13,669,672,10,1505,823,127,545
24,IASI,212,1,Camin C2 - Targusor Copou,MUNICIPIUL IASI,95060,M,1,17,0,17,940,0,17,923,934,6,1500,560,229,705
24,IASI,213,1,Camin C6 - Complex Titu Maiorescu,MUNICIPIUL IASI,95060,M,1,10,0,10,640,0,10,630,638,2,1205,565,142,496
24,IASI,214,1,Camin C7 - Complex Titu Maiorescu,MUNICIPIUL IASI,95060,M,1,16,0,16,584,0,16,568,582,2,1102,518,136,446
24,IASI,215,1,"Colegiul Tehnic 'Gheorghe Asachi',str.M.Costachescu",MUNICIPIUL IASI,95060,M,1,20,0,20,581,0,20,561,579,2,1200,619,140,439
24,IASI,216,1,"Facultatea de Medicina Veterinara,aleea M.Sadoveanu.nr.8",MUNICIPIUL IASI,95060,M,1,12,0,12,645,0,12,633,643,2,1404,759,189,454
24,IASI,217,1,"Grup Scolar 'V.Pavelcu',str.I.C.Bratianu,nr.26",MUNICIPIUL IASI,95060,M,1,9,0,9,68,0,9,59,67,1,200,132,36,31
24,IASI,218,1,"Centrul Scolar nr.2 'Ion Holban',str.P.Halipa,nr.16",MUNICIPIUL IASI,95060,M,1,11,0,11,88,0,11,77,86,2,100,12,53,33
24,IASI,219,1,"Caminul de Batrani 'Sf.Constantin',str.Sf.Constantin,nr.1",MUNICIPIUL IASI,95060,M,1,11,0,11,132,0,11,121,130,2,201,69,85,45
24,IASI,220,1,"Caminul de Pensionari 'Sf.Paraschieva',str.Codrescu,nr.6",MUNICIPIUL IASI,95060,M,1,223,211,12,221,209,12,0,216,5,300,79,135,81
24,IASI,221,1,"Str.Dr.Vicol,nr.10",MUNICIPIUL IASI,95060,M,1,250,224,26,233,207,26,0,225,8,303,70,102,123
24,IASI,222,1,Gara C.F.R. Iasi,MUNICIPIUL IASI,95060,M,1,9,0,9,1944,0,9,1935,1933,11,2404,460,413,1520
24,IASI,223,1,Gara Internationala Nicolina,MUNICIPIUL IASI,95060,M,1,12,0,12,1647,0,12,1635,1639,8,2000,353,378,1261
24,IASI,224,1,"Scoala Generala nr.18 'C.Conachi',str.I.Creanga,nr.109",MUNICIPIUL IASI,95060,M,1,10,0,10,117,0,10,107,117,0,205,88,79,38
24,IASI,225,1,"Colegiul Tehnic 'Gh.Asachi',str.Sarariei,nr.189",MUNICIPIUL IASI,95060,M,1,10,0,10,67,0,10,57,64,3,200,133,21,43
24,IASI,226,1,"B-dul.Poitiers,nr.18-22",MUNICIPIUL IASI,95060,M,1,20,0,20,228,0,20,208,225,3,301,73,122,103
24,IASI,227,0,"Casa de Cultura "" M.Sadoveanu "",Piata Moldovei,nr.2",MUNICIPIUL PASCANI,95391,M,1,1362,1351,11,789,778,11,0,786,3,1500,711,355,431
24,IASI,228,0,"Casa de Cultura "" M.Sadoveanu "",Piata Moldovei,nr.2",MUNICIPIUL PASCANI,95391,M,1,1569,1556,13,899,885,13,1,887,12,1700,801,428,459
24,IASI,229,0,"Scoala Fintinele,str.Dragos Voda,nr.59",MUNICIPIUL PASCANI,95391,M,1,1449,1414,35,805,770,35,0,800,5,1600,795,380,420
24,IASI,230,0,"S.C. Alimenco S.A.,str.N.Iorga,nr.21",MUNICIPIUL PASCANI,95391,M,1,1402,1383,19,782,763,19,0,770,12,1500,718,450,320
24,IASI,231,0,"Scoala Generala nr.3 'I.Cantacuzino',str.Stefan cel Mare,nr.19",MUNICIPIUL PASCANI,95391,M,1,1687,1664,23,1018,995,23,0,1011,7,1800,782,426,585
24,IASI,232,0,"Gradinita Vatra,str.Stefan cel Mare,nr.154",MUNICIPIUL PASCANI,95391,M,1,1592,1565,27,905,878,27,0,896,9,1700,795,503,393
24,IASI,233,0,"Liceul  "" M. Sadoveanu "",str.Sportuului,nr.4",MUNICIPIUL PASCANI,95391,M,1,1474,1461,13,815,802,13,0,805,10,1600,785,414,391
24,IASI,234,0,"Liceul  "" M. Sadoveanu "",str.Sportuului,nr.4",MUNICIPIUL PASCANI,95391,M,1,1306,1282,24,727,703,24,0,715,12,1400,673,343,372
24,IASI,235,0,"Gradinita S.C. Siretul S.A.,,str.Sportuului,nr.11",MUNICIPIUL PASCANI,95391,M,1,1851,1838,13,925,911,13,1,919,6,2000,1075,445,474
24,IASI,236,0,"Scoala nr.5 "" N.Iorga"",str.E.Stamate,nr.8",MUNICIPIUL PASCANI,95391,M,1,1923,1904,19,1083,1061,19,3,1078,5,2100,1017,410,668
24,IASI,237,0,"Scoala Ajutatoare,str.Garii,nr.97",MUNICIPIUL PASCANI,95391,M,1,1741,1721,20,918,897,20,1,906,12,1900,982,501,405
24,IASI,238,0,"Grupul Scolar CF 'Unirea',str.Ceferistilor,nr.3",MUNICIPIUL PASCANI,95391,M,1,1935,1904,31,984,953,31,0,970,14,2100,1116,476,494
24,IASI,239,0,"Grupul Scolar CF 'Unirea',str.Ceferistilor,nr.3",MUNICIPIUL PASCANI,95391,M,1,1988,1967,21,995,973,21,1,989,6,2200,1205,510,479
24,IASI,240,0,"Scoala nr.4 ""M.Costin"",str.Izvoarelor,nr.11",MUNICIPIUL PASCANI,95391,M,1,2285,2264,21,1119,1098,21,0,1114,5,2500,1381,549,565
24,IASI,241,0,"Scoala nr.4 ""M.Costin"",str.Izvoarelor,nr.11",MUNICIPIUL PASCANI,95391,M,1,2292,2270,22,1186,1164,22,0,1179,7,2500,1314,578,601
24,IASI,242,0,"Scoala nr.6 ""M.Busuioc"",Al.22 decembrie,nr.2",MUNICIPIUL PASCANI,95391,M,1,1487,1464,23,819,792,23,4,816,3,1600,781,352,464
24,IASI,243,0,"Scoala nr.6 ""M.Busuioc"",Al.22 decembrie,nr.2",MUNICIPIUL PASCANI,95391,M,1,1353,1300,53,755,679,53,23,752,3,1405,650,404,348
24,IASI,244,0,"Scoala Blagesti,str.A.Iancu,nr.36",MUNICIPIUL PASCANI,95391,M,1,1180,1164,16,759,743,16,0,754,5,1300,541,428,326
24,IASI,245,0,"Scoala Lunca,str.M.Viteazu,nr.172",MUNICIPIUL PASCANI,95391,M,1,1142,1137,5,737,724,5,8,726,11,1295,558,475,251
24,IASI,246,0,"Scoala Lunca,str.M.Viteazu,nr.172",MUNICIPIUL PASCANI,95391,M,1,867,852,15,589,574,15,0,573,16,902,313,434,139
24,IASI,247,0,"Scoala Gistesti,str.Gastesti,nr.23",MUNICIPIUL PASCANI,95391,M,1,971,950,21,596,575,21,0,582,14,1000,404,365,217
24,IASI,248,0,"Scoala Gistesti,str.Gastesti,nr.23",MUNICIPIUL PASCANI,95391,M,1,1361,1348,13,980,967,13,0,968,12,1500,520,687,281
24,IASI,249,0,"Scoala Bosteni,str.I.Creanga,nr.45",MUNICIPIUL PASCANI,95391,M,1,970,963,7,692,655,7,30,678,14,1000,308,465,213
24,IASI,250,0,"Scoala Sodomeni,str.13 Decembrie",MUNICIPIUL PASCANI,95391,M,1,1101,1071,30,776,714,30,32,763,13,1200,424,579,184
24,IASI,251,1,"Gara C.F.Pascani,str.Garii,nr.36",MUNICIPIUL PASCANI,95391,M,1,9,0,9,800,0,9,791,787,13,2000,1200,346,441
24,IASI,252,1,"Spitalul Municipal,str.Gradinitei,nr.5",MUNICIPIUL PASCANI,95391,M,1,9,0,9,187,0,9,178,185,2,400,213,127,58
24,IASI,253,1,"Spitalul CF Pascani,str.M.Kogalniceanu,nr.24",MUNICIPIUL PASCANI,95391,M,1,9,0,9,128,0,9,119,126,2,200,72,92,34
24,IASI,254,0,"Liceul teoretic ""Stefan cel Mare"",str.M.Eminescu,nr.3",ORAS HARLAU,95355,O,1,1928,1905,23,1116,1041,23,52,1096,20,2104,988,684,412
24,IASI,255,0,"Cantina SC CONSTRUCT SA,str.Vasile Gheorghiu,nr.1",ORAS HARLAU,95355,O,1,2151,2129,22,1200,1177,22,1,1193,7,2300,1100,586,607
24,IASI,256,0,"Gradinita nr.2,str.Stefan cel Mare,nr.17",ORAS HARLAU,95355,O,1,2367,2350,17,1432,1220,17,195,1411,21,2600,1168,822,589
24,IASI,257,0,"Scoala Generala Pircovaci,sat Pircovaci",ORAS HARLAU,95355,O,1,1415,1398,17,897,880,17,0,883,14,1503,606,722,161
24,IASI,258,0,"Camin Cultural Pircovaci,sat Pircovaci",ORAS HARLAU,95355,O,1,1193,1178,15,695,680,15,0,685,10,1303,608,577,108
24,IASI,259,0,Scoala Generala nr.3,ORAS TARGU FRUMOS,95471,O,1,1793,1767,26,922,896,26,0,909,13,1900,978,579,330
24,IASI,260,0,"SC ""MECROM-SERVICE"" SA",ORAS TARGU FRUMOS,95471,O,1,1586,1573,13,775,762,13,0,765,10,1700,925,368,397
24,IASI,261,0,Casa de Cultura,ORAS TARGU FRUMOS,95471,O,1,1613,1599,14,762,748,14,0,753,9,1800,1038,357,396
24,IASI,262,0,Scoala Profesionala Speciala,ORAS TARGU FRUMOS,95471,O,1,1794,1771,23,948,896,23,29,933,15,1900,952,396,537
24,IASI,263,0,"Liceul ""Ion Neculce""",ORAS TARGU FRUMOS,95471,O,1,1814,1779,35,1146,845,35,266,1135,11,1900,754,559,576
24,IASI,264,0,"Scoala ""Garabet Ibraileanu""",ORAS TARGU FRUMOS,95471,O,1,2012,1976,36,985,949,36,0,975,10,2200,1215,453,522
24,IASI,265,0,Scoala Generala A.I.Cuza,ALEXANDRU I. CUZA,95612,C,3,573,570,3,353,304,3,46,349,4,600,247,254,95
24,IASI,266,0,Scoala Generala Scheia,ALEXANDRU I. CUZA,95612,C,3,1025,1020,5,472,445,5,22,464,8,1100,628,352,112
24,IASI,267,0,Scoala Generala Volintiresti,ALEXANDRU I. CUZA,95612,C,3,663,654,9,469,427,9,33,463,6,700,231,374,89
24,IASI,268,0,Scoala generala Andrieseni,ANDRIESENI,95667,C,3,1524,1454,70,820,698,70,52,804,16,1500,680,590,214
24,IASI,269,0,Scoala generala Buhaeni,ANDRIESENI,95667,C,3,540,497,43,337,264,43,30,330,7,600,263,274,56
24,IASI,270,0,Scoala generala Spineni,ANDRIESENI,95667,C,3,851,778,73,470,374,73,23,459,11,900,430,370,89
24,IASI,271,0,Scoala generala Glavanesti,ANDRIESENI,95667,C,3,635,604,31,361,311,31,19,356,5,700,339,305,51
24,IASI,272,0,Scoala generala Aroneanu,ARONEANU,95747,C,3,892,884,8,564,503,8,53,557,7,1000,436,334,223
24,IASI,273,0,Scoala generala Dorobant,ARONEANU,95747,C,3,781,771,10,502,453,10,39,490,12,803,301,294,196
24,IASI,274,0,Scoala generala Rediu-Aldei,ARONEANU,95747,C,3,277,261,16,210,181,16,13,208,2,300,90,149,59
24,IASI,275,0,Scoala generala Sorogari,ARONEANU,95747,C,3,132,125,7,88,66,7,15,86,2,200,112,52,34
24,IASI,276,0,Scoala generala Bals,BALS,100273,C,3,1079,1068,11,638,627,11,0,605,33,1201,563,477,128
24,IASI,277,0,Scoala generala Boureni,BALS,100273,C,3,1218,1186,32,693,661,32,0,673,20,1302,609,534,139
24,IASI,278,0,Scoala generala Coasta Magurii,BALS,100273,C,3,195,184,11,132,121,11,0,128,4,200,68,86,42
24,IASI,279,0,Scoala generala Baltati,BALTATI,95792,C,3,1350,1292,58,767,708,58,1,757,10,1401,634,524,233
24,IASI,280,0,Scoala generala Sirca,BALTATI,95792,C,3,807,777,30,547,483,30,34,540,7,900,353,394,146
24,IASI,281,0,Scoala generala Madarjesti,BALTATI,95792,C,3,736,696,40,406,366,40,0,402,4,805,399,278,124
24,IASI,282,0,Scoala generala Valea Oilor,BALTATI,95792,C,3,570,539,31,346,315,31,0,343,3,600,254,218,125
24,IASI,283,0,Scoala generala Podisu,BALTATI,95792,C,3,426,406,20,267,247,20,0,266,1,500,233,225,41
24,IASI,284,0,Caminul cultural Birnova,BARNOVA,95088,C,3,1047,1038,9,559,500,9,50,548,11,1104,545,301,247
24,IASI,285,0,Caminul cultural Paun,BELCESTI,95872,C,3,686,672,14,415,341,14,60,410,5,700,285,235,175
24,IASI,286,0,Scoala primara Todirel,BELCESTI,95872,C,3,403,378,25,235,193,25,17,222,13,402,167,163,59
24,IASI,287,0,Scoala primara Pietrarie,BELCESTI,95872,C,3,425,400,25,257,197,25,35,252,5,402,145,143,109
24,IASI,288,0,Scoala primara Visan,BELCESTI,95872,C,3,249,236,13,107,70,13,24,104,3,300,193,56,48
24,IASI,289,0,"Scoala generala Belcesti,cladirea spiru Haret,sala din stanga",BELCESTI,95872,C,3,1317,1184,133,519,355,133,31,514,5,1100,581,351,163
24,IASI,290,0,"Scoala generala Belcesti,cladirea spiru Haret,sala din dreapta",BELCESTI,95872,C,3,1380,1090,290,710,404,290,16,702,8,1400,690,548,154
24,IASI,291,0,Scoala generala Rusi,BELCESTI,95872,C,3,1674,1553,121,734,562,121,51,720,14,1700,966,593,127
24,IASI,292,0,Scoala generala Satu Nou,BELCESTI,95872,C,3,1331,1319,12,787,651,12,124,773,14,1400,613,615,158
24,IASI,293,0,Scoala generala Munteni,BELCESTI,95872,C,3,975,933,42,562,499,42,21,559,3,1000,438,483,76
24,IASI,294,0,Scoala generala Tansa,BELCESTI,95872,C,3,807,776,31,475,413,31,31,465,10,907,432,377,88
24,IASI,295,0,Scoala generala Liteni,BELCESTI,95872,C,3,1047,990,57,644,582,57,5,635,9,1100,456,557,78
24,IASI,296,0,Scoala generala Ulmi,BELCESTI,95872,C,3,546,536,10,386,331,10,45,383,3,600,214,317,66
24,IASI,297,0,Scoala generala cl.I-VIII Bivolari,BIVOLARI,95943,C,3,2492,2471,21,1239,1214,21,4,1203,36,2700,1461,838,365
24,IASI,298,0,Scoala generala cl.I-VIII Tabara,BIVOLARI,95943,C,3,1028,979,49,557,508,49,0,550,7,1100,543,469,81
24,IASI,299,0,Scoala Braesti,BRAESTI,96058,C,3,1137,1127,10,512,499,10,3,489,23,1200,688,373,116
24,IASI,300,0,Scoala Cristesti,BRAESTI,96058,C,3,1479,1454,25,613,588,25,0,601,12,1600,987,462,139
24,IASI,301,0,Caminul Cultural Butea,BUTEA,96110,C,3,1560,1557,3,636,631,3,2,626,10,1700,1064,392,234
24,IASI,302,0,Gradinita nr.1 Butea,BUTEA,96110,C,3,1477,1472,5,632,609,5,18,625,7,1600,968,425,200
24,IASI,303,0,Scoala Generala cl. I.-IV Miclauseni,BUTEA,96110,C,3,326,321,5,201,178,5,18,193,8,400,199,135,58
24,IASI,304,0,Scoala generala Ceplenita,CEPLENITA,96147,C,3,1217,1198,19,725,706,19,0,714,11,1300,575,610,104
24,IASI,305,0,Scoala generala Buhalnita,CEPLENITA,96147,C,3,1312,1282,30,723,693,30,0,714,9,1400,677,579,135
24,IASI,306,0,Scoala generala Poiana Marului,CEPLENITA,96147,C,3,779,769,10,394,384,10,0,385,9,900,506,330,55
24,IASI,307,0,Scoala generala Zlodica,CEPLENITA,96147,C,3,257,245,12,152,140,12,0,145,7,300,148,117,28
24,IASI,308,0,Camin Cultural Ciortesti,CIORTESTI,96192,C,3,1578,1561,17,863,803,17,43,853,10,1700,837,626,227
24,IASI,309,0,Scoala generala Coropceni,CIORTESTI,96192,C,3,947,901,46,577,531,46,0,570,7,1000,423,465,105
24,IASI,310,0,Scoala generala Serbesti,CIORTESTI,96192,C,3,734,695,39,445,406,39,0,436,9,800,355,368,68
24,IASI,311,0,Scoala generala Rotaria,CIORTESTI,96192,C,3,309,289,20,191,170,20,1,186,5,300,109,170,16
24,IASI,312,0,Scoala generala Ciurea,CIUREA,96254,C,3,1793,1745,48,749,676,48,25,745,4,1900,1151,378,367
24,IASI,313,0,Scoala generala nr.9 Lunca Cetatuii,CIUREA,96254,C,3,1833,1805,28,1008,902,28,78,1004,4,1800,792,445,559
24,IASI,314,0,Scoala Generala nr.11 Lunca Cetatuii,CIUREA,96254,C,3,1269,1149,120,733,538,120,75,726,7,1400,667,345,381
24,IASI,315,0,Scoala Zanea,CIUREA,96254,C,3,435,426,9,211,176,9,26,203,8,500,289,181,22
24,IASI,316,0,Scoala Dumbrava,CIUREA,96254,C,3,932,885,47,477,415,47,15,466,11,1000,523,250,216
24,IASI,317,0,Scoala Piciorul Lupului,CIUREA,96254,C,3,489,450,39,301,238,39,24,290,11,500,199,189,101
24,IASI,318,0,Scoala Slobozia,CIUREA,96254,C,3,376,362,14,271,228,14,29,262,9,400,129,194,68
24,IASI,319,0,Scoala Curaturi,CIUREA,96254,C,3,203,191,12,111,90,12,9,108,3,200,89,63,45
24,IASI,320,0,Scoala Hlincea,CIUREA,96254,C,3,108,91,17,96,47,17,32,95,1,100,4,48,47
24,IASI,321,0,Scoala generala Coarnele Caprei,COARNELE CAPREI,96334,C,3,2063,2023,40,1115,1073,40,2,1101,14,2216,1101,937,164
24,IASI,322,0,Scoala generala Arama,COARNELE CAPREI,96334,C,3,374,360,14,195,181,14,0,190,5,400,205,161,29
24,IASI,323,0,Scoala generala Petrosica,COARNELE CAPREI,96334,C,3,117,84,33,99,66,33,0,97,2,200,101,87,10
24,IASI,324,0,Scoala nr. 1 Comarna,COMARNA,96370,C,3,1046,939,107,639,490,107,42,624,15,1100,461,467,157
24,IASI,325,0,Scoala nr.2 Comarna,COMARNA,96370,C,3,875,798,77,602,486,77,39,591,11,900,298,487,104
24,IASI,326,0,Scoala generala Osoi,COMARNA,96370,C,3,1476,1462,14,839,754,14,71,815,24,1700,861,528,287
24,IASI,327,0,Scoala generala Stinca,COMARNA,96370,C,3,205,194,11,114,92,11,11,112,2,200,86,84,28
24,IASI,328,0,Scoala generala Curagau,COMARNA,96370,C,3,93,84,9,72,55,9,8,71,1,100,28,56,15
24,IASI,329,0,Scoala generala nr.1 Costesti,COSTESTI,100282,C,3,649,598,51,376,306,51,19,365,11,699,323,261,104
24,IASI,330,0,"Scoala generala nr.2 Pietrisu de Jos, Costesti",COSTESTI,100282,C,3,452,432,20,251,213,20,18,248,3,499,248,184,64
24,IASI,331,0,Scoala generala Giurgesti,COSTESTI,100282,C,3,393,380,13,248,209,13,26,246,2,400,152,197,49
24,IASI,332,0,Scoala generala Costuleni,COSTULENI,96423,C,3,1231,1202,29,782,721,29,32,767,15,1303,521,626,141
24,IASI,333,0,Anexa Salii Polivalente Covasna,COSTULENI,96423,C,3,1128,1078,50,819,705,50,64,802,17,1200,381,680,122
24,IASI,334,0,Scoala generala Cozia,COSTULENI,96423,C,3,908,904,4,608,555,4,49,597,11,1000,392,464,133
24,IASI,335,0,Scoala generala Hilita,COSTULENI,96423,C,3,706,681,25,468,422,25,21,458,10,700,232,311,147
24,IASI,336,0,Scoala generala Cotnari,COTNARI,96478,C,3,1416,1399,17,748,728,17,3,732,16,1502,754,496,236
24,IASI,337,0,Scoala generala Bahlui,COTNARI,96478,C,3,279,269,10,150,140,10,0,149,1,300,150,120,29
24,IASI,338,0,Scoala generala Hodora,COTNARI,96478,C,3,1225,1208,17,724,707,17,0,707,17,1300,576,505,202
24,IASI,339,0,Scoala generala Horodistea,COTNARI,96478,C,3,537,523,14,275,261,14,0,271,4,602,327,188,83
24,IASI,340,0,Scoala generala Cirjoaia,COTNARI,96478,C,3,1442,1423,19,700,681,19,0,687,13,1600,900,427,260
24,IASI,341,0,Scoala generala Valea - Racului,COTNARI,96478,C,3,277,269,8,146,138,8,0,144,2,307,161,112,32
24,IASI,342,0,Scoala generala Zbereni,COTNARI,96478,C,3,640,629,11,331,320,11,0,323,8,700,369,231,92
24,IASI,343,0,Scoala generala Luparia,COTNARI,96478,C,3,296,287,9,165,156,9,0,164,1,300,135,139,25
24,IASI,344,0,Scoala generala Cozmesti,COZMESTI,96593,C,3,1204,1192,12,619,586,12,21,603,16,1300,681,427,176
24,IASI,345,0,Scoala noua Podoleni de Sus,COZMESTI,96593,C,3,770,757,13,487,432,13,42,479,8,800,313,295,184
24,IASI,346,0,Scoala generala Podoleni de Jos,COZMESTI,96593,C,3,285,266,19,207,181,19,7,207,0,300,93,109,98
24,IASI,347,0,Scoala nr.1 Cristesti - corp B sala A,CRISTESTI,96637,C,3,1204,1160,44,663,617,44,2,652,11,1306,643,497,155
24,IASI,348,0,Scoala nr.1 Cristesti - corp B sala B,CRISTESTI,96637,C,3,1003,979,24,554,528,24,2,547,7,1097,543,415,132
24,IASI,349,0,Scoala nr.3 Heresti,CRISTESTI,96637,C,3,750,742,8,397,389,8,0,390,7,800,403,296,94
24,IASI,350,0,Scoala primara Homita,CRISTESTI,96637,C,3,320,303,17,185,168,17,0,180,5,400,215,138,42
24,IASI,351,0,Gradinita de copii Cucuteni,CUCUTENI,96664,C,3,1094,1088,6,640,633,6,1,630,10,1200,560,508,122
24,IASI,352,0,Scoala generala Dagata,DAGATA,96717,C,3,1844,1773,71,948,877,71,0,935,13,2000,1052,666,269
24,IASI,353,0,Scoala generala Manastirea,DAGATA,96717,C,3,1348,1313,35,743,708,35,0,728,15,1400,657,579,149
24,IASI,354,0,Scoala Piscu Rusului,DAGATA,96717,C,3,375,354,21,198,177,21,0,196,2,400,202,141,55
24,IASI,355,0,Camin cultural Deleni,DELENI,96815,C,3,1886,1635,251,965,712,251,2,950,15,1800,835,684,266
24,IASI,356,0,Gradinita Deleni,DELENI,96815,C,3,1687,1535,152,835,673,152,10,823,12,1700,865,644,179
24,IASI,357,0,Scoala generala Maxut,DELENI,96815,C,3,1084,1030,54,623,561,54,8,611,12,1200,577,421,190
24,IASI,358,0,Gradinita Maxut,DELENI,96815,C,3,803,759,44,425,380,44,1,414,11,800,375,298,116
24,IASI,359,0,Gradinita Slobozia,DELENI,96815,C,3,1044,974,70,562,492,70,0,549,13,1100,538,422,127
24,IASI,360,0,Scoala generala Feredeni,DELENI,96815,C,3,702,692,10,386,346,10,30,378,8,798,412,306,72
24,IASI,361,0,Gradinita Poiana,DELENI,96815,C,3,984,950,34,587,553,34,0,579,8,1000,413,497,82
24,IASI,362,0,Scoala generala cl. I-VIII Dobrovat,DOBROVAT,96888,C,3,1248,1217,31,706,609,31,66,685,21,1302,596,513,172
24,IASI,363,0,Scoala generala cl. I-IV Dobrovat,DOBROVAT,96888,C,3,874,823,51,512,440,51,21,488,24,906,394,380,108
24,IASI,364,0,Scoala generala Dolhesti,DOLHESTI,96904,C,3,583,575,8,395,361,8,26,388,7,602,207,245,143
24,IASI,365,0,Scoala generala Bradiceni,DOLHESTI,96904,C,3,897,883,14,580,528,14,38,568,12,999,419,469,99
24,IASI,366,0,Scoala generala Pietris,DOLHESTI,96904,C,3,752,737,15,401,374,15,12,389,12,800,399,298,91
24,IASI,367,0,Caminul cultural Draguseni,DRAGUSENI,100308,C,3,714,699,15,407,357,15,35,398,9,800,393,346,52
24,IASI,368,0,Scoala generala Frenciugi,DRAGUSENI,100308,C,3,429,415,14,274,243,14,17,264,10,500,226,224,40
24,IASI,369,0,Scoala generala Dumesti,DUMESTI,96940,C,3,1615,1595,20,608,588,20,0,599,9,1500,892,407,192
24,IASI,370,0,Scoala generala Pausesti,DUMESTI,96940,C,3,1345,1154,191,791,600,191,0,782,9,1500,709,653,129
24,IASI,371,0,Scoala generala Hoisesti,DUMESTI,96940,C,3,646,587,59,349,290,59,0,341,8,700,351,236,105
24,IASI,372,0,Scoala generala Banu,DUMESTI,96940,C,3,293,270,23,175,152,23,0,174,1,300,125,107,67
24,IASI,373,0,Scoala generala cl I-IV Erbiceni,ERBICENI,97009,C,3,1813,1809,4,1026,925,4,97,1019,7,2008,982,745,274
24,IASI,374,0,Scoala generala Totoesti,ERBICENI,97009,C,3,1269,1238,31,726,656,31,39,714,12,1400,674,553,161
24,IASI,375,0,Scoala generala Birlesti,ERBICENI,97009,C,3,642,534,108,453,310,108,35,443,10,600,147,337,106
24,IASI,376,0,Scoala generala Sprinceana,ERBICENI,97009,C,3,288,270,18,179,152,18,9,177,2,300,121,132,45
24,IASI,377,0,Scoala generala Spinoasa,ERBICENI,97009,C,3,277,244,33,181,148,33,0,179,2,300,119,104,75
24,IASI,378,0,Gradinita nr.1 Fintinele,FANTANELE,100317,C,3,1413,1334,79,895,791,79,25,882,13,1600,705,708,174
24,IASI,379,0,Caminul cultural Focuri,FOCURI,97063,C,3,1489,1441,48,800,713,48,39,789,11,1600,800,673,116
24,IASI,380,0,Gradinita nr.2 Pascaneni,FOCURI,97063,C,3,1824,1800,24,797,747,24,26,773,24,1800,1003,674,99
24,IASI,381,0,Scoala generala Golaesti,GOLAIESTI,97090,C,3,1558,1543,15,796,779,15,2,777,19,1700,904,613,164
24,IASI,382,0,Scoala generala Gradinari,GOLAIESTI,97090,C,3,957,875,82,513,431,82,0,504,9,1000,487,401,103
24,IASI,383,0,Scoala generala Petresti,GOLAIESTI,97090,C,3,329,312,17,204,163,17,24,202,2,400,196,166,36
24,IASI,384,0,Scoala generala cl I-X Gorban,GORBAN,97189,C,3,692,632,60,368,301,60,7,358,10,700,332,245,113
24,IASI,385,0,Scoala generala cl. I-IV Podu Hagiului,GORBAN,97189,C,3,534,531,3,300,275,3,22,299,1,604,304,130,169
24,IASI,386,0,Scoala generala cl. I-IV Scoposeni,GORBAN,97189,C,3,529,484,45,351,280,45,26,347,4,500,149,236,111
24,IASI,387,0,Scoala generala Gura Bohotin,GORBAN,97189,C,3,683,647,36,370,334,36,0,361,9,700,330,272,89
24,IASI,388,0,Scoala generala Grajduri,GRAJDURI,97241,C,3,913,879,34,482,405,34,43,474,8,900,418,287,187
24,IASI,389,0,Scoala cl. I-IV Valea Satului,GRAJDURI,97241,C,3,542,529,13,307,267,13,27,297,10,600,293,246,51
24,IASI,390,0,Scoala cl. I-IV Padureni,GRAJDURI,97241,C,3,348,320,28,189,153,28,8,184,5,400,211,115,69
24,IASI,391,0,Scoala cl. I-IV Carbunari,GRAJDURI,97241,C,3,266,256,10,143,124,10,9,141,2,300,157,90,51
24,IASI,392,0,Sediul Spitalului Barnova Poiana cu Cetate,GRAJDURI,97241,C,3,150,123,27,107,47,27,33,105,2,300,193,62,43
24,IASI,393,1,Spitalul de psihiatrie Grajduri,GRAJDURI,97241,C,3,0,0,0,114,0,0,114,107,7,203,89,69,38
24,IASI,394,0,Scoala generala Gropnita,GROPNITA,97321,C,3,1053,1005,48,545,494,48,3,536,9,1100,555,446,90
24,IASI,395,0,Scoala generala Forasti,GROPNITA,97321,C,3,790,772,18,471,410,18,43,465,6,900,429,354,111
24,IASI,396,0,Scoala generala Saveni,GROPNITA,97321,C,3,601,570,31,332,301,31,0,330,2,601,269,290,40
24,IASI,397,0,Scoala generala Singeni,GROPNITA,97321,C,3,328,309,19,209,184,19,6,207,2,400,191,175,32
24,IASI,398,0,Scoala generala cl. I-VIII Grozesti,GROZESTI,97394,C,3,971,964,7,622,586,7,29,619,3,1100,478,481,138
24,IASI,399,0,Scoala cl. I-IV Coltu Cornii,GROZESTI,97394,C,3,519,512,7,297,279,7,11,290,7,600,303,235,55
24,IASI,400,0,Primaria comunei Halaucesti,HALAUCESTI,97438,C,3,1810,1798,12,838,807,12,19,827,11,2000,1162,468,359
24,IASI,401,0,Caminul cultural Halaucesti,HALAUCESTI,97438,C,3,1957,1929,28,926,891,28,7,913,13,2105,1179,480,433
24,IASI,402,0,Scoala generala Luncasi,HALAUCESTI,97438,C,3,777,761,16,408,388,16,4,402,6,800,392,204,198
24,IASI,403,0,Scoala generala Harmanestii Vechi,HARMANESTI,100326,C,3,1200,1118,82,713,631,82,0,706,7,1200,487,512,194
24,IASI,404,0,Caminul cultural Harmanestii Noi,HARMANESTI,100326,C,3,582,508,74,386,312,74,0,370,16,600,214,267,103
24,IASI,405,0,Scoala generala Helesteni,HELESTENI,97465,C,3,667,646,21,396,351,21,24,391,5,700,304,304,87
24,IASI,406,0,Scoala primara Harmaneasa,HELESTENI,97465,C,3,575,565,10,415,367,10,38,401,14,600,185,310,91
24,IASI,407,0,Scoala generala Oboroceni,HELESTENI,97465,C,3,662,652,10,453,409,10,34,448,5,700,247,358,90
24,IASI,408,0,Scoala primara Movileni,HELESTENI,97465,C,3,179,173,6,148,120,6,22,145,3,200,52,98,47
24,IASI,409,0,Scoala generala Holboca,HOLBOCA,95159,C,3,2034,1968,66,1011,945,66,0,996,15,2100,1089,520,476
24,IASI,410,0,Scoala veche Dancu,HOLBOCA,95159,C,3,1229,1154,75,628,507,75,46,619,9,1700,1072,324,295
24,IASI,411,0,Scoala generala Dancu,HOLBOCA,95159,C,3,2329,2291,38,1158,1120,38,0,1152,6,2300,1142,498,654
24,IASI,412,0,Scoala generala Dancu,HOLBOCA,95159,C,3,709,687,22,354,324,22,8,352,2,700,346,141,211
24,IASI,413,0,Scoala generala Dancu,HOLBOCA,95159,C,3,1570,1544,26,740,714,26,0,735,5,1600,860,277,458
24,IASI,414,0,Scoala generala Rusenii Vechi,HOLBOCA,95159,C,3,367,359,8,186,178,8,0,178,8,400,214,116,62
24,IASI,415,0,Scoala generala Orzeni,HOLBOCA,95159,C,3,518,474,44,312,262,44,6,301,11,500,188,231,70
24,IASI,416,0,Scoala generala Rusenii Noi,HOLBOCA,95159,C,3,281,257,24,145,121,24,0,143,2,300,155,88,55
24,IASI,417,0,Scoala generala Valea Lunga,HOLBOCA,95159,C,3,242,182,60,164,104,60,0,161,3,200,36,83,78
24,IASI,418,0,Scoala generala Cristesti,HOLBOCA,95159,C,3,406,378,28,238,210,28,0,237,1,400,162,136,101
24,IASI,419,0,Caminul cultural Horlesti,HORLESTI,97517,C,3,1606,1595,11,840,791,11,38,819,21,1800,960,613,206
24,IASI,420,0,Caminul cultural Bogdanesti,HORLESTI,97517,C,3,531,491,40,276,236,40,0,270,6,500,224,215,55
24,IASI,421,0,Scoala cl.I-IV Scoposeni,HORLESTI,97517,C,3,231,216,15,122,107,15,0,121,1,300,178,94,27
24,IASI,422,0,Scoala generala Ion Neculce,ION NECULCE,95499,C,3,162,132,30,118,88,30,0,113,5,199,81,75,38
24,IASI,423,0,Scoala generala Razbioeni,ION NECULCE,95499,C,3,1227,1197,30,789,759,30,0,784,5,1300,511,518,266
24,IASI,424,0,Scoala generala Prigoreni,ION NECULCE,95499,C,3,547,536,11,375,364,11,0,369,6,600,225,326,43
24,IASI,425,0,Scoala generala Buznea,ION NECULCE,95499,C,3,1091,1053,38,903,865,38,0,892,11,1100,197,712,180
24,IASI,426,0,Scoala generala Gandesti,ION NECULCE,95499,C,3,676,669,7,543,511,7,25,535,8,700,157,499,36
24,IASI,427,0,Scoala generala Dadesti,ION NECULCE,95499,C,3,209,198,11,110,99,11,0,107,3,300,190,69,38
24,IASI,428,0,Scoala generala Ipatele,IPATELE,97553,C,3,603,595,8,335,327,8,0,329,6,700,365,259,70
24,IASI,429,0,Scoala generala Bicu,IPATELE,97553,C,3,522,507,15,310,295,15,0,305,5,600,290,258,47
24,IASI,430,0,Scoala generala Cuza Voda,IPATELE,97553,C,3,421,413,8,223,215,8,0,217,6,500,277,176,41
24,IASI,431,0,Scoala generala Lespezi,LESPEZI,97606,C,3,996,984,12,413,401,12,0,409,4,1000,587,313,96
24,IASI,432,0,Scoala generala Heci,LESPEZI,97606,C,3,1766,1728,38,952,856,38,58,943,9,1900,948,678,265
24,IASI,433,0,Scoala generala Buda,LESPEZI,97606,C,3,870,853,17,423,401,17,5,420,3,1000,577,304,116
24,IASI,434,0,Scoala generala Bursuc Deal,LESPEZI,97606,C,3,713,707,6,335,322,6,7,330,5,800,465,229,101
24,IASI,435,0,Scoala generala Dumbrava,LESPEZI,97606,C,3,618,541,77,420,322,77,21,419,1,700,280,311,108
24,IASI,436,0,Scoala generala Letcani,LETCANI,97679,C,3,2597,2563,34,1261,1201,34,26,1245,16,2800,1539,728,517
24,IASI,437,0,Scoala generala Cogeasca,LETCANI,97679,C,3,1345,1312,33,682,646,33,3,663,19,1500,818,548,115
24,IASI,438,0,Scoala generala Cucuteni,LETCANI,97679,C,3,403,375,28,237,200,28,9,232,5,405,168,164,68
24,IASI,439,0,Scoala generala Bogonos,LETCANI,97679,C,3,472,461,11,277,250,11,16,271,6,500,223,208,63
24,IASI,440,0,Scoala generala Lungani,LUNGANI,97722,C,3,927,891,36,469,433,36,0,462,7,900,431,300,162
24,IASI,441,0,Scoala generala Crucea,LUNGANI,97722,C,3,999,989,10,639,616,10,13,626,13,1100,461,492,134
24,IASI,442,0,Scoala generala Goesti,LUNGANI,97722,C,3,806,739,67,542,475,67,0,534,8,800,258,460,74
24,IASI,443,0,Scoala generala Zmeu,LUNGANI,97722,C,3,944,929,15,659,591,15,53,651,8,1002,343,589,62
24,IASI,444,0,Scoala generala cl.I-VIII Madarjac,MADARJAC,97777,C,3,1230,1218,12,741,683,12,46,733,8,1305,564,599,134
24,IASI,445,0,Scoala Mircesti,MIRCESTI,97811,C,3,1232,1228,4,543,513,4,26,534,9,1300,757,357,177
24,IASI,446,0,Scoala Iugani,MIRCESTI,97811,C,3,1588,1580,8,784,754,8,22,775,9,1700,916,404,371
24,IASI,447,0,Scoala generala nr.1 Mironeasa,MIRONEASA,97875,C,3,1235,1224,11,693,672,11,10,674,19,1299,606,563,111
24,IASI,448,0,Scoala generala nr.1 Mironeasa,MIRONEASA,97875,C,3,1201,1184,17,580,552,17,11,561,19,1300,720,501,60
24,IASI,449,0,Scoala generala Ursita,MIRONEASA,97875,C,3,424,400,24,236,207,24,5,234,2,500,264,187,47
24,IASI,450,0,Local vechi al primariei Miroslava,MIROSLAVA,97919,C,3,2355,2304,51,1070,958,51,61,1064,6,2500,1430,590,474
24,IASI,451,0,Scoala generala Uricani,MIROSLAVA,97919,C,3,779,746,33,392,342,33,17,382,10,800,408,267,115
24,IASI,452,0,Scoala generala Vorovesti,MIROSLAVA,97919,C,3,765,727,38,394,356,38,0,383,11,800,406,316,67
24,IASI,453,0,Scoala generala Cornesti,MIROSLAVA,97919,C,3,945,879,66,482,416,66,0,472,10,1000,518,388,84
24,IASI,454,0,Scoala generala Ciurbesti,MIROSLAVA,97919,C,3,560,516,44,354,310,44,0,348,6,601,247,265,83
24,IASI,455,0,Scoala generala Horpaz,MIROSLAVA,97919,C,3,689,648,41,374,333,41,0,364,10,700,326,211,153
24,IASI,456,0,Scoala generala Miroslovesti,MIROSLOVESTI,98051,C,3,1846,1825,21,907,862,21,24,896,11,1900,993,646,250
24,IASI,457,0,Scoala generala Ciohorani,MIROSLOVESTI,98051,C,3,1384,1371,13,774,761,13,0,758,16,1600,826,621,137
24,IASI,458,0,Scoala generala Soci,MIROSLOVESTI,98051,C,3,1164,1127,37,643,606,37,0,639,4,1300,657,510,129
24,IASI,459,0,Scoala generala Verseni,MIROSLOVESTI,98051,C,3,1007,994,13,538,525,13,0,529,9,1101,563,392,137
24,IASI,460,0,Scoala generala nr.1 Mogosesti,MOGOSESTI,98113,C,3,1959,1951,8,1152,1005,8,139,1136,16,2200,1048,845,291
24,IASI,461,0,Scoala generala Minjesti,MOGOSESTI,98113,C,3,826,778,48,418,367,48,3,410,8,900,482,331,79
24,IASI,462,0,Scoala generala Hadimbu,MOGOSESTI,98113,C,3,784,784,0,604,540,0,64,595,9,900,296,491,104
24,IASI,463,0,Scoala generala Mogosesti Siret,MOGOSESTI-SIRET,98168,C,3,1426,1393,33,824,791,33,0,813,11,1500,676,525,288
24,IASI,464,0,Scoala generala Muncelu de Sus,MOGOSESTI-SIRET,98168,C,3,1722,1700,22,1000,975,22,3,981,19,1900,900,731,250
24,IASI,465,1,UM 01405 Muncelu de Sus,MOGOSESTI-SIRET,98168,C,3,0,0,0,49,0,0,49,48,1,100,51,26,22
24,IASI,466,0,Scoala veche Mosna,MOSNA,98202,C,3,1545,1540,5,906,855,5,46,890,16,1700,794,600,290
24,IASI,467,0,Camin cultural Motca,MOTCA,98220,C,3,1446,1428,18,887,867,18,2,874,13,1501,614,644,230
24,IASI,468,0,Camin cultural Motca,MOTCA,98220,C,3,1409,1392,17,844,827,17,0,827,17,1500,656,596,231
24,IASI,469,0,Camin cultural Boureni,MOTCA,98220,C,3,1078,1072,6,704,652,6,46,697,7,1200,496,520,177
24,IASI,470,0,Camin cultural Movileni,MOVILENI,98257,C,3,487,479,8,246,214,8,24,243,3,500,254,175,68
24,IASI,471,0,Scoala generala Potingeni,MOVILENI,98257,C,3,782,775,7,317,310,7,0,309,8,800,483,207,102
24,IASI,472,0,Scoala generala Epureni,MOVILENI,98257,C,3,673,655,18,454,412,18,24,444,10,700,246,350,94
24,IASI,473,0,Scoala generala Larga Jijia,MOVILENI,98257,C,3,584,574,10,341,292,10,39,337,4,600,259,244,93
24,IASI,474,0,Caminul cultural Oteleni,OTELENI,98300,C,3,2044,2044,0,1087,1039,0,48,1072,15,2200,1113,807,265
24,IASI,475,0,Scoala generala  Hindresti,OTELENI,98300,C,3,1043,983,60,597,537,60,0,592,5,1100,503,436,156
24,IASI,476,0,Scoala generala Plugari,PLUGARI,98337,C,3,1519,1483,36,858,792,36,30,844,14,1600,742,706,138
24,IASI,477,0,Scoala generala Borosoaia,PLUGARI,98337,C,3,1284,1238,46,783,730,46,7,778,5,1400,617,677,101
24,IASI,478,0,Bloc 8 parter Podu iloaiei,PODU ILOAIEI,98373,C,3,1790,1645,145,988,843,145,0,985,3,1800,812,479,506
24,IASI,479,0,"Gradinita din str. Traian, Podu Iloaiei",PODU ILOAIEI,98373,C,3,2045,1948,97,817,675,97,45,808,9,2200,1383,558,250
24,IASI,480,0,"Scoala generala, str.Nationala, Podu Iloaiei",PODU ILOAIEI,98373,C,3,1633,1406,227,891,630,227,34,877,14,1500,609,552,325
24,IASI,481,0,Scoala primara Henci,PODU ILOAIEI,98373,C,3,322,280,42,202,150,42,10,200,2,302,100,121,79
24,IASI,482,0,Scoala primara Scobilteni,PODU ILOAIEI,98373,C,3,1048,926,122,537,415,122,0,537,0,1000,463,439,98
24,IASI,483,0,Scoala primara Budai,PODU ILOAIEI,98373,C,3,595,553,42,359,304,42,13,359,0,600,241,250,109
24,IASI,484,0,Scoala primara Cositeni,PODU ILOAIEI,98373,C,3,242,201,41,165,124,41,0,165,0,300,135,136,29
24,IASI,485,0,Scoala generala Popesti,POPESTI,98435,C,3,875,862,13,453,404,13,36,445,8,902,449,319,126
24,IASI,486,0,Scoala generala Popesti,POPESTI,98435,C,3,749,736,13,420,378,13,29,417,3,800,380,297,120
24,IASI,487,0,scoala generala Obrijeni,POPESTI,98435,C,3,251,222,29,172,132,29,11,170,2,301,129,138,32
24,IASI,488,0,Scoala generala Doroscani,POPESTI,98435,C,3,552,521,31,307,274,31,2,298,9,600,293,240,58
24,IASI,489,0,Scoala generala Harpasesti,POPESTI,98435,C,3,666,633,33,361,296,33,32,357,4,700,339,302,55
24,IASI,490,0,Scoala generala Popricani,POPRICANI,98505,C,3,957,915,42,552,471,42,39,547,5,1000,448,394,153
24,IASI,491,0,Scoala generala Popricani,POPRICANI,98505,C,3,937,918,19,501,459,19,23,494,7,1000,499,345,149
24,IASI,492,0,Scoala generala Moimesti,POPRICANI,98505,C,3,317,290,27,202,175,27,0,202,0,300,98,145,57
24,IASI,493,0,Scoala generala Tipilesti/Rediu Mitropoliei,POPRICANI,98505,C,3,364,341,23,235,212,23,0,231,4,400,165,201,30
24,IASI,494,0,Scoala generala Cotu Morii,POPRICANI,98505,C,3,198,181,17,124,105,17,2,124,0,200,76,97,27
24,IASI,495,0,Scoala generala Vinatori,POPRICANI,98505,C,3,890,860,30,485,441,30,14,478,7,1000,515,351,127
24,IASI,496,0,Scoala genrala Vulturi,POPRICANI,98505,C,3,638,606,32,355,323,32,0,348,7,700,345,233,115
24,IASI,497,0,Scoala generala Cirlig,POPRICANI,98505,C,3,452,424,28,248,220,28,0,245,3,500,252,157,88
24,IASI,498,0,Scoala generala Cuza Voda,POPRICANI,98505,C,3,416,396,20,293,273,20,0,290,3,400,107,224,66
24,IASI,499,0,Scoala generala Prisacani,PRISACANI,98603,C,3,1606,1509,97,960,863,97,0,932,28,1700,740,717,215
24,IASI,500,0,Scoala generala Macaresti,PRISACANI,98603,C,3,579,566,13,343,305,13,25,340,3,600,257,291,49
24,IASI,501,0,Scoala primara Moreni,PRISACANI,98603,C,3,814,771,43,498,455,43,0,492,6,900,402,365,127
24,IASI,502,0,Scoala generala Probota,PROBOTA,98649,C,3,1052,1032,20,438,417,20,1,429,9,1100,662,347,82
24,IASI,503,0,Scoala generala Balteni,PROBOTA,98649,C,3,541,489,52,308,256,52,0,304,4,599,291,245,59
24,IASI,504,0,Scoala generala Perieni,PROBOTA,98649,C,3,1325,1287,38,750,672,38,40,736,14,1411,661,560,176
24,IASI,505,0,Scoala generala Rachiteni,RACHITENI,100335,C,3,1524,1474,50,713,663,50,0,698,15,1600,887,426,272
24,IASI,506,0,Scoala generala Izvoarele,RACHITENI,100335,C,3,1159,1077,82,569,487,82,0,563,6,1200,631,341,222
24,IASI,507,0,"Liceul Lascar Rosetti, Raducaneni",RADUCANENI,98685,C,3,1686,1595,91,884,793,91,0,865,19,1700,816,495,370
24,IASI,508,0,Scoala generala Raducaneni,RADUCANENI,98685,C,3,1381,1296,85,751,666,85,0,740,11,1400,649,433,307
24,IASI,509,0,Scoala generala Raducaneni Nord,RADUCANENI,98685,C,3,1395,1347,48,630,581,48,1,609,21,1500,870,364,245
24,IASI,510,0,Scoala generala Bohotin sat vechi,RADUCANENI,98685,C,3,1200,1175,25,680,640,25,15,676,4,1300,620,484,192
24,IASI,511,0,Scoala generala Rosu,RADUCANENI,98685,C,3,517,487,30,280,250,30,0,273,7,500,220,228,45
24,IASI,512,0,Scoala generala Isaiia,RADUCANENI,98685,C,3,280,263,17,161,142,17,2,160,1,300,139,107,53
24,IASI,513,0,Scoala Rediu,REDIU,95239,C,3,1366,1331,35,615,522,35,58,610,5,1499,884,410,200
24,IASI,514,0,Scoala Breazu,REDIU,95239,C,3,680,626,54,391,329,54,8,378,13,702,311,228,150
24,IASI,515,0,Scoala Horlesti,REDIU,95239,C,3,738,713,25,375,350,25,0,373,2,800,425,277,96
24,IASI,516,0,"Scoala ""Ioanid Romanescu""",ROMANESTI,98738,C,3,888,875,13,496,482,13,1,484,12,901,405,399,85
24,IASI,517,0,Scoala cl.I-VIII Avintu,ROMANESTI,98738,C,3,448,399,49,263,214,49,0,257,6,502,239,213,44
24,IASI,518,0,Scoala cl.I-IV Ursoaia,ROMANESTI,98738,C,3,330,291,39,251,195,39,17,249,2,400,149,213,36
24,IASI,519,0,Scoala Roscani,ROSCANI,100344,C,3,577,555,22,326,283,22,21,318,8,600,274,270,48
24,IASI,520,0,Scoala Radeni,ROSCANI,100344,C,3,518,483,35,351,282,35,34,346,5,505,154,234,112
24,IASI,521,0,Scoala generala Ruginoasa,RUGINOASA,98774,C,3,957,934,23,463,438,23,2,455,8,1000,537,272,183
24,IASI,522,0,Scoala generala Ruginoasa,RUGINOASA,98774,C,3,747,733,14,327,310,14,3,318,9,800,473,200,118
24,IASI,523,0,Scoala generala Dumbravita,RUGINOASA,98774,C,3,1004,994,10,494,484,10,0,489,5,1100,606,380,109
24,IASI,524,0,Scoala generala Dumbravita,RUGINOASA,98774,C,3,761,750,11,357,346,11,0,354,3,800,443,254,100
24,IASI,525,0,Scoala generala Rediu,RUGINOASA,98774,C,3,876,858,18,467,448,18,1,461,6,900,433,339,122
24,IASI,526,0,Scoala generala Vascani,RUGINOASA,98774,C,3,412,406,6,291,253,6,32,289,2,501,210,179,110
24,IASI,527,0,Scoala generala Scinteia,SCANTEIA,98916,C,3,1112,1105,7,596,547,7,42,594,2,1200,604,343,251
24,IASI,528,0,Scoala generala Bodesti,SCANTEIA,98916,C,3,330,323,7,195,186,7,2,188,7,400,205,138,50
24,IASI,529,0,Gradinita Borosesti,SCANTEIA,98916,C,3,745,732,13,419,394,13,12,416,3,798,379,267,149
24,IASI,530,0,Scoala generala Ciocarlesti,SCANTEIA,98916,C,3,310,299,11,202,179,11,12,198,4,300,98,143,55
24,IASI,531,0,Scoala generala Lunca Rates,SCANTEIA,98916,C,3,295,286,9,160,134,9,17,157,3,300,140,131,26
24,IASI,532,0,Scoala generala Rediu,SCANTEIA,98916,C,3,186,175,11,118,94,11,13,116,2,200,82,79,37
24,IASI,533,0,Scoala generala Tufestii de Sus,SCANTEIA,98916,C,3,229,222,7,147,134,7,6,147,0,300,153,124,23
24,IASI,534,0,Scoala generala Scheia,SCHEIA,99290,C,3,1217,1135,82,645,563,82,0,642,3,1200,555,552,90
24,IASI,535,0,Scoala generala Cauesti,SCHEIA,99290,C,3,445,399,46,276,230,46,0,273,3,400,124,192,81
24,IASI,536,0,Scoala generala Cioca Boca,SCHEIA,99290,C,3,393,372,21,245,224,21,0,239,6,400,155,213,26
24,IASI,537,0,Scoala generala Poiana Scheii,SCHEIA,99290,C,3,373,341,32,233,201,32,0,231,2,400,167,190,41
24,IASI,538,0,Scoala generala Schitu Duca,SCHITU DUCA,98827,C,3,590,573,17,280,210,17,53,276,4,600,320,183,93
24,IASI,539,0,Scoala generala Poieni,SCHITU DUCA,98827,C,3,574,559,15,352,296,15,41,346,6,601,249,228,118
24,IASI,540,0,Scoala generala Dumitrestii-Galatii,SCHITU DUCA,98827,C,3,509,509,0,373,314,0,59,363,10,600,227,278,85
24,IASI,541,0,Scoala generala Poiana,SCHITU DUCA,98827,C,3,426,404,22,257,216,22,19,248,9,500,243,171,77
24,IASI,542,0,Scoala generala Satu Nou,SCHITU DUCA,98827,C,3,476,441,35,292,257,35,0,287,5,500,208,228,59
24,IASI,543,0,Scoala generala Pocreaca,SCHITU DUCA,98827,C,3,421,393,28,300,241,28,31,294,6,400,100,228,66
24,IASI,544,0,Scoala generala Slobozia,SCHITU DUCA,98827,C,3,322,291,31,256,205,31,20,249,7,300,44,170,79
24,IASI,545,0,Magazin universal Scobinti,SCOBINTI,98998,C,3,1430,1384,46,781,735,46,0,763,18,1600,819,633,130
24,IASI,546,0,Scoala generala Badeni,SCOBINTI,98998,C,3,1025,992,33,631,598,33,0,621,10,1100,469,497,124
24,IASI,547,0,"Scoala coordonatoare Scobinti, Fetesti",SCOBINTI,98998,C,3,1010,985,25,527,502,25,0,513,14,1100,573,372,141
24,IASI,548,0,Scoala generala Sticlaria,SCOBINTI,98998,C,3,1348,1322,26,761,735,26,0,753,8,1400,639,623,130
24,IASI,549,0,Scoala generala Zagavia,SCOBINTI,98998,C,3,902,838,64,517,453,64,0,505,12,900,383,385,120
24,IASI,550,0,Camin cultural Sinesti,SINESTI,99058,C,3,1326,1313,13,733,667,13,53,720,13,1400,667,526,194
24,IASI,551,0,Scoala sateasca Bocnita,SINESTI,99058,C,3,257,245,12,179,140,12,27,176,3,300,121,159,17
24,IASI,552,0,Scoala generala Osoi,SINESTI,99058,C,3,703,676,27,407,372,27,8,398,9,700,293,349,49
24,IASI,553,0,Scoala generala Stornesti,SINESTI,99058,C,3,834,818,16,532,486,16,30,518,14,900,368,449,69
24,IASI,554,0,Scoala generala Sipote,SIPOTE,99370,C,3,1020,966,54,436,371,54,11,429,7,800,364,309,120
24,IASI,555,0,Scoala generala Iazu Nou,SIPOTE,99370,C,3,772,710,62,509,438,62,9,505,4,900,391,449,56
24,IASI,556,0,Scoala geenrala Chiscareni,SIPOTE,99370,C,3,1374,1247,127,854,727,127,0,844,10,1500,646,709,135
24,IASI,557,0,Scoala generala Halceni,SIPOTE,99370,C,3,1232,1130,102,739,637,102,0,732,7,1300,561,628,104
24,IASI,558,0,Camin cultural Siretel,SIRETEL,99101,C,3,1678,1669,9,681,672,9,0,672,9,1800,1119,487,185
24,IASI,559,0,Scoala generala Slobozia,SIRETEL,99101,C,3,665,654,11,331,320,11,0,329,2,700,369,210,119
24,IASI,560,0,Scoala generala Humosu,SIRETEL,99101,C,3,623,615,8,301,293,8,0,294,7,700,399,254,40
24,IASI,561,0,Camin cultural Matei Millo Stolniceni-Prajescu,STOLNICENI-PRAJESCU,99165,C,3,1283,1250,33,636,603,33,0,616,20,1400,764,423,193
24,IASI,562,0,Scoala generala Cozmesti,STOLNICENI-PRAJESCU,99165,C,3,1703,1645,58,924,849,58,17,913,11,1800,876,619,294
24,IASI,563,0,Scoala generala nr.1 Bratesti,STOLNICENI-PRAJESCU,99165,C,3,1474,1463,11,960,949,11,0,932,28,1600,640,684,248
24,IASI,564,0,Scoala generala Strunga,STRUNGA,99209,C,3,543,535,8,278,270,8,0,276,2,599,321,182,94
24,IASI,565,0,Scoala generala Bratulesti,STRUNGA,99209,C,3,720,709,11,450,435,11,4,427,23,795,345,324,103
24,IASI,566,0,Scoala generala Crivesti,STRUNGA,99209,C,3,286,273,13,178,165,13,0,174,4,303,125,146,28
24,IASI,567,0,Scoala generala Farcaseni,STRUNGA,99209,C,3,1611,1587,24,877,841,24,12,847,30,1713,836,536,311
24,IASI,568,0,Scoala generala Habasesti,STRUNGA,99209,C,3,381,368,13,260,247,13,0,257,3,400,140,179,78
24,IASI,569,0,Gradinita Tansa,TANSA,99441,C,3,1372,1345,27,1006,899,27,80,982,24,1500,494,698,284
24,IASI,570,0,Scoala generala Suhulet,TANSA,99441,C,3,1135,1098,37,789,718,37,34,775,14,1200,411,546,229
24,IASI,571,0,Camin cultural 'Alexandru Vasiliu' Tatarusi,TATARUSI,99478,C,3,1694,1630,64,888,800,64,24,878,10,1800,912,609,269
24,IASI,572,0,Scoala generala Uda,TATARUSI,99478,C,3,1279,1146,133,759,626,133,0,749,10,1300,541,566,183
24,IASI,573,0,Scoala generala Pietrosu,TATARUSI,99478,C,3,1157,1089,68,658,589,68,1,648,10,1200,542,463,185
24,IASI,574,0,Scoala generala Iorcani,TATARUSI,99478,C,3,671,658,13,477,417,13,47,469,8,700,223,363,106
24,IASI,575,0,Gradinita nr.1 Todiresti,TODIRESTI,99539,C,3,1945,1923,22,950,928,22,0,941,9,2100,1150,648,293
24,IASI,576,0,Scoala nr.2 Todiresti Bogata,TODIRESTI,99539,C,3,766,744,22,375,353,22,0,371,4,800,425,258,113
24,IASI,577,0,Camin Cultural Stroiesti,TODIRESTI,99539,C,3,684,651,33,377,344,33,0,376,1,700,323,308,68
24,IASI,578,0,Cladirea Primariei Tomesti,TOMESTI,95293,C,3,859,755,104,324,205,104,15,321,3,900,576,180,141
24,IASI,579,0,Scoala generala Goruni,TOMESTI,95293,C,3,979,879,100,578,478,100,0,565,13,1000,422,361,204
24,IASI,580,0,Scoala generala Chicerea,TOMESTI,95293,C,3,754,719,35,421,362,35,24,416,5,800,379,309,107
24,IASI,581,0,Scoala generala Intersectie,TOMESTI,95293,C,3,1095,922,173,572,399,173,0,558,14,1000,428,295,263
24,IASI,582,0,Scoala generala Vladiceni,TOMESTI,95293,C,3,339,332,7,249,189,7,53,245,4,400,151,124,121
24,IASI,583,0,"Scoala generala ""D.D.Patrascanu"",cartier Tomesti",TOMESTI,95293,C,3,1200,1161,39,567,490,39,38,561,6,1300,733,235,326
24,IASI,584,0,"Scoala generala ""D.D.Patrascanu"",cartier Tomesti",TOMESTI,95293,C,3,1328,1284,44,646,602,44,0,638,8,1400,754,280,358
24,IASI,585,0,"Scoala generala ""D.D.Patrascanu"",cartier Tomesti",TOMESTI,95293,C,3,1820,1759,61,824,763,61,0,820,4,1900,1076,344,476
24,IASI,586,0,"Scoala generala ""D.D.Patrascanu"",cartier Tomesti",TOMESTI,95293,C,3,1664,1628,36,849,806,36,7,835,14,1800,951,391,444
24,IASI,587,0,Gradinita Trifesti,TRIFESTI,99600,C,3,1411,1379,32,663,631,32,0,653,10,1500,837,474,179
24,IASI,588,0,Scoala generala Zaboloteni,TRIFESTI,99600,C,3,472,468,4,327,309,4,14,323,4,500,173,277,46
24,IASI,589,0,Scoala generala Hermeziu,TRIFESTI,99600,C,3,707,684,23,411,388,23,0,397,14,800,389,290,107
24,IASI,590,0,Scoala generala Vladomira,TRIFESTI,99600,C,3,202,175,27,126,99,27,0,124,2,200,74,76,48
24,IASI,591,0,Camin cultural Tibana,TIBANA,99673,C,3,1538,1454,84,701,617,84,0,692,9,1600,899,525,167
24,IASI,592,0,Scoala generala Girbesti,TIBANA,99673,C,3,1489,1447,42,699,635,42,22,694,5,1600,901,570,124
24,IASI,593,0,Scoala generala Alexeni,TIBANA,99673,C,3,548,518,30,278,248,30,0,270,8,600,322,222,48
24,IASI,594,0,Scoala generala Domnita,TIBANA,99673,C,3,823,774,49,431,382,49,0,420,11,800,369,365,55
24,IASI,595,0,Scoala generala Runcu,TIBANA,99673,C,3,538,505,33,279,241,33,5,277,2,600,321,208,69
24,IASI,596,0,"Grup scolar ""P.P.Carp"" Tibanesti",TIBANESTI,99780,C,3,1681,1661,20,868,848,20,0,858,10,1800,932,570,288
24,IASI,597,0,Scoala generala Razboieni,TIBANESTI,99780,C,3,653,642,11,359,348,11,0,352,7,700,341,287,65
24,IASI,598,0,Gradinita Glodenii Gandului,TIBANESTI,99780,C,3,1563,1509,54,960,888,54,18,952,8,1700,740,789,163
24,IASI,599,0,Scoala generala Jigoreni,TIBANESTI,99780,C,3,519,493,26,352,313,26,13,348,4,500,148,276,72
24,IASI,600,0,Scoala generala Valenii,TIBANESTI,99780,C,3,264,257,7,183,140,7,36,178,5,300,117,128,50
24,IASI,601,0,Scoala generala Tungujei,TIBANESTI,99780,C,3,536,519,17,329,312,17,0,326,3,600,271,285,41
24,IASI,602,0,Scoala generala Recea,TIBANESTI,99780,C,3,175,166,9,126,108,9,9,123,3,200,74,102,21
24,IASI,603,0,Scoala generala Griesti,TIBANESTI,99780,C,3,234,211,23,161,138,23,0,159,2,300,139,133,26
24,IASI,604,0,Scoala Tiganasi,TIGANASI,99879,C,3,1020,977,43,576,504,43,29,571,5,1100,524,439,132
24,IASI,605,0,Scoala generala M.Kogalniceanu,TIGANASI,99879,C,3,779,757,22,417,395,22,0,411,6,800,383,334,77
24,IASI,606,0,Scoala generala Cirniceni,TIGANASI,99879,C,3,1114,1034,80,600,520,80,0,592,8,1108,508,465,127
24,IASI,607,0,Scoala generala Stejarii,TIGANASI,99879,C,3,295,248,47,221,174,47,0,218,3,300,79,179,39
24,IASI,608,0,Scoala generala Tutora,TUTORA,99922,C,3,1700,1690,10,932,854,10,68,915,17,1800,868,725,190
24,IASI,609,0,Scoala generala Bosia,UNGHENI,96003,C,3,1545,1498,47,876,794,47,35,859,17,1601,725,594,265
24,IASI,610,0,Scoala generala Ungheni,UNGHENI,96003,C,3,531,505,26,311,250,26,35,304,7,597,286,196,108
24,IASI,611,0,Scoala generala Manzatesti,UNGHENI,96003,C,3,692,642,50,424,374,50,0,417,7,700,276,314,103
24,IASI,612,0,Scoala generala Coada Stancii,UNGHENI,96003,C,3,456,411,45,269,224,45,0,264,5,504,235,172,92
24,IASI,613,0,Scoala generala Valea Lupului,VALEA LUPULUI,100353,C,3,1411,1358,53,842,773,53,16,831,11,1400,558,427,404
24,IASI,614,0,Scoala generala Valea Lupului,VALEA LUPULUI,100353,C,3,1193,1097,96,699,603,96,0,694,5,1200,501,378,316
24,IASI,615,0,Scoala generala Valea Seaca,VALEA SEACA,99968,C,3,1544,1491,53,841,788,53,0,830,11,1600,759,598,232
24,IASI,616,0,Scoala generala Contesti,VALEA SEACA,99968,C,3,1348,1312,36,801,765,36,0,792,9,1500,699,575,217
24,IASI,617,0,Scoala generala Topile,VALEA SEACA,99968,C,3,1662,1621,41,825,784,41,0,806,19,1800,975,536,270
24,IASI,618,0,Camin Cultural Vinatori,VANATORI,100086,C,3,1355,1263,92,600,508,92,0,597,3,1100,500,416,181
24,IASI,619,0,Scoala generala Crivesti,VANATORI,100086,C,3,1209,1056,153,693,540,153,0,685,8,1200,507,396,289
24,IASI,620,0,Scoala generala Gura-Badilitei,VANATORI,100086,C,3,575,515,60,324,264,60,0,318,6,500,176,236,82
24,IASI,621,0,Scoala generala Hirtoape,VANATORI,100086,C,3,929,795,134,605,471,134,0,597,8,1003,398,377,220
24,IASI,622,0,Gradinita Victoria,VICTORIA,100004,C,3,1924,1902,22,1010,913,22,75,998,12,2100,1090,777,221
24,IASI,623,0,Scoala generala Luceni,VICTORIA,100004,C,3,892,842,50,512,423,50,39,496,16,900,388,432,64
24,IASI,624,0,Scoala generala Frasuleni,VICTORIA,100004,C,3,472,430,42,266,205,42,19,261,4,500,234,199,62
24,IASI,625,0,Scoala generala Vladeni,VLADENI,100148,C,3,1532,1510,22,779,757,22,0,764,15,1702,923,548,216
24,IASI,626,0,Scoala generala Borsa,VLADENI,100148,C,3,1061,1045,16,578,562,16,0,569,9,1102,524,478,91
24,IASI,627,0,Scoala generala Iacobeni,VLADENI,100148,C,3,530,512,18,313,295,18,0,304,9,601,288,261,43
24,IASI,628,0,Scoala generala Alexandru cel Bun,VLADENI,100148,C,3,442,430,12,275,263,12,0,271,4,500,225,208,63
24,IASI,629,0,"Scoala generala,corp B,Voinesti",VOINESTI,100219,C,3,770,754,16,370,329,16,25,368,2,889,519,275,93
24,IASI,630,0,"Scoala generala,corp B,Voinesti",VOINESTI,100219,C,3,889,871,18,393,362,18,13,387,6,901,508,330,57
24,IASI,631,0,"Scoala generala,corp B,Voinesti",VOINESTI,100219,C,3,867,840,27,383,356,27,0,376,7,900,517,305,71
24,IASI,632,0,"Scoala generala,corp A, Slobozia 1",VOINESTI,100219,C,3,1023,1008,15,465,405,15,45,450,15,1100,635,393,57
24,IASI,633,0,Scoala generala Lungani,VOINESTI,100219,C,3,405,379,26,268,227,26,15,268,0,400,132,218,50
24,IASI,634,0,"Scoala generala,corp A.Schitu Stavnic",VOINESTI,100219,C,3,349,349,0,212,179,0,33,210,2,400,188,177,33
24,IASI,635,0,Magazin mixt A.F.Gheorghita Vocotesti,VOINESTI,100219,C,3,138,130,8,126,84,8,34,124,2,200,74,98,26
25,ILFOV,1,0,"Scoala Generala nr. 1,  Aleea Scolii nr. 2",ORAS BUFTEA,100576,O,1,1856,1823,33,679,646,33,0,675,4,1902,1223,275,400
25,ILFOV,2,0,"Scoala Generala nr. 1,  Aleea Scolii nr. 2, cartier C.P.C.",ORAS BUFTEA,100576,O,1,2064,1976,88,1075,974,88,13,1064,11,2102,1027,467,597
25,ILFOV,3,0,"Scoala Generala nr. 1, Aleea Scolii nr. 2, catrier C.P.C.",ORAS BUFTEA,100576,O,1,1879,1798,81,888,806,81,1,882,6,1902,1014,391,491
25,ILFOV,4,0,"Grupul Scolar Dumitru Dumitrescu, Sos. Buc.-Targoviste, nr. 135",ORAS BUFTEA,100576,O,1,1872,1755,117,1192,758,117,317,1182,10,1902,707,571,611
25,ILFOV,5,0,"Scoala Generala nr. 2, Str. Stirbei Voda nr. 22",ORAS BUFTEA,100576,O,1,1935,1852,83,982,871,83,28,977,5,2000,1018,388,589
25,ILFOV,6,0,"Scoala Generala nr. 2, Str. Stirbei Voda nr. 22",ORAS BUFTEA,100576,O,1,1930,1897,33,975,942,33,0,972,3,2000,1025,382,590
25,ILFOV,7,0,"Clubul Copiilor Buftea, Str. Stirbei Voda nr. 18",ORAS BUFTEA,100576,O,1,1428,1342,86,810,680,86,44,802,8,1402,592,350,452
25,ILFOV,8,0,"Clubul Sportiv Scolar Judetean Ilfov (gradinita), Str. Agricultori nr. 111",ORAS BUFTEA,100576,O,1,1447,1403,44,738,694,44,0,731,7,1500,762,429,302
25,ILFOV,9,0,"Fostul sediu C.A.P. - SAT BUCIUMENI, Sos. Buc-Targoviste, nr.14",ORAS BUFTEA,100576,O,1,1044,916,128,573,445,128,0,567,4,1000,429,274,293
25,ILFOV,10,0,"Scoala Generala nr. 3, Str. Independentei nr. 52, SAT BUCIUMENI",ORAS BUFTEA,100576,O,1,1482,1406,76,774,697,76,1,765,9,1500,726,419,346
25,ILFOV,11,0,"Scoala Generala nr. 3, Str. Scolii nr. 6",ORAS OTOPENI,179481,O,1,1062,1026,36,513,473,36,4,504,9,1102,589,247,257
25,ILFOV,12,0,"Liceul Teoretic ""Ioan Petrus"", Str. 23 August nr. 6",ORAS OTOPENI,179481,O,1,1023,943,80,548,465,80,3,545,3,1000,452,160,385
25,ILFOV,13,0,"Liceul Teoretic ""Ioan Petrus"", Str. 23 August nr. 6",ORAS OTOPENI,179481,O,1,1461,1438,23,794,765,23,6,788,6,1500,706,224,564
25,ILFOV,14,0,"Liceul Teoretic ""Ioan Petrus"", Str. 23 August nr. 6",ORAS OTOPENI,179481,O,1,1459,1433,26,828,792,26,10,821,7,1500,672,237,584
25,ILFOV,15,0,"Consiliul Local al Orasului Otopeni, str. 23 August, nr. 10",ORAS OTOPENI,179481,O,1,1413,1340,73,836,759,73,4,827,9,1402,566,233,594
25,ILFOV,16,0,"Scoala Generala nr. 2, Strada 23 August, nr. 99",ORAS OTOPENI,179481,O,1,1069,1043,26,604,576,26,2,592,12,1102,498,204,388
25,ILFOV,17,0,"Societatea Agricola Otopeni, Calea Bucurestilor, nr. 247",ORAS OTOPENI,179481,O,1,832,803,29,410,379,29,2,404,6,900,490,171,233
25,ILFOV,18,0,Institutul National de Geriatrie si Gerontologie,ORAS OTOPENI,179481,O,1,544,516,28,394,246,28,120,392,2,600,206,137,255
25,ILFOV,19,1,"Aeroport International ""Henri Coanda"" - Plecari internationale, etaj 1",ORAS OTOPENI,179481,O,1,72,0,72,2281,0,72,2209,2273,8,2499,218,447,1826
25,ILFOV,20,1,"Aeroport International ""Henri Coanda"" - Terminalul curse interne",ORAS OTOPENI,179481,O,1,57,0,57,1995,0,57,1938,1994,1,2500,505,351,1643
25,ILFOV,21,0,Scoala Generala nr. 2,ORAS POPESTI LEORDENI,179533,O,1,1612,1547,65,920,855,65,0,910,9,1499,578,359,551
25,ILFOV,22,0,Scoala Generala nr. 2,ORAS POPESTI LEORDENI,179533,O,1,1273,1253,20,728,708,20,0,720,8,1302,572,325,395
25,ILFOV,23,0,Caminul Cultural,ORAS POPESTI LEORDENI,179533,O,1,1589,1536,53,767,707,53,7,760,7,1600,833,271,489
25,ILFOV,24,0,Scoala Generala nr. 1,ORAS POPESTI LEORDENI,179533,O,1,1919,1848,71,1419,1018,71,330,1407,12,2000,581,624,783
25,ILFOV,25,0,Scoala Generala nr. 1,ORAS POPESTI LEORDENI,179533,O,1,1177,1150,27,643,615,27,1,639,4,1200,557,267,372
25,ILFOV,26,0,Scoala Generala nr. 4,ORAS POPESTI LEORDENI,179533,O,1,1310,1286,24,698,674,24,0,690,8,1392,694,384,306
25,ILFOV,27,0,Scoala Generala nr. 3,ORAS POPESTI LEORDENI,179533,O,1,1930,1857,73,943,867,73,3,933,10,2000,1057,522,411
25,ILFOV,28,0,"Scoala Generala nr. 1, Danubiana",ORAS POPESTI LEORDENI,179533,O,1,1700,1631,69,973,823,69,81,967,6,1800,827,645,322
25,ILFOV,29,0,"Localul TERAMEN, Sos. Stefanesti nr. 6",ORAS VOLUNTARI,179551,O,1,1585,1545,40,808,764,40,4,804,4,1600,792,472,332
25,ILFOV,30,0,"Scoala Generala nr. 42, Bd. Tudor Vladimirescu nr. 38",ORAS VOLUNTARI,179551,O,1,1425,1397,28,723,694,28,1,716,7,1502,779,380,336
25,ILFOV,31,0,"Scoala Generala nr. 42, Bd. Tudor Vladimirescu nr. 38",ORAS VOLUNTARI,179551,O,1,1608,1576,32,734,701,32,1,719,15,1702,968,401,318
25,ILFOV,32,0,"Caminul Cultural, Str. Tudor Vladimirescu nr. 42",ORAS VOLUNTARI,179551,O,1,1577,1556,21,685,654,21,10,683,2,1700,1015,387,296
25,ILFOV,33,0,"Scoala Generala nr. 42, Str. Anton Pann nr. 7",ORAS VOLUNTARI,179551,O,1,1409,1370,39,1303,686,39,578,1295,8,1500,197,780,515
25,ILFOV,34,0,"Scoala Generala nr. 42, Str. Anton Pann nr. 7",ORAS VOLUNTARI,179551,O,1,1439,1409,30,761,731,30,0,750,11,1502,741,416,334
25,ILFOV,35,0,"Scoala Generala nr. 42, Str. Anton Pann nr. 7",ORAS VOLUNTARI,179551,O,1,1582,1562,20,770,747,20,3,764,6,1700,930,413,351
25,ILFOV,36,0,"Scoala Generala nr. 43, Bd. Dunarii nr. 43",ORAS VOLUNTARI,179551,O,1,1795,1772,23,904,880,23,1,887,17,1900,996,452,435
25,ILFOV,37,0,"Scoala Generala nr. 43, Bd. Dunarii nr. 43",ORAS VOLUNTARI,179551,O,1,1467,1451,16,771,754,16,1,761,10,1602,829,439,322
25,ILFOV,38,0,"Scoala Generala nr. 43, Bd. Dunarii nr. 43",ORAS VOLUNTARI,179551,O,1,1463,1440,23,772,740,23,9,760,12,1600,828,419,341
25,ILFOV,39,0,"Localul C.P.A.D.M., Sos. Afumati nr. 93",ORAS VOLUNTARI,179551,O,1,1580,1531,49,867,818,49,0,855,12,1599,732,459,396
25,ILFOV,40,0,"Gradinita nr. 141, Sos. Afumati nr. 72",ORAS VOLUNTARI,179551,O,1,1371,1352,19,746,722,19,5,733,13,1396,650,398,335
25,ILFOV,41,0,"Scoala Generala nr. 42, Bd. Nicolae Balcescu nr. 38",ORAS VOLUNTARI,179551,O,1,1734,1711,23,796,771,23,2,779,17,1802,1006,487,292
25,ILFOV,42,0,"Scoala Generala nr. 42, Bd. Nicolae Balcescu nr. 38",ORAS VOLUNTARI,179551,O,1,1555,1532,23,774,744,23,7,764,10,1602,828,473,291
25,ILFOV,43,0,"Scoala Generala nr. 44, Str. Serban Ion nr. 1",ORAS VOLUNTARI,179551,O,1,1877,1821,56,902,838,56,8,891,11,2002,1100,310,581
25,ILFOV,44,0,"Scoala Generala nr. 44, Str. Serban Ion nr. 1",ORAS VOLUNTARI,179551,O,1,1502,1461,41,810,759,41,10,804,6,1602,792,329,475
25,ILFOV,45,0,"Scoala Generala nr. 1, Sos. Buc-Urziceni nr. 130",AFUMATI,100834,C,3,1548,1490,58,787,718,58,11,773,14,1602,815,378,395
25,ILFOV,46,0,"Scoala Generala nr. 1, Sos. Petrachioaia nr. 10",AFUMATI,100834,C,3,1245,1205,40,626,579,40,7,615,11,1302,676,272,343
25,ILFOV,47,0,"Scoala Generala nr. 3, Sos. Buc-Urziceni nr. 228 (OGRADA SINDRILITA)",AFUMATI,100834,C,3,1228,1141,87,718,628,87,3,707,11,1198,480,380,327
25,ILFOV,48,0,"Scoala Generala nr. 2, Str. Scolii nr. 35 (OGRADA STEFANESTI)",AFUMATI,100834,C,3,1184,1097,87,671,582,87,2,652,19,1102,431,395,257
25,ILFOV,49,0,"Scoala nr. 1, SAT BALOTESTI",BALOTESTI,100969,C,3,1914,1858,56,910,831,56,23,897,13,2000,1090,353,544
25,ILFOV,50,0,"Scoala Generala nr. 3, SAT BALOTESTI",BALOTESTI,100969,C,3,1566,1538,28,741,699,28,14,739,2,1600,859,315,424
25,ILFOV,51,0,"Caminul Cultural, SAT BALOTESTI",BALOTESTI,100969,C,3,925,883,42,401,359,42,0,399,2,1000,599,169,230
25,ILFOV,52,0,"Scoala nr. 2, SAT SAFTICA",BALOTESTI,100969,C,3,768,742,26,420,383,26,11,411,9,800,380,219,192
25,ILFOV,53,0,"Scoala Generala nr. 2, clasele I-IV",BERCENI,101145,C,3,1847,1797,50,985,910,50,25,971,14,1902,917,602,369
25,ILFOV,54,0,Scoala Generala nr. 1,BERCENI,101145,C,3,1427,1357,70,761,672,70,19,751,10,1402,641,531,220
25,ILFOV,55,0,"Primaria Comunei Bragadiru, Sos Alexandriei nr. 249",BRAGADIRU,179221,C,3,1437,1414,23,1067,567,23,477,1058,7,1500,435,583,475
25,ILFOV,56,0,"Primaria Comunei Bragadiru, Sos Alexandriei nr. 249",BRAGADIRU,179221,C,3,1297,1272,25,701,674,25,2,694,7,1400,699,339,355
25,ILFOV,57,0,"Primaria Comunei Bragadiru, Sos Alexandriei nr. 249",BRAGADIRU,179221,C,3,1920,1878,42,899,856,42,1,883,16,2002,1103,432,451
25,ILFOV,58,0,"Primaria Comunei Bragadiru, Sos Alexandriei nr. 249",BRAGADIRU,179221,C,3,1817,1770,47,910,840,47,23,904,6,1900,990,430,474
25,ILFOV,59,0,"Scoala Generala, Cartier BAJENARI",BRANESTI,101298,C,3,1409,1363,46,776,730,46,0,757,19,1500,724,434,323
25,ILFOV,60,0,"Gradinita de copii, Str. Slt. Petre Ionel, SAT BRANESTI",BRANESTI,101298,C,3,2147,2105,42,1083,1036,42,5,1075,8,2200,1117,616,459
25,ILFOV,61,0,"Liceul Teoretic ""Traian Lalescu""",BRANESTI,101298,C,3,1647,1614,33,849,811,33,5,838,11,1700,851,433,405
25,ILFOV,62,0,"Scoala Generala, SAT PASAREA",BRANESTI,101298,C,3,610,552,58,293,234,58,1,290,3,600,307,206,84
25,ILFOV,63,0,"Gradinita de copii, SAT ISLAZ",BRANESTI,101298,C,3,1010,957,53,820,729,53,38,808,12,1000,180,562,246
25,ILFOV,64,0,Manastirea Pasarea,BRANESTI,101298,C,3,127,35,92,122,29,92,1,119,3,302,180,84,35
25,ILFOV,65,0,"Scoala nr.1, SAT CERNICA",CERNICA,101742,C,3,2232,2162,70,1192,1063,70,59,1168,24,2309,1117,808,360
25,ILFOV,66,0,"Scoala nr.2, SAT CALDARARU",CERNICA,101742,C,3,894,847,47,481,434,47,0,475,6,902,421,304,171
25,ILFOV,67,0,"Scoala nr.3,  SAT TANGANU",CERNICA,101742,C,3,2124,2052,72,1139,1052,72,15,1110,29,2202,1063,766,344
25,ILFOV,68,0,"Scoala nr.4, SAT BALACEANCA",CERNICA,101742,C,3,1556,1519,37,841,802,37,2,828,13,1614,773,549,279
25,ILFOV,69,0,"Scoala nr.5, SAT POSTA",CERNICA,101742,C,3,492,463,29,245,214,29,2,240,5,502,257,169,71
25,ILFOV,70,0,"Scoala Generala nr. 1, Str. Pacii nr. 72, SAT CHIAJNA",CHIAJNA,179249,C,3,1889,1824,65,1085,1019,65,1,1072,13,2106,1021,383,689
25,ILFOV,71,0,"Scoala Generala nr. 1, Str. Pacii nr. 72, SAT CHIAJNA",CHIAJNA,179249,C,3,1941,1903,38,1081,1037,38,6,1069,12,1900,819,422,647
25,ILFOV,72,0,"Grupul Scolar ""Doamna Chiajna"", Str. 1 Decembrie 1918 nr. 92, SAT ROSU",CHIAJNA,179249,C,3,1427,1382,45,681,632,45,4,674,7,1500,819,303,371
25,ILFOV,73,0,"Grupul Scolar ""Doamna Chiajna"", Str. 1 Decembrie 1918 nr. 92, SAT ROSU",CHIAJNA,179249,C,3,1327,1295,32,712,614,32,66,697,15,1400,688,265,432
25,ILFOV,74,0,"Gradinita nr. 1, Sos. Banatului nr. 2",CHITILA,179285,C,3,1260,1235,25,620,586,25,9,618,2,1300,680,348,270
25,ILFOV,75,0,"Scoala Generala nr. 1, Sos. Banatului nr. 85",CHITILA,179285,C,3,2602,2549,53,1338,1280,53,5,1322,16,2702,1364,593,729
25,ILFOV,76,0,"Casa de Cultura ""Tudor Arghezi"", Sos. Banatului nr. 46",CHITILA,179285,C,3,1680,1645,35,833,796,35,2,822,11,1694,861,402,420
25,ILFOV,77,0,"Casa de Cultura ""Tudor Arghezi"", Sos. Banatului nr. 46",CHITILA,179285,C,3,1768,1741,27,754,725,27,2,735,19,1802,1048,360,375
25,ILFOV,78,0,"Scoala Cartier, Str. Scolii nr. 36",CHITILA,179285,C,3,1911,1867,44,962,918,44,0,949,13,2002,1040,484,465
25,ILFOV,79,0,"Scoala Rudeni, Str. Panduri nr.2, SAT RUDENI",CHITILA,179285,C,3,966,930,36,465,426,36,3,456,9,1002,537,251,205
25,ILFOV,80,0,"Caminul Cultural, SAT CIOLPANI",CIOLPANI,101902,C,3,1784,1678,106,963,844,106,13,953,10,1800,837,475,478
25,ILFOV,81,0,"Scoala Generala nr. 2, SAT PISCU",CIOLPANI,101902,C,3,682,657,25,415,386,25,4,407,8,700,285,239,168
25,ILFOV,82,0,"Scoala Generala, Cartier Tiganesti, SAT Ciolpani",CIOLPANI,101902,C,3,830,790,40,502,408,40,54,491,11,900,398,228,263
25,ILFOV,83,0,"Scoala Generala , SAT IZVORANI",CIOLPANI,101902,C,3,439,428,11,193,182,11,0,193,0,500,307,97,96
25,ILFOV,84,1,"Sediul U.M. 0490, DN 1, KM 32",CIOLPANI,101902,C,3,6,0,6,321,0,6,315,318,3,408,87,159,159
25,ILFOV,85,0,"Scoala Generala nr. 1, Sos. Bucuresti nr. 110",CIOROGARLA,101957,C,3,1016,1004,12,529,510,12,7,526,3,1100,571,253,273
25,ILFOV,86,0,"Scoala Generala nr. 1, Sos. Bucuresti nr. 110",CIOROGARLA,101957,C,3,1349,1340,9,664,649,9,6,656,8,1400,736,318,338
25,ILFOV,87,0,"Scoala Generala nr. 2, SAT DARVARI",CIOROGARLA,101957,C,3,1361,1329,32,731,692,32,7,719,12,1400,669,504,215
25,ILFOV,88,0,"Scoala Generala nr. 2, Str. Monumentul Eroilor nr. 120, SAT CLINCENI",CLINCENI,102035,C,3,1246,1204,42,587,537,42,8,579,8,1194,607,265,314
25,ILFOV,89,0,"Scoala Generala nr. 1, Str. Principala nr. 107, SAT CLINCENI",CLINCENI,102035,C,3,1852,1800,52,818,760,52,6,809,9,1900,1082,426,383
25,ILFOV,90,0,"Scoala Generala nr. 4, Str Ciorogarlei nr. 10, SAT OLTENI",CLINCENI,102035,C,3,819,783,36,409,372,36,1,400,9,902,493,161,239
25,ILFOV,91,0,Scoala Generala nr. 1,CORBEANCA,102160,C,3,1527,1489,38,667,623,38,6,662,5,1600,933,347,315
25,ILFOV,92,0,"Scoala Generala nr. 2, SAT TAMASI",CORBEANCA,102160,C,3,1336,1257,79,682,601,79,2,672,10,1300,618,385,287
25,ILFOV,93,0,"Consiliul Local, Sos. Alexandriei nr. 140",CORNETU,102213,C,3,1361,1346,15,746,727,15,4,740,6,1400,654,444,296
25,ILFOV,94,0,"Consiliul Local, Sos. Alexandriei nr. 140",CORNETU,102213,C,3,1262,1245,17,693,673,17,3,687,6,1300,607,336,351
25,ILFOV,95,0,"Consiliul Local, Sos. Alexandriei nr. 140",CORNETU,102213,C,3,984,968,16,542,518,16,8,535,7,1000,458,315,220
25,ILFOV,96,0,"Scoala Generala nr. 1, SAT DASCALU",DASCALU,102473,C,3,1556,1521,35,791,755,35,1,776,15,1602,811,427,349
25,ILFOV,97,0,"Scoala Generala nr. 2, SAT GAGU",DASCALU,102473,C,3,471,455,16,215,194,16,5,214,1,502,287,117,97
25,ILFOV,98,0,"Scoala Generala nr. 1, Str. Mihai Eminescu nr.5",DARASTI-ILFOV,102525,C,3,1054,1032,22,547,525,22,0,539,8,1100,553,321,218
25,ILFOV,99,0,"Scoala Generala nr. 1, Str. Mihai Eminescu nr.5",DARASTI-ILFOV,102525,C,3,1172,1151,21,644,618,21,5,634,10,1200,556,465,169
25,ILFOV,100,0,"Scoala nr. 1, Str. Nicolae Balcescu nr. 16-18",DOBROIESTI,179310,C,3,1706,1675,31,850,815,31,4,841,9,1800,950,417,424
25,ILFOV,101,0,"Scoala nr. 1, Str. Nicolae Balcescu nr. 16-18",DOBROIESTI,179310,C,3,1552,1534,18,741,723,18,0,730,11,1602,861,385,345
25,ILFOV,102,0,"Scoala nr. 2, Sos. Fundeni nr. 134, SAT FUNDENI",DOBROIESTI,179310,C,3,2057,2003,54,1068,1011,54,3,1058,10,2102,1034,524,534
25,ILFOV,103,0,"Scoala Generala nr. 1, Cartier Cojesti, sat Domnesti",DOMNESTI,102570,C,3,2246,2206,40,964,924,40,0,947,17,2344,1380,472,475
25,ILFOV,104,0,"Scoala Generala nr. 1 (Scoala Mare),sat Domnesti",DOMNESTI,102570,C,3,2064,2016,48,885,791,48,46,876,9,2100,1215,481,395
25,ILFOV,105,0,"Scoala Generala nr. 3, SAT TEGHES",DOMNESTI,102570,C,3,417,386,31,186,155,31,0,181,5,400,214,136,45
25,ILFOV,106,0,"Grupul Scolar Agricol, Str. Micsunelelor nr. 165, SAT DRAGOMIRESTI VALE",DRAGOMIRESTI-VALE,102605,C,3,913,892,21,420,396,21,3,414,6,1002,582,203,211
25,ILFOV,107,0,"Scoala Generala nr. 2, Str. Republicii nr. 142, SAT DRAGOMIRESTI DEAL",DRAGOMIRESTI-VALE,102605,C,3,1751,1719,32,870,837,32,1,852,18,1800,930,443,409
25,ILFOV,108,0,"Scoala Generala nr. 3, Str. Ghioceilor nr. 38, SAT ZURBAUA",DRAGOMIRESTI-VALE,102605,C,3,621,613,8,385,366,8,11,380,5,700,315,181,199
25,ILFOV,109,0,"Scoala Ganeasa, SAT GANEASA",GANEASA,103130,C,3,666,654,12,247,233,12,2,240,7,700,453,150,90
25,ILFOV,110,0,"Scoala Moara Domneasca, SAT MOARA DOMNEASCA",GANEASA,103130,C,3,475,460,15,247,231,15,1,247,0,502,255,152,95
25,ILFOV,111,0,"Scoala Cozieni, SAT COZIENI",GANEASA,103130,C,3,549,519,30,321,291,30,0,321,0,602,281,258,63
25,ILFOV,112,0,"Gradinita Sindrilita, SAT SINDRILITA",GANEASA,103130,C,3,710,688,22,310,288,22,0,303,7,702,392,223,80
25,ILFOV,113,0,"Scoala Pitesaca, SAT PITEASCA",GANEASA,103130,C,3,908,887,21,384,363,21,0,375,9,1002,618,283,92
25,ILFOV,114,0,"Scoala Generala nr. 1, Str. Parcului nr. 1, SAT GLINA",GLINA,179347,C,3,2024,1999,25,571,542,25,4,561,10,1302,731,277,284
25,ILFOV,115,0,"Scoala Generala nr. 3, Str. Libertatii nr. 202, SAT GLINA",GLINA,179347,C,3,1275,1234,41,643,602,41,0,631,12,1302,659,414,217
25,ILFOV,116,0,"Scoala Generala nr. 2, Str. Libertatii nr. 130, SAT CATELU",GLINA,179347,C,3,2018,1978,40,999,954,40,5,995,4,2102,1103,486,509
25,ILFOV,117,0,"Scoala Generala nr. 4,  SAT GLINA, Str. Parcului, nr. 1",GLINA,179347,C,3,916,900,16,375,357,16,2,371,4,1002,627,182,189
25,ILFOV,118,0,"Scoala Generala nr. 1, SAT GRADISTEA",GRADISTEA,103443,C,3,1489,1468,21,789,755,21,13,781,8,1500,711,481,300
25,ILFOV,119,0,"Scoala Generala nr. 2, SAT SITARU",GRADISTEA,103443,C,3,767,734,33,404,370,33,1,397,6,800,396,244,153
25,ILFOV,120,0,"Scoala (Mare) cu clasele I-IV, SAT GRUIU",GRUIU,103513,C,3,1626,1599,27,693,660,27,6,681,12,1700,1007,429,252
25,ILFOV,121,0,"Gradinita de copii , SAT LIPIA",GRUIU,103513,C,3,1678,1642,36,768,732,30,6,755,13,1702,934,512,243
25,ILFOV,122,0,"Scoala Generala , SAT SILISTEA SNAGOVULUI",GRUIU,103513,C,3,1705,1654,51,805,744,51,10,796,9,1702,897,429,367
25,ILFOV,123,0,"Scoala  cu clasele I-IV,  SAT SANTU FLORESTI",GRUIU,103513,C,3,467,419,48,280,232,48,0,275,5,498,218,189,86
25,ILFOV,124,0,"Sediul administrativ SC PROGRESUL SA, Sos. Giurgiului nr. 5",JILAVA,179383,C,3,2037,2002,35,908,865,35,8,894,14,2102,1194,450,444
25,ILFOV,125,0,"Scoala nr. 2, Str. Odai nr. 142",JILAVA,179383,C,3,1377,1348,29,771,742,29,0,758,13,1400,629,301,457
25,ILFOV,126,0,"Scoala nr. 1, Sos. Giurgiului nr. 266",JILAVA,179383,C,3,1081,1061,20,573,543,20,10,561,10,1202,629,225,336
25,ILFOV,127,0,"Scoala nr. 3, Str. Verii nr. 33",JILAVA,179383,C,3,1713,1675,38,1197,1143,38,16,1184,13,1802,605,857,327
25,ILFOV,128,0,"Fostul C.A.P., Sos. Giurgiului nr. 288",JILAVA,179383,C,3,1293,1272,21,588,562,21,5,581,7,1402,814,309,272
25,ILFOV,129,1,"Penitenciarul Jilava, Str. Sabarului, nr. 1",JILAVA,179383,C,3,41,0,41,836,0,41,795,813,23,1102,266,336,477
25,ILFOV,130,0,"Gradinita nr.1, Str. Calugareni nr. 8",MAGURELE,179409,C,3,1848,1817,31,882,846,31,5,866,16,1902,1020,379,487
25,ILFOV,131,0,"Liceul ""HORIA HULUBEI"", Str. Fizicienilor nr. 30",MAGURELE,179409,C,3,1699,1672,27,939,900,27,12,931,8,1802,863,341,590
25,ILFOV,132,0,"Gradinita Alunis, Str. Alunis nr. 169",MAGURELE,179409,C,3,931,897,34,466,432,34,0,458,8,1000,534,187,271
25,ILFOV,133,0,"Scoala Varteju, Str. Chirca nr. 1",MAGURELE,179409,C,3,1443,1410,33,704,666,33,5,689,15,1502,798,330,359
25,ILFOV,134,0,"Scoala Dumitrana, Str. Duzilor nr. 131",MAGURELE,179409,C,3,684,664,20,439,419,20,0,432,7,702,263,245,187
25,ILFOV,135,1,"Facultatea de Fizica, str. Atomistilor, nr. 405",MAGURELE,179409,C,3,1,0,1,242,0,1,241,241,1,802,560,50,191
25,ILFOV,136,1,SEDIUL: U.M. 0575,MAGURELE,179409,C,3,5,0,5,673,0,5,668,657,16,702,29,320,337
25,ILFOV,137,0,Scoala Generala nr. 2,MOARA VLASIEI,104243,C,3,1917,1861,56,956,893,56,7,944,12,2002,1046,564,380
25,ILFOV,138,0,Scoala Generala nr. 1,MOARA VLASIEI,104243,C,3,1370,1340,30,602,570,30,2,583,19,1502,900,364,219
25,ILFOV,139,0,"Scoala Generala nr. 3, SAT CACIULATI",MOARA VLASIEI,104243,C,3,1236,1190,46,562,516,46,0,545,17,1302,740,272,273
25,ILFOV,140,0,"Scoala Generala nr. 1 (localul nou), Str. Buc-Targoviste nr. 107",MOGOSOAIA,179463,C,3,1326,1303,23,711,665,23,23,702,9,1400,689,272,430
25,ILFOV,141,0,"Scoala Generala nr. 1 (localul vechi), Str. Buc-Targoviste nr. 107",MOGOSOAIA,179463,C,3,1511,1486,25,822,788,25,9,818,4,1600,778,364,454
25,ILFOV,142,0,"Scoala Generala nr. 1 (Sala de sport), Str. Buc-Targoviste nr. 107",MOGOSOAIA,179463,C,3,1511,1489,22,825,800,22,3,818,7,1600,775,508,310
25,ILFOV,143,0,"Scoala Generala nr. 2, SAT MERII PETCHI",NUCI,104421,C,3,1111,1057,54,686,591,54,41,672,10,1100,417,523,149
25,ILFOV,144,0,"Scoala Generala nr.1, SAT MICSUNESTII MOARA",NUCI,104421,C,3,1314,1293,21,733,693,21,19,713,20,1400,667,588,125
25,ILFOV,145,0,"Gradinita nr. 14, Bd. Biruintei nr. 36",PANTELIMON,179515,C,3,1662,1601,61,877,816,61,0,861,16,1700,823,461,400
25,ILFOV,146,0,"Gradinita nr. 14, Bd. Biruintei nr. 36",PANTELIMON,179515,C,3,1766,1727,39,903,854,39,10,893,10,1800,897,456,437
25,ILFOV,147,0,"Gradinita nr. 14, Bd. Biruintei nr. 36",PANTELIMON,179515,C,3,1673,1626,47,795,745,47,3,784,11,1700,905,488,296
25,ILFOV,148,0,"Scoala Noua, Bd. Biruintei nr. 70",PANTELIMON,179515,C,3,799,765,34,902,255,34,613,889,13,1000,98,559,330
25,ILFOV,149,0,"Scoala Noua, Bd. Biruintei nr. 70",PANTELIMON,179515,C,3,1386,1343,43,669,626,43,0,664,5,1312,643,323,341
25,ILFOV,150,0,"Scoala Generala nr. 1, Str. Mioritei nr. 24",PANTELIMON,179515,C,3,2127,2063,64,961,892,64,5,947,13,2202,1242,514,433
25,ILFOV,151,0,"Scoala Generala nr. 1, Str. Mioritei nr. 24",PANTELIMON,179515,C,3,2090,2026,64,1030,963,64,3,1011,19,1802,772,571,440
25,ILFOV,152,0,"Scoala Generala nr. 1, Str. Mioritei nr. 24",PANTELIMON,179515,C,3,2077,2018,59,985,926,59,0,973,12,2500,1515,575,398
25,ILFOV,153,1,Manastirea Cernica,PANTELIMON,179515,C,3,4,0,4,72,0,4,68,69,3,202,130,19,50
25,ILFOV,154,1,"SEDIUL: U.M. 01877, Sos. Centura",PANTELIMON,179515,C,3,7,0,7,155,0,7,148,153,2,200,45,75,78
25,ILFOV,155,0,"Scoala Generala nr. 1, SAT PERIS",PERIS,104546,C,3,2314,2139,175,890,710,175,5,876,14,2204,1314,453,423
25,ILFOV,156,0,"Scoala Generala nr. 2, SAT PERIS",PERIS,104546,C,3,1818,1596,222,813,589,222,2,803,10,1700,887,389,414
25,ILFOV,157,0,"Scoala Generala nr. 3, SAT PERIS",PERIS,104546,C,3,502,437,65,257,191,65,1,251,6,500,243,120,131
25,ILFOV,158,0,"Scoala Generala nr. 4, SAT BURIAS",PERIS,104546,C,3,1136,1052,84,584,475,84,25,574,10,1100,516,385,189
25,ILFOV,159,0,"Scoala Generala nr. 5, SAT BALTENI",PERIS,104546,C,3,336,247,89,192,103,89,0,190,2,300,108,96,94
25,ILFOV,160,0,Gradinita de copii Petrachioaia (Scoala veche),PETRACHIOAIA,104582,C,3,1709,1665,44,714,667,44,3,704,10,1800,1086,491,213
25,ILFOV,161,0,"Scoala generala, SAT MAINEASCA",PETRACHIOAIA,104582,C,3,274,260,14,157,143,14,0,155,2,302,145,126,29
25,ILFOV,162,0,"Scoala cu clasele I-IV, SAT SNAGOV",SNAGOV,105160,C,3,1267,1240,27,693,595,27,71,688,5,1402,709,300,388
25,ILFOV,163,0,"Primaria Snagov, SAT GHERMANESTI",SNAGOV,105160,C,3,1745,1547,198,1022,791,198,33,1015,7,1594,571,410,605
25,ILFOV,164,0,"Scoala Generala nr. 3, SAT CIOFLICENI",SNAGOV,105160,C,3,899,861,38,408,368,38,2,404,4,902,494,176,228
25,ILFOV,165,0,"Scoala Generala nr. 1, SAT TANCABESTI",SNAGOV,105160,C,3,994,923,71,530,459,71,0,526,4,1000,470,242,284
25,ILFOV,166,0,"Scoala Generala nr. 1 (Corp A),  Sos. Stefanesti",STEFANESTII DE JOS,105419,C,3,1204,1118,86,1142,1056,86,0,1118,24,1200,58,708,410
25,ILFOV,167,0,"Scoala Generala nr. 1 (Corp B),  Sos. Stefanesti nr. 130",STEFANESTII DE JOS,105419,C,3,1948,1945,3,1150,1114,3,33,1132,18,2100,950,769,363
25,ILFOV,168,0,"Scoala nr. 1 - Corp A TUNARI, Str. Mihai Eminescu nr. 3",TUNARI,105570,C,3,1468,1436,32,718,686,32,0,704,14,1500,782,434,270
25,ILFOV,169,0,"Scoala nr. 1 - Corp C TUNARI, Str. Mihai Eminescu nr. 3",TUNARI,105570,C,3,1388,1341,47,712,665,47,0,703,9,1400,688,452,251
25,ILFOV,170,1,SEDIUL: U.M. 02449,TUNARI,105570,C,3,6,0,6,159,0,6,153,153,6,302,143,86,67
25,ILFOV,171,0,"Scoala Generala nr. 304, Str. Principala, SAT VIDRA",VIDRA,105936,C,3,1453,1347,106,744,632,106,6,732,12,1402,658,412,320
25,ILFOV,172,0,"Scoala Generala nr. 301, Str. Principala, SAT VIDRA",VIDRA,105936,C,3,1180,1116,64,506,441,64,1,505,1,1202,696,240,265
25,ILFOV,173,0,"Scoala Generala nr. 302, SAT CRETESTI",VIDRA,105936,C,3,1544,1480,64,616,543,64,9,606,10,1602,986,287,319
25,ILFOV,174,0,"Scoala Generala nr. 302, SAT CRETESTI",VIDRA,105936,C,3,896,873,23,232,209,23,0,227,5,902,670,127,100
25,ILFOV,175,0,"Scoala Generala nr. 303, SAT SINTESTI",VIDRA,105936,C,3,1576,1520,56,700,641,54,5,682,18,1602,902,415,267
25,ILFOV,176,0,"Scoala nr. 1, Corp A",1 DECEMBRIE,102543,C,3,2474,2343,131,1164,1014,131,19,1141,22,2500,1337,569,572
25,ILFOV,177,0,"Scoala nr. 1, Corp B",1 DECEMBRIE,102543,C,3,2284,2174,110,1099,989,110,0,1091,8,2300,1201,571,520
25,ILFOV,178,0,"Caminul Cultural, SAT COPACENI",1 DECEMBRIE,102543,C,3,1101,980,121,661,536,121,4,651,10,1100,439,322,329
25,ILFOV,179,0,"Scoala nr. 2 (de la Vale), Corp C, SAT COPACENI",1 DECEMBRIE,102543,C,3,1510,1484,26,569,543,26,0,558,11,1600,1031,304,254
26,MARAMURES,1,0,Str.Valea Borcutului nr.76; Sc. gen. nr. 7,MUNICIPIUL BAIA MARE,106318,M,1,1333,1311,22,699,676,22,1,694,5,1400,701,343,351
26,MARAMURES,2,0,Str.Victoriei nr.132/A; Scoala generala  nr.12,MUNICIPIUL BAIA MARE,106318,M,1,1703,1680,23,830,807,23,0,827,3,1800,970,287,540
26,MARAMURES,3,0,Str.Victor Babes nr.64; Grupul Scolar Gheorghe Lazar,MUNICIPIUL BAIA MARE,106318,M,1,1982,1960,22,864,842,22,0,862,2,2200,1336,344,518
26,MARAMURES,4,0,Str.Victor Babes nr.64; Grupul Scolar Gheorghe Lazar,MUNICIPIUL BAIA MARE,106318,M,1,1994,1963,31,932,901,31,0,928,4,2200,1268,382,546
26,MARAMURES,5,0,Str.Dr.Victor Babes nr.62/A; Universitatea I,MUNICIPIUL BAIA MARE,106318,M,1,1955,1936,19,925,905,19,1,924,1,2100,1175,381,543
26,MARAMURES,6,0,Str. Victoriei nr. 132/A; Scoala generala nr. 12,MUNICIPIUL BAIA MARE,106318,M,1,1471,1453,18,727,709,18,0,722,5,1600,873,259,463
26,MARAMURES,7,0,str. Iza nr. 2; Scoala generala nr. 6 Nichita Stanescu,MUNICIPIUL BAIA MARE,106318,M,1,1164,1150,14,631,615,14,2,628,3,1300,669,242,386
26,MARAMURES,8,0,str. Iza nr. 2; Scoala generala nr. 6 Nichita Stanescu,MUNICIPIUL BAIA MARE,106318,M,1,1107,1093,14,530,515,14,1,529,1,1200,670,200,329
26,MARAMURES,9,0,Str.Victoriei nr.84; Scoala generala nr.4,MUNICIPIUL BAIA MARE,106318,M,1,1162,1149,13,565,551,13,1,564,1,1300,735,225,339
26,MARAMURES,10,0,Str.Victoriei nr.84; Scoala generala nr.4,MUNICIPIUL BAIA MARE,106318,M,1,1124,1111,13,615,602,13,0,614,1,1198,583,254,360
26,MARAMURES,11,0,Str.Gh.Marinescu nr.1; Grupul Scolar Electromecanic,MUNICIPIUL BAIA MARE,106318,M,1,1139,1125,14,608,593,14,1,606,2,1200,592,258,348
26,MARAMURES,12,0,Str.Gh.Marinescu nr.1; Grupul Scolar Electromecanic,MUNICIPIUL BAIA MARE,106318,M,1,1148,1131,17,603,586,17,0,599,4,1200,597,204,395
26,MARAMURES,13,0,Str.Victoriei nr.76; Universitatea II,MUNICIPIUL BAIA MARE,106318,M,1,1968,1952,16,1174,1073,16,85,1166,8,2100,926,485,681
26,MARAMURES,14,0,Str. Victoriei nr. 35; S.C. ENERGOTERM S.A.,MUNICIPIUL BAIA MARE,106318,M,1,1378,1364,14,783,767,14,2,779,3,1500,717,293,486
26,MARAMURES,15,0,Str. Victoriei nr. 35; S.C. ENERGOTERM S.A.,MUNICIPIUL BAIA MARE,106318,M,1,1031,1003,28,586,558,28,0,583,3,1100,514,224,359
26,MARAMURES,16,0,Str. Petofi nr. 2; Scoala generala nr. 20,MUNICIPIUL BAIA MARE,106318,M,1,1088,1069,19,621,602,19,0,618,3,1200,579,192,426
26,MARAMURES,17,0,Str. Petofi nr. 2; Scoala generala nr. 20,MUNICIPIUL BAIA MARE,106318,M,1,1122,1107,15,596,581,15,0,592,4,1200,604,202,390
26,MARAMURES,18,0,Str. Minerilor nr. 3; GRUPUL SCOLAR SANITAR,MUNICIPIUL BAIA MARE,106318,M,1,1193,1170,23,599,576,23,0,595,4,1299,700,226,369
26,MARAMURES,19,0,Str. Industriei nr. 1; Gradinita nr. 12,MUNICIPIUL BAIA MARE,106318,M,1,1627,1604,23,769,745,23,1,768,1,1800,1031,277,491
26,MARAMURES,20,0,Str. Arenei nr. 15; Scoala generala nr. 16,MUNICIPIUL BAIA MARE,106318,M,1,1276,1265,11,607,595,11,1,601,6,1392,785,314,287
26,MARAMURES,21,0,Str. Arenei nr. 15; Scoala generala nr. 16,MUNICIPIUL BAIA MARE,106318,M,1,1130,1118,12,539,527,12,0,525,14,1200,661,254,271
26,MARAMURES,22,0,Str. Lunci nr. 22; Scoala generala  nr.9,MUNICIPIUL BAIA MARE,106318,M,1,1971,1952,19,988,969,19,0,979,9,2100,1112,533,446
26,MARAMURES,23,0,Firiza; Scoala generala  nr.13,MUNICIPIUL BAIA MARE,106318,M,1,1274,1258,16,710,694,16,0,701,9,1400,690,318,383
26,MARAMURES,24,0,"Str.Vasile Lucaciu nr.65; Scoala generala nr.2 ""Octavian Goga""",MUNICIPIUL BAIA MARE,106318,M,1,1163,1148,15,593,577,15,1,588,5,1300,707,239,349
26,MARAMURES,25,0,"Str.Vasile Lucaciu nr.65; Scoala generala nr.2 ""Octavian Goga""",MUNICIPIUL BAIA MARE,106318,M,1,1284,1261,23,700,626,23,51,694,5,1392,692,292,402
26,MARAMURES,26,0,"Str.Gheorghe Sincai nr.25; Colegiul National ""Gheorghe Sincai""",MUNICIPIUL BAIA MARE,106318,M,1,1914,1899,15,1011,994,15,2,1008,3,2100,1089,404,604
26,MARAMURES,27,0,"Str.Culturii nr.2; Colegiul National ""Vasile Lucaciu""",MUNICIPIUL BAIA MARE,106318,M,1,1868,1849,19,982,957,19,6,975,7,2008,1026,423,552
26,MARAMURES,28,0,Str.Culturii nr.8; Grupul Scolar de Posta si Telecomunicatii,MUNICIPIUL BAIA MARE,106318,M,1,1710,1696,14,989,973,14,2,981,8,1900,911,337,644
26,MARAMURES,29,0,"Str.Progresului nr.43; Grupul Scolar Tehnic ""Anghel Saligny""",MUNICIPIUL BAIA MARE,106318,M,1,1815,1795,20,1000,980,20,0,996,4,2000,1000,308,688
26,MARAMURES,30,0,"Str.Progresului nr.38; Scoala generala nr. 8 ""Lucian Blaga""",MUNICIPIUL BAIA MARE,106318,M,1,1130,1109,21,538,516,21,1,536,2,1200,662,196,340
26,MARAMURES,31,0,"Str.Progresului nr.38; Scoala generala nr. 8 ""Lucian Blaga""",MUNICIPIUL BAIA MARE,106318,M,1,1209,1192,17,590,573,17,0,588,2,1300,710,186,402
26,MARAMURES,32,0,"Str.Luminisului nr.1; Grupul Sc. Industrial Metalurgic ""C.D.N.",MUNICIPIUL BAIA MARE,106318,M,1,2161,2127,34,889,855,34,0,876,13,2300,1411,422,454
26,MARAMURES,33,0,"Str.Luminisului nr.1; Grupul Sc. Industrial Metalurgic ""C.D.N.",MUNICIPIUL BAIA MARE,106318,M,1,1414,1387,27,669,640,27,2,661,8,1500,831,283,378
26,MARAMURES,34,0,"Str.Vasile Alecsandri nr.56; Liceul ""Emil Racovita""",MUNICIPIUL BAIA MARE,106318,M,1,1539,1523,16,806,782,16,8,802,4,1700,894,271,531
26,MARAMURES,35,0,"Str.Vasile Alecsandri nr.56; Liceul ""Emil Racovita""",MUNICIPIUL BAIA MARE,106318,M,1,1415,1400,15,601,586,15,0,599,2,1500,899,183,416
26,MARAMURES,36,0,Str.Marasesti nr.28; Gradinita nr.17,MUNICIPIUL BAIA MARE,106318,M,1,1603,1588,15,609,594,15,0,608,1,1700,1091,200,408
26,MARAMURES,37,0,Str.M. Eminescu nr.80A (str.Marasesti nr.2); Sc. nr. 10,MUNICIPIUL BAIA MARE,106318,M,1,2121,2106,15,832,817,15,0,831,1,2300,1468,293,538
26,MARAMURES,38,0,Str.Paltinisului nr.65B; Gradinita nr.4,MUNICIPIUL BAIA MARE,106318,M,1,1995,1972,23,800,777,23,0,796,4,2200,1400,281,515
26,MARAMURES,39,0,Str.Pasunii nr.2A; Scoala cu cls.I-VIII nr.5,MUNICIPIUL BAIA MARE,106318,M,1,2002,1979,23,786,762,23,1,784,2,2200,1414,237,547
26,MARAMURES,40,0,Str.Vasile Alecsandri nr.58; Gradinita nr.27,MUNICIPIUL BAIA MARE,106318,M,1,1928,1910,18,690,672,18,0,689,1,2100,1410,218,471
26,MARAMURES,41,0,Str.Paltinisului nr. 81/A; Cresa nr.6,MUNICIPIUL BAIA MARE,106318,M,1,1995,1974,21,715,692,21,2,707,8,2200,1485,344,363
26,MARAMURES,42,0,Str.Vasile Alecsandri nr.99; DRUMURI-PODURI S.A. - S.U.T,MUNICIPIUL BAIA MARE,106318,M,1,1992,1962,30,714,684,30,0,710,4,2100,1386,325,385
26,MARAMURES,43,0,Str.Pasunii nr.2A; Scoala cu cls.I-VIII nr.5,MUNICIPIUL BAIA MARE,106318,M,1,2107,2087,20,768,745,20,3,753,15,2309,1541,302,451
26,MARAMURES,44,0,str. Vasile Alecsandri nr. 68; Gradinita nr. 37,MUNICIPIUL BAIA MARE,106318,M,1,1837,1818,19,850,831,19,0,850,0,2201,1351,261,589
26,MARAMURES,45,0,Str.Banatului nr. 1; Circa Sanitara,MUNICIPIUL BAIA MARE,106318,M,1,2234,2210,24,807,780,24,3,805,2,2200,1393,307,498
26,MARAMURES,46,0,Str.Progresului nr.45; Grupul Scolar Economic Administratie si de Servicii,MUNICIPIUL BAIA MARE,106318,M,1,1413,1396,17,701,684,17,0,699,2,1700,999,233,466
26,MARAMURES,47,0,Str.Hortensiei nr.1A; Casa de Pensii,MUNICIPIUL BAIA MARE,106318,M,1,1709,1690,19,844,825,19,0,844,0,1800,956,251,593
26,MARAMURES,48,0,Bd.Unirii nr.14B; Bazinul Olimpic,MUNICIPIUL BAIA MARE,106318,M,1,1354,1330,24,865,840,24,1,865,0,2000,1135,287,578
26,MARAMURES,49,0,Bd.Unirii nr.24D; Administratia Bazelor Sportive,MUNICIPIUL BAIA MARE,106318,M,1,1780,1771,9,862,853,9,0,858,4,1999,1137,334,524
26,MARAMURES,50,0,Bd. Unirii nr. 28; Centrul Social ASSOC,MUNICIPIUL BAIA MARE,106318,M,1,1443,1422,21,721,700,21,0,718,3,1600,879,254,464
26,MARAMURES,51,0,Bd.Bucuresti nr.17 B; Planning Familial,MUNICIPIUL BAIA MARE,106318,M,1,1975,1945,30,1038,1006,30,2,1038,0,2200,1162,335,703
26,MARAMURES,52,0,Bd. Republicii nr.8; Grupul Scolar de Industrie Usoara,MUNICIPIUL BAIA MARE,106318,M,1,1868,1846,22,902,880,22,0,899,3,2000,1098,316,583
26,MARAMURES,53,0,Bd. Bucuresti nr.20; Gradinita nr.20,MUNICIPIUL BAIA MARE,106318,M,1,1767,1742,25,929,899,25,5,928,1,1900,971,267,661
26,MARAMURES,54,0,"Str.Gheorghe Bilascu nr.19A; Scoala generala ""George Cosbuc""",MUNICIPIUL BAIA MARE,106318,M,1,1306,1290,16,653,637,16,0,647,6,1399,746,269,378
26,MARAMURES,55,0,"Str.Gheorghe Bilascu nr.19A; Scoala generala ""George Cosbuc""",MUNICIPIUL BAIA MARE,106318,M,1,1473,1461,12,753,741,12,0,752,1,1600,847,316,436
26,MARAMURES,56,0,"Str.Gheorghe Bilascu nr.1; Scoala cu cls.I-VIII ""N. Iorga""",MUNICIPIUL BAIA MARE,106318,M,1,1152,1137,15,604,589,15,0,599,5,1200,596,226,373
26,MARAMURES,57,0,Str.Nicolae Iorga nr.3A; Gradinita nr.9,MUNICIPIUL BAIA MARE,106318,M,1,1345,1332,13,726,706,13,7,718,8,1500,774,224,494
26,MARAMURES,58,0,Bd. Republicii nr.8; Grupul Scolar de Industrie Usoara,MUNICIPIUL BAIA MARE,106318,M,1,1666,1646,20,815,790,20,5,807,8,1800,985,274,533
26,MARAMURES,59,0,Str.Cuza Voda nr.7; Scoala generala nr.17,MUNICIPIUL BAIA MARE,106318,M,1,1394,1378,16,667,651,16,0,662,5,1500,833,236,426
26,MARAMURES,60,0,Str.Cuza Voda nr.7; Scoala generala nr.17,MUNICIPIUL BAIA MARE,106318,M,1,1733,1714,19,668,649,19,0,668,0,1798,1130,284,384
26,MARAMURES,61,0,Str.Cuza Voda nr.8B; Gradinita nr.29,MUNICIPIUL BAIA MARE,106318,M,1,1973,1953,20,910,890,20,0,905,5,2100,1190,368,537
26,MARAMURES,62,0,Aleea Filaturii nr.2; Scoala cu cls.I-VIII nr.18,MUNICIPIUL BAIA MARE,106318,M,1,1921,1901,20,886,866,20,0,883,3,2100,1214,355,528
26,MARAMURES,63,0,Aleea Filaturii nr.2; Scoala cu cls.I-VIII nr.18,MUNICIPIUL BAIA MARE,106318,M,1,1747,1718,29,801,772,29,0,797,4,1899,1098,329,468
26,MARAMURES,64,0,Aleea Filaturii nr.4; Gradinita nr.28,MUNICIPIUL BAIA MARE,106318,M,1,1932,1801,131,889,758,131,0,885,4,2100,1211,329,556
26,MARAMURES,65,0,Bd. Republicii nr.33 - 35; Liceul cu profil sportiv,MUNICIPIUL BAIA MARE,106318,M,1,1103,1087,16,499,483,16,0,499,0,1200,701,184,315
26,MARAMURES,66,0,Bd. Republicii nr.33 - 35; Liceul cu profil sportiv,MUNICIPIUL BAIA MARE,106318,M,1,1167,1156,11,536,525,11,0,536,0,1300,764,169,367
26,MARAMURES,67,0,Str.Bucovinei  nr.9; Scoala cu cls.I-VIII nr.21,MUNICIPIUL BAIA MARE,106318,M,1,2044,2028,16,788,772,16,0,788,0,2200,1412,332,456
26,MARAMURES,68,0,Str.Bucovinei  nr.9; Scoala cu cls.I-VIII nr.21,MUNICIPIUL BAIA MARE,106318,M,1,1992,1976,16,913,897,16,0,909,4,2200,1287,348,561
26,MARAMURES,69,0,Str.Bucovinei nr.7; Gradinita nr.36,MUNICIPIUL BAIA MARE,106318,M,1,1963,1947,16,879,862,16,1,877,2,2101,1222,322,555
26,MARAMURES,70,0,Aleea Amurgului nr.2; Gradinita nr.34,MUNICIPIUL BAIA MARE,106318,M,1,1965,1928,37,897,860,37,0,895,2,2100,1203,348,547
26,MARAMURES,71,0,Aleea Jupiter nr.4; Gradinita nr.25,MUNICIPIUL BAIA MARE,106318,M,1,1791,1774,17,838,821,17,0,834,4,2000,1162,301,533
26,MARAMURES,72,0,Aleea Neptun nr.5; Scoala generala  nr.15,MUNICIPIUL BAIA MARE,106318,M,1,1581,1544,37,726,689,37,0,723,3,1700,974,284,439
26,MARAMURES,73,0,Aleea Neptun nr.5; Scoala generala  nr.15,MUNICIPIUL BAIA MARE,106318,M,1,1455,1433,22,586,564,22,0,581,5,1600,1014,277,304
26,MARAMURES,74,0,Str.Bogdan Voda nr.6; Scoala genreala nr.3,MUNICIPIUL BAIA MARE,106318,M,1,1859,1838,21,823,802,21,0,820,3,1990,1167,284,536
26,MARAMURES,75,0,Str.Bogdan Voda nr.6; Scoala genreala nr.3,MUNICIPIUL BAIA MARE,106318,M,1,2079,2059,20,952,932,20,0,950,2,2300,1348,319,631
26,MARAMURES,76,0,Str.Garii nr.4;  Gara CFR,MUNICIPIUL BAIA MARE,106318,M,1,1939,1910,29,2036,720,29,1287,2029,7,2500,464,703,1326
26,MARAMURES,77,0,Bd. Bucuresti nr.44; S.C. CONFSTILL S.A.,MUNICIPIUL BAIA MARE,106318,M,1,2098,2077,21,780,758,21,1,777,3,2300,1520,303,474
26,MARAMURES,78,1,Str.George Cosbuc nr.31; Spitalul Judetean de Urgenta,MUNICIPIUL BAIA MARE,106318,M,1,27,0,27,399,0,27,372,396,3,600,201,200,196
26,MARAMURES,79,1,Str.Dr.Victor Babes nr.34; Spitalul de Boli Pulmonare TBC,MUNICIPIUL BAIA MARE,106318,M,1,10,0,10,90,0,10,80,89,1,300,210,47,42
26,MARAMURES,80,1,Str.Vasile Lucaciu nr.72; Spitalul de Boli Infectioase,MUNICIPIUL BAIA MARE,106318,M,1,13,0,13,88,0,13,75,86,2,400,312,42,44
26,MARAMURES,81,1,Str.Progresului nr.17; Policlinica nr.2,MUNICIPIUL BAIA MARE,106318,M,1,14,0,14,53,0,14,39,53,0,100,47,28,25
26,MARAMURES,82,1,Str. Hortensiei; Casa Armatei,MUNICIPIUL BAIA MARE,106318,M,1,7,0,7,76,0,7,69,75,1,200,124,27,48
26,MARAMURES,83,0,Str. Iapa; Scoala generala nr.8,MUNICIPIUL SIGHETU MARMATIEI,106559,M,1,1261,1251,10,588,577,10,1,582,6,1400,812,390,192
26,MARAMURES,84,0,Str. Valea Hotarului nr. 11; Scoala generala nr.1 CEARDA,MUNICIPIUL SIGHETU MARMATIEI,106559,M,1,1327,1312,15,550,535,15,0,542,8,1400,850,310,232
26,MARAMURES,85,0,Str. Campu Negru nr. 11; Scoala generala nr. 11,MUNICIPIUL SIGHETU MARMATIEI,106559,M,1,992,980,12,479,467,12,0,474,5,1100,621,257,217
26,MARAMURES,86,0,Bd. Independentei nr. 10; Gradinita nr. 12,MUNICIPIUL SIGHETU MARMATIEI,106559,M,1,1662,1646,16,736,718,16,2,730,6,1800,1064,330,400
26,MARAMURES,87,0,Str.Avram Iancu nr.8 (fostul sediu);Corpul Gardienilor Publici,MUNICIPIUL SIGHETU MARMATIEI,106559,M,1,1920,1909,11,975,817,11,147,970,5,2100,1125,511,459
26,MARAMURES,88,0,str.22 Decembrie nr.5; Liceul Pedagogic,MUNICIPIUL SIGHETU MARMATIEI,106559,M,1,2042,2029,13,976,938,13,25,971,5,2200,1224,492,479
26,MARAMURES,89,0,Str.Iuliu Maniu nr.31; Casa de Cultura,MUNICIPIUL SIGHETU MARMATIEI,106559,M,1,1716,1705,11,1097,805,11,281,1091,6,1900,803,436,655
26,MARAMURES,90,0,Str.Mihai Viteazu nr.13; Liceul Dragos Voda,MUNICIPIUL SIGHETU MARMATIEI,106559,M,1,1501,1470,31,725,694,31,0,715,10,1600,875,344,371
26,MARAMURES,91,0,P-ta Libertatii nr.22; Liceul Ucrainean,MUNICIPIUL SIGHETU MARMATIEI,106559,M,1,1325,1303,22,651,629,22,0,644,7,1400,749,320,324
26,MARAMURES,92,0,"Piata Libertatii nr.25; S.C. ""ACATERM"" S.A.",MUNICIPIUL SIGHETU MARMATIEI,106559,M,1,1515,1501,14,760,745,14,1,757,3,1600,840,344,413
26,MARAMURES,93,0,Str.Gheorghe Sincai nr.1; Scoala generala nr.2.,MUNICIPIUL SIGHETU MARMATIEI,106559,M,1,1457,1429,28,716,688,28,0,707,9,1600,884,330,377
26,MARAMURES,94,0,Str.Gheorghe Sincai nr.2; Gradinita nr.9,MUNICIPIUL SIGHETU MARMATIEI,106559,M,1,1628,1603,25,843,818,25,0,840,3,1800,957,397,443
26,MARAMURES,95,0,Str.Tudor Vladimirescu nr.6-8; Scoala generala nr.9,MUNICIPIUL SIGHETU MARMATIEI,106559,M,1,2570,2544,26,1213,1187,26,0,1200,13,2800,1587,532,668
26,MARAMURES,96,0,str.Dragos Voda nr.43; Liceul Industrial nr.1,MUNICIPIUL SIGHETU MARMATIEI,106559,M,1,1838,1808,30,929,833,30,66,918,11,2000,1071,485,433
26,MARAMURES,97,0,Str.Dragos Voda nr.244; Scoala generala nr.6,MUNICIPIUL SIGHETU MARMATIEI,106559,M,1,1506,1499,7,681,674,7,0,674,7,1600,919,397,277
26,MARAMURES,98,0,Str.Unirii  - Intrarea A; Scoala generala nr.10,MUNICIPIUL SIGHETU MARMATIEI,106559,M,1,1462,1442,20,716,696,20,0,708,8,1600,884,378,330
26,MARAMURES,99,0,Str.Unirii - Intrarea B; Scoala generala nr.10,MUNICIPIUL SIGHETU MARMATIEI,106559,M,1,1869,1855,14,857,841,14,2,849,8,2000,1143,415,434
26,MARAMURES,100,0,Cartierul Bogdan Voda bl.A5(parter); Univ. PRO HUMANITAS (fostul sediu),MUNICIPIUL SIGHETU MARMATIEI,106559,M,1,1716,1706,10,788,778,10,0,782,6,1900,1112,375,407
26,MARAMURES,101,0,Str.Bogdan Voda nr.118; Scoala generala nr.4,MUNICIPIUL SIGHETU MARMATIEI,106559,M,1,2133,2118,15,959,944,15,0,951,8,2300,1341,518,433
26,MARAMURES,102,0,Str.Bogdan Voda; Piata Obor,MUNICIPIUL SIGHETU MARMATIEI,106559,M,1,1989,1974,15,919,890,15,14,908,11,2200,1281,493,415
26,MARAMURES,103,0,Str.Bogdan Voda nr.246; Scoala generala nr.5,MUNICIPIUL SIGHETU MARMATIEI,106559,M,1,2407,2386,21,1136,1115,21,0,1129,7,2600,1462,647,482
26,MARAMURES,104,0,Cartier Sugau; Scoala generala nr.7,MUNICIPIUL SIGHETU MARMATIEI,106559,M,1,859,848,11,390,379,11,0,390,0,900,510,262,128
26,MARAMURES,105,0,P-ta Libertatii nr. 2; Scoala cls. 1-VIII nr. 1,ORAS BAIA SPRIE,106684,O,1,2385,2362,23,967,914,23,30,958,9,2600,1633,407,551
26,MARAMURES,106,0,Aleea Minerilor nr. 1; Grup scolar auto,ORAS BAIA SPRIE,106684,O,1,2294,2266,28,983,946,28,9,973,10,2500,1517,351,622
26,MARAMURES,107,0,Microraion Vest; Scoala cls. I-VIII nr. 2,ORAS BAIA SPRIE,106684,O,1,3175,3116,59,1386,1327,59,0,1378,8,3400,2014,587,791
26,MARAMURES,108,0,str. Ignis nr. 1; Sala de sport,ORAS BAIA SPRIE,106684,O,1,1995,1943,52,837,785,52,0,829,8,2100,1263,373,456
26,MARAMURES,109,0,Chiuzbaia nr. 95; Scoala cu cls. I-VIII,ORAS BAIA SPRIE,106684,O,1,571,550,21,349,328,21,0,347,2,600,251,193,154
26,MARAMURES,110,0,"str. Forestierului nr. 1; Scoala cu cls. I-VIII ""I. Slavici""",ORAS BAIA SPRIE,106684,O,1,2038,2014,24,951,927,24,0,947,4,2200,1249,515,432
26,MARAMURES,111,0,Satu Nou de Sus; Scoala cu cls. I-VIII,ORAS BAIA SPRIE,106684,O,1,806,797,9,461,384,9,68,458,3,900,439,186,272
26,MARAMURES,112,0,str. Dragos Voda nr. 68; Cantina Gara,ORAS BORSA,106746,O,1,1220,1209,11,419,408,11,0,419,0,1300,881,260,159
26,MARAMURES,113,0,str. Dragos Voda nr. 128; Scoala nr. 1,ORAS BORSA,106746,O,1,1163,1152,11,432,421,11,0,423,9,1300,868,232,191
26,MARAMURES,114,0,Joseni (U.M.),ORAS BORSA,106746,O,1,913,902,11,429,344,11,74,416,13,1000,571,217,199
26,MARAMURES,115,0,Centru; Scoala nr.8,ORAS BORSA,106746,O,1,1828,1815,13,875,705,13,157,868,7,2000,1125,429,439
26,MARAMURES,116,0,Centru; Scoala nr.9,ORAS BORSA,106746,O,1,1858,1844,14,615,600,14,1,609,6,2000,1385,278,331
26,MARAMURES,117,0,str. Victoriei nr.8; Casa de cultura,ORAS BORSA,106746,O,1,2351,2298,53,994,865,53,76,986,8,2500,1506,408,578
26,MARAMURES,118,0,str. Garlea nr.4/a; Scoala Garlea,ORAS BORSA,106746,O,1,933,927,6,407,401,6,0,405,2,1000,593,234,171
26,MARAMURES,119,0,str. Victoriei nr. 72; Scoala Stiubeie,ORAS BORSA,106746,O,1,1117,1108,9,389,380,9,0,385,4,1200,811,186,199
26,MARAMURES,120,0,Str. Repezii nr. 8; Scoala Repedea,ORAS BORSA,106746,O,1,1620,1614,6,587,581,6,0,580,7,1800,1213,282,298
26,MARAMURES,121,0,str. Al. I. Cuza nr. 73; Scoala Poiana,ORAS BORSA,106746,O,1,1653,1645,8,661,653,8,0,658,3,1800,1139,325,333
26,MARAMURES,122,0,str. Al. I. Cuza nr. 249; Scoala Birt,ORAS BORSA,106746,O,1,1182,1168,14,433,419,14,0,420,13,1200,767,207,213
26,MARAMURES,123,0,str. Preluca Tatarilor nr. 1; Scoala Fintina,ORAS BORSA,106746,O,1,992,979,13,368,355,13,0,360,8,1100,732,150,210
26,MARAMURES,124,0,str. Unirii nr. 11; Scoala Rotundu,ORAS BORSA,106746,O,1,1783,1776,7,595,588,7,0,581,14,2000,1405,340,241
26,MARAMURES,125,0,Str. Minerilor nr. 77; Scoala nr. 7 Corpul de jos,ORAS BORSA,106746,O,1,1611,1605,6,569,563,6,0,567,2,1800,1231,308,259
26,MARAMURES,126,0,Baia Borsa; Scoala nr. 7,ORAS BORSA,106746,O,1,1529,1521,8,544,536,8,0,542,2,1700,1156,351,191
26,MARAMURES,127,0,Str. 1 Mai nr. 15; Grup scolar Industrial,ORAS CAVNIC,106782,O,1,1813,1804,9,786,777,9,0,775,11,2000,1214,407,368
26,MARAMURES,128,0,Str. Independentei nr. 3; Scoala generala nr. 2,ORAS CAVNIC,106782,O,1,1715,1698,17,877,793,17,67,875,2,1900,1023,518,357
26,MARAMURES,129,0,"Str. Eliberarii nr. 55; Scoala generala nr. 1, Handal",ORAS CAVNIC,106782,O,1,833,817,16,308,292,16,0,307,1,900,592,171,136
26,MARAMURES,130,0,Scoala Generala,DRAGOMIRESTI,108017,C,3,2594,2576,18,1336,1289,18,29,1327,9,2800,1464,961,366
26,MARAMURES,131,0,Caminul cultural,ORAS SALISTEA DE SUS,108892,O,1,2421,2389,32,1243,1208,32,3,1234,9,2600,1357,687,547
26,MARAMURES,132,0,"Scoala generala ""Mihai Eminescu""",ORAS SALISTEA DE SUS,108892,O,1,1956,1945,11,1025,955,11,59,1014,11,2100,1075,622,392
26,MARAMURES,133,0,Str. M.Eminescu nr. 4; Casa de cultura,ORAS SEINI,108963,O,1,2090,2075,15,976,882,15,79,968,8,2300,1324,455,513
26,MARAMURES,134,0,str. M. Eminescu nr. 22; Gradinita de copii,ORAS SEINI,108963,O,1,2021,2009,12,778,766,12,0,764,14,2200,1422,375,389
26,MARAMURES,135,0,str. N. Balcescu nr.1; Scoala generala nr. 1,ORAS SEINI,108963,O,1,2143,2132,11,1020,1009,11,0,1014,6,2300,1280,433,581
26,MARAMURES,136,0,Sabisa nr. 42; Gradinita de copii,ORAS SEINI,108963,O,1,604,598,6,285,279,6,0,283,2,700,415,179,104
26,MARAMURES,137,0,Scoala Viile Apei 75,ORAS SEINI,108963,O,1,499,489,10,250,240,10,0,248,2,500,250,128,120
26,MARAMURES,138,0,Caminul Cultural Somcuta Mare,ORAS SOMCUTA MARE,109176,O,1,1591,1579,12,875,772,12,91,868,7,1700,825,381,487
26,MARAMURES,139,0,Dispensarul Veterinar Somcuta Mare,ORAS SOMCUTA MARE,109176,O,1,796,752,44,465,421,44,0,462,3,900,435,218,244
26,MARAMURES,140,0,Cartierul de rromi,ORAS SOMCUTA MARE,109176,O,1,565,553,12,307,295,12,0,303,4,600,293,169,134
26,MARAMURES,141,0,Valenii Somcutei; Caminul Cultural,ORAS SOMCUTA MARE,109176,O,1,744,736,8,389,381,8,0,382,7,800,411,164,218
26,MARAMURES,142,0,Buciumi; Caminul Cultural,ORAS SOMCUTA MARE,109176,O,1,663,639,24,385,361,24,0,381,4,700,315,215,166
26,MARAMURES,143,0,Finteusu Mare; Gradinita de copii,ORAS SOMCUTA MARE,109176,O,1,527,520,7,284,277,7,0,283,1,600,316,180,103
26,MARAMURES,144,0,Hovrila; Camin Cultural,ORAS SOMCUTA MARE,109176,O,1,257,251,6,169,163,6,0,168,1,300,131,98,70
26,MARAMURES,145,0,Ciolt; Scoala cu cls. I-VIII,ORAS SOMCUTA MARE,109176,O,1,510,504,6,271,265,6,0,267,4,600,329,91,176
26,MARAMURES,146,0,Buteasa; Caminul Cultural,ORAS SOMCUTA MARE,109176,O,1,331,327,4,162,158,4,0,161,1,400,238,99,62
26,MARAMURES,147,0,Codru Butesii; Scoala Generala,ORAS SOMCUTA MARE,109176,O,1,225,215,10,162,152,10,0,157,5,300,138,65,92
26,MARAMURES,148,0,Scoala generala cu clasele I-VIII Tautii Magherausi,ORAS TAUTII-MAGHERAUS,106461,O,1,1857,1805,52,950,839,52,59,941,8,2000,1050,415,526
26,MARAMURES,149,0,Scoala generala cu clasele I-VIII Baita,ORAS TAUTII-MAGHERAUS,106461,O,1,1443,1419,24,730,706,24,0,721,9,1600,870,349,372
26,MARAMURES,150,0,Scoala generala cu clasele I-VIII Nistru,ORAS TAUTII-MAGHERAUS,106461,O,1,870,851,19,428,409,19,0,425,3,900,472,284,141
26,MARAMURES,151,0,Scoala generala cu clasele I-IV Busag,ORAS TAUTII-MAGHERAUS,106461,O,1,426,417,9,235,226,9,0,234,1,500,265,190,44
26,MARAMURES,152,0,Scoala generala cu clasele I-IV Bozanta Mare,ORAS TAUTII-MAGHERAUS,106461,O,1,430,417,13,209,196,13,0,208,1,500,291,90,118
26,MARAMURES,153,0,Scoala generala cu clasele I-IV Merisor,ORAS TAUTII-MAGHERAUS,106461,O,1,196,182,14,134,120,14,0,132,2,200,66,96,36
26,MARAMURES,154,0,Scoala generala cu clasele I-IV Ulmoasa,ORAS TAUTII-MAGHERAUS,106461,O,1,167,154,13,90,77,13,0,90,0,200,110,68,22
26,MARAMURES,155,0,Str.Piata Eroilor nr.10; Casa Oraseneasca de Cultura Tg. Lapus,ORAS TARGU LAPUS,106817,O,1,1695,1684,11,769,755,11,3,758,11,1900,1131,385,373
26,MARAMURES,156,0,Str.Piata Eroilor nr.31; Sc. gen. pentru copii cu deficiente,ORAS TARGU LAPUS,106817,O,1,1947,1931,16,927,862,16,49,923,4,2100,1173,495,428
26,MARAMURES,157,0,Str.Tiblesului nr.2; Holul mare al primariei orasului Targu Lapus,ORAS TARGU LAPUS,106817,O,1,1388,1372,16,793,674,16,103,791,2,1500,707,425,366
26,MARAMURES,158,0,Boiereni; Scoala generala nr.159,ORAS TARGU LAPUS,106817,O,1,395,382,13,193,176,13,4,190,3,400,207,128,62
26,MARAMURES,159,0,Borcut; Scoala generala nr.117,ORAS TARGU LAPUS,106817,O,1,424,407,17,369,352,17,0,369,0,500,131,312,57
26,MARAMURES,160,0,Cufoaia; Scoala generala nr.15,ORAS TARGU LAPUS,106817,O,1,189,180,9,117,108,9,0,116,1,200,83,62,54
26,MARAMURES,161,0,Damacuseni; Scoala generala 302,ORAS TARGU LAPUS,106817,O,1,803,796,7,672,665,7,0,655,17,900,228,565,90
26,MARAMURES,162,0,Dumbrava; Scoala generala nr. 56,ORAS TARGU LAPUS,106817,O,1,206,191,15,127,108,15,4,127,0,200,73,74,53
26,MARAMURES,163,0,Dobricu-Lapusului; Scoala generala nr. 53,ORAS TARGU LAPUS,106817,O,1,335,327,8,189,178,8,3,188,1,400,211,86,102
26,MARAMURES,164,0,Fantanele; Scoala generala nr. 132,ORAS TARGU LAPUS,106817,O,1,263,242,21,146,125,21,0,143,3,300,154,95,48
26,MARAMURES,165,0,Inau; Scoala generala nr. 106,ORAS TARGU LAPUS,106817,O,1,251,241,10,129,115,10,4,129,0,300,171,74,55
26,MARAMURES,166,0,Razoare; Scoala generala nr. 198,ORAS TARGU LAPUS,106817,O,1,1125,1109,16,515,499,16,0,511,4,1200,685,418,93
26,MARAMURES,167,0,Rogoz; Scoala generala nr. 411,ORAS TARGU LAPUS,106817,O,1,1287,1278,9,553,542,9,2,551,2,1400,847,400,151
26,MARAMURES,168,0,Rohia; Scoala generala nr. 254,ORAS TARGU LAPUS,106817,O,1,631,625,6,313,307,6,0,309,4,700,387,155,154
26,MARAMURES,169,0,Stoiceni; Scoala generala nr. 92,ORAS TARGU LAPUS,106817,O,1,235,225,10,146,136,10,0,145,1,300,154,77,68
26,MARAMURES,170,0,Ulmeni; Caminul cultural,ORAS ULMENI,109265,O,1,1277,1274,3,709,666,3,40,704,5,1400,691,359,345
26,MARAMURES,171,0,Scoala generala Arduzel,ORAS ULMENI,109265,O,1,721,714,7,302,295,7,0,297,5,800,498,225,72
26,MARAMURES,172,0,Scoala generala Chelinta,ORAS ULMENI,109265,O,1,922,911,11,488,477,11,0,482,6,1000,512,352,130
26,MARAMURES,173,0,Scoala generala Minau,ORAS ULMENI,109265,O,1,916,911,5,386,377,5,4,381,5,1000,614,293,88
26,MARAMURES,174,0,Scoala generala Somes Uileac,ORAS ULMENI,109265,O,1,699,687,12,325,313,12,0,320,5,800,475,199,121
26,MARAMURES,175,0,Scoala generala Tohat,ORAS ULMENI,109265,O,1,202,194,8,113,105,8,0,113,0,200,87,67,46
26,MARAMURES,176,0,Scoala generala Ticau,ORAS ULMENI,109265,O,1,530,523,7,262,253,7,2,259,3,600,338,192,67
26,MARAMURES,177,0,Caminul cultural Vicea,ORAS ULMENI,109265,O,1,305,300,5,143,138,5,0,143,0,300,157,101,42
26,MARAMURES,178,0,Str.Malinului nr.4; Gradinita Viseu de Mijloc,ORAS VISEU DE SUS,106979,O,1,2365,2349,16,1031,1015,16,0,1020,11,2000,969,493,527
26,MARAMURES,179,0,"Str.Mihai Eminescu nr.1; Liceul ""Bogdan Voda""; Viseu de Sus",ORAS VISEU DE SUS,106979,O,1,1951,1896,55,1172,872,55,245,1163,9,2000,827,449,714
26,MARAMURES,180,0,Str.Aleea Eroilor nr.8; Scoala Generala nr.7,ORAS VISEU DE SUS,106979,O,1,3325,3263,62,1500,1438,62,0,1486,14,3607,2107,651,835
26,MARAMURES,181,0,Str.Randunelelor nr.80; Scoala generala nr.3,ORAS VISEU DE SUS,106979,O,1,781,769,12,355,343,12,0,349,6,800,444,135,214
26,MARAMURES,182,0,Str.Carpati nr.38; Cantina de ajutor social,ORAS VISEU DE SUS,106979,O,1,1974,1957,17,1019,1000,17,2,1009,10,2200,1181,497,512
26,MARAMURES,183,0,Str.Tudor Vladimirescu nr.1; Scoala generala nr.1,ORAS VISEU DE SUS,106979,O,1,2655,2635,20,1075,1055,20,0,1061,13,3400,2325,472,589
26,MARAMURES,184,0,Str.1 Mai nr.110; Scoala generala nr.4,ORAS VISEU DE SUS,106979,O,1,2132,2102,30,1070,1040,30,0,1055,15,2300,1230,779,276
26,MARAMURES,185,0,"str. Principala, nr 430; sediul vechi al primariei",ARDUSAT,107001,C,3,1307,1282,25,557,485,25,47,554,3,1400,843,380,174
26,MARAMURES,186,0,Sc.gen. I-IV Ariesul de Cimp,ARDUSAT,107001,C,3,198,192,6,131,125,6,0,130,1,200,69,59,71
26,MARAMURES,187,0,Sc. Cls. I-IV Coltirea,ARDUSAT,107001,C,3,328,320,8,165,153,8,4,164,1,400,235,108,56
26,MARAMURES,188,0,"Camin cultural, Arinis",ARINIS,107047,C,3,664,662,2,316,310,2,4,316,0,700,384,185,131
26,MARAMURES,189,0,Camin cultural Tamasesti,ARINIS,107047,C,3,236,229,7,175,161,7,7,170,5,300,125,125,45
26,MARAMURES,190,0,Primarie Asuaju de Sus,ASUAJU DE SUS,107083,C,3,909,896,13,608,595,13,0,596,12,1000,392,424,172
26,MARAMURES,191,0,"Camin Cultural, Asuaju de Jos",ASUAJU DE SUS,107083,C,3,345,318,27,187,160,27,0,187,0,400,213,119,68
26,MARAMURES,192,0,Sc. gen. Baita de Sub Codru,BAITA DE SUB CODRU,107118,C,3,1138,1135,3,619,611,3,5,614,4,1300,681,412,202
26,MARAMURES,193,0,Sc. gen. Urmenis,BAITA DE SUB CODRU,107118,C,3,253,246,7,162,154,7,1,161,1,300,138,93,68
26,MARAMURES,194,0,Sc. gen. Baiut,BAIUT,107154,C,3,1629,1613,16,685,650,16,19,682,3,1800,1115,366,316
26,MARAMURES,195,0,Scoala Strimbu Baiut,BAIUT,107154,C,3,527,487,40,279,204,40,35,275,4,500,221,140,135
26,MARAMURES,196,0,Scoala Poiana Botizii,BAIUT,107154,C,3,259,253,6,164,154,6,4,161,3,300,136,108,53
26,MARAMURES,197,0,Primarie Basesti,BASESTI,107190,C,3,495,483,12,242,222,12,8,242,0,500,258,149,93
26,MARAMURES,198,0,Sc. I-IV Saliste,BASESTI,107190,C,3,121,107,14,83,69,14,0,81,2,200,117,41,40
26,MARAMURES,199,0,Sc. I-IV Odesti,BASESTI,107190,C,3,383,368,15,197,182,15,0,196,1,400,203,154,42
26,MARAMURES,200,0,Sc. I-IV Stremt,BASESTI,107190,C,3,276,262,14,142,128,14,0,141,1,300,158,74,67
26,MARAMURES,201,0,Primarie Bicaz,BICAZ,107234,C,3,495,495,0,260,242,0,18,259,1,500,240,204,55
26,MARAMURES,202,0,Sc. Gen. Ciuta,BICAZ,107234,C,3,185,181,4,122,101,4,17,122,0,200,78,89,33
26,MARAMURES,203,0,Sc. gen. Corni,BICAZ,107234,C,3,307,303,4,157,140,4,13,156,1,400,243,115,41
26,MARAMURES,204,0,Primarie Bistra,BISTRA,107270,C,3,894,890,4,398,372,4,22,391,7,1000,602,196,195
26,MARAMURES,205,0,Camin cultural Crasna,BISTRA,107270,C,3,1397,1354,43,978,923,43,12,969,9,1500,522,404,565
26,MARAMURES,206,0,Camin cultural Valea Viseului,BISTRA,107270,C,3,1230,1186,44,522,478,44,0,512,10,1300,778,261,251
26,MARAMURES,207,0,Camin cultural Birsana,BARSANA,107314,C,3,2721,2608,113,1268,1155,113,0,1259,9,2800,1532,814,445
26,MARAMURES,208,0,Sc. gen. Valea Muntelui,BARSANA,107314,C,3,731,632,99,312,213,99,0,311,1,700,388,222,89
26,MARAMURES,209,0,Sc. gen. Nanesti,BARSANA,107314,C,3,630,616,14,350,336,14,0,346,4,700,350,240,106
26,MARAMURES,210,0,Primarie Bocicoiu Mare,BOCICOIU MARE,107350,C,3,487,477,10,244,221,10,13,242,2,500,256,135,107
26,MARAMURES,211,0,Sc. Cu cls. I-VIII Craciunesti,BOCICOIU MARE,107350,C,3,1231,1219,12,537,515,12,10,527,10,1301,764,325,202
26,MARAMURES,212,0,Sc. Cu cls. I-VIII Tisa,BOCICOIU MARE,107350,C,3,1101,1097,4,466,445,4,17,462,4,1200,734,280,182
26,MARAMURES,213,0,Sc. Cu cls. I-VIII Lunca la Tisa,BOCICOIU MARE,107350,C,3,768,756,12,310,297,12,1,308,2,800,490,196,112
26,MARAMURES,214,0,Clubul din incinta primariei,BOGDAN VODA,107403,C,3,2082,2070,12,974,955,12,7,972,2,2200,1226,675,297
26,MARAMURES,215,0,Scoala Bocicoiel,BOGDAN VODA,107403,C,3,722,683,39,428,389,39,0,426,2,700,272,364,62
26,MARAMURES,216,0,Primaria Boiu Mare,BOIU MARE,107430,C,3,489,483,6,260,254,6,0,256,4,500,240,170,86
26,MARAMURES,217,0,Sc. cls. I-IV Prislop,BOIU MARE,107430,C,3,373,360,13,215,202,13,0,212,3,400,185,131,81
26,MARAMURES,218,0,Rominesti Sc. cl. I-IV,BOIU MARE,107430,C,3,149,137,12,129,99,12,18,129,0,200,71,98,31
26,MARAMURES,219,0,Primarie Botiza,BOTIZA,107485,C,3,2276,2261,15,1488,1468,15,5,1483,5,2500,1012,1123,360
26,MARAMURES,220,0,Primarie Budesti,BUDESTI,107519,C,3,1339,1318,21,765,741,21,3,761,4,1500,735,507,254
26,MARAMURES,221,0,Gradinita Susani,BUDESTI,107519,C,3,743,734,9,380,370,9,1,380,0,800,420,287,93
26,MARAMURES,222,0,Sc. cls. I-VIII Sirbi,BUDESTI,107519,C,3,738,711,27,356,327,27,2,352,4,800,444,214,138
26,MARAMURES,223,0,Camin cultural Calinesti,CALINESTI,107546,C,3,1257,1249,8,650,642,8,0,648,2,1400,750,316,332
26,MARAMURES,224,0,Camin cultural Valeni,CALINESTI,107546,C,3,1140,1134,6,603,594,6,3,600,3,1300,697,369,231
26,MARAMURES,225,0,Sc. Gen. Cornesti,CALINESTI,107546,C,3,403,399,4,191,187,4,0,190,1,500,309,101,89
26,MARAMURES,226,0,Sc-gen. Cernesti,CERNESTI,107582,C,3,675,646,29,316,283,29,4,315,1,700,384,181,134
26,MARAMURES,227,0,Sc. Gen. Finate,CERNESTI,107582,C,3,513,513,0,244,230,0,14,241,3,600,356,202,39
26,MARAMURES,228,0,Gradinita Ciocotis,CERNESTI,107582,C,3,892,881,11,435,404,11,20,432,3,1000,565,246,186
26,MARAMURES,229,0,Sc.gen. Trestia,CERNESTI,107582,C,3,553,544,9,304,292,9,3,302,1,600,296,233,69
26,MARAMURES,230,0,Brebeni; Sc. gen.,CERNESTI,107582,C,3,190,183,7,93,86,7,0,92,1,200,107,50,42
26,MARAMURES,231,0,Magureni; Sc. gen.,CERNESTI,107582,C,3,186,175,11,139,120,11,8,135,3,200,61,99,36
26,MARAMURES,232,0,Camin cultural Cicirlau,CICARLAU,107662,C,3,1623,1610,13,744,731,13,0,740,4,1700,956,383,357
26,MARAMURES,233,0,Camin cultural Ilba,CICARLAU,107662,C,3,1079,1070,9,466,457,9,0,461,5,1200,734,300,161
26,MARAMURES,234,0,Camin cultural Handalu Ilbei,CICARLAU,107662,C,3,394,378,16,181,165,16,0,178,3,400,219,131,47
26,MARAMURES,235,0,Camin cultural Campulung la Tisa,CAMPULUNG LA TISA,107715,C,3,2010,2002,8,661,651,8,2,650,11,2200,1539,387,263
26,MARAMURES,236,0,Camin cultural Coas,COAS,179837,C,3,1087,1080,7,520,483,7,30,517,3,1200,680,325,192
26,MARAMURES,237,0,Intreriuri Sc. Intreriuri,COAS,179837,C,3,74,63,11,54,43,11,0,54,0,100,46,47,7
26,MARAMURES,238,0,Camin Cultural Coltau,COLTAU,179846,C,3,1351,1332,19,1176,1156,19,1,1095,81,1400,224,951,144
26,MARAMURES,239,0,Camin Cultural  Catalina,COLTAU,179846,C,3,231,227,4,181,157,4,20,181,0,300,119,149,32
26,MARAMURES,240,0,Primarie Copalnic Manastur,COPALNIC-MANASTUR,107733,C,3,791,760,31,326,292,31,3,321,5,800,474,177,144
26,MARAMURES,241,0,"Sc. gen., Berinta",COPALNIC-MANASTUR,107733,C,3,612,590,22,264,242,22,0,256,8,600,336,146,110
26,MARAMURES,242,0,Sc. gen. Copalnic,COPALNIC-MANASTUR,107733,C,3,546,528,18,167,149,18,0,166,1,600,433,90,76
26,MARAMURES,243,0,Sc. gen. Carpinis,COPALNIC-MANASTUR,107733,C,3,287,270,17,160,143,17,0,159,1,300,140,111,48
26,MARAMURES,244,0,Sc. gen. Curtuiusu Mic,COPALNIC-MANASTUR,107733,C,3,210,198,12,77,65,12,0,77,0,200,123,52,25
26,MARAMURES,245,0,Sc. gen. Fauresti,COPALNIC-MANASTUR,107733,C,3,636,623,13,296,283,13,0,295,1,700,404,202,93
26,MARAMURES,246,0,Sc. gen. Laschia,COPALNIC-MANASTUR,107733,C,3,444,432,12,252,235,12,5,251,1,500,248,171,80
26,MARAMURES,247,0,Sc. gen. Preluca Noua,COPALNIC-MANASTUR,107733,C,3,271,262,9,146,137,9,0,144,2,300,154,103,41
26,MARAMURES,248,0,Sc. gen. Preluca Veche,COPALNIC-MANASTUR,107733,C,3,331,323,8,130,122,8,0,129,1,400,270,92,37
26,MARAMURES,249,0,Sc. gen. Rusor,COPALNIC-MANASTUR,107733,C,3,223,210,13,125,112,13,0,124,1,300,175,67,57
26,MARAMURES,250,0,Sc. gen. Vad,COPALNIC-MANASTUR,107733,C,3,294,286,8,163,155,8,0,163,0,300,137,107,56
26,MARAMURES,251,0,Primarie Coroieni,COROIENI,107868,C,3,365,353,12,157,145,12,0,154,3,400,243,107,47
26,MARAMURES,252,0,Sc. Valenii Lapusului,COROIENI,107868,C,3,572,562,10,301,291,10,0,298,3,600,299,209,89
26,MARAMURES,253,0,Sc. Baba,COROIENI,107868,C,3,434,423,11,233,218,11,4,232,1,500,267,162,70
26,MARAMURES,254,0,Dealu Mare scoala,COROIENI,107868,C,3,296,280,16,167,151,16,0,165,2,300,133,153,12
26,MARAMURES,255,0,Draghia; Sc. gen. cu cls. I-IV,COROIENI,107868,C,3,174,171,3,128,113,3,12,127,1,200,72,71,56
26,MARAMURES,256,0,Sc. Cls. I-VIII Cupseni,CUPSENI,107920,C,3,732,716,16,373,357,16,0,368,5,800,427,214,154
26,MARAMURES,257,0,Sc. Cu cls. I-VIII Costeni,CUPSENI,107920,C,3,400,387,13,290,277,13,0,282,8,400,110,71,211
26,MARAMURES,258,0,Sc. Cu cls. I-IV Libotin,CUPSENI,107920,C,3,977,958,19,636,617,19,0,633,3,1000,364,327,306
26,MARAMURES,259,0,Sc. Cu cls. V-VIII Ungureni,CUPSENI,107920,C,3,1095,1079,16,618,602,16,0,614,4,1200,582,572,42
26,MARAMURES,260,0,Camin cultural Desesti,DESESTI,107975,C,3,825,817,8,450,425,8,17,446,4,900,450,206,240
26,MARAMURES,261,0,Camin cultural Harnicesti,DESESTI,107975,C,3,515,508,7,296,270,7,19,296,0,600,304,122,174
26,MARAMURES,262,0,Sc. Cu cls. I-VIII Mara,DESESTI,107975,C,3,834,818,16,513,468,16,29,500,13,900,387,161,339
26,MARAMURES,263,0,Scoala Veche,DUMBRAVITA,108035,C,3,945,938,7,437,430,7,0,434,3,1000,563,216,218
26,MARAMURES,264,0,Sc. Gen. Chechis,DUMBRAVITA,108035,C,3,731,726,5,338,333,5,0,336,2,800,462,179,157
26,MARAMURES,265,0,Sc. Gen. Carbunari,DUMBRAVITA,108035,C,3,463,454,9,225,216,9,0,225,0,500,275,152,73
26,MARAMURES,266,0,Sc. gen. Rus,DUMBRAVITA,108035,C,3,542,537,5,261,256,5,0,259,2,600,339,111,148
26,MARAMURES,267,0,Camin cultural Sindresti,DUMBRAVITA,108035,C,3,490,471,19,232,213,19,0,232,0,500,268,116,116
26,MARAMURES,268,0,Sc. gen. Ungurasi,DUMBRAVITA,108035,C,3,358,351,7,218,211,7,0,217,1,400,182,143,74
26,MARAMURES,269,0,Camin cultural Farcasa,FARCASA,108106,C,3,1674,1671,3,796,748,3,45,791,5,1900,1104,506,285
26,MARAMURES,270,0,Sc. gen. Tamaia,FARCASA,108106,C,3,1228,1168,60,531,471,60,0,520,11,1200,669,349,171
26,MARAMURES,271,0,Camin cultural Giulesti,GIULESTI,108151,C,3,1513,1509,4,631,608,4,19,622,9,1600,969,359,263
26,MARAMURES,272,0,Camin cultural Berbesti,GIULESTI,108151,C,3,1270,1270,0,601,567,0,34,594,7,1400,799,427,167
26,MARAMURES,273,0,Sc. gen. cu cls. I-VIII Girdani,GARDANI,179855,C,3,1129,1120,9,591,582,9,0,584,7,1200,609,377,207
26,MARAMURES,274,0,Primarie Grosi,GROSI,106363,C,3,979,962,17,523,504,17,2,518,5,1000,477,231,287
26,MARAMURES,275,0,Sc. gen. Ocolis,GROSI,106363,C,3,328,317,11,115,103,11,1,115,0,400,285,68,47
26,MARAMURES,276,0,Sc. Gen. Satu Nou de Jos,GROSI,106363,C,3,648,642,6,280,274,6,0,275,5,700,420,153,122
26,MARAMURES,277,0,"Gradinita Centru, Grosii Tiblesului",GROSII TIBLESULUI,179622,C,3,1070,915,155,590,421,155,14,585,5,1000,410,389,196
26,MARAMURES,278,0,Sc. Greble,GROSII TIBLESULUI,179622,C,3,881,830,51,415,350,51,14,414,1,900,485,302,112
26,MARAMURES,279,0,Camin cultural Ieud,IEUD,108204,C,3,3136,3121,15,1463,1409,15,39,1451,12,3400,1935,963,488
26,MARAMURES,280,0,Primarie Lapus,LAPUS,108222,C,3,1481,1466,15,804,785,15,4,801,3,1600,796,372,429
26,MARAMURES,281,0,Gradinita nr.1 Lapus,LAPUS,108222,C,3,1561,1533,28,849,821,28,0,847,2,1600,751,328,519
26,MARAMURES,282,0,Primarie Leordina,LEORDINA,108240,C,3,2048,2029,19,1344,1287,19,38,1339,5,2200,855,654,685
26,MARAMURES,283,0,Primarie Miresu Mare,MIRESU MARE,108268,C,3,1145,1130,15,636,621,15,0,630,6,1200,564,367,263
26,MARAMURES,284,0,Danestii Chioarului Gradinita,MIRESU MARE,108268,C,3,363,353,10,213,203,10,0,211,2,400,187,150,61
26,MARAMURES,285,0,"Iadara, Scoala",MIRESU MARE,108268,C,3,818,813,5,426,420,5,1,424,2,900,474,187,237
26,MARAMURES,286,0,"Lucacesti, Granita",MIRESU MARE,108268,C,3,496,482,14,240,219,14,7,240,0,500,260,140,100
26,MARAMURES,287,0,"Remetii pe Somes, Scoala Generala",MIRESU MARE,108268,C,3,478,467,11,248,237,11,0,247,1,500,252,168,79
26,MARAMURES,288,0,"Tulghies, Scoala Generala",MIRESU MARE,108268,C,3,514,500,14,280,264,14,2,277,3,500,220,182,95
26,MARAMURES,289,0,Sc. nr. 4 Moisei,MOISEI,108348,C,3,982,966,16,468,452,16,0,464,4,1000,532,326,138
26,MARAMURES,290,0,Sc. nr. 3 Moisei,MOISEI,108348,C,3,1466,1460,6,699,693,6,0,696,3,1600,901,485,211
26,MARAMURES,291,0,Primarie Moisei,MOISEI,108348,C,3,2317,2300,17,1127,1082,17,28,1117,10,2500,1373,719,398
26,MARAMURES,292,0,Sc. nr. 4 Moisei,MOISEI,108348,C,3,2342,2328,14,1004,990,14,0,996,8,2500,1496,573,423
26,MARAMURES,293,0,Primarie Oarta de Jos,OARTA DE JOS,108366,C,3,460,453,7,275,266,7,2,275,0,500,225,166,109
26,MARAMURES,294,0,Oarta de Sus Sc. gen.,OARTA DE JOS,108366,C,3,641,633,8,431,413,8,10,427,4,700,269,261,166
26,MARAMURES,295,0,Primarie Ocna Sugatag,OCNA SUGATAG,108400,C,3,1187,1117,70,584,514,70,0,584,0,1200,616,215,369
26,MARAMURES,296,0,Sc. gen.  Breb,OCNA SUGATAG,108400,C,3,960,953,7,562,546,7,9,555,7,1000,438,255,300
26,MARAMURES,297,0,"Hoteni, Sc. gen.",OCNA SUGATAG,108400,C,3,305,298,7,191,184,7,0,191,0,300,109,38,153
26,MARAMURES,298,0,"Sat Sugatag, Scoala",OCNA SUGATAG,108400,C,3,978,973,5,492,475,5,12,490,2,1000,508,314,176
26,MARAMURES,299,0,Sc. gen. Oncesti,ONCESTI,179864,C,3,1301,1265,36,746,710,36,0,736,10,1400,654,403,333
26,MARAMURES,300,0,Primarie Petrova,PETROVA,108455,C,3,2142,2131,11,1091,1054,11,26,1071,20,2300,1209,685,386
26,MARAMURES,301,0,Primarie Poienile Izei,POIENILE IZEI,179604,C,3,870,840,30,774,744,30,0,766,8,900,126,490,276
26,MARAMURES,302,0,Sc. Cu cls. I-VIII - Centru; Poienile de Sub Munte,POIENILE DE SUB MUNTE,108473,C,3,2016,1995,21,1114,1084,21,9,1103,11,2200,1086,756,347
26,MARAMURES,303,0,Camin cultural Poienile de Sub Munte,POIENILE DE SUB MUNTE,108473,C,3,1529,1512,17,840,794,17,29,821,19,1700,860,534,287
26,MARAMURES,304,0,Sc. Cu cls. I-VIII nr. 1; Nejni Crai,POIENILE DE SUB MUNTE,108473,C,3,1185,1173,12,541,529,12,0,534,7,1300,759,395,139
26,MARAMURES,305,0,Sc. Cu cls. I-VIII nr. 4; Horb,POIENILE DE SUB MUNTE,108473,C,3,1295,1285,10,610,600,10,0,599,11,1400,790,430,169
26,MARAMURES,306,0,Sc. Cu cls. I-VIII nr. 2; Luhei,POIENILE DE SUB MUNTE,108473,C,3,809,801,8,417,408,8,1,407,10,900,483,286,121
26,MARAMURES,307,0,Sc. Cu cls. I-VIII Recea,RECEA,106407,C,3,899,875,24,535,509,24,2,532,3,900,365,266,266
26,MARAMURES,308,0,Bozinta Mica Sc. Cu cls. I-VIII,RECEA,106407,C,3,316,302,14,173,159,14,0,172,1,300,127,98,74
26,MARAMURES,309,0,Lapusel  Ss. Cu cls. I-VIII,RECEA,106407,C,3,1055,1042,13,547,534,13,0,543,4,1100,553,283,260
26,MARAMURES,310,0,Mocira Sc. Cu cls. I-VIII,RECEA,106407,C,3,622,604,18,438,418,18,2,436,2,700,262,242,194
26,MARAMURES,311,0,Sasar Sc. Cu cls. I-VIII,RECEA,106407,C,3,1433,1417,16,826,810,16,0,823,3,1500,674,401,422
26,MARAMURES,312,0,Camin cultural Remetea Chioarului,REMETEA CHIOARULUI,108491,C,3,820,809,11,392,381,11,0,386,6,900,508,228,158
26,MARAMURES,313,0,Scoala Berchez,REMETEA CHIOARULUI,108491,C,3,506,493,13,245,232,13,0,243,2,600,355,156,87
26,MARAMURES,314,0,Scoala Berchezoaia,REMETEA CHIOARULUI,108491,C,3,402,390,12,148,136,10,2,146,2,400,252,88,58
26,MARAMURES,315,0,Scoala  Posta,REMETEA CHIOARULUI,108491,C,3,293,288,5,158,153,5,0,158,0,300,142,100,58
26,MARAMURES,316,0,Sc. gen. Remecioara,REMETI,108552,C,3,191,176,15,100,82,15,3,100,0,200,100,51,49
26,MARAMURES,317,0,Camin Cultural Remeti,REMETI,108552,C,3,1996,1986,10,947,917,10,20,939,7,2200,1253,693,246
26,MARAMURES,318,0,Piatra Sc. gen.,REMETI,108552,C,3,276,264,12,121,101,12,8,116,5,300,179,91,25
26,MARAMURES,319,0,Teceu Mic Sc. gen.,REMETI,108552,C,3,166,147,19,62,43,19,0,62,0,200,138,44,18
26,MARAMURES,320,0,Caminul cultural Repedea,REPEDEA,108598,C,3,2212,2184,28,1104,1076,28,0,1092,9,2300,1196,748,344
26,MARAMURES,321,0,Sc. Gen. nr. 2 Miclusa,REPEDEA,108598,C,3,1072,1047,25,528,503,25,0,521,7,1200,672,300,221
26,MARAMURES,322,0,"Sc. cu cls. I-VIII ""Laurentiu Ulici""; Rona de Jos",RONA DE JOS,108614,C,3,1745,1736,9,745,724,9,12,743,2,1900,1155,350,393
26,MARAMURES,323,0,Camin cultural Rona de Sus,RONA DE SUS,108632,C,3,3305,3300,5,1027,1013,5,9,1010,17,3600,2573,789,221
26,MARAMURES,324,0,Costiui Clubul tineretului,RONA DE SUS,108632,C,3,618,580,38,312,274,38,0,307,5,600,288,199,108
26,MARAMURES,325,0,Primarie Rozavlea,ROZAVLEA,108669,C,3,2726,2710,16,1138,1122,16,0,1134,4,2900,1762,816,318
26,MARAMURES,326,0,Camin cultural Ruscova,RUSCOVA,108696,C,3,3075,2920,155,1242,1082,155,5,1221,21,3200,1958,673,548
26,MARAMURES,327,0,Sc. Gen. nr. 2 Ruscova-Oblaz,RUSCOVA,108696,C,3,1349,1200,149,474,325,149,0,467,7,1200,726,312,155
26,MARAMURES,328,0,Camin cultural Sarasau,SARASAU,106620,C,3,1929,1923,6,914,857,6,51,907,7,2100,1186,343,564
26,MARAMURES,329,0,Scoala Satulung,SATULUNG,108712,C,3,1135,1121,14,567,513,14,40,565,2,1200,633,311,254
26,MARAMURES,330,0,"Ariesu de Padure, Caminul Cultural",SATULUNG,108712,C,3,170,154,16,99,80,16,3,99,0,200,101,65,34
26,MARAMURES,331,0,Sc. Fersig,SATULUNG,108712,C,3,561,550,11,293,282,11,0,292,1,600,307,151,141
26,MARAMURES,332,0,Sc. Finteusu Mic,SATULUNG,108712,C,3,590,577,13,333,318,13,2,330,3,600,267,256,74
26,MARAMURES,333,0,Sc. gen. Hideaga,SATULUNG,108712,C,3,410,397,13,237,223,13,1,234,3,400,163,178,56
26,MARAMURES,334,0,Sc. Mogosesti,SATULUNG,108712,C,3,589,571,18,295,277,18,0,291,4,600,305,197,94
26,MARAMURES,335,0,Sc. Pribilesti,SATULUNG,108712,C,3,574,562,12,258,246,12,0,254,4,600,342,156,98
26,MARAMURES,336,0,Scoala gen. Sacalaseni,SACALASENI,108794,C,3,653,612,41,308,267,41,0,306,2,700,392,158,148
26,MARAMURES,337,0,Coruia - Scoala,SACALASENI,108794,C,3,630,621,9,340,323,9,8,337,3,700,360,198,139
26,MARAMURES,338,0,Culcea - Scoala,SACALASENI,108794,C,3,464,453,11,204,192,11,1,202,2,500,296,130,72
26,MARAMURES,339,0,Primarie Sacel,SACEL,108874,C,3,1713,1706,7,787,780,7,0,784,3,1900,1113,539,245
26,MARAMURES,340,0,Scoala Sacel,SACEL,108874,C,3,1359,1347,12,605,591,12,2,599,6,1500,895,423,176
26,MARAMURES,341,0,Camin cultural Salsig,SALSIG,108918,C,3,1160,1154,6,579,569,6,4,573,6,1300,721,310,263
26,MARAMURES,342,0,Sc. gen. cu clasele I- X   Sapinta,SAPANTA,108945,C,3,2524,2517,7,1352,1250,7,95,1334,18,2800,1448,787,547
26,MARAMURES,343,0,Camin cultural Stramtura,STRAMTURA,109005,C,3,1889,1862,27,938,911,27,0,931,7,2000,1062,454,477
26,MARAMURES,344,0,Scoala  gen. Susan,STRAMTURA,109005,C,3,545,519,26,300,274,26,0,300,0,600,300,147,153
26,MARAMURES,345,0,sat Slatioara Sc. Gen Slatioara,STRAMTURA,109005,C,3,469,465,4,200,196,4,0,198,2,500,300,147,51
26,MARAMURES,346,0,Sat Glod Sc. Gen. Glod,STRAMTURA,109005,C,3,582,573,9,280,271,9,0,280,0,600,320,197,83
26,MARAMURES,347,0,Sc. Gen Suciu de Sus,SUCIU DE SUS,109041,C,3,1363,1339,24,699,652,24,23,696,2,1500,801,478,218
26,MARAMURES,348,0,Sc. Candela Suciu de Sus,SUCIU DE SUS,109041,C,3,835,800,35,532,484,35,13,522,10,900,368,449,73
26,MARAMURES,349,0,Suciu de Jos Caminul cultural,SUCIU DE SUS,109041,C,3,972,954,18,454,432,18,4,454,0,1000,546,272,182
26,MARAMURES,350,0,Larga Sc. Gen.,SUCIU DE SUS,109041,C,3,332,309,23,185,162,23,0,184,1,400,215,113,71
26,MARAMURES,351,0,Primarie Sieu,SIEU,179613,C,3,1911,1857,54,1121,1011,54,56,1116,5,2000,879,735,381
26,MARAMURES,352,0,Primarie Sisesti,SISESTI,109096,C,3,1227,1218,9,540,527,9,4,539,1,1300,760,235,304
26,MARAMURES,353,0,Scoala I-IV Bontaieni,SISESTI,109096,C,3,213,201,12,76,64,12,0,76,0,200,124,38,38
26,MARAMURES,354,0,Scoala gen. Cetatele,SISESTI,109096,C,3,548,542,6,290,284,6,0,290,0,600,310,134,156
26,MARAMURES,355,0,Sc. Gen. Danesti,SISESTI,109096,C,3,510,493,17,241,224,17,0,240,1,500,259,108,132
26,MARAMURES,356,0,Sc. Gen. Negreia,SISESTI,109096,C,3,405,393,12,201,189,12,0,200,1,400,199,90,110
26,MARAMURES,357,0,Sc. Gen. Plopis,SISESTI,109096,C,3,407,401,6,205,192,6,7,202,3,500,295,139,63
26,MARAMURES,358,0,Sc. Cu cls. I-VIII Surdesti,SISESTI,109096,C,3,1124,1096,28,547,519,28,0,541,6,1200,653,272,269
26,MARAMURES,359,0,Primarie Vadu Izei,VADU IZEI,106648,C,3,1908,1894,14,1006,992,14,0,991,13,2000,994,657,334
26,MARAMURES,360,0,Valea Stejarului Sc. Gen.,VADU IZEI,106648,C,3,433,426,7,234,227,7,0,232,2,500,266,178,54
26,MARAMURES,361,0,Camin cultural Valea Chioarului,VALEA CHIOARULUI,109354,C,3,620,607,13,330,317,13,0,326,4,700,370,183,143
26,MARAMURES,362,0,Sc. Gen. Curtuiusu Mare,VALEA CHIOARULUI,109354,C,3,294,285,9,178,169,9,0,177,1,300,122,108,69
26,MARAMURES,363,0,Sc.gen.  Fericea,VALEA CHIOARULUI,109354,C,3,344,337,7,206,199,7,0,206,0,400,194,173,33
26,MARAMURES,364,0,Sc.gen.  Mesteacan,VALEA CHIOARULUI,109354,C,3,311,302,9,169,160,9,0,167,2,300,131,58,109
26,MARAMURES,365,0,Sc. gen.  Varai,VALEA CHIOARULUI,109354,C,3,276,268,8,186,178,8,0,186,0,400,214,81,105
26,MARAMURES,366,0,Camin cultural Vima Mica,VIMA MICA,109425,C,3,340,331,9,177,152,9,16,175,2,400,223,97,78
26,MARAMURES,367,0,Camin cultural Vima Mare,VIMA MICA,109425,C,3,390,372,18,208,179,18,11,208,0,400,192,109,99
26,MARAMURES,368,0,Camin cultural Salnita,VIMA MICA,109425,C,3,254,246,8,139,125,8,6,139,0,300,161,92,47
26,MARAMURES,369,0,Sc. gen. Peteritea,VIMA MICA,109425,C,3,224,217,7,136,120,7,9,133,3,300,164,94,39
26,MARAMURES,370,0,Sc. gen. Jugastreni,VIMA MICA,109425,C,3,59,52,7,41,30,7,4,41,0,100,59,27,14
26,MARAMURES,371,0,Camin Cultural Dealu Corbului,VIMA MICA,109425,C,3,97,86,11,57,46,11,0,57,0,100,43,39,18
26,MARAMURES,372,0,Sc. gen. Aspra,VIMA MICA,109425,C,3,51,41,10,50,33,10,7,50,0,100,50,25,25
26,MARAMURES,373,0,Primarie Viseu de Jos,VISEU DE JOS,109504,C,3,1184,1166,18,607,589,18,0,600,7,1300,693,385,215
26,MARAMURES,374,0,Gradinita Centru  Viseu de Jos,VISEU DE JOS,109504,C,3,1848,1845,3,862,859,3,0,859,3,2000,1138,496,363
26,MARAMURES,375,0,Sc. nr. 2 Viseu de Jos,VISEU DE JOS,109504,C,3,1382,1378,4,624,620,4,0,618,6,1500,876,377,241
27,MEHEDINTI,1,0,"COMPLEX COMERCIAL, B-DUL TUDOR VLADIMIRESCU, NR.1",MUNICIPIUL DROBETA-TURNU SEVERIN,109773,M,1,1723,1707,16,946,928,16,2,938,8,1800,854,421,517
27,MEHEDINTI,2,0,"COMPLEX COMERCIAL, B-DUL TUDOR VLADIMIRESCU, NR.1",MUNICIPIUL DROBETA-TURNU SEVERIN,109773,M,1,1425,1414,11,742,730,11,1,738,4,1600,858,272,466
27,MEHEDINTI,3,0,"SCOALA NR. 1, STRADA TRAIAN,  NR. 18",MUNICIPIUL DROBETA-TURNU SEVERIN,109773,M,1,1776,1764,12,1064,1002,12,50,1055,9,1900,836,415,640
27,MEHEDINTI,4,0,"GRUP SCOLAR DECEBAL, STRADA ANTONINI, NR. 2",MUNICIPIUL DROBETA-TURNU SEVERIN,109773,M,1,1609,1597,12,854,839,12,3,846,8,1800,946,296,550
27,MEHEDINTI,5,0,"SCOALA NR. 3,  STRADA DR. SAIDAC,  NR. 21-23",MUNICIPIUL DROBETA-TURNU SEVERIN,109773,M,1,1517,1500,17,852,835,17,0,849,3,1700,848,276,573
27,MEHEDINTI,6,0,"PALATUL CULTURAL ""TH. COSTESCU"",  B-DUL CAROL I , NR. 4",MUNICIPIUL DROBETA-TURNU SEVERIN,109773,M,1,1773,1751,22,1025,999,22,4,1021,4,1900,875,375,646
27,MEHEDINTI,7,0,"LICEUL TRAIAN, B-DUL CAROL I, NR. 6",MUNICIPIUL DROBETA-TURNU SEVERIN,109773,M,1,1692,1682,10,906,850,10,46,900,6,1800,894,343,557
27,MEHEDINTI,8,0,"SCOALA NR. 10, STR. MIHAI EMINESCU, NR. 12",MUNICIPIUL DROBETA-TURNU SEVERIN,109773,M,1,1506,1492,14,867,853,14,0,861,6,1596,729,305,556
27,MEHEDINTI,9,0,"SCOALA NR. 10, STR. MIHAI EMINESCU, NR. 12",MUNICIPIUL DROBETA-TURNU SEVERIN,109773,M,1,1478,1468,10,704,693,10,1,701,3,1600,896,311,390
27,MEHEDINTI,10,0,"PARTER SEDIU ASOCIATIE PROPRIETARI NR. 90, STR. BRINCOVEANU, NR. 172",MUNICIPIUL DROBETA-TURNU SEVERIN,109773,M,1,1063,1049,14,595,580,14,1,589,6,1100,505,218,371
27,MEHEDINTI,11,0,"SCOALA PROFESIONALA ENERGETICA STR. INDEPENDENTEI, NR. 26",MUNICIPIUL DROBETA-TURNU SEVERIN,109773,M,1,1576,1556,20,884,864,20,0,881,3,1700,816,306,575
27,MEHEDINTI,12,0,"SCOALA PROFESIONALA ENERGETICA STR. INDEPENDENTEI, NR. 26",MUNICIPIUL DROBETA-TURNU SEVERIN,109773,M,1,1216,1196,20,633,613,20,0,631,2,1300,667,257,374
27,MEHEDINTI,13,0,"SC SEVERCONF SA, STR. TOPOLNITEI, NR. 16",MUNICIPIUL DROBETA-TURNU SEVERIN,109773,M,1,1693,1675,18,838,820,18,0,835,3,1900,1062,343,492
27,MEHEDINTI,14,0,"SCOALA NR. 9, STR. TRAIAN, NR. 287",MUNICIPIUL DROBETA-TURNU SEVERIN,109773,M,1,1641,1629,12,757,744,12,1,749,8,1800,1043,317,432
27,MEHEDINTI,15,0,"SCOALA NR. 9, STR. TRAIAN, NR. 287",MUNICIPIUL DROBETA-TURNU SEVERIN,109773,M,1,1586,1575,11,793,781,11,1,786,7,1700,907,332,454
27,MEHEDINTI,16,0,"SC CILDRO SA, STR. TRAIAN, NR. 295",MUNICIPIUL DROBETA-TURNU SEVERIN,109773,M,1,1689,1678,11,785,748,11,26,783,2,1799,1014,318,465
27,MEHEDINTI,17,0,"SCOALA GENERALA NR. 2, B-DUL TUDOR VLADIMIRESCU, NR. 71",MUNICIPIUL DROBETA-TURNU SEVERIN,109773,M,1,1407,1381,26,780,754,26,0,778,2,1500,720,321,457
27,MEHEDINTI,18,0,"SCOALA NR. 8, STR. CICERO, NR. 79",MUNICIPIUL DROBETA-TURNU SEVERIN,109773,M,1,1164,1145,19,628,609,19,0,627,1,1300,672,286,341
27,MEHEDINTI,19,0,"SCOALA NR. 8, STR. CICERO, NR. 79",MUNICIPIUL DROBETA-TURNU SEVERIN,109773,M,1,1676,1664,12,955,943,12,0,950,5,1800,845,465,485
27,MEHEDINTI,20,0,"SCOALA NR. 7, STR. PACII, NR. 2",MUNICIPIUL DROBETA-TURNU SEVERIN,109773,M,1,1951,1929,22,897,875,22,0,889,8,2100,1203,441,448
27,MEHEDINTI,21,0,"SCOALA NR. 7, STR. PACII, NR. 2",MUNICIPIUL DROBETA-TURNU SEVERIN,109773,M,1,1536,1522,14,728,714,14,0,722,6,1700,972,293,429
27,MEHEDINTI,22,0,"SCOALA NR. 7, STR. PACII, NR. 2",MUNICIPIUL DROBETA-TURNU SEVERIN,109773,M,1,1730,1722,8,815,807,8,0,813,2,1900,1085,387,426
27,MEHEDINTI,23,0,"SCOALA NR. 7, STR. PACII, NR. 2",MUNICIPIUL DROBETA-TURNU SEVERIN,109773,M,1,1730,1709,21,837,816,21,0,836,1,1900,1063,378,458
27,MEHEDINTI,24,0,"DIRECTIA AGRICOLA, STR. CRISAN, NR. 87",MUNICIPIUL DROBETA-TURNU SEVERIN,109773,M,1,1704,1681,23,751,728,23,0,748,3,1800,1049,295,453
27,MEHEDINTI,25,0,"DIRECTIA AGRICOLA, STR. CRISAN, NR. 87",MUNICIPIUL DROBETA-TURNU SEVERIN,109773,M,1,1603,1567,36,765,729,36,0,761,4,1700,935,322,439
27,MEHEDINTI,26,0,"SCOALA NR. 15, STR. CRISAN, NR. 49",MUNICIPIUL DROBETA-TURNU SEVERIN,109773,M,1,1417,1397,20,637,617,20,0,627,10,1500,863,258,369
27,MEHEDINTI,27,0,"SCOALA NR. 15, STR. CRISAN, NR. 49",MUNICIPIUL DROBETA-TURNU SEVERIN,109773,M,1,1326,1308,18,620,602,18,0,614,6,1404,784,252,362
27,MEHEDINTI,28,0,"SCOALA NR. 15, STR. CRISAN, NR. 49",MUNICIPIUL DROBETA-TURNU SEVERIN,109773,M,1,1645,1621,24,756,732,24,0,751,5,1700,944,282,469
27,MEHEDINTI,29,0,"SCOALA NR. 15, STR. CRISAN, NR. 49",MUNICIPIUL DROBETA-TURNU SEVERIN,109773,M,1,1968,1928,40,930,890,40,0,924,6,1900,970,427,497
27,MEHEDINTI,30,0,"LICEUL GH. TITEICA, STR. CRISAN, NR. 50",MUNICIPIUL DROBETA-TURNU SEVERIN,109773,M,1,1460,1449,11,744,732,11,1,736,8,1600,856,336,400
27,MEHEDINTI,31,0,"LICEUL GH. TITEICA, STR. CRISAN, NR. 50",MUNICIPIUL DROBETA-TURNU SEVERIN,109773,M,1,1447,1436,11,803,792,11,0,798,5,1600,797,356,442
27,MEHEDINTI,32,0,"COLEGIUL TH. COSTESCU, STR. ORLY, NR. 37",MUNICIPIUL DROBETA-TURNU SEVERIN,109773,M,1,1322,1292,30,763,732,30,1,762,1,1400,637,372,390
27,MEHEDINTI,33,0,"GRADINITA NR. 22, ALEEA TRANDAFIRILOR, NR. 2",MUNICIPIUL DROBETA-TURNU SEVERIN,109773,M,1,1343,1328,15,567,552,15,0,562,5,1500,933,291,271
27,MEHEDINTI,34,0,"SCOALA NR. 14, B-DUL REVOLUTIEI, NR. 6",MUNICIPIUL DROBETA-TURNU SEVERIN,109773,M,1,1231,1214,17,603,586,17,0,597,6,1300,697,310,287
27,MEHEDINTI,35,0,"SCOALA NR. 14, B-DUL REVOLUTIEI, NR. 6",MUNICIPIUL DROBETA-TURNU SEVERIN,109773,M,1,1602,1585,17,688,671,17,0,685,3,1700,1012,311,374
27,MEHEDINTI,36,0,"CLUBUL PENSIONARILOR, B-DUL REVOLUTIEI, NR. 27",MUNICIPIUL DROBETA-TURNU SEVERIN,109773,M,1,1292,1267,25,672,646,25,1,669,3,1400,728,251,418
27,MEHEDINTI,37,0,"SCOALA NR. 11, STR. SLT. E. MARESI, NR. 1",MUNICIPIUL DROBETA-TURNU SEVERIN,109773,M,1,1830,1810,20,910,890,20,0,904,6,1900,990,440,464
27,MEHEDINTI,38,0,"SCOALA NR. 11, STR. SLT. E. MARESI, NR. 1",MUNICIPIUL DROBETA-TURNU SEVERIN,109773,M,1,1631,1604,27,817,790,27,0,816,1,1800,983,371,445
27,MEHEDINTI,39,0,"STATIA DE SALVARE, B-DUL MIHAI VITEAZUL, NR. 8",MUNICIPIUL DROBETA-TURNU SEVERIN,109773,M,1,1775,1696,79,853,774,79,0,848,5,1900,1047,350,498
27,MEHEDINTI,40,0,"SPITALUL JUDETEAN, B-DUL MIHAI VITEAZUL, NR. 10",MUNICIPIUL DROBETA-TURNU SEVERIN,109773,M,1,1918,1894,24,1017,872,24,121,1010,7,1900,883,444,566
27,MEHEDINTI,41,0,"SPITALUL JUDETEAN, B-DUL MIHAI VITEAZUL, NR. 10",MUNICIPIUL DROBETA-TURNU SEVERIN,109773,M,1,1471,1384,87,895,595,87,213,885,10,1500,605,450,435
27,MEHEDINTI,42,0,"GRADINITA NR. 20, STR. WALTER MARACINEANU, NR. 2",MUNICIPIUL DROBETA-TURNU SEVERIN,109773,M,1,897,883,14,758,734,14,10,755,3,1700,942,335,420
27,MEHEDINTI,43,0,"LICEUL DOMNUL TUDOR, STR. I.C. BRATIANU, NR. 7",MUNICIPIUL DROBETA-TURNU SEVERIN,109773,M,1,1069,1055,14,499,485,14,0,498,1,1300,801,214,284
27,MEHEDINTI,44,0,"LICEUL DOMNUL TUDOR, STR. I.C. BRATIANU, NR. 7",MUNICIPIUL DROBETA-TURNU SEVERIN,109773,M,1,1346,1337,9,664,652,9,3,660,4,1500,836,270,390
27,MEHEDINTI,45,0,"LICEUL DOMNUL TUDOR, STR. I.C. BRATIANU, NR. 7",MUNICIPIUL DROBETA-TURNU SEVERIN,109773,M,1,1486,1474,12,721,709,12,0,719,2,1600,879,313,406
27,MEHEDINTI,46,0,"LICEUL DOMNUL TUDOR, STR. I.C. BRATIANU, NR. 7",MUNICIPIUL DROBETA-TURNU SEVERIN,109773,M,1,1443,1431,12,655,643,12,0,651,4,1600,945,257,394
27,MEHEDINTI,47,0,"STADION MUNICIPAL,  STR. INDEPENDENTEI, NR. 40",MUNICIPIUL DROBETA-TURNU SEVERIN,109773,M,1,1682,1663,19,871,852,19,0,869,2,1800,929,398,471
27,MEHEDINTI,48,0,"LICEUL NR. 4, CALEA TG.JIULUI, NR. 13",MUNICIPIUL DROBETA-TURNU SEVERIN,109773,M,1,1155,1144,11,563,552,11,0,562,1,1300,737,284,278
27,MEHEDINTI,49,0,"GRADINITA NR. 3, STR. I.C. BRATIANU, NR. 2",MUNICIPIUL DROBETA-TURNU SEVERIN,109773,M,1,1506,1487,19,759,739,19,1,756,3,1600,841,310,446
27,MEHEDINTI,50,0,"SCOALA NR. 6, STR. KISELEFF, NR. 55",MUNICIPIUL DROBETA-TURNU SEVERIN,109773,M,1,1170,1148,22,775,753,22,0,768,7,1600,825,319,449
27,MEHEDINTI,51,0,"SCOALA NR. 6, STR. KISELEFF, NR. 55",MUNICIPIUL DROBETA-TURNU SEVERIN,109773,M,1,1713,1699,14,851,836,14,1,848,3,1900,1049,329,519
27,MEHEDINTI,52,0,"SCOALA NR. 6, STR. KISELEFF, NR. 55",MUNICIPIUL DROBETA-TURNU SEVERIN,109773,M,1,1369,1359,10,731,721,10,0,722,9,1500,769,303,419
27,MEHEDINTI,53,0,"SCOALA NR. 6, STR. KISELEFF, NR. 55",MUNICIPIUL DROBETA-TURNU SEVERIN,109773,M,1,1388,1377,11,681,669,11,1,676,5,1500,819,293,383
27,MEHEDINTI,54,0,"SECTIA DRUMURI NATIONALE, STR. TOPOLNITEI, NR. 24",MUNICIPIUL DROBETA-TURNU SEVERIN,109773,M,1,1422,1407,15,605,583,15,7,602,3,1500,895,273,329
27,MEHEDINTI,55,0,"BLOC 5  - IIRUC,  B-DUL TUDOR VLADIMIRESCU, NR. 229",MUNICIPIUL DROBETA-TURNU SEVERIN,109773,M,1,1224,1205,19,619,600,19,0,610,9,1300,681,249,361
27,MEHEDINTI,56,0,"CABINETE MEDICALE,  STR. PETRE SERGESCU, NR. 3",MUNICIPIUL DROBETA-TURNU SEVERIN,109773,M,1,1161,1152,9,535,526,9,0,534,1,1300,765,222,312
27,MEHEDINTI,57,0,"GRADINITA NR. 21-CET NORD, STR. PETRE SERGESCU, NR. 3",MUNICIPIUL DROBETA-TURNU SEVERIN,109773,M,1,1534,1520,14,616,602,14,0,613,3,1700,1084,299,314
27,MEHEDINTI,58,0,"SCOALA NR. 4, ALEEA CLOSANI, NR. 6",MUNICIPIUL DROBETA-TURNU SEVERIN,109773,M,1,1376,1364,12,568,556,12,0,564,4,1500,932,269,295
27,MEHEDINTI,59,0,"SCOALA NR. 4, ALEEA CLOSANI, NR. 6",MUNICIPIUL DROBETA-TURNU SEVERIN,109773,M,1,1275,1262,13,643,630,13,0,642,1,1200,557,313,329
27,MEHEDINTI,60,0,"SCOALA NR. 4, ALEEA CLOSANI, NR. 6",MUNICIPIUL DROBETA-TURNU SEVERIN,109773,M,1,1335,1318,17,591,573,17,1,586,5,1500,909,261,325
27,MEHEDINTI,61,0,"GRADINITA SCHELA CLADOVEI, CALEA TIMISOAREI, NR. 164",MUNICIPIUL DROBETA-TURNU SEVERIN,109773,M,1,2017,1904,113,879,766,113,0,872,7,1900,1021,365,507
27,MEHEDINTI,62,0,"GRADINITA SCHELA CLADOVEI, CALEA TIMISOAREI, NR. 164",MUNICIPIUL DROBETA-TURNU SEVERIN,109773,M,1,1643,1630,13,856,838,13,5,851,5,1800,944,432,419
27,MEHEDINTI,63,0,"SCOALA NR. 5 SCHELA NORD, B-DUL VARCIOROVEI, NR. 5",MUNICIPIUL DROBETA-TURNU SEVERIN,109773,M,1,1433,1409,24,757,733,24,0,751,6,1500,743,431,320
27,MEHEDINTI,64,0,"SCOALA NR. 13, GURA VAII,  STR. JIDOSTITEI, NR. 2",MUNICIPIUL DROBETA-TURNU SEVERIN,109773,M,1,1227,1114,113,591,478,113,0,587,4,1200,609,202,385
27,MEHEDINTI,65,1,"UM POMPIERI, STR. D. GHEATA, NR. 6",MUNICIPIUL DROBETA-TURNU SEVERIN,109773,M,1,8,0,8,288,0,8,280,285,3,500,212,124,161
27,MEHEDINTI,66,1,"AUTOGARA, STR. TOPOLNITEI, NR. 10",MUNICIPIUL DROBETA-TURNU SEVERIN,109773,M,1,11,0,11,565,0,11,554,562,3,2000,1435,202,360
27,MEHEDINTI,67,1,"GARA, STR. GARII, NR. 1",MUNICIPIUL DROBETA-TURNU SEVERIN,109773,M,1,11,0,11,565,0,11,554,563,2,2000,1435,214,349
27,MEHEDINTI,68,0,"GRADINITA NR. 2 SUD, B-DUL 1 DECEMBRIE 1918, NR. 24",MUNICIPIUL ORSOVA,110063,M,1,1677,1669,8,821,805,8,8,814,7,1800,979,290,524
27,MEHEDINTI,69,0,"LICEUL TRAIAN LALESCU, B-DUL PORTILE DE FIER, NR. 32",MUNICIPIUL ORSOVA,110063,M,1,1335,1325,10,777,578,10,189,771,6,1500,723,295,476
27,MEHEDINTI,70,0,"LICEUL TRAIAN LALESCU, B-DUL PORTILE DE FIER, NR. 32",MUNICIPIUL ORSOVA,110063,M,1,1469,1412,57,712,655,57,0,707,5,1600,888,429,278
27,MEHEDINTI,71,0,"CLUB COPII, STR. DECEBAL, NR. 3",MUNICIPIUL ORSOVA,110063,M,1,1136,1127,9,533,524,9,0,528,5,1200,667,219,309
27,MEHEDINTI,72,0,"CLUB COPII, STR. DECEBAL, NR. 3",MUNICIPIUL ORSOVA,110063,M,1,1130,1124,6,521,500,6,15,520,1,1300,779,187,333
27,MEHEDINTI,73,0,"GRADINITA NR. 1 , B-DUL 1 DECEMBRIE 1918",MUNICIPIUL ORSOVA,110063,M,1,1983,1972,11,827,816,11,0,824,3,2100,1273,290,534
27,MEHEDINTI,74,0,"SCOALA GENERALA I-VIII, B-DUL 1 DECEMBRIE 1918, NR. 2",MUNICIPIUL ORSOVA,110063,M,1,1593,1580,13,756,736,13,7,752,4,1700,944,271,481
27,MEHEDINTI,75,0,"GRADINITA NR. 3,  STR. STEFAN CEL MARE, NR, 16",MUNICIPIUL ORSOVA,110063,M,1,1680,1671,9,912,901,9,2,904,8,1800,888,278,626
27,MEHEDINTI,76,0,"SCOALA GENERALA I-IV, STR. CORAMNIC, NR. 1",MUNICIPIUL ORSOVA,110063,M,1,304,300,4,161,157,4,0,161,0,400,239,58,103
27,MEHEDINTI,77,0,"SCOALA GENERALA BAIA DE ARAMA, STR. PREOT IOAN STEFAN, NR. 1",ORAS BAIA DE ARAMA,109924,O,1,1443,1429,14,627,610,14,3,624,3,1500,873,319,305
27,MEHEDINTI,78,0,"LICEUL INDUSTRIAL BAIA DE ARAMA, STR. TUDOR VLADIMIRESCU, NR. 11",ORAS BAIA DE ARAMA,109924,O,1,1066,1056,10,645,476,10,159,635,10,1300,655,350,285
27,MEHEDINTI,79,0,SCOALA GENERALA NEGOESTI,ORAS BAIA DE ARAMA,109924,O,1,699,686,13,338,321,13,4,334,4,800,462,188,146
27,MEHEDINTI,80,0,CAMINUL CULTURAL MARASESTI,ORAS BAIA DE ARAMA,109924,O,1,1191,1186,5,492,487,5,0,490,2,1300,808,193,297
27,MEHEDINTI,81,0,"GRUP SCOLAR INDUSTRIAL MATEI BASARAB STREHAIA, STR. REPUBLICII, NR. 235",ORAS STREHAIA,110116,O,1,1590,1575,15,907,782,15,110,896,11,1700,793,560,336
27,MEHEDINTI,82,0,"GRADINITA NR. 2, STR. EROILOR, NR. 20",ORAS STREHAIA,110116,O,1,1702,1686,16,756,737,16,3,752,4,1900,1144,332,420
27,MEHEDINTI,83,0,"SCOALA GENERALA STREHAIA, STR. REPUBLICII, NR. 126",ORAS STREHAIA,110116,O,1,1468,1457,11,743,683,11,49,739,4,1600,857,335,404
27,MEHEDINTI,84,0,"GRADINITA DE VEST STREHAIA, STR. REPUBLICII, NR. 88",ORAS STREHAIA,110116,O,1,1477,1462,15,847,761,15,71,838,9,1600,753,416,422
27,MEHEDINTI,85,0,"SCOALA GENERALA CIOCHIUTA, CALEA SEVERINULUI, NR. 127",ORAS STREHAIA,110116,O,1,974,905,69,472,403,69,0,467,5,1000,528,281,186
27,MEHEDINTI,86,0,"SCOALA GENERALA SLATINIC,  STR. TRAIAN, NR. 51",ORAS STREHAIA,110116,O,1,363,354,9,168,159,9,0,166,2,400,232,81,85
27,MEHEDINTI,87,0,"SCOALA GENERALA LUNCA BANULUI, CALEA CRAIOVEI, NR. 12",ORAS STREHAIA,110116,O,1,400,391,9,206,191,9,6,205,1,500,294,118,87
27,MEHEDINTI,88,0,"SCOALA GENERALA COMANDA, STR. GRADINILOR, NR. 45",ORAS STREHAIA,110116,O,1,1066,1052,14,591,574,14,3,586,5,1200,609,298,288
27,MEHEDINTI,89,0,SCOALA GENERALA MENTII,ORAS STREHAIA,110116,O,1,271,262,9,105,90,9,6,104,1,400,295,50,54
27,MEHEDINTI,90,0,"SCOALA GENERALA HURDUCESTI, STR. LIBERTATII, NR. 75",ORAS STREHAIA,110116,O,1,225,219,6,128,122,6,0,127,1,300,172,73,54
27,MEHEDINTI,91,0,SCOALA GENERALA STANCESTI,ORAS STREHAIA,110116,O,1,188,182,6,122,116,6,0,121,1,300,178,68,53
27,MEHEDINTI,92,0,"LICEUL TEORETIC VANJU MARE, STR. RAHOVEI, NR.2",ORAS VANJU MARE,110232,O,1,1321,1297,24,860,663,24,173,853,7,1400,540,476,377
27,MEHEDINTI,93,0,"SCOALA GENERALA VANJU MARE, STR. LIBERTATII, NR. 23",ORAS VANJU MARE,110232,O,1,1748,1737,11,938,916,11,11,933,5,1900,962,392,541
27,MEHEDINTI,94,0,SCOALA GENERALA BUCURA,ORAS VANJU MARE,110232,O,1,282,267,15,171,156,15,0,169,2,400,229,74,95
27,MEHEDINTI,95,0,SCOALA GENERALA NICOLAE BALCESCU,ORAS VANJU MARE,110232,O,1,758,750,8,410,402,8,0,399,11,800,390,291,108
27,MEHEDINTI,96,0,SCOALA GENERALA OREVITA MARE,ORAS VANJU MARE,110232,O,1,853,839,14,489,475,14,0,487,2,900,411,312,175
27,MEHEDINTI,97,0,SCOALA GENERALA TRAIAN,ORAS VANJU MARE,110232,O,1,524,507,17,298,281,17,0,292,6,600,302,184,108
27,MEHEDINTI,98,0,SCOALA GENERALA I-IV COMANESTI,BALA,110296,C,3,351,339,12,188,176,12,0,185,3,400,212,134,51
27,MEHEDINTI,99,0,SCOALA GENERALA I-IV CRAINICI,BALA,110296,C,3,310,299,11,169,158,11,0,167,2,400,231,107,60
27,MEHEDINTI,100,0,SCOALA GENERALA I-IV SARDANESTI,BALA,110296,C,3,235,220,15,135,120,15,0,135,0,300,165,95,40
27,MEHEDINTI,101,0,CAMIN CULTURAL SAT IUPCA,BALA,110296,C,3,323,274,49,201,152,49,0,200,1,300,99,111,89
27,MEHEDINTI,102,0,CAMIN CULTURAL SAT BALA,BALA,110296,C,3,591,582,9,263,253,9,1,261,2,700,437,148,113
27,MEHEDINTI,103,0,SCOALA GENERALA I-IV BRATESUL,BALA,110296,C,3,120,105,15,65,50,15,0,65,0,200,135,40,25
27,MEHEDINTI,104,0,SCOALA GENERALA I-IV BALA DE SUS,BALA,110296,C,3,536,517,19,260,241,19,0,256,4,600,340,127,129
27,MEHEDINTI,105,0,CAMIN CULTURAL SAT RUDINA,BALA,110296,C,3,494,489,5,203,198,5,0,200,3,600,397,131,69
27,MEHEDINTI,106,0,SCOALA GENERALA I-IV VIDIMIRESTI,BALA,110296,C,3,153,146,7,91,84,7,0,89,2,200,109,40,49
27,MEHEDINTI,107,0,SCOALA GENERALA I-VIII DILMA,BALA,110296,C,3,397,360,37,215,178,37,0,211,4,400,185,134,77
27,MEHEDINTI,108,0,CAMINUL CULTURAL BALTA,BALTA,110456,C,3,462,460,2,297,290,2,5,294,3,500,203,185,109
27,MEHEDINTI,109,0,SCOALA GENERALA PREJNA,BALTA,110456,C,3,704,697,7,400,354,7,39,395,5,800,400,288,107
27,MEHEDINTI,110,0,SCOALA GENERALA I-VIII BALACITA,BALACITA,110535,C,3,1225,1207,18,605,524,18,63,597,8,1300,695,333,264
27,MEHEDINTI,111,0,SCOALA GENERALA I-VIII GVARDINITA,BALACITA,110535,C,3,1154,1122,32,562,492,32,38,555,7,1200,638,348,207
27,MEHEDINTI,112,0,SCOALA GENERALA I-IV DOBRA,BALACITA,110535,C,3,476,456,20,298,236,20,42,295,3,500,202,228,67
27,MEHEDINTI,113,0,SCOALA GENERALA BACLES,BACLES,110571,C,3,445,438,7,214,149,7,58,209,5,500,286,106,103
27,MEHEDINTI,114,0,SCOALA GENERALA SELISTIUTA,BACLES,110571,C,3,239,210,29,125,71,29,25,123,2,300,175,78,45
27,MEHEDINTI,115,0,CAMINUL CULTURAL PODU-GROSULUI,BACLES,110571,C,3,181,176,5,148,106,5,37,146,2,200,52,105,41
27,MEHEDINTI,116,0,SCOALA GENERALA PETRA,BACLES,110571,C,3,247,230,17,173,120,17,36,171,2,300,127,124,47
27,MEHEDINTI,117,0,SCOALA GENERALA CORZU,BACLES,110571,C,3,487,431,56,320,264,56,0,315,5,500,180,124,191
27,MEHEDINTI,118,0,SCOALA GENERALA  SMADOVITA,BACLES,110571,C,3,562,541,21,276,223,21,32,274,2,600,324,172,102
27,MEHEDINTI,119,0,PRIMARIA BALVANESTI,BALVANESTI,110688,C,3,891,872,19,365,346,19,0,362,3,1001,636,198,164
27,MEHEDINTI,120,0,SCOALA GENERALA  BRANISTEA,BRANISTEA,114060,C,3,1400,1377,23,773,748,23,2,764,9,1500,727,294,470
27,MEHEDINTI,121,0,SCOALA GENERALA  I-IV GOANTA,BRANISTEA,114060,C,3,404,390,14,250,232,14,4,247,3,400,150,159,88
27,MEHEDINTI,122,0,SCOALA GENERALA BREZNITA-MOTRU,BREZNITA-MOTRU,110740,C,3,1014,1003,11,436,425,11,0,433,3,1100,664,209,224
27,MEHEDINTI,123,0,SCOALA GENERALA FAUROAIA,BREZNITA-MOTRU,110740,C,3,372,352,20,179,159,20,0,178,1,400,221,108,70
27,MEHEDINTI,124,0,SCOALA GENERALA BREZNITA-OCOL,BREZNITA-OCOL,110820,C,3,1512,1505,7,620,613,7,0,611,9,1600,980,333,278
27,MEHEDINTI,125,0,SCOALA GENERALA MAGHERU,BREZNITA-OCOL,110820,C,3,741,734,7,336,329,7,0,329,7,800,464,187,142
27,MEHEDINTI,126,0,SCOALA GENERALA I-IV JIDOSTITA,BREZNITA-OCOL,110820,C,3,944,933,11,401,370,11,20,401,0,1007,606,210,191
27,MEHEDINTI,127,0,GRADINITA BROSTENI,BROSTENI,110875,C,3,1142,1107,35,595,560,35,0,591,4,1200,605,269,322
27,MEHEDINTI,128,0,SCOALA GENERALA I-VIII LUPSA DE JOS,BROSTENI,110875,C,3,1134,1097,37,503,465,37,1,494,9,1200,697,296,198
27,MEHEDINTI,129,0,SCOALA GENERALA BURILA MARE,BURILA MARE,110946,C,3,604,597,7,348,327,7,14,339,9,700,352,213,126
27,MEHEDINTI,130,0,SCOALA GENERALA CRIVINA,BURILA MARE,110946,C,3,563,550,13,277,264,13,0,272,5,600,323,165,107
27,MEHEDINTI,131,0,SCOALA GENERALA TIGANASI,BURILA MARE,110946,C,3,305,295,10,181,167,10,4,181,0,300,119,90,91
27,MEHEDINTI,132,0,SCOALA GENERALA VRANCEA,BURILA MARE,110946,C,3,171,152,19,108,89,19,0,106,2,200,92,63,43
27,MEHEDINTI,133,0,SCOALA GENERALA IZVORU-FRUMOS,BURILA MARE,110946,C,3,218,201,17,129,112,17,0,129,0,300,171,75,54
27,MEHEDINTI,134,0,PRIMARIA BUTOIESTI,BUTOIESTI,111006,C,3,850,834,16,434,408,16,10,431,3,900,466,238,193
27,MEHEDINTI,135,0,SCOALA GENERALA I-IV ARGINESTI,BUTOIESTI,111006,C,3,416,401,15,281,261,15,5,281,0,500,219,184,97
27,MEHEDINTI,136,0,SCOALA GENERALA I-IV GURA MOTRULUI,BUTOIESTI,111006,C,3,298,285,13,168,155,13,0,167,1,300,132,95,72
27,MEHEDINTI,137,0,SCOALA GENERALA I-IV BUICESTI,BUTOIESTI,111006,C,3,391,372,19,334,276,19,39,334,0,400,66,225,109
27,MEHEDINTI,138,0,SCOALA GENERALA I-IV PLUTA,BUTOIESTI,111006,C,3,392,380,12,303,259,12,32,298,5,400,97,193,105
27,MEHEDINTI,139,0,SCOALA GENERALA I-IV TINTARU,BUTOIESTI,111006,C,3,256,231,25,238,194,25,19,234,4,300,62,183,51
27,MEHEDINTI,140,0,SCOALA GENERALA I-VIII CAZANESTI,CAZANESTI,111097,C,3,869,856,13,382,365,13,4,374,8,900,518,197,177
27,MEHEDINTI,141,0,SCOALA GENERALA I-VIII SEVERINESTI,CAZANESTI,111097,C,3,1048,1039,9,473,459,9,5,467,6,1100,627,317,150
27,MEHEDINTI,142,0,CAMINUL CULTURAL CIRESU,CIRESU,111220,C,3,549,546,3,255,249,3,3,250,5,600,345,154,96
27,MEHEDINTI,143,0,CAMINUL CULTURAL CORCOVA,CORCOVA,111275,C,3,1638,1605,33,897,862,33,2,882,15,1700,803,590,292
27,MEHEDINTI,144,0,SCOALA GENERALA CORDUN,CORCOVA,111275,C,3,948,896,52,433,381,52,0,428,5,1000,567,286,142
27,MEHEDINTI,145,0,CAMINUL CULTURAL JIROV,CORCOVA,111275,C,3,1448,1436,12,674,662,12,0,669,5,1600,926,435,234
27,MEHEDINTI,146,0,SCOALA GENERALA CERNAIA,CORCOVA,111275,C,3,522,494,28,291,263,28,0,287,4,500,209,141,146
27,MEHEDINTI,147,0,SCOALA GENERALA CORLATEL,CORLATEL,111417,C,3,676,636,40,472,392,40,40,468,4,700,228,339,129
27,MEHEDINTI,148,0,SCOALA GENERALA VALEA ANILOR,CORLATEL,111417,C,3,554,528,26,439,378,26,35,437,2,600,161,349,88
27,MEHEDINTI,149,0,CAMINUL CULTURAL CUJMIR,CUJMIR,111444,C,3,1060,1004,56,547,491,56,0,542,5,1100,553,291,251
27,MEHEDINTI,150,0,BIBLIOTECA COMUNALA CUJMIR,CUJMIR,111444,C,3,1048,997,51,561,510,51,0,559,2,1100,539,324,235
27,MEHEDINTI,151,0,SCOALA GENERALA AURORA,CUJMIR,111444,C,3,653,617,36,374,338,36,0,373,1,700,326,226,147
27,MEHEDINTI,152,0,GRADINITA CUJMIRU MIC,CUJMIR,111444,C,3,467,426,41,289,236,41,12,285,4,500,211,167,118
27,MEHEDINTI,153,0,CAMINUL CULTURAL DEVESEL,DEVESEL,111480,C,3,996,966,30,447,417,30,0,442,5,1000,553,265,177
27,MEHEDINTI,154,0,SCOALA GENERALA I-IV BATOTI,DEVESEL,111480,C,3,386,369,17,200,183,17,0,200,0,395,195,103,97
27,MEHEDINTI,155,0,SCOALA GENERALA I-IV BISTRETU,DEVESEL,111480,C,3,457,444,13,236,211,13,12,228,8,500,264,162,66
27,MEHEDINTI,156,0,SCOALA GENERALA I-IV SCAPAU,DEVESEL,111480,C,3,645,625,20,267,247,20,0,263,4,700,433,201,62
27,MEHEDINTI,157,0,CAMINUL CULTURAL DARVARI,DARVARI,111550,C,3,1429,1359,70,745,675,70,0,737,8,1500,755,381,356
27,MEHEDINTI,158,0,CAMINUL CULTURAL GEMENI,DARVARI,111550,C,3,1083,1023,60,593,533,60,0,589,4,1100,507,327,262
27,MEHEDINTI,159,0,PRIMARIA DUBOVA,DUBOVA,112904,C,3,449,445,4,234,219,4,11,232,2,500,266,129,103
27,MEHEDINTI,160,0,FOSTA PRIMARIE EIBENTHAL,DUBOVA,112904,C,3,270,253,17,167,138,17,12,166,1,300,133,97,69
27,MEHEDINTI,161,0,SCOALA GENERALA EIBENTHAL,DUBOVA,112904,C,3,168,161,7,85,78,7,0,85,0,200,115,55,30
27,MEHEDINTI,162,0,CAMINUL CULTURAL DUMBRAVA DE JOS,DUMBRAVA,111587,C,3,492,475,17,258,237,17,4,255,3,500,242,135,120
27,MEHEDINTI,163,0,SCOALA GENERALA ALBULESTI,DUMBRAVA,111587,C,3,606,585,21,347,326,21,0,342,5,700,353,172,170
27,MEHEDINTI,164,0,CAMINUL CULTURAL  ROCSORENI,DUMBRAVA,111587,C,3,212,203,9,126,83,9,34,122,4,300,174,74,48
27,MEHEDINTI,165,0,SCOALA GENERALA VALEA MARCULUI,DUMBRAVA,111587,C,3,138,123,15,81,66,15,0,81,0,200,119,36,45
27,MEHEDINTI,166,0,GRADINITA ESELNITA,ESELNITA,112245,C,3,1087,1084,3,654,651,3,0,652,2,1200,546,343,309
27,MEHEDINTI,167,0,GRADINITA ESELNITA,ESELNITA,112245,C,3,1219,1212,7,726,717,7,2,723,3,1300,574,401,322
27,MEHEDINTI,168,0,SCOALA GENERALA FLORESTI,FLORESTI,111685,C,3,1297,1289,8,709,701,8,0,703,6,1400,691,457,246
27,MEHEDINTI,169,0,SCOALA GENERALA ZEGUJANI,FLORESTI,111685,C,3,797,778,19,412,393,19,0,409,3,787,375,264,145
27,MEHEDINTI,170,0,CAMINUL CULTURAL GARLA MARE,GARLA MARE,111783,C,3,1561,1540,21,723,687,21,15,713,10,1700,977,458,255
27,MEHEDINTI,171,0,CAMINUL CULTURAL GARLA MARE,GARLA MARE,111783,C,3,1144,1125,19,549,510,19,20,544,5,1200,651,313,231
27,MEHEDINTI,172,0,PRIMARIA GODEANU,GODEANU,111818,C,3,565,540,25,281,256,25,0,276,5,600,319,161,115
27,MEHEDINTI,173,0,SCOALA GENERALA GOGOSU,GOGOSU,111863,C,3,1005,969,36,571,525,36,10,567,4,1000,429,276,291
27,MEHEDINTI,174,0,SCOALA GENERALA  BALTA VERDE,GOGOSU,111863,C,3,1016,988,28,559,519,28,12,554,5,1000,441,263,291
27,MEHEDINTI,175,0,SCOALA GENERALA  BURILA MICA,GOGOSU,111863,C,3,661,650,11,360,293,11,56,354,6,700,340,200,154
27,MEHEDINTI,176,0,SCOALA GENERALA OSTROVU MARE,GOGOSU,111863,C,3,441,420,21,238,217,21,0,237,1,500,262,102,135
27,MEHEDINTI,177,1,GRADINITA  PF II,GOGOSU,111863,C,3,31,0,31,509,0,31,478,509,0,600,91,115,394
27,MEHEDINTI,178,0,CAMINUL CULTURAL GRECI,GRECI,111916,C,3,638,618,20,278,257,20,1,275,3,700,422,163,112
27,MEHEDINTI,179,0,SCOALA GENERALA BILTANELE,GRECI,111916,C,3,359,348,11,196,185,11,0,193,3,400,204,90,103
27,MEHEDINTI,180,0,SCOALA GENERALA SALATRUC,GRECI,111916,C,3,233,220,13,133,120,13,0,131,2,300,167,71,60
27,MEHEDINTI,181,0,SCOALA GENERALA GROZESTI,GROZESTI,111989,C,3,464,439,25,286,261,25,0,278,8,500,214,201,77
27,MEHEDINTI,182,0,SCOALA GENERALA CIRCENI,GROZESTI,111989,C,3,696,684,12,377,365,12,0,366,11,700,323,262,104
27,MEHEDINTI,183,0,SCOALA GENERALA SUSITA,GROZESTI,111989,C,3,510,494,16,267,251,16,0,261,6,600,333,187,74
27,MEHEDINTI,184,0,CAMINUL CULTURAL GRUIA,GRUIA,112030,C,3,1445,1438,7,806,786,7,13,798,8,1500,694,565,233
27,MEHEDINTI,185,0,SCOALA GENERALA IZVOARELE,GRUIA,112030,C,3,859,839,20,528,448,20,60,521,7,900,372,390,131
27,MEHEDINTI,186,0,CAMINUL CULTURAL POIANA GRUII,GRUIA,112030,C,3,207,199,8,164,137,8,19,163,1,300,136,88,75
27,MEHEDINTI,187,0,SCOALA GENERALA I-VIII HINOVA,HINOVA,112076,C,3,838,823,15,416,401,15,0,414,2,900,484,308,106
27,MEHEDINTI,188,0,SCOALA GENERALA I-VIII BISTRITA,HINOVA,112076,C,3,1044,1036,8,503,495,8,0,501,2,1100,597,236,265
27,MEHEDINTI,189,0,SCOALA GENERALA I-IV OSTROVU CORBULUI,HINOVA,112076,C,3,366,353,13,220,207,13,0,218,2,400,180,147,71
27,MEHEDINTI,190,0,CAMINUL CULTURAL HUSNICIOARA,HUSNICIOARA,112129,C,3,547,545,2,303,247,2,54,299,4,600,297,193,106
27,MEHEDINTI,191,0,CAMINUL CULTURAL PERI,HUSNICIOARA,112129,C,3,340,325,15,164,149,15,0,163,1,400,236,111,52
27,MEHEDINTI,192,0,SCOALA GENERALA BADITESTI,HUSNICIOARA,112129,C,3,186,176,10,107,97,10,0,106,1,200,93,61,45
27,MEHEDINTI,193,0,SCOALA GENERALA OPRANESTI,HUSNICIOARA,112129,C,3,127,122,5,82,68,5,9,81,1,200,118,49,32
27,MEHEDINTI,194,0,DISPENSAR  MEDICAL ILOVAT,ILOVAT,112263,C,3,1164,1147,17,517,481,17,19,511,6,1200,683,310,201
27,MEHEDINTI,195,0,SCOALA GENERALA ILOVITA,ILOVITA,112334,C,3,685,680,5,364,357,5,2,358,6,700,336,175,183
27,MEHEDINTI,196,0,SCOALA GENERALA BAHNA,ILOVITA,112334,C,3,450,433,17,189,172,17,0,185,4,500,311,91,94
27,MEHEDINTI,197,0,SCOALA GENERALA ISVERNA,ISVERNA,112370,C,3,1401,1392,9,614,605,9,0,605,9,1500,886,382,223
27,MEHEDINTI,198,0,SCOALA GENERALA NADANOVA,ISVERNA,112370,C,3,383,370,13,188,175,13,0,185,3,400,212,142,43
27,MEHEDINTI,199,0,CAMINUL CULTURAL BUSESTI,ISVERNA,112370,C,3,196,190,6,131,111,6,14,131,0,200,69,106,25
27,MEHEDINTI,200,0,CAMINUL CULTURAL IZVORU BARZII,IZVORU BARZII,112469,C,3,1015,1004,11,549,536,11,2,545,4,1100,551,259,286
27,MEHEDINTI,201,0,SCOALA GENERALA I-IV BALOTESTI,IZVORU BARZII,112469,C,3,358,328,30,195,165,30,0,187,8,400,205,129,58
27,MEHEDINTI,202,0,SCOALA GENERALA I-VIII HALINGA,IZVORU BARZII,112469,C,3,665,656,9,366,333,9,24,360,6,700,334,219,141
27,MEHEDINTI,203,0,MAGAZINUL SATESC SCHITU TOPOLNITEI,IZVORU BARZII,112469,C,3,152,144,8,55,47,8,0,55,0,200,145,42,13
27,MEHEDINTI,204,0,SCOALA GENERALA I-VIII JIANA,JIANA,112548,C,3,640,625,15,447,432,15,0,442,5,700,253,319,123
27,MEHEDINTI,205,0,SCOALA GENERALA I-IV JIANA MARE,JIANA,112548,C,3,713,699,14,638,614,14,10,626,12,800,162,438,188
27,MEHEDINTI,206,0,SCOALA GENERALA I-VIII JIANA VECHE,JIANA,112548,C,3,790,773,17,471,454,17,0,470,1,800,329,409,61
27,MEHEDINTI,207,0,CAMINUL CULTURAL DANCEU,JIANA,112548,C,3,994,982,12,744,710,12,22,730,14,1109,365,599,131
27,MEHEDINTI,208,0,CAMINUL CULTURAL CIOROBORENI,JIANA,112548,C,3,652,642,10,363,353,10,0,358,5,700,337,211,147
27,MEHEDINTI,209,0,CAMINUL CULTURAL LIVEZILE,LIVEZILE,112600,C,3,838,833,5,430,421,5,4,429,1,900,470,321,108
27,MEHEDINTI,210,0,SCOALA GENERALA IZVORU ANESTILOR,LIVEZILE,112600,C,3,452,436,16,214,190,16,8,212,2,500,286,138,74
27,MEHEDINTI,211,0,SCOALA GENERALA IZVORALU DE JOS,LIVEZILE,112600,C,3,191,180,11,125,110,11,4,123,2,200,75,98,25
27,MEHEDINTI,212,0,SCOALA GENERALA MALOVAT,MALOVAT,112664,C,3,941,922,19,444,425,19,0,440,4,1000,556,258,182
27,MEHEDINTI,213,0,SCOALA GENERALA 23 AUGUST,MALOVAT,112664,C,3,674,667,7,320,313,7,0,315,5,700,380,176,139
27,MEHEDINTI,214,0,SCOALA GENERALA BOBAITA,MALOVAT,112664,C,3,593,586,7,254,247,7,0,250,4,600,346,162,88
27,MEHEDINTI,215,0,CAMINUL CULTURAL OBARSIA DE CAMP,OBARSIA DE CAMP,112744,C,3,895,814,81,580,499,81,0,577,3,900,320,368,209
27,MEHEDINTI,216,0,CAMINUL CULTURAL IZIMSA,OBARSIA DE CAMP,112744,C,3,1109,1011,98,677,579,98,0,673,4,1100,423,423,250
27,MEHEDINTI,217,0,SCOALA GENERALA OBARSIA-CLOSANI,OBARSIA-CLOSANI,110027,C,3,839,828,11,447,404,11,32,445,2,900,453,188,257
27,MEHEDINTI,218,0,CAMINUL CULTURAL OPRISOR,OPRISOR,112771,C,3,1022,1013,9,485,467,9,9,481,4,1100,615,246,235
27,MEHEDINTI,219,0,SCOALA GENERALA I-VIII OPRISOR,OPRISOR,112771,C,3,993,981,12,482,462,12,8,477,5,1100,618,277,200
27,MEHEDINTI,220,0,SCOALA GENERALA PRISACEAUA,OPRISOR,112771,C,3,486,470,16,292,276,16,0,287,5,500,208,223,64
27,MEHEDINTI,221,0,SCOALA GENERALA PADINA MARE,PADINA,112806,C,3,264,253,11,114,103,11,0,113,1,300,186,86,27
27,MEHEDINTI,222,0,SCOALA GENERALA PADINA MICA,PADINA,112806,C,3,245,235,10,155,140,10,5,152,3,300,145,104,48
27,MEHEDINTI,223,0,SCOALA GENERALA  OLTEANCA,PADINA,112806,C,3,114,94,20,76,56,20,0,76,0,100,24,48,28
27,MEHEDINTI,224,0,SCOALA GENERALA  IABLANITA,PADINA,112806,C,3,309,302,7,228,211,7,10,228,0,400,172,172,56
27,MEHEDINTI,225,0,SCOALA GENERALA SLASOMA,PADINA,112806,C,3,521,485,36,396,360,36,0,378,18,500,104,311,67
27,MEHEDINTI,226,0,SCOALA GENERALA BIBAN,PADINA,112806,C,3,112,94,18,80,62,18,0,80,0,100,20,61,19
27,MEHEDINTI,227,0,CAMINUL CULTURAL PATULELE,PATULELE,112879,C,3,1529,1478,51,903,852,51,0,894,9,1599,696,402,492
27,MEHEDINTI,228,0,SCOALA GENERALA PATULELE,PATULELE,112879,C,3,1211,1174,37,720,659,37,24,709,11,1300,580,279,430
27,MEHEDINTI,229,0,GRADINITA NR. 3 RUDARIE,PATULELE,112879,C,3,334,325,9,300,291,9,0,288,12,400,100,210,78
27,MEHEDINTI,230,0,CAMINUL CULTURAL VIASU,PATULELE,112879,C,3,517,498,19,276,257,19,0,273,3,600,324,184,89
27,MEHEDINTI,231,0,CAMINUL CULTURAL PODENI,PODENI,112959,C,3,887,865,22,532,489,22,21,522,10,894,362,337,185
27,MEHEDINTI,232,0,SCOALA GENERALA PONOARELE,PONOARELE,112995,C,3,1087,1082,5,420,412,5,3,416,4,1200,780,250,166
27,MEHEDINTI,233,0,CAMINUL CULTURAL GHEORGHESTI,PONOARELE,112995,C,3,619,613,6,238,232,6,0,237,1,700,462,140,97
27,MEHEDINTI,234,0,SCOALA GENERALA GARDANEASA,PONOARELE,112995,C,3,440,433,7,202,195,7,0,200,2,500,298,125,75
27,MEHEDINTI,235,0,CAMINUL CULTURAL POROINA MARE,POROINA MARE,113153,C,3,491,477,14,246,232,14,0,242,4,500,254,167,75
27,MEHEDINTI,236,0,SCOALA GENERALA STIGNITA,POROINA MARE,113153,C,3,441,431,10,389,358,10,21,378,6,500,116,289,89
27,MEHEDINTI,237,0,CAMINUL CULTURAL FINTINILE NEGRE,POROINA MARE,113153,C,3,179,157,22,121,99,22,0,119,2,200,79,81,38
27,MEHEDINTI,238,0,CAMINUL CULTURAL PRISTOL,PRISTOL,113206,C,3,1027,1007,20,519,499,20,0,513,6,1100,581,302,211
27,MEHEDINTI,239,0,SCOALA GENERALA COZIA,PRISTOL,113206,C,3,557,548,9,342,333,9,0,339,3,600,258,206,133
27,MEHEDINTI,240,0,SCOALA GENERALA PRUNISOR,PRUNISOR,113233,C,3,537,519,18,259,241,18,0,256,3,600,341,158,98
27,MEHEDINTI,241,0,CAMINUL CULTURAL FINTINA DOMNEASCA,PRUNISOR,113233,C,3,411,388,23,195,172,23,0,193,2,500,305,105,88
27,MEHEDINTI,242,0,SCOALA GENERALA CERVENITA,PRUNISOR,113233,C,3,394,377,17,251,234,17,0,249,2,400,149,172,77
27,MEHEDINTI,243,0,SCOALA GENERALA GHELMEGIOAIA,PRUNISOR,113233,C,3,341,328,13,187,174,13,0,185,2,400,213,120,65
27,MEHEDINTI,244,0,SCOALA GENERALA ZEGAIA,PRUNISOR,113233,C,3,289,265,24,172,148,24,0,170,2,300,128,118,52
27,MEHEDINTI,245,0,CAMINUL CULTURAL PUNGHINA,PUNGHINA,113395,C,3,1139,1125,14,575,541,14,20,561,14,1200,625,297,264
27,MEHEDINTI,246,0,GRADINITA RECEA,PUNGHINA,113395,C,3,775,754,21,415,367,21,27,414,1,800,385,318,96
27,MEHEDINTI,247,0,CAMINUL CULTURAL CEARINGU,PUNGHINA,113395,C,3,175,155,20,150,102,20,28,146,4,200,50,87,59
27,MEHEDINTI,248,0,CAMINUL CULTURAL DRINCEA,PUNGHINA,113395,C,3,363,358,5,298,241,5,52,295,3,400,102,187,108
27,MEHEDINTI,249,0,SCOALA GENERALA I-VIII ROGOVA,ROGOVA,113466,C,3,1203,1153,50,751,652,50,49,742,9,1200,449,525,217
27,MEHEDINTI,250,0,SCOALA GENERALA I-VIII SALCIA,SALCIA,113493,C,3,1377,1357,20,799,757,20,22,791,8,1500,701,474,317
27,MEHEDINTI,251,0,SCOALA GENERALA I-VIII SALCIA,SALCIA,113493,C,3,1485,1475,10,807,780,10,17,798,9,1600,793,443,355
27,MEHEDINTI,252,0,CAMIN CULTURAL STANGACEAUA,STANGACEAUA,113518,C,3,838,820,18,807,789,18,0,804,3,900,93,652,152
27,MEHEDINTI,253,0,SCOALA GENERALA SATU MARE,STANGACEAUA,113518,C,3,419,392,27,333,306,27,0,328,5,400,67,220,108
27,MEHEDINTI,254,0,PRIMARIA SVINITA,SVINITA,113607,C,3,933,929,4,506,500,4,2,496,10,1000,494,268,228
27,MEHEDINTI,255,0,SCOALA GENERALA I-VIII SIMIAN,SIMIAN,109826,C,3,1452,1444,8,687,648,8,31,682,5,1600,913,318,364
27,MEHEDINTI,256,0,SCOALA GENERALA I-VIII SIMIAN,SIMIAN,109826,C,3,1490,1473,17,687,670,17,0,682,5,1600,913,327,355
27,MEHEDINTI,257,0,SCOALA GENERALA I-VIII CERNETI,SIMIAN,109826,C,3,1276,1254,22,579,557,22,0,576,3,1400,821,344,232
27,MEHEDINTI,258,0,SCOALA GENERALA I-VIII CERNETI,SIMIAN,109826,C,3,1283,1268,15,568,553,15,0,557,11,1400,832,334,223
27,MEHEDINTI,259,0,SCOALA GENERALA DUDASU,SIMIAN,109826,C,3,777,768,9,409,400,9,0,393,16,800,391,251,142
27,MEHEDINTI,260,0,SCOALA GENERALA DEDOVITA NOUA,SIMIAN,109826,C,3,287,280,7,165,158,7,0,163,2,300,135,77,86
27,MEHEDINTI,261,0,SCOALA GENERALA POROINA,SIMIAN,109826,C,3,274,260,14,142,128,14,0,142,0,300,158,84,58
27,MEHEDINTI,262,0,CONSUMCOOP ERGHEVITA,SIMIAN,109826,C,3,267,253,14,163,132,14,17,162,1,300,137,89,73
27,MEHEDINTI,263,0,SCOALA GENERALA VALEA COPCII,SIMIAN,109826,C,3,122,111,11,75,64,11,0,73,2,200,125,30,43
27,MEHEDINTI,264,0,CAMINUL CULTURAL SISESTI,SISESTI,113625,C,3,1075,1050,25,584,559,25,0,576,8,1100,516,367,209
27,MEHEDINTI,265,0,SCOALA GENERALA I-VIII CRAGUESTI,SISESTI,113625,C,3,627,616,11,289,278,11,0,286,3,700,411,163,123
27,MEHEDINTI,266,0,SCOALA GENERALA I-VIII NOAPTESA,SISESTI,113625,C,3,715,703,12,360,348,12,0,355,5,800,440,205,150
27,MEHEDINTI,267,0,PRIMARIA SOVARNA,SOVARNA,113698,C,3,1160,1063,97,642,543,97,2,639,3,1100,458,429,210
27,MEHEDINTI,268,0,PRIMARIA TAMNA,TAMNA,113732,C,3,961,957,4,313,261,4,48,311,2,1000,687,175,136
27,MEHEDINTI,269,0,SCOALA GENERALA TAMNA,TAMNA,113732,C,3,703,687,16,289,224,16,49,287,2,800,511,176,111
27,MEHEDINTI,270,0,SCOALA GENERALA IZVORALU,TAMNA,113732,C,3,373,361,12,365,275,12,78,363,2,400,35,303,60
27,MEHEDINTI,271,0,SCOALA GENERALA PLOPI,TAMNA,113732,C,3,520,514,6,333,279,6,48,332,1,592,259,222,110
27,MEHEDINTI,272,0,SCOALA GENERALA I-VIII VINATORI,VANATORI,113849,C,3,992,969,23,514,482,23,9,506,8,1100,586,287,219
27,MEHEDINTI,273,0,SCOALA GENERALA I-IV ROSIORI,VANATORI,113849,C,3,882,851,31,514,461,31,22,510,4,900,386,252,258
27,MEHEDINTI,274,0,CAMINUL CULTURAL VANJULET,VANJULET,113894,C,3,1452,1423,29,1368,1299,29,40,1350,18,1500,132,1148,202
27,MEHEDINTI,275,0,SCOALA GENERALA VLADAIA,VLADAIA,113929,C,3,659,645,14,350,336,14,0,345,5,700,350,276,69
27,MEHEDINTI,276,0,SCOALA GENERALA ALMAJEL,VLADAIA,113929,C,3,623,613,10,273,263,10,0,270,3,700,427,197,73
27,MEHEDINTI,277,0,SCOALA GENERALA SCORILA,VLADAIA,113929,C,3,270,260,10,125,115,10,0,121,4,300,175,40,81
27,MEHEDINTI,278,0,SCOALA GENERALA STIRCOVITA,VLADAIA,113929,C,3,248,233,15,139,124,15,0,136,3,300,161,98,38
27,MEHEDINTI,279,0,SCOALA GENERALA  I-VIII VOLOIAC,VOLOIAC,113974,C,3,454,440,14,232,218,14,0,231,1,502,270,124,107
27,MEHEDINTI,280,0,SCOALA GENERALA I-IV COTOROAIA,VOLOIAC,113974,C,3,502,485,17,229,195,17,17,225,4,600,371,165,60
27,MEHEDINTI,281,0,SCOALA GENERALA I-IV LAC,VOLOIAC,113974,C,3,123,114,9,72,63,9,0,71,1,200,128,46,25
27,MEHEDINTI,282,0,SCOALA GENERALA I-IV VALEA BUNA,VOLOIAC,113974,C,3,373,329,44,164,120,44,0,164,0,400,236,60,104
27,MEHEDINTI,283,0,SCOALA GENERALA I-IV RUPTURA,VOLOIAC,113974,C,3,149,138,11,108,81,11,16,108,0,200,92,55,53
27,MEHEDINTI,284,0,CAMINUL CULTURAL VRATA,VRATA,114079,C,3,1494,1484,10,773,763,10,0,760,13,1600,827,512,248
28,MURES,1,0,"Casa APOLLO (Scoala de Arte), Piata Trandafirilor nr.5",MUNICIPIUL TARGU MURES,114319,M,1,1719,1707,12,838,816,12,10,831,7,1850,1012,415,416
28,MURES,2,0,"Universitatea PETRU MAIOR, str.N.Iorga nr.1",MUNICIPIUL TARGU MURES,114319,M,1,1721,1703,18,760,737,18,5,757,3,1845,1085,364,393
28,MURES,3,0,"Liceul teoretic BOLYAI FARCAS, str.Bolyai nr.3",MUNICIPIUL TARGU MURES,114319,M,1,1645,1628,17,876,751,17,108,860,16,1800,924,409,451
28,MURES,4,0,"Internat Gr. Sc. AVRAM IANCU, str.Iuliu Maniu nr.4",MUNICIPIUL TARGU MURES,114319,M,1,1621,1603,18,783,759,18,6,771,12,1750,967,405,366
28,MURES,5,0,"Scoala generala nr.13/A,str.Ialomitei nr.3 (cladirea noua)",MUNICIPIUL TARGU MURES,114319,M,1,1815,1788,27,887,855,27,5,879,8,1950,1063,431,448
28,MURES,6,0,"Sc.gen.nr.13/A, str.Ialomitei nr.3",MUNICIPIUL TARGU MURES,114319,M,1,1157,1146,11,413,400,11,2,408,5,1250,837,198,210
28,MURES,7,0,"Sc.gen.nr.13/A, str.Ialomitei nr.3",MUNICIPIUL TARGU MURES,114319,M,1,1614,1600,14,726,712,14,0,717,9,1750,1024,358,359
28,MURES,8,0,"Sc.gen.nr.13/A, str.Ialomitei nr.3 (cladirea veche)",MUNICIPIUL TARGU MURES,114319,M,1,1704,1683,21,924,902,21,1,914,10,2004,1080,434,480
28,MURES,9,0,"Gr.Scolar ""Aurel Persu"", str.Milcovului nr.5",MUNICIPIUL TARGU MURES,114319,M,1,1889,1868,21,727,706,21,0,722,5,2050,1323,313,409
28,MURES,10,0,Sc.gen. nr.13/B (fosta Scoala Generla nr 12)Str.Libertatii nr.36/A,MUNICIPIUL TARGU MURES,114319,M,1,1808,1782,26,831,802,26,3,826,5,1950,1119,482,344
28,MURES,11,0,Primaria Municipiului Tg Mures P-ta Victoriei nr 3,MUNICIPIUL TARGU MURES,114319,M,1,1469,1431,38,691,651,38,2,684,7,1550,859,335,349
28,MURES,12,0,"Gr.Scolar Agricol, str.Calarasilor nr.108",MUNICIPIUL TARGU MURES,114319,M,1,1665,1647,18,833,810,18,5,819,14,1800,967,388,431
28,MURES,13,0,"Sc.gen. nr.8, str.Baraganului, nr.2A",MUNICIPIUL TARGU MURES,114319,M,1,1977,1961,16,1013,996,16,1,1010,3,2150,1137,348,662
28,MURES,14,0,"Sc.gen. nr.8, str.Baraganului, nr.2A",MUNICIPIUL TARGU MURES,114319,M,1,1841,1828,13,937,922,13,2,934,3,2000,1063,371,563
28,MURES,15,0,"Sc.gen. nr.8, str.Baraganului, nr.2A",MUNICIPIUL TARGU MURES,114319,M,1,2000,1976,24,896,871,24,1,888,8,2152,1256,381,507
28,MURES,16,0,"Sc.gen. nr.8, str.Baraganului, nr.2A",MUNICIPIUL TARGU MURES,114319,M,1,1899,1887,12,901,885,12,4,894,7,2051,1150,463,431
28,MURES,17,0,"Sc.gen. nr.8, str.Baraganului nr.2A",MUNICIPIUL TARGU MURES,114319,M,1,2004,1992,12,1002,990,12,0,996,6,2150,1148,360,636
28,MURES,18,0,"Sc.gen. nr.16, Aleea Carpati nr.23",MUNICIPIUL TARGU MURES,114319,M,1,1450,1437,13,699,685,13,1,694,5,1600,901,348,346
28,MURES,19,0,"Sc.gen. nr.16, Aleea Carpati nr.23",MUNICIPIUL TARGU MURES,114319,M,1,1407,1394,13,738,723,13,2,731,7,1552,814,382,349
28,MURES,20,0,Liceul Sportiv Str.Paul Chinezu nr.9/A,MUNICIPIUL TARGU MURES,114319,M,1,1743,1717,26,717,684,26,7,709,8,1900,1183,388,321
28,MURES,21,0,"Grad.cu progr. prelungit nr.6, str. Marasti nr.1",MUNICIPIUL TARGU MURES,114319,M,1,2035,2006,29,1041,1011,29,1,1034,7,2214,1173,424,610
28,MURES,22,0,"Gr.Scolar""C.Bracusi"", str.V. Babes nr.11",MUNICIPIUL TARGU MURES,114319,M,1,1427,1397,30,717,685,30,2,713,4,1550,833,351,362
28,MURES,23,0,"Gr.Scolar ""C.Brancusi"",str.V. Babes nr.11",MUNICIPIUL TARGU MURES,114319,M,1,1050,1045,5,593,577,5,11,587,6,1150,557,273,314
28,MURES,24,0,"Sc.gen. nr.7/A, Aleea Constructorilor nr.49",MUNICIPIUL TARGU MURES,114319,M,1,1825,1805,20,900,878,20,2,886,14,1950,1050,384,502
28,MURES,25,0,Sc.gen. nr.7/B (fosta Scoala Generala nr 6) str.Secuilor Martiri nr.14,MUNICIPIUL TARGU MURES,114319,M,1,1279,1256,23,632,609,23,0,630,2,1350,718,294,336
28,MURES,26,0,Sc.gen. nr.7/B (fosta Scoala Generala nr 6)str.Secuilor Martiri nr.14,MUNICIPIUL TARGU MURES,114319,M,1,1352,1342,10,640,628,10,2,633,7,1500,860,322,311
28,MURES,27,0,"Gr.scolar ""Ioan Vlasiu"" str.Gh. Marinescu nr.62",MUNICIPIUL TARGU MURES,114319,M,1,1947,1906,41,918,876,41,1,909,9,2100,1182,350,559
28,MURES,28,0,"Casa de Cultura ""M. Eminescu"", str. Grigorescu nr.19",MUNICIPIUL TARGU MURES,114319,M,1,1103,1074,29,591,561,29,1,589,2,1201,610,338,251
28,MURES,29,0,"Colegiul National ""Unirea"", str.M.Viteazu nr.5/17",MUNICIPIUL TARGU MURES,114319,M,1,1980,1961,19,945,926,19,0,942,3,2106,1161,408,534
28,MURES,30,0,"Lic.Ped. ""M.Eminescu"" str.Papiu Ilarian nr.37",MUNICIPIUL TARGU MURES,114319,M,1,1843,1827,16,778,762,16,0,773,5,2000,1222,280,493
28,MURES,31,0,"Gimnaziul de Stat ""T.Vladimirescu"", str.Cutezantei  nr.51",MUNICIPIUL TARGU MURES,114319,M,1,1973,1959,14,854,840,14,0,851,3,2149,1295,316,535
28,MURES,32,0,"Gimnaziul de Stat ""T.Vladimirescu"", str.Cutezantei nr.51",MUNICIPIUL TARGU MURES,114319,M,1,2029,2013,16,997,981,16,0,993,4,2205,1208,345,648
28,MURES,33,0,"Gimnaziul de Stat ""T.Vladimirescu"", str.Cutezantei nr.51",MUNICIPIUL TARGU MURES,114319,M,1,1999,1990,9,987,978,9,0,985,2,2150,1163,339,646
28,MURES,34,0,"Gr.scolar ""Electromures"", str.Livezeni nr.5",MUNICIPIUL TARGU MURES,114319,M,1,1453,1437,16,656,640,16,0,650,6,1600,944,253,397
28,MURES,35,0,"Gimnaziul de Stat ""T.Vladimirescu"", str.Cutezantei  nr.51",MUNICIPIUL TARGU MURES,114319,M,1,1944,1932,12,880,867,12,1,878,2,2103,1223,357,521
28,MURES,36,0,"Gimnaziul de Stat ""T.Vladimirescu"", str.Cutezantei  nr.51",MUNICIPIUL TARGU MURES,114319,M,1,1551,1539,12,742,730,12,0,735,7,1700,958,301,434
28,MURES,37,0,"Gimnaziul de Stat ""M.Viteazul"", str.Muncii nr.17",MUNICIPIUL TARGU MURES,114319,M,1,1922,1897,25,900,875,25,0,891,9,2050,1150,346,545
28,MURES,38,0,"Gimnaziul de Stat ""M.Viteazul"", str.Muncii nr.17",MUNICIPIUL TARGU MURES,114319,M,1,2054,2041,13,1018,1003,13,2,1013,5,2250,1232,411,602
28,MURES,39,0,"Gimnaziul de Stat ""M.Viteazul"", str.Muncii nr.17",MUNICIPIUL TARGU MURES,114319,M,1,1781,1760,21,852,831,21,0,850,2,1900,1048,312,538
28,MURES,40,0,"Gimnaziul de Stat ""M.Viteazul"", str.Muncii nr.17",MUNICIPIUL TARGU MURES,114319,M,1,2101,2082,19,1023,1002,19,2,1011,12,2246,1223,413,598
28,MURES,41,0,"Gr.scolar ""Electromures"", str.Livezeni nr.5",MUNICIPIUL TARGU MURES,114319,M,1,1996,1981,15,915,900,15,0,908,7,2159,1244,357,551
28,MURES,42,0,"Gr.scolar ""Electromures"", str.Livezeni nr.5",MUNICIPIUL TARGU MURES,114319,M,1,1886,1866,20,838,815,20,3,833,5,2050,1212,358,475
28,MURES,43,0,"Gimnaziul de Stat ""Romulus Guga"", str.Cernavoda nr 2",MUNICIPIUL TARGU MURES,114319,M,1,2040,2024,16,968,950,16,2,963,5,2250,1282,382,581
28,MURES,44,0,"Gimnaziul de Stat ""Romulus Guga"", str.Cernavoda nr 2",MUNICIPIUL TARGU MURES,114319,M,1,2045,2027,18,955,937,18,0,949,6,2200,1245,365,584
28,MURES,45,0,"Gimnaziul de Stat ""Romulus Guga"", str.Cernavoda nr  2",MUNICIPIUL TARGU MURES,114319,M,1,2034,2009,25,1090,1060,25,5,1085,5,2203,1113,367,718
28,MURES,46,0,"Grad.progr.prelungit nr.9, str.Moldovei nr.1",MUNICIPIUL TARGU MURES,114319,M,1,1794,1776,18,884,866,18,0,881,3,1952,1068,299,582
28,MURES,47,0,"Gimnaziul ""G.Cosbuc"", str.Moldovei nr.30",MUNICIPIUL TARGU MURES,114319,M,1,1604,1591,13,725,710,13,2,716,9,1750,1025,357,359
28,MURES,48,0,"Gimnaziul ""G.Cosbuc"", str.Moldovei nr.30",MUNICIPIUL TARGU MURES,114319,M,1,1970,1949,21,889,867,21,1,880,9,2100,1211,437,443
28,MURES,49,0,"Gimnaziul Dacia/B (fosta Sc.gen. nr.14), str. T Vladimirescu nr.122",MUNICIPIUL TARGU MURES,114319,M,1,1715,1700,15,854,835,15,4,844,10,1850,996,423,421
28,MURES,50,0,"Gimnaziul Dacia/B (fosta Sc.gen. nr.14), str. T Vladimirescu nr.122",MUNICIPIUL TARGU MURES,114319,M,1,1786,1767,19,917,898,19,0,911,6,1950,1033,419,492
28,MURES,51,0,"Sc.Speciala. nr.1, B-dul 1 Dec.1918 nr.84",MUNICIPIUL TARGU MURES,114319,M,1,1931,1887,44,902,856,44,2,895,7,2055,1153,425,470
28,MURES,52,0,"Sc.Speciala. nr.1, B-dul 1 Dec.1918 nr.84",MUNICIPIUL TARGU MURES,114319,M,1,1981,1946,35,945,910,35,0,924,21,2100,1155,499,425
28,MURES,53,0,"Gimnaziul Dacia/B (fosta Sc.gen. nr.10), Pasajul Panselutelor nr.6",MUNICIPIUL TARGU MURES,114319,M,1,2086,2072,14,1023,1004,14,5,1014,9,2250,1227,387,627
28,MURES,54,0,"Gimnaziul Dacia/B (fosta Sc.gen. nr.10), Pasajul Panselutelor nr.6",MUNICIPIUL TARGU MURES,114319,M,1,1924,1866,58,1003,945,58,0,999,4,2047,1044,452,547
28,MURES,55,0,"Gr.scolar ""Avram Iancu"", B-dul 1848, nr.7",MUNICIPIUL TARGU MURES,114319,M,1,1577,1559,18,740,721,18,1,735,5,1700,960,351,384
28,MURES,56,0,"Grad. progr. prelungit nr.13, str.Parangului nr.23",MUNICIPIUL TARGU MURES,114319,M,1,1929,1906,23,949,922,23,4,936,13,2100,1151,436,500
28,MURES,57,0,"Gr.scolar ""Gh.Sincai"", str.Surianu nr.1",MUNICIPIUL TARGU MURES,114319,M,1,1874,1861,13,833,820,13,0,825,8,2050,1217,450,375
28,MURES,58,0,"Gr.Scolar ""Gh.Sincai"", str.Surianu nr.1",MUNICIPIUL TARGU MURES,114319,M,1,1945,1930,15,936,920,15,1,928,8,2099,1163,439,489
28,MURES,59,0,"Baza Sportiva ""ing.Mircea Birau"" str.L.Rebreanu nr.29A",MUNICIPIUL TARGU MURES,114319,M,1,1993,1979,14,789,771,14,4,780,9,2150,1361,351,429
28,MURES,60,0,"Gr.scolar ""Gh.Sincai"", str.Surianu nr.1",MUNICIPIUL TARGU MURES,114319,M,1,1958,1940,18,876,858,18,0,872,4,2098,1222,411,461
28,MURES,61,0,"Grad. progr. prelungit ""Licurici"" str.Lamaitei nr.18",MUNICIPIUL TARGU MURES,114319,M,1,1718,1702,16,781,763,16,2,776,5,1850,1069,406,370
28,MURES,62,0,"Grad. progr. prelungit ""Licurici"" str.Lamaitei nr.18",MUNICIPIUL TARGU MURES,114319,M,1,1477,1451,26,735,708,26,1,729,6,1600,865,344,385
28,MURES,63,0,"Scoala Generala nr 17/B (fosta Sc.gen. nr.15), B-dul 1848, nr.55",MUNICIPIUL TARGU MURES,114319,M,1,1507,1497,10,712,702,10,0,710,2,1650,938,353,357
28,MURES,64,0,"Scoala Generala nr 17/B (fosta Sc.gen. nr.15), B-dul 1848, nr.55",MUNICIPIUL TARGU MURES,114319,M,1,1681,1657,24,853,829,24,0,845,8,1800,947,374,471
28,MURES,65,0,"Sc.gen. nr.17/A, Str.Surianu, nr.3",MUNICIPIUL TARGU MURES,114319,M,1,1657,1635,22,771,749,22,0,768,3,1799,1028,384,384
28,MURES,66,0,"Sc.gen. nr.17/A, Str.Surianu, nr.3",MUNICIPIUL TARGU MURES,114319,M,1,1702,1687,15,758,743,15,0,749,9,1850,1092,345,404
28,MURES,67,0,"Grad.progr. prelungit nr.14, str.I.Buteanu nr.18",MUNICIPIUL TARGU MURES,114319,M,1,1951,1934,17,731,714,17,0,722,9,2100,1369,395,327
28,MURES,68,0,"Scoala Generala nr 17/B (fosta Sc.gen. nr.15), B-dul 1848, nr.55",MUNICIPIUL TARGU MURES,114319,M,1,1806,1791,15,817,799,15,3,809,8,1950,1133,418,391
28,MURES,69,0,"Gr.Sc.Ind.""Avram Iancu"",str.Gh.Doja nr.13",MUNICIPIUL TARGU MURES,114319,M,1,1671,1649,22,758,731,22,5,749,9,1800,1042,431,318
28,MURES,70,0,"Scoala Generala 1/B (fosta Sc.gen. nr.11), str.Budiului nr.50/A",MUNICIPIUL TARGU MURES,114319,M,1,1779,1762,17,796,779,17,0,790,6,1900,1104,414,376
28,MURES,71,0,"Gr.scolar ""Traian Vuia"", str.Gh. Doja nr.102",MUNICIPIUL TARGU MURES,114319,M,1,1680,1664,16,722,705,16,1,718,4,1805,1083,299,419
28,MURES,72,0,"Gr.scolar ""Traian Vuia"", str.Gh. Doja nr.102",MUNICIPIUL TARGU MURES,114319,M,1,1833,1818,15,781,765,15,1,771,10,2000,1219,285,486
28,MURES,73,0,"Sc.gen. nr.1/A, str.Hunedoara, nr.38",MUNICIPIUL TARGU MURES,114319,M,1,1975,1950,25,827,802,25,0,812,15,2150,1323,366,446
28,MURES,74,0,"Sc.gen. nr.1/A, str.Hunedoara, nr.38",MUNICIPIUL TARGU MURES,114319,M,1,1476,1449,27,816,789,27,0,807,9,2050,1234,408,399
28,MURES,75,0,"Grad.cu progr. normal nr.18, str.Caminului nr.13",MUNICIPIUL TARGU MURES,114319,M,1,1759,1737,22,719,694,22,3,716,3,1900,1181,362,354
28,MURES,76,1,"Clinica de Obstretica - Ginecologie, str. Koteles Samuel nr. 29",MUNICIPIUL TARGU MURES,114319,M,1,9,0,9,195,0,9,186,192,3,352,157,95,97
28,MURES,77,1,"Clinica Urologie, str. Gh. Marinescu nr. 3",MUNICIPIUL TARGU MURES,114319,M,1,11,0,11,311,0,11,300,306,5,350,39,158,148
28,MURES,78,1,"Spitalul Clinic Judetean de Urgenta Tg Mures, str. Gh. Marinescu nr.50",MUNICIPIUL TARGU MURES,114319,M,1,9,0,9,645,0,9,636,637,8,1650,1005,302,335
28,MURES,79,1,"Clinica Medicala 2, str Revolutiei nr. 33",MUNICIPIUL TARGU MURES,114319,M,1,22,0,22,100,0,22,78,100,0,350,250,56,44
28,MURES,80,1,"Clinica de Boli Infectioase, str Gh. Doja nr 89",MUNICIPIUL TARGU MURES,114319,M,1,9,0,9,86,0,9,77,84,2,350,264,41,43
28,MURES,81,1,"Caminul Studentesc Nr 3, str N. Grigorescu nr 15/A",MUNICIPIUL TARGU MURES,114319,M,1,15,0,15,572,0,15,557,572,0,1103,531,170,402
28,MURES,82,1,"Caminul Studentesc Nr 2, str N. Grigorescu nr 15",MUNICIPIUL TARGU MURES,114319,M,1,11,0,11,67,0,11,56,67,0,1100,1033,18,49
28,MURES,83,1,"Caminul Studentesc D. Cantemir, str Progresului nr 2",MUNICIPIUL TARGU MURES,114319,M,1,10,0,10,25,0,10,15,25,0,1100,1075,9,16
28,MURES,84,1,Unitatea Militara 0526,MUNICIPIUL TARGU MURES,114319,M,1,9,0,9,228,0,9,219,226,2,350,122,108,118
28,MURES,85,1,Grupul de Pompieri HOREA,MUNICIPIUL TARGU MURES,114319,M,1,290,277,13,236,223,13,0,234,2,350,114,132,102
28,MURES,86,1,"Gara C.F.R., str Liviu Rebreanu nr 52",MUNICIPIUL TARGU MURES,114319,M,1,39,0,39,1692,0,39,1653,1678,14,1999,307,500,1178
28,MURES,87,0,Sc. generala nr.2 - P-ta P. Maior nr. 11,MUNICIPIUL REGHIN,114809,M,1,2254,2239,15,1138,1123,15,0,1134,4,2450,1312,415,719
28,MURES,88,0,"Clubul Copiilor, str.M. Eminescu nr.10",MUNICIPIUL REGHIN,114809,M,1,1100,1086,14,610,596,14,0,607,3,1200,590,218,389
28,MURES,89,0,"Liceul LUCIAN BLAGA, str.Vanatorilor nr.29",MUNICIPIUL REGHIN,114809,M,1,1583,1570,13,805,792,13,0,802,3,1750,945,306,496
28,MURES,90,0,"Liceul PETRU MAIOR, str.Garii nr.20",MUNICIPIUL REGHIN,114809,M,1,1817,1805,12,943,931,12,0,939,4,1950,1007,285,654
28,MURES,91,0,"Liceul PETRU MAIOR, str.Garii nr.20",MUNICIPIUL REGHIN,114809,M,1,1788,1778,10,847,837,10,0,845,2,1950,1103,259,586
28,MURES,92,0,"Grup scolar Agricol, str.Raului nr.16",MUNICIPIUL REGHIN,114809,M,1,1838,1814,24,975,951,24,0,967,8,2000,1025,343,624
28,MURES,93,0,"Grup scolar Agricol, str.Raului nr.16",MUNICIPIUL REGHIN,114809,M,1,1716,1707,9,854,845,9,0,852,2,1850,996,283,569
28,MURES,94,0,"Sc. generala nr.3, str.Garii nr.20",MUNICIPIUL REGHIN,114809,M,1,1410,1389,21,1009,700,21,288,1003,6,1500,491,355,648
28,MURES,95,0,"Caminul de zi al SC AMIS, str.Salcamilor nr.1",MUNICIPIUL REGHIN,114809,M,1,1898,1868,30,953,923,30,0,940,13,2050,1097,404,536
28,MURES,96,0,"Caminul cultural IERNUTENI, str.Iernuteni",MUNICIPIUL REGHIN,114809,M,1,1342,1331,11,753,742,11,0,748,5,1450,697,302,446
28,MURES,97,0,"Sc. generala nr.4, str.Castelului nr.35",MUNICIPIUL REGHIN,114809,M,1,1991,1975,16,1223,1205,16,2,1201,22,2150,927,826,375
28,MURES,98,0,Caminul de zi din ansamblul de locuinte Iernuteni,MUNICIPIUL REGHIN,114809,M,1,2042,2030,12,1153,1132,12,9,1142,11,2250,1097,483,659
28,MURES,99,0,"Sc.generala nr.6, str.Pomilor nr.20",MUNICIPIUL REGHIN,114809,M,1,1870,1855,15,925,910,15,0,921,4,2050,1125,389,532
28,MURES,100,0,"Sc.generala nr.6, str.Pomilor nr.20",MUNICIPIUL REGHIN,114809,M,1,1968,1936,32,1014,982,32,0,1007,7,2150,1136,396,611
28,MURES,101,0,Sc.generala nr.1 str.M. Viteazul  nr 85,MUNICIPIUL REGHIN,114809,M,1,2134,2107,27,1195,1136,27,32,1182,13,2300,1105,458,724
28,MURES,102,0,Caminul de zi din ansamblul de locuinte M. Viteazu,MUNICIPIUL REGHIN,114809,M,1,1367,1351,16,787,771,16,0,784,3,1500,713,376,408
28,MURES,103,0,"Gimnaziul de Stat Augustin Maior, str.Scolii nr 3",MUNICIPIUL REGHIN,114809,M,1,1366,1348,18,676,658,18,0,666,10,1500,824,290,376
28,MURES,104,0,"Casa de Cultura E. Nicoara, str.Spitalului nr 11",MUNICIPIUL REGHIN,114809,M,1,1630,1613,17,815,798,17,0,810,5,1750,935,339,471
28,MURES,105,1,"Spitalul Municipal E. Nicoara, str Spitalului nr 20",MUNICIPIUL REGHIN,114809,M,1,10,0,10,142,0,10,132,139,3,550,408,72,67
28,MURES,106,0,"Caminul de Batrani, str Pandurilor nr 34",MUNICIPIUL REGHIN,114809,M,1,479,468,11,293,209,11,73,284,9,650,357,121,163
28,MURES,107,1,Unitatea Militara 02855,MUNICIPIUL REGHIN,114809,M,1,9,0,9,43,0,9,34,42,1,150,107,19,23
28,MURES,108,0,"Gimnaziul ""O.Goga"" Str.""A. Ipatescu"", nr.14",MUNICIPIUL SIGHISOARA,114514,M,1,1615,1576,39,924,881,39,4,921,3,1750,826,336,585
28,MURES,109,0,"Gr.Scolar de Ind.Usoara, str.Tache Ionescu nr.18",MUNICIPIUL SIGHISOARA,114514,M,1,2001,1992,9,1012,1003,9,0,1006,6,2150,1138,321,685
28,MURES,110,0,"Sala ""M.Eminescu"", P-ta H.Oberth nr.22",MUNICIPIUL SIGHISOARA,114514,M,1,1778,1743,35,811,776,35,0,806,5,1900,1089,266,540
28,MURES,111,0,"Sala ""Ciprian Porumbescu"", str.Turnului nr.1",MUNICIPIUL SIGHISOARA,114514,M,1,522,508,14,256,242,14,0,254,2,550,294,73,181
28,MURES,112,0,"Gimnaziul ""Miron Neagu"", str.""H.Teculescu"", nr.2",MUNICIPIUL SIGHISOARA,114514,M,1,1889,1863,26,907,881,26,0,896,11,2050,1143,354,542
28,MURES,113,0,"Gradinita nr.6. str.Plopilor, nr.19",MUNICIPIUL SIGHISOARA,114514,M,1,1352,1336,16,717,701,16,0,712,5,1450,733,276,436
28,MURES,114,0,"Sc.gen.nr.6, str.Dumbravei, nr.28",MUNICIPIUL SIGHISOARA,114514,M,1,1148,1125,23,617,594,23,0,613,4,1250,633,250,363
28,MURES,115,0,"Sc.gen.nr.6, str.Dumbravei, nr.28",MUNICIPIUL SIGHISOARA,114514,M,1,1166,1146,20,629,609,20,0,624,5,1250,621,231,393
28,MURES,116,0,"Sc.gen.nr.6, str.Dumbravei, nr.28",MUNICIPIUL SIGHISOARA,114514,M,1,1553,1532,21,786,765,21,0,781,5,1700,914,306,475
28,MURES,117,0,"SC NICOVALA SA, str. M.Viteazul nr.96",MUNICIPIUL SIGHISOARA,114514,M,1,1575,1549,26,764,718,26,20,756,8,1700,936,280,476
28,MURES,118,0,"Gimnaziul ""Z.Boiu"", str.Crizantemelor, nr.20",MUNICIPIUL SIGHISOARA,114514,M,1,1757,1741,16,927,910,16,1,918,9,1900,973,280,638
28,MURES,119,0,"Gimnaziul ""Z.Boiu"", str.Crizantemelor, nr.20",MUNICIPIUL SIGHISOARA,114514,M,1,1871,1852,19,885,866,19,0,877,8,2000,1115,292,585
28,MURES,120,0,"Gimnaziul ""Z.Boiu"", str.Crizantemelor, nr.20",MUNICIPIUL SIGHISOARA,114514,M,1,1646,1628,18,889,871,18,0,885,4,1800,911,281,604
28,MURES,121,0,"Camin nefamilisti Tarnava, str.M.Viteazu nr.5/A",MUNICIPIUL SIGHISOARA,114514,M,1,1369,1345,24,667,643,24,0,664,3,1500,833,225,439
28,MURES,122,0,"Sc.gen.Viilor, str.Viilor nr.121",MUNICIPIUL SIGHISOARA,114514,M,1,1311,1288,23,716,693,23,0,711,5,1400,684,314,397
28,MURES,123,0,"Clubul CFR, str.""N.Titulescu""  nr.9",MUNICIPIUL SIGHISOARA,114514,M,1,1137,1127,10,630,620,10,0,624,6,1250,620,228,396
28,MURES,124,0,"Gimnaziul A. Mosora, str.""A-Saguna"", nr.6",MUNICIPIUL SIGHISOARA,114514,M,1,1930,1904,26,1052,1026,26,0,1039,13,2100,1048,410,629
28,MURES,125,0,"Sc.gen.nr.1, str.Morii, nr.28",MUNICIPIUL SIGHISOARA,114514,M,1,1634,1606,28,898,870,28,0,890,8,1750,852,332,558
28,MURES,126,0,"Gimnaziul ""Victor Jinga"", str.Noua, nr.6",MUNICIPIUL SIGHISOARA,114514,M,1,1071,1060,11,631,620,11,0,626,5,1150,519,246,380
28,MURES,127,0,"Gimnaziul ""Victor Jinga"", str.Noua, nr.6",MUNICIPIUL SIGHISOARA,114514,M,1,1049,973,76,537,461,76,0,530,7,1100,563,215,315
28,MURES,128,0,"Gradinita ""Hetiur""",MUNICIPIUL SIGHISOARA,114514,M,1,763,727,36,434,386,36,12,429,5,800,366,250,179
28,MURES,129,1,Gara C.F.R.,MUNICIPIUL SIGHISOARA,114514,M,1,18,0,18,567,0,18,549,562,5,650,83,201,361
28,MURES,130,0,"Sc.generala nr.3, str.1 Iunie",MUNICIPIUL TARNAVENI,114925,M,1,1757,1697,60,884,824,60,0,870,14,1852,968,493,377
28,MURES,131,0,"Gradinita cu program prelungit nr.1, str.A.Iancu nr.12",MUNICIPIUL TARNAVENI,114925,M,1,1157,1142,15,645,629,15,1,638,7,1250,605,312,326
28,MURES,132,0,"Gimnaziul de Stat ""Traian"", str.Republicii nr.92",MUNICIPIUL TARNAVENI,114925,M,1,1291,1277,14,608,590,14,4,601,7,1400,792,273,328
28,MURES,133,0,"Scoala de Cooperatie, str.Trandafirilor nr.10",MUNICIPIUL TARNAVENI,114925,M,1,1473,1436,37,738,701,37,0,720,18,1600,862,365,355
28,MURES,134,0,"Casa de Cultura ""M. Eminescu"", str.Republicii nr.32",MUNICIPIUL TARNAVENI,114925,M,1,1336,1325,11,706,695,11,0,699,7,1450,744,312,387
28,MURES,135,0,"Gradinita nr.4, str.Republicii nr.34",MUNICIPIUL TARNAVENI,114925,M,1,1425,1407,18,671,653,18,0,666,5,1550,879,285,381
28,MURES,136,0,"Grupul scolar de Chimie Industriala, str.Republici nr.30",MUNICIPIUL TARNAVENI,114925,M,1,944,934,10,516,475,10,31,514,2,1050,534,245,269
28,MURES,137,0,"Sc. Generala nr.1, str.Soimilor nr.27",MUNICIPIUL TARNAVENI,114925,M,1,1081,1066,15,463,448,15,0,459,4,1200,737,189,270
28,MURES,138,0,"Sc. Generala nr.1, str.Soimilor nr.27",MUNICIPIUL TARNAVENI,114925,M,1,803,789,14,373,359,14,0,370,3,900,527,198,172
28,MURES,139,0,"Autogara Tarnaveni, str.Victoriei nr.20",MUNICIPIUL TARNAVENI,114925,M,1,1453,1438,15,899,711,15,173,893,6,1600,701,328,565
28,MURES,140,0,"Autogara Tarnaveni, str.Victoriei nr.20",MUNICIPIUL TARNAVENI,114925,M,1,1453,1373,80,733,653,80,0,728,5,1500,767,267,461
28,MURES,141,1,"Spitalul Municipal GH. Marinescu, str V Babes nr 2",MUNICIPIUL TARNAVENI,114925,M,1,10,0,10,169,0,10,159,162,7,451,282,83,79
28,MURES,142,0,Cart.1 Dec.1918 bl.46/R,MUNICIPIUL TARNAVENI,114925,M,1,1622,1610,12,597,585,12,0,592,5,1749,1152,277,315
28,MURES,143,0,Cart.1 Dec.1918 bl.46/R,MUNICIPIUL TARNAVENI,114925,M,1,1432,1428,4,564,560,4,0,560,4,1550,986,219,341
28,MURES,144,0,Cantina SCCA Tehnolemn str.1 Dec.1918 nr.32,MUNICIPIUL TARNAVENI,114925,M,1,1187,1181,6,588,582,6,0,586,2,1300,712,271,315
28,MURES,145,0,"Gimnaziul de Stat ""V. Moldovan"" str.Fabricilor nr.4",MUNICIPIUL TARNAVENI,114925,M,1,1406,1392,14,628,613,14,1,622,6,1550,922,250,372
28,MURES,146,0,Clubul GECSAT str.Armatei,MUNICIPIUL TARNAVENI,114925,M,1,971,961,10,473,463,10,0,468,5,1050,577,191,277
28,MURES,147,0,Sc. Primara Botorca,MUNICIPIUL TARNAVENI,114925,M,1,323,309,14,190,176,14,0,174,16,350,160,63,111
28,MURES,148,0,"Gimnaziul de Stat ""V. Moldovan"" str. Fabricilor nr.4",MUNICIPIUL TARNAVENI,114925,M,1,1123,1107,16,571,555,16,0,556,15,1200,629,345,211
28,MURES,149,0,"Caminul Cultural Bobohalma, sat Bobohalma",MUNICIPIUL TARNAVENI,114925,M,1,1068,1060,8,535,526,8,1,528,7,1153,618,262,266
28,MURES,150,0,Scoala primara Custelnic,MUNICIPIUL TARNAVENI,114925,M,1,488,448,40,276,236,40,0,274,2,500,224,131,143
28,MURES,151,0,"Casa de Cultura Iernut, P-ta 1 Dec.1918",ORAS IERNUT,117827,O,1,1058,1040,18,658,574,18,66,655,3,1150,492,302,353
28,MURES,152,0,"Sc. generala Iernut, str.Gh.Doja",ORAS IERNUT,117827,O,1,1745,1729,16,867,851,16,0,861,6,1900,1033,414,447
28,MURES,153,0,"Sc.generala Iernut, str. M. Eminescu",ORAS IERNUT,117827,O,1,2022,2006,16,1097,1065,16,16,1089,8,2205,1108,452,637
28,MURES,154,0,Sc.generala Cipau,ORAS IERNUT,117827,O,1,799,784,15,419,403,15,1,411,8,950,531,260,151
28,MURES,155,0,Sc. generala Deag,ORAS IERNUT,117827,O,1,365,352,13,204,186,13,5,203,1,399,195,168,35
28,MURES,156,0,Sc. generala Lechinta,ORAS IERNUT,117827,O,1,688,677,11,340,329,11,0,337,3,750,410,218,119
28,MURES,157,0,Sc. generala Oarba de Mures,ORAS IERNUT,117827,O,1,165,152,13,84,71,13,0,84,0,200,116,49,35
28,MURES,158,0,Sc. generala Salcud,ORAS IERNUT,117827,O,1,691,679,12,427,415,12,0,417,10,755,328,333,84
28,MURES,159,0,Sc. generala Sf. Gheorghe,ORAS IERNUT,117827,O,1,294,282,12,176,164,12,0,175,1,350,174,61,114
28,MURES,160,0,Casa Oraseneasca de Cultura,ORAS LUDUS,114710,O,1,1527,1515,12,763,751,12,0,755,8,1650,887,260,495
28,MURES,161,0,Sc.gen.I.Vladutiu (sala de sport) str.Crinului nr.2,ORAS LUDUS,114710,O,1,1578,1567,11,824,813,11,0,821,3,1700,876,281,540
28,MURES,162,0,Sc.gen.I.Vladutiu (in sediu) str.Crinului nr.2,ORAS LUDUS,114710,O,1,1525,1518,7,764,757,7,0,758,6,1801,1037,292,466
28,MURES,163,0,"Gr.Scolar Ind., str.Crinului nr.2",ORAS LUDUS,114710,O,1,1567,1553,14,823,808,14,1,818,5,1700,877,375,443
28,MURES,164,0,"Gradinita cu pr. prelungit nr.2, str.Randunelelor, nr.3bis",ORAS LUDUS,114710,O,1,1630,1619,11,825,814,11,0,820,5,1800,975,280,540
28,MURES,165,0,"Gradinita cu pr. normal nr.2, str.Crinului",ORAS LUDUS,114710,O,1,1642,1634,8,875,867,8,0,874,1,1650,775,365,509
28,MURES,166,0,"Gradinita cu pr. prelungit nr.1, str.Vanatorilor",ORAS LUDUS,114710,O,1,1211,1200,11,642,631,11,0,631,11,1350,708,293,338
28,MURES,167,0,"Sc.gen. nr.1 (sala de sport), str.Republicii nr.57",ORAS LUDUS,114710,O,1,869,858,11,436,425,11,0,430,6,950,514,201,229
28,MURES,168,0,"Sc.gen. nr.1 (sediul vechi), str.Republicii nr.57",ORAS LUDUS,114710,O,1,1140,1105,35,768,571,35,162,763,5,1200,432,327,436
28,MURES,169,0,Camin Cultural Gheja,ORAS LUDUS,114710,O,1,1192,1172,20,736,716,20,0,732,4,1300,564,322,410
28,MURES,170,0,Camin Cultural Rosiori,ORAS LUDUS,114710,O,1,989,979,10,463,453,10,0,462,1,1100,637,279,183
28,MURES,171,0,"Sc.generala Miercurea Nirajului ,str.Teilor nr.3",ORAS MIERCUREA NIRAJULUI,118281,O,1,1835,1807,28,640,564,28,48,631,9,2000,1360,496,135
28,MURES,172,0,"Caminul cultural Miercurea Nirajului, str.Trandafirilor nr.51",ORAS MIERCUREA NIRAJULUI,118281,O,1,1407,1402,5,475,470,5,0,465,10,1550,1075,366,99
28,MURES,173,0,Sc. generala Sardul Nirajului,ORAS MIERCUREA NIRAJULUI,118281,O,1,556,544,12,208,196,12,0,206,2,600,392,121,85
28,MURES,174,0,Sc.primara Mosuni,ORAS MIERCUREA NIRAJULUI,118281,O,1,380,370,10,148,138,10,0,145,3,400,252,96,49
28,MURES,175,0,Camin cultural Dumitresti,ORAS MIERCUREA NIRAJULUI,118281,O,1,266,258,8,138,130,8,0,135,3,300,162,120,15
28,MURES,176,0,Camin cultural Tampa,ORAS MIERCUREA NIRAJULUI,118281,O,1,353,338,15,179,164,15,0,174,5,400,221,137,37
28,MURES,177,0,"Casa de Cultura, str.Republicii nr.94",ORAS SARMASU,119242,O,1,1939,1928,11,959,826,11,122,955,4,2100,1141,542,413
28,MURES,178,0,"Sc.gen.Sarmasu, str.Scolii nr.5",ORAS SARMASU,119242,O,1,1124,1109,15,519,504,15,0,516,3,1150,631,333,183
28,MURES,179,0,"Camin cultural Balda, str.Dezrobirii nr.24",ORAS SARMASU,119242,O,1,930,918,12,423,411,12,0,418,5,1000,577,254,164
28,MURES,180,0,Sc.gen. Larga,ORAS SARMASU,119242,O,1,179,168,11,71,60,11,0,70,1,201,130,38,32
28,MURES,181,0,"Camin cultural Sarmaselu, str.1 Mai nr.3",ORAS SARMASU,119242,O,1,626,615,11,308,297,11,0,306,2,702,394,159,147
28,MURES,182,0,"Gradinita Sarmasel Gara, str.Republicii nr.2",ORAS SARMASU,119242,O,1,594,583,11,262,251,11,0,260,2,650,388,189,71
28,MURES,183,0,"Sc.gen.Visinelu, str.Scolii nr.28",ORAS SARMASU,119242,O,1,462,456,6,254,248,6,0,253,1,500,246,199,54
28,MURES,184,0,Gr.Sc.Sg. de Padure,ORAS SANGEORGIU DE PADURE,119331,O,1,1296,1253,43,469,417,43,9,461,8,1350,881,329,132
28,MURES,185,0,Camin cultural Sg. de Padure,ORAS SANGEORGIU DE PADURE,119331,O,1,2529,2506,23,724,662,23,39,714,10,2750,2026,451,263
28,MURES,186,0,Sc.gen. Bezid,ORAS SANGEORGIU DE PADURE,119331,O,1,646,639,7,190,183,7,0,186,4,700,510,169,17
28,MURES,187,0,"Sc. Gen.Sacadat Jos, Str.Lunga nr.138",ORAS SOVATA,114854,O,1,1032,1015,17,325,308,17,0,319,6,1100,775,225,94
28,MURES,188,0,"Sc.gen. nr.1, str. Principala. nr.196/A",ORAS SOVATA,114854,O,1,1239,1227,12,468,456,12,0,463,5,1350,882,276,187
28,MURES,189,0,"Sc.gen. nr.1, str. Principala. nr.196/A",ORAS SOVATA,114854,O,1,1220,1207,13,446,433,13,0,442,4,1350,904,249,193
28,MURES,190,0,"Sala de Sedinte, Primaria Sovata, str.Principala nr.155",ORAS SOVATA,114854,O,1,1876,1861,15,794,760,15,19,786,8,2050,1256,472,314
28,MURES,191,0,"Biblioteca Oraseneasca Sovata Bai, str.Trandafirilor nr.99",ORAS SOVATA,114854,O,1,358,350,8,193,117,8,68,193,0,400,207,83,110
28,MURES,192,0,"Centrul Cultural, Damokos Kazmer, str.Principala  nr.30",ORAS SOVATA,114854,O,1,1538,1530,8,574,563,8,3,560,14,1650,1076,405,155
28,MURES,193,0,"Sc.gen. nr.3, str.Praidului nr.46",ORAS SOVATA,114854,O,1,939,929,10,347,337,10,0,342,5,1000,653,240,102
28,MURES,194,0,Camin cultural Satul Iliesi,ORAS SOVATA,114854,O,1,357,345,12,215,203,12,0,210,5,400,185,182,28
28,MURES,195,0,Sc.generala Ungheni,ORAS UNGHENI,119894,O,1,1447,1434,13,612,599,13,0,610,2,1550,938,229,381
28,MURES,196,0,Caminul Cultural Ungheni,ORAS UNGHENI,119894,O,1,1535,1499,36,842,703,36,103,832,10,1700,858,361,471
28,MURES,197,0,Caminul Cultural Moresti,ORAS UNGHENI,119894,O,1,536,527,9,304,293,9,2,299,5,600,296,208,91
28,MURES,198,0,Caminul Cultural  Sausa,ORAS UNGHENI,119894,O,1,194,185,9,114,105,9,0,112,2,200,86,73,39
28,MURES,199,0,Caminul Cultural Vidrasau,ORAS UNGHENI,119894,O,1,794,777,17,468,451,17,0,462,6,850,382,262,200
28,MURES,200,0,Caminul Cultural Cerghizel,ORAS UNGHENI,119894,O,1,374,367,7,233,226,7,0,230,3,400,167,111,119
28,MURES,201,0,Caminul Cultural Cerghid,ORAS UNGHENI,119894,O,1,419,410,9,232,223,9,0,231,1,450,218,122,109
28,MURES,202,0,Sc.generala Acatari nr.99,ACATARI,114970,C,3,962,954,8,418,410,8,0,411,7,1050,632,364,47
28,MURES,203,0,Sc. Generala Gruisor nr.37,ACATARI,114970,C,3,338,330,8,163,155,8,0,159,4,400,237,146,13
28,MURES,204,0,Caminul Cultural Gaiesti nr.116,ACATARI,114970,C,3,330,320,10,197,181,10,6,193,4,350,153,166,27
28,MURES,205,0,Caminul Cultural Murgesti nr.127,ACATARI,114970,C,3,418,418,0,206,198,0,8,202,4,500,294,169,33
28,MURES,206,0,Caminul Cultural Roteni nr.246,ACATARI,114970,C,3,652,637,15,310,295,15,0,307,3,700,390,256,51
28,MURES,207,0,Scoala Generala Stejeris nr 93,ACATARI,114970,C,3,252,245,7,129,122,7,0,128,1,300,171,116,12
28,MURES,208,0,Caminul Cultural Suveica nr.152,ACATARI,114970,C,3,215,208,7,105,98,7,0,101,4,250,145,88,13
28,MURES,209,0,Sc. Generala Valeni nr.140,ACATARI,114970,C,3,617,602,15,268,253,15,0,266,2,700,432,202,64
28,MURES,210,0,Sc.gen.Adamus,ADAMUS,115076,C,3,1747,1734,13,713,695,13,5,701,12,1950,1237,344,357
28,MURES,211,0,Sc.gen.Cornesti,ADAMUS,115076,C,3,1047,1037,10,567,557,10,0,558,9,1150,583,298,260
28,MURES,212,0,Gradinita Craiesti,ADAMUS,115076,C,3,1033,1015,18,452,434,18,0,443,9,1150,698,283,160
28,MURES,213,0,Gradinita Dambau,ADAMUS,115076,C,3,953,943,10,403,393,10,0,397,6,1050,647,233,164
28,MURES,214,0,"Sc.gen.Albesti, str.Lunga nr.119",ALBESTI,114603,C,3,1471,1464,7,669,662,7,0,656,13,1601,932,317,339
28,MURES,215,0,"Camin cultural Albesti, str.Lunga nr.123",ALBESTI,114603,C,3,1337,1319,18,662,588,18,56,659,3,1450,788,305,354
28,MURES,216,0,Scoala Generala Topa,ALBESTI,114603,C,3,283,269,14,188,174,14,0,187,1,300,112,133,54
28,MURES,217,0,Sc. Gen. Boiu,ALBESTI,114603,C,3,1183,1169,14,538,524,14,0,529,9,1300,762,266,263
28,MURES,218,0,Camin cultural Alunis,ALUNIS,115147,C,3,1685,1685,0,1054,944,0,110,1038,16,1850,796,815,223
28,MURES,219,0,Sc.gen.Fitcau,ALUNIS,115147,C,3,385,377,8,306,298,8,0,302,4,450,144,281,21
28,MURES,220,0,Camin cultural Lunca Muresului,ALUNIS,115147,C,3,575,564,11,359,300,11,48,349,10,650,291,292,57
28,MURES,221,1,Centrul de Ingrijire si Asistenta Lunca Muresului nr 49,ALUNIS,115147,C,3,9,0,9,88,0,9,79,83,5,150,62,54,29
28,MURES,222,0,Sediul primariei Apold,APOLD,115183,C,3,686,673,13,304,291,13,0,298,6,745,441,176,122
28,MURES,223,0,Sc.gen Daia,APOLD,115183,C,3,545,516,29,296,267,29,0,296,0,604,308,188,108
28,MURES,224,0,Sc.gen. Saes,APOLD,115183,C,3,912,902,10,489,479,10,0,483,6,1000,511,315,168
28,MURES,225,0,Primaria Atintis,ATINTIS,115236,C,3,606,606,0,382,347,0,35,381,1,700,318,192,189
28,MURES,226,0,Sc. gen.Botez,ATINTIS,115236,C,3,176,165,11,112,101,11,0,109,3,200,88,63,46
28,MURES,227,0,Camin cultural Cecalaca,ATINTIS,115236,C,3,373,361,12,243,218,12,13,242,1,401,158,193,49
28,MURES,228,0,Sc. Gen.Istihaza,ATINTIS,115236,C,3,179,160,19,107,88,19,0,104,3,200,93,67,37
28,MURES,229,0,Cladirea Primariei Siniacob,ATINTIS,115236,C,3,38,26,12,24,12,12,0,24,0,50,26,13,11
28,MURES,230,0,Primaria Bahnea,BAHNEA,115307,C,3,1454,1443,11,711,671,11,29,698,13,1600,889,457,241
28,MURES,231,0,Sc. Gen. Bernadea,BAHNEA,115307,C,3,151,143,8,108,87,8,13,107,1,200,92,74,33
28,MURES,232,0,Sc. Gen.Lepindea,BAHNEA,115307,C,3,189,175,14,114,100,14,0,109,5,200,86,78,31
28,MURES,233,0,Sc. Gen. Daia,BAHNEA,115307,C,3,191,176,15,97,79,15,3,94,3,200,103,68,26
28,MURES,234,0,Sc. Gen.Idiciu,BAHNEA,115307,C,3,277,245,32,190,158,32,0,188,2,300,110,143,45
28,MURES,235,0,Sc. Gen. Gogan,BAHNEA,115307,C,3,527,509,18,267,245,18,4,265,2,550,283,210,55
28,MURES,236,0,Sc. Gen. Cund,BAHNEA,115307,C,3,165,152,13,65,45,13,7,63,2,200,135,36,27
28,MURES,237,0,Camin Cultural. Band,BAND,115389,C,3,1344,1330,14,754,740,14,0,742,12,1450,696,606,136
28,MURES,238,0,Camin Cultural. Band,BAND,115389,C,3,1457,1388,69,746,645,69,32,728,18,1500,754,621,107
28,MURES,239,0,Sc.gen Tiptelnic,BAND,115389,C,3,121,106,15,77,62,15,0,76,1,150,73,57,19
28,MURES,240,0,Sc.gen Valea Rece,BAND,115389,C,3,304,243,61,227,166,61,0,225,2,300,73,157,68
28,MURES,241,0,Sc.gen Marasesti,BAND,115389,C,3,376,362,14,182,168,14,0,176,6,400,218,119,57
28,MURES,242,0,Camin cultural Finate,BAND,115389,C,3,678,661,17,448,431,17,0,437,11,750,302,318,119
28,MURES,243,0,Sc.gen Oroiu,BAND,115389,C,3,299,274,25,195,170,25,0,191,4,350,155,133,58
28,MURES,244,0,Sc.gen Petea,BAND,115389,C,3,179,164,15,110,95,15,0,110,0,200,90,76,34
28,MURES,245,0,Sc.gen Finatele Madarasului,BAND,115389,C,3,246,237,9,206,197,9,0,202,4,300,94,188,14
28,MURES,246,0,Sc.gen Batos,BATOS,115520,C,3,1096,1094,2,567,527,2,38,561,6,1200,633,200,361
28,MURES,247,0,Sc.gen.Dedrad,BATOS,115520,C,3,1175,1166,9,744,670,9,65,744,0,1300,556,339,405
28,MURES,248,0,Sc.gen Goreni,BATOS,115520,C,3,561,552,9,332,323,9,0,329,3,600,268,192,137
28,MURES,249,0,Sc.gen.Uila,BATOS,115520,C,3,471,460,11,274,263,11,0,273,1,500,226,183,90
28,MURES,250,0,Camin cultural Bagaciu,BAGACIU,115575,C,3,905,895,10,489,479,10,0,482,7,1000,511,290,192
28,MURES,251,0,Camin cultural Deleni,BAGACIU,115575,C,3,973,968,5,466,461,5,0,459,7,1050,584,220,239
28,MURES,252,0,Primaria Bala,BALA,115600,C,3,598,596,2,358,356,2,0,355,3,700,342,181,174
28,MURES,253,0,Camin Cultural Ercea,BALA,115600,C,3,185,175,10,112,102,10,0,110,2,200,88,69,41
28,MURES,254,0,Caminul cultural Balauseri,BALAUSERI,115637,C,3,1005,993,12,360,348,12,0,358,2,1100,740,243,115
28,MURES,255,0,Caminul Cultural Agristeu,BALAUSERI,115637,C,3,570,557,13,233,220,13,0,226,7,650,417,171,55
28,MURES,256,0,Sc.generala Chendu,BALAUSERI,115637,C,3,1266,1260,6,435,429,6,0,432,3,1400,965,333,99
28,MURES,257,0,Sc.generala Dumitreni,BALAUSERI,115637,C,3,477,467,10,182,172,10,0,181,1,550,368,157,24
28,MURES,258,0,Caminul Cultural Filitelnic,BALAUSERI,115637,C,3,232,208,24,119,95,24,0,118,1,255,136,28,90
28,MURES,259,0,Sc.generala Senereus,BALAUSERI,115637,C,3,550,545,5,270,265,5,0,266,4,600,330,163,103
28,MURES,260,0,Caminul cultural Beica de Jos,BEICA DE JOS,115708,C,3,658,653,5,386,337,5,44,375,11,749,363,258,117
28,MURES,261,0,Caminul cultural Nadasa,BEICA DE JOS,115708,C,3,241,234,7,154,147,7,0,151,3,300,146,85,66
28,MURES,262,0,Caminul cultural Serbeni,BEICA DE JOS,115708,C,3,322,317,5,221,216,5,0,217,4,350,129,87,130
28,MURES,263,0,Caminul Cultural Sanmihai de Padure,BEICA DE JOS,115708,C,3,239,233,6,125,119,6,0,124,1,300,175,44,80
28,MURES,264,0,Caminul Cultural Beica de Sus,BEICA DE JOS,115708,C,3,217,210,7,136,129,7,0,136,0,253,117,104,32
28,MURES,265,0,Caminul Cultural Cacuciu,BEICA DE JOS,115708,C,3,119,114,5,75,70,5,0,73,2,150,75,32,41
28,MURES,266,0,Camin cultural Bereni,BERENI,120511,C,3,402,392,10,254,156,10,88,249,5,450,196,228,21
28,MURES,267,0,Camin cultural Eremieni,BERENI,120511,C,3,193,186,7,115,108,7,0,114,1,200,85,108,6
28,MURES,268,0,Camin cultural Marculeni,BERENI,120511,C,3,453,448,5,268,165,5,98,268,0,500,232,252,16
28,MURES,269,0,Caminul Cultural Bichis nr.42,BICHIS,115771,C,3,222,214,8,104,92,8,4,98,6,250,146,72,26
28,MURES,270,0,Caminul Cultural Ghimbut nr.34,BICHIS,115771,C,3,162,153,9,107,98,9,0,105,2,200,93,55,50
28,MURES,271,0,Caminul Cultural Ozd nr.89,BICHIS,115771,C,3,336,323,13,173,160,13,0,171,2,350,177,149,22
28,MURES,272,0,Scoala Generala Nandra nr 24,BICHIS,115771,C,3,118,107,11,79,64,11,4,75,4,150,71,56,19
28,MURES,273,0,Primaria Bogata,BOGATA,115824,C,3,1340,1338,2,895,765,2,128,878,17,1450,555,564,314
28,MURES,274,0,Sc.primara Ranta,BOGATA,115824,C,3,233,224,9,119,105,9,5,119,0,300,181,56,63
28,MURES,275,0,Caminul Cultural nr 59,BREAZA,115851,C,3,952,948,4,437,433,4,0,432,5,1050,613,238,194
28,MURES,276,0,Sc.gen Filpisu Mare nr 258,BREAZA,115851,C,3,692,686,6,372,336,6,30,362,10,750,378,228,134
28,MURES,277,0,Sc.gen Filpisu Mic nr 72,BREAZA,115851,C,3,375,371,4,229,225,4,0,229,0,400,171,183,46
28,MURES,278,0,Sc. Primara Brancovenesti,BRANCOVENESTI,115897,C,3,1266,1256,10,646,607,10,29,639,7,1400,754,447,192
28,MURES,279,0,Sc. Primara Idicel,BRANCOVENESTI,115897,C,3,411,404,7,266,259,7,0,263,3,450,184,161,102
28,MURES,280,0,Caminul cultural Idicel Padure,BRANCOVENESTI,115897,C,3,509,489,20,349,313,20,16,348,1,550,201,157,191
28,MURES,281,0,Sc. Primara Sacalu De Padure,BRANCOVENESTI,115897,C,3,351,341,10,235,225,10,0,231,4,400,165,144,87
28,MURES,282,0,Gradinita de copii Valenii De Mures,BRANCOVENESTI,115897,C,3,1065,1057,8,528,520,8,0,526,2,1150,622,454,72
28,MURES,283,0,Camin Cultural Bozed,CEUASU DE CAMPIE,115959,C,3,169,162,7,100,93,7,0,100,0,200,100,62,38
28,MURES,284,0,Camin Cultural Campenita,CEUASU DE CAMPIE,115959,C,3,664,650,14,332,317,14,1,329,3,700,368,265,64
28,MURES,285,0,Camin Cultural Ceuasu de Campie,CEUASU DE CAMPIE,115959,C,3,1169,1157,12,547,491,12,44,547,0,1250,703,273,274
28,MURES,286,0,Camin Cultural Culpiu,CEUASU DE CAMPIE,115959,C,3,336,329,7,198,191,7,0,196,2,400,202,146,50
28,MURES,287,0,Sc. Generala Herghelia,CEUASU DE CAMPIE,115959,C,3,267,259,8,163,155,8,0,158,5,300,137,92,66
28,MURES,288,0,Sc. Generala Porumbeni,CEUASU DE CAMPIE,115959,C,3,349,335,14,203,189,14,0,198,5,400,197,147,51
28,MURES,289,0,Camin cultural Sabed,CEUASU DE CAMPIE,115959,C,3,581,576,5,256,251,5,0,253,3,650,394,180,73
28,MURES,290,0,Camin cultural Voiniceni,CEUASU DE CAMPIE,115959,C,3,755,741,14,444,430,14,0,435,9,850,406,196,239
28,MURES,291,0,Club Chetani,CHETANI,116046,C,3,1041,1032,9,569,560,9,0,561,8,1150,581,305,256
28,MURES,292,0,Camin cultural Grindeni,CHETANI,116046,C,3,543,539,4,274,270,4,0,269,5,600,326,153,116
28,MURES,293,0,Camin cultural Hadareni,CHETANI,116046,C,3,660,654,6,317,311,6,0,316,1,750,433,193,123
28,MURES,294,0,Primaria Chibed,CHIBED,120478,C,3,1440,1428,12,616,600,12,4,592,24,1550,934,504,88
28,MURES,295,0,Primarie Chiheru de Jos,CHIHERU DE JOS,116126,C,3,405,403,2,241,239,2,0,239,2,449,208,83,156
28,MURES,296,0,Scoala Generala Chiheru de Sus,CHIHERU DE JOS,116126,C,3,325,315,10,154,143,10,1,152,2,350,196,93,59
28,MURES,297,0,Camin cultural Urisiu de Sus,CHIHERU DE JOS,116126,C,3,755,747,8,448,437,8,3,444,4,854,406,179,265
28,MURES,298,0,"Sc.gen. Coroisanmartin, nr 46",COROISANMARTIN,116171,C,3,327,319,8,183,145,8,30,183,0,400,217,87,96
28,MURES,299,0,Sc.gen Soimus nr 110,COROISANMARTIN,116171,C,3,390,385,5,239,234,5,0,237,2,452,213,144,93
28,MURES,300,0,Camin cultural Odrihei nr 186,COROISANMARTIN,116171,C,3,394,381,13,204,191,13,0,198,6,450,246,137,61
28,MURES,301,0,Caminul Cultural Coroi nr 75,COROISANMARTIN,116171,C,3,114,110,4,71,67,4,0,68,3,150,79,39,29
28,MURES,302,0,Camin Cultural Corunca nr.83,CORUNCA,120487,C,3,1328,1321,7,541,534,7,0,524,17,1450,909,340,184
28,MURES,303,0,Camin Cultural Bozeni nr.18,CORUNCA,120487,C,3,109,100,9,57,48,9,0,56,1,150,93,44,12
28,MURES,304,0,Primaria Cozma,COZMA,116224,C,3,357,355,2,242,217,2,23,240,2,400,158,153,87
28,MURES,305,0,Camin cultural Socol,COZMA,116224,C,3,155,152,3,93,79,3,11,92,1,200,107,35,57
28,MURES,306,0,Camin Cultural Craciunesti,CRACIUNESTI,116288,C,3,1853,1847,6,470,446,6,18,456,14,2000,1530,394,62
28,MURES,307,0,Camin Cultural Cornesti,CRACIUNESTI,116288,C,3,708,704,4,374,334,4,36,363,11,800,426,329,34
28,MURES,308,0,Camin Cultural Cinta,CRACIUNESTI,116288,C,3,434,427,7,229,222,7,0,226,3,500,271,197,29
28,MURES,309,0,Sc.gen Budiu Mic,CRACIUNESTI,116288,C,3,309,304,5,81,76,5,0,76,5,350,269,61,15
28,MURES,310,0,Primarie Craiesti,CRAIESTI,116340,C,3,583,578,5,325,301,5,19,322,3,650,325,204,118
28,MURES,311,0,Sc.gen Milasel,CRAIESTI,116340,C,3,201,193,8,120,112,8,0,119,1,250,130,86,33
28,MURES,312,0,Sc.generala Lefaia,CRAIESTI,116340,C,3,79,72,7,49,42,7,0,47,2,100,51,27,20
28,MURES,313,0,Camin cultural Cristesti str Principala,CRISTESTI,114355,C,3,1839,1815,24,786,760,24,2,783,3,2000,1214,366,417
28,MURES,314,0,Sc. Generala Cristesti str Scolii,CRISTESTI,114355,C,3,1944,1909,35,795,758,35,2,786,9,2100,1305,355,431
28,MURES,315,0,Camin cultural Valureni,CRISTESTI,114355,C,3,873,847,26,292,266,26,0,284,8,950,658,247,37
28,MURES,316,0,Primaria Cucerdea nr.329,CUCERDEA,116395,C,3,757,748,9,374,364,9,1,372,2,850,476,240,132
28,MURES,317,0,Sc.generala Seulia de Mures nr.55,CUCERDEA,116395,C,3,527,514,13,293,280,13,0,286,7,602,309,139,147
28,MURES,318,0,Caminul Cultural Bord,CUCERDEA,116395,C,3,157,149,8,84,76,8,0,84,0,200,116,49,35
28,MURES,319,0,Primaria Cuci,CUCI,116439,C,3,774,765,9,488,443,9,36,486,2,850,362,253,233
28,MURES,320,0,Sc.generala Dataseni,CUCI,116439,C,3,356,349,7,222,196,7,19,221,1,400,178,115,106
28,MURES,321,0,Caminul cultural Orosia,CUCI,116439,C,3,151,146,5,112,107,5,0,110,2,200,88,75,35
28,MURES,322,0,Caminul Cultural Petrilaca,CUCI,116439,C,3,494,487,7,317,291,7,19,313,4,550,233,196,117
28,MURES,323,0,Camin cultural Danes,DANES,116493,C,3,1784,1766,18,888,870,18,0,882,6,1950,1062,365,517
28,MURES,324,0,Camin cultural Cris,DANES,116493,C,3,517,506,11,210,199,11,0,206,4,550,340,112,94
28,MURES,325,0,Camin cultural Seleus,DANES,116493,C,3,1406,1390,16,604,588,16,0,594,10,1500,896,318,276
28,MURES,326,0,Sc.generala Stejareni,DANES,116493,C,3,254,242,12,105,93,12,0,105,0,300,195,85,20
28,MURES,327,0,Gradinita Deda,DEDA,116545,C,3,1514,1513,1,926,906,1,19,917,9,1650,724,462,455
28,MURES,328,0,Sc.generala Bistra,DEDA,116545,C,3,857,845,12,577,537,12,28,572,5,950,373,256,316
28,MURES,329,0,Sc.generala Filea,DEDA,116545,C,3,600,596,4,379,375,4,0,375,4,650,271,147,228
28,MURES,330,0,Sc.generala Pietris,DEDA,116545,C,3,419,413,6,254,248,6,0,252,2,450,196,135,117
28,MURES,331,0,Sc.generala Eremitu,EREMITU,116590,C,3,1400,1341,59,554,491,59,4,523,31,1450,896,442,81
28,MURES,332,0,Sc.generala Calugareni,EREMITU,116590,C,3,250,241,9,140,131,9,0,137,3,450,310,121,16
28,MURES,333,1,Centrul de Recuperare Neuropsihiatrica Calugareni,EREMITU,116590,C,3,177,164,13,100,45,13,42,73,27,350,250,31,42
28,MURES,334,0,Sc.generala Campu Cetatii,EREMITU,116590,C,3,339,320,19,193,174,19,0,190,3,350,157,159,31
28,MURES,335,0,Sc.generala Damieni,EREMITU,116590,C,3,219,210,9,90,73,9,8,89,1,250,160,69,20
28,MURES,336,0,Sc.generala Matrici,EREMITU,116590,C,3,648,617,31,276,245,31,0,256,20,700,424,223,33
28,MURES,337,0,Camin cultural Ernei,ERNEI,116652,C,3,1587,1577,10,636,626,10,0,620,16,1750,1114,544,76
28,MURES,338,0,Camin cultural Dumbravioara,ERNEI,116652,C,3,1243,1236,7,526,519,7,0,513,13,1352,826,416,97
28,MURES,339,0,Sc.generala Icland,ERNEI,116652,C,3,282,273,9,104,95,9,0,104,0,300,196,93,11
28,MURES,340,0,Scoala Generala Sacareni,ERNEI,116652,C,3,192,180,12,115,87,12,16,115,0,200,85,92,23
28,MURES,341,0,Camin cultural Caluseri,ERNEI,116652,C,3,466,460,6,274,268,6,0,271,3,500,226,243,28
28,MURES,342,0,Sc.generala Singeru,ERNEI,116652,C,3,266,255,11,124,113,11,0,122,2,300,176,85,37
28,MURES,343,0,Primaria Faragau,FARAGAU,116723,C,3,455,450,5,295,288,5,2,294,1,550,255,165,129
28,MURES,344,0,Sediul fostului CAP Poarta,FARAGAU,116723,C,3,241,229,12,113,101,12,0,107,6,250,137,52,55
28,MURES,345,0,Scoala Generala Tonciu,FARAGAU,116723,C,3,603,591,12,396,384,12,0,391,5,650,254,355,36
28,MURES,346,0,Sc.generala Fantanele,FANTANELE,116796,C,3,1031,1019,12,364,352,12,0,356,8,1100,736,270,86
28,MURES,347,0,Sc.generala Fantanele,FANTANELE,116796,C,3,1022,1019,3,348,345,3,0,339,9,1100,752,269,70
28,MURES,348,0,Sc.generala Calimanesti,FANTANELE,116796,C,3,711,707,4,348,344,4,0,346,2,800,452,317,29
28,MURES,349,0,Sc.elementara Viforoasa,FANTANELE,116796,C,3,735,721,14,336,322,14,0,334,2,800,464,262,72
28,MURES,350,0,Sc.elementara Bordosiu,FANTANELE,116796,C,3,381,364,17,163,146,17,0,159,4,400,237,133,26
28,MURES,351,0,Sc.elementara Roua,FANTANELE,116796,C,3,317,306,11,164,153,11,0,155,9,350,186,141,14
28,MURES,352,0,Camin cultural Galesti,GALESTI,116867,C,3,730,711,19,230,197,19,14,225,5,750,520,183,42
28,MURES,353,0,Scoala Generala Troita,GALESTI,116867,C,3,668,662,6,228,204,6,18,218,10,750,522,190,28
28,MURES,354,0,Scoala Generala Maiad,GALESTI,116867,C,3,279,270,9,139,121,9,9,135,4,300,161,114,21
28,MURES,355,0,Scoala Generala Sinvasii,GALESTI,116867,C,3,303,297,6,153,137,6,10,153,0,400,247,132,21
28,MURES,356,0,Camin cultural Adrianu Mare,GALESTI,116867,C,3,170,160,10,82,67,10,5,77,5,200,118,60,17
28,MURES,357,0,Caminul Cultural Bedeni,GALESTI,116867,C,3,141,134,7,88,72,7,9,85,3,200,112,72,13
28,MURES,358,0,Camin cultural Ganesti,GANESTI,116938,C,3,854,845,9,384,364,9,11,380,4,950,566,240,140
28,MURES,359,0,Sc.generala Ganesti,GANESTI,116938,C,3,861,826,35,454,402,35,17,443,11,900,446,303,140
28,MURES,360,0,Camin cultural Seuca,GANESTI,116938,C,3,1062,1011,51,541,483,51,7,534,7,1150,609,288,246
28,MURES,361,0,Camin cultural Paucisoara,GANESTI,116938,C,3,224,211,13,135,106,13,16,133,2,250,115,87,46
28,MURES,362,0,Caminul Cultural Gh. Doja,GHEORGHE DOJA,116983,C,3,723,714,9,228,216,9,3,214,2,800,584,167,47
28,MURES,363,0,Caminul Cultural Leordeni,GHEORGHE DOJA,116983,C,3,288,279,9,170,148,9,13,169,1,350,180,133,36
28,MURES,364,0,Scoala Generala Satu Nou,GHEORGHE DOJA,116983,C,3,601,595,6,240,234,6,0,238,2,650,410,192,46
28,MURES,365,0,Sc.generala Tirimia,GHEORGHE DOJA,116983,C,3,647,642,5,285,280,5,0,279,6,700,415,135,144
28,MURES,366,0,Camin cultural Ghindari,GHINDARI,117042,C,3,1244,1200,44,810,766,44,0,802,8,1300,490,595,207
28,MURES,367,0,Sc.elementara Abud,GHINDARI,117042,C,3,155,149,6,95,89,6,0,89,6,200,105,79,10
28,MURES,368,0,Sc.elementara Solocma,GHINDARI,117042,C,3,337,332,5,279,274,5,0,277,2,400,121,265,12
28,MURES,369,0,Camin cultural Trei Sate,GHINDARI,117042,C,3,993,988,5,521,516,5,0,510,11,1100,579,354,156
28,MURES,370,0,Sc.generala Glodeni,GLODENI,117113,C,3,1774,1763,11,565,554,11,0,556,9,1950,1385,463,93
28,MURES,371,0,Sc.Primara Merisor,GLODENI,117113,C,3,200,189,11,126,115,11,0,124,2,250,124,100,24
28,MURES,372,0,Sc. Primara Moisa,GLODENI,117113,C,3,266,260,6,169,163,6,0,164,5,300,131,79,85
28,MURES,373,0,Sc.Primara Pacureni,GLODENI,117113,C,3,207,197,10,117,107,10,0,115,2,250,133,81,34
28,MURES,374,0,Sc.Primara Paingeni,GLODENI,117113,C,3,371,360,11,186,175,11,0,185,1,400,214,153,32
28,MURES,375,0,Caminul Cultural Gornesti,GORNESTI,117177,C,3,1602,1589,13,694,661,13,20,683,11,1750,1056,407,276
28,MURES,376,0,Sc. Generala Iara de Mures,GORNESTI,117177,C,3,316,306,10,125,115,10,0,120,5,350,225,97,23
28,MURES,377,0,Camin cultural Ilioara,GORNESTI,117177,C,3,104,96,8,56,48,8,0,53,3,150,94,45,8
28,MURES,378,0,Camin cultural Padureni,GORNESTI,117177,C,3,355,346,9,186,177,9,0,182,4,400,214,151,31
28,MURES,379,0,Camin cultural Peris,GORNESTI,117177,C,3,1492,1479,13,594,550,13,31,592,2,1600,1006,404,188
28,MURES,380,0,Camin cultural Petrilaca de Mures,GORNESTI,117177,C,3,412,403,9,240,231,9,0,234,6,450,210,205,29
28,MURES,381,0,Scoala Generala Teleac,GORNESTI,117177,C,3,448,435,13,276,238,13,25,276,0,500,224,166,110
28,MURES,382,0,Caminul Cultural Grebenis,GREBENISU DE CAMPIE,117275,C,3,1244,1236,8,666,658,8,0,657,9,1352,686,455,202
28,MURES,383,0,Caminul Cultural Gurghiu,GURGHIU,117319,C,3,1478,1465,13,979,885,13,81,968,11,1600,621,466,502
28,MURES,384,0,Caminul Cultural  Adrian,GURGHIU,117319,C,3,272,266,6,159,153,6,0,155,4,300,141,92,63
28,MURES,385,0,Sc.generala Casva,GURGHIU,117319,C,3,693,683,10,375,365,10,0,371,4,750,375,193,178
28,MURES,386,0,Sc.generala Comori,GURGHIU,117319,C,3,209,203,6,143,137,6,0,139,4,250,107,80,59
28,MURES,387,0,Club Camin Cultural Glajarie,GURGHIU,117319,C,3,1418,1406,12,805,793,12,0,796,9,1550,745,690,106
28,MURES,388,0,Sc.generala Larga,GURGHIU,117319,C,3,207,190,17,138,121,17,0,136,2,250,112,79,57
28,MURES,389,0,Gradinita Orsova,GURGHIU,117319,C,3,754,750,4,419,415,4,0,414,5,850,431,203,211
28,MURES,390,0,Caminul Cultural Hodac - Sala de sedinte,HODAC,117426,C,3,1988,1975,13,1091,1033,13,45,1080,11,2150,1059,608,472
28,MURES,391,0,Camin cultural Toaca - Sala de sedinte,HODAC,117426,C,3,1485,1477,8,802,794,8,0,790,12,1600,798,269,521
28,MURES,392,0,Sc. Generala Dubistea,HODAC,117426,C,3,333,328,5,193,186,5,2,192,1,399,206,85,107
28,MURES,393,0,Sc. Generala Hodosa nr.136,HODOSA,117505,C,3,184,176,8,138,130,8,0,135,3,200,62,123,12
28,MURES,394,0,"Sc.generala Ihod, nr.12",HODOSA,117505,C,3,93,87,6,67,61,6,0,67,0,100,33,62,5
28,MURES,395,0,"Sc.generala Isla, nr.55",HODOSA,117505,C,3,259,256,3,153,150,3,0,151,2,300,147,139,12
28,MURES,396,0,Sc.generala Sambrias nr.105,HODOSA,117505,C,3,619,615,4,391,387,4,0,385,6,700,309,364,21
28,MURES,397,0,Camin cultural Ibanesti,IBANESTI,117550,C,3,1324,1310,14,744,730,14,0,738,6,1450,706,360,378
28,MURES,398,0,Dispensar veterinar Ibanesti - Isticeu,IBANESTI,117550,C,3,500,489,11,284,273,11,0,278,6,550,266,103,175
28,MURES,399,0,Caminul Cultural Ibanesti Padure,IBANESTI,117550,C,3,839,829,10,465,450,10,5,460,5,950,485,159,301
28,MURES,400,0,Caminul Cultural Dulcea,IBANESTI,117550,C,3,883,878,5,497,487,5,5,491,6,950,453,128,363
28,MURES,401,0,Caminul cultural Iclanzel,ICLANZEL,117667,C,3,1134,1134,0,567,535,0,32,559,8,1250,683,409,150
28,MURES,402,0,Caminul cultural Capusu de Campie,ICLANZEL,117667,C,3,619,601,18,304,286,18,0,301,3,650,346,221,80
28,MURES,403,0,Camin cultural Ideciu de Jos,IDECIU DE JOS,117783,C,3,755,748,7,463,414,7,42,460,3,850,387,275,185
28,MURES,404,0,Sc.generala Ideciu de Sus,IDECIU DE JOS,117783,C,3,609,597,12,396,384,12,0,395,1,650,254,264,131
28,MURES,405,0,Sc.generala Deleni,IDECIU DE JOS,117783,C,3,289,278,11,198,187,11,0,196,2,350,152,111,85
28,MURES,406,1,Cabinet Medical - Caminul pentru Persoana varstnice,IDECIU DE JOS,117783,C,3,9,0,9,81,0,9,72,74,7,153,72,57,17
28,MURES,407,0,Caminul cultural Livezeni nr.76,LIVEZENI,117925,C,3,947,940,7,420,413,7,0,414,6,1050,630,313,101
28,MURES,408,0,Caminul cultural Ivanesti nr.42,LIVEZENI,117925,C,3,272,264,8,159,151,8,0,157,2,300,141,104,53
28,MURES,409,0,Caminul cultural Poienita nr.57,LIVEZENI,117925,C,3,212,204,8,102,94,8,0,101,1,250,148,54,47
28,MURES,410,0,Caminul Cultural Sanisor nr.60,LIVEZENI,117925,C,3,177,165,12,100,88,12,0,100,0,200,100,51,49
28,MURES,411,0,Primaria Lunca nr 228,LUNCA,117998,C,3,520,520,0,324,324,0,0,321,3,600,276,150,171
28,MURES,412,0,Sc.generala Baita nr 98,LUNCA,117998,C,3,684,678,6,542,536,6,0,534,8,750,208,332,202
28,MURES,413,0,Sc.generala Frunzeni nr 159,LUNCA,117998,C,3,364,359,5,218,213,5,0,216,2,400,182,120,96
28,MURES,414,0,Sc.generala Logig nr 159,LUNCA,117998,C,3,403,396,7,200,193,7,0,196,4,450,250,139,57
28,MURES,415,0,Sc.generala Santu nr 41,LUNCA,117998,C,3,348,327,21,254,233,21,0,252,2,400,146,157,95
28,MURES,416,0,Clubul camin cultural Lunca Bradului,LUNCA BRADULUI,118058,C,3,1359,1355,4,690,653,4,33,675,15,1500,810,302,373
28,MURES,417,0,Sc.generala Neagra,LUNCA BRADULUI,118058,C,3,375,368,7,240,233,7,0,238,2,400,160,147,91
28,MURES,418,0,Camin cultural Madaras,MADARAS,120502,C,3,1038,1029,9,554,525,9,20,537,17,1300,746,449,88
28,MURES,419,0,Scoala Generala Magherani,MAGHERANI,118094,C,3,629,610,19,296,229,19,48,291,5,700,404,251,40
28,MURES,420,0,Scoala Generala Silea Nirajului,MAGHERANI,118094,C,3,408,405,3,246,214,3,29,245,1,450,204,237,8
28,MURES,421,0,Scoala Generala Torba,MAGHERANI,118094,C,3,138,138,0,91,79,0,12,88,3,150,59,85,3
28,MURES,422,0,Camin cultural Mica,MICA,118209,C,3,653,646,7,286,260,7,19,284,2,700,414,202,82
28,MURES,423,0,Camin cultural Abus,MICA,118209,C,3,292,283,9,158,142,9,7,152,6,350,192,106,46
28,MURES,424,0,Camin cultural Ceuas,MICA,118209,C,3,654,646,8,355,326,8,21,347,8,700,345,312,35
28,MURES,425,0,Camin cultural Deaj,MICA,118209,C,3,1130,1122,8,573,541,8,24,566,7,1250,677,431,135
28,MURES,426,0,Camin cultural Haranglab,MICA,118209,C,3,646,640,6,382,349,6,27,372,10,700,318,304,68
28,MURES,427,0,Camin cultural Somostelnic,MICA,118209,C,3,229,217,12,134,107,12,15,131,3,250,116,53,78
28,MURES,428,0,Camin cultural Mihesu de Campie str Al Petofi nr 4,MIHESU DE CAMPIE,118370,C,3,1212,1205,7,604,594,7,3,601,3,1350,746,392,209
28,MURES,429,0,Caminul cultural Razoare str 22 Decembrie 1989 nr 45,MIHESU DE CAMPIE,118370,C,3,733,728,5,282,277,5,0,282,0,802,520,192,90
28,MURES,430,0,Sc. generala Nades nr.383,NADES,118469,C,3,1066,1054,12,430,413,12,5,422,8,1150,720,178,244
28,MURES,431,0,Sc. generala Tigmandru,NADES,118469,C,3,703,693,10,308,298,10,0,304,4,750,442,114,190
28,MURES,432,0,Sc. generala Magherus,NADES,118469,C,3,148,136,12,62,50,12,0,62,0,150,88,39,23
28,MURES,433,0,Caminul cultural Pipea,NADES,118469,C,3,90,81,9,52,43,9,0,50,2,100,48,33,17
28,MURES,434,0,Sc. Gen. Neaua,NEAUA,118511,C,3,314,305,9,148,133,9,6,146,2,350,202,129,17
28,MURES,435,0,Scoala Generala Vadas,NEAUA,118511,C,3,319,315,4,100,96,4,0,98,2,350,250,82,16
28,MURES,436,0,Scoala Generala Rigmani,NEAUA,118511,C,3,315,308,7,159,152,7,0,157,2,350,191,137,20
28,MURES,437,0,Sc. Generala Ghinesti,NEAUA,118511,C,3,300,292,8,111,102,8,1,108,3,350,239,95,13
28,MURES,438,0,Club Ogra,OGRA,118575,C,3,1154,1146,8,695,648,8,39,684,11,1200,505,403,281
28,MURES,439,0,Sc. Generala Dileul Vechi,OGRA,118575,C,3,199,192,7,113,106,7,0,112,1,250,137,63,49
28,MURES,440,0,Sc. Generala Giulus,OGRA,118575,C,3,169,162,7,105,98,7,0,102,3,200,95,70,32
28,MURES,441,0,Sc. Generala Lascud,OGRA,118575,C,3,191,182,9,123,114,9,0,120,3,200,77,67,53
28,MURES,442,0,Sc. Generala Vaideiu,OGRA,118575,C,3,141,134,7,88,81,7,0,85,3,150,62,59,26
28,MURES,443,0,Camin Cultural Papiu Ilarian,PAPIU ILARIAN,118637,C,3,782,781,1,396,371,1,24,395,1,850,454,224,171
28,MURES,444,0,Caminul cultural Panet,PANET,118691,C,3,1883,1858,25,727,702,25,0,723,4,2000,1273,648,75
28,MURES,445,0,Sc.generala Berghia,PANET,118691,C,3,993,980,13,537,524,13,0,529,8,1100,563,356,173
28,MURES,446,0,Sc. generala Cuiesd,PANET,118691,C,3,569,564,5,299,294,5,0,287,12,650,351,261,26
28,MURES,447,0,Sc. generala Hartau,PANET,118691,C,3,268,260,8,106,98,8,0,106,0,300,194,85,21
28,MURES,448,0,Sc.generala Sintioana,PANET,118691,C,3,1098,1085,13,547,532,13,2,539,8,1200,653,417,122
28,MURES,449,0,Sc. Generala Pasareni,PASARENI,118753,C,3,718,714,4,353,319,4,30,350,3,800,447,303,47
28,MURES,450,0,Camin cultural Galateni,PASARENI,118753,C,3,637,629,8,280,272,8,0,272,8,700,420,242,30
28,MURES,451,0,Camin cultural Bolintineni,PASARENI,118753,C,3,182,170,12,99,78,12,9,96,3,200,101,67,29
28,MURES,452,0,Primaria Petelea - Sala de sedinte,PETELEA,118799,C,3,1804,1790,14,921,906,14,1,909,12,1950,1029,600,309
28,MURES,453,0,Sc. Generala Habic,PETELEA,118799,C,3,280,271,9,161,152,9,0,158,3,300,139,72,86
28,MURES,454,0,Consiliul local (sala de Sedinte),POGACEAUA,118824,C,3,1039,1031,8,520,468,8,44,510,10,1150,630,300,210
28,MURES,455,0,Caminul cultural Valeni nr.17,POGACEAUA,118824,C,3,468,452,16,259,243,16,0,256,3,500,241,188,68
28,MURES,456,0,Camin cultural Rastolita,RASTOLITA,118931,C,3,1401,1392,9,1006,791,9,206,1004,2,1550,544,402,602
28,MURES,457,0,"Casa de cultura ""Vasile Contiu"" Raciu",RICIU,118995,C,3,1344,1297,47,875,791,47,37,869,6,1452,577,478,391
28,MURES,458,0,Camin cultural Sanmartinu de Campie,RICIU,118995,C,3,759,745,14,425,411,14,0,419,6,850,425,267,152
28,MURES,459,0,Scoala generala Ulies,RICIU,118995,C,3,682,674,8,350,342,8,0,347,3,750,400,242,105
28,MURES,460,0,Camin cultural Nima Raciului,RICIU,118995,C,3,187,176,11,92,81,11,0,91,1,200,108,47,44
28,MURES,461,0,Casa de cultura Rusii Munti,RUSII-MUNTI,119153,C,3,1815,1804,11,1055,1043,11,1,1046,9,1950,895,502,544
28,MURES,462,0,Scoala Generala Saschiz nr 543,SASCHIZ,119206,C,3,1248,1234,14,673,617,14,42,665,8,1352,679,364,301
28,MURES,463,0,Scoala Primara Mihai Viteazu,SASCHIZ,119206,C,3,259,248,11,148,137,11,0,145,3,300,152,105,40
28,MURES,464,0,Sc. Generala Cloasterf,SASCHIZ,119206,C,3,149,139,10,74,64,10,0,74,0,150,76,44,30
28,MURES,465,0,Caminul Cultural Sarateni,SARATENI,120496,C,3,1249,1245,4,555,529,4,22,547,8,1350,795,479,68
28,MURES,466,0,Camin cultural Sancraiu de Mures,SANCRAIU DE MURES,114382,C,3,2102,2033,69,822,753,69,0,812,10,2250,1428,423,389
28,MURES,467,0,Primaria Comunei Sancraiu de Mures,SANCRAIU DE MURES,114382,C,3,1705,1614,91,796,656,91,49,792,4,1750,954,420,372
28,MURES,468,0,Camin cultural Nazna,SANCRAIU DE MURES,114382,C,3,1690,1600,90,924,834,90,0,921,3,1750,826,353,568
28,MURES,469,0,Gradinita de Copii nr 1 Sangeorgiu de Mures str Principala nr 1281,SANCRAIU DE MURES,114382,C,3,1311,1287,24,534,510,24,0,519,15,1400,866,340,179
28,MURES,470,0,Sc. generala Sangeorgiu de Mures str.Tofalau nr.610,SANGEORGIU DE MURES,114417,C,3,1272,1242,30,538,458,30,50,526,12,1350,812,305,221
28,MURES,471,0,Sc. generala Sangeorgiu de Mures str.Tofalau nr.610,SANGEORGIU DE MURES,114417,C,3,1972,1946,26,839,812,26,1,832,7,2050,1211,413,419
28,MURES,472,0,Camin cultural Sangeorgiu de Mures str Tofalau nr 815,SANGEORGIU DE MURES,114417,C,3,1834,1809,25,848,821,25,2,838,10,2050,1202,389,449
28,MURES,473,0,Sc.generala Cotus,SANGEORGIU DE MURES,114417,C,3,295,276,19,129,110,19,0,125,4,300,171,108,17
28,MURES,474,0,Gradinita din com. Sanger nr 106,SANGER,119386,C,3,1276,1268,8,577,552,8,17,572,5,1400,823,346,226
28,MURES,475,0,Caminul Cultural Cipaieni nr 9,SANGER,119386,C,3,720,713,7,395,388,7,0,388,7,800,405,307,81
28,MURES,476,0,Club Sala de Sedinte Sanpaul,SANPAUL,119466,C,3,1210,1203,7,655,616,7,32,643,12,1300,645,491,152
28,MURES,477,0,Sc. Gen. Chirileu,SANPAUL,119466,C,3,526,512,14,349,330,14,5,341,8,600,251,214,127
28,MURES,478,0,Camin cultural Dileul Nou,SANPAUL,119466,C,3,158,149,9,121,87,9,25,118,3,200,79,90,28
28,MURES,479,0,Camin Cultural Sanmarghita,SANPAUL,119466,C,3,204,197,7,140,123,7,10,137,3,250,110,68,69
28,MURES,480,0,Camin cultural Valea izvoarelor,SANPAUL,119466,C,3,847,835,12,557,472,12,73,550,7,950,393,477,73
28,MURES,481,0,Camin cultural Sanpetru,SANPETRU DE CAMPIE,119527,C,3,990,917,73,504,431,73,0,500,4,1000,496,332,168
28,MURES,482,0,Camin cultural Barlibasu,SANPETRU DE CAMPIE,119527,C,3,105,67,38,77,39,38,0,77,0,100,23,48,29
28,MURES,483,0,Camin cultural Dambu,SANPETRU DE CAMPIE,119527,C,3,538,527,11,260,249,11,0,260,0,600,340,177,83
28,MURES,484,0,Sc. Generala Satu Nou,SANPETRU DE CAMPIE,119527,C,3,150,137,13,138,85,13,40,136,2,152,14,99,37
28,MURES,485,0,Camin cultural Sangeorgiu de Campie,SANPETRU DE CAMPIE,119527,C,3,334,320,14,183,160,14,9,182,1,350,167,140,42
28,MURES,486,0,Camin cultural Tusin,SANPETRU DE CAMPIE,119527,C,3,553,515,38,278,240,38,0,273,5,600,322,166,107
28,MURES,487,0,Sc.generala Ion Chinezu,SANTANA DE MURES,114453,C,3,1934,1898,36,1111,1072,36,3,1101,10,2050,939,586,515
28,MURES,488,0,Sc.generala Curteni,SANTANA DE MURES,114453,C,3,762,742,20,414,394,20,0,407,7,800,386,300,107
28,MURES,489,0,Sc.generala Chinari,SANTANA DE MURES,114453,C,3,455,444,11,288,277,11,0,277,11,500,212,157,120
28,MURES,490,0,Sc.generala Bardesti,SANTANA DE MURES,114453,C,3,295,284,11,196,185,11,0,192,4,350,154,86,106
28,MURES,491,0,Sc. Generala solovastru,SOLOVASTRU,119590,C,3,1319,1311,8,761,752,8,1,758,3,1450,689,402,356
28,MURES,492,0,Camin cultural Jabenita,SOLOVASTRU,119590,C,3,933,922,11,598,587,11,0,594,4,1000,402,394,200
28,MURES,493,0,Camin cultural Stanceni,STANCENI,119625,C,3,1229,1224,5,708,655,5,48,702,6,1350,642,292,410
28,MURES,494,0,Sc.gen.Suplac,SUPLAC,119661,C,3,648,641,7,373,326,7,40,368,5,700,327,200,168
28,MURES,495,0,Sc.gen.Idrifaia,SUPLAC,119661,C,3,531,522,9,312,303,9,0,307,5,600,288,220,87
28,MURES,496,0,Sc.gen.Laslaul Mare,SUPLAC,119661,C,3,395,385,10,221,209,10,2,217,4,450,229,118,99
28,MURES,497,0,Scoala Generala Laslaul Mic,SUPLAC,119661,C,3,356,340,16,160,144,16,0,157,3,400,240,111,46
28,MURES,498,0,Scoala Generala Suseni,SUSENI,119723,C,3,1196,1188,8,589,581,8,0,582,7,1300,711,342,240
28,MURES,499,0,Caminul Cultural Luieriu,SUSENI,119723,C,3,619,612,7,518,511,7,0,515,3,700,182,365,150
28,MURES,500,0,Clubul tineretului Saulia str Principala Nr 39,SAULIA,119750,C,3,1614,1607,7,828,773,7,48,814,14,1750,922,485,329
28,MURES,501,0,Sala de sedinte Primaria Sincai,SINCAI,119803,C,3,868,868,0,525,449,0,76,518,7,1000,475,397,121
28,MURES,502,0,Sc.gen. Lechincioara,SINCAI,119803,C,3,96,84,12,68,50,12,6,68,0,100,32,51,17
28,MURES,503,0,Sc.gen. Sincai-Fanate,SINCAI,119803,C,3,225,215,10,126,103,10,13,125,1,250,124,93,32
28,MURES,504,0,Sc.gen.Pusta,SINCAI,119803,C,3,110,93,17,83,64,17,2,80,3,100,17,71,9
28,MURES,505,0,Camin cultural Taureni nr 259,TAURENI,119858,C,3,838,834,4,574,528,4,42,570,4,899,325,361,209
28,MURES,506,0,Sala de Sedinte a Consiliului Local Valea Larga,VALEA LARGA,119974,C,3,1823,1815,8,740,694,8,38,734,6,2400,1660,424,310
28,MURES,507,0,Sc.gen.Valea Fratiei,VALEA LARGA,119974,C,3,497,482,15,183,168,15,0,182,1,550,367,111,71
28,MURES,508,0,Caminul Cultural Vargata,VARGATA,120076,C,3,631,628,3,314,275,3,36,309,5,750,436,267,42
28,MURES,509,0,Caminul Cultural Grausorul,VARGATA,120076,C,3,160,153,7,90,64,7,19,87,3,200,110,72,15
28,MURES,510,0,Caminul Cultural Vadu,VARGATA,120076,C,3,200,192,8,152,132,8,12,150,2,250,98,133,17
28,MURES,511,0,Scoala Primara Valea,VARGATA,120076,C,3,516,507,9,271,248,9,14,262,9,600,329,241,21
28,MURES,512,0,Camin cultural Vatava,VATAVA,120138,C,3,695,695,0,428,428,0,0,419,9,750,322,190,229
28,MURES,513,0,Sc. Generala Dumbrava,VATAVA,120138,C,3,637,632,5,368,363,5,0,366,2,700,332,189,177
28,MURES,514,0,Sc. Generala Rapa de Jos,VATAVA,120138,C,3,454,452,2,293,291,2,0,291,2,500,207,142,149
28,MURES,515,0,Camin cultural Vetca nr 53,VETCA,120174,C,3,465,459,6,211,186,6,19,205,6,500,289,185,20
28,MURES,516,0,Camin cultural Jacodu nr.189,VETCA,120174,C,3,234,228,6,156,148,6,2,154,2,250,94,136,18
28,MURES,517,0,Primaria Viisoara,VIISOARA,120218,C,3,592,587,5,283,249,5,29,279,4,652,369,153,126
28,MURES,518,0,Sc.generala Sintioana,VIISOARA,120218,C,3,400,397,3,211,208,3,0,211,0,455,244,140,71
28,MURES,519,0,Sc.generala Ormenis,VIISOARA,120218,C,3,293,285,8,171,163,8,0,171,0,350,179,119,52
28,MURES,520,0,Scoala Generala Vanatori,VANATORI,120254,C,3,1256,1241,15,715,629,15,71,706,9,1350,635,315,391
28,MURES,521,0,Sc. Generala Archita,VANATORI,120254,C,3,587,563,24,348,324,24,0,341,7,650,302,221,120
28,MURES,522,0,Sc. Generala Feleag,VANATORI,120254,C,3,187,180,7,124,117,7,0,122,2,200,76,74,48
28,MURES,523,0,Scoala Generala Mureni,VANATORI,120254,C,3,290,263,27,148,121,27,0,146,2,300,152,114,32
28,MURES,524,0,Scoala Generala Soard,VANATORI,120254,C,3,490,481,9,258,249,9,0,255,3,550,292,164,91
28,MURES,525,0,Camin cultural Voivodeni nr 97,VOIVODENI,120316,C,3,1367,1362,5,613,580,5,28,604,9,1500,887,399,205
28,MURES,526,0,Camin cultural Toldal,VOIVODENI,120316,C,3,233,223,10,150,126,10,14,149,1,250,100,120,29
28,MURES,527,0,Primaria Zagar,ZAGAR,120343,C,3,936,926,10,431,404,10,17,427,4,1000,569,298,129
28,MURES,528,0,Camin cultural Zau,ZAU DE CAMPIE,120370,C,3,2247,2228,19,1028,925,19,84,1026,2,2450,1422,636,390
28,MURES,529,0,Sc.gen Barbosi,ZAU DE CAMPIE,120370,C,3,429,418,11,206,195,11,0,205,1,500,294,158,47
29,NEAMT,1,0,"Scoala nr..3, Piata 22 Decembrie nr.1",MUNICIPIUL PIATRA NEAMT,120726,M,1,1176,1156,20,740,719,20,1,736,4,1203,463,288,448
29,NEAMT,2,0,"S.C. ""PUBLISERV"" SRL, Str. Paharnicului, nr.3",MUNICIPIUL PIATRA NEAMT,120726,M,1,1186,1166,20,755,731,20,4,750,5,1204,449,308,442
29,NEAMT,3,0,"Gradinita cu orar prelungit nr. 6, Str. Cuza Voda, nr.80",MUNICIPIUL PIATRA NEAMT,120726,M,1,1161,1142,19,706,685,19,2,699,7,1200,494,262,437
29,NEAMT,4,0,"Colegiul National ""Petru Rares"", Str. Stefan cel Mare, nr.4",MUNICIPIUL PIATRA NEAMT,120726,M,1,1549,1530,19,807,788,19,0,798,9,1598,791,259,539
29,NEAMT,5,0,"Scoala nr.2, Str. Maratei nr.4",MUNICIPIUL PIATRA NEAMT,120726,M,1,1215,1202,13,731,717,13,1,730,1,1296,565,218,512
29,NEAMT,6,0,"Directia Agricola, str. Mihai  Eminescu, nr. 26",MUNICIPIUL PIATRA NEAMT,120726,M,1,1686,1666,20,966,943,20,3,954,12,1800,834,319,635
29,NEAMT,7,0,"Scoala nr.3, Piata 22 Decembrie nr.1",MUNICIPIUL PIATRA NEAMT,120726,M,1,1378,1351,27,770,743,27,0,765,5,1500,730,292,473
29,NEAMT,8,0,"SC ""APA SERV"" SA Str. Lt. Draghiescu nr.20",MUNICIPIUL PIATRA NEAMT,120726,M,1,1359,1334,25,810,741,25,44,809,1,1400,590,273,536
29,NEAMT,9,0,"Complexul Expozitional Municipal, B-dul Republicii nr.17",MUNICIPIUL PIATRA NEAMT,120726,M,1,1587,1539,48,2031,883,48,1100,2021,10,2300,269,634,1387
29,NEAMT,10,0,Scoala Elena Cuza (fosta scoala nr.4) Bdul Decebal nr. 72,MUNICIPIUL PIATRA NEAMT,120726,M,1,1707,1696,11,895,883,11,1,889,6,1800,905,282,607
29,NEAMT,11,0,Liceul de Arta - Corpul C Str. Penes Curcanul nr.6,MUNICIPIUL PIATRA NEAMT,120726,M,1,1469,1453,16,754,738,16,0,753,1,1500,746,214,539
29,NEAMT,12,0,Scoala nr.10 Str. Ecoului nr. 1bis,MUNICIPIUL PIATRA NEAMT,120726,M,1,1397,1381,16,721,702,16,3,717,4,1500,779,192,525
29,NEAMT,13,0,Scoala nr.10 Str. Ecoului nr. 1bis,MUNICIPIUL PIATRA NEAMT,120726,M,1,1567,1552,15,763,746,15,2,757,6,1592,829,245,512
29,NEAMT,14,0,Scoala nr.10 Str. Ecoului nr. 1bis,MUNICIPIUL PIATRA NEAMT,120726,M,1,1394,1372,22,679,656,22,1,678,1,1400,721,201,477
29,NEAMT,15,0,"SC Drupo SA Str. Arcului, nr. 6",MUNICIPIUL PIATRA NEAMT,120726,M,1,1556,1545,11,714,703,11,0,713,1,1604,890,208,505
29,NEAMT,16,0,"SC ""MOLDOCOR"" SA B-dul Decebal nr.73",MUNICIPIUL PIATRA NEAMT,120726,M,1,1695,1680,15,795,780,15,0,789,6,1800,1005,227,562
29,NEAMT,17,0,"SC ""PETROCART"" SA B-dul Decebal nr.171",MUNICIPIUL PIATRA NEAMT,120726,M,1,1604,1589,15,801,786,15,0,793,8,1700,899,267,526
29,NEAMT,18,0,Scoala nr.19 Str. Petru Movila nr.67,MUNICIPIUL PIATRA NEAMT,120726,M,1,1327,1311,16,739,721,16,2,731,8,1400,661,328,403
29,NEAMT,19,0,Scoala Elena Cuza (fosta scoala nr.4) Bdul Decebal nr. 72,MUNICIPIUL PIATRA NEAMT,120726,M,1,1574,1540,34,965,927,34,4,961,4,1600,635,357,604
29,NEAMT,20,0,"Grupul Scolar Industrial de Transporturi Auto (fostul Liceu Auto) Str. Soarelui, nr.1",MUNICIPIUL PIATRA NEAMT,120726,M,1,1272,1253,19,638,618,19,1,634,4,1300,662,215,419
29,NEAMT,21,0,"Clubul Sportiv ""Vointa"" Str. Eroilor nr. 18 (Stadion)",MUNICIPIUL PIATRA NEAMT,120726,M,1,1546,1478,68,834,766,68,0,828,6,1600,766,232,596
29,NEAMT,22,0,Grupul Scolar Economic Administrativ Str. Alexandru Lapusneanu nr. 16,MUNICIPIUL PIATRA NEAMT,120726,M,1,1637,1623,14,918,904,13,1,913,5,1702,784,280,633
29,NEAMT,23,0,Colegiul Tehnic Str. Stefan cel Mare nr.67,MUNICIPIUL PIATRA NEAMT,120726,M,1,1367,1342,25,839,814,25,0,831,8,1400,561,294,537
29,NEAMT,24,0,"Liceul Teoretic ""Calistrat Hogas"" Str. Alexandru cel Bun nr.19",MUNICIPIUL PIATRA NEAMT,120726,M,1,1115,1098,17,692,674,17,1,691,1,1204,512,203,488
29,NEAMT,25,0,Scoala Spiru Haret (fosta scoala nr.12) Str. Petru Rares nr.26,MUNICIPIUL PIATRA NEAMT,120726,M,1,1597,1579,18,866,846,18,2,863,3,1700,834,283,580
29,NEAMT,26,0,Scoala Spiru Haret (fosta scoala nr.12) Str. Petru Rares nr.26,MUNICIPIUL PIATRA NEAMT,120726,M,1,1315,1300,15,730,715,15,0,728,2,1400,670,256,472
29,NEAMT,27,0,Gradinita cu program prelungit nr. 3 B-dul Dacia nr.14,MUNICIPIUL PIATRA NEAMT,120726,M,1,1304,1291,13,723,709,13,1,721,2,1401,678,259,462
29,NEAMT,28,0,Liceul cu Program Sportiv Str. Obor nr.2,MUNICIPIUL PIATRA NEAMT,120726,M,1,1427,1416,11,776,764,11,1,772,4,1495,719,250,522
29,NEAMT,29,0,Liceul cu Program Sportiv Str. Obor nr.2,MUNICIPIUL PIATRA NEAMT,120726,M,1,1400,1390,10,745,735,10,0,741,4,1462,717,246,495
29,NEAMT,30,0,Scoala nr.8 Str. Darmanesti nr.33,MUNICIPIUL PIATRA NEAMT,120726,M,1,1477,1468,9,767,756,9,2,758,9,1492,725,306,452
29,NEAMT,31,0,Gradinita cuplata cu cresa nr.5 Str. Darmanesti nr. 42,MUNICIPIUL PIATRA NEAMT,120726,M,1,1670,1656,14,852,838,14,0,847,5,1707,855,301,546
29,NEAMT,32,0,Gradinita cu orar normal nr.8 Str. Darmanesti nr. 41,MUNICIPIUL PIATRA NEAMT,120726,M,1,988,969,19,511,490,19,2,507,4,1000,489,168,339
29,NEAMT,33,0,Gradinita cuplata cu cresa  nr.5 Str. Darmanesti nr. 42,MUNICIPIUL PIATRA NEAMT,120726,M,1,1098,1075,23,534,510,23,1,533,1,1100,566,232,301
29,NEAMT,34,0,Grup scolar de transporturi auto (scoala nr.20) Str. Cetatea Neamtului nr.34,MUNICIPIUL PIATRA NEAMT,120726,M,1,1538,1522,16,858,840,16,2,849,9,1608,750,382,467
29,NEAMT,35,0,ASE Bucuresti Str. Gavril Galinescu nr.13,MUNICIPIUL PIATRA NEAMT,120726,M,1,1626,1598,28,727,698,28,1,718,9,1700,973,292,426
29,NEAMT,36,0,Scoala nr.28 Str. Gavril Galinescu nr.13,MUNICIPIUL PIATRA NEAMT,120726,M,1,1557,1533,24,716,692,24,0,710,6,1600,884,312,398
29,NEAMT,37,0,"Liceul Pedagodic ""Gh. Asachi"" Str. Audia nr. 2",MUNICIPIUL PIATRA NEAMT,120726,M,1,1048,1033,15,440,425,15,0,435,5,1097,657,194,241
29,NEAMT,38,0,"Liceul Pedagodic ""Gh. Asachi"" Str. Audia nr. 2",MUNICIPIUL PIATRA NEAMT,120726,M,1,1060,1034,26,486,460,26,0,482,4,1100,614,220,262
29,NEAMT,39,0,Scoala nr.5 Str. 1 Decembrie 1918 nr.32,MUNICIPIUL PIATRA NEAMT,120726,M,1,1714,1700,14,856,839,14,3,845,11,1800,944,353,492
29,NEAMT,40,0,Scoala nr.5 Str. 1 Decembrie 1918 nr.32,MUNICIPIUL PIATRA NEAMT,120726,M,1,1798,1756,42,929,886,42,1,923,4,2000,1073,355,568
29,NEAMT,41,0,Dispensarul Comasat Al. Garofitei nr.13,MUNICIPIUL PIATRA NEAMT,120726,M,1,1523,1509,14,830,816,14,0,825,5,1600,769,358,467
29,NEAMT,42,0,Gradinita cuplata cu cresa nr.12 Aleea Ulmilor nr.9,MUNICIPIUL PIATRA NEAMT,120726,M,1,1511,1493,18,768,750,18,0,763,5,1600,832,334,429
29,NEAMT,43,0,Gradinita cuplata cu cresa nr.12 Aleea Ulmilor nr.9,MUNICIPIUL PIATRA NEAMT,120726,M,1,1544,1520,24,758,734,24,0,754,4,1602,844,296,458
29,NEAMT,44,0,Scoala nr.8 Str. Darmanesti nr.33,MUNICIPIUL PIATRA NEAMT,120726,M,1,1805,1784,21,910,888,21,1,904,6,1800,890,397,507
29,NEAMT,45,0,Cantina sociala Str. Mihai Viteazu nr.35 bl.C4,MUNICIPIUL PIATRA NEAMT,120726,M,1,1446,1420,26,763,735,26,2,758,5,1500,737,260,498
29,NEAMT,46,0,Liceul de Informatica  Str. Mihai VIteazu nr. 12,MUNICIPIUL PIATRA NEAMT,120726,M,1,989,967,22,481,458,22,1,479,2,1000,519,175,304
29,NEAMT,47,0,Caminul pentru Persoane Varstnice Str. Nufarului nr.10,MUNICIPIUL PIATRA NEAMT,120726,M,1,1540,1457,83,835,744,83,8,829,6,1500,665,274,555
29,NEAMT,48,0,Dispensarul Sanitar Veterinar Str. Mihai VIteazu nr. 34,MUNICIPIUL PIATRA NEAMT,120726,M,1,1487,1473,14,771,757,14,0,764,7,1500,729,290,474
29,NEAMT,49,0,Liceul de Informatica  Str. Mihai VIteazu nr. 12,MUNICIPIUL PIATRA NEAMT,120726,M,1,1527,1507,20,814,794,20,0,812,2,1600,786,256,556
29,NEAMT,50,0,Liceul de Informatica  Str. Mihai VIteazu nr. 12,MUNICIPIUL PIATRA NEAMT,120726,M,1,1128,1108,20,508,486,20,2,502,6,1200,692,281,221
29,NEAMT,51,0,Liceul de Informatica  Str. Mihai VIteazu nr. 12,MUNICIPIUL PIATRA NEAMT,120726,M,1,1117,1103,14,532,518,14,0,528,4,1200,668,173,355
29,NEAMT,52,0,Scoala nr.2 Str. Maratei nr. 6,MUNICIPIUL PIATRA NEAMT,120726,M,1,1416,1403,13,743,730,13,0,741,2,1516,773,255,486
29,NEAMT,53,0,Scoala nr.2 Str. Maratei nr. 6,MUNICIPIUL PIATRA NEAMT,120726,M,1,1129,1117,12,564,551,12,1,563,1,1200,636,165,398
29,NEAMT,54,0,Scoala nr.2 Str. Maratei nr. 6,MUNICIPIUL PIATRA NEAMT,120726,M,1,1102,1093,9,557,548,9,0,551,6,1100,543,224,327
29,NEAMT,55,0,"SC ""Asirom"" SA B-dul Traian nr. 8",MUNICIPIUL PIATRA NEAMT,120726,M,1,1597,1574,23,907,882,23,2,898,9,1680,773,361,537
29,NEAMT,56,0,"Sediul Hill&McEDonald (fostul sindicat al pensionarilor) Str. Privighetorii nr.10, bl. B8",MUNICIPIUL PIATRA NEAMT,120726,M,1,1576,1555,21,950,929,21,0,946,4,1596,646,310,636
29,NEAMT,57,0,"Grupul Scolar ""Gh. Cartianu"" B-dul Traian nr. 31",MUNICIPIUL PIATRA NEAMT,120726,M,1,1036,1028,8,558,550,8,0,555,3,1100,542,148,407
29,NEAMT,58,0,"Grupul Scolar ""Gh. Cartianu"" B-dul Traian nr. 31",MUNICIPIUL PIATRA NEAMT,120726,M,1,1328,1315,13,763,750,13,0,758,5,1400,637,235,523
29,NEAMT,59,0,Scoala nr.1 Str. G-ral N.Dascalescu nr.4,MUNICIPIUL PIATRA NEAMT,120726,M,1,1573,1562,11,784,773,11,0,777,7,1600,816,246,531
29,NEAMT,60,0,"Grupul scolar nr. 9 - Invatamant prescolar (fosta gradinita nr. 19) Str. I Ionescu de la Brad, nr.13",MUNICIPIUL PIATRA NEAMT,120726,M,1,516,498,18,303,285,18,0,301,2,600,297,150,151
29,NEAMT,61,0,Grupul scolar nr.9 (fosta Scoala nr.9) B-dul Marasesti nr.13,MUNICIPIUL PIATRA NEAMT,120726,M,1,1432,1419,13,799,786,13,0,794,5,1496,697,363,431
29,NEAMT,62,0,Grupul scolar nr.9 - Corp A B-dul Marasesti nr.13,MUNICIPIUL PIATRA NEAMT,120726,M,1,1172,1145,27,640,613,27,0,629,11,1200,560,415,214
29,NEAMT,63,0,"Grupul scolar nr.9 Corp B (fosta Scoala Profesionala nr.1)    Str. G-ral N.Dascalescu, nr.426",MUNICIPIUL PIATRA NEAMT,120726,M,1,1005,989,16,537,521,16,0,523,14,1100,563,253,270
29,NEAMT,64,0,"Grupul Scolar ""Gh. Cartianu"" B-dul Traian nr. 31",MUNICIPIUL PIATRA NEAMT,120726,M,1,1549,1516,33,642,609,33,0,637,5,1600,958,282,355
29,NEAMT,65,0,SC Publiserv SRL Str. D Leonida nr.115,MUNICIPIUL PIATRA NEAMT,120726,M,1,1956,1932,24,901,877,23,1,891,10,2008,1107,301,590
29,NEAMT,66,0,Scoala nr.6 Str. Progresului nr. 108,MUNICIPIUL PIATRA NEAMT,120726,M,1,1489,1433,56,680,624,56,0,674,6,1500,820,271,403
29,NEAMT,67,0,Scoala nr.6 Str. Progresului nr. 108,MUNICIPIUL PIATRA NEAMT,120726,M,1,1094,1076,18,585,567,18,0,582,3,1100,515,209,373
29,NEAMT,68,0,Scoala nr.6 Str. Progresului nr. 108,MUNICIPIUL PIATRA NEAMT,120726,M,1,1405,1388,17,688,671,17,0,679,9,1500,812,252,427
29,NEAMT,69,0,Scoala nr.6 Str. Progresului nr. 108,MUNICIPIUL PIATRA NEAMT,120726,M,1,1111,1089,22,662,640,22,0,662,0,1100,438,245,417
29,NEAMT,70,0,"SC ""Pergodur"" Str. D. Leonida nr. 2",MUNICIPIUL PIATRA NEAMT,120726,M,1,1730,1716,14,833,819,14,0,827,6,1800,967,302,525
29,NEAMT,71,0,Gradinita nr.1 Aleea Plaiului nr.7A,MUNICIPIUL PIATRA NEAMT,120726,M,1,1711,1681,30,993,963,30,0,986,7,1800,807,361,625
29,NEAMT,72,0,Gradinita nr. 7 Str. Progresului nr. 32,MUNICIPIUL PIATRA NEAMT,120726,M,1,1510,1495,15,744,729,15,0,739,5,1600,856,263,476
29,NEAMT,73,0,Scoala nr. 7 Str. Gh Asachi nr.3,MUNICIPIUL PIATRA NEAMT,120726,M,1,1117,1107,10,617,607,10,0,609,8,1200,583,415,194
29,NEAMT,74,0,Punct socio-comunitar - Cartier Speranta,MUNICIPIUL PIATRA NEAMT,120726,M,1,266,255,11,189,178,11,0,188,1,300,111,119,69
29,NEAMT,75,0,"Scoala generala nr. 17, Aleea Tineretului, nr. 7",MUNICIPIUL PIATRA NEAMT,120726,M,1,641,624,17,336,319,17,0,329,7,700,364,166,163
29,NEAMT,76,1,Spitalul Judetean  Neamt,MUNICIPIUL PIATRA NEAMT,120726,M,1,0,0,0,525,0,0,525,520,5,900,375,286,234
29,NEAMT,77,1,"Garnizoana Piatra Neamt, Str. General Dascalescu, nr. 239",MUNICIPIUL PIATRA NEAMT,120726,M,1,17,0,17,812,0,17,795,797,15,912,100,490,307
29,NEAMT,78,0,Casa de cultura a sindicatelor Piata Roman Voda nr.1,MUNICIPIUL ROMAN,120860,M,1,1247,1234,13,636,623,13,0,631,5,1300,664,263,368
29,NEAMT,79,0,Scoala nr.5 Str. Cuza Voda nr. 34,MUNICIPIUL ROMAN,120860,M,1,1995,1977,18,980,962,18,0,972,8,2100,1120,389,583
29,NEAMT,80,0,Gradinita nr.11 Cuza Voda nr.82,MUNICIPIUL ROMAN,120860,M,1,1060,1042,18,543,524,18,1,534,9,1100,557,257,277
29,NEAMT,81,0,Casa Casatoriilor D.Gherea nr. 39,MUNICIPIUL ROMAN,120860,M,1,1533,1521,12,928,915,12,1,913,2,1600,672,387,526
29,NEAMT,82,0,Gradinita Somaco 1 Decembrie 1918 nr.4,MUNICIPIUL ROMAN,120860,M,1,1349,1326,23,783,760,23,0,778,5,1396,613,394,384
29,NEAMT,83,0,Institutul de cercetari si amenajari silvice Statiunea Roman Bd. Republicii nr.3,MUNICIPIUL ROMAN,120860,M,1,1362,1348,14,764,750,14,0,758,6,1400,636,357,401
29,NEAMT,84,0,Scoala nr.8 Mihai Viteazu nr.15,MUNICIPIUL ROMAN,120860,M,1,2380,2331,49,1136,1087,49,0,1129,7,2500,1364,475,654
29,NEAMT,85,0,Romtran SA  Mihai Viteazu nr. 13,MUNICIPIUL ROMAN,120860,M,1,2652,2616,36,1169,1133,36,0,1159,10,2800,1631,483,676
29,NEAMT,86,0,Centrul de Plasament Roman Voda Ion Nanu nr. 4,MUNICIPIUL ROMAN,120860,M,1,2004,1988,16,949,933,16,0,942,7,2100,1151,465,477
29,NEAMT,87,0,Gradinita de copii nr.6 Primaverii nr. 4,MUNICIPIUL ROMAN,120860,M,1,1176,1152,24,632,608,24,0,626,6,1196,564,232,394
29,NEAMT,88,0,Club IRE (CONEL) Alba Iulia nr. 14,MUNICIPIUL ROMAN,120860,M,1,1581,1549,32,901,869,32,0,879,22,1602,701,595,284
29,NEAMT,89,0,Scoala nr.11 Mihai Eminescu nr. 27,MUNICIPIUL ROMAN,120860,M,1,1443,1423,20,746,722,20,4,742,4,1500,754,305,437
29,NEAMT,90,0,Colegiul Roman Voda Mihai Eminescu nr. 4,MUNICIPIUL ROMAN,120860,M,1,1310,1294,16,604,587,16,1,599,5,1400,796,251,348
29,NEAMT,91,0,Gradinita cuplata cu cresa nr.1 Ion Creanga nr. 13,MUNICIPIUL ROMAN,120860,M,1,1801,1788,13,822,808,13,1,814,8,1903,1081,367,447
29,NEAMT,92,0,Grup Scolar Vasile Sav Bd. Republicii nr. 46,MUNICIPIUL ROMAN,120860,M,1,1291,1278,13,655,640,13,2,650,5,1304,649,297,353
29,NEAMT,93,0,Circumscriptia Sanitar Veterinara Banatului nr. 2,MUNICIPIUL ROMAN,120860,M,1,1621,1606,15,798,783,15,0,789,9,1708,910,376,413
29,NEAMT,94,0,Cresa Smirodava Smirodava nr. 28,MUNICIPIUL ROMAN,120860,M,1,1695,1667,28,761,733,28,0,753,8,1800,1039,343,410
29,NEAMT,95,0,Dispensarul uman 3 - 5 Bogdan Dragos nr. 109,MUNICIPIUL ROMAN,120860,M,1,1558,1544,14,741,727,14,0,736,5,1603,862,330,406
29,NEAMT,96,0,Scoala nr.7  Bogdan Dragos nr. 91,MUNICIPIUL ROMAN,120860,M,1,2167,2149,18,1101,1082,18,1,1091,10,2308,1207,502,589
29,NEAMT,97,0,Gradinita de copii nr. 4 Ec. Teodoroiu nr. 4,MUNICIPIUL ROMAN,120860,M,1,1766,1749,17,867,848,17,2,840,8,1800,952,392,448
29,NEAMT,98,0,Scoala profesionala de constructii cai ferate Mihai Eminescu nr. 5-7,MUNICIPIUL ROMAN,120860,M,1,2180,2146,34,973,938,34,1,953,20,2300,1327,486,467
29,NEAMT,99,0,Gradinita Petrotub Ec. Teodoroiu nr. 1A,MUNICIPIUL ROMAN,120860,M,1,1265,1239,26,725,699,26,0,713,12,1300,575,294,419
29,NEAMT,100,0,Gradinita nr.9 Bogdan Dragos nr. 43,MUNICIPIUL ROMAN,120860,M,1,1609,1594,15,865,850,15,0,853,12,1705,840,360,493
29,NEAMT,101,0,Gradinita de copii nr. 10 Bogdan Dragos nr. 183,MUNICIPIUL ROMAN,120860,M,1,1330,1310,20,722,702,20,0,710,12,1404,682,439,271
29,NEAMT,102,0,Scoala nr. 6 Bogdan Dragos nr. 183,MUNICIPIUL ROMAN,120860,M,1,1287,1272,15,716,701,15,0,697,19,1300,584,371,326
29,NEAMT,103,0,Dispensarul medical nr.7 Bogdan Dragos,MUNICIPIUL ROMAN,120860,M,1,1408,1387,21,790,768,21,1,783,7,1500,710,337,446
29,NEAMT,104,0,Scoala nr.1 local nou C.A. Rosetti nr. 8,MUNICIPIUL ROMAN,120860,M,1,1729,1708,21,783,762,21,0,779,4,1791,1008,339,440
29,NEAMT,105,0,Scoala nr.1 local vechi C.A. Rosetti nr. 8,MUNICIPIUL ROMAN,120860,M,1,1384,1375,9,666,657,9,0,664,2,1500,834,244,420
29,NEAMT,106,0,Clubul elevilor Cuza Voda nr.12,MUNICIPIUL ROMAN,120860,M,1,1398,1384,14,655,641,14,0,652,3,1500,845,273,379
29,NEAMT,107,0,CAR Pensionari Stefan cel Mare,MUNICIPIUL ROMAN,120860,M,1,1540,1532,8,850,842,8,0,844,6,1600,750,299,545
29,NEAMT,108,0,Gradinita de copii nr. 12 Cuza Voda nr. 17,MUNICIPIUL ROMAN,120860,M,1,1862,1851,11,896,885,11,0,890,6,1900,1004,332,558
29,NEAMT,109,0,Biblioteca Municipala Roman N. Titulescu nr. 5,MUNICIPIUL ROMAN,120860,M,1,1217,1205,12,657,641,12,4,651,6,1300,643,266,385
29,NEAMT,110,0,Seminarul Teologic Alexandru cel Bun nr. 2,MUNICIPIUL ROMAN,120860,M,1,1826,1812,14,880,866,14,0,870,10,1900,1020,295,575
29,NEAMT,111,0,Scoala nr.9 Sucedava nr. 4,MUNICIPIUL ROMAN,120860,M,1,1232,1220,12,557,545,12,0,555,2,1296,739,192,363
29,NEAMT,112,0,Clubul IRE ]nalta tensiune Panaite Donici nr. 9,MUNICIPIUL ROMAN,120860,M,1,2584,2570,14,1112,1097,14,1,1105,7,2700,1588,423,682
29,NEAMT,113,0,Gradinita de copii nr. 5 I Ionescu de la Brad nr. 5,MUNICIPIUL ROMAN,120860,M,1,1529,1512,17,715,698,17,0,706,9,1600,885,312,394
29,NEAMT,114,0,Gradinita cu program normal nr.1 Miron Costin nr.3,MUNICIPIUL ROMAN,120860,M,1,2178,2164,14,1013,998,14,1,996,17,2300,1287,417,579
29,NEAMT,115,0,Grup scolar materiale de constructii Liceul nr.3 Bd. Republicii,MUNICIPIUL ROMAN,120860,M,1,1573,1546,27,786,759,27,0,767,19,1600,814,361,406
29,NEAMT,116,0,Scoala nr.2 Petru Rares nr. 1,MUNICIPIUL ROMAN,120860,M,1,1272,1242,30,727,697,30,0,718,9,1300,573,342,376
29,NEAMT,117,0,Grup Scolar Industrie Alimentara Liceul nr.4 Str. Energiei,MUNICIPIUL ROMAN,120860,M,1,1036,1017,19,532,513,19,0,523,9,1100,568,259,264
29,NEAMT,118,1,"Politia Municipiului Roman, Bogdan Dragos, nr.16",MUNICIPIUL ROMAN,120860,M,1,10,0,10,144,0,10,134,143,1,204,60,83,60
29,NEAMT,119,1,"Spitalul Municipal Roman, str. Tineretului, nr. 28",MUNICIPIUL ROMAN,120860,M,1,61,0,61,424,0,61,363,421,3,600,176,255,166
29,NEAMT,120,1,"Statia CFR Roman, str. Stefan cel Mare, nr.274",MUNICIPIUL ROMAN,120860,M,1,0,0,0,806,0,0,806,799,7,1000,194,257,542
29,NEAMT,121,0,Parter bloc ANL,ORAS BICAZ,120968,O,1,1318,1304,14,724,708,14,2,718,6,1400,676,292,426
29,NEAMT,122,0,Scoala Generala Marceni,ORAS BICAZ,120968,O,1,891,877,14,504,490,14,0,501,3,891,387,238,263
29,NEAMT,123,0,Gradinita Marceni,ORAS BICAZ,120968,O,1,1369,1356,13,746,732,13,1,742,4,1400,654,303,439
29,NEAMT,124,0,Grupul scolar (Liceu),ORAS BICAZ,120968,O,1,1050,1035,15,805,593,15,197,799,6,1096,291,332,467
29,NEAMT,125,0,Scoala Generala Dodeni,ORAS BICAZ,120968,O,1,2035,2013,22,1056,962,22,72,1048,8,2100,1044,514,534
29,NEAMT,126,0,Scoala cu clasele I-IV Izvoru Muntelui,ORAS BICAZ,120968,O,1,402,387,15,252,237,15,0,250,2,400,148,114,136
29,NEAMT,127,0,Scoala cu clasele I-IV Izvoru Alb,ORAS BICAZ,120968,O,1,195,192,3,127,124,3,0,123,4,200,73,75,48
29,NEAMT,128,0,Scoala cu clasele I-IV Potoci,ORAS BICAZ,120968,O,1,235,220,15,154,139,15,0,148,6,300,146,85,63
29,NEAMT,129,0,Scoala cu clasele I-IV Secu,ORAS BICAZ,120968,O,1,77,67,10,56,46,10,0,56,0,100,44,32,24
29,NEAMT,130,0,Scoala Generala  Roznov,ORAS ROZNOV,124117,O,1,1556,1490,66,726,657,66,3,715,11,1600,874,389,326
29,NEAMT,131,0,Caminul Cultural Roznov,ORAS ROZNOV,124117,O,1,1337,1246,91,785,553,91,141,780,5,1300,515,399,381
29,NEAMT,132,0,Stadion Roznov,ORAS ROZNOV,124117,O,1,1187,1100,87,702,573,87,42,690,12,1200,498,367,323
29,NEAMT,133,0,Scoala Generala  Chintinici,ORAS ROZNOV,124117,O,1,953,915,38,443,405,38,0,439,4,1000,557,208,231
29,NEAMT,134,0,Dispensarul Medical Slobozia,ORAS ROZNOV,124117,O,1,1535,1378,157,770,613,157,0,756,14,1500,730,408,348
29,NEAMT,135,0,Caminul Cultural  Slobozia,ORAS ROZNOV,124117,O,1,1402,1254,148,667,519,148,0,651,16,1300,633,416,235
29,NEAMT,136,0,"Gradinita nr.  2 Tg. Neamt, str. Stefan cel Mare, nr. 24",ORAS TARGU NEAMT,121055,O,1,1046,1032,14,629,615,14,0,626,3,1100,471,276,350
29,NEAMT,137,0,"Scoala Generala nr.2, str. Stefan cel Mare, nr. 30",ORAS TARGU NEAMT,121055,O,1,2085,2055,30,1158,1128,30,0,1146,12,2215,1057,505,641
29,NEAMT,138,0,"Scoala Generala nr.1 (fosta nr.8), str. Radu Teoharie",ORAS TARGU NEAMT,121055,O,1,1842,1825,17,894,877,17,0,892,2,1904,1010,356,536
29,NEAMT,139,0,"Colegiul National ""Stefan cel Mare"" corp B (fosta scoala generala nr.5), str. Stefan cel Mare, nr.52",ORAS TARGU NEAMT,121055,O,1,1959,1930,29,943,914,29,0,935,8,2000,1057,366,569
29,NEAMT,140,0,"Casa Culturii Ion Creanga, Targu Neamt, nr.55",ORAS TARGU NEAMT,121055,O,1,1618,1603,15,1109,858,15,236,1099,10,1700,591,449,650
29,NEAMT,141,0,"Clubul Copiilor si Elevilor, str. Marasesti, nr. 101",ORAS TARGU NEAMT,121055,O,1,1904,1842,62,1008,943,62,3,997,9,1900,894,513,484
29,NEAMT,142,0,"Colegiul National ""Stefan cel Mare"" , str. Stefan cel Mare",ORAS TARGU NEAMT,121055,O,1,1976,1937,39,1102,1062,39,1,1097,5,2006,904,518,579
29,NEAMT,143,0,"Colegiul Tehnic ""Ion Creanga"" (fosta scoala generala nr.1) corp B, str. Stefan cel Mare, nr. 147",ORAS TARGU NEAMT,121055,O,1,1671,1576,95,942,811,95,36,935,7,1696,754,466,469
29,NEAMT,144,0,"Scoala Generala nr.4 - localitatea componenta Blebea, str. Vanatorului, nr.26",ORAS TARGU NEAMT,121055,O,1,658,650,8,400,392,8,0,393,7,700,300,282,111
29,NEAMT,145,0,"Scoala Generala nr.3 Humulesti (2 centre) corpul B, str. Mihail Sadoveanu",ORAS TARGU NEAMT,121055,O,1,1352,1337,15,803,788,15,0,787,16,1400,597,411,376
29,NEAMT,146,0,"Scoala Generala nr.3 Humulesti corpul A, str. Mihail Sadoveanu, nr.21",ORAS TARGU NEAMT,121055,O,1,1676,1653,23,984,935,23,26,977,7,1700,716,499,478
29,NEAMT,147,0,"Scoala Generala nr.5 (fosta nr.7)  Humulestii Noi , str. Hangului, nr.38",ORAS TARGU NEAMT,121055,O,1,427,407,20,240,220,20,0,234,6,500,260,138,96
29,NEAMT,148,1,"Spitalul Orasenesc Targu Neamt, str. Stefan cel Mare, nr.35",ORAS TARGU NEAMT,121055,O,1,8,0,8,156,0,8,148,152,4,400,244,82,70
29,NEAMT,149,0,Caminul Cultural Agapia,AGAPIA,121108,C,3,1560,1510,50,863,773,50,40,822,41,1600,737,454,368
29,NEAMT,150,0,Scoala veche Filioara,AGAPIA,121108,C,3,917,897,20,582,560,20,2,580,2,1000,418,297,283
29,NEAMT,151,0,Scoala Primara Sacalusesti,AGAPIA,121108,C,3,522,508,14,277,263,14,0,276,1,600,323,137,139
29,NEAMT,152,0,Scoala Primara Varatec,AGAPIA,121108,C,3,794,754,40,433,392,40,1,387,46,800,367,237,150
29,NEAMT,153,0,Scoala Viisoara,ALEXANDRU CEL BUN,124938,C,3,688,672,16,359,343,16,0,355,4,700,341,161,194
29,NEAMT,154,0,Scoala Bistrita,ALEXANDRU CEL BUN,124938,C,3,1907,1880,27,966,938,27,1,957,9,2003,1037,427,530
29,NEAMT,155,0,Scoala Vaduri,ALEXANDRU CEL BUN,124938,C,3,1683,1659,24,868,844,24,0,861,7,1700,832,430,431
29,NEAMT,156,0,Clubul Spitalului pneumoftiziologie Bisericani,ALEXANDRU CEL BUN,124938,C,3,60,50,10,168,29,10,129,166,2,500,332,86,80
29,NEAMT,157,0,Scoala cu clasele I-VIII Bahna (local vechi),BAHNA,121153,C,3,674,664,10,388,378,10,0,377,11,704,316,279,98
29,NEAMT,158,0,Scoala cu clasele I-IV Brosteni,BAHNA,121153,C,3,519,497,22,313,291,22,0,307,6,596,283,222,85
29,NEAMT,159,0,Scoala cu claseleI-IV Tutcani din Vale,BAHNA,121153,C,3,297,291,6,228,216,6,6,221,7,300,72,122,99
29,NEAMT,160,0,Scoala cu clasele I-IV Bahnisoara,BAHNA,121153,C,3,365,350,15,236,221,15,0,232,4,400,164,192,40
29,NEAMT,161,0,Scoala Veche Izvoare,BAHNA,121153,C,3,1094,1087,7,583,576,7,0,578,5,1100,517,464,114
29,NEAMT,162,0,Caminul Cultural Baltatesti,BALTATESTI,121242,C,3,2119,1957,162,1108,944,162,2,1098,10,2100,992,693,405
29,NEAMT,163,0,Scoala Generala Valea Seaca,BALTATESTI,121242,C,3,1279,1148,131,770,639,131,0,765,5,1200,430,560,205
29,NEAMT,164,0,Scoala Primara Valea Arini,BALTATESTI,121242,C,3,530,427,103,290,187,103,0,288,2,500,210,204,84
29,NEAMT,165,0,Caminul Cultural Bicaz Chei,BICAZ-CHEI,121297,C,3,1178,1147,31,592,561,31,0,585,7,1200,608,270,315
29,NEAMT,166,0,Scoala Generala nr.2 Bicaz Chei,BICAZ-CHEI,121297,C,3,804,777,27,468,441,27,0,458,10,908,440,211,247
29,NEAMT,167,0,Scoala Generala nr.1 Bicaz Chei,BICAZ-CHEI,121297,C,3,886,857,29,522,493,29,0,514,8,907,385,242,272
29,NEAMT,168,0,Scoala Generala nr.1 Ivanes,BICAZ-CHEI,121297,C,3,760,730,30,456,426,30,0,447,9,800,344,256,191
29,NEAMT,169,0,Camin cultural Bicazu Ardelean,BICAZU ARDELEAN,121340,C,3,1427,1403,24,780,738,24,18,771,9,1500,720,310,461
29,NEAMT,170,0,Scoala Generala Telec,BICAZU ARDELEAN,121340,C,3,1664,1650,14,847,832,14,1,843,4,1700,853,414,429
29,NEAMT,171,0,Scoala Primara Ticos,BICAZU ARDELEAN,121340,C,3,274,265,9,176,167,9,0,175,1,300,124,74,101
29,NEAMT,172,0,Scoala Generala (Sala de sport) Bira,BIRA,121386,C,3,882,875,7,438,431,7,0,427,11,900,462,265,162
29,NEAMT,173,0,Scoala Generala Rediu,BIRA,121386,C,3,673,659,14,359,345,14,0,357,2,700,341,221,136
29,NEAMT,174,0,Scoala Generala Boghicea,BIRA,121386,C,3,1178,1135,43,696,653,43,0,688,8,1200,504,528,160
29,NEAMT,175,0,Scoala Generala  Slobozia,BIRA,121386,C,3,793,773,20,444,424,20,0,438,6,900,456,342,96
29,NEAMT,176,0,Primaria Bargauani,BARGAUANI,121466,C,3,633,616,17,355,338,17,0,345,10,700,345,231,114
29,NEAMT,177,0,Gradinita Bargauani,BARGAUANI,121466,C,3,587,564,23,359,330,23,6,358,1,592,233,305,53
29,NEAMT,178,0,Scoala Balanesti,BARGAUANI,121466,C,3,594,580,14,337,321,14,2,329,8,612,275,237,92
29,NEAMT,179,0,Scoala Chilia,BARGAUANI,121466,C,3,269,256,13,184,171,13,0,178,6,296,112,141,37
29,NEAMT,180,0,Caminul Cultural Hirtop,BARGAUANI,121466,C,3,207,188,19,143,124,19,0,141,2,200,57,102,39
29,NEAMT,181,0,Scoala Generala Talpa,BARGAUANI,121466,C,3,585,568,17,355,333,17,5,350,5,600,245,231,119
29,NEAMT,182,0,Scoala Generala  Vladiceni,BARGAUANI,121466,C,3,580,568,12,347,327,12,8,342,5,604,257,287,55
29,NEAMT,183,0,Scoala Primara Bodesti,BODESTI,121607,C,3,1806,1766,40,928,888,40,0,918,10,1896,968,634,284
29,NEAMT,184,0,Gradinita  Bodestii de Jos (Catuna ),BODESTI,121607,C,3,672,650,22,365,343,22,0,359,6,700,335,233,126
29,NEAMT,185,0,Scoala Generala Bodestii de Jos,BODESTI,121607,C,3,800,757,43,461,418,43,0,448,13,800,339,344,104
29,NEAMT,186,0,Scoala primara Corni,BODESTI,121607,C,3,173,156,17,104,87,17,0,101,3,200,96,55,46
29,NEAMT,187,0,Scoala Generala Oslobeni,BODESTI,121607,C,3,791,742,49,460,411,49,0,457,3,800,340,319,138
29,NEAMT,188,1,Centrul de Ingrijire si Asistenta Oslobeni,BODESTI,121607,C,3,20,0,20,61,0,20,41,58,3,100,39,42,16
29,NEAMT,189,0,Scoala cu clasele I-VIII  Borca,BORCA,121652,C,3,900,855,45,528,483,45,0,523,5,900,372,252,271
29,NEAMT,190,0,Scoala cu clasele I-VIII   Madei,BORCA,121652,C,3,926,897,29,592,562,29,1,585,7,900,308,322,263
29,NEAMT,191,0,Scoala cu clasele I-IV IPiriul Cirjei,BORCA,121652,C,3,608,579,29,356,327,29,0,350,6,700,344,170,180
29,NEAMT,192,0,Caminul Cultural Borca,BORCA,121652,C,3,802,753,49,501,452,49,0,496,5,800,299,193,303
29,NEAMT,193,0,Scoala cu clasele I-VIII   Sabasa,BORCA,121652,C,3,909,864,45,510,465,45,0,500,10,900,390,256,244
29,NEAMT,194,0,Scoala cu clasele I-IV Piriul Pintei,BORCA,121652,C,3,487,459,28,298,270,28,0,291,7,488,190,154,137
29,NEAMT,195,0,Scoala cu clasele I-IV Soci,BORCA,121652,C,3,725,693,32,430,398,32,0,427,3,696,266,191,236
29,NEAMT,196,0,Scoala Generala nr.1 Borlesti,BORLESTI,121732,C,3,1601,1526,75,716,624,75,17,712,4,1600,884,473,239
29,NEAMT,197,0,Scoala Primara nr.2 Borlesti,BORLESTI,121732,C,3,824,777,47,356,309,47,0,349,7,800,444,230,119
29,NEAMT,198,0,Scoala Generala nr.1 Ruseni,BORLESTI,121732,C,3,1638,1586,52,616,564,52,0,614,2,1700,1084,363,251
29,NEAMT,199,0,Scoala Primara nr.2 Ruseni,BORLESTI,121732,C,3,1132,1086,46,508,462,46,0,498,10,1100,592,338,160
29,NEAMT,200,0,Scoala Generala Mastcan,BORLESTI,121732,C,3,1544,1507,37,640,603,37,0,633,7,1608,968,326,307
29,NEAMT,201,0,Scoala Primara Sovoaia,BORLESTI,121732,C,3,482,451,31,198,167,31,0,194,4,500,302,110,84
29,NEAMT,202,0,Scoala Primara Nechit,BORLESTI,121732,C,3,253,250,3,132,129,3,0,131,1,300,168,75,56
29,NEAMT,203,0,Scoala PrimaraBotesti,BOTESTI,121796,C,3,437,422,15,269,254,15,0,264,5,500,231,161,103
29,NEAMT,204,0,Scoala Generala Barticesti,BOTESTI,121796,C,3,1638,1609,29,789,760,29,0,779,10,1700,911,413,366
29,NEAMT,205,0,Scoala Generala Nisiporesti,BOTESTI,121796,C,3,1886,1854,32,898,866,32,0,883,15,1900,1002,408,475
29,NEAMT,206,0,Caminul Cultural Bozieni,BOZIENI,121876,C,3,912,899,13,519,505,13,1,513,6,1000,481,406,107
29,NEAMT,207,0,Scoala Cuci,BOZIENI,121876,C,3,709,704,5,421,409,5,7,413,8,800,379,304,109
29,NEAMT,208,0,Scoala Iucsa,BOZIENI,121876,C,3,711,698,13,407,394,13,0,407,0,800,393,317,90
29,NEAMT,209,0,Scoala cu clasele I-VIII Brusturi,BRUSTURI,121938,C,3,1606,1572,34,833,799,34,0,826,7,1700,867,515,311
29,NEAMT,210,0,Scoala cu clasele I-IV Grosi,BRUSTURI,121938,C,3,415,388,27,216,188,27,1,214,2,400,184,154,60
29,NEAMT,211,0,Scoala cu clasele I-VIII  Poiana,BRUSTURI,121938,C,3,675,643,32,414,382,32,0,414,0,700,286,315,99
29,NEAMT,212,0,Scoala cu clasele I-VIII  Tirzia,BRUSTURI,121938,C,3,590,555,35,341,306,35,0,338,3,600,259,202,136
29,NEAMT,213,0,Scoala Generala Nr.1 Ceahlau,CEAHLAU,122025,C,3,1442,1429,13,873,825,13,35,865,8,1500,627,510,355
29,NEAMT,214,0,Caminul Cultural Bistricioara,CEAHLAU,122025,C,3,658,643,15,368,351,15,2,364,4,703,335,183,181
29,NEAMT,215,0,Scoala cu clasele I-VIII Candesti,CANDESTI,122061,C,3,1429,1386,43,613,570,43,0,604,9,1500,887,358,246
29,NEAMT,216,0,Scoala  cu clasele I-IV Vadurele,CANDESTI,122061,C,3,961,918,43,484,441,43,0,479,5,1000,516,308,171
29,NEAMT,217,0,Scoala  cu clasele I-IV Barcanesti,CANDESTI,122061,C,3,752,720,32,328,296,32,0,326,2,800,472,186,140
29,NEAMT,218,0,Scoala  cu clasele I-IV Padureni,CANDESTI,122061,C,3,331,294,37,149,112,37,0,145,4,300,151,79,66
29,NEAMT,219,0,Caminul Cultural Cordun,CORDUN,120888,C,3,1377,1328,49,754,705,49,0,745,9,1400,646,419,326
29,NEAMT,220,0,Scoala  Generala Cordun,CORDUN,120888,C,3,721,654,67,424,357,67,0,417,7,700,276,241,176
29,NEAMT,221,0,Scoala  Generala Simionesti,CORDUN,120888,C,3,691,677,14,378,364,14,0,373,5,704,326,228,145
29,NEAMT,222,0,Scoala  Generala Pildesti,CORDUN,120888,C,3,1711,1700,11,873,862,11,0,864,9,1804,931,309,555
29,NEAMT,223,0,Scoala  Generala Pildesti,CORDUN,120888,C,3,1353,1342,11,660,649,11,0,654,6,1400,740,254,400
29,NEAMT,224,0,Scoala  Generala Costisa,COSTISA,122132,C,3,1436,1408,28,753,725,28,0,742,11,1500,747,516,226
29,NEAMT,225,0,Scoala  Primara Manoaia,COSTISA,122132,C,3,802,776,26,437,411,26,0,434,3,900,463,354,80
29,NEAMT,226,0,Scoala  Primara Frunzeni,COSTISA,122132,C,3,523,507,16,296,279,16,1,295,1,600,304,192,103
29,NEAMT,227,0,Scoala  Primara nr.2 Costisa,COSTISA,122132,C,3,250,232,18,161,143,18,0,157,4,300,139,128,29
29,NEAMT,228,0,Caminul Cultural  Cracaoani,CRACAOANI,122187,C,3,1791,1779,12,857,845,12,0,838,19,1908,1051,579,259
29,NEAMT,229,0,Scoala  cu clasele I-VIII  Magazia,CRACAOANI,122187,C,3,550,530,20,322,302,20,0,317,5,600,278,201,116
29,NEAMT,230,0,Scoala  cu clasele I-IV Cracaul Negru,CRACAOANI,122187,C,3,981,958,23,509,486,23,0,504,5,1000,491,346,158
29,NEAMT,231,0,Scoala  cu clasele I-IV Mitocu-Balan,CRACAOANI,122187,C,3,272,255,17,205,188,17,0,187,18,300,95,158,29
29,NEAMT,232,0,Caminul Cultural  Damuc,DAMUC,122249,C,3,1320,1306,14,652,636,14,2,646,6,1404,752,204,442
29,NEAMT,233,0,Scoala  Primara Damuc,DAMUC,122249,C,3,589,574,15,329,314,15,0,328,1,600,271,102,226
29,NEAMT,234,0,Scoala  Generala Huisurez,DAMUC,122249,C,3,617,594,23,329,306,23,0,325,4,600,271,72,253
29,NEAMT,235,0,Scoala  Dobreni,DOBRENI,122285,C,3,1382,1345,37,790,753,37,0,776,14,1400,610,522,254
29,NEAMT,236,0,Scoala  Negresti,DOBRENI,122285,C,3,1234,1226,8,678,670,8,0,666,12,1284,606,407,259
29,NEAMT,237,0,Scoala  Poiana,DOBRENI,122285,C,3,331,321,10,205,193,10,2,203,2,400,195,141,62
29,NEAMT,238,0,Scoala Dochia,DOCHIA,125098,C,3,1866,1804,62,1146,1084,62,0,1124,22,1900,754,725,399
29,NEAMT,239,0,Scoala  cu clasele I-VIII Doljesti,DOLJESTI,122347,C,3,962,950,12,588,570,12,6,576,12,1000,412,484,92
29,NEAMT,240,0,Scoala  cu clasele I-IV Buhonca,DOLJESTI,122347,C,3,500,489,11,257,246,11,0,255,2,500,243,190,65
29,NEAMT,241,0,Scoala  cu clasele I-VIII Rotunda,DOLJESTI,122347,C,3,1260,1249,11,527,514,11,2,522,5,1304,777,327,195
29,NEAMT,242,0,Scoala  cu clasele I-VIII Buruienesti (cladirea din mijloc),DOLJESTI,122347,C,3,1553,1545,8,679,666,8,5,665,14,1600,921,442,223
29,NEAMT,243,0,Scoala  cu clasele I-VIII Buruienesti (cladirea scolii vechi),DOLJESTI,122347,C,3,1185,1167,18,465,447,18,0,455,10,1200,735,339,116
29,NEAMT,244,0,Scoala  Generala Dragomiresti,DRAGOMIRESTI,122392,C,3,716,704,12,454,442,12,0,447,7,800,346,378,69
29,NEAMT,245,0,Scoala  Generala Bornis,DRAGOMIRESTI,122392,C,3,134,128,6,85,79,6,0,84,1,200,115,62,22
29,NEAMT,246,0,Scoala  Generala Hlapesti,DRAGOMIRESTI,122392,C,3,771,760,11,415,404,11,0,412,3,800,385,301,111
29,NEAMT,247,0,Scoala  Generala Mastacan,DRAGOMIRESTI,122392,C,3,184,162,22,130,108,22,0,127,3,200,70,103,24
29,NEAMT,248,0,Scoala Generala Unghi,DRAGOMIRESTI,122392,C,3,116,110,6,84,78,6,0,80,4,200,116,56,24
29,NEAMT,249,0,Scoala  cu clasele I-VIII Draganesti,DRAGANESTI,125132,C,3,578,555,23,386,363,23,0,381,5,600,214,242,139
29,NEAMT,250,0,Scoala  cu clasele I-IV Ortasti,DRAGANESTI,125132,C,3,342,320,22,200,178,22,0,197,3,400,200,132,65
29,NEAMT,251,0,Scoala  cu clasele I-IV  Soimaresti,DRAGANESTI,125132,C,3,398,383,15,234,214,15,5,227,7,400,166,125,102
29,NEAMT,252,0,Caminul Cultural  Dulcesti,DULCESTI,122463,C,3,988,959,29,529,500,29,0,525,4,1000,471,345,180
29,NEAMT,253,0,Scoala Generala  Corhana,DULCESTI,122463,C,3,546,523,23,338,315,23,0,325,13,602,264,195,130
29,NEAMT,254,0,Scoala  Generala  Carlig,DULCESTI,122463,C,3,540,505,35,332,297,35,0,327,5,608,276,237,90
29,NEAMT,255,0,Scoala  Generala  Rosiori,DULCESTI,122463,C,3,280,233,47,214,167,47,0,211,3,300,86,146,65
29,NEAMT,256,0,Primaria Dumbrava Rosie,DUMBRAVA ROSIE,120771,C,3,2229,2205,24,1048,1024,24,0,1031,17,2300,1252,515,516
29,NEAMT,257,0,Scoala nr.22 Brasauti,DUMBRAVA ROSIE,120771,C,3,561,528,33,332,299,33,0,331,1,600,268,217,114
29,NEAMT,258,0,Scoala  nr.14 Cut,DUMBRAVA ROSIE,120771,C,3,2055,2016,39,961,922,39,0,949,12,2100,1139,530,419
29,NEAMT,259,0,Scoala  nr.15 Izvoare,DUMBRAVA ROSIE,120771,C,3,926,901,25,505,480,25,0,500,5,1000,495,265,235
29,NEAMT,260,0,Caminul Cultural  Farcasa,FARCASA,122551,C,3,1143,1126,17,678,660,17,1,674,4,1200,522,256,418
29,NEAMT,261,0,Caminul Cultural  Frumosu,FARCASA,122551,C,3,796,772,24,516,489,24,3,514,2,800,284,287,227
29,NEAMT,262,0,Caminul Cultural  Stejarul,FARCASA,122551,C,3,631,610,21,398,377,21,0,391,7,700,302,173,218
29,NEAMT,263,0,Scoala Faurei,FAUREI,122613,C,3,692,676,16,442,426,16,0,435,7,700,258,332,103
29,NEAMT,264,0,Scoala Budesti,FAUREI,122613,C,3,928,903,25,614,589,25,0,607,7,1000,386,507,100
29,NEAMT,265,0,Scoala Climesti,FAUREI,122613,C,3,307,295,12,208,196,12,0,202,6,300,92,176,26
29,NEAMT,266,0,Scoala Generala Gadinti,GADINTI,125150,C,3,909,901,8,489,481,8,0,483,6,1004,515,301,182
29,NEAMT,267,0,Gradinita Gadinti,GADINTI,125150,C,3,898,893,5,479,474,5,0,465,14,896,417,312,153
29,NEAMT,268,0,Caminul Cultural  Gheraesti,GHERAESTI,122668,C,3,1974,1974,0,910,910,0,0,904,6,2100,1190,577,327
29,NEAMT,269,0,Scoala Generala  Gheraesti,GHERAESTI,122668,C,3,1789,1786,3,907,903,3,1,899,8,1904,997,576,323
29,NEAMT,270,0,Scoala Generala  Gheraestii Noi,GHERAESTI,122668,C,3,525,514,11,273,262,11,0,272,1,600,327,203,69
29,NEAMT,271,0,Scoala Generala  Tetcani,GHERAESTI,122668,C,3,711,706,5,353,346,5,2,346,7,800,447,189,157
29,NEAMT,272,0,Scoala nr.1  Ghindaoani (centru),GHINDAOANI,125114,C,3,1536,1440,96,814,718,96,0,807,7,1500,686,661,146
29,NEAMT,273,0,Scoala nr.2 Ghindaoani (Valea Mare),GHINDAOANI,125114,C,3,579,504,75,421,346,75,0,416,5,600,179,331,85
29,NEAMT,274,0,Scoala Generala  Girov,GIROV,122702,C,3,1359,1316,43,743,700,43,0,729,14,1400,657,434,295
29,NEAMT,275,0,Scoala cu clasele V-VIII  Caciulesti,GIROV,122702,C,3,507,467,40,300,257,40,3,296,4,500,200,202,94
29,NEAMT,276,0,Scoala Primara Gura Vaii,GIROV,122702,C,3,634,596,38,397,359,38,0,384,13,592,195,304,80
29,NEAMT,277,0,Scoala Primara   Botesti,GIROV,122702,C,3,418,387,31,241,210,31,0,235,4,400,159,162,73
29,NEAMT,278,0,Scoala Primara   Turturesti,GIROV,122702,C,3,337,313,24,208,184,24,0,207,1,412,204,118,89
29,NEAMT,279,0,Scoala Primara    Danesti,GIROV,122702,C,3,272,251,21,163,142,21,0,160,3,300,137,115,45
29,NEAMT,280,0,Scoala Generala Versesti,GIROV,122702,C,3,259,243,16,159,143,16,0,157,2,304,145,99,58
29,NEAMT,281,0,Gradinita Doina,GIROV,122702,C,3,254,235,19,164,137,19,8,163,1,304,140,98,65
29,NEAMT,282,0,Scoala Generala Garcina,GARCINA,122828,C,3,1109,945,164,609,441,164,4,601,8,1000,391,334,267
29,NEAMT,283,0,Gradinita Garcina,GARCINA,122828,C,3,1125,969,156,572,416,156,0,566,6,1000,428,313,253
29,NEAMT,284,0,Scoala Primara Almas,GARCINA,122828,C,3,501,483,18,287,262,18,7,284,3,500,213,168,116
29,NEAMT,285,0,Scoala Generala Cuejdiu,GARCINA,122828,C,3,1105,1074,31,499,464,31,4,490,9,1100,601,358,132
29,NEAMT,286,0,Caminul Cultural Poiana,GRINTIES,122864,C,3,1439,1430,9,747,738,9,0,738,9,1500,753,316,422
29,NEAMT,287,0,Sala de festivitati Bradu,GRINTIES,122864,C,3,675,659,16,383,367,16,0,374,9,700,317,153,221
29,NEAMT,288,0,Gradinita Grumazesti,GRUMAZESTI,122908,C,3,1302,1284,18,750,731,18,1,744,6,1400,650,540,204
29,NEAMT,289,0,Scoala cu clasele I-VIII  Grumazesti,GRUMAZESTI,122908,C,3,1121,1098,23,627,604,23,0,618,9,1200,573,480,138
29,NEAMT,290,0,Scoala cu clasele I-VIII Curechistea,GRUMAZESTI,122908,C,3,717,706,11,351,340,11,0,342,9,800,449,275,67
29,NEAMT,291,0,Gradinita Topolita,GRUMAZESTI,122908,C,3,1310,1282,28,804,776,28,0,799,5,1400,596,572,227
29,NEAMT,292,0,Scoala Generala Hangu,HANGU,122953,C,3,996,977,19,556,537,19,0,547,9,1000,444,323,224
29,NEAMT,293,0,Scoala Primara Hangu,HANGU,122953,C,3,559,541,18,328,310,18,0,323,5,588,260,175,148
29,NEAMT,294,0,Scoala Primara Chiriteni,HANGU,122953,C,3,488,478,10,279,269,10,0,274,5,500,221,183,91
29,NEAMT,295,0,Scoala Primara Grozavesti,HANGU,122953,C,3,426,418,8,224,216,8,0,219,5,500,276,125,94
29,NEAMT,296,0,Scoala Generala Buhalnita,HANGU,122953,C,3,750,741,9,369,360,9,0,365,4,800,431,212,153
29,NEAMT,297,0,Scoala Primara Ruginesti,HANGU,122953,C,3,313,306,7,196,189,7,0,194,2,400,204,109,85
29,NEAMT,298,0,Scoala Generala  nr.14 Horia,HORIA,120922,C,3,1493,1461,32,772,736,32,4,760,12,1600,828,392,368
29,NEAMT,299,0,Caminul Cultural  Horia,HORIA,120922,C,3,1466,1443,23,743,714,23,6,733,10,1500,757,418,315
29,NEAMT,300,0,"Scoala Generala ""Otilia Cazimir"" Cotu Vames",HORIA,120922,C,3,1358,1342,16,697,681,16,0,683,14,1400,703,403,280
29,NEAMT,301,0,Gradinita Cotu Vames,HORIA,120922,C,3,1307,1294,13,746,733,13,0,737,9,1396,650,448,289
29,NEAMT,302,0,Scoala Icusesti,ICUSESTI,123013,C,3,689,673,16,390,374,16,0,384,6,700,310,216,168
29,NEAMT,303,0,Scoala Balusesti - corpul B,ICUSESTI,123013,C,3,887,853,34,463,429,34,0,455,8,900,437,329,126
29,NEAMT,304,0,Scoala Balusesti - corpul A,ICUSESTI,123013,C,3,1090,1071,19,609,590,19,0,599,10,1100,491,365,234
29,NEAMT,305,0,Scoala Rocna,ICUSESTI,123013,C,3,468,452,16,291,275,16,0,287,4,500,209,226,61
29,NEAMT,306,0,Scoala Mesteacan,ICUSESTI,123013,C,3,428,419,9,258,249,9,0,258,0,500,242,177,81
29,NEAMT,307,0,Scoala Spiridonesti,ICUSESTI,123013,C,3,218,202,16,151,135,16,0,148,3,300,149,115,33
29,NEAMT,308,0,Caminul Cultural   Ion Creanga,ION CREANGA,123102,C,3,1981,1962,19,1160,1131,19,10,1146,14,2004,844,783,363
29,NEAMT,309,0,Scoala cu clasele I-VIII Averesti,ION CREANGA,123102,C,3,800,786,14,496,476,14,6,491,5,800,304,381,110
29,NEAMT,310,0,Caminul Cultural Izvor,ION CREANGA,123102,C,3,343,334,9,202,186,9,7,198,4,400,198,146,52
29,NEAMT,311,0,Scoala cu clasele I-IV Recea,ION CREANGA,123102,C,3,666,655,11,376,365,11,0,372,4,700,324,282,90
29,NEAMT,312,0,Caminul Cultural Stejarul,ION CREANGA,123102,C,3,722,703,19,444,418,19,7,437,7,800,356,355,82
29,NEAMT,313,0,Scoala Generala   Margineni,MARGINENI,123175,C,3,1951,1923,28,972,944,28,0,954,18,2000,1028,754,200
29,NEAMT,314,0,Scoala Generala  Hirtesti,MARGINENI,123175,C,3,226,215,11,137,125,11,1,132,5,300,163,109,23
29,NEAMT,315,0,Scoala Generala  Hoisesti,MARGINENI,123175,C,3,862,851,11,445,434,11,0,439,6,900,455,352,87
29,NEAMT,316,0,Scoala Generala  Itrinesti,MARGINENI,123175,C,3,293,283,10,135,125,10,0,132,3,300,165,110,22
29,NEAMT,317,0,Scoala Generala  Moldoveni,MOLDOVENI,123228,C,3,1110,1103,7,745,722,7,16,737,8,1192,447,416,321
29,NEAMT,318,0,Scoala Generala  Hociungi,MOLDOVENI,123228,C,3,904,888,16,605,574,16,15,595,10,900,295,357,238
29,NEAMT,319,0,Scoala Oniceni,ONICENI,123255,C,3,636,627,9,375,331,9,35,373,2,704,329,262,111
29,NEAMT,320,0,Scoala Marmureni,ONICENI,123255,C,3,389,382,7,253,246,7,0,249,4,396,143,209,40
29,NEAMT,321,0,Scoala Valea Enei,ONICENI,123255,C,3,540,532,8,302,294,8,0,301,1,596,294,243,58
29,NEAMT,322,0,Scoala Solca,ONICENI,123255,C,3,821,811,10,492,482,10,0,487,5,900,408,424,63
29,NEAMT,323,0,Scoala cu clasele I-VIII Pastraveni,PASTRAVENI,123371,C,3,1400,1380,20,830,810,20,0,820,10,1400,570,654,166
29,NEAMT,324,0,Scoala cu clasele I-VIII Radeni,PASTRAVENI,123371,C,3,826,812,14,422,408,14,0,416,6,906,484,331,85
29,NEAMT,325,0,Scoala cu clasele I-IV Radeni,PASTRAVENI,123371,C,3,596,579,17,371,354,17,0,364,7,600,229,300,64
29,NEAMT,326,0,Scoala cu clasele I-IV Lunca Moldovei,PASTRAVENI,123371,C,3,282,275,7,201,194,7,0,198,3,296,95,164,34
29,NEAMT,327,0,Scoala Generala  Pancesti,PANCESTI,125141,C,3,1002,993,9,566,557,9,0,560,6,1000,434,416,144
29,NEAMT,328,0,Scoala Generala Ciurea,PANCESTI,125141,C,3,281,271,10,159,149,10,0,154,5,300,141,112,42
29,NEAMT,329,0,Scoala Generala  nr.1 Petricani,PETRICANI,123424,C,3,1532,1473,59,716,657,59,0,712,4,1600,884,496,216
29,NEAMT,330,0,Scoala Generala   Boistea,PETRICANI,123424,C,3,797,770,27,480,453,27,0,474,6,800,320,366,108
29,NEAMT,331,0,Scoala Generala   Tirpesti,PETRICANI,123424,C,3,1064,965,99,596,497,99,0,589,7,1000,404,403,186
29,NEAMT,332,0,Scoala Generala  Tolici,PETRICANI,123424,C,3,992,952,40,516,476,40,0,516,0,1002,486,439,77
29,NEAMT,333,0,Scoala  nr.1 Piatra Soimului,PIATRA SOIMULUI,123479,C,3,1468,1428,40,642,602,40,0,640,2,1500,858,453,187
29,NEAMT,334,0,Scoala  nr.2 Piatra Soimului,PIATRA SOIMULUI,123479,C,3,1489,1450,39,743,704,39,0,735,8,1500,757,443,292
29,NEAMT,335,0,Scoala Generala Luminis,PIATRA SOIMULUI,123479,C,3,2214,2196,18,920,901,18,1,912,8,2300,1380,612,300
29,NEAMT,336,0,Scoala Primara Negulesti,PIATRA SOIMULUI,123479,C,3,551,531,20,305,285,20,0,302,3,600,295,202,100
29,NEAMT,337,0,Scoala Generala Poieni,PIATRA SOIMULUI,123479,C,3,1032,1016,16,567,551,16,0,558,9,1104,537,435,123
29,NEAMT,338,0,Scoala nr.1 Pipirig,PIPIRIG,123521,C,3,1304,1289,15,663,648,15,0,656,7,1400,737,361,295
29,NEAMT,339,0,Scoala nr.2 Pipirig,PIPIRIG,123521,C,3,853,839,14,451,437,14,0,447,4,900,449,287,160
29,NEAMT,340,0,Scoala Generala Boboiesti,PIPIRIG,123521,C,3,1260,1253,7,692,685,7,0,688,4,1300,608,522,166
29,NEAMT,341,0,Scoala Generala Leghin,PIPIRIG,123521,C,3,443,431,12,260,248,12,0,254,6,500,240,185,69
29,NEAMT,342,0,Scoala Generala Stinca,PIPIRIG,123521,C,3,1007,985,22,588,566,22,0,579,9,1003,415,424,155
29,NEAMT,343,0,Scoala Generala Dolhesti,PIPIRIG,123521,C,3,858,848,10,429,419,10,0,427,2,900,471,329,98
29,NEAMT,344,0,Scoala Generala Pluton,PIPIRIG,123521,C,3,820,812,8,396,388,8,0,393,3,900,504,257,136
29,NEAMT,345,0,Scoala Generala Pingaracior (centru),PANGARATI,123601,C,3,1567,1476,91,816,725,91,0,813,3,1600,784,446,367
29,NEAMT,346,0,Scoala Generala Pingarati,PANGARATI,123601,C,3,730,676,54,359,301,54,4,357,2,700,341,233,124
29,NEAMT,347,0,Scoala Generala Oantu,PANGARATI,123601,C,3,1299,1244,55,726,671,55,0,719,7,1300,574,370,349
29,NEAMT,348,0,Scoala Generala Stejaru,PANGARATI,123601,C,3,891,834,57,517,460,57,0,513,4,900,383,251,262
29,NEAMT,349,0,"Scoala ""Alexandru Podoleanu"" corp A",PODOLENI,123674,C,3,1013,1006,7,489,482,7,0,483,6,1104,615,330,153
29,NEAMT,350,0,"Scoala ""Alexandru Podoleanu"" corp B",PODOLENI,123674,C,3,1073,1059,14,546,532,14,0,543,3,1100,554,369,174
29,NEAMT,351,0,Scoala Generala nr.2 Podoleni (ses),PODOLENI,123674,C,3,1277,1266,11,612,601,11,0,603,9,1296,684,426,177
29,NEAMT,352,0,Scoala Generala nr.3 Podoleni (luncasi),PODOLENI,123674,C,3,960,948,12,521,507,12,2,510,11,1000,479,326,184
29,NEAMT,353,0,Scoala Generala nr.4 Negritesti,PODOLENI,123674,C,3,355,342,13,233,220,13,0,231,2,400,167,174,57
29,NEAMT,354,0,Scoala cu clasele I-VIII Poienari,POIENARI,123709,C,3,1039,1019,20,626,606,20,0,616,10,1096,470,366,250
29,NEAMT,355,0,Scoala cu clasele I-IV Sacaleni,POIENARI,123709,C,3,326,316,10,206,191,10,5,204,2,400,194,167,37
29,NEAMT,356,0,Gradinita Poiana Teiului,POIANA TEIULUI,123790,C,3,1273,1231,42,721,678,42,1,713,8,1300,579,209,504
29,NEAMT,357,0,Scoala  Dreptu,POIANA TEIULUI,123790,C,3,1048,1013,35,615,580,35,0,608,7,1100,485,309,299
29,NEAMT,358,0,Scoala  Poiana Largului,POIANA TEIULUI,123790,C,3,813,784,29,416,385,29,2,409,7,900,484,180,229
29,NEAMT,359,0,Scoala  Petru Voda,POIANA TEIULUI,123790,C,3,882,852,30,465,431,30,4,457,8,900,435,230,227
29,NEAMT,360,0,Scoala Generala nr.1 Raucesti,RAUCESTI,123914,C,3,1330,1271,59,754,695,59,0,750,4,1300,546,544,206
29,NEAMT,361,0,Scoala Generala nr.2 Raucesti,RAUCESTI,123914,C,3,1289,1243,46,760,714,46,0,749,11,1300,540,535,214
29,NEAMT,362,0,Scoala Generala nr.2 Oglinzi (Rugina),RAUCESTI,123914,C,3,944,868,76,506,430,76,0,504,0,900,394,360,144
29,NEAMT,363,0,Scoala Generala nr.1 Oglinzi centru,RAUCESTI,123914,C,3,2088,1955,133,1159,1026,133,0,1149,10,2100,941,856,293
29,NEAMT,364,0,Scoala Generala Savesti,RAUCESTI,123914,C,3,401,385,16,238,222,16,0,238,0,400,162,188,50
29,NEAMT,365,0,Scoala Generala Ungheni,RAUCESTI,123914,C,3,481,464,17,319,302,17,0,318,1,496,177,249,69
29,NEAMT,366,0,Scoala nr.1 Razboienii de Jos,RAZBOIENI,123969,C,3,691,668,23,463,405,23,35,456,7,700,237,337,119
29,NEAMT,367,0,Scoala Borseni,RAZBOIENI,123969,C,3,320,309,11,216,189,11,16,212,4,400,184,174,38
29,NEAMT,368,0,Dispensarul medical Razboieni,RAZBOIENI,123969,C,3,535,517,18,319,277,18,24,309,10,604,285,219,90
29,NEAMT,369,0,Scoala Generala Valea Alba,RAZBOIENI,123969,C,3,367,355,12,288,246,12,30,283,5,400,112,220,63
29,NEAMT,370,0,Scoala Rediu,REDIU,124028,C,3,1856,1812,44,853,809,44,0,842,11,1900,1047,579,263
29,NEAMT,371,0,Scoala Poloboc,REDIU,124028,C,3,1197,1147,50,553,503,50,0,532,21,1200,647,364,168
29,NEAMT,372,0,Scoala Betesti,REDIU,124028,C,3,636,603,33,324,291,33,0,321,3,700,376,242,79
29,NEAMT,373,0,Scoala Socea,REDIU,124028,C,3,655,625,30,318,288,30,0,314,4,700,382,252,62
29,NEAMT,374,0,Scoala Generala Romani,ROMANI,124073,C,3,836,832,4,473,469,4,0,463,10,900,427,313,150
29,NEAMT,375,0,Scoala Generala Silistea I,ROMANI,124073,C,3,1048,1041,7,593,585,7,1,586,7,1100,507,440,146
29,NEAMT,376,0,Scoala Generala Silistea II,ROMANI,124073,C,3,780,763,17,493,473,17,3,484,9,800,307,373,111
29,NEAMT,377,0,Scoala Generala Gosmani,ROMANI,124073,C,3,836,834,2,475,473,2,0,466,9,900,425,358,108
29,NEAMT,378,0,Scoala Generala Ruginoasa,RUGINOASA,125105,C,3,1452,1395,57,881,813,57,11,869,12,1500,619,500,369
29,NEAMT,379,0,Scoala Generala Bozieni de Sus,RUGINOASA,125105,C,3,297,211,86,190,104,86,0,189,1,300,110,121,68
29,NEAMT,380,1,Centrul de Ingrijire si Asistenta Bozienii de Sus,RUGINOASA,125105,C,3,10,0,10,44,0,10,34,34,10,200,156,21,13
29,NEAMT,381,0,Scoala Generala nr.3 Sagna,SAGNA,124153,C,3,1517,1507,10,763,753,10,0,752,11,1600,837,423,329
29,NEAMT,382,0,Scoala Generala nr.4 Sagna,SAGNA,124153,C,3,1348,1331,17,701,684,17,0,697,4,1400,699,404,293
29,NEAMT,383,0,Gradinita Lutca,SAGNA,124153,C,3,367,349,18,201,183,18,0,197,4,400,199,125,72
29,NEAMT,384,0,Scoala Generala Vulpasesti,SAGNA,124153,C,3,650,624,26,396,370,26,0,391,5,700,304,269,122
29,NEAMT,385,0,"Liceul teoretic ""Vasile Alecsandri""",SABAOANI,124206,C,3,2085,2071,14,924,907,14,3,915,9,2208,1284,588,327
29,NEAMT,386,0,Scoala de fete,SABAOANI,124206,C,3,2005,1980,25,817,787,25,5,808,9,2100,1283,469,339
29,NEAMT,387,0,Scoala Generala de langa brutarie,SABAOANI,124206,C,3,1610,1596,14,667,653,14,0,656,11,1700,1033,415,241
29,NEAMT,388,0,Scoala Generala nr.2,SABAOANI,124206,C,3,2189,2169,20,902,882,20,0,881,21,2300,1398,584,297
29,NEAMT,389,0,Scoala Traian,SABAOANI,124206,C,3,882,867,15,449,434,15,0,443,6,904,455,289,154
29,NEAMT,390,0,Scoala cu clasele I-VIII  Savinesti (colonie),SAVINESTI,120824,C,3,1356,1323,33,550,516,33,1,541,9,1400,850,292,249
29,NEAMT,391,0,Gradinita cu orar normal Savinesti (colonie),SAVINESTI,120824,C,3,383,363,20,186,166,11,9,185,1,400,214,77,108
29,NEAMT,392,0,Gradinita cu orar prelungit Savinesti (colonie),SAVINESTI,120824,C,3,598,582,16,325,309,16,0,303,6,600,291,144,159
29,NEAMT,393,0,Scoala cu clasele I-VIII  Savinesti Sat,SAVINESTI,120824,C,3,1445,1391,54,710,656,54,0,703,7,1500,790,379,324
29,NEAMT,394,0,Scoala cu clasele I-IV Savinesti - Dumbrava Vale,SAVINESTI,120824,C,3,1198,1151,47,607,560,47,0,601,6,1200,593,354,247
29,NEAMT,395,0,Scoala cu clasele I-IV  Dumbrava Deal,SAVINESTI,120824,C,3,393,383,10,192,182,10,0,184,8,400,208,115,69
29,NEAMT,396,0,Caminul Cultural Secuieni,SECUIENI,124233,C,3,967,951,16,522,506,16,0,515,7,1000,478,313,202
29,NEAMT,397,0,Caminul Cultural Basta,SECUIENI,124233,C,3,505,497,8,277,269,8,0,275,2,500,223,147,128
29,NEAMT,398,0,Scoala Generala  Butnaresti,SECUIENI,124233,C,3,997,976,21,550,529,21,0,540,10,1000,450,435,105
29,NEAMT,399,0,Scoala Generala  Giulesti,SECUIENI,124233,C,3,279,271,8,120,112,8,0,117,3,300,180,90,27
29,NEAMT,400,0,Scoala Stanita,STANITA,124331,C,3,536,526,10,283,273,10,0,279,4,600,317,214,65
29,NEAMT,401,0,Scoala Chirecea,STANITA,124331,C,3,255,243,12,146,131,12,3,141,5,300,154,112,29
29,NEAMT,402,0,Scoala Poienile Oancei,STANITA,124331,C,3,205,197,8,141,133,8,0,137,4,200,59,107,30
29,NEAMT,403,0,Scoala Todireni,STANITA,124331,C,3,307,296,11,205,194,11,0,198,7,300,95,153,45
29,NEAMT,404,0,Scoala Ghidion,STANITA,124331,C,3,328,315,13,192,179,13,0,191,1,400,208,155,36
29,NEAMT,405,0,Scoala Veja,STANITA,124331,C,3,251,240,11,156,145,11,0,152,4,300,144,130,22
29,NEAMT,406,0,Scoala Generala   Stefan cel Mare,STEFAN CEL MARE,124411,C,3,1414,1392,22,909,887,22,0,900,9,1500,591,663,237
29,NEAMT,407,0,Scoala Generala  Ghigoiesti,STEFAN CEL MARE,124411,C,3,522,512,10,298,287,10,1,295,3,600,302,172,123
29,NEAMT,408,0,Scoala Generala  Cirligi,STEFAN CEL MARE,124411,C,3,280,268,12,281,268,12,1,276,5,500,219,205,71
29,NEAMT,409,0,Scoala Generala  Soci,STEFAN CEL MARE,124411,C,3,296,288,8,186,176,8,2,182,4,304,118,143,39
29,NEAMT,410,0,Scoala Generala Tarcau,TARCAU,124493,C,3,1563,1548,15,909,894,15,0,903,6,1603,694,491,412
29,NEAMT,411,0,Scoala   Straja,TARCAU,124493,C,3,527,514,13,314,301,13,0,298,3,600,299,139,159
29,NEAMT,412,0,Scoala   Cazaci,TARCAU,124493,C,3,432,426,6,282,276,6,0,278,4,500,218,156,122
29,NEAMT,413,0,Scoala  Brates,TARCAU,124493,C,3,289,276,13,180,167,13,0,180,0,312,132,65,115
29,NEAMT,414,0,Caminul Cultural Tasca,TASCA,124563,C,3,1501,1478,23,878,855,23,0,869,9,1592,714,436,433
29,NEAMT,415,0,Scoala Neagra,TASCA,124563,C,3,770,741,29,475,446,29,0,472,3,788,313,278,194
29,NEAMT,416,0,Scoala Generala Tazlau,TAZLAU,124616,C,3,1073,1072,1,578,577,1,0,571,7,1100,522,372,199
29,NEAMT,417,0,Caminul Cultural Tazlau,TAZLAU,124616,C,3,1301,1300,1,744,743,1,0,737,7,1388,644,449,288
29,NEAMT,418,0,Scoala Tamaseni,TAMASENI,124634,C,3,1094,1075,19,493,474,19,0,488,5,1100,607,273,215
29,NEAMT,419,0,Caminul Cultural  Tamaseni,TAMASENI,124634,C,3,979,956,23,493,470,23,0,491,2,1000,507,309,182
29,NEAMT,420,0,Gradinita Tamaseni,TAMASENI,124634,C,3,1162,1137,25,597,572,25,0,588,9,1200,603,379,209
29,NEAMT,421,0,Scoala Adjudeni,TAMASENI,124634,C,3,1423,1406,17,617,600,17,0,602,15,1500,883,316,286
29,NEAMT,422,0,Gradinita Adjudeni,TAMASENI,124634,C,3,1014,981,33,475,442,33,0,463,12,1000,525,222,241
29,NEAMT,423,0,Gradinita Adjudeni,TAMASENI,124634,C,3,1200,1169,31,483,452,31,0,477,6,1200,717,199,278
29,NEAMT,424,0,Scoala Generala Timisesti,TIMISESTI,124661,C,3,1017,1000,17,625,582,17,26,616,9,1100,475,435,181
29,NEAMT,425,0,Scoala Generala Dumbrava,TIMISESTI,124661,C,3,916,875,41,564,523,41,0,560,4,900,336,401,159
29,NEAMT,426,0,Scoala Generala Plaiesu,TIMISESTI,124661,C,3,638,623,15,370,355,15,0,365,5,700,330,242,123
29,NEAMT,427,0,Scoala Generala Preotesti,TIMISESTI,124661,C,3,491,478,13,326,313,13,0,325,1,500,174,228,97
29,NEAMT,428,0,Scoala Generala Zvoronesti,TIMISESTI,124661,C,3,144,136,8,95,87,8,0,93,2,200,105,61,32
29,NEAMT,429,0,Gradinita Trifesti,TRIFESTI,124723,C,3,1844,1790,54,992,938,54,0,969,23,2004,1012,743,226
29,NEAMT,430,0,Scoala Generala nr.2 Trifesti,TRIFESTI,124723,C,3,754,710,44,454,410,44,0,447,7,800,346,313,134
29,NEAMT,431,0,Scoala Generala nr.1 Miron Costin,TRIFESTI,124723,C,3,950,907,43,542,499,43,0,536,6,1000,458,437,99
29,NEAMT,432,0,Scoala Generala nr.2 Miron Costin (Branisteni),TRIFESTI,124723,C,3,734,678,56,467,411,56,0,462,5,700,233,394,68
29,NEAMT,433,0,Scoala Generala Tupilati,TUPILATI,124750,C,3,1038,1018,20,596,576,20,0,585,11,1100,504,419,166
29,NEAMT,434,0,Magazin Lunca,TUPILATI,124750,C,3,578,572,6,354,348,6,0,349,5,604,250,261,88
29,NEAMT,435,0,Scoala  Totoiesti,TUPILATI,124750,C,3,305,298,7,180,173,7,0,179,1,396,216,122,57
29,NEAMT,436,0,Scoala Generala nr.1 Tibucani,TIBUCANI,124803,C,3,1379,1354,25,880,855,25,0,867,13,1404,524,666,201
29,NEAMT,437,0,Scoala Generala nr.3 Tibucani,TIBUCANI,124803,C,3,949,934,15,596,575,15,6,582,14,1000,404,496,86
29,NEAMT,438,0,Scoala Generala Davideni,TIBUCANI,124803,C,3,840,833,7,585,578,7,0,566,19,900,315,450,116
29,NEAMT,439,0,Scoala Tibucanii de Jos,TIBUCANI,124803,C,3,400,392,8,284,276,8,0,283,1,400,116,219,64
29,NEAMT,440,0,Scoala nr.1 Urecheni (centru),URECHENI,124849,C,3,1399,1370,29,743,714,29,0,733,10,1396,653,564,169
29,NEAMT,441,0,Scoala nr.2 Urecheni-(Fundatura),URECHENI,124849,C,3,720,683,37,452,415,37,0,443,9,700,248,353,90
29,NEAMT,442,0,Scoala nr.3 Urecheni-(Catuna),URECHENI,124849,C,3,417,376,41,262,221,41,0,255,7,396,134,192,63
29,NEAMT,443,0,Scoala Ingaresti,URECHENI,124849,C,3,782,770,12,436,424,12,0,430,6,802,366,265,165
29,NEAMT,444,0,Scoala Valea Ursului,VALEA URSULUI,124885,C,3,721,663,58,420,362,58,0,412,8,700,280,368,44
29,NEAMT,445,0,Scoala Bucium,VALEA URSULUI,124885,C,3,503,486,17,301,284,17,0,293,8,500,199,265,28
29,NEAMT,446,0,Scoala Chilii,VALEA URSULUI,124885,C,3,890,838,52,513,461,52,0,503,10,900,387,433,70
29,NEAMT,447,0,Scoala Giurgeni,VALEA URSULUI,124885,C,3,587,572,15,302,287,15,0,293,9,600,298,199,94
29,NEAMT,448,0,Scoala nr.1 Muncelul de Jos,VALEA URSULUI,124885,C,3,330,305,25,236,181,25,30,233,3,400,164,163,70
29,NEAMT,449,0,Scoala cu clasele I-VIII Valeni,VALENI,125123,C,3,723,706,17,461,444,17,0,454,7,800,339,352,102
29,NEAMT,450,0,Scoala cu clasele I-IV Moreni,VALENI,125123,C,3,535,518,17,297,280,17,0,289,8,600,303,239,50
29,NEAMT,451,0,Scoala Generala nr.1 Vanatori Neamt,VANATORI-NEAMT,125016,C,3,1445,1388,57,706,649,57,0,701,5,1500,794,380,321
29,NEAMT,452,0,Gradinita nr.2 Vanatori Neamt (Ungureni),VANATORI-NEAMT,125016,C,3,1316,1263,53,711,658,53,0,701,10,1300,589,395,306
29,NEAMT,453,0,Scoala Generala nr.2 Vanatori Neamt,VANATORI-NEAMT,125016,C,3,1399,1317,82,709,627,82,0,683,26,1400,691,448,235
29,NEAMT,454,0,Scoala Generala Lunca,VANATORI-NEAMT,125016,C,3,1040,985,55,604,549,55,0,598,6,1000,396,336,262
29,NEAMT,455,0,Scoala Manastirea Neamt,VANATORI-NEAMT,125016,C,3,232,208,24,139,115,24,0,134,5,302,163,75,59
29,NEAMT,456,0,Scoala Generala Nemtisor,VANATORI-NEAMT,125016,C,3,1218,1161,57,735,678,57,0,726,9,1300,565,432,294
29,NEAMT,457,0,Manastirii Sihastria (Sala de mese),VANATORI-NEAMT,125016,C,3,166,131,35,78,42,35,1,59,19,300,222,33,26
29,NEAMT,458,0,Scoala Generala nr.2 Zanesti (cladirea veche),ZANESTI,125061,C,3,1782,1758,24,866,842,24,0,848,18,1908,1042,533,315
29,NEAMT,459,0,Scoala Generala nr.1 Zanesti (cladirea veche),ZANESTI,125061,C,3,1419,1364,55,814,759,55,0,802,12,1400,586,484,318
29,NEAMT,460,0,Scoala Generala nr.3 Zanesti (Fauri),ZANESTI,125061,C,3,978,923,55,561,506,55,0,548,13,1000,439,397,151
29,NEAMT,461,0,Scoala Generala Traian,ZANESTI,125061,C,3,875,855,20,499,479,20,0,492,7,900,401,354,138
30,OLT,1,0,Colegiul National Radu Greceanu,MUNICIPIUL SLATINA,125347,M,1,1429,1415,14,823,805,14,4,820,3,1500,677,293,527
30,OLT,2,0,Colegiul National Radu Greceanu,MUNICIPIUL SLATINA,125347,M,1,1247,1232,15,667,652,15,0,665,2,1300,633,310,355
30,OLT,3,0,Colegiul National Radu Greceanu,MUNICIPIUL SLATINA,125347,M,1,1751,1707,44,1044,1000,44,0,1031,13,1800,756,847,184
30,OLT,4,0,Scoala Generala Nr.1,MUNICIPIUL SLATINA,125347,M,1,2055,2031,24,1264,1206,24,34,1255,9,2200,936,627,628
30,OLT,5,0,Colegiul National Ion Minulescu,MUNICIPIUL SLATINA,125347,M,1,1814,1787,27,847,820,27,0,841,6,1900,1053,313,528
30,OLT,6,0,Colegiul National Ion Minulescu,MUNICIPIUL SLATINA,125347,M,1,1654,1589,65,823,757,65,1,815,8,1701,878,338,477
30,OLT,7,0,Colegiul  National Ion Minulescu,MUNICIPIUL SLATINA,125347,M,1,2534,2497,37,1502,1461,37,4,1484,18,2700,1198,581,903
30,OLT,8,0,Scoala Generala Stefan Protopopescu(nr.2 ),MUNICIPIUL SLATINA,125347,M,1,2017,1993,24,1053,1029,24,0,1034,19,2100,1047,456,578
30,OLT,9,0,Scoala Generala Stefan Protopopescu (nr.2 ),MUNICIPIUL SLATINA,125347,M,1,2038,2010,28,987,959,28,0,972,15,2200,1213,419,553
30,OLT,10,0,Colegiul National Vocational Nicolae Titulescu,MUNICIPIUL SLATINA,125347,M,1,1848,1814,34,1004,970,34,0,996,8,1900,896,418,578
30,OLT,11,0,Colegiul National Vocational Nicolae Titulescu,MUNICIPIUL SLATINA,125347,M,1,1740,1724,16,918,902,16,0,914,4,1800,882,345,569
30,OLT,12,0,Colegiul National Vocational Nicolae Titulescu,MUNICIPIUL SLATINA,125347,M,1,1524,1492,32,824,792,32,0,818,6,1600,776,328,490
30,OLT,13,0,Scoala Generala Nr.5,MUNICIPIUL SLATINA,125347,M,1,1277,1260,17,1036,1019,17,0,1031,5,2100,1064,410,621
30,OLT,14,0,Scoala Generala Nr.5,MUNICIPIUL SLATINA,125347,M,1,1682,1669,13,946,927,13,6,939,7,1800,854,435,504
30,OLT,15,0,Scoala Generala Eugen Ionescu (nr.8 ),MUNICIPIUL SLATINA,125347,M,1,1856,1841,15,911,894,15,2,907,4,1800,889,338,569
30,OLT,16,0,Scoala Generala Eugen Ionescu (nr.8 ),MUNICIPIUL SLATINA,125347,M,1,1482,1472,10,799,789,10,0,791,8,1300,501,370,421
30,OLT,17,0,Scoala Generala Eugen Ionescu (nr.8),MUNICIPIUL SLATINA,125347,M,1,1521,1502,19,710,691,19,0,707,3,1600,890,313,394
30,OLT,18,0,Colegiul National Vocational Nicolae Titulescu (sc.gen. Nr.10),MUNICIPIUL SLATINA,125347,M,1,1468,1453,15,770,755,15,0,767,3,1500,730,321,446
30,OLT,19,0,Colegiul National Vocational Nicolae Titulescu (sc.gen.nr.10 ),MUNICIPIUL SLATINA,125347,M,1,1371,1357,14,732,718,14,0,726,6,1400,668,277,449
30,OLT,20,0,Scoala Generala Nr.7,MUNICIPIUL SLATINA,125347,M,1,2384,2356,28,1208,1180,28,0,1205,3,2500,1292,531,674
30,OLT,21,0,Scoala Generala Nr.7,MUNICIPIUL SLATINA,125347,M,1,2263,2241,22,1193,1169,22,2,1182,11,2400,1207,491,691
30,OLT,22,0,Colegiul Economic P.s. Aurelian (textil ),MUNICIPIUL SLATINA,125347,M,1,1429,1414,15,761,745,15,1,759,2,1500,739,312,447
30,OLT,23,0,Colegiul Economic P.s. Aurelian (textil ),MUNICIPIUL SLATINA,125347,M,1,1713,1668,45,841,796,45,0,834,7,1800,959,332,502
30,OLT,24,0,Liceul Cu Program Sportiv (sc.gen.nr.4  ),MUNICIPIUL SLATINA,125347,M,1,2029,2006,23,1119,1015,23,81,1109,10,2200,1081,451,658
30,OLT,25,0,Liceul Cu Program Sportiv (sc.gen.nr.4 ),MUNICIPIUL SLATINA,125347,M,1,1926,1879,47,1044,997,47,0,1031,13,2000,956,469,562
30,OLT,26,0,Liceul Cu Program Sportiv (sc.gen.nr.4 ),MUNICIPIUL SLATINA,125347,M,1,1580,1565,15,835,809,15,11,825,10,1700,865,380,445
30,OLT,27,0,Scoala Generala Nr.3,MUNICIPIUL SLATINA,125347,M,1,2246,2214,32,1023,991,32,0,1016,7,2400,1377,435,581
30,OLT,28,0,Scoala Generala Nr.3,MUNICIPIUL SLATINA,125347,M,1,1700,1684,16,862,846,16,0,857,5,1800,938,322,535
30,OLT,29,0,Scoala Generala Nr.3,MUNICIPIUL SLATINA,125347,M,1,2346,2328,18,1126,1108,18,0,1115,11,2500,1374,436,679
30,OLT,30,0,Grup  Scolar Metalurrgic,MUNICIPIUL SLATINA,125347,M,1,1775,1715,60,848,788,60,0,836,12,1800,952,308,528
30,OLT,31,0,Grup Sclar Metalurgic,MUNICIPIUL SLATINA,125347,M,1,2242,2200,42,1075,1033,42,0,1070,5,2400,1325,448,622
30,OLT,32,0,Scoala Generala Nr.11 Constantin Brancoveanu  (draganesti),MUNICIPIUL SLATINA,125347,M,1,2075,2057,18,1102,1083,18,1,1089,13,2200,1098,425,664
30,OLT,33,0,Scoala Generala Nr.11 Constantin Brancoveanu (draganesti ),MUNICIPIUL SLATINA,125347,M,1,674,656,18,324,305,18,1,321,3,700,376,151,170
30,OLT,34,0,Scoala Generala Nr.11 Constantin Brancoveanu (plevnei ),MUNICIPIUL SLATINA,125347,M,1,2440,2421,19,1226,1207,19,0,1219,7,2600,1374,434,785
30,OLT,35,0,Scoala Generala Nr.11 Constantin Brancoveanu (plevnei ),MUNICIPIUL SLATINA,125347,M,1,2467,2449,18,1162,1140,18,4,1151,11,2600,1438,407,744
30,OLT,36,0,Scoala Generala Nr.6 (clocociov ),MUNICIPIUL SLATINA,125347,M,1,1059,1044,15,632,617,15,0,622,10,1100,468,362,260
30,OLT,37,0,Grup Scolar Industrial Constructii Masini (iptapa ),MUNICIPIUL SLATINA,125347,M,1,2495,2485,10,1937,1208,10,719,1917,20,4000,2063,694,1223
30,OLT,38,0,Grup Scolar Industrial Constructii Masini (iptapa ),MUNICIPIUL SLATINA,125347,M,1,1922,1899,23,930,907,23,0,925,5,2000,1070,349,576
30,OLT,39,0,Scoala Generala Cireasov,MUNICIPIUL SLATINA,125347,M,1,597,589,8,372,364,8,0,363,9,700,328,219,144
30,OLT,40,0,Scoala Generala Satu Nou,MUNICIPIUL SLATINA,125347,M,1,400,386,14,288,274,14,0,281,7,500,212,183,98
30,OLT,41,0,"Scoala Generala Nr.12, George Poboran",MUNICIPIUL SLATINA,125347,M,1,1387,1346,41,688,647,41,0,685,3,1400,712,289,396
30,OLT,42,0,"Scala Generala Nr.12, George Poboran",MUNICIPIUL SLATINA,125347,M,1,1389,1361,28,627,599,28,0,623,4,1400,773,249,374
30,OLT,43,1,"Spitalul Judetean Slatina,bd. Nicolae Titulescu",MUNICIPIUL SLATINA,125347,M,1,12,0,12,542,0,12,530,531,11,2700,2158,327,204
30,OLT,44,1,"U.m.01217,str. Tunari,nr.1, Slatina",MUNICIPIUL SLATINA,125347,M,1,11,0,11,75,0,11,64,74,1,300,225,30,44
30,OLT,45,1,"U.m.0746,str. Cazarmii.nr.40, Slatina",MUNICIPIUL SLATINA,125347,M,1,15,0,15,204,0,15,189,198,6,300,96,87,111
30,OLT,46,0,"Colegiul National Ionita Asan,bd. Nicolae Titulescu,nr.19",MUNICIPIUL CARACAL,125472,M,1,1742,1716,26,957,931,26,0,934,23,1800,843,604,330
30,OLT,47,0,"Gradinita Cu Program Normal,nr.6,bd. Nicolae Titulescu,nr.2",MUNICIPIUL CARACAL,125472,M,1,1780,1751,29,962,933,29,0,944,18,1800,838,587,357
30,OLT,48,0,"Gradinita Cu Program Normal,nr.4,bd. Nicolae Titulescu,nr.46",MUNICIPIUL CARACAL,125472,M,1,1707,1671,36,1463,884,36,543,1440,23,3400,1937,751,689
30,OLT,49,0,"Scoala Generala Nr.6,str. V. Alecsandri,nr.11",MUNICIPIUL CARACAL,125472,M,1,2123,2076,47,1023,975,47,1,1019,4,2100,1077,501,518
30,OLT,50,0,"Liceul Mihai Viteazu (clubul Sportiv ),str. Plevnei,nr.15",MUNICIPIUL CARACAL,125472,M,1,1542,1525,17,828,811,17,0,827,1,1600,772,339,488
30,OLT,51,0,"Grupul Scolar Industrial,aleea 1 Decembrie 1918,nr.9",MUNICIPIUL CARACAL,125472,M,1,1950,1928,22,879,836,22,21,871,8,2000,1121,440,431
30,OLT,52,0,"Gradinita Cu Program Prelungit Nr.3,aleea Cresei,nr.6",MUNICIPIUL CARACAL,125472,M,1,2001,1972,29,921,892,29,0,915,6,2000,1079,444,471
30,OLT,53,0,"Centrul Plasament ""optimistii "",str. General Ghe. Magheru,nr.13a",MUNICIPIUL CARACAL,125472,M,1,2047,2019,28,1059,1031,28,0,1054,5,2100,1041,512,542
30,OLT,54,0,"Scoala Generala Nr.7,str. General Ghe.magheru,nr.13",MUNICIPIUL CARACAL,125472,M,1,1814,1774,40,915,875,40,0,905,10,1800,885,465,440
30,OLT,55,0,"Scoala Generala Nr.2,str. Eliade Radulescu,nr.2",MUNICIPIUL CARACAL,125472,M,1,2045,2013,32,1138,1106,32,0,1134,4,2100,962,561,573
30,OLT,56,0,"Biblioteca Municipala Caracal , Str. Iancu Jianu, Nr.18 A",MUNICIPIUL CARACAL,125472,M,1,1865,1834,31,945,914,31,0,940,5,1900,955,450,490
30,OLT,57,0,"Biblioteca Municipala Caracal, Str. Iancu Jianu,nr.18 A",MUNICIPIUL CARACAL,125472,M,1,2228,2209,19,1127,1102,19,6,1115,12,2300,1173,588,527
30,OLT,58,0,"Casa De Cultura Radu Serban,str. Piata Victoriei, Nr.8",MUNICIPIUL CARACAL,125472,M,1,1675,1654,21,937,916,21,0,934,3,1700,763,439,495
30,OLT,59,0,"Scoala Generala Nr.5,str. Radu Calomfirescu,nr.7",MUNICIPIUL CARACAL,125472,M,1,1816,1796,20,989,969,20,0,978,11,1800,811,552,426
30,OLT,60,0,"Scoala Generala Nr.4,str. Ghe. Doja,nr.62",MUNICIPIUL CARACAL,125472,M,1,1743,1729,14,975,961,14,0,964,11,1800,825,441,523
30,OLT,61,0,"Scoala Generala Nr.3,str. Ghe. Doja,nr.93",MUNICIPIUL CARACAL,125472,M,1,1909,1893,16,1106,1090,16,0,1087,19,1900,794,667,420
30,OLT,62,0,"Scoala Generala Nr.1,str. Mihai Viteazu,nr.2",MUNICIPIUL CARACAL,125472,M,1,1701,1669,32,971,935,32,4,958,13,1700,729,515,443
30,OLT,63,1,"Spitalul Municipal Caracal,str. Plevnei,nr.36",MUNICIPIUL CARACAL,125472,M,1,9,0,9,336,0,9,327,331,5,600,264,242,89
30,OLT,64,1,"U.m.01256,str. Valter Maracineanu,nr.25",MUNICIPIUL CARACAL,125472,M,1,22,0,22,591,0,22,569,585,6,700,109,300,285
30,OLT,65,1,"U.m.0998,str. General Ghe. Magheru,nr.94",MUNICIPIUL CARACAL,125472,M,1,12,0,12,303,0,12,291,303,0,500,197,169,134
30,OLT,66,0,Scoala Generala Nr.3 Romana,ORAS BALS,125418,O,1,1003,987,16,557,541,16,0,544,13,1000,443,330,214
30,OLT,67,0,"Scoala Generala Nr.2,virtina",ORAS BALS,125418,O,1,1287,1267,20,708,685,20,3,700,8,1400,692,392,308
30,OLT,68,0,"Scoala Profesionala Speciala Nr.1, Bals",ORAS BALS,125418,O,1,967,960,7,506,499,7,0,500,6,1000,494,272,228
30,OLT,69,0,Scoala Ajutatoare Bals,ORAS BALS,125418,O,1,1903,1875,28,907,879,28,0,885,22,2000,1093,482,403
30,OLT,70,0,Biblioteca Oraseneasca,ORAS BALS,125418,O,1,3463,3417,46,1646,1600,46,0,1635,11,3700,2054,719,916
30,OLT,71,0,"Scoala Generala Nr.5, Bals",ORAS BALS,125418,O,1,3449,3391,58,1502,1444,58,0,1488,14,3700,2198,566,922
30,OLT,72,0,Gradinita Nr.9,ORAS BALS,125418,O,1,3011,2910,101,1507,1135,101,271,1497,10,4200,2693,654,843
30,OLT,73,0,Grup Scolar Industria Constructii De Masini Bals,ORAS BALS,125418,O,1,3190,3137,53,1398,1343,53,2,1387,11,3400,2002,596,791
30,OLT,74,0,Scoala Generala Teis,ORAS BALS,125418,O,1,609,596,13,344,331,13,0,344,0,700,356,157,187
30,OLT,75,0,Scoala Generala Nr. 1 Corabia,ORAS CORABIA,125542,O,1,1978,1954,24,984,960,24,0,964,20,2100,1116,626,338
30,OLT,76,0,Scoala Generala Nr.2 Corabia,ORAS CORABIA,125542,O,1,1442,1427,15,799,781,15,3,791,8,1500,701,436,355
30,OLT,77,0,"Scoala Generala Nr.3 Corabia, Localul Din Str. Cuza Voda",ORAS CORABIA,125542,O,1,1330,1306,24,541,517,24,0,541,0,1400,859,244,297
30,OLT,78,0,"Scoala Generala Nr.3,str.cuza Voda",ORAS CORABIA,125542,O,1,1251,1238,13,559,546,13,0,547,12,1300,741,247,300
30,OLT,79,0,"Scoala Generala Nr.3, Corabia,localul Din Str. Tudor Vladimirescu",ORAS CORABIA,125542,O,1,1082,1065,17,532,515,17,0,525,7,1100,568,259,266
30,OLT,80,0,Colegiul  National A.i.cuza Corabia,ORAS CORABIA,125542,O,1,1206,1188,18,755,488,18,249,753,2,2300,1545,357,396
30,OLT,81,0,"Colegiul National A.i.cuza, Corabia",ORAS CORABIA,125542,O,1,1324,1293,31,619,588,31,0,615,4,1400,781,296,319
30,OLT,82,0,"Scoala Generala Nr.4, Corabia",ORAS CORABIA,125542,O,1,2071,2053,18,973,955,18,0,958,15,2200,1227,575,383
30,OLT,83,0,Scoala Generala Corabia Veche,ORAS CORABIA,125542,O,1,2146,2127,19,796,777,19,0,783,13,2300,1504,362,421
30,OLT,84,0,Scoala Generala Celei,ORAS CORABIA,125542,O,1,1629,1617,12,751,739,12,0,741,10,1700,949,402,339
30,OLT,85,0,"Scoala Generala, Cartier Virtop",ORAS CORABIA,125542,O,1,478,467,11,236,225,11,0,233,3,500,264,132,101
30,OLT,86,0,Scoala Generala Tudor Vladimirescu,ORAS CORABIA,125542,O,1,582,568,14,342,326,14,2,340,2,700,358,146,194
30,OLT,87,0,"Scoala Generala,cartier Silistioara",ORAS CORABIA,125542,O,1,528,508,20,286,266,20,0,281,5,600,314,159,122
30,OLT,88,1,Spitalul Orasenesc Corabia,ORAS CORABIA,125542,O,1,26,0,26,113,0,26,87,112,1,300,187,63,49
30,OLT,89,0,"Liceul Tudor Vladimirescu,str. Nicolae Titulescu,nr.129",ORAS DRAGANESTI-OLT,125622,O,1,1303,1285,18,627,609,18,0,616,11,1400,773,323,293
30,OLT,90,0,"Cantina Liceului Tudor Vladimirescu,str. Nicolae Titulescu,nr.129",ORAS DRAGANESTI-OLT,125622,O,1,2041,2024,17,957,940,17,0,949,8,2200,1243,440,509
30,OLT,91,0,"Scoala Generala Nr.2,str. Nicolae Titulescu,nr.308",ORAS DRAGANESTI-OLT,125622,O,1,2127,2085,42,1130,952,42,136,1114,16,2800,1670,579,535
30,OLT,92,0,"Localul Fostei Gradinite De Copii,nr.3,str.nicolae Titulescu,nr.60a",ORAS DRAGANESTI-OLT,125622,O,1,2056,2035,21,1038,1017,21,0,1024,14,2200,1162,588,436
30,OLT,93,0,"Scoala Generala, Nr.3,cartier Comani,str. Vadul Comanilor,nr.102",ORAS DRAGANESTI-OLT,125622,O,1,2591,2527,64,1347,1283,64,0,1334,13,2700,1353,678,656
30,OLT,94,0,Fostul Local Al Scolii Generale (muzeu ),ORAS PIATRA-OLT,128105,O,1,1666,1642,24,1006,846,24,136,997,9,2400,1394,622,375
30,OLT,95,0,Localul Gradinitei Piatra,ORAS PIATRA-OLT,128105,O,1,1818,1792,26,937,905,26,6,926,11,1900,963,601,325
30,OLT,96,0,Localul Gradinitei Criva,ORAS PIATRA-OLT,128105,O,1,888,782,106,573,467,106,0,565,8,900,327,352,213
30,OLT,97,0,Localul Gradinitei Enosesti,ORAS PIATRA-OLT,128105,O,1,294,273,21,183,162,21,0,182,1,300,117,133,49
30,OLT,98,0,Localul Scolii Generale Cu Clasele I-iv Bistrita Noua,ORAS PIATRA-OLT,128105,O,1,505,488,17,309,292,17,0,300,9,600,291,215,85
30,OLT,99,0,Scoala Generala Falcoieni,ORAS POTCOAVA,128374,O,1,804,700,104,480,376,104,0,473,7,800,320,229,244
30,OLT,100,0,Scoala Generala Potcoava,ORAS POTCOAVA,128374,O,1,2489,2443,46,1573,1359,46,168,1562,11,3200,1627,751,811
30,OLT,101,0,Scoala Generala Sinesti,ORAS POTCOAVA,128374,O,1,1628,1507,121,1063,942,121,0,1046,17,1600,537,565,481
30,OLT,102,0,"Grupul Scolar  Scornicesti,str. Pompierilor",ORAS SCORNICESTI,128711,O,1,2022,1984,38,885,847,38,0,871,14,2400,1515,395,476
30,OLT,103,0,"Scoala Generala Cu Clasele I-viii Scornicesti,bd.muncii",ORAS SCORNICESTI,128711,O,1,2006,1969,37,900,801,37,62,895,5,2000,1100,391,504
30,OLT,104,0,Scoala Generala Margineni,ORAS SCORNICESTI,128711,O,1,1473,1463,10,893,883,10,0,876,17,1600,707,480,396
30,OLT,105,0,Scoala Generala Negreni,ORAS SCORNICESTI,128711,O,1,1303,1256,47,610,563,47,0,601,9,1400,790,381,220
30,OLT,106,0,Scoala Generala Bircii,ORAS SCORNICESTI,128711,O,1,874,844,30,513,455,30,28,502,11,900,387,217,285
30,OLT,107,0,Scoala Generala Mogosesti,ORAS SCORNICESTI,128711,O,1,495,484,11,207,162,11,34,202,5,600,393,102,100
30,OLT,108,0,Scoala Generala Constantinesti,ORAS SCORNICESTI,128711,O,1,436,421,15,229,214,15,0,226,3,500,271,124,102
30,OLT,109,0,Scoala  Cu Clasele I-viii Teius,ORAS SCORNICESTI,128711,O,1,500,478,22,256,234,22,0,253,3,600,344,147,106
30,OLT,110,0,Scoala Cu Clasele I-iv Suica,ORAS SCORNICESTI,128711,O,1,252,240,12,144,132,12,0,144,0,300,156,78,66
30,OLT,111,0,Scoala Generala Jitaru,ORAS SCORNICESTI,128711,O,1,536,521,15,328,301,15,12,324,4,600,272,144,180
30,OLT,112,0,Scoala Generala Chiteasca,ORAS SCORNICESTI,128711,O,1,324,311,13,179,166,13,0,178,1,400,221,83,95
30,OLT,113,0,Scoala Generala Cu Clasele I-viii Baldovinesti,BALDOVINESTI,125677,C,3,659,643,16,363,337,16,10,362,1,700,337,211,151
30,OLT,114,0,Scoala  Cu Clasele I-iv Pietris,BALDOVINESTI,125677,C,3,296,282,14,172,158,14,0,171,1,300,128,121,50
30,OLT,115,0,Caminul Cultural Babiciu,BABICIU,125659,C,3,1912,1877,35,1386,1351,35,0,1361,25,2000,614,1056,305
30,OLT,116,0,"Scoala Generala ""ion Graure "" Balteni",BALTENI,130286,C,3,1417,1385,32,1200,1168,32,0,1189,11,1500,300,791,398
30,OLT,117,0,Scoala Generala  Satul Barasti De Vede,BARASTI,125757,C,3,860,844,16,600,568,16,16,595,5,1000,400,300,295
30,OLT,118,0,Scoala Generala Din Satul  Barasti De Cepturi,BARASTI,125757,C,3,584,570,14,390,352,14,24,381,9,600,210,237,144
30,OLT,119,0,"Fostul Sediu Al Brigazii Agricole ""avintul "" Barasti De Vede",BARASTI,125757,C,3,103,93,10,92,80,10,2,91,1,200,108,77,14
30,OLT,120,0,Caminul Cultural Din Satul Barza,BARZA,125846,C,3,879,857,22,454,432,22,0,449,5,1000,546,271,178
30,OLT,121,0,Scoala Generala Branet,BARZA,125846,C,3,1236,1206,30,609,579,30,0,601,8,1300,691,404,197
30,OLT,122,0,Caminul Cultural Din Satul Leotesti,BOBICESTI,125873,C,3,1375,1341,34,693,658,34,1,687,6,1400,707,321,366
30,OLT,123,0,Caminul Cultural Bobicesti,BOBICESTI,125873,C,3,926,876,50,482,432,50,0,476,6,1000,518,275,201
30,OLT,124,0,Fosta Scoala Chintesti,BOBICESTI,125873,C,3,200,180,20,117,97,20,0,115,2,200,83,76,39
30,OLT,125,0,Scoala Generala Bechet,BOBICESTI,125873,C,3,324,303,21,192,171,21,0,186,6,400,208,125,61
30,OLT,126,0,Scoala  Cu Clasele I-viii Brastavatu,BRASTAVATU,125962,C,3,1514,1505,9,703,684,9,10,699,4,1600,897,331,368
30,OLT,127,0,Scoala Cu Clasele I-viii Brastavatu,BRASTAVATU,125962,C,3,1615,1587,28,744,710,28,6,733,11,1700,956,401,332
30,OLT,128,0,Scoala Cu Clasele I-viii Crusov,BRASTAVATU,125962,C,3,1128,1116,12,588,576,12,0,567,21,1200,612,371,196
30,OLT,129,0,Scoala Generala Cu Clasele  I-viii Brebeni,BREBENI,125999,C,3,2261,2109,152,1187,1035,152,0,1174,13,2300,1113,826,348
30,OLT,130,0,"Scoala ""voievod  Brancoveanu"" Din Brancoveni",BRANCOVENI,126022,C,3,961,948,13,566,544,13,9,552,14,1000,434,412,140
30,OLT,131,0,Scoala Matei Basarab Margheni,BRANCOVENI,126022,C,3,1115,1102,13,733,720,13,0,727,6,1100,367,520,207
30,OLT,132,0,Scoala Domnita Balasa Valeni,BRANCOVENI,126022,C,3,465,457,8,345,337,8,0,338,7,500,155,255,83
30,OLT,133,0,Caminul Cultural Bucinisu,BUCINISU,126077,C,3,1848,1831,17,1022,1005,17,0,1013,9,2000,978,719,294
30,OLT,134,0,Gradinita Calui,CALUI,130295,C,3,872,858,14,415,401,14,0,409,6,900,485,273,136
30,OLT,135,0,Scoala Generala Cu Clasele I-viii Gura Calui,CALUI,130295,C,3,752,723,29,315,286,29,0,300,15,800,485,197,103
30,OLT,136,0,Scoala Cu Clasele I-viii Cezieni,CEZIENI,126102,C,3,1115,1097,18,738,687,18,33,730,8,1200,462,602,128
30,OLT,137,0,Caminul Cultural Bondrea,CEZIENI,126102,C,3,214,200,14,167,153,14,0,160,7,300,133,139,21
30,OLT,138,0,Gradinita Corlatesti,CEZIENI,126102,C,3,345,333,12,255,235,12,8,252,3,400,145,185,67
30,OLT,139,0,Scoala Generala Nr.3 Cilieni,CILIENI,126148,C,3,2907,2889,18,1468,1450,18,0,1451,17,3200,1732,1001,450
30,OLT,140,0,Scoala Cu Clasele I-viii Carlogani,CARLOGANI,126166,C,3,1378,1342,36,772,736,36,0,762,10,1500,728,469,293
30,OLT,141,0,Scoala Cu Clasele I-iv Cepari,CARLOGANI,126166,C,3,898,842,56,500,444,56,0,487,13,1000,500,330,157
30,OLT,142,0,Scoala Generala Colonesti,COLONESTI,126228,C,3,675,658,17,457,440,17,0,453,4,800,343,344,109
30,OLT,143,0,Scoala Generala Maruntei,COLONESTI,126228,C,3,377,371,6,365,357,6,2,361,4,470,105,350,11
30,OLT,144,0,Gradinita Vlaici,COLONESTI,126228,C,3,378,365,13,260,246,13,1,256,4,400,140,189,67
30,OLT,145,0,Gradinita Batareni,COLONESTI,126228,C,3,157,145,12,136,124,12,0,136,0,380,244,125,11
30,OLT,146,0,Scoala Generala Corbu,CORBU,126326,C,3,904,889,15,458,441,15,2,449,9,1000,542,318,131
30,OLT,147,0,Scoala Generala Buzesti,CORBU,126326,C,3,671,662,9,345,336,9,0,337,8,800,455,205,132
30,OLT,148,0,Scoala Generala Milcoveni,CORBU,126326,C,3,320,297,23,193,170,23,0,187,6,400,207,118,69
30,OLT,149,0,Scoala Generala Cu Clasele I-viii Coteana,COTEANA,126380,C,3,2132,2110,22,1217,1195,22,0,1212,5,2285,1068,760,452
30,OLT,150,0,Caminul Cultural Crampoia,CRAMPOIA,126406,C,3,2357,2328,29,1277,1248,29,0,1262,15,2500,1223,773,489
30,OLT,151,0,Scoala Cu Clasele I-iv Buta,CRAMPOIA,126406,C,3,659,616,43,359,316,43,0,353,6,700,341,215,138
30,OLT,152,0,Primaria Cungrea,CUNGREA,126503,C,3,829,814,15,381,366,15,0,380,1,900,519,244,136
30,OLT,153,0,Scoala Generala Cu Clasele I-viii Otestii De Sus,CUNGREA,126503,C,3,805,790,15,388,373,15,0,384,4,900,512,207,177
30,OLT,154,0,Scoala Generala Cu Clasele I-iv Spataru,CUNGREA,126503,C,3,298,289,9,164,155,9,0,164,0,300,136,102,62
30,OLT,155,0,Caminul Cultural Sat Curtisoara,CURTISOARA,126433,C,3,1303,1256,47,610,563,47,0,601,9,1400,790,381,220
30,OLT,156,0,Scoala Generala Cu Clasele I-viii Dobrotinet,CURTISOARA,126433,C,3,1404,1330,74,814,740,74,0,808,6,1400,586,538,270
30,OLT,157,0,Scoala Generala Cu Clasele I-viii Proaspeti,CURTISOARA,126433,C,3,933,903,30,477,447,30,0,470,7,1000,523,304,166
30,OLT,158,0,Scoala Veche Daneasa,DANEASA,126585,C,3,1198,1180,18,592,553,18,21,583,9,1300,708,325,258
30,OLT,159,0,Caminul Cultural Berindei,DANEASA,126585,C,3,1086,1053,33,799,724,33,42,794,5,1100,301,659,135
30,OLT,160,0,Caminul Cultural Pestra,DANEASA,126585,C,3,528,491,37,366,319,37,10,358,8,600,234,260,98
30,OLT,161,0,Scoala Cu Clasele I-iv Zanoaga,DANEASA,126585,C,3,365,346,19,232,204,19,9,222,10,400,168,171,51
30,OLT,162,0,Caminul Cultural Deveselu,DEVESELU,126647,C,3,1438,1415,23,782,759,23,0,773,9,1500,718,429,344
30,OLT,163,0,Scoala Cu Clasele I-viii Comanca,DEVESELU,126647,C,3,1022,989,33,628,595,33,0,621,7,1100,472,415,206
30,OLT,164,0,Asociatia De Proprietari Vulturi Deveselu,DEVESELU,126647,C,3,213,189,24,101,77,24,0,101,0,200,99,49,52
30,OLT,165,0,Caminul Cultural Dobretu,DOBRETU,126674,C,3,698,679,19,412,393,19,0,405,7,800,388,220,185
30,OLT,166,0,Caminul Cultural Horezu,DOBRETU,126674,C,3,434,422,12,295,283,12,0,294,1,500,205,179,115
30,OLT,167,0,Caminul Cultural Dobroteasa,DOBROTEASA,126772,C,3,1620,1592,28,870,842,28,0,855,15,1800,930,480,375
30,OLT,168,0,Scoala Generala Cu Clasele I-viii Dobrosloveni,DOBROSLOVENI,126718,C,3,1641,1619,22,859,837,22,0,847,12,1800,941,629,218
30,OLT,169,0,Scoala Generala Cu Clasele I-viii Resca,DOBROSLOVENI,126718,C,3,996,986,10,581,571,10,0,565,16,1100,519,433,132
30,OLT,170,0,Scoala Generala Cu Clasele I-iv Frasnet,DOBROSLOVENI,126718,C,3,392,385,7,268,261,7,0,264,4,500,232,145,119
30,OLT,171,0,Scoala Generala Cu Clasele I-viii Sat Dobrun,DOBRUN,126825,C,3,648,631,17,410,393,17,0,409,1,700,290,329,80
30,OLT,172,0,Scoala Generala Cu Clasele I-viii Sat Rosienii Mari,DOBRUN,126825,C,3,695,669,26,618,592,26,0,611,7,800,182,526,85
30,OLT,173,0,Scoala Generala Draghiceni,DRAGHICENI,125490,C,3,1523,1510,13,962,949,13,0,957,5,1700,738,573,384
30,OLT,174,0,Scoala Cu Clasele I-viii  Fagetelu,FAGETELU,126905,C,3,596,576,20,303,283,20,0,299,4,600,297,223,76
30,OLT,175,0,Fosta Scoala Chilia,FAGETELU,126905,C,3,368,354,14,172,158,14,0,167,5,400,228,112,55
30,OLT,176,0,Scoala Generala Cu Clasele I-viii Falcoiu,FALCOIU,126978,C,3,2071,2020,51,1254,1021,51,182,1234,20,2200,946,971,263
30,OLT,177,0,Scoala Generala Cu Clasele I-viii Cioroiu,FALCOIU,126978,C,3,1246,1225,21,1111,1076,21,14,1104,7,1300,189,882,222
30,OLT,178,0,Caminul Cultural Farcasele,FARCASELE,127019,C,3,1756,1742,14,887,873,14,0,883,4,1900,1013,598,285
30,OLT,179,0,Scoala Generala Hotarani,FARCASELE,127019,C,3,720,712,8,410,402,8,0,403,7,800,390,252,151
30,OLT,180,0,Gradinita Din Satul Farcasul De Jos,FARCASELE,127019,C,3,1428,1414,14,786,772,14,0,777,9,1500,714,583,194
30,OLT,181,0,Scoala Generala Ganeasa,GANEASA,127064,C,3,1404,1383,21,690,669,21,0,686,4,1400,710,369,317
30,OLT,182,0,Scoala Generala Dranovatu,GANEASA,127064,C,3,815,795,20,419,399,20,0,411,8,900,481,187,224
30,OLT,183,0,Scoala Din Satul Izvoru,GANEASA,127064,C,3,578,569,9,322,313,9,0,316,6,600,278,202,114
30,OLT,184,0,Scoala Din Satul Gradiste,GANEASA,127064,C,3,205,196,9,130,121,9,0,124,6,300,170,84,40
30,OLT,185,0,Caminul Cultural Gavanesti,GAVANESTI,130302,C,3,661,632,29,368,338,29,1,366,2,700,332,177,189
30,OLT,186,0,Scoala Generala Cu Clasele I-viii Baleasa,GAVANESTI,130302,C,3,801,786,15,424,409,15,0,424,0,900,476,257,167
30,OLT,187,0,Scoala Cu Clasele I-iv Brosteni,GAVANESTI,130302,C,3,343,326,17,187,170,17,0,185,2,400,213,113,72
30,OLT,188,0,Scoala Generala Cu Clasele I-viii Ghimpeteni,GHIMPETENI,130311,C,3,1090,1054,36,528,492,36,0,520,8,1100,572,301,219
30,OLT,189,0,Scoala Generala Cu Clasele I-iv Ghimpetenii Noi,GHIMPETENI,130311,C,3,251,230,21,149,128,21,0,149,0,300,151,86,63
30,OLT,190,0,Scoala Generala Giuvarasti,GIUVARASTI,127126,C,3,2106,2099,7,1167,1160,7,0,1155,12,2100,933,626,529
30,OLT,191,0,Gradinita Cu Program Normal Garcov,GARCOV,125588,C,3,1286,1272,14,653,639,14,0,638,15,1399,746,442,196
30,OLT,192,0,Scoala Generala Ursa,GARCOV,125588,C,3,851,842,9,408,399,9,0,397,11,900,492,251,146
30,OLT,193,0,Scoala Cu Clasele I-viii Gostavatu,GOSTAVATU,127144,C,3,952,929,23,506,483,23,0,497,9,1000,494,400,97
30,OLT,194,0,Gradinita Din Satul Gostavatu,GOSTAVATU,127144,C,3,543,509,34,323,289,34,0,323,0,600,277,249,74
30,OLT,195,0,Sediul Fostului Cap Slaveni,GOSTAVATU,127144,C,3,1261,1240,21,685,664,21,0,682,3,1300,615,514,168
30,OLT,196,0,Scoala Generala Gradinari,GRADINARI,127171,C,3,818,785,33,536,503,33,0,531,5,900,364,365,166
30,OLT,197,0,Scoala Cu Clasele I-iv Petculesti,GRADINARI,127171,C,3,768,751,17,426,409,17,0,420,6,800,374,351,69
30,OLT,198,0,Scoala Cu Clasele I-iv Satul Nou,GRADINARI,127171,C,3,281,265,16,187,171,16,0,185,2,300,113,95,90
30,OLT,199,1,Localul Um 01594,GRADINARI,127171,C,3,47,44,3,47,44,3,0,47,0,200,153,30,17
30,OLT,200,0,Scoala Generala Gradinile,GRADINILE,130320,C,3,1294,1252,42,693,651,42,0,688,5,1300,607,410,278
30,OLT,201,0,Scoala Generala De Linga Primarie,GROJDIBODU,127224,C,3,1826,1790,36,1138,1102,36,0,1123,15,1800,662,711,412
30,OLT,202,0, Fosta Scoala Generala Din Satul Hotaru,GROJDIBODU,127224,C,3,952,909,43,645,602,43,0,638,7,1000,355,465,173
30,OLT,203,0,Scoala Generala Gura Padinii,GURA PADINII,130339,C,3,1583,1545,38,845,807,38,0,841,4,1600,755,495,346
30,OLT,204,0,"Scoala Gnerala ""ada Umbra "" Ianca",IANCA,127251,C,3,2477,2441,36,1710,1674,36,0,1680,30,2500,790,1117,563
30,OLT,205,0,Scoala Generala George Visan Potelu,IANCA,127251,C,3,1161,1131,30,583,553,30,0,572,11,1200,617,387,185
30,OLT,206,0,Scoala Cu Clasele I-viii Iancu Jianu,IANCU JIANU,127288,C,3,1418,1385,33,810,776,33,1,796,14,1400,590,583,213
30,OLT,207,0,Liceul Teoretic Iancu Jianu,IANCU JIANU,127288,C,3,1374,1347,27,684,653,27,4,678,6,1400,716,349,329
30,OLT,208,0,Scoala Cu Clasele I-viii Dobriceni,IANCU JIANU,127288,C,3,797,778,19,391,372,19,0,388,3,900,509,218,170
30,OLT,209,0,Scoala Generala Icona,ICOANA,127322,C,3,700,678,22,333,311,22,0,330,3,800,467,201,129
30,OLT,210,0,Scoala Generala Ursoaia,ICOANA,127322,C,3,657,635,22,340,318,22,0,335,5,700,360,139,196
30,OLT,211,0,Scoala Generala Floru,ICOANA,127322,C,3,524,482,42,287,245,42,0,282,5,600,313,181,101
30,OLT,212,0,Gradinita Nr.2,IPOTESTI,130348,C,3,1140,1110,30,631,595,30,6,616,15,1200,569,473,143
30,OLT,213,0,Gradinita Izbiceni,IZBICENI,127368,C,3,2120,2094,26,1098,1072,26,0,1088,10,2200,1102,632,456
30,OLT,214,0,Scoala Noua,IZBICENI,127368,C,3,1975,1965,10,1139,1129,10,0,1129,10,2000,861,606,523
30,OLT,215,0,Scoala Generala Izvoarele,IZVOARELE,127386,C,3,1112,1090,22,576,554,22,0,568,8,1200,624,375,193
30,OLT,216,0,Scoala Generala Alimanesti(cladirea Veche ),IZVOARELE,127386,C,3,1833,1813,20,1204,1184,20,0,1113,91,1898,694,517,596
30,OLT,217,0,Caminul Cultural Leleasca,LELEASCA,127411,C,3,543,532,11,261,250,11,0,257,4,600,339,201,56
30,OLT,218,0,Scoala Generala Ursi,LELEASCA,127411,C,3,231,221,10,132,122,10,0,131,1,300,168,94,37
30,OLT,219,0,Scoala Generala Mierlicesti,LELEASCA,127411,C,3,216,199,17,140,123,17,0,138,2,300,160,109,29
30,OLT,220,0,Casa Particulara,LELEASCA,127411,C,3,91,79,12,62,50,12,0,62,0,100,38,44,18
30,OLT,221,0,Scoala Generala Tonesti,LELEASCA,127411,C,3,319,298,21,174,153,21,0,174,0,400,226,103,71
30,OLT,222,0,Casa Particulara,LELEASCA,127411,C,3,93,80,13,58,45,13,0,58,0,100,42,42,16
30,OLT,223,0,Scoala Generala Maruntei,MARUNTEI,127493,C,3,2119,2088,31,936,905,31,0,925,11,2200,1264,550,375
30,OLT,224,0,Scoala Generala Balanesti,MARUNTEI,127493,C,3,1182,1148,34,568,534,34,0,559,9,1200,632,336,223
30,OLT,225,0,Scoala Generala Malu Rosu,MARUNTEI,127493,C,3,135,123,12,82,70,12,0,82,0,200,118,58,24
30,OLT,226,0,Scoala Generala Cu Clasele I-viii Mihaesti,MIHAESTI,127536,C,3,906,880,26,516,490,26,0,509,7,1000,484,279,230
30,OLT,227,0,Scoala Generala Cu Clasele I-iv Busca,MIHAESTI,127536,C,3,749,731,18,495,477,18,0,488,7,800,305,162,326
30,OLT,228,0,Caminul Cultural Ulmi,MILCOV,127563,C,3,539,527,12,282,270,12,0,281,1,600,318,191,90
30,OLT,229,0,Scoala Din Satul Milcovul Din Deal,MILCOV,127563,C,3,419,387,32,246,214,32,0,243,3,500,254,167,76
30,OLT,230,0,Scoala Din Satul Milcovul Din Vale,MILCOV,127563,C,3,233,210,23,144,121,23,0,138,6,300,156,107,31
30,OLT,231,0,Caminul Cultural Morunglav,MORUNGLAV,127625,C,3,1384,1350,34,803,769,34,0,795,8,1431,628,482,313
30,OLT,232,0,Scoala Generala Morunesti,MORUNGLAV,127625,C,3,602,579,23,371,347,23,1,365,6,700,329,294,71
30,OLT,233,0,Scoala Generala Barasti,MORUNGLAV,127625,C,3,350,337,13,225,212,13,0,220,5,400,175,170,50
30,OLT,234,0,Scoala Cu Clasele I-viii Movileni,MOVILENI,127689,C,3,1914,1883,31,826,795,31,0,822,4,1900,1074,636,186
30,OLT,235,0,Scoala Cu Clasele I-viii Bacea,MOVILENI,127689,C,3,1179,1120,59,607,548,59,0,593,14,1200,593,379,214
30,OLT,236,0,Scoala Generala Cu Clasele I-viii,NICOLAE TITULESCU,127714,C,3,1115,1089,26,533,507,26,0,526,7,1100,567,404,122
30,OLT,237,0,Scoala Generala Cu Clasele I-iv,OBARSIA,127750,C,3,706,689,17,536,507,17,12,535,1,800,264,444,91
30,OLT,238,0,Scoala Generala Obirsia Noua,OBARSIA,127750,C,3,1110,1095,15,680,645,15,20,672,8,1100,420,412,260
30,OLT,239,0,Scoala Generala Cimpul Parului,OBARSIA,127750,C,3,361,353,8,265,241,8,16,259,6,400,135,173,86
30,OLT,240,0,Scoala Generala Satul Tabonu,OBARSIA,127750,C,3,162,154,8,135,115,8,12,131,4,200,65,109,22
30,OLT,241,0,Scoala Generala Coteni,OBARSIA,127750,C,3,236,224,12,179,154,12,13,178,1,300,121,156,22
30,OLT,242,0,Scoala Generala Cu Clasele I-viii Oboga De Mijloc,OBOGA,127812,C,3,978,955,23,512,489,23,0,504,8,1000,488,261,243
30,OLT,243,0,Scoala Generala Cu Clasele I-iv Oboga De Jos,OBOGA,127812,C,3,421,393,28,366,338,28,0,365,1,500,134,297,68
30,OLT,244,0,Primarie,OPORELU,127858,C,3,1055,1036,19,589,570,19,0,583,6,1100,511,353,230
30,OLT,245,0,Scoala Generala Optasi,OPTASI-MAGURA,127901,C,3,1149,1140,9,545,536,9,0,540,5,1200,655,417,123
30,OLT,246,0,Gradinita Cu Program Normal Orlea,ORLEA,127938,C,3,2195,2163,32,931,899,32,0,921,10,2200,1269,507,414
30,OLT,247,0,Caminul Cultural Osica De Sus,OSICA DE SUS,127983,C,3,1368,1332,36,658,622,36,0,649,9,1400,742,326,323
30,OLT,248,0,Scoala Generala Nr.2 Osica De Sus,OSICA DE SUS,127983,C,3,1626,1593,33,787,754,33,0,782,5,1700,913,384,398
30,OLT,249,0,Scoala Generala Greci,OSICA DE SUS,127983,C,3,1014,960,54,515,461,54,0,506,9,1000,485,360,146
30,OLT,250,0,Scoala Generala Tomeni,OSICA DE SUS,127983,C,3,331,321,10,169,159,10,0,166,3,400,231,137,29
30,OLT,251,0,Scoala  Cu Clasele I-viii Osica De Jos,OSICA DE JOS,130357,C,3,1310,1275,35,770,735,35,0,756,14,1400,630,522,234
30,OLT,252,0,Scoala Generala  De 10 Ani Perieti,PERIETI,128052,C,3,1752,1727,25,836,811,25,0,821,15,1800,964,525,296
30,OLT,253,0,Scoala Generala Parscoveni,PARSCOVENI,128178,C,3,1438,1393,45,692,647,45,0,683,9,1500,808,416,267
30,OLT,254,0,Scoala Generala Soparlita,PARSCOVENI,128178,C,3,1099,1082,17,552,487,17,48,542,10,1200,648,363,179
30,OLT,255,0,Scoala Generala Olari,PARSCOVENI,128178,C,3,1130,1113,17,541,524,17,0,536,5,1200,659,397,139
30,OLT,256,0,Scoala Cu Clasele I-viii Plesoiu,PLESOIU,128221,C,3,1346,1307,39,703,664,39,0,695,8,1400,697,430,265
30,OLT,257,0,Scoala Cu Clasele I-viii Doba,PLESOIU,128221,C,3,1240,1208,32,595,563,32,0,584,11,1300,705,365,219
30,OLT,258,0,Scoala Poboru,POBORU,128301,C,3,680,669,11,438,427,11,0,437,1,798,360,267,170
30,OLT,259,0,Scoala Cornatelu,POBORU,128301,C,3,877,867,10,482,470,10,2,472,10,900,418,314,158
30,OLT,260,0,Scoala Seaca,POBORU,128301,C,3,231,219,12,165,153,12,0,163,2,300,135,122,41
30,OLT,261,0,Caminul Cultural Priseaca,PRISEACA,128436,C,3,1597,1570,27,816,789,27,0,812,4,1600,784,398,414
30,OLT,262,0,Primarie,RADOMIRESTI,128472,C,3,1372,1367,5,635,629,5,1,630,5,1400,765,440,190
30,OLT,263,0,Gradinita Craciunei,RADOMIRESTI,128472,C,3,729,719,10,392,382,10,0,384,8,800,408,270,114
30,OLT,264,0,Scoala Poiana,RADOMIRESTI,128472,C,3,322,316,6,181,175,6,0,180,1,400,219,129,51
30,OLT,265,0,Scoala Veche Calinesti,RADOMIRESTI,128472,C,3,1000,989,11,497,486,11,0,491,6,1000,503,376,115
30,OLT,266,0,Caminul Cultural Redea,REDEA,128524,C,3,1919,1885,34,848,814,34,0,837,11,2000,1152,553,284
30,OLT,267,0,Scoala Redisoara,REDEA,128524,C,3,447,410,37,298,261,37,0,295,3,500,202,234,61
30,OLT,268,0,Scoala Valea Soarelui,REDEA,128524,C,3,259,237,22,176,154,22,0,172,4,300,124,146,26
30,OLT,269,0,Fostul Cap Rotunda,ROTUNDA,128560,C,3,2512,2485,27,1257,1230,27,0,1241,16,2600,1343,796,445
30,OLT,270,0,Scoala Generala Nr.1 Rusanesti,RUSANESTI,128588,C,3,1447,1343,104,741,637,104,0,734,7,1400,659,512,222
30,OLT,271,0,Scoala Generala Nr.2 Rusanesti,RUSANESTI,128588,C,3,1576,1469,107,719,612,107,0,715,4,1500,781,441,274
30,OLT,272,0,Scoala Generala Jieni,RUSANESTI,128588,C,3,1013,987,26,575,548,26,1,566,9,1000,425,351,215
30,OLT,273,0,Caminul Cultural Scarisoara,SCARISOARA,128613,C,3,1840,1828,12,928,916,12,0,917,11,1900,972,628,289
30,OLT,274,0,Scoala Generala I-iv Plaviceni,SCARISOARA,128613,C,3,633,621,12,289,277,12,0,287,2,700,411,211,76
30,OLT,275,0,Primaria Comunei Schitu,SCHITU,128659,C,3,1560,1550,10,1507,1497,10,0,1385,122,1600,93,1164,221
30,OLT,276,0,Scoala Generala Greci,SCHITU,128659,C,3,776,749,27,688,661,27,0,683,5,800,112,518,165
30,OLT,277,0,Gradinita Cu Program Normal Seaca,SEACA,128864,C,3,1976,1959,17,1060,1043,17,0,1049,11,2100,1040,780,269
30,OLT,278,0,Scoala Generala Simburesti,SAMBURESTI,128882,C,3,1034,1012,22,568,546,22,0,562,6,1100,532,372,190
30,OLT,279,0,Scoala Generala Vitanesti,SARBII - MAGURA,130366,C,3,986,942,44,438,394,44,0,428,10,1000,562,288,140
30,OLT,280,0,Scoala Generala Braniste,SARBII - MAGURA,130366,C,3,790,696,94,482,388,94,0,472,10,800,318,352,120
30,OLT,281,0,Gradinita Slatioara,SLATIOARA,125374,C,3,2026,1994,32,969,936,32,1,966,3,2100,1131,475,491
30,OLT,282,0,Scala Generala Alunisu,SPINENI,128962,C,3,478,469,9,239,230,9,0,236,3,500,261,150,86
30,OLT,283,0,Scoala Generala Profa,SPINENI,128962,C,3,509,502,7,260,253,7,0,257,3,600,340,146,111
30,OLT,284,0,Caminul Cultural Spineni,SPINENI,128962,C,3,651,639,12,420,408,12,0,415,5,700,280,300,115
30,OLT,285,0,Caminul Cultural Viespesti,SPRANCENATA,129040,C,3,1727,1711,16,723,707,16,0,710,13,1800,1077,443,267
30,OLT,286,0,Caminul Cultural Frunzaru,SPRANCENATA,129040,C,3,650,632,18,364,346,18,0,356,8,700,336,261,95
30,OLT,287,0,Caminul Cultural Stoenesti,STOENESTI,129095,C,3,1865,1839,26,1275,1175,26,74,1260,15,1900,625,869,391
30,OLT,288,0,Scoala Generala Din Vale,STOICANESTI,129111,C,3,2667,2655,12,1516,1504,12,0,1481,35,2800,1284,1155,326
30,OLT,289,0,Scoala Generala Strejesti,STREJESTI,129139,C,3,853,837,16,426,410,16,0,411,15,900,474,284,127
30,OLT,290,0,Scoala Generala Strejestii De Sus,STREJESTI,129139,C,3,1394,1379,15,850,835,15,0,844,6,1500,650,658,186
30,OLT,291,0,Scoala Generala Colibasi,STREJESTI,129139,C,3,418,406,12,236,224,12,0,231,5,500,264,111,120
30,OLT,292,0,Caminul Cultural Studina,STUDINA,129184,C,3,1470,1437,33,763,730,33,0,758,5,1500,737,497,261
30,OLT,293,0,Scoala Generala Studinita,STUDINA,129184,C,3,1035,1005,30,530,500,30,0,524,6,1100,570,406,118
30,OLT,294,0,Caminul Cultural Serbanesti,SERBANESTI,129246,C,3,2508,2486,22,1282,1260,22,0,1255,27,2600,1318,699,556
30,OLT,295,0,Caminul Cultural Stefan Cel Mare,STEFAN CEL MARE,129282,C,3,1303,1293,10,693,683,10,0,676,17,1400,707,384,292
30,OLT,296,0,Gradinita Ianca Noua,STEFAN CEL MARE,129282,C,3,545,525,20,320,300,20,0,319,1,600,280,179,140
30,OLT,297,0,Caminul Cultural,TATULESTI,129317,C,3,466,444,22,390,354,22,14,384,6,500,110,271,113
30,OLT,298,0,Scoala Generala Barbalai,TATULESTI,129317,C,3,196,181,15,168,148,15,5,165,3,200,32,129,36
30,OLT,299,0,Scoala Generala Mircesti,TATULESTI,129317,C,3,283,271,12,260,243,12,5,260,0,300,40,184,76
30,OLT,300,0,Scoala Generala Teslui (sat Cherlesti Vale ),TESLUI,129380,C,3,1346,1325,21,624,603,21,0,621,3,1400,776,379,242
30,OLT,301,0,Scoala Generala Comanita,TESLUI,129380,C,3,804,765,39,486,447,39,0,485,1,900,414,323,162
30,OLT,302,0,Scoala Generala Doanca,TIA MARE,129460,C,3,1076,1067,9,676,667,9,0,672,4,1100,424,470,202
30,OLT,303,0,Gradinita Potlogeni,TIA MARE,129460,C,3,1347,1335,12,1025,1013,12,0,1018,7,1400,375,861,157
30,OLT,304,0,Gradinita Tia Mare,TIA MARE,129460,C,3,1351,1334,17,866,849,17,0,854,12,1400,534,639,215
30,OLT,305,0,Scoala Topana,TOPANA,129503,C,3,355,349,6,176,170,6,0,173,3,400,224,96,77
30,OLT,306,0,Scoala Ungureni,TOPANA,129503,C,3,156,150,6,80,74,6,0,80,0,200,120,47,33
30,OLT,307,0,Scoala Cindelesti,TOPANA,129503,C,3,131,125,6,71,65,6,0,70,1,200,129,43,27
30,OLT,308,0,Scoala Gojgarei,TOPANA,129503,C,3,206,195,11,111,100,11,0,110,1,300,189,68,42
30,OLT,309,0,Localul Nr.2 Al Scolii Cu Clasele I-viii,TRAIAN,129567,C,3,2728,2720,8,1510,1502,8,0,1491,19,2800,1290,1066,425
30,OLT,310,0,Scoala Veche Tufeni,TUFENI,129585,C,3,1424,1394,30,763,733,30,0,758,5,1500,737,527,231
30,OLT,311,0,Scoala Noua Stoborasti,TUFENI,129585,C,3,1070,1041,29,532,503,29,0,527,5,1100,568,374,153
30,OLT,312,0,Scoala Cu Clasele I-viii Urzica Cladirea Din Vecinatatea Primariei,URZICA,129629,C,3,1358,1358,0,722,709,0,13,712,10,1400,678,426,286
30,OLT,313,0,Scoala Noua Stavarul,URZICA,129629,C,3,756,739,17,421,401,17,3,418,3,800,379,289,129
30,OLT,314,0,Scoala Generala Valea Mare,VALEA MARE,129656,C,3,1987,1971,16,766,750,16,0,754,12,2000,1234,383,371
30,OLT,315,0,Scoala Generala Turia,VALEA MARE,129656,C,3,547,534,13,269,256,13,0,265,4,600,331,174,91
30,OLT,316,0,Scoala Generala Zorleasca,VALEA MARE,129656,C,3,543,531,12,258,246,12,0,256,2,600,342,148,108
30,OLT,317,0,Scoala Generala Vadastra,VADASTRA,129718,C,3,1351,1330,21,836,792,21,23,827,9,1400,564,556,271
30,OLT,318,0,Caminul Cultural Vadastrita,VADASTRITA,129745,C,3,3007,2995,12,1694,1682,12,0,1673,21,3100,1406,1085,588
30,OLT,319,0,Liceul Teoretic Valeni,VALENI,129763,C,3,2126,2102,24,985,960,24,1,972,13,2200,1215,683,289
30,OLT,320,0,Scoala Generala Mandra,VALENI,129763,C,3,639,595,44,369,325,44,0,368,1,700,331,265,103
30,OLT,321,0,Scoala Cu Clasele I-viii Cazanesti,VERGULEASA,129816,C,3,859,828,31,456,425,31,0,449,7,900,444,317,132
30,OLT,322,0,Caminul Cultural Poganu,VERGULEASA,129816,C,3,1033,1009,24,613,589,24,0,601,12,1100,487,404,197
30,OLT,323,0,Scoala Cu Clasele I-iv Dumitresti,VERGULEASA,129816,C,3,744,718,26,483,457,26,0,471,12,800,317,339,132
30,OLT,324,0,Caminul Cultural Visina,VISINA,129898,C,3,2750,2723,27,1688,1661,27,0,1643,45,2800,1112,923,720
30,OLT,325,0,Scoala Generala Visina Noua (localul Vechi ),VISINA NOUA,130375,C,3,1645,1621,24,913,889,24,0,901,12,1700,787,591,310
30,OLT,326,0,Liceul Vitomiresti,VITOMIRESTI,129914,C,3,544,517,27,293,266,27,0,289,4,600,307,161,128
30,OLT,327,0,Scoala Generala Bulimanu,VITOMIRESTI,129914,C,3,243,231,12,151,137,12,2,148,3,300,149,110,38
30,OLT,328,0,Scoala Generala Trepteni,VITOMIRESTI,129914,C,3,323,314,9,176,167,9,0,176,0,400,224,143,33
30,OLT,329,0,Scoala Generala Dejesti,VITOMIRESTI,129914,C,3,729,718,11,378,366,11,1,376,2,900,522,283,93
30,OLT,330,0,Scoala Generala Donesti,VITOMIRESTI,129914,C,3,230,201,29,162,133,29,0,161,1,300,138,124,37
30,OLT,331,0,Scoala Generala Olteni,VALCELE,129987,C,3,1543,1521,22,801,779,22,0,788,13,1600,799,494,294
30,OLT,332,0,Scoala Generala Barcanesti,VALCELE,129987,C,3,628,577,51,373,322,51,0,363,10,700,327,264,99
30,OLT,333,0,Scoala Generala Vladila,VLADILA,130026,C,3,1755,1736,19,837,818,19,0,827,10,1800,963,500,327
30,OLT,334,0,Caminul Cultural Voineasa Mica,VOINEASA,130062,C,3,835,807,28,377,349,28,0,368,9,900,523,243,125
30,OLT,335,0,Scoala Generala Margaritesti,VOINEASA,130062,C,3,1008,974,34,405,371,34,0,402,3,1000,595,282,120
30,OLT,336,0,Scoala Generala Vulpeni,VULPENI,130124,C,3,1388,1372,16,782,766,16,0,764,18,1500,718,450,314
30,OLT,337,0,Scoala Generala Gropsani,VULPENI,130124,C,3,800,796,4,410,406,4,0,404,6,900,490,276,128
30,OLT,338,0,Scoala Generala Vulturesti,VULTURESTI,130231,C,3,1245,1219,26,589,563,26,0,584,5,1300,711,455,129
30,OLT,339,0,Fostul Sediu Cap Dienci,VULTURESTI,130231,C,3,962,954,8,490,482,8,0,481,9,1000,510,363,118
31,PRAHOVA,1,0,PALATUL CULTURII B-dul Republicii nr.4,MUNICIPIUL PLOIESTI,130534,M,1,1420,1393,27,933,903,27,3,924,9,1500,567,315,609
31,PRAHOVA,2,0,CASA DE CULTURA A SINDICATELOR B-dul Republicii nr.65,MUNICIPIUL PLOIESTI,130534,M,1,1210,1189,21,809,785,21,3,799,10,1300,491,308,491
31,PRAHOVA,3,0,CASA DE CULTURA A SINDICATELOR B-dul Republicii nr.65,MUNICIPIUL PLOIESTI,130534,M,1,1091,1078,13,781,743,13,25,781,0,1200,419,253,528
31,PRAHOVA,4,0,LICEUL ALEXANDRU IOAN CUZA Str. Trei Ierarhi nr. 10,MUNICIPIUL PLOIESTI,130534,M,1,1362,1325,37,891,854,37,0,885,6,1300,409,286,599
31,PRAHOVA,5,0,SCOALA NR. 4 <<ELENA DOAMNA>> Str. Elena Doamna nr. 25,MUNICIPIUL PLOIESTI,130534,M,1,1547,1528,19,1028,1007,19,2,1020,8,1700,672,357,663
31,PRAHOVA,6,0,SCOALA NR. 4 <<ELENA DOAMNA>> Str. Elena Doamna nr. 25,MUNICIPIUL PLOIESTI,130534,M,1,1479,1461,18,963,943,18,2,961,2,1600,637,335,626
31,PRAHOVA,7,0,SCOALA NR.7 <<CANDIANO POPESCU>> Str. Nucilor nr. 39,MUNICIPIUL PLOIESTI,130534,M,1,1522,1508,14,966,950,14,2,964,2,1600,634,275,689
31,PRAHOVA,8,0,SCOALA NR.7 <<CANDIANO POPESCU>> Str. Nucilor nr. 39,MUNICIPIUL PLOIESTI,130534,M,1,1181,1171,10,635,625,10,0,627,8,1300,665,197,430
31,PRAHOVA,9,0,COLEGIUL  <<ION LUCA CARAGIALE>> Str. Gh. Doja nr. 98,MUNICIPIUL PLOIESTI,130534,M,1,1492,1469,23,874,850,23,1,869,5,1600,726,292,577
31,PRAHOVA,10,0,COLEGIUL  <<ION LUCA CARAGIALE>> Str. Gh. Doja nr. 98,MUNICIPIUL PLOIESTI,130534,M,1,1531,1417,114,954,833,114,7,948,6,1500,546,315,633
31,PRAHOVA,11,0,DIRECTIA JUDETEANA A SPORTURILOR Str. Pielari nr. 5,MUNICIPIUL PLOIESTI,130534,M,1,1400,1388,12,671,658,12,1,662,9,1400,729,246,416
31,PRAHOVA,12,0,DIRECTIA JUDETEANA A SPORTURILOR Str. Pielari nr. 5,MUNICIPIUL PLOIESTI,130534,M,1,1481,1462,19,873,853,19,1,864,9,1600,727,280,584
31,PRAHOVA,13,0,GRUPUL SCOLAR DE ARTE SI MESERII <<SPIRU HARET>> Str. Toma Ionescu nr. 27,MUNICIPIUL PLOIESTI,130534,M,1,1266,1253,13,709,693,13,3,705,4,1400,691,198,507
31,PRAHOVA,14,0,ANEXA SCOLII NR.21 ( <<SFANTA VINERI>>) Str. Stadionului nr. 9,MUNICIPIUL PLOIESTI,130534,M,1,1150,1131,19,699,679,19,1,697,2,1200,501,244,453
31,PRAHOVA,15,0,MUZEUL DE ISTORIE Str. Toma Caragiu nr. 10,MUNICIPIUL PLOIESTI,130534,M,1,1082,1063,19,661,641,19,1,659,2,1200,539,243,416
31,PRAHOVA,16,0,COLEGIUL  <<MIHAI VITEAZUL>> B-dul Independentei nr. 8,MUNICIPIUL PLOIESTI,130534,M,1,931,901,30,601,570,30,1,598,3,1000,399,182,416
31,PRAHOVA,17,0,CLUBUL SPORTIV SCOLAR Str. Stefan cel Mare nr. 5,MUNICIPIUL PLOIESTI,130534,M,1,1148,1099,49,766,715,49,2,760,6,1200,434,224,536
31,PRAHOVA,18,0,SC. << ELECTRICA >> SA Marasesti nr. 44,MUNICIPIUL PLOIESTI,130534,M,1,1318,1301,17,805,786,17,2,801,4,1400,595,274,527
31,PRAHOVA,19,0,SALA SPORTURILOR <<OLIMPIA>> Parcul Tineretului,MUNICIPIUL PLOIESTI,130534,M,1,1509,1484,25,933,903,25,5,924,9,1614,681,284,640
31,PRAHOVA,20,0,SALA SPORTURILOR <<OLIMPIA>> Parcul Tineretului,MUNICIPIUL PLOIESTI,130534,M,1,1487,1468,19,874,855,19,0,872,2,1600,726,285,587
31,PRAHOVA,21,0,"SCOALA NR. 12 ""NICOLAE TITULESCU"" Str. Popa Farcas nr. 23",MUNICIPIUL PLOIESTI,130534,M,1,1263,1248,15,794,778,15,1,789,5,1400,606,214,575
31,PRAHOVA,22,0,"SCOALA NR. 12 ""NICOLAE TITULESCU"" Str. Popa Farcas nr. 23",MUNICIPIUL PLOIESTI,130534,M,1,1533,1508,25,1000,971,25,4,995,5,1800,800,254,741
31,PRAHOVA,23,0,ANEXA GRUP SCOLAR INDUSTRIAL TRANSPORTURI (fost Liceul Auto) Str. Traian nr. 28,MUNICIPIUL PLOIESTI,130534,M,1,1615,1589,26,959,933,26,0,957,2,1700,741,282,675
31,PRAHOVA,24,0,"SCOALA NR. 14 ""SFANTUL VASILE""  B-dul Republicii nr. 145",MUNICIPIUL PLOIESTI,130534,M,1,1629,1609,20,1129,1107,20,2,1125,4,1800,671,343,782
31,PRAHOVA,25,0,"SCOALA NR. 14 ""SFANTUL VASILE""  B-dul Republicii nr. 145",MUNICIPIUL PLOIESTI,130534,M,1,1589,1570,19,1054,1034,19,1,1046,8,1700,646,333,713
31,PRAHOVA,26,0,"SCOALA NR. 14 ""SFANTUL VASILE""  B-dul Republicii nr. 145",MUNICIPIUL PLOIESTI,130534,M,1,1368,1355,13,877,862,13,2,872,5,1500,623,276,596
31,PRAHOVA,27,0,"SCOALA NR. 14 ""SFANTUL VASILE""  B-dul Republicii nr. 145",MUNICIPIUL PLOIESTI,130534,M,1,1623,1609,14,1054,1040,14,0,1049,5,1800,746,274,775
31,PRAHOVA,28,0,"SCOALA NR. 13 ""DIMITRIE BOLINTINEANU"" Str. Dimitrie Bolintineanu nr. 32",MUNICIPIUL PLOIESTI,130534,M,1,1253,1230,23,838,815,23,0,831,7,1300,462,244,587
31,PRAHOVA,29,0,"SCOALA NR. 13 ""DIMITRIE BOLINTINEANU"" Str. Dimitrie Bolintineanu nr. 32",MUNICIPIUL PLOIESTI,130534,M,1,1152,1139,13,703,690,13,0,700,3,1200,497,212,488
31,PRAHOVA,30,0,SEDIUL REGIEI AUTONOME DE TRANSPORT PUBLIC Str. Gageni nr. 88,MUNICIPIUL PLOIESTI,130534,M,1,1416,1396,20,736,716,20,0,723,13,1502,766,296,427
31,PRAHOVA,31,0,SEDIUL REGIEI AUTONOME DE TRANSPORT PUBLIC Str. Gageni nr. 88,MUNICIPIUL PLOIESTI,130534,M,1,1360,1344,16,808,791,16,1,806,2,1300,492,237,569
31,PRAHOVA,32,0,SEDIUL REGIEI AUTONOME DE TRANSPORT PUBLIC Str. Gageni nr. 88,MUNICIPIUL PLOIESTI,130534,M,1,1106,1085,21,671,650,21,0,665,6,1200,529,249,416
31,PRAHOVA,33,0,"SC. ""COMCEREAL"""" SA PLOIESTI Str. Valeni nr. 137",MUNICIPIUL PLOIESTI,130534,M,1,1636,1603,33,1003,970,33,0,998,5,1803,800,327,671
31,PRAHOVA,34,0,SCOALA NR. 16  <<ANTON PANN>> Str. Luminisului nr. 8,MUNICIPIUL PLOIESTI,130534,M,1,1556,1540,16,809,793,16,0,798,11,1704,895,349,449
31,PRAHOVA,35,0,SCOALA NR. 16  <<ANTON PANN>> Str. Luminisului nr. 8,MUNICIPIUL PLOIESTI,130534,M,1,1608,1595,13,888,875,13,0,876,12,1702,814,372,504
31,PRAHOVA,36,0,SPATIUL MUNICIPIULUI PLOIESTI Str. Strandului nr. 19,MUNICIPIUL PLOIESTI,130534,M,1,1372,1353,19,757,736,19,2,747,10,1501,744,326,421
31,PRAHOVA,37,0,BLOCUL 24 B PARTER Str. Mihai Bravu nr. 214,MUNICIPIUL PLOIESTI,130534,M,1,1602,1593,9,873,864,9,0,868,5,1800,927,294,574
31,PRAHOVA,38,0,BLOCUL 24 B PARTER Str. Mihai Bravu nr. 214,MUNICIPIUL PLOIESTI,130534,M,1,1393,1366,27,789,762,27,0,784,5,1700,911,305,479
31,PRAHOVA,39,0,CANTINA DE AJUTOR SOCIAL Str. Mihai Bravu nr. 231,MUNICIPIUL PLOIESTI,130534,M,1,1636,1601,35,917,882,35,0,911,6,1800,883,311,600
31,PRAHOVA,40,0,CANTINA DE AJUTOR SOCIAL Str. Mihai Bravu nr. 231,MUNICIPIUL PLOIESTI,130534,M,1,1415,1401,14,820,806,14,0,815,5,1500,680,238,577
31,PRAHOVA,41,0,OFICIUL POSTAL NR. 11 Str. Chimiei nr. 3,MUNICIPIUL PLOIESTI,130534,M,1,1756,1736,20,916,896,20,0,907,9,1900,984,341,566
31,PRAHOVA,42,0,GRUP SCOLAR TELEAJEN Str. Mihai Bravu nr. 241,MUNICIPIUL PLOIESTI,130534,M,1,755,630,125,452,327,125,0,444,8,700,248,163,281
31,PRAHOVA,43,0,GRADINITA DE COPII NR. 4 Str. Rosiori nr. 28,MUNICIPIUL PLOIESTI,130534,M,1,794,781,13,530,511,13,6,524,6,900,370,162,362
31,PRAHOVA,44,0,"SCOALA NR. 17 ""IOAN GRIGORESCU"" Str. Izvoare nr. 81",MUNICIPIUL PLOIESTI,130534,M,1,1160,1136,24,622,595,24,3,620,2,1200,578,265,355
31,PRAHOVA,45,0,"SCOALA NR.17 ""IOAN GRIGORESCU"" Str.Izvoare nr.81",MUNICIPIUL PLOIESTI,130534,M,1,1258,1240,18,789,769,18,2,783,6,1400,611,335,448
31,PRAHOVA,46,0,"SCOALA NR.17 ""IOAN GRIGORESCU"" Str.Izvoare nr.81",MUNICIPIUL PLOIESTI,130534,M,1,1073,1062,11,567,553,11,3,565,2,1200,633,202,363
31,PRAHOVA,47,0,"SCOALA NR.9 ""RARES VODA"" Str.Vornicul Boldur nr.3",MUNICIPIUL PLOIESTI,130534,M,1,1180,1164,16,770,749,16,5,764,6,1300,530,239,525
31,PRAHOVA,48,0,CASA CORPULUI DIDACTIC Str.Democratiei nr.35,MUNICIPIUL PLOIESTI,130534,M,1,1179,1164,15,720,705,15,0,717,3,1300,580,220,497
31,PRAHOVA,49,0,CASA CORPULUI DIDACTIC Str.Democratiei nr.35,MUNICIPIUL PLOIESTI,130534,M,1,868,843,25,563,537,25,1,562,1,900,337,142,420
31,PRAHOVA,50,0,LICEUL PEDAGOGIC PLOIESTI Str.Nicolae Iorga nr.7,MUNICIPIUL PLOIESTI,130534,M,1,1342,1320,22,889,865,22,2,887,2,1400,511,251,636
31,PRAHOVA,51,0,"GRUP SCOLAR ADMINISTRATIV SERVICII ""VICTOR SLAVESCU""(fosta SCOLA NR.32) Str.Teleajen nr.11",MUNICIPIUL PLOIESTI,130534,M,1,1383,1363,20,861,841,20,0,854,7,1500,639,282,572
31,PRAHOVA,52,0,"GRUP SCOLAR ADMINISTRATIV SERVICII ""VICTOR SLAVESCU""(fosta SCOLA NR.32) Str.Teleajen nr.11",MUNICIPIUL PLOIESTI,130534,M,1,1302,1279,23,849,823,23,3,840,9,1400,551,323,517
31,PRAHOVA,53,0,"SCOALA NR.10 ""GEORGE COSBUC"" Str.Alexandru Lapusneanu nr.17",MUNICIPIUL PLOIESTI,130534,M,1,1465,1434,31,929,897,31,1,919,10,1600,671,336,583
31,PRAHOVA,54,0,"SCOALA NR.10 ""GEORGE COSBUC"" Str.Alexandru Lapusneanu nr.17",MUNICIPIUL PLOIESTI,130534,M,1,1316,1302,14,784,769,14,1,776,8,1409,625,258,518
31,PRAHOVA,55,0,"SCOALA NR.18 ""UNIREA"" Str.Fagaras nr.1",MUNICIPIUL PLOIESTI,130534,M,1,1792,1775,17,1032,1013,17,2,1020,12,1900,868,479,541
31,PRAHOVA,56,0,GRUPUL SCOLAR 1 MAI B-dul Petrolului nr.16,MUNICIPIUL PLOIESTI,130534,M,1,1680,1656,24,909,884,24,1,902,7,1800,891,313,589
31,PRAHOVA,57,0,GRUPUL SCOLAR 1 MAI B-dul Petrolului nr.16,MUNICIPIUL PLOIESTI,130534,M,1,1277,1257,20,628,608,20,0,624,4,1400,772,258,366
31,PRAHOVA,58,0,"COLEGIUL ""LAZAR EDELEANU""(fost LICEUL DE CHIMIE) B-dul Petrolului nr.14",MUNICIPIUL PLOIESTI,130534,M,1,1456,1437,19,817,796,19,2,810,7,1600,783,208,602
31,PRAHOVA,59,0,"COLEGIUL ""LAZAR EDELEANU""(fost LICEUL DE CHIMIE) B-dul Petrolului nr.14",MUNICIPIUL PLOIESTI,130534,M,1,1513,1487,26,820,794,26,0,812,8,1600,780,275,537
31,PRAHOVA,60,0,"SCOALA NR.15 ""MIHAIL EMINESCU"" B-dul Bucuresti nr.25 A",MUNICIPIUL PLOIESTI,130534,M,1,1524,1507,17,923,906,17,0,918,5,1700,777,290,628
31,PRAHOVA,61,0,"SCOALA NR.15 ""MIHAIL EMINESCU"" B-dul Bucuresti nr.25 A",MUNICIPIUL PLOIESTI,130534,M,1,1604,1583,21,978,957,21,0,968,10,1700,722,315,653
31,PRAHOVA,62,0,SCOALA NR.19 B-dul Petrolului nr.7,MUNICIPIUL PLOIESTI,130534,M,1,866,827,39,449,410,39,0,445,4,900,451,145,300
31,PRAHOVA,63,0,"SCOALA NR.1 ""RADU STANIAN"" Str.Bobalna nr.76",MUNICIPIUL PLOIESTI,130534,M,1,1232,1212,20,841,819,20,2,832,9,1300,459,289,543
31,PRAHOVA,64,0,LICEUL DE ARTA Str.Bobalna nr.44,MUNICIPIUL PLOIESTI,130534,M,1,1202,1169,33,780,745,33,2,776,4,1300,520,255,521
31,PRAHOVA,65,0,LICEUL DE ARTA Str.Bobalna nr.44,MUNICIPIUL PLOIESTI,130534,M,1,862,855,7,584,577,7,0,582,2,900,316,167,415
31,PRAHOVA,66,0,SEDIUL REGIEI DE APA Str.Ana Ipatescu nr.8,MUNICIPIUL PLOIESTI,130534,M,1,1296,1206,90,1023,807,90,126,1016,7,1300,277,311,705
31,PRAHOVA,67,0,"COLEGIUL ""SPIRU HARET""(fost Liceul de Constructii Masini) Str.Constructorului nr.8",MUNICIPIUL PLOIESTI,130534,M,1,860,791,69,564,495,69,0,557,7,900,336,201,356
31,PRAHOVA,68,0,OCOLUL SILVIC PLOIESTI Str.Eroilor nr.58,MUNICIPIUL PLOIESTI,130534,M,1,1218,1200,18,636,618,18,0,626,10,1300,664,208,418
31,PRAHOVA,69,0,TMUCB Str.Rudului nr.268,MUNICIPIUL PLOIESTI,130534,M,1,830,819,11,419,408,11,0,412,7,900,481,151,261
31,PRAHOVA,70,0,"SCOALA NR.11 ""FLORIN COMISEL"" Str.Jupiter nr.6",MUNICIPIUL PLOIESTI,130534,M,1,1416,1401,15,816,801,15,0,805,11,1500,684,306,499
31,PRAHOVA,71,0,SCOALA NR.20 Str.Marasesti nr.239,MUNICIPIUL PLOIESTI,130534,M,1,1279,1258,21,769,747,21,1,765,4,1400,631,227,538
31,PRAHOVA,72,0,SCOALA NR.20 Str.Marasesti nr.239,MUNICIPIUL PLOIESTI,130534,M,1,1370,1361,9,806,797,9,0,801,5,1500,694,269,532
31,PRAHOVA,73,0,SCOALA NR.20 Str.Marasesti nr.239,MUNICIPIUL PLOIESTI,130534,M,1,1546,1525,21,916,892,21,3,911,5,1700,784,263,648
31,PRAHOVA,74,0,SCOALA NR.20 Str.Marasesti nr.239,MUNICIPIUL PLOIESTI,130534,M,1,997,979,18,475,457,18,0,474,1,1100,625,131,343
31,PRAHOVA,75,0,SCOALA NR.20 Str.Marasesti nr.239,MUNICIPIUL PLOIESTI,130534,M,1,1523,1513,10,843,833,10,0,836,7,1695,852,258,578
31,PRAHOVA,76,0,SCOALA NR.20 Str.Marasesti nr.239,MUNICIPIUL PLOIESTI,130534,M,1,1164,1156,8,676,668,8,0,671,5,1300,624,193,478
31,PRAHOVA,77,0,SCOALA I.A.BASARABESCU Aleea Strunga nr.2,MUNICIPIUL PLOIESTI,130534,M,1,1369,1345,24,799,775,24,0,795,4,1500,701,221,574
31,PRAHOVA,78,0,SCOALA I.A.BASARABESCU Aleea Strunga nr.2,MUNICIPIUL PLOIESTI,130534,M,1,1758,1743,15,1063,1048,15,0,1057,6,2000,937,316,741
31,PRAHOVA,79,0,SCOALA I.A.BASARABESCU Aleea Strunga nr.2,MUNICIPIUL PLOIESTI,130534,M,1,1455,1440,15,798,783,15,0,794,4,1600,802,254,540
31,PRAHOVA,80,0,CENTRUL MILITAR Sos.Vestului nr.14-16,MUNICIPIUL PLOIESTI,130534,M,1,1550,1523,27,834,807,27,0,831,3,1700,866,281,550
31,PRAHOVA,81,0,CENTRUL MILITAR Sos.Vestului nr.14-16,MUNICIPIUL PLOIESTI,130534,M,1,1560,1540,20,917,897,20,0,914,3,1700,783,292,622
31,PRAHOVA,82,0,SCOALA NR.29 Aleea Godeanu nr.4,MUNICIPIUL PLOIESTI,130534,M,1,1567,1557,10,883,872,10,1,881,2,1700,817,331,550
31,PRAHOVA,83,0,SCOALA NR.29 Aleea Godeanu nr.4,MUNICIPIUL PLOIESTI,130534,M,1,1371,1352,19,744,725,19,0,741,3,1500,756,281,460
31,PRAHOVA,84,0,SCOALA NR.29 Aleea Godeanu nr.4,MUNICIPIUL PLOIESTI,130534,M,1,1529,1512,17,801,784,17,0,790,11,1700,899,270,520
31,PRAHOVA,85,0,SCOALA NR.29 Aleea Godeanu nr.4,MUNICIPIUL PLOIESTI,130534,M,1,1406,1383,23,745,721,23,1,742,3,1500,755,237,505
31,PRAHOVA,86,0,GRADINITA NR.50 Aleea Godeanu nr.4,MUNICIPIUL PLOIESTI,130534,M,1,1264,1243,21,773,752,21,0,768,5,1400,627,267,501
31,PRAHOVA,87,0,GRADINITA NR.50 Aleea Godeanu nr.4,MUNICIPIUL PLOIESTI,130534,M,1,1312,1301,11,780,767,11,2,777,3,1400,620,233,544
31,PRAHOVA,88,0,GRADINITA NR.40 Str.Anotimpului nr.1,MUNICIPIUL PLOIESTI,130534,M,1,1385,1368,17,732,715,17,0,727,5,1520,788,269,458
31,PRAHOVA,89,0,GRADINITA NR.40 Str.Anotimpului nr.1,MUNICIPIUL PLOIESTI,130534,M,1,1089,1077,12,602,589,12,1,600,2,1200,598,234,366
31,PRAHOVA,90,0,GRADINITA NR.40 Str.Anotimpului nr.1,MUNICIPIUL PLOIESTI,130534,M,1,1628,1614,14,922,907,14,1,918,4,1800,878,309,609
31,PRAHOVA,91,0,"SCOALA NR.3 ""TOMA CARAGIU"" Str.Minerva nr.4",MUNICIPIUL PLOIESTI,130534,M,1,1363,1348,15,794,779,15,0,788,6,1502,708,299,489
31,PRAHOVA,92,0,"SCOALA NR.3 ""TOMA CARAGIU"" Str.Minerva nr.4",MUNICIPIUL PLOIESTI,130534,M,1,1021,1005,16,557,541,16,0,550,7,1100,543,198,352
31,PRAHOVA,93,0,"SCOALA NR.3 ""TOMA CARAGIU"" Str.Minerva nr.4",MUNICIPIUL PLOIESTI,130534,M,1,1544,1529,15,837,822,15,0,833,4,1700,863,332,501
31,PRAHOVA,94,0,"SCOALA NR.31 ""NICOLAE IORGA"" Str.Minerva nr.4",MUNICIPIUL PLOIESTI,130534,M,1,1561,1539,22,814,792,22,0,810,4,1700,886,275,535
31,PRAHOVA,95,0,"SCOALA NR.31 ""NICOLAE IORGA"" Str.Minerva nr.4",MUNICIPIUL PLOIESTI,130534,M,1,1421,1405,16,804,788,16,0,801,3,1600,796,299,502
31,PRAHOVA,96,0,GRADINITA NR.39 Str.G-ral Eremia Grigorescu nr.4,MUNICIPIUL PLOIESTI,130534,M,1,1009,990,19,585,566,19,0,582,3,1100,515,228,354
31,PRAHOVA,97,0,GRADINITA NR.39 Str.G-ral Eremia Grigorescu nr.4,MUNICIPIUL PLOIESTI,130534,M,1,965,950,15,539,524,15,0,533,6,1000,461,193,340
31,PRAHOVA,98,0,"GRADINITA N.36 ""SF MUCENIC MINA"" Str.Slt.Erou Moldoveanu Marian nr.14",MUNICIPIUL PLOIESTI,130534,M,1,1526,1505,21,921,897,21,3,914,7,1600,679,355,559
31,PRAHOVA,99,0,"GRADINITA N.36 ""SF MUCENIC MINA"" Str.Slt.Erou Moldoveanu Marian nr.14",MUNICIPIUL PLOIESTI,130534,M,1,1631,1619,12,909,897,12,0,903,6,1800,891,362,541
31,PRAHOVA,100,0,"GRADINITA N.36 ""SF MUCENIC MINA"" Str.Slt.Erou Moldoveanu Marian nr.14",MUNICIPIUL PLOIESTI,130534,M,1,1371,1358,13,764,751,13,0,758,6,1500,736,273,485
31,PRAHOVA,101,0,"SCOALA NR.6 ""MATEI BASARAB"" Str.Infratirii nr.4",MUNICIPIUL PLOIESTI,130534,M,1,1515,1486,29,763,732,29,2,759,4,1600,837,244,515
31,PRAHOVA,102,0,"SCOALA NR.6 ""MATEI BASARAB"" Str.Infratirii nr.4",MUNICIPIUL PLOIESTI,130534,M,1,1501,1487,14,749,735,14,0,740,9,1600,851,217,523
31,PRAHOVA,103,0,"SCOALA NR.6  ""MATEI BASARAB"" Str. Infratirii nr.4",MUNICIPIUL PLOIESTI,130534,M,1,1223,1210,13,551,538,13,0,549,2,1292,741,174,375
31,PRAHOVA,104,0,GRADINITA NR. 47  Aleea Iezerului nr. 5-7,MUNICIPIUL PLOIESTI,130534,M,1,1085,1064,21,652,630,21,1,650,2,1200,548,226,424
31,PRAHOVA,105,0,GRADINITA NR. 47  Aleea Iezerului nr. 5-7,MUNICIPIUL PLOIESTI,130534,M,1,996,977,19,615,596,19,0,615,0,1100,485,213,402
31,PRAHOVA,106,0,GRADINITA NR. 47  Aleea Iezerului nr. 5-7,MUNICIPIUL PLOIESTI,130534,M,1,1015,994,21,512,490,21,1,508,4,1100,588,192,316
31,PRAHOVA,107,0,SEDIUL SISTEMUL DE GOSPODARIRE A APELOR PRAHOVA Str. Gh.Gr. Cantacuzino nr. 308,MUNICIPIUL PLOIESTI,130534,M,1,1402,1385,17,916,899,17,0,912,4,1500,584,290,622
31,PRAHOVA,108,0,SEDIUL AGENTIEI DE PROTECTIE A MEDIULUI Str. Gh.Gr.Cantacuzino nr. 306,MUNICIPIUL PLOIESTI,130534,M,1,1278,1264,14,782,764,14,4,778,4,1400,618,243,535
31,PRAHOVA,109,0,SEDIUL A.N. APELE ROMANE-EXPLOATARE SISTEM ZONAL Str. Gh.Gr.Cantacuzino nr. 304,MUNICIPIUL PLOIESTI,130534,M,1,1266,1247,19,763,744,19,0,760,3,1400,637,240,520
31,PRAHOVA,110,0,"SCOALA NR. 2 ""IENACHITA VACARESCU"" Str. Spatar Milescu nr.22",MUNICIPIUL PLOIESTI,130534,M,1,1576,1561,15,900,885,15,0,900,0,1700,800,297,603
31,PRAHOVA,111,0,"SCOALA NR. 2 ""IENACHITA VACARESCU"" Str. Spatar Milescu nr.22",MUNICIPIUL PLOIESTI,130534,M,1,1707,1680,27,988,961,27,0,984,4,1800,812,293,691
31,PRAHOVA,112,0,"SCOALA NR. 2 ""IENACHITA VACARESCU"" Str. Spatar Milescu nr.22",MUNICIPIUL PLOIESTI,130534,M,1,1461,1429,32,911,879,32,0,907,4,1600,689,311,596
31,PRAHOVA,113,0,"SCOALA NR. 2 ""IENACHITA VACARESCU"" Str. Spatar Milescu nr.22",MUNICIPIUL PLOIESTI,130534,M,1,1073,1055,18,655,637,18,0,650,5,1200,545,185,465
31,PRAHOVA,114,0,"GRUPUL SCOLAR INDUSTRIAL ""TOMA SOCOLESCU"" Str. Gh.Gr. Cantacuzino nr. 328",MUNICIPIUL PLOIESTI,130534,M,1,1127,1108,19,683,664,19,0,679,4,1200,517,208,471
31,PRAHOVA,115,0,"GRUPUL SCOLAR INDUSTRIAL ""TOMA SOCOLESCU"" Str. Gh.Gr. Cantacuzino nr. 328",MUNICIPIUL PLOIESTI,130534,M,1,870,844,26,463,436,26,1,460,3,900,437,151,309
31,PRAHOVA,116,0,"GRUPUL SCOLAR INDUSTRIAL  ENERGETIC ""ELIE RADU"" Soseaua Vestului nr.22",MUNICIPIUL PLOIESTI,130534,M,1,1455,1418,37,843,806,37,0,841,2,1600,757,276,565
31,PRAHOVA,117,0,"GRUPUL SCOLAR INDUSTRIAL  ENERGETIC ""ELIE RADU"" Soseaua Vestului nr.22",MUNICIPIUL PLOIESTI,130534,M,1,1768,1750,18,952,933,18,1,944,8,2000,1048,320,624
31,PRAHOVA,118,0,SEDIUL SCOLII DE SOFERI AMATORI Soseaua Vestului nr.19,MUNICIPIUL PLOIESTI,130534,M,1,1033,1024,9,614,605,9,0,612,2,1100,486,193,419
31,PRAHOVA,119,0,"SCOALA PROFESOR ""NICOLAE SIMACHE"" Str. Malu Rosu nr. 102",MUNICIPIUL PLOIESTI,130534,M,1,1364,1350,14,830,816,14,0,823,7,1500,670,231,592
31,PRAHOVA,120,0,"SCOALA PROFESOR ""NICOLAE SIMACHE"" Str. Malu Rosu nr. 102",MUNICIPIUL PLOIESTI,130534,M,1,1474,1452,22,816,794,22,0,809,7,1600,784,257,552
31,PRAHOVA,121,0,"SCOALA PROFESOR ""NICOLAE SIMACHE"" Str. Malu Rosu nr. 102",MUNICIPIUL PLOIESTI,130534,M,1,1414,1405,9,745,735,9,1,739,6,1500,755,260,479
31,PRAHOVA,122,0,"SCOALA NR. 28 ""NICOLAE BALCESCU""  Aleea Scolii nr.2",MUNICIPIUL PLOIESTI,130534,M,1,1734,1705,29,928,899,29,0,921,7,1699,771,324,597
31,PRAHOVA,123,0,"SCOALA NR. 28 ""NICOLAE BALCESCU""  Aleea Scolii nr.2",MUNICIPIUL PLOIESTI,130534,M,1,1610,1583,27,788,760,27,1,784,4,1700,912,248,536
31,PRAHOVA,124,0,"SCOALA NR. 28 ""NICOLAE BALCESCU""  Aleea Scolii nr.2",MUNICIPIUL PLOIESTI,130534,M,1,1581,1568,13,881,868,13,0,874,7,1800,919,332,542
31,PRAHOVA,125,0,"SCOALA NR. 28 ""NICOLAE BALCESCU""  Aleea Scolii nr.2",MUNICIPIUL PLOIESTI,130534,M,1,1484,1459,25,869,844,25,0,868,1,1400,531,273,595
31,PRAHOVA,126,0,GRADINITA DE COPII NR. 10 Str.Secelenilor nr. 3,MUNICIPIUL PLOIESTI,130534,M,1,1380,1365,15,691,676,15,0,689,2,1700,1009,262,427
31,PRAHOVA,127,0,GRADINITA DE COPII NR. 10 Str.Secelenilor nr. 3,MUNICIPIUL PLOIESTI,130534,M,1,1082,1071,11,566,555,11,0,565,1,1200,634,180,385
31,PRAHOVA,128,0,GRADINITA DE COPII NR. 10 Str.Secelenilor nr. 3,MUNICIPIUL PLOIESTI,130534,M,1,1299,1281,18,653,635,18,0,647,6,1400,747,219,428
31,PRAHOVA,129,0,"SC ""ELCO "" SA Sos. Vestului , nr.26",MUNICIPIUL PLOIESTI,130534,M,1,1182,1164,18,683,665,18,0,678,5,1300,617,187,491
31,PRAHOVA,130,0,"SCOALA NR.5 ""ION CREANGA"" Str.8 Martie nr.2",MUNICIPIUL PLOIESTI,130534,M,1,1546,1526,20,894,874,20,0,891,3,1700,806,280,611
31,PRAHOVA,131,0,"SCOALA NR.5 ""ION CREANGA"" Str.8 Martie nr.2",MUNICIPIUL PLOIESTI,130534,M,1,1513,1481,32,975,943,32,0,973,2,1597,622,256,717
31,PRAHOVA,132,0,"SCOALA NR.5 ""ION CREANGA"" Str.8 Martie nr.2",MUNICIPIUL PLOIESTI,130534,M,1,1554,1528,26,996,969,26,1,994,2,1700,704,250,744
31,PRAHOVA,133,0,"SCOALA NR.5 ""ION CREANGA"" Str.8 Martie nr.2",MUNICIPIUL PLOIESTI,130534,M,1,1447,1431,16,935,918,16,1,933,2,1600,665,340,593
31,PRAHOVA,134,0,"SCOALA NR.5 ""ION CREANGA"" Str.8 Martie nr.2",MUNICIPIUL PLOIESTI,130534,M,1,1466,1446,20,938,918,20,0,935,3,1600,662,268,667
31,PRAHOVA,135,0,GRADINITA NR. 33 Intrarea Grindului nr.5,MUNICIPIUL PLOIESTI,130534,M,1,1796,1758,38,1198,1160,33,5,1190,8,1900,702,359,831
31,PRAHOVA,136,0,"SCOALA NR.23 ""ANDREI MURESANU"" Str. Trotus nr.4",MUNICIPIUL PLOIESTI,130534,M,1,1242,1229,13,711,693,13,5,706,5,1300,589,266,440
31,PRAHOVA,137,0,"SCOALA NR.23 ""ANDREI MURESANU"" Str. Trotus nr.4",MUNICIPIUL PLOIESTI,130534,M,1,1207,1196,11,747,736,11,0,745,2,1300,553,281,464
31,PRAHOVA,138,0,"SCOALA GENERALA NR.25 "" HENRI MATHIAS BERTHELOT""  Str.Arinului nr.2",MUNICIPIUL PLOIESTI,130534,M,1,1133,1109,24,689,663,24,2,685,4,1200,511,271,414
31,PRAHOVA,139,0,"SCOALA GENERALA NR.25 "" HENRI MATHIAS BERTHELOT"" Str. Arinului nr.2",MUNICIPIUL PLOIESTI,130534,M,1,1209,1182,27,771,744,27,0,766,5,1300,529,279,487
31,PRAHOVA,140,0,"SCOALA GENERALA NR.25 "" HENRI MATHIAS BERTHELOT"" Str. Arinului nr.6",MUNICIPIUL PLOIESTI,130534,M,1,1138,1120,18,728,710,18,0,723,5,1200,472,254,469
31,PRAHOVA,141,0,"SCOALA NR.8 ""GRIGORE MOISIL"" Str. Laurilor nr 2A",MUNICIPIUL PLOIESTI,130534,M,1,1299,1268,31,773,740,31,2,767,6,1400,627,289,478
31,PRAHOVA,142,0,"SCOALA NR.8 ""GRIGORE MOISIL"" Str. Laurilor nr 2A",MUNICIPIUL PLOIESTI,130534,M,1,1308,1288,20,788,767,20,1,787,1,1400,612,314,473
31,PRAHOVA,143,0,LICEUL NICHITA STANESCU Str. Nalbei nr.3,MUNICIPIUL PLOIESTI,130534,M,1,1024,1008,16,637,619,16,2,631,6,1100,463,247,384
31,PRAHOVA,144,0,LICEUL NICHITA STANESCU Str. Nalbei nr.3,MUNICIPIUL PLOIESTI,130534,M,1,1073,1056,17,687,669,17,1,682,5,1200,513,254,428
31,PRAHOVA,145,0,LICEUL NICHITA STANESCU Str. Nalbei nr.3,MUNICIPIUL PLOIESTI,130534,M,1,1054,1032,22,672,650,22,0,667,5,1100,428,251,416
31,PRAHOVA,146,0,LICEUL NICHITA STANESCU Str. Nalbei nr.3,MUNICIPIUL PLOIESTI,130534,M,1,1287,1269,18,850,830,18,2,842,8,1400,550,307,535
31,PRAHOVA,147,0,POLICLINICA CINA Str. Andrei Muresanu nr.56,MUNICIPIUL PLOIESTI,130534,M,1,1636,1616,20,994,972,20,2,990,4,1800,806,307,683
31,PRAHOVA,148,0,POLICLINICA CINA Str. Andrei Muresanu nr.56,MUNICIPIUL PLOIESTI,130534,M,1,1466,1442,24,960,931,24,5,955,5,1600,640,336,619
31,PRAHOVA,149,0,"SCOALA NR.24 ""SFANTUL ANDREI"" Aleea Deditel nr.4",MUNICIPIUL PLOIESTI,130534,M,1,1457,1436,21,779,758,21,0,777,2,1600,821,255,522
31,PRAHOVA,150,0,"SCOALA NR.24 ""SFANTUL ANDREI"" Aleea Deditel nr.4",MUNICIPIUL PLOIESTI,130534,M,1,1624,1594,30,1017,984,30,3,1010,7,1400,383,376,634
31,PRAHOVA,151,0,"SCOALA NR.24 ""SFANTUL ANDREI"" Aleea Deditel nr.4",MUNICIPIUL PLOIESTI,130534,M,1,1763,1747,16,1056,1038,16,2,1048,8,1900,844,406,642
31,PRAHOVA,152,0,"SCOALA NR.24 ""SFANTUL ANDREI"" Aleea Deditel nr.4",MUNICIPIUL PLOIESTI,130534,M,1,1647,1629,18,1022,999,18,5,1018,4,1400,378,434,584
31,PRAHOVA,153,0,"SCOALA NR.24 ""SFANTUL ANDREI"" Aleea Deditel nr.4",MUNICIPIUL PLOIESTI,130534,M,1,1591,1565,26,937,906,26,5,930,7,2500,1563,355,575
31,PRAHOVA,154,0,"SCOALA NR.22 ""MITICA APOSTOL"" Str. Ciocarliei nr.7",MUNICIPIUL PLOIESTI,130534,M,1,983,968,15,559,544,15,0,557,2,1100,541,235,322
31,PRAHOVA,155,1,SPITALUL MUNICIPAL NR.1 SCHULLER Str. Ana Ipatescu nr. 59,MUNICIPIUL PLOIESTI,130534,M,1,10,0,10,146,0,10,136,145,1,500,354,76,69
31,PRAHOVA,156,1,SPITALUL DE OBSTETRICA SI GINECOLOGIE Str. Mihai Bravu nr. 102,MUNICIPIUL PLOIESTI,130534,M,1,13,0,13,184,0,13,171,182,2,1000,816,68,114
31,PRAHOVA,157,1,SPITALUL JUDETEAN DE URGENTA PLOIESTI Str. Gageni nr. 100,MUNICIPIUL PLOIESTI,130534,M,1,7,0,7,475,0,7,468,471,4,1000,525,198,273
31,PRAHOVA,158,1,SECTIILE SPITALULUI JUDETEAN (fosta maternitate) Str. Bunavestire nr. 1-3,MUNICIPIUL PLOIESTI,130534,M,1,11,0,11,226,0,11,215,225,1,400,174,100,125
31,PRAHOVA,159,1,SPITALUL CFR Str. Domnisori nr. 93,MUNICIPIUL PLOIESTI,130534,M,1,0,0,0,120,0,0,120,120,0,400,280,57,63
31,PRAHOVA,160,1,SPITALUL MUNICIPAL DE BOLI CONTAGIOASE  (Movila) B-dul Republicii nr. 271,MUNICIPIUL PLOIESTI,130534,M,1,9,0,9,59,0,9,50,58,1,400,341,20,38
31,PRAHOVA,161,1,SPITALUL DE URGENTA PLOIESTI (Boldescu) Str. Romana nr. 116,MUNICIPIUL PLOIESTI,130534,M,1,10,0,10,111,0,10,101,110,1,400,289,33,77
31,PRAHOVA,162,1,SPITALUL DE PNEUMOFTIZIOLOGIE PLOIESTI Intr. Oborului nr. 2,MUNICIPIUL PLOIESTI,130534,M,1,8,0,8,56,0,8,48,56,0,400,344,25,31
31,PRAHOVA,163,1,U.M. 0599 Str. Ghe. Gr. Cantacuzino,MUNICIPIUL PLOIESTI,130534,M,1,9,0,9,435,0,9,426,428,7,1000,565,178,250
31,PRAHOVA,164,1,GARA PLOIESTI VEST,MUNICIPIUL PLOIESTI,130534,M,1,8,0,8,873,0,8,865,872,1,1000,127,229,643
31,PRAHOVA,165,1,GARA PLOIESTI NORD,MUNICIPIUL PLOIESTI,130534,M,1,13,0,13,149,0,13,136,146,3,300,151,43,103
31,PRAHOVA,166,1,GARA PLOIESTI SUD,MUNICIPIUL PLOIESTI,130534,M,1,21,0,21,1324,0,21,1303,1320,4,1999,675,371,949
31,PRAHOVA,167,0,GARA PLOIESTI TRIAJ,MUNICIPIUL PLOIESTI,130534,M,1,130,121,9,118,68,9,41,117,1,224,106,55,62
31,PRAHOVA,168,1,UNIVERSITATEA PETROL SI GAZE PLOIESTI  B-dul Bucuresti nr. 39,MUNICIPIUL PLOIESTI,130534,M,1,11,0,11,379,0,11,368,377,2,2000,1621,92,285
31,PRAHOVA,169,0,"CASA DE CULTURA ""GEO BOGZA"" Str. Grivitei nr. 95",MUNICIPIUL CAMPINA,131256,M,1,1553,1537,16,956,930,16,10,953,3,1700,744,366,587
31,PRAHOVA,170,0,"COLEGIUL NATIONAL ""NICOLAE GRIGORESCU""  Calea Doftanei nr. 4 (sala de clasa)",MUNICIPIUL CAMPINA,131256,M,1,1337,1309,28,852,823,28,1,849,3,1400,548,307,542
31,PRAHOVA,171,0,"COLEGIUL NATIONAL ""NICOLAE GRIGORESCU""  Calea Doftanei nr. 4 (sala de clasa)",MUNICIPIUL CAMPINA,131256,M,1,1573,1543,30,974,944,30,0,968,6,1500,526,312,656
31,PRAHOVA,172,0,SOCIETATEA COMERCIALA EDILCONST S.A. Str. Bucea nr.2 (cantina),MUNICIPIUL CAMPINA,131256,M,1,1198,1161,37,728,690,37,1,723,5,1300,572,304,419
31,PRAHOVA,173,0,SCOALA GENERALA NR. 2 Calea Doftanei nr. 13,MUNICIPIUL CAMPINA,131256,M,1,1244,1222,22,699,677,22,0,691,8,1300,601,275,416
31,PRAHOVA,174,0,"GRUPUL SCOLAR INDUSTRIAL ENERGETIC Str. Grivitei nr. 2 (corp ""C"")",MUNICIPIUL CAMPINA,131256,M,1,1333,1300,33,825,790,33,2,822,3,1400,575,275,547
31,PRAHOVA,175,0,SCOALA GENERALA NR. 7 Str. Mihail Kogalniceanu nr. 31,MUNICIPIUL CAMPINA,131256,M,1,1656,1645,11,895,883,11,1,884,11,1800,905,344,540
31,PRAHOVA,176,0,CASA TINERETULUI B-dul Nicolae Balcescu nr. 50,MUNICIPIUL CAMPINA,131256,M,1,1134,1122,12,718,705,12,1,718,0,1206,488,281,437
31,PRAHOVA,177,0,CLUBUL RAFINARIEI STEAUA ROMANA Calea Doftanei nr. 72,MUNICIPIUL CAMPINA,131256,M,1,1528,1512,16,886,869,16,1,879,7,1700,814,357,522
31,PRAHOVA,178,0,"GRUPUL SCOLAR INDUSTRIAL ENERGETIC Str. Grivitei nr. 2 (corp ""C"")",MUNICIPIUL CAMPINA,131256,M,1,1098,1081,17,624,606,17,1,622,2,1200,576,265,357
31,PRAHOVA,179,0,GRUPUL SCOLAR FORESTIER B-dul Carol I nr. 31 (sala de sport),MUNICIPIUL CAMPINA,131256,M,1,1500,1490,10,927,909,10,8,925,2,1600,673,334,591
31,PRAHOVA,180,0,GRUPUL SCOLAR FORESTIER B-dul Carol I nr. 31 (sala de sport),MUNICIPIUL CAMPINA,131256,M,1,1530,1509,21,937,915,21,1,930,7,1600,663,323,607
31,PRAHOVA,181,0,"SCOALA GENERALA NR. 1 ""ION CAMPINEANU"" Str. Eruptiei nr. 2",MUNICIPIUL CAMPINA,131256,M,1,1577,1542,35,940,905,35,0,934,6,1700,760,340,594
31,PRAHOVA,182,0,GRUPUL SCOLAR INDUSTRIAL PETROL B-dul Nicolae Balcescu nr. 45 (camin),MUNICIPIUL CAMPINA,131256,M,1,773,758,15,474,447,15,12,472,2,800,326,161,311
31,PRAHOVA,183,0,SCOALA GENERALA NR. 5 B-dul Nicolae Balcescu nr. 5,MUNICIPIUL CAMPINA,131256,M,1,1273,1254,19,832,807,19,6,827,5,1200,368,319,508
31,PRAHOVA,184,0,GRUPUL SCOLAR INDUSTRIAL CONSTRUCTII DE MASINI (sala de sport)  Str. Ecaterina Teodoroiu nr. 34,MUNICIPIUL CAMPINA,131256,M,1,1454,1441,13,849,830,13,6,846,3,1600,751,278,568
31,PRAHOVA,185,0,GRUPUL SCOLAR INDUSTRIAL PETROL Str. Grivitei nr. 91,MUNICIPIUL CAMPINA,131256,M,1,1682,1662,20,1015,983,20,12,1009,6,1800,785,309,700
31,PRAHOVA,186,0,SCOALA GENERALA NR. 6 Str. Ciceu nr. 2,MUNICIPIUL CAMPINA,131256,M,1,1313,1295,18,767,746,18,3,755,12,1400,633,350,405
31,PRAHOVA,187,0,"GRUPUL SCOLAR INDUSTRIAL CONSTRUCTII MASINI Str. Ecaterina Teodoroiu nr. 34, (cantina)",MUNICIPIUL CAMPINA,131256,M,1,1520,1509,11,889,876,11,2,883,6,1700,811,294,589
31,PRAHOVA,188,0,GRADINITA NR. 4 B-dul Carol I nr. 131,MUNICIPIUL CAMPINA,131256,M,1,1557,1545,12,1061,1049,12,0,1057,4,1700,639,400,657
31,PRAHOVA,189,0,S.C. NEPTUN S.A.  Str. Bobalna nr.57-63,MUNICIPIUL CAMPINA,131256,M,1,1725,1672,53,989,931,53,5,980,9,1650,661,413,567
31,PRAHOVA,190,0,SCOALA GENERALA NR. 3 Str. Voila nr. 11,MUNICIPIUL CAMPINA,131256,M,1,1455,1443,12,894,882,12,0,888,6,1600,706,385,503
31,PRAHOVA,191,0,"GRUPUL SCOLAR INDUSTRIAL CONSTRUCTII MASINI Str. Ecaterina Teodoroiu nr. 34, (cantina)",MUNICIPIUL CAMPINA,131256,M,1,1837,1803,34,921,887,34,0,914,7,2015,1094,343,571
31,PRAHOVA,192,0,SCOALA GENERALA NR. 8 B-dul Carol I nr. 104,MUNICIPIUL CAMPINA,131256,M,1,1675,1656,19,1040,1017,19,4,1037,3,1800,760,443,594
31,PRAHOVA,193,1,SPITALUL MUNICIPAL CAMPINA B-dul Carol I nr. 117,MUNICIPIUL CAMPINA,131256,M,1,8,0,8,883,0,8,875,878,5,1050,167,311,567
31,PRAHOVA,194,1,SPITALUL DE PSIHIATRIE VOILA Str. Voila nr. 108,MUNICIPIUL CAMPINA,131256,M,1,7,0,7,248,0,7,241,241,7,500,252,115,126
31,PRAHOVA,195,1,"SCOALA DE AGENTI DE POLITIE ""VASILE LASCAR"" B-dul Carol I nr. 201",MUNICIPIUL CAMPINA,131256,M,1,14,0,14,409,0,14,395,405,4,800,391,168,237
31,PRAHOVA,196,1,U.M. 0865 B-dul N. Balcescunr. 43,MUNICIPIUL CAMPINA,131256,M,1,9,0,9,289,0,9,280,287,2,300,11,108,179
31,PRAHOVA,197,0,LICEUL TEORETIC AZUGA Clasele I-IV Str. Victoriei nr. 65,ORAS AZUGA,130954,O,1,1762,1729,33,986,953,33,0,975,11,1900,914,300,675
31,PRAHOVA,198,0,LICEUL TEORETIC AZUGA  Str. Independentei nr. 53,ORAS AZUGA,130954,O,1,1060,1051,9,608,571,9,28,602,6,1200,592,210,392
31,PRAHOVA,199,0,GRADINITA DE COPII Str. Valea Azugii nr. 3,ORAS AZUGA,130954,O,1,1505,1498,7,952,784,7,161,945,7,1600,648,244,701
31,PRAHOVA,200,0,CLUBUL SCHELEI BAICOI Str. Republicii nr. 27,ORAS BAICOI,130981,O,1,1218,1142,76,926,672,76,178,911,15,1200,274,304,607
31,PRAHOVA,201,0,SCOALA GENERALA TUFENI Str. Popa Sapca nr. 117,ORAS BAICOI,130981,O,1,1221,1209,12,644,632,12,0,641,3,1300,656,220,421
31,PRAHOVA,202,0,CLUBUL ELEVILOR Str. Unirii nr. 4,ORAS BAICOI,130981,O,1,1558,1546,12,879,867,12,0,878,1,1700,821,335,543
31,PRAHOVA,203,0,GRUPUL SCOLAR C.CANTACUZINO Str. Republicii nr. 111,ORAS BAICOI,130981,O,1,1492,1475,17,811,784,17,10,807,4,1600,789,276,531
31,PRAHOVA,204,0,GRUPUL SCOLAR C.CANTACUZINO Str. Republicii nr. 111,ORAS BAICOI,130981,O,1,822,810,12,425,413,12,0,421,4,900,475,152,269
31,PRAHOVA,205,0,GRADINITA  LILIESTI Str. Progresului nr. 1,ORAS BAICOI,130981,O,1,1178,1153,25,659,634,25,0,655,4,1300,641,211,444
31,PRAHOVA,206,0,SCOALA NR. 3  LILIESTI Str. Progresului nr. 2,ORAS BAICOI,130981,O,1,1629,1601,28,828,800,28,0,826,2,1800,972,250,576
31,PRAHOVA,207,0,SCOALA NR. 3  LILIESTI ANEXA Str. Republicii nr. 317,ORAS BAICOI,130981,O,1,1569,1546,23,905,882,23,0,902,3,1700,795,328,574
31,PRAHOVA,208,0,GRADINITA  LILIESTI Str. Dorobanti nr. 5,ORAS BAICOI,130981,O,1,1057,1049,8,602,594,8,0,594,8,1200,598,217,377
31,PRAHOVA,209,0,CASA DE CULTURA LILIESTI Str. Dorobanti nr. 6,ORAS BAICOI,130981,O,1,1353,1324,29,871,746,29,96,865,6,1500,629,299,566
31,PRAHOVA,210,0,SCOALA GENERALA DAMBU Str. Dumbrava Rosie nr. 7,ORAS BAICOI,130981,O,1,1155,1139,16,636,620,16,0,633,3,1200,564,320,313
31,PRAHOVA,211,0,SCOALA GENERALA  TINTEA Str. Independentei nr. 188,ORAS BAICOI,130981,O,1,1313,1298,15,694,679,15,0,692,2,1400,706,297,395
31,PRAHOVA,212,0,CASA DE CULTURA TINTEA Str. Independentei nr.177,ORAS BAICOI,130981,O,1,1094,1080,14,605,591,14,0,598,7,1200,595,261,337
31,PRAHOVA,213,0,SCOALA GENERALA  NR. 1 din cartierul Boldesti  Str. Podgoriei nr. 12,ORAS BOLDESTI-SCAENI,131069,O,1,1531,1525,6,1020,878,6,136,1015,5,1700,680,302,713
31,PRAHOVA,214,0,SCOALA GENERALA  NR. 1 din cartierul Boldesti  Str. Podgoriei nr. 12,ORAS BOLDESTI-SCAENI,131069,O,1,1569,1562,7,841,830,7,4,836,5,1700,859,256,580
31,PRAHOVA,215,0,SCOALA GENERALA  NR. 1 din cartierul Boldesti  Str. Podgoriei nr. 12,ORAS BOLDESTI-SCAENI,131069,O,1,1551,1550,1,853,828,1,24,841,12,1700,847,293,548
31,PRAHOVA,216,0,CASA DE CULTURA DIN CARTIERUL SCAENI  Str. Bucovului nr. 5,ORAS BOLDESTI-SCAENI,131069,O,1,1384,1377,7,756,738,7,11,754,2,1500,744,237,517
31,PRAHOVA,217,0,SCOALA GENERALA  NR. 2 DIN CARTIERUL SCAENI  Str. Colinei nr. 40,ORAS BOLDESTI-SCAENI,131069,O,1,874,867,7,594,587,7,0,589,5,1000,406,197,392
31,PRAHOVA,218,0,LICEUL INDUSTRIAL SCAENI Str. Bucovului nr. 6,ORAS BOLDESTI-SCAENI,131069,O,1,1395,1384,11,775,762,11,2,770,5,1500,725,269,501
31,PRAHOVA,219,0,SCOALA GENERALA  NR. 3 din cartier Seciu,ORAS BOLDESTI-SCAENI,131069,O,1,891,881,10,479,469,10,0,477,2,1000,521,165,312
31,PRAHOVA,220,1,U.M. 0443,ORAS BOLDESTI-SCAENI,131069,O,1,9,0,9,291,0,9,282,290,1,400,109,133,157
31,PRAHOVA,221,0,SCOALA PODU VADULUI Str. 23 August nr. 126,ORAS BREAZA,131103,O,1,1484,1474,10,830,819,10,1,826,4,1600,770,340,486
31,PRAHOVA,222,0,SCOALA BREAZA DE JOS Str. Libertatii nr. 14,ORAS BREAZA,131103,O,1,1029,1019,10,557,544,10,3,556,1,1100,543,249,307
31,PRAHOVA,223,0,SCOALA BREAZA DE JOS Str. Libertatii nr. 14,ORAS BREAZA,131103,O,1,1111,1090,21,579,557,21,1,572,7,1200,621,246,326
31,PRAHOVA,224,0,"CASA DE CULTURA ""ION MANOLESCU"" Str. Republicii nr. 88",ORAS BREAZA,131103,O,1,1500,1480,20,803,783,20,0,802,1,1500,697,320,482
31,PRAHOVA,225,0,"CASA DE CULTURA ""ION MANOLESCU"" Str. Republicii nr. 88",ORAS BREAZA,131103,O,1,1321,1291,30,801,758,30,13,795,6,1400,599,291,504
31,PRAHOVA,226,0,"LICEUL ""AUREL VLAICU"" Str. Republicii nr. 94",ORAS BREAZA,131103,O,1,1705,1695,10,942,925,10,7,938,4,1800,858,426,512
31,PRAHOVA,227,0,"LICEUL ""AUREL VLAICU"" Str. Republicii nr. 94",ORAS BREAZA,131103,O,1,1117,1109,8,623,615,8,0,621,2,1200,577,255,366
31,PRAHOVA,228,0,GRADINITA CU PROGRAM PRELUNGIT Fdt. Liliacului,ORAS BREAZA,131103,O,1,1064,1045,19,623,604,19,0,621,2,1100,477,233,388
31,PRAHOVA,229,0,SCOALA GENERALA   CAPU CAMPULUI Str. Republicii nr. 214,ORAS BREAZA,131103,O,1,1339,1318,21,840,818,21,1,837,3,1400,560,338,499
31,PRAHOVA,230,0,SCOALA GENERALA  GURA BELIEI Str. 30 Decembrie,ORAS BREAZA,131103,O,1,1128,1111,17,587,568,17,2,580,7,1200,613,236,344
31,PRAHOVA,231,0,SCOALA GENERALA NISTORESTI,ORAS BREAZA,131103,O,1,1104,1089,15,592,577,15,0,588,4,1200,608,348,240
31,PRAHOVA,232,0,SCOALA GENERALA VALEA TARSEI Str. Ocinei nr. 183,ORAS BREAZA,131103,O,1,1140,1125,15,541,526,15,0,533,8,1200,659,270,263
31,PRAHOVA,233,1,SPITALUL DE BOLI PULMONARE BREAZA,ORAS BREAZA,131103,O,1,14,0,14,506,0,14,492,503,3,602,96,214,289
31,PRAHOVA,234,0,GRUPUL SCOLAR BUSTENI Str. Alpinistilor nr. 1,ORAS BUSTENI,131210,O,1,1116,1098,18,661,626,18,17,656,5,1200,539,215,441
31,PRAHOVA,235,0,SCOALA GENERALA NR. 1 BUSTENI B-dul Libertatii nr. 123,ORAS BUSTENI,131210,O,1,1134,1103,31,1384,627,31,726,1368,16,1402,18,402,966
31,PRAHOVA,236,0,SCOALA GENERALA NR. 1 BUSTENI B-dul Libertatii nr. 123,ORAS BUSTENI,131210,O,1,938,924,14,604,590,14,0,596,8,800,196,185,411
31,PRAHOVA,237,0,GRADINITA NR. 6 Str. Victoriei nr. 11,ORAS BUSTENI,131210,O,1,931,909,22,579,556,22,1,572,7,1000,421,212,360
31,PRAHOVA,238,0,GRADINITA NR. 4 POIANA TAPULUI-ZAMORA Str. Panduri,ORAS BUSTENI,131210,O,1,1212,1206,6,798,704,6,88,788,10,1300,502,335,453
31,PRAHOVA,239,0,SCOALA GENERALA NR. 3 POIANA TAPULUI Str. Crinului nr. 2,ORAS BUSTENI,131210,O,1,1340,1313,27,842,815,27,0,836,6,1400,558,302,534
31,PRAHOVA,240,0,SCOALA GENERALA NR. 2 BUSTENI Str. Scolii nr. 20,ORAS BUSTENI,131210,O,1,1362,1338,24,781,757,24,0,774,7,1500,719,325,449
31,PRAHOVA,241,0,SCOALA GENERALA NR. 2 BUSTENI Str. Scolii nr. 20,ORAS BUSTENI,131210,O,1,1113,1099,14,692,678,14,0,685,7,1200,508,264,421
31,PRAHOVA,242,0,"GRUPUL SCOLAR ""SIMION STOLNICU""  COMARNIC Str. Republicii nr. 30",ORAS COMARNIC,131336,O,1,1632,1616,16,1035,904,16,115,1024,11,1800,765,392,632
31,PRAHOVA,243,0,"SCOALA GENERALA NR. 2  COMARNIC (VATRA SATULUI, Corpul 1) Str. Erou Nicoara Stelian nr. 2",ORAS COMARNIC,131336,O,1,943,932,11,548,537,11,0,546,2,1000,452,217,329
31,PRAHOVA,244,0,"SCOALA GENERALA NR. 2  COMARNIC (VATRA SATULUI, Corpul 2) Str. Erou Nicoara Stelian nr. 2",ORAS COMARNIC,131336,O,1,1368,1358,10,708,698,10,0,707,1,1500,792,294,413
31,PRAHOVA,245,0,SCOALA GENERALA NR. 3  COMARNIC-POIANA Str. Poiana nr. 183,ORAS COMARNIC,131336,O,1,1598,1587,11,857,845,11,1,853,4,1700,843,471,382
31,PRAHOVA,246,0,GRADINITA DE PRESCOLARI POIANA COMARNIC Str. Poiana nr. 153,ORAS COMARNIC,131336,O,1,882,865,17,531,514,17,0,528,3,900,369,247,281
31,PRAHOVA,247,0,SCOALA PRIMARA PODUL LUNG Str. Podul Lung nr. 33,ORAS COMARNIC,131336,O,1,504,496,8,293,285,8,0,287,6,596,303,141,146
31,PRAHOVA,248,0,GRADINITA DE PRESCOLARI NR. 2 GHIOSESTI Str. Ghiosesti nr. 298,ORAS COMARNIC,131336,O,1,1728,1714,14,920,906,14,0,907,13,1900,980,424,483
31,PRAHOVA,249,0,SCOALA PRIMARA GHIOSESTI Str. Ghiosesti nr. 89,ORAS COMARNIC,131336,O,1,1138,1125,13,605,592,13,0,603,2,1200,595,298,305
31,PRAHOVA,250,0,SCOALA GENERALA NR. 4  COMARNIC (POSADA) Str. Podul Vartos nr. 118,ORAS COMARNIC,131336,O,1,1150,1130,20,639,619,20,0,635,4,1200,561,276,359
31,PRAHOVA,251,0,AGROMEC S.A. MIZIL Str. Mihai Bravu nr. 216,ORAS MIZIL,131407,O,1,1222,1204,18,704,686,18,0,698,6,1300,596,306,392
31,PRAHOVA,252,0,SCOALA NR. 2  Str. Tohani nr. 38,ORAS MIZIL,131407,O,1,1430,1406,24,834,810,24,0,819,15,1500,666,527,292
31,PRAHOVA,253,0,SCOALA NR. 1 Str. Mihai Bravu nr. 110,ORAS MIZIL,131407,O,1,1240,1228,12,606,594,12,0,604,2,1300,694,254,350
31,PRAHOVA,254,0,LICEUL AGRICOL MIZIL  Str. Mihai Bravu nr. 116,ORAS MIZIL,131407,O,1,1163,1151,12,640,628,12,0,637,3,1300,660,268,369
31,PRAHOVA,255,0,STRADA MIHAI BRAVU NR. 136,ORAS MIZIL,131407,O,1,1090,1061,29,622,590,29,3,603,19,1200,578,465,138
31,PRAHOVA,256,0,STRADA NICOLAE BALCESCU NR. 3,ORAS MIZIL,131407,O,1,1617,1600,17,830,813,17,0,822,8,1700,870,426,396
31,PRAHOVA,257,0,"STRADA NICOLAE BALCESCU NR. 32 , BL. 48, PARTER ""ECONOMAT""",ORAS MIZIL,131407,O,1,972,957,15,535,520,15,0,531,4,1000,465,221,310
31,PRAHOVA,258,0,STRADA CUZA VODA NR. 4,ORAS MIZIL,131407,O,1,1234,1218,16,642,626,16,0,637,5,1300,658,289,348
31,PRAHOVA,259,0,BULEVARDUL GARII NR. 30 (Fabrica de Otet),ORAS MIZIL,131407,O,1,1095,1082,13,631,589,13,29,624,7,1199,568,320,304
31,PRAHOVA,260,0,"LICEUL ""GRIGORE TOCILESCU "" Str. Nicolae Balcescu nr. 133",ORAS MIZIL,131407,O,1,1099,1086,13,630,597,13,20,622,8,1200,570,319,303
31,PRAHOVA,261,0,SCOALA GENERALA NR. 3  MIZIL Str. Erou Locotenent Radu Nicolae nr. 2,ORAS MIZIL,131407,O,1,1211,1199,12,615,603,12,0,610,5,1300,685,280,330
31,PRAHOVA,262,1,SPITALUL ORASENESC MIZIL Str. Spitalului nr. 21,ORAS MIZIL,131407,O,1,12,0,12,214,0,12,202,212,2,300,86,92,120
31,PRAHOVA,263,0,CASA DE CULTURA B-dul Republicii nr. 2,ORAS PLOPENI,131443,O,1,1400,1378,22,832,810,22,0,823,9,1500,668,314,509
31,PRAHOVA,264,0,CLUB S.C. PLOPENI S.A. B-dul  Republicii nr. 2,ORAS PLOPENI,131443,O,1,1303,1294,9,696,665,9,22,690,6,1400,704,242,448
31,PRAHOVA,265,0,GRUP SC. IND. PLOPENI B-dul  Republicii nr. 21B,ORAS PLOPENI,131443,O,1,1162,1154,8,623,606,8,9,620,3,1300,677,259,361
31,PRAHOVA,266,0,SALA POLIVALENTA B-dul  Republicii nr. 2A,ORAS PLOPENI,131443,O,1,1311,1270,41,848,666,41,141,840,8,1400,552,316,524
31,PRAHOVA,267,0,SCOALA PROFESIONALA B-dul  Republicii nr. 10,ORAS PLOPENI,131443,O,1,1632,1615,17,790,773,17,0,786,4,1800,1010,272,514
31,PRAHOVA,268,0,SCOALA GENERALA B-dul  Republicii nr. 25,ORAS PLOPENI,131443,O,1,1505,1487,18,790,772,18,0,785,5,1600,810,286,499
31,PRAHOVA,269,0,SCOALA GENERALA NR. 1 B-dul Carol I nr. 36,ORAS SINAIA,131540,O,1,1246,1230,16,1890,731,16,1143,1881,9,1990,99,508,1373
31,PRAHOVA,270,0,SCOALA GENERALA NR. 1 B-dul Carol I nr. 36,ORAS SINAIA,131540,O,1,1148,1140,8,706,698,8,0,701,5,710,4,221,480
31,PRAHOVA,271,0,SOCIETATEA DE REPREZENTARE SI PROTOCOL SUCURSALA SINAIA Str. Furnica nr. 52,ORAS SINAIA,131540,O,1,896,883,13,701,540,13,148,696,5,1000,299,197,499
31,PRAHOVA,272,0,CLUBUL COPIILOR SINAIA Str. Mihail Kogalniceanu nr.80,ORAS SINAIA,131540,O,1,1117,1101,16,651,632,16,3,648,3,1000,349,204,444
31,PRAHOVA,273,0,"INSPECTIA DE STAT IN CONSTRUCTII,LUCRARI PUBLICE, URBANISM SI AMENAJAREA TERITORIULUI B-dul Repubublicii nr 33",ORAS SINAIA,131540,O,1,970,967,3,677,670,3,4,675,2,1100,423,206,469
31,PRAHOVA,274,0,"INSPECTIA DE STAT IN CONSTRUCTII,LUCRARI PUBLICE, URBANISM SI AMENAJAREA TERITORIULUI B-dul Repubublicii nr 33",ORAS SINAIA,131540,O,1,821,811,10,552,536,10,6,549,3,900,348,163,386
31,PRAHOVA,275,0,SCOALA GENERALA NR. 2 Calea Moroieni nr. 25 CORP A,ORAS SINAIA,131540,O,1,1583,1574,9,999,990,9,0,995,4,1700,701,295,700
31,PRAHOVA,276,0,SCOALA GENERALA NR. 2 Calea Moroieni nr. 25 CORP B,ORAS SINAIA,131540,O,1,1470,1462,8,998,944,8,46,991,7,1600,602,309,682
31,PRAHOVA,277,0,GRUPUL SCOLAR  MIHAIL CANTACUZINO SINAIA  Calea Bucuresti nr. 40,ORAS SINAIA,131540,O,1,1229,1219,10,758,748,10,0,754,4,1300,542,197,557
31,PRAHOVA,278,0,GRUPUL SCOLAR  MIHAIL CANTACUZINO SINAIA  Calea Bucuresti nr. 40 Cantina,ORAS SINAIA,131540,O,1,910,882,28,552,524,28,0,547,5,1000,448,172,375
31,PRAHOVA,279,1,U.M. 0599 DETASAMENTUL DE JANDARMI SINAIA,ORAS SINAIA,131540,O,1,8,0,8,144,0,8,136,142,2,300,156,31,111
31,PRAHOVA,280,0,SCOALA PRAJANI Calea Ploiesti nr. 248,ORAS SLANIC,131577,O,1,1150,1140,10,622,611,10,1,612,10,1200,578,263,349
31,PRAHOVA,281,0,GRUP SCOLAR SLANIC - PARTER Str. Slanicului nr. 11,ORAS SLANIC,131577,O,1,1503,1493,10,790,778,10,2,787,3,1600,810,266,521
31,PRAHOVA,282,0,GRUP SCOLAR SLANIC - ETAJ Str. Slanicului nr. 11,ORAS SLANIC,131577,O,1,1517,1508,9,758,749,9,0,747,11,1600,842,263,484
31,PRAHOVA,283,0,SCOALA GROSANI Str. Stefan cel Mare nr. 24,ORAS SLANIC,131577,O,1,1671,1671,0,873,873,0,0,864,9,1800,927,410,454
31,PRAHOVA,284,1,HOTEL SLANIC (Complex Balnear) Str. 13 Decembrie nr. 15,ORAS SLANIC,131577,O,1,10,0,10,100,0,10,90,99,1,300,200,25,74
31,PRAHOVA,285,0,CRESA-GRADINITA Str. Tudor Vladimirescu nr. 10A,ORAS URLATI,131620,O,1,1548,1537,11,806,795,11,0,804,2,1700,894,275,529
31,PRAHOVA,286,0,LICEUL TEORETIC URLATI (cladirea veche) Str. 1 Mai nr. 73,ORAS URLATI,131620,O,1,1599,1582,17,854,837,17,0,852,2,1700,846,318,534
31,PRAHOVA,287,0,LICEUL TEORETIC URLATI Str. 1 Mai nr. 30,ORAS URLATI,131620,O,1,1614,1603,11,833,790,11,32,823,10,1700,867,377,446
31,PRAHOVA,288,0,SCOALA GENERALA NR. 2  Str. Viitor nr. 1,ORAS URLATI,131620,O,1,1597,1585,12,868,856,12,0,862,6,1700,832,345,517
31,PRAHOVA,289,0,CASA DE CULTURA Str. Tudor Vladimirescu nr. 47,ORAS URLATI,131620,O,1,1343,1329,14,841,695,14,132,834,7,1400,559,347,487
31,PRAHOVA,290,0,SCOALA JERCALAI,ORAS URLATI,131620,O,1,661,654,7,295,288,7,0,293,2,700,405,137,156
31,PRAHOVA,291,0,SCOALA GENERALA (cladirea noua) Str. Cherba nr. 1,ORAS URLATI,131620,O,1,882,866,16,380,364,16,0,375,5,900,520,163,212
31,PRAHOVA,292,1,CENTRUL DE INTEGRARE PRIN TERAPIE OCUPATIONALA URLATI Str. Orzoaia  de jos,ORAS URLATI,131620,O,1,11,0,11,171,0,11,160,135,36,200,29,52,83
31,PRAHOVA,293,1,CENTRUL DE RECUPERARE SI REABILITARE NEUROPSIHIATRICA URLATI,ORAS URLATI,131620,O,1,9,0,9,99,0,9,90,93,6,200,101,32,61
31,PRAHOVA,294,0,SALA DE SEDINTE A PRIMARIEI B-dul Nicolae Iorga nr. 77,ORAS VALENII DE MUNTE,131817,O,1,1217,1204,13,694,681,13,0,691,3,1300,606,258,433
31,PRAHOVA,295,0,CASA DE CULTURA Str. Berevoiesti nr. 9 (sala mica),ORAS VALENII DE MUNTE,131817,O,1,1259,1248,11,754,742,11,1,749,5,1300,546,375,374
31,PRAHOVA,296,0,CASA DE CULTURA Str. Berevoiesti nr. 9 (foaier),ORAS VALENII DE MUNTE,131817,O,1,1165,1157,8,633,613,8,12,626,7,1300,667,284,342
31,PRAHOVA,297,0,CLUBUL ELEVILOR Str. Berceni nr. 1,ORAS VALENII DE MUNTE,131817,O,1,1012,998,14,560,546,14,0,559,1,1100,540,210,349
31,PRAHOVA,298,0,"SCOALA GENERALA NR. 3, Str. Berceni nr. 18",ORAS VALENII DE MUNTE,131817,O,1,1316,1305,11,795,782,11,2,792,3,1400,605,354,438
31,PRAHOVA,299,0,"GRADINITA  NR. 1 Str. Berceni, nr. 20",ORAS VALENII DE MUNTE,131817,O,1,1316,1308,8,760,752,8,0,750,10,1400,640,333,417
31,PRAHOVA,300,0,GRADINITA  NR. 4 B-dul Nicolae Iorga nr. 96,ORAS VALENII DE MUNTE,131817,O,1,1008,996,12,586,574,12,0,577,9,1100,514,320,257
31,PRAHOVA,301,0,"GRUPUL SCOLAR ""ROMEO CONSTANTINESCU"" Str. Brazilor nr. 1",ORAS VALENII DE MUNTE,131817,O,1,894,878,16,516,500,16,0,516,0,1000,484,232,284
31,PRAHOVA,302,0,SCOALA GENERALA MIULESTI B-dul Nicolae Iorga nr. 188,ORAS VALENII DE MUNTE,131817,O,1,1108,1099,9,654,643,9,2,647,7,1200,546,302,345
31,PRAHOVA,303,0,SCOALA GENERALA VALEA GARDULUI Str. Dr. Istrate nr. 2,ORAS VALENII DE MUNTE,131817,O,1,823,817,6,527,519,6,2,522,5,900,373,337,185
31,PRAHOVA,304,1,"SPITALUL ORASENESC VALENII DE MUNTE B-dul N. Iorga, nr. 10",ORAS VALENII DE MUNTE,131817,O,1,10,0,10,364,0,10,354,361,3,400,36,131,230
31,PRAHOVA,305,0,Caminul Cultural Adunati,ADUNATI,131899,C,3,836,826,10,472,415,10,47,463,9,900,428,233,230
31,PRAHOVA,306,0,Scoala Generala Adunati,ADUNATI,131899,C,3,964,950,14,508,494,14,0,502,6,1000,492,298,204
31,PRAHOVA,307,0,Gradinita de copii Albesti-Paleologu,ALBESTI-PALEOLOGU,131933,C,3,1512,1496,16,853,752,16,85,838,15,1600,747,367,471
31,PRAHOVA,308,0,Scoala cu cls. I-VIII Vadu Parului,ALBESTI-PALEOLOGU,131933,C,3,1723,1704,19,798,779,19,0,787,11,1900,1102,443,344
31,PRAHOVA,309,0,Gradinita de copii sat Albesti-Muru,ALBESTI-PALEOLOGU,131933,C,3,908,883,25,514,489,25,0,510,4,1000,486,212,298
31,PRAHOVA,310,0,Scoala cu cls.I-VIII Cioceni,ALBESTI-PALEOLOGU,131933,C,3,699,684,15,386,371,15,0,383,3,700,314,226,157
31,PRAHOVA,311,0,Scoala cu cls.I-VIII Alunis-Centru,ALUNIS,131988,C,3,1338,1324,14,853,759,14,80,843,10,1500,647,453,390
31,PRAHOVA,312,0,Scoala cu cls.I-IV Alunis-Vale,ALUNIS,131988,C,3,842,830,12,433,421,12,0,430,3,903,470,249,181
31,PRAHOVA,313,0,Scoala cu cls.I-VIII Ostrov,ALUNIS,131988,C,3,827,801,26,461,435,26,0,454,7,904,443,268,186
31,PRAHOVA,314,0,Sediul Consilului Local,APOSTOLACHE,132011,C,3,976,976,0,513,440,0,73,506,7,1100,587,288,218
31,PRAHOVA,315,0,Caminul Cultural Apostolache,APOSTOLACHE,132011,C,3,805,800,5,305,300,5,0,304,1,900,595,172,132
31,PRAHOVA,316,0,Scoala nr.1 Aricestii Rahtivani,ARICESTII RAHTIVANI,132075,C,3,1148,1140,8,713,624,8,81,706,7,1300,587,271,435
31,PRAHOVA,317,0,Caminul Cultural Aricestii Rahtivani,ARICESTII RAHTIVANI,132075,C,3,1100,1078,22,580,558,22,0,575,5,1200,620,218,357
31,PRAHOVA,318,0,Gradinita Nedelea,ARICESTII RAHTIVANI,132075,C,3,808,788,20,405,385,20,0,404,1,900,495,192,212
31,PRAHOVA,319,0,Scoala Nedelea,ARICESTII RAHTIVANI,132075,C,3,1161,1147,14,615,601,14,0,607,8,1300,685,277,330
31,PRAHOVA,320,0,Scoala Stoenesti,ARICESTII RAHTIVANI,132075,C,3,1059,1048,11,528,517,11,0,509,19,1200,672,281,228
31,PRAHOVA,321,0,Scoala Tirgsoru Nou,ARICESTII RAHTIVANI,132075,C,3,841,829,12,521,427,12,82,510,11,900,379,310,200
31,PRAHOVA,322,0,Scoala Buda,ARICESTII RAHTIVANI,132075,C,3,268,255,13,157,142,13,2,155,2,300,143,82,73
31,PRAHOVA,323,0,Scoala Generala cu cls. I-VIII,ARICESTII ZELETIN,132137,C,3,1135,1127,8,575,535,8,32,572,3,1200,625,322,250
31,PRAHOVA,324,0,Scoala Baba Ana,BABA ANA,132164,C,3,1609,1591,18,862,822,18,22,849,13,1800,938,385,464
31,PRAHOVA,325,0,Scoala Conduratu,BABA ANA,132164,C,3,1004,984,20,552,532,20,0,544,8,1100,548,363,181
31,PRAHOVA,326,0,Scoala Ciresanu,BABA ANA,132164,C,3,670,657,13,370,357,13,0,367,3,700,330,229,138
31,PRAHOVA,327,0,Scoala Satu-Nou,BABA ANA,132164,C,3,90,81,9,59,50,9,0,59,0,100,41,30,29
31,PRAHOVA,328,0,Scoala Generala Balta Doamnei,BALTA DOAMNEI,132226,C,3,1184,1168,16,668,580,16,72,662,6,1300,632,380,282
31,PRAHOVA,329,0,Scoala Generala Bira,BALTA DOAMNEI,132226,C,3,843,833,10,434,424,10,0,430,4,900,466,307,123
31,PRAHOVA,330,0,Caminul Cultural Baltesti,BALTESTI,132271,C,3,1293,1277,16,771,661,16,94,771,0,1300,529,451,320
31,PRAHOVA,331,0,Caminul Cultural Podenii-Vechi,BALTESTI,132271,C,3,1489,1480,9,767,758,9,0,762,5,1600,833,353,409
31,PRAHOVA,332,0,Scoala generala Banesti str.Din Jos nr.301,BANESTI,132315,C,3,1478,1461,17,759,742,17,0,751,8,1600,841,295,456
31,PRAHOVA,333,0,Gradinita Banesti Soseaua Nationala nr.6,BANESTI,132315,C,3,1274,1257,17,811,737,17,57,808,3,1400,589,345,463
31,PRAHOVA,334,0,Gradinita Urleta str.Principala nr.117,BANESTI,132315,C,3,1123,1099,24,630,606,24,0,629,1,1200,570,309,320
31,PRAHOVA,335,0,Scoala generala Urleta (local vechi) str.Principala nr.495,BANESTI,132315,C,3,943,919,24,564,540,24,0,562,2,1000,436,319,243
31,PRAHOVA,336,0,Scoala generala cu cls.I-VIII sat Barcanesti,BARCANESTI,130552,C,3,1196,1172,24,522,498,24,0,514,8,1300,778,245,269
31,PRAHOVA,337,0,Scoala generala cu cls.I-VIII sat Barcanesti,BARCANESTI,130552,C,3,1251,1220,31,601,570,31,0,597,4,1300,699,271,326
31,PRAHOVA,338,0,Scoala generala cu cls.I-VIII Romanesti,BARCANESTI,130552,C,3,1457,1439,18,724,706,18,0,714,10,1600,876,340,374
31,PRAHOVA,339,0,Scoala generala cu cls.I-VIII sat Tatarani,BARCANESTI,130552,C,3,1237,1220,17,693,621,17,55,692,1,1300,607,275,417
31,PRAHOVA,340,0,Scoala generala cu cls.I-VIII sat Tatarani,BARCANESTI,130552,C,3,1216,1190,26,650,624,26,0,648,2,1300,650,249,399
31,PRAHOVA,341,0,Sediul fostei scoli cu cls.I-IV sat Puscasi,BARCANESTI,130552,C,3,340,330,10,203,193,10,0,200,3,303,100,82,118
31,PRAHOVA,342,0,Sediul fostei scoli cu cls.I-IV sat Ghighiu,BARCANESTI,130552,C,3,567,550,17,304,286,17,1,302,2,603,299,166,136
31,PRAHOVA,343,0,Scoala generala Berceni,BERCENI,130614,C,3,1224,1217,7,628,620,7,1,623,5,1400,772,345,278
31,PRAHOVA,344,0,Gradinita de copii nr.2 Berceni,BERCENI,130614,C,3,740,732,8,388,380,8,0,382,6,800,412,210,172
31,PRAHOVA,345,0,Scoala generala Corlatesti,BERCENI,130614,C,3,1141,1122,19,654,635,19,0,649,5,1200,546,312,337
31,PRAHOVA,346,0,Caminul Cultural Dimbu,BERCENI,130614,C,3,365,355,10,250,240,10,0,246,4,400,150,121,125
31,PRAHOVA,347,0,Scoala generala Catunu,BERCENI,130614,C,3,541,515,26,317,291,26,0,313,4,600,283,172,141
31,PRAHOVA,348,0,Scoala generala Moara Noua,BERCENI,130614,C,3,651,639,12,368,356,12,0,366,2,700,332,243,123
31,PRAHOVA,349,0,Gradinita de copii nr.1 Bertea,BERTEA,132342,C,3,1519,1505,14,700,657,14,29,695,5,1699,999,349,346
31,PRAHOVA,350,0,Gradinita de copii nr.2 Bertea,BERTEA,132342,C,3,1182,1165,17,566,547,17,2,561,5,1300,734,317,244
31,PRAHOVA,351,0,Scoala cu cls.I-VIII Blejoi,BLEJOI,130678,C,3,1564,1523,41,942,817,41,84,938,4,1702,760,374,564
31,PRAHOVA,352,0,Gradinita de copii Blejoi,BLEJOI,130678,C,3,1525,1513,12,799,783,12,4,795,4,1700,901,301,494
31,PRAHOVA,353,0,Gradinita de copii Ploiestiori,BLEJOI,130678,C,3,1102,1094,8,561,548,8,5,557,4,1202,641,220,337
31,PRAHOVA,354,0,Scoala cu cls.I-VIII Ploiestiori,BLEJOI,130678,C,3,1228,1214,14,639,625,14,0,637,2,1305,666,223,414
31,PRAHOVA,355,0,Gradinita de copii Tintareni,BLEJOI,130678,C,3,1154,1125,29,600,571,29,0,595,5,1210,610,273,322
31,PRAHOVA,356,0,Scoala generala cu cls.I-VIII Boldesti,BOLDESTI-GRADISTEA,132379,C,3,808,798,10,541,494,10,37,534,7,900,359,373,161
31,PRAHOVA,357,0,Scoala generala cu cls.I-IV Gradistea,BOLDESTI-GRADISTEA,132379,C,3,803,800,3,491,488,3,0,481,10,900,409,321,160
31,PRAHOVA,358,0,Scoala generala Batesti,BRAZI,130712,C,3,1344,1328,16,733,717,16,0,724,9,1500,767,234,490
31,PRAHOVA,359,0,Scoala generala Brazii de Sus,BRAZI,130712,C,3,988,972,16,559,486,16,57,557,2,1100,541,236,321
31,PRAHOVA,360,0,Primaria Brazi sat Brazii de Jos,BRAZI,130712,C,3,616,598,18,313,295,18,0,311,2,700,387,111,200
31,PRAHOVA,361,0,Scoala generala Popesti,BRAZI,130712,C,3,1382,1376,6,748,742,6,0,740,8,1500,752,291,449
31,PRAHOVA,362,0,Scoala generala Negoiesti,BRAZI,130712,C,3,1595,1543,52,950,898,52,0,942,8,1700,750,489,453
31,PRAHOVA,363,0,Gradinita de copii colonia Brazi,BRAZI,130712,C,3,315,305,10,195,185,10,0,194,1,400,205,68,126
31,PRAHOVA,364,0,Scoala generala Stejaru,BRAZI,130712,C,3,467,453,14,225,210,14,1,222,3,500,275,59,163
31,PRAHOVA,365,0,Scoala nr.1 anexa din satul Manastirei (localul vechi),BREBU,132404,C,3,953,926,27,563,534,27,2,558,5,1000,437,276,282
31,PRAHOVA,366,0,Scoala nr.1 din satul Manastirei(localul nou),BREBU,132404,C,3,1473,1446,27,881,767,27,87,875,6,1600,719,382,493
31,PRAHOVA,367,0,"Scoala nr.2 din satul Megiesesc (""Lacul Sec"")",BREBU,132404,C,3,1590,1551,39,850,811,39,0,841,9,1700,850,416,425
31,PRAHOVA,368,0,Scoala cu cls.I-IV din satul Megiesesc(SILISTE),BREBU,132404,C,3,1247,1223,24,700,676,24,0,695,5,1300,600,353,342
31,PRAHOVA,369,0,Scoala din satul Pietriceaua,BREBU,132404,C,3,1050,1038,12,460,448,12,0,455,5,1100,640,280,175
31,PRAHOVA,370,0,"Scoala ""Constantin Stere"" Bucov",BUCOV,130785,C,3,1227,1212,15,557,542,15,0,552,5,1300,743,252,300
31,PRAHOVA,371,0,"Scoala ""Constantin Stere"" Bucov",BUCOV,130785,C,3,1037,1028,9,563,554,9,0,556,7,1100,537,356,200
31,PRAHOVA,372,0,Gradinita Bucov,BUCOV,130785,C,3,1585,1560,25,870,760,25,85,864,6,1700,830,397,467
31,PRAHOVA,373,0,Gradinita Chitorani,BUCOV,130785,C,3,1108,1091,17,568,551,17,0,564,4,1200,632,276,288
31,PRAHOVA,374,0,"Scoala ""Mihai Voda"" Pleasa",BUCOV,130785,C,3,1227,1217,10,665,655,10,0,660,5,1300,635,243,417
31,PRAHOVA,375,0,Gradinita Pleasa,BUCOV,130785,C,3,1229,1218,11,598,587,11,0,594,4,1300,702,218,376
31,PRAHOVA,376,0,Gradinita II Pleasa - (Zona Industriala),BUCOV,130785,C,3,753,641,112,395,283,112,0,392,3,700,305,104,288
31,PRAHOVA,377,0,Caminul Cultural Calugareni,CALUGARENI,132459,C,3,1082,1068,14,676,611,14,51,665,11,1200,524,399,266
31,PRAHOVA,378,0,Scoala cu cls.I-VIII Carbunesti,CARBUNESTI,132486,C,3,1464,1451,13,692,637,13,42,684,8,1600,908,379,305
31,PRAHOVA,379,0,Scoala cu cls.I-VIII Ceptura de Jos,CEPTURA,132510,C,3,1034,1020,14,536,458,14,64,528,8,1100,564,279,249
31,PRAHOVA,380,0,Scoala cu cls.I-VIII Ceptura de Jos,CEPTURA,132510,C,3,982,962,20,502,482,20,0,492,10,1100,598,266,226
31,PRAHOVA,381,0,Scoala cu cls.I-IV Ceptura de Sus,CEPTURA,132510,C,3,549,543,6,266,260,6,0,260,6,600,334,172,88
31,PRAHOVA,382,0,Scoala cu cls.I-VIII Soimesti,CEPTURA,132510,C,3,666,660,6,328,322,6,0,324,4,700,372,205,119
31,PRAHOVA,383,0,Scoala cu cls.I-VIII Rotari,CEPTURA,132510,C,3,700,694,6,273,267,6,0,268,5,800,527,153,115
31,PRAHOVA,384,0,Scoala cu cls.I-IV Malu-Rosu,CEPTURA,132510,C,3,199,184,15,105,90,15,0,104,1,200,95,80,24
31,PRAHOVA,385,0,Scoala cu cls.I-VIII Cerasu,CERASU,132574,C,3,1286,1266,20,819,723,20,76,807,12,1400,581,429,378
31,PRAHOVA,386,0,Scoala cu cls.I-VIII Valea Borului,CERASU,132574,C,3,730,720,10,404,394,10,0,397,7,800,396,221,176
31,PRAHOVA,387,0,Scoala cu cls.I-VIII Slon,CERASU,132574,C,3,831,824,7,458,451,7,0,451,7,900,442,256,195
31,PRAHOVA,388,0,Scoala cu cls.I-VIII Slon,CERASU,132574,C,3,934,923,11,507,496,11,0,503,4,1000,493,346,157
31,PRAHOVA,389,0,Gradinita Chiojdeanca,CHIOJDEANCA,132645,C,3,929,916,13,463,424,13,26,455,8,1000,537,212,243
31,PRAHOVA,390,0,Scoala Generala sat Trenu,CHIOJDEANCA,132645,C,3,520,506,14,268,254,14,0,266,2,600,332,188,78
31,PRAHOVA,391,0,Liceul Ciorani(cladirea veche),CIORANI,132681,C,3,1049,1036,13,722,626,13,83,712,10,1100,378,469,243
31,PRAHOVA,392,0,Liceul Ciorani(cladirea noua),CIORANI,132681,C,3,1559,1541,18,893,875,18,0,880,13,1700,807,560,320
31,PRAHOVA,393,0,Scoala cu cls.I-IV (Fostul spital),CIORANI,132681,C,3,1040,1029,11,650,639,11,0,648,2,1100,450,462,186
31,PRAHOVA,394,0,Scoala Generala Cioranii de Sus (cladirea noua),CIORANI,132681,C,3,968,932,36,689,653,36,0,685,4,1000,311,532,153
31,PRAHOVA,395,0,Primaria (cladirea anexa Cioranii de Sus),CIORANI,132681,C,3,1086,1043,43,668,625,43,0,659,9,1200,532,416,243
31,PRAHOVA,396,0,Gradinita de Copii Cocorastii Colt,COCORASTII COLT,136241,C,3,1664,1579,85,841,747,85,9,823,18,1700,859,432,391
31,PRAHOVA,397,0,Scoala cu cls.I-IV Cocorastii Grind,COCORASTII COLT,136241,C,3,902,774,128,520,392,128,0,503,17,800,280,266,237
31,PRAHOVA,398,0,Caminul Cultural Cocorastii Mislii,COCORASTII MISLII,132716,C,3,1600,1589,11,901,858,11,32,897,4,1700,799,448,449
31,PRAHOVA,399,0,Scoala cu cls.I-VIII Goruna,COCORASTII MISLII,132716,C,3,1310,1298,12,689,677,12,0,679,10,1400,711,392,287
31,PRAHOVA,400,0,Scoala cu cls.I-VIII Colceag,COLCEAG,132752,C,3,1301,1257,44,696,580,44,72,670,26,1600,904,420,250
31,PRAHOVA,401,0,Scoala cu cls.I-IV Valcelele,COLCEAG,132752,C,3,517,460,57,330,270,57,3,327,3,400,70,244,83
31,PRAHOVA,402,0,Scoala cu cls.I-VIII Inotesti,COLCEAG,132752,C,3,1686,1651,35,875,835,35,5,866,9,1700,825,557,309
31,PRAHOVA,403,0,Scoala cu cls.I-VIII Parepa-Rusani,COLCEAG,132752,C,3,979,967,12,529,517,12,0,521,8,1100,571,401,120
31,PRAHOVA,404,0,Gradinita de copii Cornu de Jos str.Gradinitei nr.337,CORNU,132805,C,3,1393,1371,22,983,859,22,102,974,9,1500,517,671,303
31,PRAHOVA,405,0,Scoala Generala cu cls.I-VIII Cornu de Jos b-dul Eroilor nr.480,CORNU,132805,C,3,1422,1404,18,893,875,18,0,881,12,1500,607,586,295
31,PRAHOVA,406,0,Gradinita de copii Cornu de Sus str.Mihai Viteazul nr.217,CORNU,132805,C,3,859,845,14,605,578,14,13,600,5,900,295,481,119
31,PRAHOVA,407,0,"Caminul Cultural ""Nicolae Simache"" Cosmina de Jos",COSMINELE,132841,C,3,1004,1001,3,557,516,3,38,548,9,1103,546,196,352
31,PRAHOVA,408,1,Sanatoriul TBC Drajna,DRAJNA,132896,C,3,13,0,13,113,0,13,100,111,2,203,90,60,51
31,PRAHOVA,409,0,Scoala Generala cu cls.I-VIII Draja de Jos,DRAJNA,132896,C,3,1577,1476,101,959,778,101,80,953,6,1600,641,574,379
31,PRAHOVA,410,0,Scoala cu cls.I-IV Plaisani,DRAJNA,132896,C,3,667,639,28,374,346,28,0,369,5,800,426,244,125
31,PRAHOVA,411,0,Scoala cu cls.I-VIII Drajna de Sus,DRAJNA,132896,C,3,1240,1220,20,583,563,20,0,581,2,1300,717,313,268
31,PRAHOVA,412,0,Scoala cu cls.I-VIII Ogretin,DRAJNA,132896,C,3,1134,1107,27,512,485,27,0,505,7,1200,688,285,220
31,PRAHOVA,413,0,Scoala cu cls.I-IV Draganesti,DRAGANESTI,133018,C,3,990,982,8,551,430,8,113,539,12,1100,549,250,289
31,PRAHOVA,414,0,Gradinita Baraitaru,DRAGANESTI,133018,C,3,730,717,13,465,452,13,0,458,7,800,335,296,162
31,PRAHOVA,415,0,Gradinita Belciug,DRAGANESTI,133018,C,3,515,487,28,310,282,28,0,305,5,505,195,187,118
31,PRAHOVA,416,0,Scoala cu cls.I-IV Cornu de Jos,DRAGANESTI,133018,C,3,521,503,18,329,311,18,0,323,6,600,271,186,137
31,PRAHOVA,417,0,Scoala cu cls.I-IV Hatcarau,DRAGANESTI,133018,C,3,468,460,8,280,272,8,0,273,7,500,220,165,108
31,PRAHOVA,418,0,Scoala cu cls.I-IV Meri,DRAGANESTI,133018,C,3,806,794,12,397,384,12,1,395,2,900,503,214,181
31,PRAHOVA,419,0,Scoala Generala nr.1 Dumbrava,DUMBRAVA,133090,C,3,1471,1435,36,790,706,36,48,783,7,1600,810,429,354
31,PRAHOVA,420,0,Gradinita de copii Zanoaga,DUMBRAVA,133090,C,3,713,690,23,373,350,23,0,366,7,800,427,183,183
31,PRAHOVA,421,0,Scoala Generala Ciupelnita,DUMBRAVA,133090,C,3,1265,1241,24,619,595,24,0,606,13,1403,784,384,222
31,PRAHOVA,422,0,Caminul Cultural Dumbravesti,DUMBRAVESTI,131461,C,3,1190,1169,21,684,604,21,59,679,5,1300,616,288,391
31,PRAHOVA,423,0,Scoala Plopeni,DUMBRAVESTI,131461,C,3,1273,1255,18,753,735,18,0,746,7,1400,647,395,351
31,PRAHOVA,424,0,Scoala sat Sfirleanca,DUMBRAVESTI,131461,C,3,331,318,13,205,192,13,0,205,0,398,193,92,113
31,PRAHOVA,425,0,Scoala Malaiestii de Sus,DUMBRAVESTI,131461,C,3,200,188,12,115,103,12,0,111,4,200,85,69,42
31,PRAHOVA,426,0,Caminul Cultural Fintinele camera nr.1,FANTANELE,133278,C,3,875,867,8,422,414,8,0,419,3,1000,578,232,187
31,PRAHOVA,427,0,Primaria Fintinele,FANTANELE,133278,C,3,903,891,12,521,468,12,41,513,8,1000,479,296,217
31,PRAHOVA,428,0,"Clubul ""Minerul"" Filipestii de Padure",FILIPESTII DE PADURE,133161,C,3,963,942,21,440,419,21,0,438,2,1000,560,221,217
31,PRAHOVA,429,0,Scoala veche Filipestii de Padure,FILIPESTII DE PADURE,133161,C,3,1358,1338,20,715,695,20,0,708,7,1500,785,373,335
31,PRAHOVA,430,0,Liceul Teoretic Filipestii de Padure,FILIPESTII DE PADURE,133161,C,3,1859,1822,37,1146,991,37,118,1139,7,2000,854,516,623
31,PRAHOVA,431,0,Scoala Generala Ditesti,FILIPESTII DE PADURE,133161,C,3,1308,1267,41,717,676,41,0,710,7,1400,683,358,352
31,PRAHOVA,432,0,Gradinita nr.1 Ditesti,FILIPESTII DE PADURE,133161,C,3,1694,1644,50,944,894,50,0,932,12,1800,856,570,362
31,PRAHOVA,433,0,Grupul  Scolar Sat Minieri,FILIPESTII DE PADURE,133161,C,3,1112,1075,37,552,514,37,1,550,2,1200,648,359,191
31,PRAHOVA,434,0,Scoala Generala Filipestii de Targ,FILIPESTII DE TARG,133214,C,3,969,945,24,475,451,24,0,472,3,1000,525,198,274
31,PRAHOVA,435,0,Caminul Cultural Filipestii de Targ,FILIPESTII DE TARG,133214,C,3,1229,1202,27,727,641,27,59,726,1,1300,573,340,386
31,PRAHOVA,436,0,Scoala Generala Bratasanca,FILIPESTII DE TARG,133214,C,3,1485,1463,22,761,739,22,0,753,8,1600,839,237,516
31,PRAHOVA,437,0,Scoala Generala Marginenii de Jos(Scoala Noua),FILIPESTII DE TARG,133214,C,3,1505,1458,47,643,596,47,0,634,9,1600,957,415,219
31,PRAHOVA,438,0,Scoala Generala Marginenii de Jos(Scoala Veche),FILIPESTII DE TARG,133214,C,3,1078,1063,15,456,441,15,0,442,14,1202,746,365,77
31,PRAHOVA,439,0,Gradinita de copii Floresti,FLORESTI,133330,C,3,728,646,82,729,646,82,1,724,5,1400,671,205,519
31,PRAHOVA,440,0,Scoala cu cls.I-VIII (Localul Nou) Floresti,FLORESTI,133330,C,3,1546,1399,147,944,797,147,0,932,12,1500,556,375,557
31,PRAHOVA,441,0,Scoala cu cls.I-VIII (Localul Vechi) Floresti,FLORESTI,133330,C,3,1259,1216,43,758,598,43,117,756,2,1400,642,280,476
31,PRAHOVA,442,0,Gradinita de copii nr.1 Calinesti,FLORESTI,133330,C,3,907,850,57,784,476,57,251,780,4,900,116,469,311
31,PRAHOVA,443,0,Scoala cu cls.I-IV Novacesti,FLORESTI,133330,C,3,1002,962,40,607,567,40,0,602,5,1100,493,396,206
31,PRAHOVA,444,1,Sanatoriul TBC,FLORESTI,133330,C,3,11,0,11,100,0,11,89,98,2,400,300,44,54
31,PRAHOVA,445,0,Caminul Cultural Fulga de Jos,FULGA,133394,C,3,1407,1390,17,620,562,17,41,611,9,1500,880,440,171
31,PRAHOVA,446,0,Scoala cu cls.I-VIII Fulga de Sus,FULGA,133394,C,3,1676,1667,9,753,744,9,0,739,14,1800,1047,490,249
31,PRAHOVA,447,0,Scoala Generala cu cls.I-VIII Gherghita,GHERGHITA,133429,C,3,981,955,26,571,479,26,66,564,7,1000,429,332,232
31,PRAHOVA,448,0,Scoala Generala cu cls.I-IV Malamuc,GHERGHITA,133429,C,3,347,337,10,197,187,10,0,193,4,400,203,122,71
31,PRAHOVA,449,0,Scoala Generala cu cls.I-IV Independenta,GHERGHITA,133429,C,3,190,177,13,125,112,13,0,123,2,200,75,83,40
31,PRAHOVA,450,0,Scoala Generala Potigrafu,GORGOTA,133508,C,3,1079,1060,19,535,514,19,2,534,1,1200,665,247,287
31,PRAHOVA,451,0,Scoala cu cls.I-IV Gorgota,GORGOTA,133508,C,3,1304,1277,27,748,668,27,53,743,5,1400,652,311,432
31,PRAHOVA,452,0,Scoala Generala Poienarii Apostoli,GORGOTA,133508,C,3,1244,1226,18,589,571,18,0,586,3,1300,711,282,304
31,PRAHOVA,453,0,Scoala cu cls.I-IV Crivina,GORGOTA,133508,C,3,815,787,28,478,450,28,0,465,13,900,422,246,219
31,PRAHOVA,454,0,Scoala cu cls.I-VIII sat Gornet,GORNET,133562,C,3,876,869,7,548,541,7,0,544,4,1000,452,247,297
31,PRAHOVA,455,0,Caminul Cultural Gornet,GORNET,133562,C,3,1104,1096,8,738,703,8,27,732,6,1214,476,300,432
31,PRAHOVA,456,0,Scoala Generala cu cls.I-IV sat Cuib,GORNET,133562,C,3,365,354,11,210,199,11,0,207,3,401,191,114,93
31,PRAHOVA,457,0,Scoala Generala cu cls.I-IV sat Nucet,GORNET,133562,C,3,206,197,9,123,114,9,0,118,5,203,80,52,66
31,PRAHOVA,458,0,Gradinita  Gornet - Cricov,GORNET-CRICOV,133615,C,3,892,884,8,513,427,8,78,510,3,1000,487,201,309
31,PRAHOVA,459,0,Gradinita Coserele,GORNET-CRICOV,133615,C,3,719,702,17,303,286,17,0,299,4,800,497,147,152
31,PRAHOVA,460,0,Gradinita Dobrota,GORNET-CRICOV,133615,C,3,429,418,11,235,224,11,0,233,2,500,265,82,151
31,PRAHOVA,461,0,Scoala cu cls.I-VIII Gura Vadului,GURA VADULUI,133688,C,3,1271,1261,10,614,558,10,46,611,3,1400,786,260,351
31,PRAHOVA,462,0,Scoala cu cls.I-VIII Persunari,GURA VADULUI,133688,C,3,793,782,11,332,321,11,0,324,8,900,568,139,185
31,PRAHOVA,463,0,Scoala Gura Vitioarei,GURA VITIOAREI,131835,C,3,1638,1628,10,830,761,10,59,822,8,1800,970,402,420
31,PRAHOVA,464,0,Scoala Bughea de Jos,GURA VITIOAREI,131835,C,3,778,774,4,366,362,4,0,365,1,800,434,188,177
31,PRAHOVA,465,0,Scoala Poiana Copaceni,GURA VITIOAREI,131835,C,3,803,796,7,461,453,7,1,457,4,900,439,267,190
31,PRAHOVA,466,0,Scoala Faget,GURA VITIOAREI,131835,C,3,1007,1000,7,468,461,7,0,457,11,1100,632,247,210
31,PRAHOVA,467,0,Scoala Fundeni,GURA VITIOAREI,131835,C,3,601,594,7,320,313,7,0,318,2,700,380,127,191
31,PRAHOVA,468,0,Gradinita Iordacheanu,IORDACHEANU,133722,C,3,928,916,12,488,429,12,47,486,2,1000,512,244,242
31,PRAHOVA,469,0,Scoala Mocesti,IORDACHEANU,133722,C,3,956,943,13,444,431,13,0,441,3,1000,556,273,168
31,PRAHOVA,470,0,Caminul Cultural Valea Cucului,IORDACHEANU,133722,C,3,1036,1024,12,548,536,12,0,546,2,1100,552,277,269
31,PRAHOVA,471,0,Scoala Varbila,IORDACHEANU,133722,C,3,1064,1050,14,540,526,14,0,531,9,1100,560,396,135
31,PRAHOVA,472,0,Scoala Izvoarele,IZVOARELE,133795,C,3,1126,1121,5,641,636,5,0,637,4,1200,559,309,328
31,PRAHOVA,473,0,Scoala Izvoarele,IZVOARELE,133795,C,3,912,895,17,657,524,17,116,654,3,1000,343,292,362
31,PRAHOVA,474,0,Scoala Homoriciu,IZVOARELE,133795,C,3,969,958,11,568,555,11,2,567,1,1000,432,289,278
31,PRAHOVA,475,0,Scoala Homoriciu,IZVOARELE,133795,C,3,815,806,9,383,374,9,0,381,2,900,517,187,194
31,PRAHOVA,476,0,Scoala Schiulesti,IZVOARELE,133795,C,3,1029,1016,13,592,579,13,0,590,2,1100,508,435,155
31,PRAHOVA,477,0,Scoala Malu-Vinat,IZVOARELE,133795,C,3,675,665,10,376,359,10,7,372,4,700,324,174,198
31,PRAHOVA,478,0,Scoala Generala Jugureni,JUGURENI,133866,C,3,604,578,26,427,341,26,60,424,3,600,173,273,151
31,PRAHOVA,479,0,Scoala Generala cu cls.I-VIII Lapos,LAPOS,133919,C,3,1110,1109,1,473,443,1,29,467,6,1204,731,334,133
31,PRAHOVA,480,0,Camin Cultural satul Lipanesti,LIPANESTI,133964,C,3,1279,1256,23,731,662,23,46,727,4,1400,669,236,491
31,PRAHOVA,481,0,Scoala cu cls.I-VIII satul Sipotu,LIPANESTI,133964,C,3,1161,1129,32,690,658,32,0,684,6,1200,510,214,470
31,PRAHOVA,482,0,Scoala cu cls.I-VIII satul Sipotu,LIPANESTI,133964,C,3,612,591,21,291,270,21,0,286,5,700,409,125,161
31,PRAHOVA,483,0,Scoala cu cls.I-VIII satul Zamfira,LIPANESTI,133964,C,3,943,915,28,542,514,28,0,536,6,1000,458,195,341
31,PRAHOVA,484,0,Caminul Cultural Magurele,MAGURELE,134014,C,3,1310,1297,13,827,721,13,93,819,8,1400,573,341,478
31,PRAHOVA,485,0,Scoala Veche Magurele,MAGURELE,134014,C,3,1443,1433,10,706,696,10,0,704,2,1500,794,306,398
31,PRAHOVA,486,0,Scoala cu cls.I-IV Coada Malului,MAGURELE,134014,C,3,653,647,6,382,376,6,0,377,5,700,318,198,179
31,PRAHOVA,487,0,Gradinita Iazu,MAGURELE,134014,C,3,520,496,24,303,279,24,0,301,2,500,197,136,165
31,PRAHOVA,488,0,Scoala Generala nr.1 cu cls.I-IV Magureni corp B,MAGURENI,134050,C,3,1524,1515,9,791,730,9,52,787,4,1700,909,437,350
31,PRAHOVA,489,0,Scoala Nr.2 cu cls.I-IV Magureni,MAGURENI,134050,C,3,1024,1012,12,518,506,12,0,517,1,1100,582,290,227
31,PRAHOVA,490,0,Scoala gen.nr.1 cu cls.I-VIII corp A Magureni,MAGURENI,134050,C,3,1325,1309,16,650,634,16,0,642,8,1400,750,399,243
31,PRAHOVA,491,0,Scoala nr.3 Lunca Prahovei,MAGURENI,134050,C,3,827,787,40,475,435,40,0,469,6,900,425,378,91
31,PRAHOVA,492,0,Scoala nr.4 Cocorastii Caplii,MAGURENI,134050,C,3,694,671,23,397,374,23,0,396,1,700,303,162,234
31,PRAHOVA,493,0,Gradinita de copii cu 4 grupe Maneciu Ungureni,MANECIU,134096,C,3,1650,1641,9,983,974,9,0,976,7,1600,617,546,430
31,PRAHOVA,494,0,Scoala mica cu cls.I-IV Gheaba nr.391,MANECIU,134096,C,3,1383,1369,14,839,817,14,8,833,6,1500,661,425,408
31,PRAHOVA,495,0,Grup Scolar Maneciu Gheaba nr.5,MANECIU,134096,C,3,1108,1100,8,641,633,8,0,636,5,1200,559,331,305
31,PRAHOVA,496,0,Grup Scolar Maneciu Gheaba nr.5,MANECIU,134096,C,3,1210,1194,16,712,695,16,1,711,1,1300,588,381,330
31,PRAHOVA,497,0,Scoala cu cls.I-IV Maneciu Pamanteni nr.267,MANECIU,134096,C,3,1741,1731,10,932,922,10,0,929,3,1900,968,419,510
31,PRAHOVA,498,0,Scoala cu cls.I-VIII Maneciu Pamanteni nr.1229,MANECIU,134096,C,3,1621,1608,13,879,866,13,0,876,3,1800,921,420,456
31,PRAHOVA,499,0,Scoala cu cls.I-IV Cheia,MANECIU,134096,C,3,326,316,10,421,194,10,217,420,0,599,178,147,273
31,PRAHOVA,500,0,Caminul Cultural Manesti,MANESTI,134194,C,3,1078,1057,21,420,371,21,28,412,8,1200,780,185,227
31,PRAHOVA,501,0,Scoala cu cls.I-IV Zalhanaua,MANESTI,134194,C,3,734,672,62,459,397,62,0,450,9,700,241,236,214
31,PRAHOVA,502,0,Scoala cu cls.I-IV Coada Izvorului,MANESTI,134194,C,3,698,644,54,397,343,54,0,393,4,700,303,219,174
31,PRAHOVA,503,0,Scoala cu cls.I-VIII Baltita,MANESTI,134194,C,3,798,784,14,425,411,14,0,419,6,900,475,241,178
31,PRAHOVA,504,0,Scoala cu  cls.I-IV Olarii Vechi,OLARI,136250,C,3,800,766,34,386,320,34,32,384,2,800,414,232,152
31,PRAHOVA,505,0,Scoala cu cls.I-VIII Olari,OLARI,136250,C,3,606,531,75,361,286,75,0,359,2,600,239,274,85
31,PRAHOVA,506,0,Scoala cu cls.I-IV Finari,OLARI,136250,C,3,373,366,7,197,190,7,0,194,3,400,203,130,64
31,PRAHOVA,507,0,Gradinita de copii Pacureti,PACURETI,134336,C,3,1115,1104,11,620,565,11,44,616,4,1200,580,372,244
31,PRAHOVA,508,0,Scoala Generala cu cls.I-VIII Matita,PACURETI,134336,C,3,675,666,9,302,293,9,0,300,2,680,378,146,154
31,PRAHOVA,509,0,Scoala Generala cu cls.I-VIII Paulesti,PAULESTI,130847,C,3,1104,1101,3,592,579,3,10,590,2,1100,508,224,366
31,PRAHOVA,510,0,Caminul Cultural Paulesti,PAULESTI,130847,C,3,866,846,20,644,503,20,121,642,2,1100,456,225,417
31,PRAHOVA,511,0,Gradinita Cocosesti,PAULESTI,130847,C,3,607,599,8,347,339,8,0,343,4,700,353,152,191
31,PRAHOVA,512,0,Scoala Generala cu cls.I-VIII Gageni,PAULESTI,130847,C,3,809,797,12,490,478,12,0,488,2,900,410,215,273
31,PRAHOVA,513,0,Caminul Cultural Gageni,PAULESTI,130847,C,3,849,832,17,542,525,17,0,540,2,900,358,218,322
31,PRAHOVA,514,0,Gradinita de copii Plopu,PLOPU,134390,C,3,803,796,7,437,417,7,13,434,3,900,463,222,212
31,PRAHOVA,515,0,Scoala Generala Nisipoasa,PLOPU,134390,C,3,632,624,8,370,362,8,0,369,1,700,330,215,154
31,PRAHOVA,516,0,Scoala Generala Gilmeia,PLOPU,134390,C,3,178,167,11,121,110,11,0,118,3,200,79,64,54
31,PRAHOVA,517,0,Scoala Generala Hirsa,PLOPU,134390,C,3,210,199,11,126,115,11,0,122,4,200,74,68,54
31,PRAHOVA,518,0,Scoala Podenii Noi,PODENII NOI,134443,C,3,1079,1065,14,576,486,14,76,570,6,1200,624,323,247
31,PRAHOVA,519,0,Caminul Cultural Valea Dulce,PODENII NOI,134443,C,3,817,809,8,468,460,8,0,460,8,900,432,269,191
31,PRAHOVA,520,0,Scoala Popesti,PODENII NOI,134443,C,3,491,481,10,248,238,10,0,241,7,500,252,124,117
31,PRAHOVA,521,0,Scoala Mehedinta,PODENII NOI,134443,C,3,1159,1143,16,583,567,16,0,582,1,1300,717,322,260
31,PRAHOVA,522,0,Scoala Generala cu cls.I-VIII Poiana-Campina,POIANA CAMPINA,131274,C,3,1063,1036,27,625,598,27,0,625,0,1000,375,298,327
31,PRAHOVA,523,0,Primaria comunei Poiana-Campina,POIANA CAMPINA,131274,C,3,1321,1297,24,861,717,24,120,857,4,1100,239,321,536
31,PRAHOVA,524,0,Biblioteca comunei Poiana-Campina,POIANA CAMPINA,131274,C,3,616,604,12,361,349,12,0,361,0,1300,939,165,196
31,PRAHOVA,525,0,Scoala Generala Pietrisu,POIANA CAMPINA,131274,C,3,495,469,26,311,283,26,2,310,1,500,189,158,152
31,PRAHOVA,526,0,Scoala Generala Bobolia,POIANA CAMPINA,131274,C,3,850,830,20,440,420,20,0,440,0,900,460,191,249
31,PRAHOVA,527,1,Sectia Exterioara a Spitalului municipal Campina,POIANA CAMPINA,131274,C,3,10,0,10,53,0,10,43,53,0,200,147,22,31
31,PRAHOVA,528,0,Scoala Generala cu cls.I-VIII Poienarii Burchii,POIENARII BURCHII,134559,C,3,1293,1263,30,520,426,30,64,513,7,1400,880,247,266
31,PRAHOVA,529,0,Gradinita de copii Carbunari,POIENARII BURCHII,134559,C,3,633,570,63,278,215,63,0,274,4,600,322,117,157
31,PRAHOVA,530,0,Scoala Generala cu cls.I-VIII Poienarii Rali,POIENARII BURCHII,134559,C,3,1015,966,49,508,459,49,0,499,9,1100,592,280,219
31,PRAHOVA,531,0,Cladirea din satul Ologeni - anexa a Consiliului local,POIENARII BURCHII,134559,C,3,1242,1223,19,598,579,19,0,590,8,1300,702,381,209
31,PRAHOVA,532,0,Caminul Cultural Tatarai,POIENARII BURCHII,134559,C,3,443,407,36,263,214,36,13,261,2,500,237,199,62
31,PRAHOVA,533,0,Caminul Cultural Posesti,POSESTI,134648,C,3,787,780,7,443,397,7,39,438,5,800,357,212,226
31,PRAHOVA,534,0,Localul fostei primarii Nucsoara,POSESTI,134648,C,3,1260,1257,3,697,694,3,0,693,4,1400,703,460,233
31,PRAHOVA,535,0,Caminul Cultural Valea Plopului,POSESTI,134648,C,3,682,674,8,386,378,8,0,383,3,700,314,237,146
31,PRAHOVA,536,0,Scoala Generala cu cls.I-VIII Tarlesti,POSESTI,134648,C,3,546,542,4,304,300,4,0,303,1,600,296,175,128
31,PRAHOVA,537,0,Gradinita Predeal,PREDEAL-SARARI,134755,C,3,852,845,7,474,440,7,27,469,5,900,426,210,259
31,PRAHOVA,538,0,Scoala Elementara Zimbroaia,PREDEAL-SARARI,134755,C,3,185,177,8,91,83,8,0,91,0,200,109,48,43
31,PRAHOVA,539,0,Scoala Generala Vitioara de Sus,PREDEAL-SARARI,134755,C,3,1033,1028,5,593,587,5,1,590,3,1100,507,268,322
31,PRAHOVA,540,0,Scoala Generala cu cls.I-VIII Provita de Jos,PROVITA DE JOS,134853,C,3,1009,989,20,564,492,20,52,558,6,1100,536,237,321
31,PRAHOVA,541,0,Gradinita de copii Draganeasa,PROVITA DE JOS,134853,C,3,969,954,15,561,546,15,0,550,11,1000,439,245,305
31,PRAHOVA,542,0,Scoala Generala cu cls. I-VIII Provita de Sus,PROVITA DE SUS,134899,C,3,1587,1561,26,832,772,26,34,824,8,1700,868,345,479
31,PRAHOVA,543,0,Scoala Generala cu cls.I-IV Izvoru,PROVITA DE SUS,134899,C,3,359,345,14,234,219,14,1,233,1,398,164,125,108
31,PRAHOVA,544,0,Scoala Generala cu cls.I-VIII Puchenii Mari,PUCHENII MARI,134942,C,3,1202,1173,29,643,569,29,45,638,5,1300,657,293,345
31,PRAHOVA,545,0,Scoala Generala cu cls.I-VIII Pietrosani,PUCHENII MARI,134942,C,3,1075,1069,6,527,521,6,0,527,0,1200,673,203,324
31,PRAHOVA,546,0,Gradinita de copii Pietrosani,PUCHENII MARI,134942,C,3,894,887,7,455,448,7,0,453,2,1000,545,183,270
31,PRAHOVA,547,0,Scoala Generala cu cls.I-VIII sat Puchenii Mosneni,PUCHENII MARI,134942,C,3,1246,1203,43,652,609,43,0,646,6,1300,648,275,371
31,PRAHOVA,548,0,Scoala Generala cu cls.I-IV sat Miroslavesti,PUCHENII MARI,134942,C,3,1482,1469,13,668,654,13,1,664,4,1600,932,328,336
31,PRAHOVA,549,0,Scoala Generala cu cls.I-IV sat Odaile,PUCHENII MARI,134942,C,3,1375,1341,34,672,638,34,0,664,8,1500,828,300,364
31,PRAHOVA,550,0,SCOALA GENERALA CU CLASELE I-IV MALAIESTI,RAFOV,135020,C,3,601,587,14,355,341,14,0,353,2,600,245,220,133
31,PRAHOVA,551,0,SCOALA GENERALA CU CLASELE I-IV MOARA DOMNEASCA,RAFOV,135020,C,3,755,739,16,465,406,16,43,464,1,800,335,231,233
31,PRAHOVA,552,0,SCOALA GENERALA CU CLASELE I-VIII  BUDA,RAFOV,135020,C,3,898,888,10,419,409,10,0,416,3,1000,581,196,220
31,PRAHOVA,553,0,SCOALA GENERALA CU CLASELE I-IV PALANCA,RAFOV,135020,C,3,887,872,15,473,458,15,0,468,5,892,419,257,211
31,PRAHOVA,554,0,SCOALA GENERALA CU CLASELE I-IV GOGA,RAFOV,135020,C,3,412,400,12,215,203,12,0,214,1,500,285,109,105
31,PRAHOVA,555,0,SCOALA GENERALA CU CLASELE I-IV SICRITA,RAFOV,135020,C,3,371,360,11,195,184,11,0,190,5,400,205,111,79
31,PRAHOVA,556,0,SCOALA GENERALA CU CLASELE I-IV RIFOV,RAFOV,135020,C,3,344,332,12,150,138,12,0,146,4,400,250,60,86
31,PRAHOVA,557,0,SCOALA GENERALA CU CLASELE I-IV BUCHILASI,RAFOV,135020,C,3,119,107,12,62,50,12,0,60,2,200,138,30,30
31,PRAHOVA,558,0,SCOALA GENERALA CU CLASELE V-VIII SALCIA,SALCIA,135128,C,3,996,986,10,512,471,10,31,505,7,1100,588,313,192
31,PRAHOVA,559,0,LOCALUL SCOLII VECHI COMUNA SALCIILE,SALCIILE,135146,C,3,975,974,1,511,510,1,0,503,8,1100,589,370,133
31,PRAHOVA,560,0,SALA MICA A CAMINULUI CULTURAL COMUNA SALCIILE,SALCIILE,135146,C,3,918,910,8,527,470,8,49,517,10,1000,473,336,181
31,PRAHOVA,561,0,SCOALA DIN SATUL SINGERU,SANGERU,135244,C,3,1163,1156,7,534,478,7,49,532,2,1300,766,317,215
31,PRAHOVA,562,0,SCOALA DIN SATUL SINGERU,SANGERU,135244,C,3,1249,1244,5,455,450,5,0,445,10,1400,945,275,170
31,PRAHOVA,563,0,SCOALA DIN SATUL BUTUCI,SANGERU,135244,C,3,231,223,8,125,117,8,0,123,2,300,175,76,47
31,PRAHOVA,564,0,SCOALA DIN SATUL MIRESU MARE,SANGERU,135244,C,3,1451,1442,9,656,647,9,0,650,6,1600,944,392,258
31,PRAHOVA,565,0,SCOALA GENERALA CU CLASELE I-VIII SCORTENI,SCORTENI,135164,C,3,1320,1249,71,640,538,71,31,631,9,1400,760,285,346
31,PRAHOVA,566,0,SCOALA GENERALA CU CLASELE I-VIII MISLEA,SCORTENI,135164,C,3,1531,1482,49,692,643,49,0,685,7,1600,908,296,389
31,PRAHOVA,567,0,SCOALA GENERALA CU CLASELE I-VIII SARCA,SCORTENI,135164,C,3,849,812,37,406,369,37,0,404,2,900,494,204,200
31,PRAHOVA,568,0,SCOALA GENERALA CU CLASELE I-VIII BORDENII MARI,SCORTENI,135164,C,3,1275,1215,60,629,569,60,0,620,9,1300,671,265,355
31,PRAHOVA,569,1,CENTRUL DE INGRIJIRE SI ASISTENTA MISLEA,SCORTENI,135164,C,3,29,0,29,97,0,29,68,92,5,300,203,38,54
31,PRAHOVA,570,0,CAMINUL CULTURAL SECARIA,SECARIA,135226,C,3,1032,1024,8,781,726,8,47,777,4,1100,319,415,362
31,PRAHOVA,571,0,GRADINITA DE COPII NR. 1 din satul Starchiojd,STARCHIOJD,135315,C,3,1535,1515,20,832,812,20,0,828,4,1700,868,499,329
31,PRAHOVA,572,0,SCOALA GENERALA NR. 2 din satul Starchiojd,STARCHIOJD,135315,C,3,1248,1236,12,722,662,12,48,714,8,1400,678,415,299
31,PRAHOVA,573,0,GRADINITA DE COPII NR. 1 din satul  Batrini,STARCHIOJD,135315,C,3,1685,1678,7,995,988,7,0,979,16,1800,805,702,277
31,PRAHOVA,574,0,SCOALA DIN VALEA ANEI,STARCHIOJD,135315,C,3,563,554,9,317,308,9,0,315,2,600,283,231,84
31,PRAHOVA,575,0,GRADINITA DE COPII din satul Surani,SURANI,135404,C,3,1464,1458,6,681,628,6,47,666,15,1600,919,374,292
31,PRAHOVA,576,0,SCOALA GENERALA CU CLASELE I-VIII TARICENI,SIRNA,135431,C,3,1651,1641,10,726,716,10,0,718,8,1800,1074,300,418
31,PRAHOVA,577,0,SCOALA GENERALA CU CLASELE I-IV SIRNA,SIRNA,135431,C,3,680,672,8,367,304,8,55,365,2,700,333,132,233
31,PRAHOVA,578,0,SCOALA GENERALA CU CLASELE I-VIII  VARNITA,SIRNA,135431,C,3,824,807,17,381,364,17,0,377,4,900,519,190,187
31,PRAHOVA,579,0,SCOALA GENERALA CU CLASELE I-VIII HABUD,SIRNA,135431,C,3,671,662,9,345,336,9,0,344,1,700,355,144,200
31,PRAHOVA,580,0,SCOALA GENERALA CU CLASELE I-IV BRATESTI,SIRNA,135431,C,3,490,471,19,276,257,19,0,273,3,500,224,77,196
31,PRAHOVA,581,0,SCOALA GENERALA CU CLASELE I-VIII SOIMARI,SOIMARI,135501,C,3,1396,1373,23,740,661,23,56,731,9,1516,776,329,402
31,PRAHOVA,582,0,GRADINITA DE COPII din satul Lopatnita,SOIMARI,135501,C,3,577,551,26,323,296,26,1,320,3,600,277,144,176
31,PRAHOVA,583,0,CAMINUL CULTURAL sat Magura,SOIMARI,135501,C,3,474,438,36,252,216,36,0,251,1,500,248,157,94
31,PRAHOVA,584,0,SCOALA GENERALA CU CLASELE I-VIII SOTRILE,SOTRILE,135547,C,3,1054,1046,8,458,450,8,0,455,3,1200,742,260,195
31,PRAHOVA,585,0,SCOALA GENERALA CU CLASELE I-IV sat Lunca Mare,SOTRILE,135547,C,3,650,630,20,343,302,20,21,341,2,700,357,119,222
31,PRAHOVA,586,0,SCOALA GENERALA CU CLASELE I-IV sat Plaiu Campinei,SOTRILE,135547,C,3,536,520,16,319,303,16,0,315,4,600,281,189,126
31,PRAHOVA,587,0,SCOALA GENERALA CU CLASELE I-IV sat Vistieru,SOTRILE,135547,C,3,494,487,7,232,225,7,0,232,0,500,268,136,96
31,PRAHOVA,588,0,SCOALA GENERALA CU CLASELE I-VIII  STEFESTI,STEFESTI,135618,C,3,1230,1224,6,637,597,6,34,633,4,1300,663,295,338
31,PRAHOVA,589,0,GRADINITA DE COPII SCURTESTI,STEFESTI,135618,C,3,752,729,23,396,373,23,0,390,6,800,404,166,224
31,PRAHOVA,590,0,SCOALA GENERALA CU CLASELE I-VIII TALEA,TALEA,135654,C,3,960,956,4,681,649,4,28,674,7,1000,319,313,361
31,PRAHOVA,591,0,CAMINUL CULTURAL POTGORIA,TATARU,135681,C,3,628,610,18,338,320,18,0,331,7,700,362,106,225
31,PRAHOVA,592,0,CAMINUL CULTURAL TATARU,TATARU,135681,C,3,354,339,15,247,209,15,23,244,3,400,153,106,138
31,PRAHOVA,593,0,BAZA SPORTIVA A S.C. CONPET COMUNA TARGSORU VECHI,TARGSORU VECHI,130892,C,3,1196,1164,32,583,551,32,0,578,5,1310,727,218,360
31,PRAHOVA,594,0,GRADINITA STREJNICU,TARGSORU VECHI,130892,C,3,1512,1465,47,719,672,47,0,716,3,1600,881,270,446
31,PRAHOVA,595,0,SCOALA CU CLASELE I-VIII STREJNICU,TARGSORU VECHI,130892,C,3,1405,1340,65,718,599,65,54,713,5,1500,782,293,420
31,PRAHOVA,596,0,SCOALA CU CLASELE I-VIII TIRGSORU VECHI,TARGSORU VECHI,130892,C,3,1129,1114,15,428,413,15,0,423,5,1207,779,215,208
31,PRAHOVA,597,0,GRADINITA TIRGSORU VECHI,TARGSORU VECHI,130892,C,3,808,790,18,390,372,18,0,387,3,900,510,185,202
31,PRAHOVA,598,0,SCOALA GENERALA CU CLASELE I-IV STANCESTI,TARGSORU VECHI,130892,C,3,696,593,103,453,350,103,0,449,4,600,147,272,177
31,PRAHOVA,599,0,PRIMARIA TEISANI,TEISANI,135725,C,3,1510,1497,13,877,812,13,52,868,9,1600,723,397,471
31,PRAHOVA,600,0,SCOALA CU CLASELE I-VIII OLTENI,TEISANI,135725,C,3,1594,1583,11,788,776,11,1,784,4,1700,912,389,395
31,PRAHOVA,601,0,CASA DE CITIT BUGHEA DE SUS,TEISANI,135725,C,3,82,72,10,46,36,10,0,45,1,100,54,32,13
31,PRAHOVA,602,0,SCOALA CU CLASELE I-VIII TELEGA CENTRU,TELEGA,135789,C,3,1362,1352,10,608,597,10,1,604,4,1500,892,233,371
31,PRAHOVA,603,0,SCOALA CU CLASELE I-VIII TELEGA VALE,TELEGA,135789,C,3,1553,1507,46,862,816,46,0,855,7,1600,738,352,503
31,PRAHOVA,604,0,GRADINITA DE COPII TELEGA CENTRU,TELEGA,135789,C,3,1223,1206,17,798,636,17,145,791,7,1300,502,301,490
31,PRAHOVA,605,0,GRADINITA DE COPII din satul  Bustenari,TELEGA,135789,C,3,602,588,14,284,270,14,0,284,0,600,316,150,134
31,PRAHOVA,606,0,SCOALA CU CLASELE I-IV  sat Melicesti,TELEGA,135789,C,3,463,437,26,249,223,26,0,248,1,500,251,118,130
31,PRAHOVA,607,0,GRADINITA DE COPII TINOSU,TINOSU,135850,C,3,977,966,11,534,492,11,31,533,1,1100,566,300,233
31,PRAHOVA,608,0,SCOALA CU CLASELE I-IV  sat Predesti,TINOSU,135850,C,3,547,539,8,324,315,8,1,323,1,600,276,155,168
31,PRAHOVA,609,0,SCOALA CU CLASELE I-IV  sat Pisculesti,TINOSU,135850,C,3,504,491,13,263,250,13,0,259,4,500,237,136,123
31,PRAHOVA,610,0,SCOALA TOMSANI,TOMSANI,135896,C,3,1219,1208,11,658,617,11,30,651,7,1300,642,310,341
31,PRAHOVA,611,0,SCOALA MAGULA,TOMSANI,135896,C,3,1133,1121,12,597,585,12,0,593,4,1200,603,304,289
31,PRAHOVA,612,0,SCOALA LOLOIASCA,TOMSANI,135896,C,3,1216,1211,5,593,588,5,0,588,5,1300,707,320,268
31,PRAHOVA,613,0,SCOALA VADU SAPAT,VADU SAPAT,136269,C,3,1409,1405,4,840,774,4,62,829,11,1500,660,493,336
31,PRAHOVA,614,0,SCOALA GENERALA CU CLASELE I-VIII VALEA CALUGAREASCA,VALEA CALUGAREASCA,135949,C,3,1762,1722,40,688,648,40,0,681,7,1900,1212,293,388
31,PRAHOVA,615,0,SCOALA GENERALA CU CLASELE I-VIII VALEA CALUGAREASCA,VALEA CALUGAREASCA,135949,C,3,780,747,33,356,323,33,0,351,5,800,444,167,184
31,PRAHOVA,616,0,CAMINUL CULTURAL VALEA CALUGAREASCA,VALEA CALUGAREASCA,135949,C,3,1060,1004,56,602,450,56,96,596,6,1100,498,254,342
31,PRAHOVA,617,0,SCOALA CU CLASELE I-VIII NICOVANI,VALEA CALUGAREASCA,135949,C,3,1059,1009,50,505,453,50,2,503,2,1100,595,242,261
31,PRAHOVA,618,0,SCOALA CU CLASELE I-VIII DIRVARI,VALEA CALUGAREASCA,135949,C,3,523,509,14,252,238,14,0,250,2,600,348,177,73
31,PRAHOVA,619,0,GRADINITA COSLEGI,VALEA CALUGAREASCA,135949,C,3,514,505,9,237,228,9,0,235,2,600,363,152,83
31,PRAHOVA,620,0,SCOALA CU CLASELE I-IV RADILA,VALEA CALUGAREASCA,135949,C,3,272,255,17,166,149,17,0,165,1,300,134,84,81
31,PRAHOVA,621,0,SCOALA CU CLASELE I-IV PANTAZI,VALEA CALUGAREASCA,135949,C,3,923,901,22,448,426,22,0,443,5,1000,552,267,176
31,PRAHOVA,622,0,SCOALA CU CLASELE I-VIII RACHIERI,VALEA CALUGAREASCA,135949,C,3,887,844,43,481,438,43,0,476,5,900,419,342,134
31,PRAHOVA,623,0,GRUP SCOLAR AGRICOL VALEA POPII,VALEA CALUGAREASCA,135949,C,3,685,658,27,343,316,27,0,342,1,700,357,142,200
31,PRAHOVA,624,0,CABANA DE VANATOARE,VALEA CALUGAREASCA,135949,C,3,92,82,10,43,33,10,0,41,2,100,57,30,11
31,PRAHOVA,625,0,GRUPUL SCOLAR AGROMONTAN TESILA,VALEA DOFTANEI,136107,C,3,1612,1570,42,784,742,42,0,780,4,1700,916,274,506
31,PRAHOVA,626,0,SCOALA GENERALA TRAISTENI,VALEA DOFTANEI,136107,C,3,1136,1118,18,637,619,18,0,632,5,1200,563,265,367
31,PRAHOVA,627,0,GRADINITA DE COPII TRAISTENI,VALEA DOFTANEI,136107,C,3,1015,995,20,536,516,20,0,534,2,1100,564,205,329
31,PRAHOVA,628,0,GRADINITA DE COPII NR. 1 TESILA (CENTRU),VALEA DOFTANEI,136107,C,3,1092,930,162,710,480,162,68,707,3,1100,390,262,445
31,PRAHOVA,629,0,GRADINITA DE COPII NR. 2 TESILA (LUNCA),VALEA DOFTANEI,136107,C,3,970,806,164,515,351,164,0,514,1,1100,585,195,319
31,PRAHOVA,630,0,CAMINUL CULTURAL  VARBILAU,VARBILAU,136134,C,3,1670,1656,14,951,847,14,90,935,16,1800,849,536,399
31,PRAHOVA,631,0,SCOALA GENERALA CU CLASELE I-VIII din satul Varbilau,VARBILAU,136134,C,3,1350,1342,8,763,751,8,4,759,4,1500,737,469,290
31,PRAHOVA,632,0,SCOALA GENERALA CU CLASELE I-VIII din satul Livadea,VARBILAU,136134,C,3,918,911,7,488,481,7,0,483,5,1000,512,283,200
31,PRAHOVA,633,0,SCOALA GENERALA CU CLASELE I-IV din satul  Poiana Varbilau,VARBILAU,136134,C,3,973,962,11,540,513,11,16,529,11,1100,560,335,194
31,PRAHOVA,634,0,SCOALA GENERALA CU CLASELE I-IV din satul  Cotofenesti,VARBILAU,136134,C,3,742,733,9,414,405,9,0,409,5,800,386,214,195
31,PRAHOVA,635,0,SEDIUL CONSILIULUI LOCAL AL COMUNEI VILCANESTI,VALCANESTI,136198,C,3,1479,1461,18,833,769,18,46,827,6,1595,762,451,376
31,PRAHOVA,636,0,GRADINITA DE COPII BRINZARI,VALCANESTI,136198,C,3,858,840,18,492,473,18,1,489,3,900,408,276,213
31,PRAHOVA,637,0,SCOALA DE PATRU ANI CIRJARI,VALCANESTI,136198,C,3,556,541,15,333,316,15,2,325,8,600,267,167,158
31,PRAHOVA,638,0,SCOALA DE PATRU ANI TRESTIOARA,VALCANESTI,136198,C,3,424,412,12,275,263,12,0,274,1,500,225,143,131
32,SATU MARE,1,0,"Scoala Generala Nr. 15, B-dul Unirii nr. 95",MUNICIPIUL SATU MARE,136483,M,1,1736,1714,22,457,435,22,0,453,4,1900,1443,286,167
32,SATU MARE,2,0,"Sectia de Drumuri Nationale, str. Baritiu nr. 1",MUNICIPIUL SATU MARE,136483,M,1,1763,1734,29,531,502,29,0,527,4,1899,1368,272,255
32,SATU MARE,3,0,"Gradinita nr. 3, Str. Porumbeilor nr. 1",MUNICIPIUL SATU MARE,136483,M,1,1934,1918,16,621,605,16,0,614,7,2100,1479,364,250
32,SATU MARE,4,0,"Gradinita nr. 15, B-dul Unirii nr. 9",MUNICIPIUL SATU MARE,136483,M,1,1196,1184,12,435,421,12,2,431,4,1300,865,266,165
32,SATU MARE,5,0,"Scoala Generala Nr. 3, str. George Calinescu nr. 51",MUNICIPIUL SATU MARE,136483,M,1,1919,1903,16,569,553,16,0,567,2,2100,1531,324,243
32,SATU MARE,6,0,"Gradinita nr. 12, Aleea Ilisesti nr. 4",MUNICIPIUL SATU MARE,136483,M,1,1490,1468,22,465,443,22,0,453,12,1600,1135,275,178
32,SATU MARE,7,0,"Scoala Generala Nr. 3, str. George Calinescu nr. 51",MUNICIPIUL SATU MARE,136483,M,1,1339,1326,13,499,486,13,0,497,2,1500,1001,238,259
32,SATU MARE,8,0,"Scoala Generala Vasile Lucaciu, str. Rodnei nr. 64",MUNICIPIUL SATU MARE,136483,M,1,1468,1450,18,614,596,18,0,606,8,1600,986,282,324
32,SATU MARE,9,0,"Gradinita 14 Mai, Aleea Gladiolei nr.4",MUNICIPIUL SATU MARE,136483,M,1,1798,1778,20,709,689,20,0,706,3,1898,1189,355,351
32,SATU MARE,10,0,"Gradinita 14 Mai, Aleea Gladiolei nr.4",MUNICIPIUL SATU MARE,136483,M,1,1814,1799,15,647,629,15,3,644,3,1998,1351,350,294
32,SATU MARE,11,0,"Grupul Scolar de Industrializare a Lemnului, Str. Crisan nr. 1",MUNICIPIUL SATU MARE,136483,M,1,1731,1711,20,818,738,20,60,811,7,1900,1082,360,451
32,SATU MARE,12,0,"Liceul cu program sportiv, Str. Ioan Slavici nr. 43",MUNICIPIUL SATU MARE,136483,M,1,1767,1737,30,682,649,30,3,679,3,1896,1214,332,347
32,SATU MARE,13,0,"Scoala Generala Grigore Moisil, Str. Mileniului nr. 1",MUNICIPIUL SATU MARE,136483,M,1,1223,1203,20,648,530,20,98,640,8,1300,652,314,326
32,SATU MARE,14,0,"Scoala Generala Grigore Moisil, Str. Mileniului nr. 1",MUNICIPIUL SATU MARE,136483,M,1,1350,1323,27,633,605,27,1,630,3,1400,767,274,356
32,SATU MARE,15,0,"Grupul Scolar I. C. Bratianu, B-dul Vasile Lucaciu nr. 1",MUNICIPIUL SATU MARE,136483,M,1,1201,1020,181,602,420,181,1,601,1,1101,499,257,344
32,SATU MARE,16,0,"Grupul Scolar Teologic Ham Janos, Str. 1 Decembrie 1918 nr. 2",MUNICIPIUL SATU MARE,136483,M,1,1732,1694,38,535,497,38,0,532,3,1900,1365,263,269
32,SATU MARE,17,0,"Fundatia Judeteana pentru Tineret, Str. Stefan cel Mare nr. 18",MUNICIPIUL SATU MARE,136483,M,1,1074,1059,15,429,404,15,10,427,2,1196,767,208,219
32,SATU MARE,18,0,"Scoala Generala nr. 10, Str. Ana Ipatescu nr. 8",MUNICIPIUL SATU MARE,136483,M,1,1272,1254,18,492,472,18,2,488,4,1398,906,263,225
32,SATU MARE,19,0,"Gradinita Tricotex, Str. G. Lazar de Purcaret nr. 21",MUNICIPIUL SATU MARE,136483,M,1,1334,1314,20,513,490,20,3,510,3,1495,982,261,249
32,SATU MARE,20,0,"Colegiul National D-na Stanca, Str. Stefan cel Mare nr. 5",MUNICIPIUL SATU MARE,136483,M,1,1297,1285,12,481,466,12,3,477,4,1396,915,245,232
32,SATU MARE,21,0,"Scoala Generala C. Brancoveanu, Str. Brancoveanu nr. 6",MUNICIPIUL SATU MARE,136483,M,1,1353,1322,31,641,609,31,1,635,6,1496,855,282,353
32,SATU MARE,22,0,"Colegiul National M. Eminescu, Str. M. Eminescu nr.5",MUNICIPIUL SATU MARE,136483,M,1,2069,2050,19,934,912,19,3,928,6,2300,1366,380,548
32,SATU MARE,23,0,"Grupul Scolar Economic Gh. Dragos, B-dul Henri Coanda nr. 23",MUNICIPIUL SATU MARE,136483,M,1,1726,1703,23,779,747,23,9,777,2,1900,1121,342,435
32,SATU MARE,24,0,"Scoala Generala Nr. 13, Str. Botizului nr. 4",MUNICIPIUL SATU MARE,136483,M,1,1682,1668,14,607,593,14,0,603,4,1796,1189,314,289
32,SATU MARE,25,0,"Scoala Generala Nr. 13, Str. Botizului nr. 4",MUNICIPIUL SATU MARE,136483,M,1,1792,1782,10,678,667,10,1,674,4,1982,1304,387,287
32,SATU MARE,26,0,"Gradinita Unio, Str. Uzinei nr. 19/A",MUNICIPIUL SATU MARE,136483,M,1,1848,1795,53,636,583,53,0,632,4,2000,1364,272,360
32,SATU MARE,27,0,"Scoala Generala Ioan Creanga, Str. Somesului nr. 6",MUNICIPIUL SATU MARE,136483,M,1,1970,1943,27,736,709,27,0,733,3,2100,1364,277,456
32,SATU MARE,28,0,"Scoala Generala Ioan Creanga, Str. Somesului nr. 6",MUNICIPIUL SATU MARE,136483,M,1,2088,2063,25,803,778,25,0,799,4,2300,1497,376,423
32,SATU MARE,29,0,"Scoala Generala Lucian Blaga, Str. Ion Vidu nr. 51-53",MUNICIPIUL SATU MARE,136483,M,1,1797,1770,27,727,699,27,1,727,0,1900,1173,344,383
32,SATU MARE,30,0,"Scoala Generala Lucian Blaga, Str. Ion Vidu nr. 51-53",MUNICIPIUL SATU MARE,136483,M,1,1935,1910,25,752,725,25,2,747,5,2100,1348,350,397
32,SATU MARE,31,0,"Scoala Generala Lucian Blaga, Str. Ion Vidu nr. 51-53",MUNICIPIUL SATU MARE,136483,M,1,1756,1729,27,610,582,27,1,610,0,1900,1290,300,310
32,SATU MARE,32,0,"Scoala Generala Octavian Goga, Aleea Postavaru nr. 3",MUNICIPIUL SATU MARE,136483,M,1,1925,1877,48,731,683,48,0,728,3,2100,1369,383,345
32,SATU MARE,33,0,"Scoala Generala Octavian Goga, Aleea Postavaru nr. 3",MUNICIPIUL SATU MARE,136483,M,1,1743,1693,50,668,617,50,1,667,1,1900,1232,314,353
32,SATU MARE,34,0,"Scoala Generala Ioan Creanga, Str. Somesului nr. 6",MUNICIPIUL SATU MARE,136483,M,1,1643,1622,21,583,560,21,2,577,6,1795,1212,307,270
32,SATU MARE,35,0,"Gradinita Nr. 32, B-dul Lucian Blaga, Bl. CU 10",MUNICIPIUL SATU MARE,136483,M,1,1969,1855,114,809,695,114,0,807,2,2000,1191,357,450
32,SATU MARE,36,0,"Scoala Generala Nr. 7, B-dul Lucian Blaga nr. 121",MUNICIPIUL SATU MARE,136483,M,1,2039,1997,42,753,709,42,2,749,4,2200,1447,300,449
32,SATU MARE,37,0,"Scoala Generala Nr. 7, B-dul Lucian Blaga nr. 121",MUNICIPIUL SATU MARE,136483,M,1,1992,1958,34,714,676,34,4,710,4,2089,1375,332,378
32,SATU MARE,38,0,"Scoala Generala Nr. 9, B-dul Lucian Blaga nr. 409",MUNICIPIUL SATU MARE,136483,M,1,1557,1516,41,584,537,41,6,579,5,1700,1116,334,245
32,SATU MARE,39,0,"Club Silvania Forest, Str. Cerbului nr. 19",MUNICIPIUL SATU MARE,136483,M,1,1430,1409,21,597,527,21,49,595,2,1500,903,320,275
32,SATU MARE,40,0,"Gradinita Unio, Str. Uzinei nr. 19/A",MUNICIPIUL SATU MARE,136483,M,1,1759,1625,134,772,612,134,26,771,1,1800,1028,360,411
32,SATU MARE,41,0,"RA Judeteana de Drumuri si Poduri, B-dul Closca nr. 6/A",MUNICIPIUL SATU MARE,136483,M,1,2105,2059,46,804,757,46,1,802,2,2300,1496,378,424
32,SATU MARE,42,0,"Liceul Teoretic German Johhan Ettinger, B-dul Closca nr. 72",MUNICIPIUL SATU MARE,136483,M,1,1844,1803,41,758,628,41,89,750,8,2000,1242,406,344
32,SATU MARE,43,0,"Scoala Generala Mircea Eliade, Str. Mircea Eliade nr. 3",MUNICIPIUL SATU MARE,136483,M,1,2227,1997,230,704,474,230,0,699,5,2192,1488,340,359
32,SATU MARE,44,0,"Scoala Generala Balcescu Petofi, Aleea Trotusului nr. 2",MUNICIPIUL SATU MARE,136483,M,1,2498,2150,348,1105,756,348,1,1102,3,2500,1395,570,532
32,SATU MARE,45,0,"Gradinita Nr. 13, Aleea Milcov nr. 4",MUNICIPIUL SATU MARE,136483,M,1,2173,2136,37,807,768,37,2,806,1,2393,1586,393,413
32,SATU MARE,46,0,"Scoala Generala Balcescu Petofi, Aleea Trotusului nr. 2",MUNICIPIUL SATU MARE,136483,M,1,2162,2107,55,747,692,55,0,742,5,2300,1553,450,292
32,SATU MARE,47,0,"Scoala Generala Mircea Eliade, Str. Mircea Eliade nr. 3",MUNICIPIUL SATU MARE,136483,M,1,2059,2039,20,803,783,20,0,800,3,2192,1389,442,358
32,SATU MARE,48,0,"Gradinita Nr. 5, Aleea Tisa nr. 8",MUNICIPIUL SATU MARE,136483,M,1,2028,2008,20,626,606,20,0,622,4,2200,1574,341,281
32,SATU MARE,49,0,"Scoala Generala Mircea Eliade, Str. Mircea Eliade nr. 3",MUNICIPIUL SATU MARE,136483,M,1,2143,2122,21,598,575,21,2,591,7,2200,1602,344,247
32,SATU MARE,50,0,"Gradinita Nr. 9, Aleea Tarnavei nr. 18",MUNICIPIUL SATU MARE,136483,M,1,1959,1935,24,606,582,24,0,601,5,2100,1494,346,255
32,SATU MARE,51,0,"Scoala Generala Mircea Eliade, Str. Mircea Eliade nr. 3",MUNICIPIUL SATU MARE,136483,M,1,1951,1901,50,790,740,50,0,788,2,2100,1310,389,399
32,SATU MARE,52,0,"Gradinita nr. 15, B-dul Muncii nr. 24",MUNICIPIUL SATU MARE,136483,M,1,2029,2005,24,540,516,24,0,539,1,2200,1660,277,262
32,SATU MARE,53,0,"Scoala Generala Avram Iancu, B-dul Muncii nr. 19",MUNICIPIUL SATU MARE,136483,M,1,2052,2032,20,833,812,20,1,830,3,2200,1367,400,430
32,SATU MARE,54,0,"Scoala Generala Avram Iancu, B-dul Muncii nr. 19",MUNICIPIUL SATU MARE,136483,M,1,1901,1886,15,651,635,15,1,649,2,2002,1351,350,299
32,SATU MARE,55,0,"Gradinita Voinicelul, Str. Aurora, Bl. E21",MUNICIPIUL SATU MARE,136483,M,1,1840,1813,27,690,663,27,0,687,3,2000,1310,340,347
32,SATU MARE,56,0,"Scoala Generala Avram Iancu, B-dul Muncii nr. 19",MUNICIPIUL SATU MARE,136483,M,1,1987,1959,28,692,663,28,1,691,1,2100,1408,306,385
32,SATU MARE,57,0,"Scoala Generala Dariu Pop, Str. Crizantemei nr. 3",MUNICIPIUL SATU MARE,136483,M,1,2065,2042,23,766,742,23,1,761,5,2166,1400,368,393
32,SATU MARE,58,0,"Scoala Generala Dariu Pop, Str. Crizantemei nr. 3",MUNICIPIUL SATU MARE,136483,M,1,1913,1900,13,736,723,13,0,735,1,2100,1364,368,367
32,SATU MARE,59,0,"Scoala Generala Dariu Pop, Str. Crizantemei nr. 3",MUNICIPIUL SATU MARE,136483,M,1,1944,1925,19,683,664,19,0,682,1,2101,1418,339,343
32,SATU MARE,60,0,"Scoala Generala Dariu Pop, Str. Crizantemei nr. 3",MUNICIPIUL SATU MARE,136483,M,1,1976,1951,25,627,601,25,1,623,4,2100,1473,272,351
32,SATU MARE,61,0,Scoala Generala Satmarel,MUNICIPIUL SATU MARE,136483,M,1,1019,1005,14,424,408,14,2,421,3,1100,676,248,173
32,SATU MARE,62,1,"Centrul de Ingrijire si Asistenta, Aleea Ilisesti nr. 1",MUNICIPIUL SATU MARE,136483,M,1,0,0,0,164,0,0,164,159,5,300,136,104,55
32,SATU MARE,63,1,"Spitalul Judetean I, Str. Ravensburg nr. 1-3",MUNICIPIUL SATU MARE,136483,M,1,96,0,96,253,0,96,157,250,3,400,147,169,81
32,SATU MARE,64,1,"Spitalul Judetean II, Piata Eroilor Revolutiei nr. 2-3",MUNICIPIUL SATU MARE,136483,M,1,15,0,15,185,0,15,170,181,4,500,315,120,61
32,SATU MARE,65,1,"Spitalul Judetean II, Sec?ia boli contagioase, Str. Corvinilor nr. 47",MUNICIPIUL SATU MARE,136483,M,1,15,0,15,45,0,15,30,44,1,100,55,24,20
32,SATU MARE,66,1,"Spitalul de Pneumofiziologie, Str. Ialomitei nr. 9",MUNICIPIUL SATU MARE,136483,M,1,9,0,9,74,0,9,65,74,0,199,125,54,20
32,SATU MARE,67,1,"Statia CFR Nord Satu Mare, Str. Grivitei nr. 1",MUNICIPIUL SATU MARE,136483,M,1,23,0,23,825,0,23,802,821,4,1000,175,277,544
32,SATU MARE,68,0,"Grupul Scolar Agricol Iuliu Maniu, Str. Iuliu Maniu nr. 1",MUNICIPIUL CAREI,136526,M,1,1575,1546,29,699,505,29,165,690,9,1700,1001,427,263
32,SATU MARE,69,0,"Grupul Scolar Agricol Iuliu Maniu, Str. Iuliu Maniu nr. 1",MUNICIPIUL CAREI,136526,M,1,1540,1523,17,603,586,17,0,597,6,1700,1097,322,275
32,SATU MARE,70,0,"Scoala de Arte si Meserii, Str. Rakoczi Ferencz",MUNICIPIUL CAREI,136526,M,1,2365,2350,15,651,634,15,2,645,6,2600,1949,430,215
32,SATU MARE,71,0,"Scoala Generala Nr. 1, Str. 1 Decembrie 1918",MUNICIPIUL CAREI,136526,M,1,1844,1791,53,555,502,53,0,549,6,2000,1445,343,206
32,SATU MARE,72,0,"Scoala Generala Vasile Lucaciu, Str. Vasile Lucaciu",MUNICIPIUL CAREI,136526,M,1,1742,1549,193,513,320,193,0,510,3,1700,1187,322,188
32,SATU MARE,73,0,"Gradinita Nr. 9, Str. Vasile Lucaciu",MUNICIPIUL CAREI,136526,M,1,1882,1838,44,557,513,44,0,549,8,2000,1443,310,239
32,SATU MARE,74,0,"Gradinita Nr. 10, Str. Liszt Ferencz nr. 5",MUNICIPIUL CAREI,136526,M,1,2046,1867,179,596,417,179,0,592,4,2001,1405,359,233
32,SATU MARE,75,0,"Scoala Generala Nr. 3, Str, Ignisului",MUNICIPIUL CAREI,136526,M,1,1800,1648,152,660,501,152,7,658,2,1800,1140,337,321
32,SATU MARE,76,0,"Liceul Teoretic, Str. Ignisului",MUNICIPIUL CAREI,136526,M,1,1972,1544,428,863,430,428,5,849,14,1702,839,553,296
32,SATU MARE,77,0,"Gradinita Nr. 5, Str. Tireamului",MUNICIPIUL CAREI,136526,M,1,1211,1144,67,492,425,67,0,489,3,1301,809,322,167
32,SATU MARE,78,0,"Gradinita Nr. 8, Str. Viilor",MUNICIPIUL CAREI,136526,M,1,2409,2383,26,565,535,26,4,563,2,2700,2135,349,214
32,SATU MARE,79,0,"Scoala Generala Nr. 4, B-dul 25 Octombrie",MUNICIPIUL CAREI,136526,M,1,2131,2087,44,729,685,44,0,715,14,2297,1568,465,250
32,SATU MARE,80,0,Scoala Generala Ianculesti,MUNICIPIUL CAREI,136526,M,1,343,320,23,248,197,23,28,245,3,400,152,174,71
32,SATU MARE,81,1,"Centrul de Ingrijire si Asistenta, Str. Alexandru Vlahuta",MUNICIPIUL CAREI,136526,M,1,90,9,81,120,9,81,30,109,11,200,80,68,41
32,SATU MARE,82,1,"Spitalul Municipal Carei, B-dul 25 Octombrie",MUNICIPIUL CAREI,136526,M,1,37,0,37,93,0,37,56,93,0,200,107,61,32
32,SATU MARE,83,0,Grupul Scolar Ardud,ORAS ARDUD,136848,O,1,1704,1660,44,647,601,44,2,640,7,2000,1353,357,283
32,SATU MARE,84,0,Primaria Ardud,ORAS ARDUD,136848,O,1,1691,1653,38,628,517,38,73,623,5,1600,972,364,259
32,SATU MARE,85,0,Scoala Generala Baba Novac,ORAS ARDUD,136848,O,1,461,449,12,235,223,12,0,231,4,500,265,175,56
32,SATU MARE,86,0,Scoala Generala Gerausa,ORAS ARDUD,136848,O,1,418,408,10,223,213,10,0,223,0,500,277,165,58
32,SATU MARE,87,0,Scoala Generala Madaras,ORAS ARDUD,136848,O,1,836,819,17,414,397,17,0,411,3,900,486,303,108
32,SATU MARE,88,0,Scoala Generala Nr. 2 Negresti Oas,ORAS NEGRESTI-OAS,136599,O,1,1920,1870,50,536,486,50,0,531,5,2000,1464,286,245
32,SATU MARE,89,0,Scoala Generala Nr. 3 Negresti Oas,ORAS NEGRESTI-OAS,136599,O,1,1365,1328,37,559,336,37,186,552,7,1500,941,218,334
32,SATU MARE,90,0,Scoala Generala Nr. 3 Negresti Oas,ORAS NEGRESTI-OAS,136599,O,1,1705,1675,30,516,486,30,0,510,6,1800,1284,200,310
32,SATU MARE,91,0,Scoala Generala Nr. 1 Negresti Oas,ORAS NEGRESTI-OAS,136599,O,1,1583,1567,16,597,579,16,2,591,6,1900,1303,260,331
32,SATU MARE,92,0,Scoala Generala Nr. 1 Negresti Oas,ORAS NEGRESTI-OAS,136599,O,1,1902,1836,66,758,687,66,5,755,3,2000,1242,287,468
32,SATU MARE,93,0,Liceul Teoretic Negresti Oas,ORAS NEGRESTI-OAS,136599,O,1,1611,1568,43,652,603,43,6,642,10,1700,1048,308,334
32,SATU MARE,94,0,Liceul Teoretic Negresti Oas,ORAS NEGRESTI-OAS,136599,O,1,1686,1664,22,608,582,22,4,603,5,1800,1192,288,315
32,SATU MARE,95,0,Scoala Generala Tur,ORAS NEGRESTI-OAS,136599,O,1,1514,1499,15,473,456,15,2,467,6,1500,1027,291,176
32,SATU MARE,96,1,Spitalul Orasenesc Negresti Oas,ORAS NEGRESTI-OAS,136599,O,1,25,0,25,129,0,25,104,120,9,200,71,66,54
32,SATU MARE,97,0,"Scoala Generala Tasnad, Str. Nicolae Balcescu nr. 25",ORAS TASNAD,136642,O,1,1360,1348,12,491,479,12,0,487,4,1500,1009,266,221
32,SATU MARE,98,0,"Scoala Generala Tasnad, Str. Lacramioarelor nr. 25",ORAS TASNAD,136642,O,1,1737,1721,16,587,570,16,1,583,4,1900,1313,248,335
32,SATU MARE,99,0,"Scoala Generala Tasnad, Str. Lacramioarelor nr. 25",ORAS TASNAD,136642,O,1,1753,1732,21,618,592,21,5,616,2,1898,1280,292,324
32,SATU MARE,100,0,"Casa de cultura Tasnad, Str. Infratirii nr. 3",ORAS TASNAD,136642,O,1,1602,1583,19,766,636,19,111,755,11,1700,934,451,304
32,SATU MARE,101,0,Scoala Generala Blaja,ORAS TASNAD,136642,O,1,219,196,23,128,105,23,0,127,1,300,172,67,60
32,SATU MARE,102,0,Scoala Generala Cig,ORAS TASNAD,136642,O,1,421,404,17,208,181,17,10,205,3,500,292,119,86
32,SATU MARE,103,0,Scoala Generala Sarauad,ORAS TASNAD,136642,O,1,774,748,26,387,361,26,0,380,7,800,413,295,85
32,SATU MARE,104,0,Scoala Generala Valea Morii,ORAS TASNAD,136642,O,1,165,152,13,105,92,13,0,104,1,200,95,61,43
32,SATU MARE,105,1,"U.M. 800 Tasnad, Str. Stefan cel Mare nr. 83",ORAS TASNAD,136642,O,1,8,0,8,386,0,8,378,384,2,400,14,197,187
32,SATU MARE,106,1,Spitalul Orasenesc Tasnad,ORAS TASNAD,136642,O,1,8,0,8,30,0,8,22,30,0,99,69,17,13
32,SATU MARE,107,0,Primaria Acas,ACIS,136713,C,3,1388,1357,31,415,384,31,0,400,15,1500,1085,299,101
32,SATU MARE,108,0,Scoala Generala Unimat,ACIS,136713,C,3,444,407,37,278,213,37,28,272,6,500,222,227,45
32,SATU MARE,109,0,Scoala Generala Mihaieni,ACIS,136713,C,3,438,413,25,196,171,25,0,194,2,500,304,177,17
32,SATU MARE,110,0,Primaria Agris,AGRIS,179873,C,3,882,801,81,366,277,81,8,363,3,900,534,277,86
32,SATU MARE,111,0,Scoala cu clase I - IV Ciuperceni,AGRIS,179873,C,3,438,419,19,193,174,19,0,192,1,500,307,140,52
32,SATU MARE,112,0,Scoala Generala Andrid,ANDRID,136768,C,3,1055,1046,9,419,403,9,7,415,4,1200,781,274,141
32,SATU MARE,113,0,Scoala Generala Dindesti,ANDRID,136768,C,3,632,616,16,326,310,16,0,319,7,700,374,195,124
32,SATU MARE,114,0,Scoala Generala Irina,ANDRID,136768,C,3,407,401,6,150,134,6,10,147,3,500,350,122,25
32,SATU MARE,115,0,Caminul cultural Apa,APA,136802,C,3,1897,1854,43,1133,1051,43,39,1125,8,2000,867,871,254
32,SATU MARE,116,0,Caminul cultural Someseni,APA,136802,C,3,267,248,19,186,167,19,0,182,4,300,114,154,28
32,SATU MARE,130,0,Scoala Generala Barsau de Sus,BARSAU,137103,C,3,1479,1463,16,797,773,16,8,790,7,1600,803,542,248
32,SATU MARE,131,0,Biroul public adm. Barsau de Jos,BARSAU,137103,C,3,592,561,31,304,273,31,0,304,0,599,295,216,88
32,SATU MARE,117,0,Scoala Generala Batarci,BATARCI,136919,C,3,1795,1786,9,683,640,9,34,678,5,2010,1327,548,130
32,SATU MARE,118,0,Gradinita Comlausa,BATARCI,136919,C,3,886,849,37,355,318,37,0,347,8,900,545,243,104
32,SATU MARE,119,0,Scoala cu clase I - IV Tamaseni,BATARCI,136919,C,3,350,339,11,178,166,11,1,174,4,400,222,148,26
32,SATU MARE,120,0,Scoala Generala Beltiug,BELTIUG,136964,C,3,1139,1127,12,333,321,12,0,328,5,1300,967,248,80
32,SATU MARE,121,0,Caminul cultural Bolda,BELTIUG,136964,C,3,105,96,9,60,51,9,0,58,2,100,40,43,15
32,SATU MARE,122,0,Scoala Generala Ghirisa,BELTIUG,136964,C,3,569,565,4,148,135,4,9,148,0,600,452,122,26
32,SATU MARE,123,0,Scoala cu clase I - IV Giungi,BELTIUG,136964,C,3,146,139,7,68,55,7,6,67,1,200,132,45,22
32,SATU MARE,124,0,Scoala Generala Ratesti,BELTIUG,136964,C,3,688,669,19,300,281,19,0,291,9,700,400,211,80
32,SATU MARE,125,0,Scoala Generala Berveni,BERVENI,137032,C,3,2141,2134,7,623,590,7,26,594,29,2300,1677,406,188
32,SATU MARE,126,0,Scoala cu clase I - IV Lucaceni,BERVENI,137032,C,3,902,875,27,500,446,27,27,494,6,1000,500,358,136
32,SATU MARE,127,0,Scoala Generala Bixad,BIXAD,137069,C,3,2279,2265,14,827,813,14,0,817,10,2500,1673,451,366
32,SATU MARE,128,0,Scoala Generala Boinesti,BIXAD,137069,C,3,1293,1270,23,490,467,23,0,489,1,1300,810,300,189
32,SATU MARE,129,0,Scoala Generala Trip Bai,BIXAD,137069,C,3,2492,2429,63,745,682,63,0,733,12,2600,1855,334,399
32,SATU MARE,132,0,Primaria Bogdand,BOGDAND,137130,C,3,893,883,10,284,265,10,9,281,3,1000,716,254,27
32,SATU MARE,133,0,Scoala Generala Babta,BOGDAND,137130,C,3,727,717,10,367,357,10,0,361,6,800,433,276,85
32,SATU MARE,134,0,Scoala Generala Corund,BOGDAND,137130,C,3,423,400,23,300,277,23,0,296,4,500,200,249,47
32,SATU MARE,135,0,Scoala Generala Ser,BOGDAND,137130,C,3,650,632,18,174,156,18,0,167,7,700,526,156,11
32,SATU MARE,136,0,Primaria Botiz,BOTIZ,137185,C,3,1503,1487,16,434,418,16,0,431,3,1600,1166,205,226
32,SATU MARE,137,0,Scoala Generala Osvareu,BOTIZ,137185,C,3,1154,1107,47,400,352,47,1,394,6,1199,799,199,195
32,SATU MARE,138,0,Primaria Calinesti Oas,CALINESTI-OAS,137229,C,3,2102,2075,27,885,824,27,34,873,12,2300,1415,427,446
32,SATU MARE,139,0,Scoala Generala Coca,CALINESTI-OAS,137229,C,3,709,677,32,298,262,32,4,295,3,800,502,196,99
32,SATU MARE,140,0,Scoala Generala Lechinta,CALINESTI-OAS,137229,C,3,673,653,20,305,266,20,19,300,5,700,395,236,64
32,SATU MARE,141,0,Scoala cu clase I - IV Pasunea Mare,CALINESTI-OAS,137229,C,3,224,176,48,113,65,48,0,113,0,200,87,77,36
32,SATU MARE,142,0,Primaria Camarzana,CAMARZANA,137274,C,3,1173,1168,5,442,436,5,1,437,5,1300,858,276,161
32,SATU MARE,143,0,Scoala Generala Centru Camarzana,CAMARZANA,137274,C,3,883,878,5,356,351,5,0,353,3,1000,644,237,116
32,SATU MARE,144,0,Scoala Generala Camin nr. 195,CAMIN,179677,C,3,1147,1137,10,479,469,10,0,473,6,1189,710,392,81
32,SATU MARE,145,0,Primaria Capleni,CAPLENI,136553,C,3,2623,2615,8,580,569,8,3,575,5,2895,2315,500,75
32,SATU MARE,146,0,Scoala Generala Cauas,CAUAS,137292,C,3,520,513,7,270,256,7,7,264,6,600,330,208,56
32,SATU MARE,147,0,Scoala Generala Ghenci,CAUAS,137292,C,3,981,971,10,221,211,10,0,219,2,1100,879,159,60
32,SATU MARE,148,0,Scoala Generala Hotoan,CAUAS,137292,C,3,184,174,10,78,68,10,0,78,0,200,122,54,24
32,SATU MARE,149,0,Scoala Generala Ady Endre,CAUAS,137292,C,3,156,145,11,63,52,11,0,60,3,200,137,45,15
32,SATU MARE,150,0,Scoala Generala Ghilesti,CAUAS,137292,C,3,104,99,5,56,51,5,0,54,2,200,144,44,10
32,SATU MARE,151,0,Cooperativa de consum Radulesti,CAUAS,137292,C,3,105,95,10,61,51,10,0,61,0,200,139,31,30
32,SATU MARE,152,0,Scoala Generala Cehal,CEHAL,137363,C,3,830,806,24,456,427,24,5,449,7,900,444,220,229
32,SATU MARE,153,0,Scoala Generala Cehalut,CEHAL,137363,C,3,606,599,7,298,278,7,13,294,4,700,402,177,117
32,SATU MARE,154,0,Sediul fostului CAP Orbau,CEHAL,137363,C,3,311,299,12,181,158,12,11,180,1,400,219,130,50
32,SATU MARE,155,0,Scoala Generala Certeze,CERTEZE,137407,C,3,2792,2704,88,813,726,87,0,804,9,3000,2187,443,361
32,SATU MARE,156,0,Scoala Generala Huta Certeze,CERTEZE,137407,C,3,909,879,30,393,363,30,0,384,9,1000,607,208,176
32,SATU MARE,157,0,Scoala Generala Moiseni,CERTEZE,137407,C,3,1043,999,44,437,370,44,23,430,7,1100,663,317,113
32,SATU MARE,158,0,Caminul cultural Ciumesti nr. 266,CIUMESTI,179882,C,3,975,962,13,276,261,13,2,270,6,1100,824,227,43
32,SATU MARE,159,0,Caminul cultural Ciumesti nr. 266,CIUMESTI,179882,C,3,153,147,6,33,27,6,0,33,0,200,167,27,6
32,SATU MARE,160,0,Caminul cultural Ciumesti nr. 266,CIUMESTI,179882,C,3,17,9,8,10,2,8,0,10,0,100,90,7,3
32,SATU MARE,161,0,Scoala Generala Craidorolt,CRAIDOROLT,137443,C,3,915,911,4,309,305,2,2,300,9,1000,691,221,79
32,SATU MARE,162,0,Scoala Generala Eriu Sancrai,CRAIDOROLT,137443,C,3,538,529,9,259,250,9,0,259,0,600,341,203,56
32,SATU MARE,163,0,Scoala Generala Satu Mic,CRAIDOROLT,137443,C,3,168,156,12,92,80,12,0,90,2,200,108,65,25
32,SATU MARE,164,0,Scoala Generala Criseni,CRAIDOROLT,137443,C,3,172,159,13,98,85,13,0,96,2,200,102,82,14
32,SATU MARE,165,0,Caminul cultural Crucisor,CRUCISOR,137504,C,3,516,512,4,243,230,4,9,243,0,600,357,117,126
32,SATU MARE,166,0,Scoala Generala Iegheriste,CRUCISOR,137504,C,3,470,458,12,237,225,12,0,237,0,500,263,89,148
32,SATU MARE,167,0,Sala festiva Poiana Codrului,CRUCISOR,137504,C,3,1185,1162,23,581,558,23,0,578,3,1300,719,296,282
32,SATU MARE,168,0,Consiliul Local Culciu,CULCIU,137540,C,3,614,606,8,227,219,8,0,220,7,700,473,181,39
32,SATU MARE,169,0,Scoala Generala Apateu,CULCIU,137540,C,3,239,229,10,90,80,10,0,90,0,300,210,67,23
32,SATU MARE,170,0,Scoala Generala Corod,CULCIU,137540,C,3,423,411,12,118,106,12,0,117,1,500,382,87,30
32,SATU MARE,171,0,Scoala Generala Culciu Mic,CULCIU,137540,C,3,517,500,17,138,121,17,0,137,1,600,462,112,25
32,SATU MARE,172,0,Scoala Generala Caraseu,CULCIU,137540,C,3,924,913,11,232,221,11,0,227,5,1000,768,187,40
32,SATU MARE,173,0,Scoala Generala Lipau,CULCIU,137540,C,3,468,458,10,238,221,10,7,232,6,500,262,146,86
32,SATU MARE,174,0,Primaria Doba,DOBA,137611,C,3,963,945,18,396,377,18,1,381,15,1000,604,249,132
32,SATU MARE,175,0,Scoala Generala Boghis,DOBA,137611,C,3,632,614,18,198,180,18,0,194,4,700,502,143,51
32,SATU MARE,176,0,Scoala Generala Paulian,DOBA,137611,C,3,372,348,24,215,191,24,0,213,2,400,185,107,106
32,SATU MARE,177,0,Caminul cultural Dacia,DOBA,137611,C,3,171,159,12,111,99,12,0,107,4,200,89,76,31
32,SATU MARE,178,0,Caminul cultural Traian,DOBA,137611,C,3,134,117,17,82,63,17,2,82,0,200,118,50,32
32,SATU MARE,179,0,"Primaria Dorolt, Str. Principala nr. 83",DOROLT,137675,C,3,1218,1212,6,366,263,6,97,359,7,1300,934,303,56
32,SATU MARE,180,0,"Gradinita Atea, Sat Atea nr. 21",DOROLT,137675,C,3,290,283,7,155,129,7,19,153,2,300,145,128,25
32,SATU MARE,181,0,"Scoala Generala Dara, Sat Dara nr. 79",DOROLT,137675,C,3,1057,1047,10,390,374,10,6,380,10,1100,710,345,35
32,SATU MARE,182,0,"Scoala cu clase I - IV Petea, Sat Petea nr. 40",DOROLT,137675,C,3,270,262,8,105,87,7,11,105,0,300,195,86,19
32,SATU MARE,183,0,Consiliul Local Foieni,FOIENI,137728,C,3,1655,1646,9,580,571,9,0,571,9,1800,1220,505,66
32,SATU MARE,184,0,Caminul cultural Gherta Mica,GHERTA MICA,137746,C,3,1424,1412,12,508,496,12,0,497,11,1500,992,369,128
32,SATU MARE,185,0,Scoala Generala Gherta Mica,GHERTA MICA,137746,C,3,854,827,27,325,298,27,0,323,2,900,575,254,69
32,SATU MARE,186,0,Caminul cultural Babasti,HALMEU,137764,C,3,362,350,12,123,111,12,0,117,6,400,277,90,27
32,SATU MARE,187,0,Scoala Generala Cidreag (corpul de cladire 1),HALMEU,137764,C,3,804,795,9,301,292,9,0,293,8,900,599,257,36
32,SATU MARE,188,0,Scoala Generala Dabolt,HALMEU,137764,C,3,350,339,11,130,119,11,0,129,1,400,270,102,27
32,SATU MARE,189,0,Scoala Generala Rosie Halmeu,HALMEU,137764,C,3,1220,1165,55,401,344,55,2,393,8,1300,899,199,194
32,SATU MARE,190,0,Scoala Generala Halmeu,HALMEU,137764,C,3,1516,1483,33,494,461,33,0,486,8,1300,806,243,243
32,SATU MARE,191,0,Scoala Generala Mesteacan,HALMEU,137764,C,3,331,298,33,134,101,33,0,132,2,400,266,95,37
32,SATU MARE,192,0,Scoala Generala Porumbesti,HALMEU,137764,C,3,1166,1152,14,408,394,14,0,399,9,1300,892,335,64
32,SATU MARE,193,0,"Primaria Hodod, nr.164",HODOD,137844,C,3,766,757,9,207,194,9,4,207,0,800,593,165,42
32,SATU MARE,194,0,"Scoala Generala Giurtelecu Hododului, nr. 151",HODOD,137844,C,3,556,543,13,271,251,13,7,266,5,600,329,199,67
32,SATU MARE,195,0,"Scoala Generala Lelei, nr. 311",HODOD,137844,C,3,496,489,7,196,179,7,10,192,4,600,404,178,14
32,SATU MARE,196,0,"Sediul fostului CAP Nadisu Hododului, nr. 223",HODOD,137844,C,3,606,596,10,227,209,10,8,223,4,700,473,199,24
32,SATU MARE,197,0,Scoala Generala Homorodu de Mijloc,HOMOROADE,137899,C,3,426,414,12,216,198,12,6,215,1,500,284,170,45
32,SATU MARE,198,0,Scoala Generala Chilia,HOMOROADE,137899,C,3,220,212,8,113,98,8,7,112,1,300,187,83,29
32,SATU MARE,199,0,Scoala Generala Homorodu de Jos,HOMOROADE,137899,C,3,275,261,14,125,111,14,0,123,2,300,175,80,43
32,SATU MARE,200,0,Scoala Generala Homorodu de Sus,HOMOROADE,137899,C,3,244,236,8,131,119,8,4,130,1,300,169,88,42
32,SATU MARE,201,0,Scoala Generala Necopoi,HOMOROADE,137899,C,3,238,230,8,130,114,8,8,129,1,300,170,92,37
32,SATU MARE,202,0,Scoala Generala Solduba,HOMOROADE,137899,C,3,264,247,17,214,178,17,19,213,1,300,86,168,45
32,SATU MARE,203,0,Scoala Generala Bercu,LAZURI,137960,C,3,467,455,12,91,79,12,0,90,1,599,508,71,19
32,SATU MARE,204,0,Caminul cultural nou Lazuri,LAZURI,137960,C,3,1945,1934,11,420,409,11,0,416,4,2100,1680,301,115
32,SATU MARE,205,0,Scoala Generala Nisipeni,LAZURI,137960,C,3,589,581,8,139,129,8,2,139,0,700,561,120,19
32,SATU MARE,206,0,Scoala Generala Noroieni,LAZURI,137960,C,3,251,240,11,92,81,11,0,91,1,300,208,74,17
32,SATU MARE,207,0,Scoala Generala Peles,LAZURI,137960,C,3,693,680,13,197,184,13,0,186,11,800,603,134,52
32,SATU MARE,208,0,Scoala Generala Pelisor,LAZURI,137960,C,3,184,168,16,70,54,16,0,69,1,200,130,49,20
32,SATU MARE,209,0,"Scoala Generala Livada Noua, Str. Victoriei nr. 67",LIVADA,138039,C,3,975,969,6,281,270,6,5,281,0,1100,819,197,84
32,SATU MARE,210,0,"Gradinita Livada Noua, Str. Satu Mare",LIVADA,138039,C,3,1284,1269,15,415,392,15,8,409,6,1400,985,267,142
32,SATU MARE,211,0,"Scoala Generala Livada Veche, Str. Oasului nr. 7",LIVADA,138039,C,3,1604,1594,10,393,383,10,0,384,9,1700,1307,309,75
32,SATU MARE,212,0,Scoala Generala Adrian,LIVADA,138039,C,3,425,416,9,119,110,9,0,117,2,500,381,96,21
32,SATU MARE,213,0,Scoala Generala Dumbrava,LIVADA,138039,C,3,827,815,12,355,343,12,0,355,0,900,545,223,132
32,SATU MARE,214,0,Caminul cultural Livada Mica,LIVADA,138039,C,3,258,245,13,154,141,13,0,154,0,300,146,89,65
32,SATU MARE,215,0,Consiliul Local Mediesu Aurit,MEDIESU AURIT,138084,C,3,2178,2155,23,908,885,23,0,898,10,2300,1392,525,373
32,SATU MARE,216,0,Gradinita Babasesti,MEDIESU AURIT,138084,C,3,487,462,25,240,215,25,0,240,0,500,260,146,94
32,SATU MARE,217,0,Scoala Generala Iojib,MEDIESU AURIT,138084,C,3,910,869,41,422,381,41,0,417,5,1000,578,263,154
32,SATU MARE,218,0,Scoala Generala Potau,MEDIESU AURIT,138084,C,3,834,813,21,319,298,21,0,317,2,900,581,153,164
32,SATU MARE,219,0,Scoala cu clase I - IV Romanesti,MEDIESU AURIT,138084,C,3,586,569,17,258,241,17,0,257,1,600,342,128,129
32,SATU MARE,220,0,Scoala cu clase I - IV Medies Raturi,MEDIESU AURIT,138084,C,3,218,199,19,123,91,19,13,123,0,300,177,70,53
32,SATU MARE,221,0,Scoala cu clase I - IV Medies Vii,MEDIESU AURIT,138084,C,3,170,157,13,78,65,13,0,78,0,200,122,46,32
32,SATU MARE,222,0,Caminul cultural Micula,MICULA,138164,C,3,2493,2483,10,772,749,10,13,758,14,2700,1928,533,225
32,SATU MARE,223,0,Scoala Generala Micula Noua,MICULA,138164,C,3,488,438,50,227,173,50,4,225,2,499,272,162,63
32,SATU MARE,224,0,Caminul cultural Moftinu Mic,MOFTIN,138208,C,3,967,951,16,401,369,16,16,392,9,1097,696,284,108
32,SATU MARE,225,0,Gradinita Domanesti,MOFTIN,138208,C,3,853,844,9,337,313,9,15,331,6,900,563,286,45
32,SATU MARE,226,0,Scoala Generala Moftinu Mare,MOFTIN,138208,C,3,872,853,19,199,180,19,0,194,5,895,696,145,49
32,SATU MARE,227,0,Scoala Generala Gara Ghilvaci,MOFTIN,138208,C,3,211,200,11,112,101,11,0,112,0,294,182,60,52
32,SATU MARE,228,0,Gradinita Sanmiclaus,MOFTIN,138208,C,3,487,466,21,291,261,21,9,284,7,500,209,251,33
32,SATU MARE,229,0,"Gradinita Odoreu, Str. Replublicii nr. 86",ODOREU,138280,C,3,1971,1928,43,734,690,43,1,719,15,2100,1366,448,271
32,SATU MARE,230,0,"Scoala Generala Odoreu, Str. Tineretului nr. 1",ODOREU,138280,C,3,1712,1617,95,746,650,95,1,737,9,1800,1054,487,250
32,SATU MARE,231,0,SC Nordagreg SA Berindan,ODOREU,138280,C,3,136,126,10,39,29,10,0,39,0,200,161,27,12
32,SATU MARE,232,0,Caminul cultural Martinesti,ODOREU,138280,C,3,266,245,21,122,101,21,0,122,0,300,178,93,29
32,SATU MARE,233,0,"Consiliul Local Orasu Nou, nr. 421",ORASU NOU,138351,O,3,1731,1709,22,1198,1171,22,5,1191,7,1900,702,1060,131
32,SATU MARE,234,0,Scoala Generala Orasu Nou Vii,ORASU NOU,138351,O,3,319,299,20,284,264,20,0,281,3,396,112,232,49
32,SATU MARE,235,0,"Scoala Generala Prilog, Str. Principala nr. 118",ORASU NOU,138351,O,3,630,607,23,249,226,23,0,247,2,700,451,111,136
32,SATU MARE,236,0,Scoala Generala Prilog Vii,ORASU NOU,138351,O,3,147,115,32,113,81,32,0,110,3,200,87,86,24
32,SATU MARE,237,0,Scoala Generala Prilog Vii,ORASU NOU,138351,O,3,133,85,48,99,51,48,0,98,1,100,1,69,29
32,SATU MARE,238,0,"Scoala Generala Racsa, nr. 335",ORASU NOU,138351,O,3,1057,1037,20,549,523,20,6,531,18,1097,548,469,62
32,SATU MARE,239,0,"Scoala Generala Racsa, nr. 335",ORASU NOU,138351,O,3,1065,1048,17,613,593,17,3,598,15,1100,487,502,96
32,SATU MARE,240,0,"Scoala Generala Racsa Vii, nr. 27",ORASU NOU,138351,O,3,200,177,23,161,138,23,0,158,3,200,39,109,49
32,SATU MARE,241,0,Scoala Generala Remetea Oas nr. 90,ORASU NOU,138351,O,3,490,471,19,193,174,19,0,190,3,600,407,134,56
32,SATU MARE,242,0,Scoala Generala Paulesti,PAULESTI,138431,C,3,775,759,16,327,297,16,14,323,4,800,473,183,140
32,SATU MARE,243,0,Scoala Generala Ambud,PAULESTI,138431,C,3,884,868,16,215,199,16,0,214,1,1000,785,180,34
32,SATU MARE,244,0,Scoala Generala Petin,PAULESTI,138431,C,3,502,491,11,214,203,11,0,211,3,600,386,178,33
32,SATU MARE,245,0,Scoala Generala Amati,PAULESTI,138431,C,3,712,708,4,320,308,4,8,318,2,800,480,252,66
32,SATU MARE,246,0,Scoala Generala Ruseni,PAULESTI,138431,C,3,190,190,0,117,117,0,0,115,2,200,83,80,35
32,SATU MARE,247,0,Scoala Generala Hrip,PAULESTI,138431,C,3,464,445,19,263,219,19,25,259,4,500,237,239,20
32,SATU MARE,248,0,"Consiliul Local Petresti, Str. Piscoltului nr. 1",PETRESTI,138501,C,3,1620,1614,6,379,373,6,0,371,8,1802,1423,312,59
32,SATU MARE,249,0,Scoala Generala Pir,PIR,138538,C,3,1178,1175,3,299,288,3,8,296,3,1400,1101,232,64
32,SATU MARE,250,0,Scoala cu clasele I - IV Sarvazel,PIR,138538,C,3,137,126,11,96,80,11,5,95,1,200,104,75,20
32,SATU MARE,251,0,"Scoala Generala Piscolt, Str. Libertatii nr. 289",PISCOLT,138574,C,3,1808,1783,25,847,796,25,26,825,22,2000,1153,540,285
32,SATU MARE,252,0,"Scoala cu clasele I - IV Resighea, Str. Principala nr.193",PISCOLT,138574,C,3,340,320,20,201,173,20,8,197,4,400,199,144,53
32,SATU MARE,253,0,"Scoala cu clasele I - IV Scarisoara Noua, Str. Principala nr. 177",PISCOLT,138574,C,3,380,377,3,285,244,3,38,280,5,500,215,183,97
32,SATU MARE,254,0,Primaria Pomi,POMI,138618,C,3,784,772,12,421,408,12,1,419,2,900,479,224,195
32,SATU MARE,255,0,Scoala Generala Borlesti,POMI,138618,C,3,579,569,10,273,261,10,2,267,6,600,327,172,95
32,SATU MARE,256,0,Scoala Generala Aciua,POMI,138618,C,3,105,86,19,65,46,19,0,61,4,100,35,36,25
32,SATU MARE,257,0,Scoala Generala Bicau,POMI,138618,C,3,155,145,10,78,68,10,0,77,1,200,122,52,25
32,SATU MARE,265,0,Primaria Sacaseni,SACASENI,138770,C,3,835,830,5,318,307,5,6,315,3,902,584,248,67
32,SATU MARE,266,0,Scoala Generala Chegea,SACASENI,138770,C,3,209,201,8,118,103,8,7,113,5,302,184,57,56
32,SATU MARE,258,0,Gradinita Nr. 1 Sanislau,SANISLAU,138663,C,3,1357,1335,22,445,423,22,0,438,7,1500,1055,327,111
32,SATU MARE,259,0,Gradinita Nr. 2 Sanislau,SANISLAU,138663,C,3,1303,1270,33,521,488,33,0,514,7,1400,879,356,158
32,SATU MARE,260,0,Caminul cultural Horea,SANISLAU,138663,C,3,182,166,16,108,92,16,0,105,3,200,92,65,40
32,SATU MARE,261,0,Scoala Generala Marna,SANISLAU,138663,C,3,282,271,11,169,158,11,0,167,2,300,131,134,33
32,SATU MARE,262,0,Scoala Generala Santau,SANTAU,138734,C,3,1404,1393,11,636,608,11,17,631,5,1500,864,394,237
32,SATU MARE,263,0,Scoala Generala Chereusa,SANTAU,138734,C,3,522,509,13,263,248,13,2,262,1,600,337,208,54
32,SATU MARE,264,0,Scoala Generala Sudurau,SANTAU,138734,C,3,166,154,12,96,83,12,1,96,0,200,104,63,33
32,SATU MARE,267,0,Scoala Generala Sauca,SAUCA,138805,C,3,376,353,23,211,188,23,0,209,2,400,189,165,44
32,SATU MARE,268,0,Scoala Generala Nr. 1 Becheni,SAUCA,138805,C,3,436,426,10,155,145,10,0,155,0,500,345,122,33
32,SATU MARE,269,0,Scoala cu clasele I - IV Cean,SAUCA,138805,C,3,259,239,20,164,144,20,0,164,0,300,136,115,49
32,SATU MARE,270,0,Scoala cu clasele I - IV Silvas,SAUCA,138805,C,3,140,136,4,84,80,4,0,82,2,200,116,57,25
32,SATU MARE,271,0,Scoala Generala Socond,SOCOND,138869,C,3,370,360,10,172,162,10,0,168,4,400,228,108,60
32,SATU MARE,272,0,Scoala Generala Cuta,SOCOND,138869,C,3,372,364,8,181,153,8,20,180,1,500,319,143,37
32,SATU MARE,273,0,Scoala Generala Hodisa,SOCOND,138869,C,3,263,258,5,149,143,5,1,149,0,301,152,77,72
32,SATU MARE,274,0,Scoala Generala Soconzel,SOCOND,138869,C,3,337,328,9,165,156,9,0,165,0,400,235,79,86
32,SATU MARE,275,0,Scoala Generala Stana,SOCOND,138869,C,3,771,755,16,482,438,16,28,482,0,800,318,454,28
32,SATU MARE,276,0,"Primaria Supuru de Jos, Str. Teilor nr. 14",SUPUR,138921,C,3,1049,1022,27,394,367,27,0,385,9,1100,706,255,130
32,SATU MARE,277,0,Scoala Generala Dobra,SUPUR,138921,C,3,918,908,10,367,357,10,0,362,5,1000,633,254,108
32,SATU MARE,278,0,Scoala Generala Giorocuta,SUPUR,138921,C,3,626,611,15,232,217,15,0,225,7,700,468,157,68
32,SATU MARE,279,0,Scoala Generala Supuru de Sus,SUPUR,138921,C,3,419,379,40,226,186,40,0,223,3,500,274,143,80
32,SATU MARE,280,0,Scoala Generala Hurezu Mare,SUPUR,138921,C,3,329,315,14,182,168,14,0,182,0,400,218,135,47
32,SATU MARE,281,0,"Scoala cu clasele I - IV Racova, nr. 57",SUPUR,138921,C,3,264,249,15,148,133,15,0,136,12,300,152,92,44
32,SATU MARE,282,0,Scoala cu clasele I - IV Secheresa,SUPUR,138921,C,3,79,66,13,75,62,13,0,75,0,100,25,47,28
32,SATU MARE,283,0,Primaria Tarna Mare,TARNA MARE,139009,C,3,1595,1578,17,738,699,17,22,725,13,1800,1062,575,150
32,SATU MARE,284,0,Gradinita Valea Seaca,TARNA MARE,139009,C,3,944,916,28,418,390,28,0,407,11,1000,582,346,61
32,SATU MARE,285,0,Scoala Generala Bocicau,TARNA MARE,139009,C,3,491,463,28,270,242,28,0,250,20,500,230,206,44
32,SATU MARE,292,0,Scoala Generala Tarsolt,TARSOLT,139143,C,3,2017,2010,7,597,590,7,0,585,12,2200,1603,305,280
32,SATU MARE,293,0,Scoala cu clasele I - IV Aliceni,TARSOLT,139143,C,3,289,269,20,112,92,20,0,112,0,300,188,47,65
32,SATU MARE,286,0,Scoala Generala Terebesti,TEREBESTI,139054,C,3,544,532,12,282,264,12,6,277,5,600,318,214,63
32,SATU MARE,287,0,Scoala Generala Gelu,TEREBESTI,139054,C,3,370,359,11,225,213,11,1,224,1,400,175,151,73
32,SATU MARE,288,0,Scoala Generala Piscari,TEREBESTI,139054,C,3,364,347,17,219,193,17,9,217,2,400,181,174,43
32,SATU MARE,289,0,Primaria Tiream,TIREAM,139107,C,3,1352,1339,13,455,431,13,11,448,7,1500,1045,323,125
32,SATU MARE,290,0,Scoala Generala Vezendiu,TIREAM,139107,C,3,422,400,22,241,219,22,0,237,4,500,259,158,79
32,SATU MARE,291,0,Scoala cu clasele I - IV Portita,TIREAM,139107,C,3,181,169,12,100,88,12,0,100,0,200,100,66,34
32,SATU MARE,294,0,Scoala de arte si Meserii Turt,TURT,139170,C,3,2333,2311,22,901,879,22,0,890,11,2298,1397,508,382
32,SATU MARE,295,0,Scoala Generala Nr. 2 Turt,TURT,139170,C,3,1250,1233,17,497,480,17,0,495,2,1300,803,320,175
32,SATU MARE,296,0,Scoala cu clasele I - IV Susani de Jos Turt,TURT,139170,C,3,855,839,16,380,364,16,0,374,6,1200,820,199,175
32,SATU MARE,297,0,Scoala Generala Gherta Mare,TURT,139170,C,3,1162,1153,9,465,451,9,5,455,10,1200,735,294,161
32,SATU MARE,298,0,"Primaria Turulung, Str. Parcului nr. 260",TURULUNG,139214,C,3,1071,1064,7,161,154,7,0,158,3,1200,1039,138,20
32,SATU MARE,299,0,"Scoala Generala Turulung, Str. Principala nr. 13",TURULUNG,139214,C,3,1034,1022,12,306,294,12,0,297,9,1100,794,240,57
32,SATU MARE,300,0,Scoala Generala Draguseni,TURULUNG,139214,C,3,927,905,22,394,372,22,0,393,1,1000,600,305,88
32,SATU MARE,301,0,Scoala Generala Turulung Vii,TURULUNG,139214,C,3,154,139,15,57,42,15,0,56,1,200,143,43,13
32,SATU MARE,302,0,Caminul cultural Urziceni,URZICENI,139250,C,3,1248,1239,9,385,373,9,3,382,3,1400,1015,314,68
32,SATU MARE,303,0,Primaria Valea Vinului,VALEA VINULUI,139287,C,3,710,700,10,430,390,10,30,426,4,800,370,217,209
32,SATU MARE,304,0,Scoala Generala Marius,VALEA VINULUI,139287,C,3,242,222,20,181,125,20,36,180,1,292,111,118,62
32,SATU MARE,305,0,Scoala Generala Rosiori,VALEA VINULUI,139287,C,3,422,405,17,289,238,17,34,287,2,500,211,155,132
32,SATU MARE,306,0,Scoala Generala Sai,VALEA VINULUI,139287,C,3,384,352,32,183,151,32,0,180,3,400,217,132,48
32,SATU MARE,307,0,Scoala Generala de langa posta Vama,VAMA,139330,C,3,2606,2592,14,932,911,14,7,921,11,2900,1968,488,433
32,SATU MARE,308,0,Scoala Generala Vama Bai,VAMA,139330,C,3,413,307,106,207,100,106,1,202,5,400,193,125,77
32,SATU MARE,309,0,Scoala Generala Vetis,VETIS,139358,C,3,1568,1540,28,346,318,28,0,339,7,1700,1354,195,144
32,SATU MARE,310,0,Caminul cultural Oar,VETIS,139358,C,3,1223,1216,7,258,235,7,16,250,8,1300,1042,180,70
32,SATU MARE,311,0,Scoala Generala Decebal,VETIS,139358,C,3,835,791,44,404,359,44,1,400,4,900,496,273,127
32,SATU MARE,312,0,Primaria Viile Satu Mare,VIILE SATU MARE,139394,C,3,1594,1550,44,449,405,44,0,441,8,1700,1251,364,77
32,SATU MARE,313,0,Scoala Generala Tatarasti,VIILE SATU MARE,139394,C,3,645,635,10,221,211,10,0,217,4,700,479,171,46
32,SATU MARE,314,0,Scoala Generala Medisa,VIILE SATU MARE,139394,C,3,205,192,13,110,97,13,0,109,1,300,190,101,8
32,SATU MARE,315,0,Scoala Generala Cionchesti,VIILE SATU MARE,139394,C,3,149,133,16,92,76,16,0,91,1,200,108,62,29
33,SALAJ,1,0,"FUNDATIA PENTRU TINERET,STR. 22 DECEMBRIE 1989,NR.1",MUNICIPIUL ZALAU,139704,M,1,2194,2194,0,1034,1023,0,11,1023,11,2411,1377,552,471
33,SALAJ,2,0,"CAMINUL DE COPII NR.1, STR. GH.DOJA,NR.19",MUNICIPIUL ZALAU,139704,M,1,1851,1847,4,939,933,4,2,939,0,2035,1096,423,516
33,SALAJ,3,0,"STADIONUL MUNICIPAL,STR.STADIONULUI NR.5",MUNICIPIUL ZALAU,139704,M,1,2143,2141,2,969,956,2,11,967,2,2356,1387,356,611
33,SALAJ,4,0,"SCOALA GENERALA AVRAM IANCU,STR. AVRAM IANCU,NR.4",MUNICIPIUL ZALAU,139704,M,1,2166,2160,6,1018,1007,6,5,1016,2,2376,1358,425,591
33,SALAJ,5,0,"DIRECTIA SILVICA,STR TIPOGRAFILOR,NR.1",MUNICIPIUL ZALAU,139704,M,1,2460,2454,6,1053,1040,6,7,1052,1,2708,1655,453,599
33,SALAJ,6,0,"CASA DE CULTURA MUNICIPALA,STR. CORNELIU COPOSU, NR.9",MUNICIPIUL ZALAU,139704,M,1,2173,2163,10,1216,1193,10,13,1212,4,2378,1162,576,636
33,SALAJ,7,0,"CASA DE CULTURA A SINDICATELOR,STR.9 MAI,NR.9",MUNICIPIUL ZALAU,139704,M,1,2272,2264,8,1217,1204,8,5,1213,4,2495,1278,533,680
33,SALAJ,8,0,"SCOALA GENERALA GHEORGHE LAZAR,STR. GH.LAZAR,NR.3",MUNICIPIUL ZALAU,139704,M,1,2357,2348,9,1051,1032,9,10,1044,7,2578,1527,468,576
33,SALAJ,9,0,"GRUP SCOLAR MIHAI VITEAZU,STR. T. VLADIMIRESCU,NR.5",MUNICIPIUL ZALAU,139704,M,1,2152,2141,11,1004,988,11,5,1000,4,2351,1347,444,556
33,SALAJ,10,0,"SCOALA GENERALA POROLISSUM,STR. POROLISSUM,NR.9",MUNICIPIUL ZALAU,139704,M,1,1743,1743,0,811,799,0,12,809,2,1924,1113,328,481
33,SALAJ,11,0,"SCOALA GENERALA POROLISSUM-SALA DE FESTIVITATI, STR.POROLISSUM NR.9",MUNICIPIUL ZALAU,139704,M,1,1383,1381,2,618,608,2,8,618,0,1516,898,261,357
33,SALAJ,12,0,"SCOALA GENERALA NR.1(IULIU MANIU),B-DUL M. VITEAZU, NR.35",MUNICIPIUL ZALAU,139704,M,1,2030,2024,6,842,824,6,12,839,3,2237,1395,405,434
33,SALAJ,13,0,"CAMINUL DE COPII NR.3,STR ALEEA TOAMNEI,NR.3",MUNICIPIUL ZALAU,139704,M,1,2458,2446,12,988,967,12,9,987,1,2694,1706,409,578
33,SALAJ,14,0,"SALA SPORTURILOR,B-DUL M. VITEAZU,NR.49",MUNICIPIUL ZALAU,139704,M,1,1762,1756,6,1339,775,6,558,1332,7,1934,595,497,835
33,SALAJ,15,0,"SALA SPORTURILOR,B-DUL M. VITEAZU, NR.49",MUNICIPIUL ZALAU,139704,M,1,1966,1962,4,817,805,4,8,814,3,2157,1340,308,506
33,SALAJ,16,0,"SC SAMTEX SA (INTEGRATA),B-DUL M VITEAZUL, NR.97",MUNICIPIUL ZALAU,139704,M,1,2425,2415,10,1064,1044,10,10,1062,2,2661,1597,447,615
33,SALAJ,17,0,"SCOALA GENERALA NR.8 CORNELIU COPOSU, STR. SIMION BARNUTIU",MUNICIPIUL ZALAU,139704,M,1,2451,2442,9,1078,1062,9,7,1076,2,2690,1612,408,668
33,SALAJ,18,0,"GRUP SCOLAR VOIEVOD GELU,STR.SIMION BARNUTIU,NR.51",MUNICIPIUL ZALAU,139704,M,1,1955,1949,6,907,900,6,1,906,1,2154,1247,331,575
33,SALAJ,19,0,"GRUP SCOLAR VOIEVOD GELU,STR.SIMION BARNUTIU,NR.51",MUNICIPIUL ZALAU,139704,M,1,2186,2174,12,979,949,12,18,977,2,2401,1422,349,628
33,SALAJ,20,0,"GRADINITA DE COPII NR.8,STR.SIMION BARNUTIU NR.14",MUNICIPIUL ZALAU,139704,M,1,1878,1861,17,840,807,17,16,837,3,2041,1201,349,488
33,SALAJ,21,0,"SCOALA GENERALA NR.7(VASILE GOLDIS),STR.TORENTULUI,NR.9",MUNICIPIUL ZALAU,139704,M,1,1618,1614,4,671,658,4,9,667,4,1775,1104,315,352
33,SALAJ,22,0,"SCOALA POSTLICEALA SANITARA,STR.TORENTULUI NR.1 (BLOC P.13)",MUNICIPIUL ZALAU,139704,M,1,1529,1520,9,712,693,9,10,711,1,1680,968,324,387
33,SALAJ,23,0,"GRADINITA DE COPII NR.11,STR.SF.VINERI,NR.8",MUNICIPIUL ZALAU,139704,M,1,1610,1600,10,676,655,10,11,674,2,1757,1081,301,373
33,SALAJ,24,0,"GRUP SCOLAR AL.PAPIU ILARIAN(LIC.IND.NR.1),STR. Simion Barnutiu,nr.6",MUNICIPIUL ZALAU,139704,M,1,2409,2396,13,1126,1110,13,3,1123,3,2641,1515,563,560
33,SALAJ,25,0,"SCOALA NORMALA GHEORGHE SINCAI-LICEUL PEDAGOGIC,STR.CRISAN",MUNICIPIUL ZALAU,139704,M,1,2400,2394,6,1219,1205,6,8,1212,7,2628,1409,545,667
33,SALAJ,26,0,"CLUB SC PUBLISERV SA,B-DUL M.VITEAZU,NR.25",MUNICIPIUL ZALAU,139704,M,1,2195,2182,13,1082,1063,13,6,1078,4,2400,1318,435,643
33,SALAJ,27,0,"SCOALA GENERALA ORTELEC,CARTIER ORTELEC",MUNICIPIUL ZALAU,139704,M,1,1303,1302,1,575,568,1,6,567,8,1435,860,317,250
33,SALAJ,28,0,CAMINUL CULTURAL STINA,MUNICIPIUL ZALAU,139704,M,1,278,278,0,206,171,0,35,204,2,306,100,161,43
33,SALAJ,29,1,SPITALUL JUDETEAN SALAJ- ZALAU,MUNICIPIUL ZALAU,139704,M,1,0,0,0,405,0,0,405,404,1,616,211,234,170
33,SALAJ,30,1,"CASA ARMATEI- CLUBUL ARMATEI-ZALAU,STR. S.BARNUTIU NR.93",MUNICIPIUL ZALAU,139704,M,1,0,0,0,315,0,0,315,310,5,396,81,193,117
33,SALAJ,31,0,"LICEUL CEHU SILVANIEI,STR.OBORULUI,NR.1",ORAS CEHU SILVANIEI,139740,O,1,1562,1562,0,638,542,0,96,636,2,1723,1085,419,217
33,SALAJ,32,0,"SCOALA GENERALA CEHU SILVANIEI,P-TA GH.POP DE BASESTI,NR.37",ORAS CEHU SILVANIEI,139740,O,1,1473,1469,4,526,519,4,3,524,2,1617,1091,359,165
33,SALAJ,33,0,"CLUBUL COPIILOR,P-TA GH.POP DE BASESTI,NR.26",ORAS CEHU SILVANIEI,139740,O,1,1577,1576,1,707,696,1,10,699,8,1731,1024,475,224
33,SALAJ,34,0,SCOALA GENERALA HOROATU CEHULUI,ORAS CEHU SILVANIEI,139740,O,1,163,162,1,106,99,1,6,105,1,178,72,52,53
33,SALAJ,35,0,SCOALA GENERALA MOTIS,ORAS CEHU SILVANIEI,139740,O,1,583,583,0,379,365,0,14,377,2,641,262,307,70
33,SALAJ,36,0,SCOALA GENERALA NADIS,ORAS CEHU SILVANIEI,139740,O,1,491,491,0,375,368,0,7,373,2,541,166,216,157
33,SALAJ,37,0,CAMINUL CULTURAL ULCIUG,ORAS CEHU SILVANIEI,139740,O,1,815,813,2,360,345,2,13,359,1,895,535,296,63
33,SALAJ,38,0,"CASA DE CULTURA JIBOU,STR. 1 DEC.1918,NR.8",ORAS JIBOU,139811,O,1,2250,2250,0,1002,999,0,3,997,5,2475,1473,550,447
33,SALAJ,39,0,"SCOALA GENERALA NR.1 OCTAVIAN GOGA,STR.PARCULUI,NR.3",ORAS JIBOU,139811,O,1,2137,2136,1,1137,1131,1,5,1133,4,2353,1216,708,425
33,SALAJ,40,0,"SCOALA GENERALA NR.2 LUCIAN BLAGA,STR.GAROAFELOR,NR.7",ORAS JIBOU,139811,O,1,1587,1585,2,899,722,2,175,890,9,1748,849,527,363
33,SALAJ,41,0,"LICEUL ""ION AGARBICEANU"" JIBOU,STR.T.VLADIMIRESCU,NR.7",ORAS JIBOU,139811,O,1,2065,2061,4,914,873,4,37,905,9,2272,1358,577,328
33,SALAJ,42,0,"SCOALA GENERALA CUCEU , CUCEU NR.60",ORAS JIBOU,139811,O,1,400,400,0,216,182,0,34,210,6,442,226,132,78
33,SALAJ,43,0,"SCOALA GENERALA HUSIA, HUSIA NR.57",ORAS JIBOU,139811,O,1,215,215,0,131,121,0,10,130,1,238,107,86,44
33,SALAJ,44,0,"SCOALA GENERALA RONA, RONA, NR.115/A",ORAS JIBOU,139811,O,1,309,309,0,173,156,0,17,169,4,339,166,124,45
33,SALAJ,45,0,"SCOALA GENERALA VAR, VAR,NR.103/A",ORAS JIBOU,139811,O,1,427,427,0,241,233,0,8,239,2,471,230,158,81
33,SALAJ,46,0,"SCOALA GENERALA ""HOREA"",STR. HOREA",ORAS SIMLEU SILVANIEI,139884,O,1,1538,1537,1,680,669,1,10,677,3,1691,1011,234,443
33,SALAJ,47,0,"GRUP SCOLAR ""IOAN OSSIAN"", STR.S.BARNUTIU,NR.3",ORAS SIMLEU SILVANIEI,139884,O,1,1581,1577,4,857,696,4,157,851,6,1737,880,372,479
33,SALAJ,48,0,"CASA ORASENEASCA DE CULTURA,STR.A.MURESANU,NR.1",ORAS SIMLEU SILVANIEI,139884,O,1,1554,1551,3,688,671,3,14,681,7,1707,1019,269,412
33,SALAJ,49,0,"COLEGIUL TEHNIC ""IULIU MANIU"",STR.M.KOGALNICEANU,NR.11",ORAS SIMLEU SILVANIEI,139884,O,1,1491,1487,4,673,656,4,13,670,3,1642,969,288,382
33,SALAJ,50,0,"SCOALA SPECIALA,STR.N.BALCESCU,NR.19",ORAS SIMLEU SILVANIEI,139884,O,1,1761,1736,25,949,771,25,153,941,8,1910,961,394,547
33,SALAJ,51,0,"CLUBUL ELEVILOR,STR.1 DEC. 1918",ORAS SIMLEU SILVANIEI,139884,O,1,1808,1806,2,839,809,2,28,833,6,1989,1150,293,540
33,SALAJ,52,0,"GRADINITA CU PROGRAM PRELUNGIT NR.3,STR.GHIOCEILOR, NR.18",ORAS SIMLEU SILVANIEI,139884,O,1,1866,1862,4,754,741,4,9,747,7,2049,1295,322,425
33,SALAJ,53,0,SCOALA GENERALA CEHEI,ORAS SIMLEU SILVANIEI,139884,O,1,794,794,0,445,439,0,6,438,7,873,428,218,220
33,SALAJ,54,0,SCOALA GENERALA PUSTA,ORAS SIMLEU SILVANIEI,139884,O,1,998,996,2,435,428,2,5,421,14,1096,661,354,67
33,SALAJ,55,0,PRIMARIA AGRIJ,AGRIJ,139937,C,3,782,780,2,388,381,2,5,385,3,862,474,267,118
33,SALAJ,56,0,SCOALA GIMNAZIALA RASTOLTU DESERT,AGRIJ,139937,C,3,316,298,18,173,154,18,1,170,3,328,155,111,59
33,SALAJ,57,0,"PRIMARIA ALMASU,NR.144",ALMASU,139982,C,3,928,913,15,482,467,15,0,474,8,1008,526,292,182
33,SALAJ,58,0,"CAMINUL CULTURAL JEBUCU,NR.76",ALMASU,139982,C,3,274,268,6,204,193,6,5,203,1,297,93,185,18
33,SALAJ,59,0,"SCOALA GENERALA MESTEACANU,NR.75",ALMASU,139982,C,3,462,456,6,216,206,6,4,212,4,502,286,145,67
33,SALAJ,60,0,"CAMINUL CULTURAL PETRINZEL,NR.59",ALMASU,139982,C,3,156,147,9,94,83,9,2,89,5,163,69,72,17
33,SALAJ,61,0,"SCOALA GENERALA SFARAS, NR.40",ALMASU,139982,C,3,109,100,9,66,56,9,1,64,2,108,42,45,19
33,SALAJ,62,0,"CAMIN CULTURAL STANA,NR.104",ALMASU,139982,C,3,160,151,9,95,86,9,0,93,2,165,70,64,29
33,SALAJ,63,0,"SCOALA TAUDU, NR.46/A",ALMASU,139982,C,3,178,166,12,110,97,12,1,110,0,184,74,67,43
33,SALAJ,64,0,"GRADINITA DE COPII BABENI,NR.370",BABENI,140084,C,3,575,575,0,310,299,0,11,308,2,635,325,171,137
33,SALAJ,65,0,"SCOALA GENERALA CIOCMANI,NR.331",BABENI,140084,C,3,547,533,14,326,312,14,0,320,6,586,260,189,131
33,SALAJ,66,0,"SCOALA PRIMARA CLIT,NR.121",BABENI,140084,C,3,216,216,0,137,131,0,6,137,0,238,101,104,33
33,SALAJ,67,0,"MAGAZIN SATESC PIROSA,NR.88",BABENI,140084,C,3,119,118,1,69,59,1,9,69,0,130,61,40,29
33,SALAJ,68,0,"SCOALA GENERALA POIENITA,NR.215",BABENI,140084,C,3,256,255,1,168,159,1,8,167,1,281,113,151,16
33,SALAJ,69,0,CAMINUL CULTURAL BALAN (SALA MICA),BALAN,140146,C,3,874,870,4,391,385,4,2,386,5,960,569,182,204
33,SALAJ,70,0,SCOALA GENERALA CHECHIS,BALAN,140146,C,3,509,504,5,271,263,5,3,267,4,553,282,179,88
33,SALAJ,71,0,GRADINITA CHENDREA,BALAN,140146,C,3,699,697,2,346,339,2,5,342,4,769,423,233,109
33,SALAJ,72,0,SCOALA GENERALA GALPAIA,BALAN,140146,C,3,431,423,8,247,235,8,4,243,4,465,218,199,44
33,SALAJ,73,0,SCOALA GENERALA GALGAU-ALMASULUI,BALAN,140146,C,3,793,791,2,338,335,2,1,332,6,871,533,217,115
33,SALAJ,74,0,"PRIMARIA BANISOR,NR.29",BANISOR,140208,C,3,1050,1047,3,562,550,3,9,557,5,1152,590,315,242
33,SALAJ,75,0,"SCOALA GENERALA PECEIU,NR.137",BANISOR,140208,C,3,841,840,1,503,500,1,2,496,7,933,430,191,305
33,SALAJ,76,0,SCOALA GENERALA BENESAT,BENESAT,140244,C,3,369,369,0,200,197,0,3,195,5,405,205,131,64
33,SALAJ,77,0,SCOALA GENERALA ALUNIS,BENESAT,140244,C,3,519,517,2,365,362,2,1,363,2,570,205,244,119
33,SALAJ,78,0,SCOALA GENERALA BIUSA,BENESAT,140244,C,3,453,453,0,240,232,0,8,238,2,496,256,188,50
33,SALAJ,79,0,CAMINUL CULTURAL-SALA DE GRADINITA BOBOTA,BOBOTA,140280,C,3,1221,1221,0,614,601,0,13,608,6,1346,732,411,197
33,SALAJ,80,0,SCOALA GENERALA DERSIDA,BOBOTA,140280,C,3,1355,1355,0,714,689,0,25,705,9,1488,774,511,194
33,SALAJ,81,0,SCOALA GENERALA ZALNOC,BOBOTA,140280,C,3,491,491,0,216,212,0,4,214,2,540,324,150,64
33,SALAJ,82,0,"SCOALA GENERALA BOCSA,NR.74",BOCSA,140324,C,3,767,766,1,461,456,1,4,460,1,844,383,237,223
33,SALAJ,83,0,"SCOALA GENERALA BORLA,NR.239",BOCSA,140324,C,3,1233,1233,0,453,447,0,6,445,8,1361,908,330,115
33,SALAJ,84,0,"SCOALA GENERALA SALAJENI,NR.29",BOCSA,140324,C,3,680,668,12,361,344,12,5,358,3,734,373,231,127
33,SALAJ,85,0,PRIMARIA BUCIUMI,BUCIUMI,140379,C,3,1053,1043,10,574,560,10,4,570,4,1146,572,224,346
33,SALAJ,86,0,SCOALA GENERALA BODIA,BUCIUMI,140379,C,3,231,224,7,133,124,7,2,132,1,248,115,65,67
33,SALAJ,87,0,SCOALA GENERALA BOGDANA,BUCIUMI,140379,C,3,379,376,3,220,208,3,9,217,3,411,191,161,56
33,SALAJ,88,0,SCOALA GENERALA RASTOLT,BUCIUMI,140379,C,3,241,241,0,103,97,0,6,103,0,268,165,58,45
33,SALAJ,89,0,SCOALA GENERALA SINGEORGIU DE MESES,BUCIUMI,140379,C,3,323,323,0,197,189,0,8,194,3,355,158,101,93
33,SALAJ,90,0,"CAMINUL CULTURAL CAMAR,NR.273",CAMAR,140440,C,3,1440,1434,6,852,846,6,0,843,9,1576,724,691,152
33,SALAJ,91,0,"PRIMARIA CARASTELEC,NR.334",CARASTELEC,140477,C,3,885,885,0,543,525,0,18,540,3,975,432,506,34
33,SALAJ,92,0,"SCOALA GENERALA DUMUSLAU,NR.38",CARASTELEC,140477,C,3,84,84,0,57,49,0,8,57,0,94,37,33,24
33,SALAJ,93,0,SCOALA GENERALA CHIESD,CHIESD,140501,C,3,1547,1537,10,869,859,10,0,854,15,1694,825,652,202
33,SALAJ,94,0,"SCOALA GENERALA I-IV SIGHETU SILVANIEI, NR.183",CHIESD,140501,C,3,432,426,6,265,259,6,0,263,2,470,205,217,46
33,SALAJ,95,0,"SCOALA GENERALA ""HOREA"",CIZER",CIZER,140547,C,3,1370,1363,7,639,632,7,0,630,9,1498,859,353,277
33,SALAJ,96,0,SCOALA GENERALA PLESCA,CIZER,140547,C,3,163,163,0,113,108,0,5,112,1,179,66,39,73
33,SALAJ,97,0,SCOALA GENERALA PRIA,CIZER,140547,C,3,398,397,1,197,192,1,4,195,2,438,241,119,76
33,SALAJ,98,0,PRIMARIA COSEIU,COSEIU,140583,C,3,398,398,0,213,203,0,10,211,2,439,226,146,65
33,SALAJ,99,0,SCOALA GENERALA ARCHID,COSEIU,140583,C,3,383,382,1,185,176,1,8,182,3,421,236,155,27
33,SALAJ,100,0,SCOALA GENERALA CHILIOARA,COSEIU,140583,C,3,274,270,4,179,161,4,14,179,0,298,119,130,49
33,SALAJ,101,0,"CAMINUL CULTURAL CRASNA, NR.559",CRASNA,140627,C,3,1966,1966,0,1003,863,0,140,983,20,2174,1171,820,163
33,SALAJ,102,0,"SCOALA GENERALA NR.2 CRASNA, NR.995",CRASNA,140627,C,3,1531,1526,5,752,715,5,32,741,11,1682,930,619,122
33,SALAJ,103,0,"SCOALA GENERALA NR.1 HUSENI, NR.44",CRASNA,140627,C,3,362,362,0,216,208,0,8,213,3,402,186,165,48
33,SALAJ,104,0,"CAMINUL CULTURAL MARIN,NR.191",CRASNA,140627,C,3,805,805,0,686,680,0,6,681,5,889,203,348,333
33,SALAJ,105,0,"CAMINUL CULTURAL RATIN,NR.47",CRASNA,140627,C,3,329,329,0,231,217,0,14,225,6,363,132,201,24
33,SALAJ,106,0,SCOALA GENERALA CREACA,CREACA,140672,C,3,375,368,7,162,155,7,0,161,1,405,243,112,49
33,SALAJ,107,0,SCOALA GENERALA BORZA,CREACA,140672,C,3,156,156,0,84,75,0,9,84,0,171,87,57,27
33,SALAJ,108,0,SCOALA GENERALA BREBI,CREACA,140672,C,3,448,443,5,224,214,5,5,221,3,487,263,105,116
33,SALAJ,109,0,SCOALA GENERALA BRUSTURI,CREACA,140672,C,3,140,130,10,105,75,10,20,104,1,143,38,71,33
33,SALAJ,110,0,SCOALA GENERALA CIGLEAN,CREACA,140672,C,3,149,148,1,92,80,1,11,92,0,163,71,50,42
33,SALAJ,111,0,SCOALA GENERALA JAC,CREACA,140672,C,3,585,578,7,348,314,7,27,346,2,642,294,212,134
33,SALAJ,112,0,SCOALA GENERALA LUPOAIA,CREACA,140672,C,3,211,211,0,107,101,0,6,107,0,233,126,51,56
33,SALAJ,113,0,SCOALA GENERALA PRODANESTI,CREACA,140672,C,3,207,206,1,116,109,1,6,115,1,227,111,70,45
33,SALAJ,114,0,"CAMINUL CULTURAL CRISTOLT-SALA MICA,NR.82",CRISTOLT,140770,C,3,631,626,5,293,288,5,0,292,1,690,397,159,133
33,SALAJ,115,0,SCOALA GENERALA I-IV MUNCEL,CRISTOLT,140770,C,3,183,181,2,108,100,2,6,104,4,201,93,73,31
33,SALAJ,116,0,SCOALA GENERALA I-IV POIANA ONTII,CRISTOLT,140770,C,3,80,79,1,51,41,1,9,51,0,87,36,32,19
33,SALAJ,117,0,SCOALA GIMNAZIALA VALENI,CRISTOLT,140770,C,3,386,382,4,190,181,4,5,189,1,420,230,151,38
33,SALAJ,118,0,"CAMINUL CULTURAL CRISENI,NR.286",CRISENI,140823,C,3,1042,1039,3,606,600,3,3,604,2,1146,540,340,264
33,SALAJ,119,0,"CAMINUL CULTURAL CRISTUR-CRISENI, NR.20",CRISENI,140823,C,3,356,351,5,140,127,5,8,138,2,387,247,91,47
33,SALAJ,120,0,"SCOALA PRIMARA GARCEIU,NR.290",CRISENI,140823,C,3,580,576,4,301,288,4,9,295,6,633,332,223,72
33,SALAJ,121,0,"SCOALA GENERALA I-VIII CUZAPLAC,NR.242",CUZAPLAC,140869,C,3,501,501,0,299,290,0,9,299,0,551,252,181,118
33,SALAJ,122,0,"CAMINUL CULTURAL GALASENI,NR.50",CUZAPLAC,140869,C,3,119,119,0,88,88,0,0,87,1,140,52,59,28
33,SALAJ,123,0,"SCOALA GENERALA I-IV MIERTA,NR.97",CUZAPLAC,140869,C,3,144,143,1,100,99,1,0,98,2,157,57,74,24
33,SALAJ,124,0,"CAMINUL CULTURAL PETRINDU,NR.84",CUZAPLAC,140869,C,3,414,414,0,243,239,0,4,239,4,457,214,138,101
33,SALAJ,125,0,"CAMINUL CULTURAL RUGINOASA,NR.22",CUZAPLAC,140869,C,3,117,117,0,69,67,0,2,69,0,129,60,51,18
33,SALAJ,126,0,"SCOALA GENERALA TAMASA,NR.219",CUZAPLAC,140869,C,3,288,287,1,215,212,1,2,213,2,315,100,167,46
33,SALAJ,127,0,"CAMINUL CULTURAL DOBRIN, NR.24/A",DOBRIN,140958,C,3,391,391,0,190,188,0,2,189,1,433,243,139,50
33,SALAJ,128,0,"SCOALA GENERALA DOBA,NR.27",DOBRIN,140958,C,3,513,513,0,158,158,0,0,155,3,565,407,135,20
33,SALAJ,129,0,"SCOALA GENERALA NAIMON, NR.58",DOBRIN,140958,C,3,133,132,1,63,60,1,2,61,2,146,83,52,9
33,SALAJ,130,0,"SCOALA PRIMARA VERVEGHIU, NR.110",DOBRIN,140958,C,3,357,357,0,167,167,0,0,163,4,395,228,150,13
33,SALAJ,131,0,"PRIMARIA DRAGU,NR.120",DRAGU,141027,C,3,501,477,24,300,273,24,3,294,6,529,229,263,31
33,SALAJ,132,0,"SCOALA GENERALA ADALIN,NR.100",DRAGU,141027,C,3,157,157,0,101,83,0,18,96,5,171,70,71,25
33,SALAJ,133,0,"CAMINUL CULTURAL UGRUTIU,NR.20",DRAGU,141027,C,3,52,52,0,39,30,0,9,39,0,57,18,25,14
33,SALAJ,134,0,"SCOALA GENERALA I-IV VOIEVODENI,NR.117",DRAGU,141027,C,3,290,284,6,143,130,6,7,137,6,311,168,110,27
33,SALAJ,135,0,"PRIMARIA FILDU DE JOS,NR.30",FILDU DE JOS,141081,C,3,215,210,5,169,135,5,29,162,7,233,64,93,69
33,SALAJ,136,0,"SCOALA GENERALA FILDU DE MIJLOC,NR.31",FILDU DE JOS,141081,C,3,369,366,3,220,199,3,18,220,0,402,182,132,88
33,SALAJ,137,0,"SCOALA GENERALA I-IV, FILDU DE SUS, NR.33",FILDU DE JOS,141081,C,3,343,339,4,217,194,4,19,213,4,370,153,154,59
33,SALAJ,138,0,"SCOALA GENERALA I-IV, TETISU, NR.35",FILDU DE JOS,141081,C,3,252,250,2,160,156,2,2,160,0,275,115,119,41
33,SALAJ,139,0,SCOALA GENERALA GALGAU,GALGAU,141134,C,3,642,635,7,381,370,7,4,378,3,699,318,211,167
33,SALAJ,140,0,SCOALA PRIMARA BIRSAU MARE,GALGAU,141134,C,3,207,201,6,137,125,6,6,134,3,222,85,81,53
33,SALAJ,141,0,SCOALA PRIMARA CAPALNA,GALGAU,141134,C,3,306,305,1,179,167,1,11,176,3,337,158,110,66
33,SALAJ,142,0,SCOALA PRIMARA CHIZENI,GALGAU,141134,C,3,97,97,0,77,70,0,7,77,0,107,30,47,30
33,SALAJ,143,0,SCOALA PRIMARA DOBROCINA,GALGAU,141134,C,3,130,130,0,89,84,0,5,89,0,142,53,51,38
33,SALAJ,144,0,SCOALA GENERALA FODORA,GALGAU,141134,C,3,399,394,5,223,213,5,5,221,2,435,212,132,89
33,SALAJ,145,0,SCOALA PRIMARA GLOD,GALGAU,141134,C,3,395,395,0,237,201,0,36,233,4,435,198,104,129
33,SALAJ,146,0,"PRIMARIA GARBOU,SALA DE SEDINTE,NR.272/A",GARBOU,141232,C,3,592,589,3,290,282,3,5,286,4,650,360,187,99
33,SALAJ,147,0,"LAPTARIA BEZDED,NR.130",GARBOU,141232,C,3,182,178,4,148,113,4,31,146,2,197,49,127,19
33,SALAJ,148,0,"SCOALA PRIMARA CALACEA,NR.191",GARBOU,141232,C,3,299,298,1,192,188,1,3,190,2,330,138,150,40
33,SALAJ,149,0,"SCOALA PRIMARA CERNUC,NR.114",GARBOU,141232,C,3,196,196,0,143,117,0,26,141,2,216,73,89,52
33,SALAJ,150,0,"SCOALA PRIMARA, FABRICA, NR.29",GARBOU,141232,C,3,85,78,7,53,45,7,1,52,1,86,33,41,11
33,SALAJ,151,0,"GRADINITA POPTELEAC, NR.60",GARBOU,141232,C,3,322,321,1,142,132,1,9,140,2,354,212,84,56
33,SALAJ,152,0,"SCOALA PRIMARA SOLOMON, NR.166",GARBOU,141232,C,3,364,364,0,215,207,0,8,209,6,400,185,157,52
33,SALAJ,153,0,"CAMINUL CULTURAL HALMASD,NR.329",HALMASD,141312,C,3,938,938,0,536,497,0,39,534,2,1034,498,233,301
33,SALAJ,154,0,"SCOALA PRIMARA ALEUS,NR.49",HALMASD,141312,C,3,296,296,0,175,160,0,15,173,2,328,153,108,65
33,SALAJ,155,0,"SCOALA PRIMARA CERISA,NR.93",HALMASD,141312,C,3,420,420,0,258,234,0,24,253,5,462,204,125,128
33,SALAJ,156,0,"CAMINUL CULTURAL DRIGHIU,NR.57",HALMASD,141312,C,3,395,395,0,200,189,0,11,196,4,438,238,89,107
33,SALAJ,157,0,CAMINUL CULTURAL HERECLEAN,HERECLEAN,141376,C,3,386,386,0,188,188,0,0,187,1,428,240,108,79
33,SALAJ,158,0,CAMINUL CULTURAL BADON,HERECLEAN,141376,C,3,525,518,7,325,312,7,6,319,6,573,248,216,103
33,SALAJ,159,0,SCOALA PRIMARA BOCSITA,HERECLEAN,141376,C,3,101,97,4,69,50,4,15,69,0,107,38,53,16
33,SALAJ,160,0,PUNCT SANITAR DIOSOD,HERECLEAN,141376,C,3,838,834,4,295,283,4,8,294,1,924,629,271,23
33,SALAJ,161,0,SCOALA GENERALA GURUSLAU,HERECLEAN,141376,C,3,482,479,3,189,178,3,8,187,2,529,340,148,39
33,SALAJ,162,0,SCOALA GIMNAZIALA PANIC,HERECLEAN,141376,C,3,727,726,1,309,302,1,6,303,6,801,492,234,69
33,SALAJ,163,1,"UNITATEA DE JANDARMI-CLUBUL UNITATII,SAT PANIC",HERECLEAN,141376,C,3,0,0,0,41,0,0,41,41,0,55,14,22,19
33,SALAJ,164,0,"PRIMARIA HIDA,PIATA SFATULUI,NR.1",HIDA,141447,C,3,896,878,18,457,439,18,0,455,2,966,509,258,197
33,SALAJ,165,0,CAMINUL CULTURAL BAICA,HIDA,141447,C,3,136,135,1,85,78,1,6,85,0,150,65,63,22
33,SALAJ,166,0,CAMINUL CULTURAL MILUANI,HIDA,141447,C,3,58,58,0,43,25,0,18,39,4,64,21,30,9
33,SALAJ,167,0,SCOALA GENERALA PADURIS,HIDA,141447,C,3,31,29,2,22,17,2,3,22,0,32,10,16,6
33,SALAJ,168,0,"SCOALA GENERALA RACAS,NR.148",HIDA,141447,C,3,440,440,0,188,184,0,4,187,1,484,296,116,71
33,SALAJ,169,0,SCOALA GENERALA SANPETRU ALMASULUI,HIDA,141447,C,3,484,483,1,235,224,1,10,232,3,530,295,194,38
33,SALAJ,170,0,SCOALA GENERALA STUPINI,HIDA,141447,C,3,132,132,0,72,53,0,19,71,1,145,73,56,15
33,SALAJ,171,0,"SCOALA GENERALA TRESTIA,NR.59",HIDA,141447,C,3,297,287,10,161,149,10,2,159,2,316,155,112,47
33,SALAJ,172,0,"CAMINUL CULTURAL HOROATU CRASNEI,NR.276",HOROATU CRASNEI,141535,C,3,792,791,1,385,382,1,2,381,4,871,486,273,108
33,SALAJ,173,0,"SCOALA HUREZ, NR.143",HOROATU CRASNEI,141535,C,3,359,356,3,193,183,3,7,192,1,396,203,137,55
33,SALAJ,174,0,"CAMINUL CULTURAL STARCIU,NR.401",HOROATU CRASNEI,141535,C,3,819,819,0,387,378,0,9,381,6,903,516,239,142
33,SALAJ,175,0,"CAMINUL CULTURAL SEREDEIU,NR.197",HOROATU CRASNEI,141535,C,3,290,287,3,162,149,3,10,156,6,318,156,113,43
33,SALAJ,176,0,CAMINUL CULTURAL ILEANDA,ILEANDA,141580,C,3,993,988,5,536,511,5,20,530,6,1082,546,295,235
33,SALAJ,177,0,SCOALA GENERALA DABICENI,ILEANDA,141580,C,3,146,146,0,92,89,0,3,91,1,161,69,59,32
33,SALAJ,178,0,SCOALA GENERALA DOLHENI,ILEANDA,141580,C,3,111,111,0,64,58,0,6,63,1,123,59,37,26
33,SALAJ,179,0,SCOALA GENERALA LUMINISU,ILEANDA,141580,C,3,100,100,0,77,67,0,10,77,0,110,33,31,46
33,SALAJ,180,0,SCOALA GENERALA NEGRENI,ILEANDA,141580,C,3,110,110,0,63,56,0,7,62,1,121,58,31,31
33,SALAJ,181,0,SCOALA GENERALA PERII VADULUI,ILEANDA,141580,C,3,122,115,7,84,77,7,0,84,0,129,45,54,30
33,SALAJ,182,0,SCOALA GENERALA PODISU,ILEANDA,141580,C,3,132,132,0,92,81,0,11,92,0,152,60,66,26
33,SALAJ,183,0,SCOALA GENERALA RASTOCI,ILEANDA,141580,C,3,147,147,0,107,100,0,7,107,0,163,56,78,29
33,SALAJ,184,0,SCOALA GENERALA ROGNA,ILEANDA,141580,C,3,103,103,0,56,45,0,11,56,0,116,60,27,29
33,SALAJ,185,0,SCOALA GENERALA SASA,ILEANDA,141580,C,3,71,71,0,49,39,0,10,49,0,78,29,35,14
33,SALAJ,186,0,CAMINUL CULTURAL IP,IP,141722,C,3,1465,1458,7,599,590,7,2,591,8,1606,1007,268,323
33,SALAJ,187,0,SCOALA GENERALA I-VIII COSNICIU DE JOS,IP,141722,C,3,551,538,13,349,331,13,5,346,3,595,246,184,162
33,SALAJ,188,0,SCOALA PRIMARA COSNICIU DE SUS,IP,141722,C,3,315,313,2,198,188,2,8,196,2,344,146,82,114
33,SALAJ,189,0,CAMINUL CULTURAL ZAUAN,IP,141722,C,3,836,835,1,368,361,1,6,361,7,919,551,248,113
33,SALAJ,190,0,PRIMARIA LETCA,LETCA,141786,C,3,530,528,2,290,286,2,2,290,0,581,291,164,126
33,SALAJ,191,0,SCOALA PRIMARA CIULA,LETCA,141786,C,3,124,124,0,102,71,0,31,101,1,136,34,67,34
33,SALAJ,192,0,SCOALA PRIMARA COZLA,LETCA,141786,C,3,265,265,0,145,137,0,8,142,3,292,147,75,67
33,SALAJ,193,0,SCOALA PRIMARA CUCIULAT,LETCA,141786,C,3,193,192,1,131,120,1,10,129,2,211,80,76,53
33,SALAJ,194,0,SCOALA PRIMARA LEMNIU,LETCA,141786,C,3,376,376,0,238,238,0,0,234,4,413,175,139,95
33,SALAJ,195,0,SCOALA PRIMARA PURCARET,LETCA,141786,C,3,120,120,0,83,79,0,4,80,3,131,48,39,41
33,SALAJ,196,0,SCOALA SOIMUSENI,LETCA,141786,C,3,89,89,0,78,68,0,10,78,0,98,20,44,34
33,SALAJ,197,0,SCOALA GENERALA I-IV TOPLITA,LETCA,141786,C,3,124,124,0,96,89,0,7,96,0,138,42,68,28
33,SALAJ,198,0,SCOALA VALISOARA,LETCA,141786,C,3,46,46,0,33,24,0,9,32,1,51,18,22,10
33,SALAJ,199,0,"PRIMARIA LOZNA, LOZNA, NR.108",LOZNA,141884,C,3,576,572,4,341,331,4,6,341,0,629,288,216,125
33,SALAJ,200,0,"SCOALA GENERALA  I-IV CORMENIS,NR.129",LOZNA,141884,C,3,162,158,4,133,120,4,9,133,0,176,43,97,36
33,SALAJ,201,0,"SCOALA GENERALA I-IV VALEA LOZNEI, NR.35",LOZNA,141884,C,3,205,202,3,97,90,3,4,96,1,223,126,64,32
33,SALAJ,202,0,"PRIMARIA MARCA, NR.138",MARCA,141946,C,3,1461,1455,6,740,732,6,2,735,5,1608,868,282,453
33,SALAJ,203,0,"SCOALA GENERALA LESMIR, NR.130",MARCA,141946,C,3,380,380,0,177,175,0,2,174,3,419,242,117,57
33,SALAJ,204,0,"CAMINUL CULTURAL SUMAL, NR.237",MARCA,141946,C,3,482,480,2,267,259,2,6,267,0,528,261,58,209
33,SALAJ,205,0,"SCOALA GENERALA MAERISTE,NR.196",MAERISTE,142006,C,3,705,701,4,391,384,4,3,389,2,771,380,213,176
33,SALAJ,206,0,"SCOALA GENERALA CRISTELEC,NR.119",MAERISTE,142006,C,3,500,492,8,286,276,8,2,284,2,540,254,163,121
33,SALAJ,207,0,"SCOALA GENERALA DOH,NR.60",MAERISTE,142006,C,3,220,220,0,117,110,0,7,116,1,246,129,82,34
33,SALAJ,208,0,"SCOALA GENERALA GIURTELECU SIMLEULUI,NR.320",MAERISTE,142006,C,3,830,825,5,379,374,5,0,369,10,910,531,174,195
33,SALAJ,209,0,"SCOALA GENERALA MALADIA,NR.128",MAERISTE,142006,C,3,202,201,1,84,79,1,4,83,1,222,138,44,39
33,SALAJ,210,0,"SCOALA GENERALA UILEACU SIMLEULUI,NR.60",MAERISTE,142006,C,3,390,390,0,174,171,0,3,172,2,429,255,113,59
33,SALAJ,211,0,"PRIMARIA MESESENII DE JOS,NR.41",MESESENII DE JOS,142079,C,3,547,547,0,369,329,0,40,365,4,607,238,316,49
33,SALAJ,212,0,"GRADINITA AGHIRES,NR.57",MESESENII DE JOS,142079,C,3,1013,1007,6,476,462,6,8,472,4,1112,636,282,190
33,SALAJ,213,0,"SCOALA GENERALA FETINDIA,NR.47",MESESENII DE JOS,142079,C,3,108,108,0,64,54,0,10,61,3,119,55,51,10
33,SALAJ,214,0,"SCOALA GENERALA MESESENII DE SUS,NR.211",MESESENII DE JOS,142079,C,3,713,694,19,402,381,19,2,400,2,768,366,300,100
33,SALAJ,215,0,BIBLIOTECA COMUNALA MIRSID-SALA DE SEDINTE,MIRSID,142122,C,3,501,501,0,248,232,0,16,243,5,553,305,140,103
33,SALAJ,216,0,"SCOALA PRIMARA FIRMINIS,NR.44",MIRSID,142122,C,3,188,187,1,105,100,1,4,105,0,206,101,71,34
33,SALAJ,217,0,"SCOALA PRIMARA MOIGRAD-POROLISSUM,NR.97",MIRSID,142122,C,3,421,420,1,190,187,1,2,186,4,459,269,114,72
33,SALAJ,218,0,"CAMINUL CULTURAL POPENI,NR.152/B",MIRSID,142122,C,3,689,688,1,318,313,1,4,314,4,755,437,228,86
33,SALAJ,219,0,SCOALA GENERALA NAPRADEA,NAPRADEA,142177,C,3,729,727,2,384,379,2,3,382,2,800,416,291,91
33,SALAJ,220,0,SCOALA GENERALA CHEUD,NAPRADEA,142177,C,3,654,654,0,362,350,0,12,357,5,720,358,226,131
33,SALAJ,221,0,SCOALA GENERALA SOMES GURUSLAU,NAPRADEA,142177,C,3,392,389,3,241,238,3,0,236,5,428,187,143,93
33,SALAJ,222,0,SCOALA GENERALA TRANIS,NAPRADEA,142177,C,3,314,310,4,169,165,4,0,165,4,340,171,100,65
33,SALAJ,223,0,SCOALA GENERALA VADURELE,NAPRADEA,142177,C,3,206,206,0,123,123,0,0,121,2,227,104,89,32
33,SALAJ,224,0,"PRIMARIA NUSFALAU,SALA DE SEDINTE",NUSFALAU,142239,C,3,1426,1426,0,672,639,0,33,669,3,1571,899,526,143
33,SALAJ,225,0,CAMIN CULTURAL NUSFALAU,NUSFALAU,142239,C,3,1156,1154,2,555,539,2,14,544,11,1269,714,415,129
33,SALAJ,226,0,SCOALA PRIMARA BILGHEZ,NUSFALAU,142239,C,3,376,373,3,348,338,3,7,348,0,409,61,302,46
33,SALAJ,227,0,CAMINUL CULTURAL BOGHIS,NUSFALAU,142239,C,3,1203,1175,28,606,571,28,7,594,12,1294,688,482,112
33,SALAJ,228,1,CAMIN DE BATRANI BOGHIS,NUSFALAU,142239,C,3,0,0,0,55,0,0,55,53,2,55,0,32,21
33,SALAJ,229,0,CAMIN CULTURAL BOZIES,NUSFALAU,142239,C,3,254,254,0,144,130,0,14,141,3,277,133,108,33
33,SALAJ,230,0,"PRIMARIA PERICEI,NR.239",PERICEI,142284,C,3,2288,2281,7,1094,1081,7,6,1071,23,2515,1421,873,198
33,SALAJ,231,0,"SCOALA GENERALA BADACIN,NR.54",PERICEI,142284,C,3,595,587,8,320,308,8,4,316,4,648,328,149,167
33,SALAJ,232,0,"SCOALA GENERALA SICI,NR.80",PERICEI,142284,C,3,235,221,14,142,124,14,4,142,0,245,103,77,65
33,SALAJ,233,0,"SCOALA GENERALA I-VIII PLOPIS,NR.132",PLOPIS,142337,C,3,897,896,1,400,395,1,4,388,12,986,586,204,184
33,SALAJ,234,0,"SCOALA GENERALA I-VIII FAGETU,NR.128",PLOPIS,142337,C,3,534,534,0,235,228,0,7,233,2,587,352,169,64
33,SALAJ,235,0,"SCOALA GENERALA I-VIII IAZ,NR.147",PLOPIS,142337,C,3,651,646,5,219,214,5,0,217,2,713,494,128,89
33,SALAJ,236,0,"SCOALA GIMNAZIALA POIANA BLENCHII,NR.160",POIANA BLENCHII,142373,C,3,666,666,0,350,343,0,7,349,1,735,385,217,132
33,SALAJ,237,0,"SCOALA GENERALA I-IV GOSTILA,NR.175",POIANA BLENCHII,142373,C,3,399,399,0,219,214,0,5,218,1,441,222,141,77
33,SALAJ,238,0,"SCOALA GENERALA ROMANASI,NR.50",ROMANASI,142426,C,3,735,725,10,374,358,10,6,369,5,802,428,170,199
33,SALAJ,239,0,"SCOALA PRIMARA CHICHISA,NR.104",ROMANASI,142426,C,3,219,217,2,122,116,2,4,119,3,240,118,68,51
33,SALAJ,240,0,"SCOALA PRIMARA CIUMARNA,NR.173",ROMANASI,142426,C,3,405,403,2,250,245,2,3,247,3,443,193,169,78
33,SALAJ,241,0,"SCOAL PRIMARA PAUSA,NR.105",ROMANASI,142426,C,3,381,380,1,194,188,1,5,192,2,418,224,111,81
33,SALAJ,242,0,"SCOALA PRIMARA POARTA SALAJULUI,NR.112",ROMANASI,142426,C,3,339,338,1,198,189,1,8,196,2,372,174,110,86
33,SALAJ,243,0,"SCOALA PRIMARA ROMITA,NR.30",ROMANASI,142426,C,3,215,212,3,123,105,3,15,122,1,235,112,83,39
33,SALAJ,244,0,"SCOALA GENERALA RUS,NR.333",RUS,142499,C,3,777,775,2,362,359,2,1,354,8,854,492,233,121
33,SALAJ,245,0,"SCOALA PRIMARA I-IV FANTANELE RUS,NR.29",RUS,142499,C,3,194,192,2,129,121,2,6,127,2,210,81,81,46
33,SALAJ,246,0,"SCOALA GENERALA SALATIG,NR.55",SALATIG,142550,C,3,414,414,0,214,203,0,11,212,2,459,245,146,66
33,SALAJ,247,0,"SCOALA GENERALA BULGARI,NR.102",SALATIG,142550,C,3,195,195,0,115,110,0,5,114,1,217,102,71,43
33,SALAJ,248,0,"SCOALA GENERALA DEJA,NR.138",SALATIG,142550,C,3,1006,1006,0,547,539,0,8,542,5,1108,561,502,40
33,SALAJ,249,0,"SCOALA GENERALA MINEU,NR.107",SALATIG,142550,C,3,315,315,0,138,134,0,4,136,2,347,209,88,48
33,SALAJ,250,0,"SCOALA GENERALA NOTIG,NR.240",SALATIG,142550,C,3,505,505,0,290,284,0,6,289,1,558,268,217,72
33,SALAJ,251,0,"PRIMARIA SAG,NR.1",SAG,142612,C,3,601,601,0,303,303,0,0,297,6,669,366,172,125
33,SALAJ,252,0,"CAMIN CULTURAL FIZES, NR.136",SAG,142612,C,3,362,362,0,243,241,0,2,239,4,399,156,145,94
33,SALAJ,253,0,"CAMIN CULTURAL MAL, NR.93",SAG,142612,C,3,590,590,0,261,253,0,8,257,4,650,389,127,130
33,SALAJ,254,0,"SCOALA GENERALA SARBI,NR.24",SAG,142612,C,3,277,275,2,169,161,2,6,167,2,305,136,126,41
33,SALAJ,255,0,"TABARA ""IZVOARELE BARCAULUI"" TUSA,NR.120",SAG,142612,C,3,899,899,0,549,540,0,9,542,7,990,441,435,107
33,SALAJ,256,0,PRIMARIA-SALA DE SEDINTE SANMIHAIU ALMASULUI NR.93,SANMIHAIU ALMASULUI,142676,C,3,945,939,6,414,401,6,7,409,5,1041,627,237,172
33,SALAJ,257,0,SCOALA GENERALA SANTA MARIA NR.73,SANMIHAIU ALMASULUI,142676,C,3,458,453,5,241,217,5,19,239,2,501,260,123,116
33,SALAJ,258,0,CAMINUL CULTURAL SOMES-ODORHEI,SOMES-ODORHEI,142710,C,3,1050,1035,15,680,664,15,1,669,11,1146,466,446,223
33,SALAJ,259,0,SCOALA GENERALA BARSA,SOMES-ODORHEI,142710,C,3,124,123,1,90,89,1,0,89,1,138,48,78,11
33,SALAJ,260,0,SCOALA GENERALA DOMNIN,SOMES-ODORHEI,142710,C,3,298,288,10,288,278,10,0,286,2,317,29,235,51
33,SALAJ,261,0,CAMINUL CULTURAL INAU,SOMES-ODORHEI,142710,C,3,528,519,9,440,416,9,15,435,5,571,131,327,108
33,SALAJ,262,0,CAMINUL CULTURAL SOIMUS,SOMES-ODORHEI,142710,C,3,277,271,6,235,229,6,0,233,2,299,64,177,56
33,SALAJ,263,0,"CAMINUL CULTURAL SURDUC,NR.118",SURDUC,142774,C,3,1058,1057,1,523,521,1,1,519,4,1166,643,355,164
33,SALAJ,264,0,"SCOALA GENERALA BRIGLEZ,NR.90",SURDUC,142774,C,3,277,276,1,158,149,1,8,157,1,308,150,114,43
33,SALAJ,265,0,"SCOALA GENERALA CRISTOLTEL,NR.55",SURDUC,142774,C,3,385,383,2,207,200,2,5,205,2,423,216,144,61
33,SALAJ,266,0,"SCOALA GENERALA SOLONA,NR.61",SURDUC,142774,C,3,336,336,0,230,224,0,6,227,3,371,141,191,36
33,SALAJ,267,0,"SCOALA GENERALA TIHAU,NR.58",SURDUC,142774,C,3,888,886,2,522,514,2,6,517,5,973,451,265,252
33,SALAJ,268,0,"SCOALA GENERALA TURBUTA,NR.40",SURDUC,142774,C,3,297,295,2,113,107,2,4,111,2,325,212,93,18
33,SALAJ,269,0,"PRIMARIA SAMSUD,NR.38",SAMSUD,142854,C,3,896,895,1,421,418,1,2,416,5,985,564,385,31
33,SALAJ,270,0,"CAMINUL CULTURAL VALEA POMILOR, NR.177",SAMSUD,142854,C,3,429,422,7,215,204,7,4,212,3,464,249,180,32
33,SALAJ,271,0,"CASA SATULUI STRADA TEILOR SARMASAG, NR.71/A",SARMASAG,142881,C,3,1066,1066,0,381,367,0,14,377,4,1176,795,343,34
33,SALAJ,272,0,"GRUPUL SCOLAR INDUSTRIAL SARMASAG,STR.PRIMAVERII, NR.15",SARMASAG,142881,C,3,1180,1176,4,420,396,4,20,414,6,1298,878,374,40
33,SALAJ,273,0,"SCOALA GENERALA NR.2 SARMASAG,STR. MINERILOR, NR.9/A",SARMASAG,142881,C,3,1480,1466,14,453,428,14,11,449,4,1610,1157,304,145
33,SALAJ,274,0,"SCOALA GENERALA ILISUA, NR.54",SARMASAG,142881,C,3,601,600,1,216,215,1,0,207,9,662,446,173,34
33,SALAJ,275,0,"SCOALA GENERALA LOMPIRT, NR.49",SARMASAG,142881,C,3,653,653,0,235,233,0,2,228,7,719,484,202,26
33,SALAJ,276,0,"SCOALA GENERALA MOIAD, NR.56/A",SARMASAG,142881,C,3,173,173,0,132,127,0,5,131,1,191,59,89,42
33,SALAJ,277,0,"SCOALA GENERALA SIMISNA, NR.67",SIMISNA,179695,C,3,820,820,0,379,371,0,8,370,9,901,522,246,124
33,SALAJ,278,0,"SCOALA PRIMARA HASMAS,NR.52",SIMISNA,179695,C,3,358,350,8,242,231,8,3,233,9,386,144,176,57
33,SALAJ,279,0,SCOALA GENERALA TREZNEA,TREZNEA,179631,C,3,536,532,4,336,321,4,11,335,1,589,253,189,146
33,SALAJ,280,0,"SCOALA GENERALA BOZNA, NR.92",TREZNEA,179631,C,3,230,229,1,169,159,1,9,169,0,252,83,90,79
33,SALAJ,281,0,"CAMINUL CULTURAL VALCAU DE JOS,NR.259",VALCAU DE JOS,142952,C,3,774,774,0,413,401,0,12,409,4,853,440,150,259
33,SALAJ,282,0,"SCOALA LAZURI, NR.41",VALCAU DE JOS,142952,C,3,242,242,0,142,132,0,10,141,1,266,124,71,70
33,SALAJ,283,0,"SCOALA PREOTEASA, NR.66",VALCAU DE JOS,142952,C,3,540,540,0,277,273,0,4,273,4,595,318,138,135
33,SALAJ,284,0,"SCOALA VALCAU DE SUS,NR.192",VALCAU DE JOS,142952,C,3,1012,995,17,580,548,17,15,579,1,1097,517,297,282
33,SALAJ,285,0,"PRIMARIA VARSOLT,NR.168",VARSOLT,143021,C,3,1378,1378,0,657,657,0,0,647,10,1515,858,560,87
33,SALAJ,286,0,"SCOALA GENERALA RECEA, NR.224",VARSOLT,143021,C,3,619,618,1,288,287,1,0,282,6,684,396,168,114
33,SALAJ,287,0,"PRIMARIA ZALHA, NR.94",ZALHA,143067,C,3,310,310,0,154,152,0,2,152,2,342,188,99,53
33,SALAJ,288,0,"SCOALA PRIMARA CEACA,NR.83",ZALHA,143067,C,3,257,257,0,154,150,0,4,154,0,284,130,88,66
33,SALAJ,289,0,"SCOALA GENERALA I-IV CIURENI, NR.49",ZALHA,143067,C,3,128,128,0,76,70,0,6,76,0,142,66,59,17
33,SALAJ,290,0,"SCOALA GENERALA I-IV VALEA HRANEI, NR.68",ZALHA,143067,C,3,105,105,0,67,59,0,8,64,3,116,49,47,17
33,SALAJ,291,0,"SCOALA GENERALA I-IV VALEA LUNGA, NR.20",ZALHA,143067,C,3,144,144,0,86,79,0,7,82,4,160,74,58,24
33,SALAJ,292,0,"PRIMARIA ZIMBOR,NR.116",ZIMBOR,143147,C,3,579,576,3,339,321,3,15,338,1,637,298,219,119
33,SALAJ,293,0,"SCOALA PRIMARA DOLU,NR.87",ZIMBOR,143147,C,3,87,85,2,67,57,2,8,67,0,95,28,41,26
33,SALAJ,294,0,"SCOALA PRIMARA SANCRAIU ALMASULUI, NR.59",ZIMBOR,143147,C,3,184,182,2,123,110,2,11,122,1,200,77,65,57
33,SALAJ,295,0,"SCOALA PRIMARA SUTORU, NR.50",ZIMBOR,143147,C,3,118,117,1,82,71,1,10,81,1,129,47,45,36
34,SIBIU,1,0,PIATA IANCU DE HUNEDOARA NR.3,MUNICIPIUL SIBIU,143450,M,1,1673,1647,26,804,772,26,6,798,6,1800,996,192,606
34,SIBIU,2,0,STR. E.A.BIELTZ NR.60,MUNICIPIUL SIBIU,143450,M,1,1519,1498,21,734,713,21,0,733,1,1700,966,206,527
34,SIBIU,3,0,STR.E.A.BIELTZ NR.60,MUNICIPIUL SIBIU,143450,M,1,1444,1420,24,805,769,24,12,803,2,1600,795,152,651
34,SIBIU,4,0,STR.E.A.BIELTZ NR.60,MUNICIPIUL SIBIU,143450,M,1,1942,1915,27,997,970,27,0,990,7,2100,1103,252,738
34,SIBIU,5,0,PIATA CLUJ NR.3,MUNICIPIUL SIBIU,143450,M,1,1289,1274,15,745,723,15,7,742,3,1400,655,157,585
34,SIBIU,6,0,PIATA CLUJ NR.3,MUNICIPIUL SIBIU,143450,M,1,1340,1325,15,841,824,15,2,835,6,1500,659,221,614
34,SIBIU,7,0,STR.PARIS NR.1,MUNICIPIUL SIBIU,143450,M,1,1382,1368,14,848,834,14,0,840,8,1500,652,212,628
34,SIBIU,8,0,STR.PEDAGOGILOR NR.7,MUNICIPIUL SIBIU,143450,M,1,1743,1721,22,1058,797,22,239,1051,7,2000,941,247,804
34,SIBIU,9,0,STR.LUNGA NR.60,MUNICIPIUL SIBIU,143450,M,1,1282,1264,18,770,750,18,2,765,5,1400,630,194,571
34,SIBIU,10,0,STR.LUNGA NR.60,MUNICIPIUL SIBIU,143450,M,1,2063,2032,31,1131,1100,31,0,1125,6,2200,1069,279,846
34,SIBIU,11,0,TIGLARI SC.GEN.NR.23,MUNICIPIUL SIBIU,143450,M,1,1796,1780,16,1057,1034,16,7,1052,5,2000,943,230,822
34,SIBIU,12,0,TIGLARI SC.GEN.NR.23,MUNICIPIUL SIBIU,143450,M,1,1776,1753,23,836,812,23,1,824,12,1900,1064,243,581
34,SIBIU,13,0,STR.GLADIOLELOR NR.2,MUNICIPIUL SIBIU,143450,M,1,1856,1711,145,1030,876,145,9,1026,4,1900,870,248,778
34,SIBIU,14,0,STR.POSTAVARILOR NR.18,MUNICIPIUL SIBIU,143450,M,1,2061,2014,47,1214,1165,47,2,1211,1,2200,988,274,937
34,SIBIU,15,0,STR.LUNGA NR.65,MUNICIPIUL SIBIU,143450,M,1,1870,1815,55,1094,1039,55,0,1092,2,2000,906,249,843
34,SIBIU,16,0,STR.LUNGA NR.65,MUNICIPIUL SIBIU,143450,M,1,1867,1854,13,1094,1077,13,4,1091,3,2000,906,229,862
34,SIBIU,17,0,STR.SMARDAN NR.5,MUNICIPIUL SIBIU,143450,M,1,1223,1182,41,548,507,41,0,543,5,1300,752,131,412
34,SIBIU,18,0,STR.SMARDAN NR.5,MUNICIPIUL SIBIU,143450,M,1,1101,1086,15,510,489,15,6,507,3,1200,690,140,367
34,SIBIU,19,0,STR.MACARALEI NR.20,MUNICIPIUL SIBIU,143450,M,1,1300,1282,18,746,728,18,0,744,2,1400,654,163,581
34,SIBIU,20,0,STR.MACARALEI NR.20,MUNICIPIUL SIBIU,143450,M,1,1466,1447,19,919,882,19,18,918,1,1600,681,257,661
34,SIBIU,21,0,STR.HENRI COANDA NR.51,MUNICIPIUL SIBIU,143450,M,1,1869,1827,42,1087,1022,42,23,1084,3,2000,913,261,823
34,SIBIU,22,0,STR.HENRI COANDA NR.51,MUNICIPIUL SIBIU,143450,M,1,1889,1871,18,1041,997,18,26,1033,8,2100,1059,201,832
34,SIBIU,23,0,STR.LUPENI NR.50,MUNICIPIUL SIBIU,143450,M,1,1777,1753,24,1049,1025,24,0,1045,4,1900,851,258,787
34,SIBIU,24,0,STR.LUPENI NR.50,MUNICIPIUL SIBIU,143450,M,1,1577,1556,21,926,896,21,9,926,0,1700,774,238,688
34,SIBIU,25,0,STR.JOHANN SEBASTIAN BACH NR.1-3,MUNICIPIUL SIBIU,143450,M,1,1554,1537,17,977,941,17,19,973,4,1700,723,198,775
34,SIBIU,26,0,STR.LIVIU REBREANU  GRADINITA NR.17,MUNICIPIUL SIBIU,143450,M,1,1582,1552,30,856,818,30,8,838,18,1700,844,196,642
34,SIBIU,27,0,STR.NICOLAE TECLU NR.41,MUNICIPIUL SIBIU,143450,M,1,1809,1791,18,991,947,18,26,986,5,2000,1009,224,762
34,SIBIU,28,0,STR.CONSTITUTIEI NR.2-4,MUNICIPIUL SIBIU,143450,M,1,1987,1968,19,1228,1200,19,9,1223,5,2200,972,271,952
34,SIBIU,29,0,STR. AVRAM IANCU NR.13,MUNICIPIUL SIBIU,143450,M,1,1058,1044,14,587,572,14,1,580,7,1200,613,148,432
34,SIBIU,30,0,STR.GHEORGHE LAZAR NR.1,MUNICIPIUL SIBIU,143450,M,1,1601,1586,15,931,905,15,11,927,4,1700,769,296,631
34,SIBIU,31,0,STR. AVRAM IANCU NR.10,MUNICIPIUL SIBIU,143450,M,1,1028,1014,14,564,542,14,8,562,2,1100,536,150,412
34,SIBIU,32,0,STR.OCNEI NR.31,MUNICIPIUL SIBIU,143450,M,1,1771,1734,37,962,857,37,68,950,12,2000,1038,272,678
34,SIBIU,33,0,STR.ALEXANDRU ODOBESCU NR.2,MUNICIPIUL SIBIU,143450,M,1,1646,1627,19,842,820,19,3,838,4,1800,958,233,605
34,SIBIU,34,0,STR.MITROPOLIEI NR.31,MUNICIPIUL SIBIU,143450,M,1,1265,1253,12,711,689,12,10,708,3,1400,689,189,519
34,SIBIU,35,0,STR.BASTIONULUI NR.7,MUNICIPIUL SIBIU,143450,M,1,1325,1311,14,769,708,14,47,762,7,1500,731,198,564
34,SIBIU,36,0,STR.ZAHARIA BOIU NR.1,MUNICIPIUL SIBIU,143450,M,1,1502,1485,17,972,928,17,27,958,14,1700,728,283,675
34,SIBIU,37,0,STR.ZAHARIA BOIU NR.1,MUNICIPIUL SIBIU,143450,M,1,1846,1827,19,1165,1134,19,12,1161,4,2000,835,330,831
34,SIBIU,38,0,STR.BANATULUI NR.2,MUNICIPIUL SIBIU,143450,M,1,1385,1355,30,831,775,30,26,824,7,1500,669,262,562
34,SIBIU,39,0,STR.TURISMULUI NR.15,MUNICIPIUL SIBIU,143450,M,1,1419,1394,25,948,857,25,66,941,7,1500,552,235,706
34,SIBIU,40,0,STR.BIHORULUI NR.3,MUNICIPIUL SIBIU,143450,M,1,1868,1843,25,1123,1093,25,5,1121,2,2000,877,273,848
34,SIBIU,41,0,STR.HATEGULUI NR.8,MUNICIPIUL SIBIU,143450,M,1,1646,1627,19,1025,1000,19,6,1022,3,1800,775,221,801
34,SIBIU,42,0,STR.HATEGULUI NR.8,MUNICIPIUL SIBIU,143450,M,1,1989,1974,15,1294,1271,15,8,1289,5,2200,906,265,1024
34,SIBIU,43,0,STR.HATEGULUI NR.21,MUNICIPIUL SIBIU,143450,M,1,1919,1893,26,1177,1145,26,6,1170,7,2100,923,259,911
34,SIBIU,44,0,STR.HOCHMEISTER NR.11,MUNICIPIUL SIBIU,143450,M,1,1996,1949,47,1334,1179,47,108,1333,1,2300,966,339,994
34,SIBIU,45,0,CALEA POPLACII NR.11,MUNICIPIUL SIBIU,143450,M,1,1796,1779,17,1099,1075,17,7,1092,5,2000,903,244,848
34,SIBIU,46,0,CALEA POPLACII NR.11,MUNICIPIUL SIBIU,143450,M,1,1730,1711,19,1005,979,19,7,995,10,1900,895,206,789
34,SIBIU,47,0,STR.SIBIEL NR.6,MUNICIPIUL SIBIU,143450,M,1,1654,1643,11,938,926,11,1,934,2,1800,862,216,718
34,SIBIU,48,0,STR.SIBIEL NR.6,MUNICIPIUL SIBIU,143450,M,1,1639,1634,5,927,909,5,13,921,6,1800,873,159,762
34,SIBIU,49,0,STR.SIBIEL NR.6,MUNICIPIUL SIBIU,143450,M,1,1797,1779,18,1052,1033,18,1,1050,2,2000,944,231,819
34,SIBIU,50,0,STR.VASILE ALECSANDRI NR.10,MUNICIPIUL SIBIU,143450,M,1,1273,1253,20,877,851,20,6,871,3,1400,526,217,654
34,SIBIU,51,0,STR.VASILE ALECSANDRI NR.10,MUNICIPIUL SIBIU,143450,M,1,1092,1080,12,648,623,12,13,645,3,1200,552,140,505
34,SIBIU,52,0,STR.MIHAIL SEBASTIAN NR.1,MUNICIPIUL SIBIU,143450,M,1,1294,1278,16,891,860,16,15,887,4,1400,509,199,688
34,SIBIU,53,0,STR.EMIL CIORAN NR.4,MUNICIPIUL SIBIU,143450,M,1,1444,1428,16,910,881,16,13,901,9,1600,690,312,589
34,SIBIU,54,0,STR.OITUZ NR.27,MUNICIPIUL SIBIU,143450,M,1,1497,1475,22,909,873,22,14,906,3,1600,691,256,650
34,SIBIU,55,0,STR.OITUZ NR.31,MUNICIPIUL SIBIU,143450,M,1,1264,1254,10,841,791,10,40,837,4,1400,559,223,614
34,SIBIU,56,0,STR.OITUZ NR.31,MUNICIPIUL SIBIU,143450,M,1,1542,1526,16,933,900,16,17,928,5,1700,767,275,653
34,SIBIU,57,0,STR.INDEPENDENTEI NR.1,MUNICIPIUL SIBIU,143450,M,1,1246,1231,15,717,697,15,5,715,2,1400,683,168,547
34,SIBIU,58,0,STR.INDEPENDENTEI NR.1,MUNICIPIUL SIBIU,143450,M,1,889,875,14,549,532,14,3,545,4,1000,451,157,388
34,SIBIU,59,0,STR.SPARTACUS NR.47,MUNICIPIUL SIBIU,143450,M,1,1701,1678,23,1051,1028,23,0,1044,7,1900,849,231,813
34,SIBIU,60,0,STR.SPARTACUS NR.47,MUNICIPIUL SIBIU,143450,M,1,1820,1801,19,1147,1119,19,9,1142,5,2000,853,298,844
34,SIBIU,61,0,STR.VASILE AARON NR.26,MUNICIPIUL SIBIU,143450,M,1,1282,1264,18,829,803,18,8,826,3,1397,568,194,632
34,SIBIU,62,0,STR.VASILE AARON NR.18,MUNICIPIUL SIBIU,143450,M,1,1909,1893,16,1020,995,16,9,1016,4,2100,1080,243,773
34,SIBIU,63,0,STR.VASILE AARON NR.18,MUNICIPIUL SIBIU,143450,M,1,1971,1952,19,1099,1077,19,3,1095,4,2200,1101,228,867
34,SIBIU,64,1,STR.VASILE AARON NR.18 - CAMINE STUDENTESTI,MUNICIPIUL SIBIU,143450,M,1,9,0,9,307,0,9,298,307,0,1000,693,65,242
34,SIBIU,65,0,STR.SUREANU NR.1,MUNICIPIUL SIBIU,143450,M,1,1324,1303,21,601,580,21,0,601,0,1400,799,152,449
34,SIBIU,66,0,STR.SUREANU NR.1,MUNICIPIUL SIBIU,143450,M,1,1156,1130,26,633,604,26,3,632,1,1200,567,130,502
34,SIBIU,67,0,STR.SUREANU NR.1,MUNICIPIUL SIBIU,143450,M,1,1756,1742,14,1044,1030,14,0,1037,7,1900,856,269,768
34,SIBIU,68,0,STR.SUREANU NR.1,MUNICIPIUL SIBIU,143450,M,1,2003,1986,17,1139,1119,17,3,1136,3,2200,1061,254,882
34,SIBIU,69,0,STR.SUREANU NR.1,MUNICIPIUL SIBIU,143450,M,1,1933,1905,28,993,959,28,6,983,10,2100,1107,188,795
34,SIBIU,70,0,STR.NEGOVEANU NR.9,MUNICIPIUL SIBIU,143450,M,1,1835,1817,18,1056,1029,18,9,1051,5,2000,944,225,826
34,SIBIU,71,0,STR.SOIMULUI NR.13,MUNICIPIUL SIBIU,143450,M,1,1965,1938,27,1072,1035,27,10,1070,2,2100,1028,302,768
34,SIBIU,72,0,STR.SOIMULUI NR.13,MUNICIPIUL SIBIU,143450,M,1,1824,1803,21,956,930,21,5,948,5,2000,1047,183,765
34,SIBIU,73,0,STR.ARTILERISTILOR NR.4,MUNICIPIUL SIBIU,143450,M,1,1832,1806,26,1071,1030,26,15,1065,6,2000,929,305,760
34,SIBIU,74,0,STR.LUPTEI NR.27,MUNICIPIUL SIBIU,143450,M,1,1611,1587,24,952,922,24,6,946,6,1800,848,273,673
34,SIBIU,75,0,STR.LUPTEI NR.27,MUNICIPIUL SIBIU,143450,M,1,1579,1552,27,947,908,27,12,945,2,1700,753,314,631
34,SIBIU,76,0,STR.LUPTEI NR.27,MUNICIPIUL SIBIU,143450,M,1,1250,1230,20,761,735,20,6,760,1,1400,639,180,580
34,SIBIU,77,0,STR.NICOLAE IORGA NR.56,MUNICIPIUL SIBIU,143450,M,1,1840,1819,21,1064,1028,21,15,1060,4,2000,936,302,758
34,SIBIU,78,0,STR.NICOLAE IORGA NR.56,MUNICIPIUL SIBIU,143450,M,1,1830,1807,23,1008,972,23,13,1003,5,2000,990,217,786
34,SIBIU,79,0,STR.OSTIRII NR.5,MUNICIPIUL SIBIU,143450,M,1,1596,1580,16,925,903,16,6,916,9,1700,775,221,695
34,SIBIU,80,0,STR.OSTIRII NR.5,MUNICIPIUL SIBIU,143450,M,1,1729,1714,15,991,965,15,11,988,3,1896,905,229,759
34,SIBIU,81,0,STR.OSTIRII NR.5,MUNICIPIUL SIBIU,143450,M,1,1639,1617,22,934,906,22,6,931,3,1800,866,213,718
34,SIBIU,82,0,ALEEA HAIDUCULUI NR.8,MUNICIPIUL SIBIU,143450,M,1,1560,1542,18,903,861,18,24,897,6,1700,797,220,677
34,SIBIU,83,0,ALEEA TURNU ROSU NR.2,MUNICIPIUL SIBIU,143450,M,1,1257,1241,16,772,747,16,9,766,6,1500,728,233,533
34,SIBIU,84,0,ALEEA TURNU ROSU NR.2,MUNICIPIUL SIBIU,143450,M,1,1938,1911,27,1160,1131,27,2,1156,4,2100,940,319,837
34,SIBIU,85,0,STR.NICOLAE IORGA NR.62,MUNICIPIUL SIBIU,143450,M,1,1961,1941,20,1186,1154,20,12,1176,10,2100,914,354,822
34,SIBIU,86,0,ALEEA STREIU NR.8,MUNICIPIUL SIBIU,143450,M,1,1638,1614,24,845,820,24,1,843,2,1800,955,177,666
34,SIBIU,87,0,STR.SIRETULUI NR.5,MUNICIPIUL SIBIU,143450,M,1,1927,1905,22,1046,1019,22,5,1044,2,2100,1054,315,729
34,SIBIU,88,0,CALEA DUMBRAVII NR.135,MUNICIPIUL SIBIU,143450,M,1,1833,1808,25,1102,1076,25,1,1096,6,2000,898,237,859
34,SIBIU,89,0,STR.VICTOR PAPILIAN NR.16,MUNICIPIUL SIBIU,143450,M,1,1926,1896,30,989,959,30,0,979,10,2100,1111,208,771
34,SIBIU,90,1,B-DUL VICTORIEI NR.31 - CAMIN STUDENTESC,MUNICIPIUL SIBIU,143450,M,1,8,0,8,636,0,8,628,631,5,3000,2364,120,511
34,SIBIU,91,1,B-DUL CORNELIU COPOSU NR.2-4 - SPITAL,MUNICIPIUL SIBIU,143450,M,1,10,0,10,634,0,10,624,631,3,1500,866,233,398
34,SIBIU,92,1,ALEEA FILOZOFILOR NR.3 - SPITAL,MUNICIPIUL SIBIU,143450,M,1,8,0,8,92,0,8,84,91,1,200,108,35,56
34,SIBIU,93,1,STR. DR. BAGDASAR NR.10 - SPITAL,MUNICIPIUL SIBIU,143450,M,1,9,0,9,142,0,9,133,141,1,600,458,33,108
34,SIBIU,94,0,STATIUNEA PALTINIS VILA 18,MUNICIPIUL SIBIU,143450,M,1,35,23,12,152,8,12,132,152,0,300,148,31,121
34,SIBIU,95,1,STR.STEFAN CEL MARE NR.3-5 - UM 01512,MUNICIPIUL SIBIU,143450,M,1,23,0,23,602,0,23,579,593,9,700,98,259,334
34,SIBIU,96,1,STR.VASILE MILEA NR.3-5 - UM 01606,MUNICIPIUL SIBIU,143450,M,1,9,0,9,121,0,9,112,120,1,300,179,65,55
34,SIBIU,97,1,STR.AVRIG NR.2-4 - UM 01473,MUNICIPIUL SIBIU,143450,M,1,11,0,11,378,0,11,367,372,6,600,222,150,222
34,SIBIU,98,1,PIATA 1 DECEMBRIE 1918 NR.6 - GARA CFR,MUNICIPIUL SIBIU,143450,M,1,21,0,21,1424,0,21,1403,1412,12,2000,576,252,1160
34,SIBIU,99,0,PIATA CASTELULUI GRADINITA NR.5,MUNICIPIUL MEDIAS,143619,M,1,952,932,20,435,413,20,2,432,3,1000,565,150,282
34,SIBIU,100,0,STR.CARPATI NR.9,MUNICIPIUL MEDIAS,143619,M,1,1295,1276,19,732,686,19,27,724,8,1400,668,258,466
34,SIBIU,101,0,STR. MIHAI VITEAZU NR.48,MUNICIPIUL MEDIAS,143619,M,1,1275,1267,8,679,669,8,2,675,4,1400,721,178,497
34,SIBIU,102,0,STR.DUPA ZID NR.11,MUNICIPIUL MEDIAS,143619,M,1,1365,1350,15,744,729,15,0,742,2,1500,756,181,561
34,SIBIU,103,0,STR.STADIONULUI NR.85,MUNICIPIUL MEDIAS,143619,M,1,812,800,12,442,425,12,5,435,7,1000,558,120,315
34,SIBIU,104,0,STR.STADIONULUI NR.55,MUNICIPIUL MEDIAS,143619,M,1,935,924,11,528,515,11,2,521,7,1000,472,142,379
34,SIBIU,105,0,STR.NUCULUI NR.7,MUNICIPIUL MEDIAS,143619,M,1,1197,1183,14,654,633,14,7,651,3,1300,646,182,469
34,SIBIU,106,0,STR.PISCULUI NR.8,MUNICIPIUL MEDIAS,143619,M,1,1007,995,12,504,489,12,3,499,5,1100,596,142,357
34,SIBIU,107,0,STR.PISCULUI NR.8,MUNICIPIUL MEDIAS,143619,M,1,1208,1201,7,628,617,7,4,627,1,1300,672,168,459
34,SIBIU,108,0,STR.PISCULUI NR.8,MUNICIPIUL MEDIAS,143619,M,1,1132,1121,11,600,585,11,4,596,4,1200,600,174,422
34,SIBIU,109,0,STR.1 DECEMBRIE NR.34,MUNICIPIUL MEDIAS,143619,M,1,1097,1088,9,497,479,9,9,491,6,1200,703,149,342
34,SIBIU,110,0,STR.1 DECEMBRIE NR.34,MUNICIPIUL MEDIAS,143619,M,1,1121,1116,5,548,539,5,4,548,0,1200,652,159,389
34,SIBIU,111,0,STR.1 DECEMBRIE NR.34,MUNICIPIUL MEDIAS,143619,M,1,1185,1171,14,634,616,14,4,629,5,1300,666,180,449
34,SIBIU,112,0,STR.CLUJ NR.12,MUNICIPIUL MEDIAS,143619,M,1,984,974,10,538,525,10,3,538,0,1100,562,149,389
34,SIBIU,113,0,STR.1 DECEMBRIE NR.26,MUNICIPIUL MEDIAS,143619,M,1,823,812,11,476,460,11,5,473,3,1000,524,166,307
34,SIBIU,114,0,STR.MERILOR NR.23,MUNICIPIUL MEDIAS,143619,M,1,1168,1154,14,652,630,14,8,649,3,1300,648,206,443
34,SIBIU,115,0,STR.1 DECEMBRIE NR.23,MUNICIPIUL MEDIAS,143619,M,1,1298,1275,23,658,627,23,8,652,6,1400,742,251,401
34,SIBIU,116,0,STR.1 DECEMBRIE NR.14,MUNICIPIUL MEDIAS,143619,M,1,1324,1312,12,702,681,12,9,700,2,1400,698,204,496
34,SIBIU,117,0,STR.I.C.BRATIANU NR.22-26,MUNICIPIUL MEDIAS,143619,M,1,1307,1296,11,677,664,11,2,669,8,1400,723,263,406
34,SIBIU,118,0,STR.ST.L.ROTH NR.21,MUNICIPIUL MEDIAS,143619,M,1,1132,1122,10,625,574,10,41,607,18,1200,575,219,388
34,SIBIU,119,0,STR.ANDREI SAGUNA NR.9,MUNICIPIUL MEDIAS,143619,M,1,801,789,12,510,385,12,113,502,8,900,390,183,319
34,SIBIU,120,0,STR.GEORGE TOPIRCEANU NR.8,MUNICIPIUL MEDIAS,143619,M,1,825,814,11,456,442,11,3,452,4,900,444,149,303
34,SIBIU,121,0,STR.DEALUL FURCILOR NR.7,MUNICIPIUL MEDIAS,143619,M,1,1082,1057,25,631,604,25,2,623,8,1100,469,192,431
34,SIBIU,122,0,STR.AUREL VLAICU NR.37,MUNICIPIUL MEDIAS,143619,M,1,936,921,15,534,506,15,13,528,6,1000,466,97,431
34,SIBIU,123,0,STR.GEORGE COSBUC NR.29,MUNICIPIUL MEDIAS,143619,M,1,1003,993,10,569,549,10,10,565,4,1100,531,160,405
34,SIBIU,124,0,STR.STEJARULUI NR.1,MUNICIPIUL MEDIAS,143619,M,1,1141,1122,19,687,666,19,2,685,2,1200,513,172,513
34,SIBIU,125,0,STR.AVRAM IANCU NR.42,MUNICIPIUL MEDIAS,143619,M,1,1387,1378,9,826,812,9,5,821,5,1500,674,232,589
34,SIBIU,126,0,STR.AVRAM IANCU NR.42,MUNICIPIUL MEDIAS,143619,M,1,1370,1355,15,690,649,15,26,679,11,1500,810,203,476
34,SIBIU,127,0,STR.AVRAM IANCU NR.42,MUNICIPIUL MEDIAS,143619,M,1,1439,1424,15,836,818,15,3,825,11,1600,764,272,553
34,SIBIU,128,0,STR.METANULUI NR.1,MUNICIPIUL MEDIAS,143619,M,1,1321,1309,12,721,709,12,0,716,5,1400,679,178,538
34,SIBIU,129,0,STR.AVRAM IANCU NR.12,MUNICIPIUL MEDIAS,143619,M,1,1128,1114,14,648,632,14,2,644,4,1200,552,184,460
34,SIBIU,130,0,STR.SIBIULUI NR.12,MUNICIPIUL MEDIAS,143619,M,1,967,953,14,564,545,14,5,560,4,1100,536,194,366
34,SIBIU,131,0,STR.SIBIULUI NR.38,MUNICIPIUL MEDIAS,143619,M,1,945,935,10,478,443,10,25,478,0,1000,522,132,346
34,SIBIU,132,0,STR.STICLEI NR.11,MUNICIPIUL MEDIAS,143619,M,1,750,738,12,430,417,12,1,427,3,900,470,114,313
34,SIBIU,133,0,STR.STICLEI NR.9,MUNICIPIUL MEDIAS,143619,M,1,971,951,20,552,531,20,1,549,3,1000,448,133,416
34,SIBIU,134,0,STR.RUBINULUI NR.3,MUNICIPIUL MEDIAS,143619,M,1,1179,1170,9,574,559,9,6,573,1,1300,726,160,413
34,SIBIU,135,0,STR.ILARIE CHENDI NR.1,MUNICIPIUL MEDIAS,143619,M,1,1370,1357,13,676,658,13,5,666,10,1500,824,166,500
34,SIBIU,136,0,STR.SEBES NR.3,MUNICIPIUL MEDIAS,143619,M,1,1358,1346,12,665,649,12,4,658,7,1500,835,169,489
34,SIBIU,137,0,STR.SEBES NR.3,MUNICIPIUL MEDIAS,143619,M,1,1784,1770,14,879,862,14,3,874,5,2000,1121,223,651
34,SIBIU,138,0,STR.SIBIULUI NR.67,MUNICIPIUL MEDIAS,143619,M,1,1492,1478,14,695,681,14,0,692,3,1600,905,141,551
34,SIBIU,139,0,STR.LOTRU UNIV. LUCIAN BLAGA,MUNICIPIUL MEDIAS,143619,M,1,1286,1275,11,565,553,11,1,563,2,1400,835,140,423
34,SIBIU,140,0,STR.LOTRU UNIV. LUCIAN BLAGA,MUNICIPIUL MEDIAS,143619,M,1,1419,1397,22,687,665,22,0,684,3,1500,813,166,518
34,SIBIU,141,0,STR.SEBES NR.3,MUNICIPIUL MEDIAS,143619,M,1,1225,1214,11,589,578,11,0,585,4,1300,711,116,469
34,SIBIU,142,0,STR.SEBES NR.3,MUNICIPIUL MEDIAS,143619,M,1,1424,1410,14,653,639,14,0,642,11,1600,947,148,494
34,SIBIU,143,0,SAT IGHISU NOU SCOALA GENERALA,MUNICIPIUL MEDIAS,143619,M,1,1129,1111,18,536,518,18,0,528,8,1200,664,165,363
34,SIBIU,144,1,STR.UNIRII NR.2 - GARA CFR,MUNICIPIUL MEDIAS,143619,M,1,16,0,16,543,0,16,527,542,1,1300,757,155,387
34,SIBIU,145,0,STR.MIHAI VITEAZU NR.83,ORAS AGNITA,143682,O,1,1337,1326,11,523,507,11,5,519,4,1500,977,207,312
34,SIBIU,146,0,STR.FABRICII NR.44,ORAS AGNITA,143682,O,1,1195,1181,14,558,544,14,0,555,3,1300,742,163,392
34,SIBIU,147,0,STR.MIHAI VITEAZU NR.16,ORAS AGNITA,143682,O,1,1506,1494,12,630,617,12,1,625,5,1700,1070,255,370
34,SIBIU,148,0,STR.NOUA NR.16,ORAS AGNITA,143682,O,1,1172,1155,17,564,545,17,2,562,2,1300,736,207,355
34,SIBIU,149,0,STR.SCOLII NR.2,ORAS AGNITA,143682,O,1,997,974,23,585,456,23,106,581,4,1100,515,278,303
34,SIBIU,150,0,STR.AVRAM IANCU NR.31,ORAS AGNITA,143682,O,1,1308,1285,23,551,528,23,0,549,2,1400,849,229,320
34,SIBIU,151,0,STR.HORIA NR.38,ORAS AGNITA,143682,O,1,1216,1204,12,593,581,12,0,592,1,1300,707,244,348
34,SIBIU,152,0,SAT COVES SCOALA GENERALA,ORAS AGNITA,143682,O,1,565,555,10,332,322,10,0,330,2,700,368,214,116
34,SIBIU,153,0,SAT RUJA SCOALA GENERALA,ORAS AGNITA,143682,O,1,891,877,14,412,398,14,0,407,5,1000,588,257,150
34,SIBIU,154,0,STR.GHEORGHE LAZAR NR.37,ORAS AVRIG,144054,O,1,1440,1420,20,841,735,20,86,836,5,1600,759,248,588
34,SIBIU,155,0,STR.GHEORGHE LAZAR NR.10,ORAS AVRIG,144054,O,1,1176,1165,11,898,732,11,155,892,6,1300,402,283,609
34,SIBIU,156,0,STR.SAMUEL BRUKANTHAL NR.41,ORAS AVRIG,144054,O,1,1165,1145,20,634,607,20,7,634,0,1300,666,249,385
34,SIBIU,157,0,STR.SAMUEL BRUKANTHAL NR.114,ORAS AVRIG,144054,O,1,1919,1901,18,1024,994,18,12,1014,10,2100,1076,352,662
34,SIBIU,158,0,STR.HOREA NR.15,ORAS AVRIG,144054,O,1,1927,1903,24,1005,976,24,5,999,6,2100,1095,265,734
34,SIBIU,159,0,SAT MARSA SCOALA GENERALA,ORAS AVRIG,144054,O,1,1214,1196,18,625,568,18,39,621,4,1300,675,206,415
34,SIBIU,160,0,SAT MARSA GRUPUL SCOLAR,ORAS AVRIG,144054,O,1,1269,1252,17,597,578,17,2,594,3,1400,803,207,387
34,SIBIU,161,0,SAT BRADU SCOALA GENERALA,ORAS AVRIG,144054,O,1,891,887,4,455,442,4,9,451,4,800,345,177,274
34,SIBIU,162,0,SAT SACADATE SCOALA GENERALA,ORAS AVRIG,144054,O,1,502,499,3,254,249,3,2,252,2,600,346,105,147
34,SIBIU,163,0,SAT GLAMBOACA SCOALA GENERALA,ORAS AVRIG,144054,O,1,190,184,6,115,103,6,6,114,1,200,85,47,67
34,SIBIU,164,0,SAT CISNADIOARA SCOALA GENERALA,ORAS CISNADIE,143735,O,1,493,484,9,140,125,9,6,139,1,500,360,38,101
34,SIBIU,165,0,STR.MAGURII NR.99,ORAS CISNADIE,143735,O,1,1524,1503,21,709,681,21,7,704,5,1700,991,179,525
34,SIBIU,166,0,STR. MAGURII NR.93,ORAS CISNADIE,143735,O,1,1441,1428,13,749,729,13,7,742,7,1600,851,216,526
34,SIBIU,167,0,STR.STEJARULUI GRADINITA NR.6,ORAS CISNADIE,143735,O,1,1448,1436,12,707,691,12,4,702,5,1600,893,188,514
34,SIBIU,168,0,STR. MAGURII NR.63,ORAS CISNADIE,143735,O,1,1410,1387,23,882,731,23,128,878,4,1500,618,239,639
34,SIBIU,169,0,STR.MAGURII NR.5,ORAS CISNADIE,143735,O,1,1627,1612,15,846,829,15,2,836,10,1800,954,239,597
34,SIBIU,170,0,STR.UNIRII NR.6,ORAS CISNADIE,143735,O,1,1271,1259,12,665,647,12,6,659,6,1400,735,193,466
34,SIBIU,171,0,STR.TESATORILOR NR.47,ORAS CISNADIE,143735,O,1,1444,1437,7,740,726,7,7,734,6,1600,860,223,511
34,SIBIU,172,0,STR.TARGULUI NR.14,ORAS CISNADIE,143735,O,1,1899,1863,36,936,898,36,2,928,8,2100,1164,255,673
34,SIBIU,173,0,STR.SELIMBARULUI NR.1,ORAS CISNADIE,143735,O,1,1872,1854,18,981,963,18,0,964,17,2000,1019,302,662
34,SIBIU,174,0,SOS.MEDIASULUI NR.121,ORAS COPSA MICA,143771,O,1,1348,1337,11,558,535,11,12,552,6,1300,742,238,314
34,SIBIU,175,0,ALEEA CASTANILOR NR.8,ORAS COPSA MICA,143771,O,1,1183,1153,30,621,487,30,104,611,10,1300,679,278,333
34,SIBIU,176,0,SOS.SIBIULUI NR.62,ORAS COPSA MICA,143771,O,1,1656,1615,41,824,783,41,0,819,5,1800,976,366,453
34,SIBIU,177,0,TARNAVIOARA SCOALA GENERALA NR. 2,ORAS COPSA MICA,143771,O,1,362,352,10,200,181,10,9,199,1,400,200,104,95
34,SIBIU,178,0,STR.MIHAAI EMINESCU NR.6,ORAS DUMBRAVENI,143806,O,1,1405,1387,18,853,779,18,56,851,2,1500,647,247,604
34,SIBIU,179,0,STR.CUZA VODA NR.57,ORAS DUMBRAVENI,143806,O,1,1136,1106,30,693,662,30,1,685,8,1200,507,245,440
34,SIBIU,180,0,PIATA TIMOTEI CIPARIU NR.9,ORAS DUMBRAVENI,143806,O,1,1255,1242,13,698,674,13,11,690,8,1400,702,331,359
34,SIBIU,181,0,STR.TUDOR VLADIMIRESCU NR.32,ORAS DUMBRAVENI,143806,O,1,1226,1211,15,615,591,15,9,609,6,1300,685,171,438
34,SIBIU,182,0,STR..MIHAI EMINESCU NR.54,ORAS DUMBRAVENI,143806,O,1,275,198,77,175,81,77,17,165,10,300,125,126,39
34,SIBIU,183,0,SAT SAROSU PE TARNAVE NR.371,ORAS DUMBRAVENI,143806,O,1,1219,1203,16,765,727,16,22,754,11,1300,535,367,387
34,SIBIU,184,0,SAT ERNEA NR.56,ORAS DUMBRAVENI,143806,O,1,361,352,9,222,202,9,11,217,5,400,178,141,76
34,SIBIU,185,0,PIATA CENTRALA NR.214,ORAS MIERCUREA SIBIULUI,144928,O,1,1787,1667,120,990,869,120,1,983,7,1800,810,257,726
34,SIBIU,186,0,SAT APOLDU DE SUS NR.171,ORAS MIERCUREA SIBIULUI,144928,O,1,1371,1358,13,637,607,13,17,626,11,1500,863,399,227
34,SIBIU,187,0,SAT DOBARCA NR.62,ORAS MIERCUREA SIBIULUI,144928,O,1,582,569,13,334,309,13,12,334,0,700,366,238,96
34,SIBIU,188,0,PIATA TRAIAN NR.15,ORAS OCNA SIBIULUI,143851,O,1,902,885,17,528,429,17,82,525,3,1000,472,159,366
34,SIBIU,189,0,PIATA TRAIAN NR.15,ORAS OCNA SIBIULUI,143851,O,1,968,962,6,488,477,6,5,483,5,1000,512,127,356
34,SIBIU,190,0,STR.MIHAI VITEAZU NR.82,ORAS OCNA SIBIULUI,143851,O,1,1467,1459,8,795,780,8,7,783,12,1600,805,289,494
34,SIBIU,191,0,SAT TOPARCEA NR.55,ORAS OCNA SIBIULUI,143851,O,1,144,131,13,92,76,13,3,91,1,200,108,32,59
34,SIBIU,192,0,SALISTE NR.1235,ORAS SALISTE,145499,O,1,1134,1122,12,730,527,12,191,716,14,1200,470,260,456
34,SIBIU,193,0,SALISTE NR.1235,ORAS SALISTE,145499,O,1,1062,1059,3,534,515,3,16,533,1,1200,666,230,303
34,SIBIU,194,0,SAT GALES NR.172,ORAS SALISTE,145499,O,1,261,258,3,166,157,3,6,162,4,300,134,70,92
34,SIBIU,195,0,SAT VALE NR.103,ORAS SALISTE,145499,O,1,323,319,4,144,137,4,3,141,3,400,256,63,78
34,SIBIU,196,0,SAT SIBIEL NR.298,ORAS SALISTE,145499,O,1,327,317,10,199,189,10,0,196,3,400,201,59,137
34,SIBIU,197,0,SAT FANTANELE NR.27,ORAS SALISTE,145499,O,1,218,212,6,120,110,6,4,119,1,200,80,70,49
34,SIBIU,198,0,SAT SACEL NR.222,ORAS SALISTE,145499,O,1,390,382,8,215,203,8,4,214,1,400,185,74,140
34,SIBIU,199,0,SAT MAG NR.120,ORAS SALISTE,145499,O,1,274,265,9,141,132,9,0,135,6,300,159,86,49
34,SIBIU,200,0,SAT AMNAS NR.353,ORAS SALISTE,145499,O,1,318,309,9,175,154,9,12,174,1,400,225,127,47
34,SIBIU,201,0,SAT ACILIU NR.44,ORAS SALISTE,145499,O,1,247,241,6,125,118,6,1,121,4,300,175,47,74
34,SIBIU,202,0,STR.NICOLAE BALCESCU NR.24,ORAS TALMACIU,145827,O,1,1080,1070,10,655,506,10,139,648,7,1200,545,255,393
34,SIBIU,203,0,STR.NICOLAE BALCESCU NR.6,ORAS TALMACIU,145827,O,1,1052,1029,23,566,543,23,0,563,3,1200,634,187,376
34,SIBIU,204,0,PIATA TEXTILISTILOR BL.2,ORAS TALMACIU,145827,O,1,1506,1489,17,844,814,17,13,835,9,1564,720,321,514
34,SIBIU,205,0,STR.MIHAI EMINESCU SC.GENERALA NR.2,ORAS TALMACIU,145827,O,1,1115,1093,22,562,540,22,0,557,5,1200,638,209,348
34,SIBIU,206,0,TALMACIU II SCOALA GENERALA COLONIE,ORAS TALMACIU,145827,O,1,202,190,12,117,104,12,1,113,4,200,83,53,60
34,SIBIU,207,0,SAT TALMACEL SCOALA GENERALA,ORAS TALMACIU,145827,O,1,1038,1027,11,599,587,11,1,593,6,1100,501,338,255
34,SIBIU,208,0,SAT ALMA NR.127,ALMA,146012,C,3,656,650,6,485,454,6,25,483,2,700,215,223,260
34,SIBIU,209,0,SAT GEACAS NR.76,ALMA,146012,C,3,201,192,9,147,137,9,1,146,1,200,53,90,56
34,SIBIU,210,0,SAT SMIG NR.238,ALMA,146012,C,3,737,727,10,515,499,10,6,512,3,800,285,279,233
34,SIBIU,211,0,SAT ALTANA NR.94,ALTINA,143888,C,3,992,968,24,687,634,24,29,680,7,1100,413,403,277
34,SIBIU,212,0,SAT BENESTI NR.43,ALTINA,143888,C,3,194,180,14,131,108,14,9,126,5,200,69,94,32
34,SIBIU,213,0,SAT GHIJASA DE SUS NR.77,ALTINA,143888,C,3,159,147,12,118,97,12,9,117,1,200,82,84,33
34,SIBIU,214,0,SAT APOLDU DE JOS NR.77,APOLDU DE JOS,143922,C,3,958,886,72,639,567,2,70,638,1,1000,361,236,402
34,SIBIU,215,0,SAT SANGATIN NR.123,APOLDU DE JOS,143922,C,3,235,228,7,156,148,7,1,150,6,300,144,82,68
34,SIBIU,216,0,SAT ARPASU DE JOS NR.214,ARPASU DE JOS,143959,C,3,918,908,10,473,457,10,6,469,4,1000,527,181,288
34,SIBIU,217,0,SAT ARPASU DE SUS NR.13,ARPASU DE JOS,143959,C,3,935,924,11,468,455,11,2,464,4,1000,532,161,303
34,SIBIU,218,0,SAT NOU ROMAN NR.199,ARPASU DE JOS,143959,C,3,316,307,9,220,211,9,0,215,5,400,180,147,68
34,SIBIU,219,0,SAT ATEL NR.388,ATEL,143995,C,3,1053,1047,6,606,565,6,35,597,9,1200,594,228,369
34,SIBIU,220,0,SAT DUPUS NR.107,ATEL,143995,C,3,179,166,13,111,89,13,9,110,1,216,105,36,74
34,SIBIU,221,0,SAT AXENTE SEVER NR.301,AXENTE SEVER,144116,C,3,1948,1930,18,822,804,18,0,814,8,2100,1278,327,487
34,SIBIU,222,0,SAT AGARBICIU CAMINUL CULTURAL,AXENTE SEVER,144116,C,3,1124,1102,22,468,445,22,1,465,3,1200,732,162,303
34,SIBIU,223,0,SAT SOALA CAMINUL CULTURAL,AXENTE SEVER,144116,C,3,262,256,6,131,117,6,8,130,1,300,169,50,80
34,SIBIU,224,0,SAT BAZNA NR.500,BAZNA,144152,C,3,1423,1406,17,826,713,17,96,816,10,1500,674,394,422
34,SIBIU,225,0,SAT BOIAN SCOALA GENERALA,BAZNA,144152,C,3,1193,1176,17,686,659,17,10,666,20,1300,614,216,450
34,SIBIU,226,0,SAT VELT CAMINUL CULTURAL,BAZNA,144152,C,3,458,453,5,285,269,5,11,281,4,500,215,203,78
34,SIBIU,227,0,SAT BIERTAN STR.1 DECEMBRIE NR.19,BIERTAN,144198,C,3,1211,1206,5,744,695,5,44,727,17,1300,556,358,369
34,SIBIU,228,0,SAT RICHIS NR.4,BIERTAN,144198,C,3,632,623,9,384,371,9,4,378,6,700,316,181,197
34,SIBIU,229,0,SAT COPSA MARE NR.141,BIERTAN,144198,C,3,387,380,7,246,228,7,11,244,2,400,154,154,90
34,SIBIU,230,0,SAT BARGHIS NR.202,BIRGHIS,144232,C,3,614,611,3,368,359,3,6,363,5,700,332,181,182
34,SIBIU,231,0,SAT APOS NR.137,BIRGHIS,144232,C,3,195,185,10,112,98,10,4,110,2,200,88,81,29
34,SIBIU,232,0,SAT PELISOR NR.158,BIRGHIS,144232,C,3,388,368,20,213,193,20,0,211,2,400,187,156,55
34,SIBIU,233,0,SAT ZLAGNA NR.89,BIRGHIS,144232,C,3,133,123,10,75,64,10,1,75,0,200,125,46,29
34,SIBIU,234,0,SAT IGHISU VECHI NR.39,BIRGHIS,144232,C,3,255,245,10,146,136,10,0,143,3,300,154,80,63
34,SIBIU,235,0,SAT VECERD NR.125,BIRGHIS,144232,C,3,120,115,5,78,73,5,0,76,2,200,122,59,17
34,SIBIU,236,0,SAT BLAJEL NR.77,BLAJEL,144303,C,3,1484,1470,14,899,851,14,34,895,4,1700,801,405,490
34,SIBIU,237,0,SAT PAUCEA NR.176,BLAJEL,144303,C,3,402,385,17,271,254,17,0,269,2,400,129,159,110
34,SIBIU,238,0,SAT ROMANESTI NR.3,BLAJEL,144303,C,3,84,61,23,63,40,23,0,63,0,100,37,32,31
34,SIBIU,239,0,SAT BOITA NR.263,BOITA,146021,C,3,1328,1320,8,792,773,8,11,786,6,1500,708,288,498
34,SIBIU,240,0,SAT BRATEIU NR.31,BRATEIU,144349,C,3,1619,1609,10,975,940,10,25,963,12,1800,825,526,437
34,SIBIU,241,0,SAT BUZD NR.35,BRATEIU,144349,C,3,692,677,15,414,395,15,4,409,5,800,386,269,140
34,SIBIU,242,0,SAT BRADENI NR.31,BRADENI,144376,C,3,607,596,11,409,379,11,19,404,5,700,291,219,185
34,SIBIU,243,0,SAT RETIS NR.234,BRADENI,144376,C,3,469,464,5,367,356,5,6,363,4,500,133,263,100
34,SIBIU,244,0,SAT TELINE NR.125,BRADENI,144376,C,3,114,110,4,79,64,4,11,77,2,200,121,50,27
34,SIBIU,245,0,SAT BRUIU NR.19,BRUIU,144410,C,3,430,424,6,227,212,6,9,222,5,500,273,146,76
34,SIBIU,246,0,SAT SOMARTIN SCOALA GENERALA,BRUIU,144410,C,3,316,310,6,116,110,6,0,115,1,400,284,70,45
34,SIBIU,247,0,SAT CHIRPAR NR.45,CHIRPAR,144456,C,3,848,839,9,408,370,9,29,402,6,900,492,263,139
34,SIBIU,248,0,SAT SASAUS NR.137,CHIRPAR,144456,C,3,134,116,18,114,87,18,9,114,0,200,86,75,39
34,SIBIU,249,0,SAT VARD NR.28,CHIRPAR,144456,C,3,243,236,7,178,161,7,10,177,1,300,122,123,54
34,SIBIU,250,0,SAT VESEUD NR.116,CHIRPAR,144456,C,3,133,125,8,70,51,8,11,68,2,200,130,43,25
34,SIBIU,251,0,SAT CARTA NR.104,CARTA,144508,C,3,920,917,3,445,426,3,16,443,2,1000,555,265,178
34,SIBIU,252,0,SAT CARTISOARA NR.55,CARTISOARA,144535,C,3,1003,997,6,580,558,6,16,576,4,1100,520,176,400
34,SIBIU,253,0,SAT CRISTIAN STR.I NR.1,CRISTIAN,143487,C,3,1593,1576,17,742,721,17,4,738,4,1700,958,234,504
34,SIBIU,254,0,SAT CRISTIAN STR.XI NR.30,CRISTIAN,143487,C,3,1209,1193,16,590,570,16,4,584,6,1300,710,136,448
34,SIBIU,255,0,SAT DARLOS NR.587,DARLOS,144553,C,3,1826,1825,1,928,891,1,36,924,4,2000,1072,322,602
34,SIBIU,256,0,SAT CURCIU NR.188,DARLOS,144553,C,3,655,655,0,294,279,0,15,291,3,800,506,119,172
34,SIBIU,257,0,SAT VALEA LUNGA NR.52,DARLOS,144553,C,3,204,195,9,131,122,9,0,129,2,300,169,26,103
34,SIBIU,258,0,SAT GURA RAULUI NR.70,GURA RAULUI,144599,C,3,1353,1344,9,770,761,9,0,768,2,1500,730,197,571
34,SIBIU,259,0,SAT GURA RAULUI NR.538,GURA RAULUI,144599,C,3,1355,1341,14,720,706,14,0,705,15,1500,780,237,468
34,SIBIU,260,0,SAT HOGHILAG NR.305,HOGHILAG,144615,C,3,823,812,11,474,454,11,9,473,1,900,426,204,269
34,SIBIU,261,0,SAT PROD NR.111,HOGHILAG,144615,C,3,236,228,8,156,146,8,2,153,3,300,144,97,56
34,SIBIU,262,0,SAT VALCHID NR.229,HOGHILAG,144615,C,3,508,499,9,351,328,9,14,349,2,600,249,217,132
34,SIBIU,263,0,SAT IACOBENI NR.57,IACOBENI,144651,C,3,648,644,4,409,402,4,3,394,15,700,291,311,83
34,SIBIU,264,0,SAT STEJERIS NR.72,IACOBENI,144651,C,3,370,365,5,203,197,5,1,202,1,400,197,114,88
34,SIBIU,265,0,SAT NETUS NR.52,IACOBENI,144651,C,3,329,324,5,177,171,5,1,174,3,400,223,89,85
34,SIBIU,266,0,SAT NOISTAT NR.171,IACOBENI,144651,C,3,412,406,6,208,196,6,6,205,3,500,292,117,88
34,SIBIU,267,0,SAT MOVILE NR.75,IACOBENI,144651,C,3,275,272,3,180,165,3,12,178,2,300,120,106,72
34,SIBIU,268,0,SAT JINA NR.1210,JINA,144713,C,3,871,867,4,372,368,4,0,367,5,1000,628,79,288
34,SIBIU,269,0,SAT JINA NR.296,JINA,144713,C,3,915,914,1,404,401,1,2,400,4,1000,596,77,323
34,SIBIU,270,0,SAT JINA NR.1440 BAIESI,JINA,144713,C,3,1011,1000,11,716,705,11,0,699,17,1100,384,573,126
34,SIBIU,271,0,SAT LASLEA CAMINUL CULTURAL,LASLEA,144731,C,3,1026,1015,11,515,489,11,15,505,10,1100,585,328,177
34,SIBIU,272,0,ROANDOLA SCOALA GENERALA,LASLEA,144731,C,3,212,197,15,68,52,15,1,68,0,300,232,47,21
34,SIBIU,273,0,SAT NOU SASESC SCOALA GENERALA,LASLEA,144731,C,3,598,592,6,168,157,6,5,167,1,700,532,68,99
34,SIBIU,274,0,SAT MALINCRAV CAMINUL CULTURAL,LASLEA,144731,C,3,828,821,7,349,325,7,17,346,3,900,551,175,171
34,SIBIU,275,0,SAT FLORESTI SCOALA GENERALA,LASLEA,144731,C,3,113,108,5,61,52,5,4,61,0,200,139,23,38
34,SIBIU,276,0,SAT LOAMNES NR.202,LOAMNES,144795,C,3,824,811,13,572,549,13,10,570,2,900,328,350,220
34,SIBIU,277,0,SAT ALAMOR CAMINUL CULTURAL,LOAMNES,144795,C,3,716,713,3,436,413,3,20,432,4,800,364,241,191
34,SIBIU,278,0,SAT ARMENI SCOALA GENERALA,LOAMNES,144795,C,3,538,535,3,275,267,3,5,274,1,600,325,130,144
34,SIBIU,279,0,SAT HASAG CAMINUL CULTURAL,LOAMNES,144795,C,3,462,458,4,263,242,4,17,262,1,500,237,146,116
34,SIBIU,280,0,SAT LUDOS NR.73,LUDOS,144866,C,3,710,686,24,420,373,24,23,418,2,800,380,242,176
34,SIBIU,281,0,SAT MARPOD NR.327,MARPOD,144893,C,3,436,427,9,284,234,9,41,284,0,500,216,185,99
34,SIBIU,282,0,SAT ILIMBAV SCOALA GENERALA,MARPOD,144893,C,3,173,164,9,147,108,9,30,145,2,200,53,67,78
34,SIBIU,283,0,SAT MERGHINDEAL NR.60,MERGHINDEAL,144964,C,3,616,607,9,367,348,9,10,363,4,694,327,207,156
34,SIBIU,284,0,SAT DEALU FRUMOS NR.16,MERGHINDEAL,144964,C,3,498,492,6,258,246,6,6,256,2,500,242,180,76
34,SIBIU,285,0,SAT MICASASA NR.332,MICASASA,144991,C,3,1218,1182,36,882,823,36,23,879,3,1300,418,422,457
34,SIBIU,286,0,SAT TAPU NR.155,MICASASA,144991,C,3,648,635,13,389,353,13,23,388,1,700,311,182,206
34,SIBIU,287,0,SAT CHESLER NR.115,MICASASA,144991,C,3,119,107,12,78,59,12,7,76,2,200,122,46,30
34,SIBIU,288,0,SAT MIHAILENI NR.165,MIHAILENI,145042,C,3,311,303,8,201,193,8,0,199,2,400,199,112,87
34,SIBIU,289,0,SAT RAVASEL GRADINITA,MIHAILENI,145042,C,3,225,218,7,111,101,7,3,109,2,300,189,73,36
34,SIBIU,290,0,SAT METIS NR.2,MIHAILENI,145042,C,3,208,195,13,99,86,13,0,93,6,200,101,64,29
34,SIBIU,291,0,SAT MOSNA NR.452,MOSNA,145104,C,3,1687,1677,10,942,906,10,26,935,7,1800,858,533,402
34,SIBIU,292,0,SAT NEMSA NR.123,MOSNA,145104,C,3,434,427,7,275,263,7,5,274,1,500,225,196,78
34,SIBIU,293,0,SAT ALMA VII NR.121,MOSNA,145104,C,3,305,298,7,207,199,7,1,204,3,400,193,134,70
34,SIBIU,294,0,SAT NOCRICH SCOALA GENERALA NR.2,NOCRICH,145140,C,3,997,984,13,575,541,13,21,572,3,1100,525,311,261
34,SIBIU,295,0,SAT HOSMAN NR.228,NOCRICH,145140,C,3,609,603,6,324,310,6,8,318,6,700,376,179,139
34,SIBIU,296,0,SAT FOFELDEA NR.190,NOCRICH,145140,C,3,239,226,13,173,156,13,4,171,2,300,127,143,28
34,SIBIU,297,0,SAT GHIJASA DE JOS NR.62,NOCRICH,145140,C,3,88,81,7,60,50,7,3,58,2,100,40,34,24
34,SIBIU,298,0,SAT TICHINDEAL NR.66,NOCRICH,145140,C,3,118,110,8,84,71,8,5,82,2,200,116,43,39
34,SIBIU,299,0,STR. VICTORIEI NR.630,ORLAT,145202,C,3,1158,1143,15,607,592,15,0,603,4,1300,693,117,486
34,SIBIU,300,0,STR. VICTORIEI NR.630,ORLAT,145202,C,3,1323,1315,8,704,693,8,3,701,3,1400,696,113,588
34,SIBIU,301,0,SAT PAUCA NR.96,PAUCA,145220,C,3,741,732,9,300,290,9,1,296,4,800,500,130,166
34,SIBIU,302,0,SAT BOGATU ROMAN NR.130,PAUCA,145220,C,3,514,506,8,265,257,8,0,261,4,600,335,114,147
34,SIBIU,303,0,SAT BROSTENI NR.156,PAUCA,145220,C,3,331,320,11,250,239,11,0,240,10,400,150,190,50
34,SIBIU,304,0,SAT PRESACA NR.87,PAUCA,145220,C,3,427,417,10,290,280,10,0,287,3,500,210,177,110
34,SIBIU,305,0,SAT POIANA SIBIULUI NR.1480,POIANA SIBIULUI,145275,C,3,1886,1875,11,688,676,11,1,684,4,2100,1412,236,448
34,SIBIU,306,0,SAT POPLACA NR.376,POPLACA,143502,C,3,1298,1289,9,665,656,9,0,656,9,1400,735,137,519
34,SIBIU,307,0,SAT PORUMBACU DE JOS NR.257,PORUMBACU DE JOS,145293,C,3,914,909,5,462,452,5,5,457,5,1000,538,178,279
34,SIBIU,308,0,SAT PORUMBACU DE SUS NR.372,PORUMBACU DE JOS,145293,C,3,682,667,15,482,439,15,28,477,5,800,318,268,209
34,SIBIU,309,0,SAT SCOREIU CAMINUL CULTURAL,PORUMBACU DE JOS,145293,C,3,556,542,14,325,304,14,7,322,3,600,275,142,180
34,SIBIU,310,0,SAT SARATA SCOALA GENERALA,PORUMBACU DE JOS,145293,C,3,299,286,13,184,168,13,3,182,2,300,116,47,135
34,SIBIU,311,0,SAT COLUN SCOALA GENERALA,PORUMBACU DE JOS,145293,C,3,157,148,9,95,73,9,13,94,1,200,105,64,30
34,SIBIU,312,0,SAT RACOVITA SCOALA GENERALA,RACOVITA,145355,C,3,1769,1757,12,973,958,12,3,962,11,1900,927,284,678
34,SIBIU,313,0,SAT SEBESU DE SUS CAMINUL CULTURAL,RACOVITA,145355,C,3,600,592,8,370,361,8,1,365,5,700,330,163,202
34,SIBIU,314,0,SAT RASINARI STR. ANDREI SAGUNA NR.539,RASINARI,143520,C,3,1470,1451,19,627,605,19,3,622,5,1600,973,125,497
34,SIBIU,315,0,SAT RASINARI STR. EMIL CIORAN NR.1512,RASINARI,143520,C,3,1412,1384,28,542,510,28,4,532,10,1500,958,154,378
34,SIBIU,316,0,SAT RASINARI STR. OCTAVIAN GOGA NR.1527,RASINARI,143520,C,3,1489,1462,27,666,639,27,0,661,5,1600,934,120,541
34,SIBIU,317,0,SAT RAU SADULUI NR.245,RAU SADULUI,145382,C,3,498,493,5,277,268,5,4,270,7,600,323,72,198
34,SIBIU,318,0,SAT ROSIA NR.22,ROSIA,145408,C,3,988,972,16,494,472,16,6,483,11,1100,606,241,242
34,SIBIU,319,0,SAT NOU NR.373,ROSIA,145408,C,3,1100,1088,12,540,527,12,1,532,8,1200,660,331,201
34,SIBIU,320,0,SAT DAIA NR.177,ROSIA,145408,C,3,587,582,5,256,247,5,4,255,1,700,444,94,161
34,SIBIU,321,0,SAT CASOLT NR.145,ROSIA,145408,C,3,505,494,11,256,243,11,2,251,5,600,344,124,127
34,SIBIU,322,0,SAT CORNATEL NR.148,ROSIA,145408,C,3,344,335,9,201,192,9,0,196,5,400,199,86,110
34,SIBIU,323,0,SAT NUCET NR.102,ROSIA,145408,C,3,61,52,9,37,28,9,0,37,0,100,63,10,27
34,SIBIU,324,0,SAT SADU STR. INOCENTIU MICU KLEIN NR.512,SADU,145471,C,3,1911,1903,8,1100,1089,8,3,1090,10,2100,1000,380,710
34,SIBIU,325,0,SAT SLIMNIC NR.7,SLIMNIC,145603,C,3,984,974,10,379,369,10,0,376,3,1100,721,115,261
34,SIBIU,326,0,SAT SLIMNIC NR.7,SLIMNIC,145603,C,3,1129,1110,19,482,463,19,0,478,4,1200,718,118,360
34,SIBIU,327,0,SAT RUSI NR.157,SLIMNIC,145603,C,3,719,660,59,405,346,59,0,401,4,700,295,195,206
34,SIBIU,328,0,SAT VESEUD SCOALA GENERALA,SLIMNIC,145603,C,3,214,200,14,134,119,14,1,129,5,300,166,70,59
34,SIBIU,329,0,SAT SEICA MARE NR.418,SEICA MARE,145667,C,3,1866,1853,13,765,734,13,18,760,5,2100,1335,311,449
34,SIBIU,330,0,SAT SEICA MARE NR.770,SEICA MARE,145667,C,3,915,854,61,472,408,61,3,470,2,1000,528,126,344
34,SIBIU,331,0,SAT BOARTA NR.37,SEICA MARE,145667,C,3,354,347,7,174,160,7,7,174,0,400,226,79,95
34,SIBIU,332,0,SAT BUIA NR.401,SEICA MARE,145667,C,3,474,462,12,248,232,12,4,242,6,500,252,146,96
34,SIBIU,333,0,SAT STENEA NR.40,SEICA MARE,145667,C,3,159,137,22,97,73,22,2,95,2,200,103,72,23
34,SIBIU,334,0,SAT PETIS NR.19,SEICA MARE,145667,C,3,78,68,10,26,14,10,2,25,1,100,74,9,16
34,SIBIU,335,0,SAT SEICA MICA NR.75,SEICA MICA,145738,C,3,1024,1021,3,486,465,3,18,481,5,1100,614,220,261
34,SIBIU,336,0,SAT SOROSTIN NR.82,SEICA MICA,145738,C,3,491,470,21,300,262,21,17,300,0,500,200,239,61
34,SIBIU,337,0,SAT SELIMBAR CAMINUL CULTURAL,SELIMBAR,143557,C,3,1805,1773,32,993,953,32,8,986,7,1900,907,306,680
34,SIBIU,338,0,SAT VESTEM CAMINUL CULTURAL,SELIMBAR,143557,C,3,1277,1268,9,653,636,9,8,640,13,1400,747,188,452
34,SIBIU,339,0,SAT MOHU CAMINUL CULTURAL,SELIMBAR,143557,C,3,530,525,5,306,291,5,10,302,4,600,294,87,215
34,SIBIU,340,0,SAT BUNGARD SCOALA GENERALA,SELIMBAR,143557,C,3,444,431,13,211,198,13,0,207,4,500,289,92,115
34,SIBIU,341,0,SAT SURA MARE NR.487,SURA MARE,145765,C,3,1984,1973,11,925,900,11,14,918,7,2200,1275,233,685
34,SIBIU,342,0,SAT HAMBA NR.53,SURA MARE,145765,C,3,540,525,15,272,257,15,0,269,3,600,328,86,183
34,SIBIU,343,0,SAT SURA MICA NR.408,SURA MICA,145792,C,3,1448,1445,3,719,701,3,15,714,5,1600,881,180,534
34,SIBIU,344,0,SAT RUSCIORI NR.190,SURA MICA,145792,C,3,436,423,13,298,282,13,3,289,9,500,202,175,114
34,SIBIU,345,0,SAT TILISCA NR.531,TILISCA,145907,C,3,907,898,9,513,481,9,23,508,5,1000,487,252,256
34,SIBIU,346,0,SAT ROD NR.10,TILISCA,145907,C,3,370,360,10,215,205,7,3,215,0,400,185,94,121
34,SIBIU,347,0,SAT TARNAVA SCOANA GENERALA 2,TARNAVA,143646,C,3,1124,1117,7,645,611,7,27,641,4,1200,555,395,246
34,SIBIU,348,0,SAT TARNAVA SCOANA GENERALA 2,TARNAVA,143646,C,3,1037,1023,14,613,599,14,0,605,8,1100,487,252,353
34,SIBIU,349,0,SAT TURNU ROSU NR.70,TURNU ROSU,145934,C,3,1381,1369,12,788,758,12,18,781,7,1500,712,258,523
34,SIBIU,350,0,SAT SEBESU DE JOS NR.140,TURNU ROSU,145934,C,3,529,524,5,340,334,5,1,335,5,600,260,121,214
34,SIBIU,351,0,SAT VALEA VIILOR NR.343,VALEA VIILOR,145961,C,3,1219,1202,17,776,725,17,34,763,13,1300,524,295,468
34,SIBIU,352,0,SAT MOTIS NR.182,VALEA VIILOR,145961,C,3,465,453,12,251,220,12,19,250,1,500,249,101,149
34,SIBIU,353,0,SAT VURPAR NR.455,VURPAR,145998,C,3,962,950,12,518,495,12,11,509,9,1100,582,329,180
34,SIBIU,354,0,SAT VURPAR NR.367,VURPAR,145998,C,3,738,733,5,366,357,5,4,363,3,800,434,171,192
35,SUCEAVA,1,0,"PRIMARIA MUNICIPIULUI SUCEAVA B-dul. 1 Mai, nr. 5A",MUNICIPIUL SUCEAVA,146263,M,1,1619,1599,20,1069,1047,20,2,1063,6,1800,731,400,663
35,SUCEAVA,2,0,"COLEGIUL NATIONAL  PETRU RARES  Sala A Str. Mihai Viteazu, nr.29",MUNICIPIUL SUCEAVA,146263,M,1,1939,1919,20,1333,1308,20,5,1322,11,2100,767,493,829
35,SUCEAVA,3,0,"COLEGIUL NATIONAL  PETRU RARES  Sala B Str. Mihai Viteazu, nr.29",MUNICIPIUL SUCEAVA,146263,M,1,1887,1870,17,1262,1243,17,2,1257,5,2100,838,552,705
35,SUCEAVA,4,0,"COLEGIUL NATIONAL  STEFAN CEL MARE  Sala AStr. Vasile Alecsandri, nr.3",MUNICIPIUL SUCEAVA,146263,M,1,1467,1451,16,960,943,16,1,959,1,1600,640,291,668
35,SUCEAVA,5,0,"Casa de culturA a Sindicatelor str. stefan cel mare, nr.20a",MUNICIPIUL SUCEAVA,146263,M,1,1889,1869,20,1304,1278,20,6,1298,6,2100,796,521,777
35,SUCEAVA,6,0,"SCOALA GENERALA  nr 1 Str. Tudor Vladimirescu, nr.5",MUNICIPIUL SUCEAVA,146263,M,1,1202,1197,5,787,778,5,4,782,5,1300,513,320,462
35,SUCEAVA,7,0,"GRUPUL SCOLAR NR.4 Str. Samoil Isopescu, nr.19",MUNICIPIUL SUCEAVA,146263,M,1,1344,1325,19,900,878,19,3,895,5,1500,600,344,551
35,SUCEAVA,8,0,"Liceul de ArtA  Ciprian Porumbescu - corp A str. curtea domnesca, nr.58",MUNICIPIUL SUCEAVA,146263,M,1,875,860,15,582,555,15,12,578,4,1000,418,214,364
35,SUCEAVA,9,0,"Liceul de ArtA  Ciprian Porumbescu - corp B str. petru rares, nr.8",MUNICIPIUL SUCEAVA,146263,M,1,1420,1402,18,850,830,18,2,845,5,1500,650,287,558
35,SUCEAVA,10,0,"SCOALA GENERALA nr.3  Sala A Str. Marasesti, nr.38",MUNICIPIUL SUCEAVA,146263,M,1,1237,1203,34,808,773,34,1,804,4,1300,492,340,464
35,SUCEAVA,11,0,"SCOALA GENERALA nr.3  Sala B  Str. Marasesti, nr.38",MUNICIPIUL SUCEAVA,146263,M,1,1278,1248,30,869,839,30,0,862,7,1400,531,322,540
35,SUCEAVA,12,0,"GRUPUL SCOLAR ECONOMIC   D. CANTEMIR    Aleea Prof. Leca Morariu, nr.17",MUNICIPIUL SUCEAVA,146263,M,1,1328,1308,20,848,827,20,1,839,9,1400,552,327,512
35,SUCEAVA,13,0,GRADINITA CU PROGRAM NORMAL NR 4   Aleea Prof. Leca Morariu,MUNICIPIUL SUCEAVA,146263,M,1,1684,1659,25,1018,988,25,5,1015,3,1800,782,372,643
35,SUCEAVA,14,0,"UNIVERSITATEA   STEFAN CEL MARE    Str Universitatii, nr.13",MUNICIPIUL SUCEAVA,146263,M,1,971,960,11,1563,548,11,1004,1556,7,1598,35,547,1009
35,SUCEAVA,15,0,"DIRECTIA  SILVICA SUCEAVA B-dul. 1Mai , nr.6",MUNICIPIUL SUCEAVA,146263,M,1,1189,1177,12,739,714,12,13,733,6,1300,561,273,460
35,SUCEAVA,16,0,"LICEUL DE INFORMATICA  SPIRU HARET  Sala A ,Str. Zorilor, nr.19",MUNICIPIUL SUCEAVA,146263,M,1,1313,1296,17,763,745,17,1,755,8,1400,637,237,518
35,SUCEAVA,17,0,"LICEUL DE INFORMATICA  SPIRU HARET  Sala B Str. Zorilor, nr.19",MUNICIPIUL SUCEAVA,146263,M,1,1125,1114,11,696,680,11,5,689,7,1300,604,253,436
35,SUCEAVA,18,0,"GRADINITA CU PROGRAM PRELUNGIT NR.7 ABC Str. Zorilor, nr.10",MUNICIPIUL SUCEAVA,146263,M,1,1673,1655,18,998,980,18,0,993,5,1800,802,389,604
35,SUCEAVA,19,0,"SCOALA GENERALA nr. 4 Sala A Str. Zorilor, nr.10A",MUNICIPIUL SUCEAVA,146263,M,1,1754,1739,15,1001,986,15,0,998,3,1900,899,375,623
35,SUCEAVA,20,0,"SCOALA GENERALA nr. 4 Sala B Str. Zorilor, nr.10A",MUNICIPIUL SUCEAVA,146263,M,1,1526,1514,12,920,908,12,0,915,5,1700,780,325,590
35,SUCEAVA,21,0,"SCOALA GENERALA nr. 8 Aleea Jupiter, nr.12",MUNICIPIUL SUCEAVA,146263,M,1,2110,2093,17,1180,1163,17,0,1175,5,2300,1120,426,749
35,SUCEAVA,22,0,"GRADINITA nr. 5  Aleea Jupiter, f.n.",MUNICIPIUL SUCEAVA,146263,M,1,1903,1885,18,1048,1030,18,0,1044,4,2100,1052,362,682
35,SUCEAVA,23,0,"GRADINITA nr.1 Aleea Lalelelor, f.n.",MUNICIPIUL SUCEAVA,146263,M,1,1543,1528,15,886,871,15,0,883,3,1700,814,328,555
35,SUCEAVA,24,0,"LICEUL CU PROGRAM SPORTIV Sala A   B-dul George Enescu, nr.26A",MUNICIPIUL SUCEAVA,146263,M,1,1715,1688,27,1009,981,27,1,1003,6,1900,891,379,624
35,SUCEAVA,25,0,"LICEUL CU PROGRAM SPORTIV Sala B       B-dul George Enescu, nr.26A",MUNICIPIUL SUCEAVA,146263,M,1,1954,1941,13,1085,1069,13,3,1076,9,2100,1015,364,712
35,SUCEAVA,26,0,"COLEGIUL NATIONAL  MIHAI EMINESCU Corp A Str. Marasesti, nr.57",MUNICIPIUL SUCEAVA,146263,M,1,1274,1263,11,689,665,11,13,688,1,1400,711,209,479
35,SUCEAVA,27,0,"COLEGIUL NATIONAL  MIHAI EMINESCU Corp B Str. Marasesti, nr.57",MUNICIPIUL SUCEAVA,146263,M,1,1489,1473,16,942,925,16,1,939,3,1600,658,280,659
35,SUCEAVA,28,0,"GRADINITA CU PROGRAM PRELUNGIT NR. 4 Str. Marasesti, nr.55",MUNICIPIUL SUCEAVA,146263,M,1,1822,1799,23,1105,1080,2,23,1102,3,2000,895,377,725
35,SUCEAVA,29,0,"GRUPUL SCOLAR ALIMENTAR Sala AStr. Dimitrie Cantemir, nr.5",MUNICIPIUL SUCEAVA,146263,M,1,1888,1868,20,1132,1106,20,6,1119,13,2100,968,367,752
35,SUCEAVA,30,0,"GRUPUL SCOLAR ALIMENTAR  Sala BStr. Dimitrie Cantemir, nr.5",MUNICIPIUL SUCEAVA,146263,M,1,1901,1888,13,1158,1140,13,5,1150,8,2100,942,361,789
35,SUCEAVA,31,0,"GRADINITA CU PROGRAM PRELUNGIT  nr.3  Str. Dobrogeanu Gherea, nr.35",MUNICIPIUL SUCEAVA,146263,M,1,597,587,10,413,399,10,4,410,3,700,287,132,278
35,SUCEAVA,32,0,"S.C.TRUST ORIZONT S.A.Str. Cernauti, nr.55",MUNICIPIUL SUCEAVA,146263,M,1,452,438,14,252,238,14,0,249,3,500,248,70,179
35,SUCEAVA,33,0,"GRUPUL SCOLAR NR.2 Calea Unirii, nr.15",MUNICIPIUL SUCEAVA,146263,M,1,510,492,18,279,249,18,12,276,3,600,321,103,173
35,SUCEAVA,34,0,"ROMTELECOM  S.A. Str. Bistritei,nr11B",MUNICIPIUL SUCEAVA,146263,M,1,1936,1921,15,1195,1178,15,2,1189,6,2100,905,294,895
35,SUCEAVA,35,0,"INSPECTORATUL TERITORIAL DE MUNCA str. Bistritei, nr.11",MUNICIPIUL SUCEAVA,146263,M,1,2034,2008,26,1167,1141,26,0,1163,4,2200,1033,316,847
35,SUCEAVA,36,0,"Agentia PENTRU protectia mediului str. Bistritei, nr.1bis",MUNICIPIUL SUCEAVA,146263,M,1,2141,2115,26,1258,1232,26,0,1254,4,2300,1042,365,889
35,SUCEAVA,37,0,"SCOALA GENERALA NR. 9 B-dul Pref.Gavril Tudoras, nr13",MUNICIPIUL SUCEAVA,146263,M,1,1753,1739,14,1034,1020,14,0,1034,0,1900,866,320,714
35,SUCEAVA,38,0,"SCOALA GENERALA NR. 9 B-dul Pref.Gavril Tudoras, nr.13",MUNICIPIUL SUCEAVA,146263,M,1,1908,1889,19,1144,1124,19,1,1138,6,2100,956,351,787
35,SUCEAVA,39,0,"SCOALA GENERALA NR. 9 B-dul Pref.Gavril Tudoras, nr.13",MUNICIPIUL SUCEAVA,146263,M,1,2044,2020,24,1122,1098,24,0,1117,5,2200,1078,319,798
35,SUCEAVA,40,0,"GRADINITA 9 Str. Jean Bart,nr.10",MUNICIPIUL SUCEAVA,146263,M,1,1785,1745,40,934,894,40,0,931,3,1900,966,313,618
35,SUCEAVA,41,0,"ATELIER ZONA- CFR Str. Nicolae Iorga, nr.9",MUNICIPIUL SUCEAVA,146263,M,1,1934,1906,28,1032,1002,28,2,1028,4,2100,1068,326,702
35,SUCEAVA,42,0,"SCOALA GENERALA NR. 10  Sala A Str. Baladei, nr.6",MUNICIPIUL SUCEAVA,146263,M,1,2013,1992,21,1054,1030,21,3,1044,10,2200,1146,312,732
35,SUCEAVA,43,0,"SCOALA GENERALA NR. 10   Sala B Str. Baladei, nr.6",MUNICIPIUL SUCEAVA,146263,M,1,2019,1998,21,1045,1020,21,4,1041,4,2200,1155,309,732
35,SUCEAVA,44,0,"GRUPUL SCOLAR nr.1 Sala A Calea Unirii, nr.49",MUNICIPIUL SUCEAVA,146263,M,1,1991,1971,20,1110,1086,20,4,1103,7,2200,1090,325,778
35,SUCEAVA,45,0,"GRUPUL SCOLAR nr.1 Sala B Calea Unirii, nr.49",MUNICIPIUL SUCEAVA,146263,M,1,2121,2101,20,1210,1187,20,3,1201,9,2300,1090,402,799
35,SUCEAVA,46,0,"SCOALA GENERALA NR. 5   Calea Unirii, nr.53",MUNICIPIUL SUCEAVA,146263,M,1,1315,1297,18,713,692,18,3,712,1,1400,687,232,480
35,SUCEAVA,47,0,"CENTRU SCOLAR SUCEAVA Sala A Calea Unirii, nr.82",MUNICIPIUL SUCEAVA,146263,M,1,2035,2019,16,1082,1066,16,0,1077,5,2300,1218,327,750
35,SUCEAVA,48,0,"CENTRU SCOLAR SUCEAVA- Sala B Calea Unirii, nr.82",MUNICIPIUL SUCEAVA,146263,M,1,996,980,16,996,980,16,0,989,7,2200,1204,310,679
35,SUCEAVA,49,0,"GRADINITA NR. 16 Str. Tineretului, nr.6A",MUNICIPIUL SUCEAVA,146263,M,1,1682,1661,21,914,892,21,1,909,5,1800,886,298,611
35,SUCEAVA,50,0,"SCOALA GENERALA nr.11 Sala A Str. Pacii, nr.8",MUNICIPIUL SUCEAVA,146263,M,1,2062,2042,20,1066,1046,20,0,1056,10,2200,1134,303,753
35,SUCEAVA,51,0,"SCOALA GENERALA nr.11 Sala B Str. Pacii, nr.8",MUNICIPIUL SUCEAVA,146263,M,1,1984,1969,15,1079,1064,15,0,1071,8,2200,1121,356,715
35,SUCEAVA,52,0,"SCOALA GENERALA nr.11 Sala C Str. Pacii, nr.8",MUNICIPIUL SUCEAVA,146263,M,1,1954,1938,16,1073,1056,16,1,1058,15,2100,1018,333,725
35,SUCEAVA,53,0,"SCOALA GENERALA nr.11 Sala D Str. Pacii, nr.8",MUNICIPIUL SUCEAVA,146263,M,1,2034,2017,17,1011,989,17,5,1000,11,2200,1189,357,643
35,SUCEAVA,54,0,SCOALA GENERALA NR 5 CORP B Str. Gh. DOja nr 237 A,MUNICIPIUL SUCEAVA,146263,M,1,1143,1128,15,652,637,15,0,648,4,1200,548,205,443
35,SUCEAVA,55,0,"SCOALA GENERALA NR. 6 Str. 22 Decembrie , nr.189",MUNICIPIUL SUCEAVA,146263,M,1,1784,1761,23,1026,1002,23,1,1011,15,1900,874,339,672
35,SUCEAVA,56,0,"GARA SUCEAVA NORD ITCANI, Str Garii nr 4",MUNICIPIUL SUCEAVA,146263,M,1,1099,1068,31,1552,628,31,893,1540,10,1700,148,513,1027
35,SUCEAVA,57,0,"GRADINITA DE COPII CU PROGRAM NORMAL NR.8 Str. Gr. Alex. Ghica, nr.73",MUNICIPIUL SUCEAVA,146263,M,1,1283,1263,20,691,671,20,0,681,10,1400,709,321,360
35,SUCEAVA,58,0,"SCOALA GENERALA NR. 7    Str.Epaminonda Buceschi, nr.7",MUNICIPIUL SUCEAVA,146263,M,1,1282,1252,30,732,697,30,5,720,12,1400,668,319,401
35,SUCEAVA,59,1,Azilul de batrani Str. Parcului nr 6 A,MUNICIPIUL SUCEAVA,146263,M,1,9,0,9,65,0,9,56,59,6,200,135,27,32
35,SUCEAVA,60,1,Spitalul Judetean Suceava B-dul 1 Mai NR 21,MUNICIPIUL SUCEAVA,146263,M,1,9,0,9,528,0,9,519,521,7,1900,1372,247,274
35,SUCEAVA,61,1,"Grupul de pompieri Bucovina al judetului Suceava, Str Universitatii Nr 14",MUNICIPIUL SUCEAVA,146263,M,1,8,0,8,122,0,8,114,122,0,200,78,45,77
35,SUCEAVA,62,0,Scoala generala nr. 1  Theodor Darie   Calea Transilvaniei nr.114,MUNICIPIUL CAMPULUNG MOLDOVENESC,146502,M,1,1435,1428,7,871,864,7,0,865,6,1600,729,258,607
35,SUCEAVA,63,0,Liceul de Constructii  Calea Transilvaniei nr.55,MUNICIPIUL CAMPULUNG MOLDOVENESC,146502,M,1,975,963,12,579,567,12,0,577,2,1100,521,207,370
35,SUCEAVA,64,0,Circumscriptia Sanitara Veterinara  str.Eudoxiu Hurmuzachi nr.8,MUNICIPIUL CAMPULUNG MOLDOVENESC,146502,M,1,1391,1378,13,852,837,13,2,847,5,1500,648,301,546
35,SUCEAVA,65,0,Scoala generala nr 4  Teodor Stefanelli Calea Transilvaniei nr.36,MUNICIPIUL CAMPULUNG MOLDOVENESC,146502,M,1,921,913,8,937,505,8,424,928,9,1300,363,300,628
35,SUCEAVA,66,0,Colegiul National  Dragos Voda   Str.Liceului nr.3,MUNICIPIUL CAMPULUNG MOLDOVENESC,146502,M,1,1358,1339,19,753,733,19,1,749,4,1500,747,253,496
35,SUCEAVA,67,0,Clubul Copiilor si Elevilor str.22 Decembrie nr.3,MUNICIPIUL CAMPULUNG MOLDOVENESC,146502,M,1,1467,1454,13,874,861,13,0,868,6,1600,726,233,635
35,SUCEAVA,68,0,Scoala generala nr.3  Bogdan Voda  Calea Bucovinei nr.36,MUNICIPIUL CAMPULUNG MOLDOVENESC,146502,M,1,1575,1571,4,981,966,4,11,975,6,1700,719,277,698
35,SUCEAVA,69,0,Complexul  Ioana  (B.T.T.) str.Pinului nr.37,MUNICIPIUL CAMPULUNG MOLDOVENESC,146502,M,1,665,661,4,398,393,4,1,394,4,700,302,137,257
35,SUCEAVA,70,0,Liceul Silvic (localul nou) Calea Bucovinei nr.56,MUNICIPIUL CAMPULUNG MOLDOVENESC,146502,M,1,1518,1506,12,828,813,12,3,823,5,1700,872,247,576
35,SUCEAVA,71,0,Liceul Silvic ( localul vechi) Calea Bucovinei nr.56,MUNICIPIUL CAMPULUNG MOLDOVENESC,146502,M,1,1450,1444,6,844,837,6,1,836,8,1600,756,270,566
35,SUCEAVA,72,0,Liceul Silvic (localul vechi) Calea Bucovinei nr.56,MUNICIPIUL CAMPULUNG MOLDOVENESC,146502,M,1,1569,1566,3,867,857,3,7,862,5,1700,833,262,600
35,SUCEAVA,73,0,S.C. Transport Auto  Raraul  S.A. str. Dobrogeanu Gherea nr.19,MUNICIPIUL CAMPULUNG MOLDOVENESC,146502,M,1,1081,1067,14,712,691,14,7,705,7,1200,488,257,448
35,SUCEAVA,74,0,Scoala generala nr.2  George Voevidca  Calea Bucovinei nr.208,MUNICIPIUL CAMPULUNG MOLDOVENESC,146502,M,1,1017,1012,5,630,623,5,2,626,4,1100,470,226,400
35,SUCEAVA,75,0,Scoala generala nr.2  George Voevidca  Calea Bucovinei nr.208,MUNICIPIUL CAMPULUNG MOLDOVENESC,146502,M,1,1053,1046,7,669,660,7,2,665,4,1200,531,202,463
35,SUCEAVA,76,1,"Spitalul municipal , Str Sirenei Nr. 25",MUNICIPIUL CAMPULUNG MOLDOVENESC,146502,M,1,10,0,10,132,0,10,122,130,2,400,268,51,79
35,SUCEAVA,77,0,Liceul Industrial nr.1 str.Nicolae Beldiceanu,MUNICIPIUL FALTICENI,146539,M,1,1743,1698,45,888,843,45,0,884,4,1900,1012,448,436
35,SUCEAVA,78,0,Scoala generala nr.1  str.Sucevei nr.78,MUNICIPIUL FALTICENI,146539,M,1,1535,1525,10,843,832,10,1,834,9,1702,859,462,372
35,SUCEAVA,79,0,Liceul  Nicu Gane str.Sucevei nr.111,MUNICIPIUL FALTICENI,146539,M,1,1631,1611,20,895,869,20,6,891,4,1800,905,419,472
35,SUCEAVA,80,0,S.C. GOSCOM SA str.13 Decembrie nr.13,MUNICIPIUL FALTICENI,146539,M,1,1698,1676,22,1067,849,22,196,1053,14,2000,933,509,544
35,SUCEAVA,81,0,Scoala generala nr.6 str. 13 Decembrie nr.19,MUNICIPIUL FALTICENI,146539,M,1,1509,1491,18,728,710,18,0,719,9,1600,872,365,354
35,SUCEAVA,82,0,Scoala generala nr.6 str.13 Decembrie nr.19,MUNICIPIUL FALTICENI,146539,M,1,1731,1662,69,999,929,69,1,990,9,1800,801,470,520
35,SUCEAVA,83,0,Scoala generala nr.3 str.Ana Ipatescu nr.115,MUNICIPIUL FALTICENI,146539,M,1,1997,1945,52,1027,972,52,3,1018,9,2098,1071,500,518
35,SUCEAVA,84,0,Scoala generala nr.3  str.Ana Ipatescu nr.115,MUNICIPIUL FALTICENI,146539,M,1,1580,1549,31,750,719,31,0,743,7,1700,950,343,400
35,SUCEAVA,85,0,Scoala generala nr.2 str.N.Beldiceanu nr.23,MUNICIPIUL FALTICENI,146539,M,1,2208,2141,67,1106,1036,67,3,1099,7,2300,1194,459,640
35,SUCEAVA,86,0,Scoala generala nr.3 str.I.Dragoslav nr.9,MUNICIPIUL FALTICENI,146539,M,1,1198,1191,7,681,667,7,7,673,8,1400,719,343,330
35,SUCEAVA,87,0,Gradinita. FINTEX   str. Filaturii,MUNICIPIUL FALTICENI,146539,M,1,1568,1500,68,766,698,68,0,762,4,1600,834,373,389
35,SUCEAVA,88,0,Liceul  Agroindustrial str.Maior Ioan nr.16,MUNICIPIUL FALTICENI,146539,M,1,1742,1726,16,903,874,16,13,894,9,1899,996,492,402
35,SUCEAVA,89,0,Liceul Agroindustrial str.Maior Ioan nr.16,MUNICIPIUL FALTICENI,146539,M,1,1652,1644,8,952,942,8,2,944,8,1800,848,489,455
35,SUCEAVA,90,0,Scoala generala nr.5 str.Ion Creanga nr.82,MUNICIPIUL FALTICENI,146539,M,1,1186,1170,16,690,671,16,3,687,3,1300,610,319,368
35,SUCEAVA,91,0,Scoala generala nr.4 str.Armatei nr.20,MUNICIPIUL FALTICENI,146539,M,1,1446,1405,41,804,761,41,2,797,7,1500,696,506,291
35,SUCEAVA,92,0,Scoala Tarna Mare,MUNICIPIUL FALTICENI,146539,M,1,620,607,13,346,333,13,0,344,2,700,354,212,132
35,SUCEAVA,93,0,S.C. FALTIN S.A.,MUNICIPIUL FALTICENI,146539,M,1,1765,1696,69,869,800,69,0,862,7,1900,1031,443,419
35,SUCEAVA,94,1,"Spitalul Municipal Falticeni , Str. Mihai Eminescu",MUNICIPIUL FALTICENI,146539,M,1,9,0,9,209,0,9,200,205,4,700,491,161,44
35,SUCEAVA,95,1,"Centrul de Instructie Jandarmi, Str. Armatei Nr. 1",MUNICIPIUL FALTICENI,146539,M,1,15,0,15,568,0,15,553,563,5,900,332,303,260
35,SUCEAVA,96,0,Casa de Cultura str.Bogdan Voda nr.12,MUNICIPIUL RADAUTI,146628,M,1,1880,1870,10,1143,1115,10,18,1136,7,2100,957,418,718
35,SUCEAVA,97,0,Biblioteca municipiului Radauti  str. Piata Unirii nr.62,MUNICIPIUL RADAUTI,146628,M,1,1691,1676,15,900,875,15,10,892,8,1800,900,329,563
35,SUCEAVA,98,0,Primaria municipiului Radauti  Str.Piata Unirii nr.2,MUNICIPIUL RADAUTI,146628,M,1,1766,1746,20,933,913,20,0,919,14,2000,1067,313,606
35,SUCEAVA,99,0,Scoala generala nr.4 str.Stefan cel Mare nr.18,MUNICIPIUL RADAUTI,146628,M,1,1772,1750,22,1348,909,22,417,1330,18,2200,852,461,869
35,SUCEAVA,100,0,Grup Scolar Industrial nr.1 str.Tudor Vladimirescu nr.12,MUNICIPIUL RADAUTI,146628,M,1,1279,1273,6,801,697,6,98,789,12,1400,599,302,487
35,SUCEAVA,101,0,Colegiul  Eudoxiu Hurmuzachi   Calea Bucovinei nr.9-11,MUNICIPIUL RADAUTI,146628,M,1,1622,1612,10,916,901,10,5,910,6,1800,884,350,560
35,SUCEAVA,102,0,Scoala generala nr.5 str.Eudoxiu Hurmuzachi nr.7,MUNICIPIUL RADAUTI,146628,M,1,1652,1638,14,957,943,14,0,947,10,1799,842,365,582
35,SUCEAVA,103,0,Gradinita nr.8 str.Mihai Viteazu nr.52,MUNICIPIUL RADAUTI,146628,M,1,1891,1868,23,906,882,23,1,897,9,2000,1094,206,691
35,SUCEAVA,104,0,SC MOBILA SA str.Volovatului nr.82,MUNICIPIUL RADAUTI,146628,M,1,2251,2224,27,1044,1017,27,0,1036,8,2400,1356,322,714
35,SUCEAVA,105,0,Policlinica Calea Bucovinei nr.34,MUNICIPIUL RADAUTI,146628,M,1,1722,1717,5,947,809,5,133,934,13,1900,953,303,631
35,SUCEAVA,106,0,Scoala generala nr.3 str.Iancu Flondor nr.3,MUNICIPIUL RADAUTI,146628,M,1,1476,1455,21,760,739,21,0,752,8,1600,840,228,524
35,SUCEAVA,107,0,Cresa Hipodrom str.Mihai Viteazu nr.3,MUNICIPIUL RADAUTI,146628,M,1,1701,1686,15,851,832,15,4,845,6,1900,1049,274,571
35,SUCEAVA,108,0,Scoala generala nr.2 str.Horia nr.44,MUNICIPIUL RADAUTI,146628,M,1,1425,1410,15,751,733,15,3,745,6,1500,749,268,477
35,SUCEAVA,109,0,Scoala generala nr.1 str.Constantin Dobrogeanu Gherea nr.12,MUNICIPIUL RADAUTI,146628,M,1,1227,1212,15,612,595,15,2,610,2,1300,688,199,411
35,SUCEAVA,110,0,Gradinita nr.9 str.1 Mai nr.64,MUNICIPIUL RADAUTI,146628,M,1,1580,1569,11,855,844,11,0,846,9,1693,838,293,553
35,SUCEAVA,111,0,Casa de Cultura  Platon Pardau   str.Garii nr.2,MUNICIPIUL VATRA DORNEI,146744,M,1,1636,1616,20,1144,1007,20,117,1137,7,1800,656,465,672
35,SUCEAVA,112,0,Hotelul  Bradul  str.Republicii nr.5,MUNICIPIUL VATRA DORNEI,146744,M,1,1964,1923,41,1255,1198,41,16,1242,13,2100,845,502,740
35,SUCEAVA,113,0,Scoala  generala nr.1 str.Republicii nr.63,MUNICIPIUL VATRA DORNEI,146744,M,1,1133,1114,19,783,749,19,15,778,5,1200,417,254,524
35,SUCEAVA,114,0,Clubul S.C. Dorna S.A. Calea Transilvaniei nr.24,MUNICIPIUL VATRA DORNEI,146744,M,1,1342,1322,20,852,823,20,9,847,5,1400,548,331,516
35,SUCEAVA,115,0,Scoala generala  ROSU str.Rosu nr.64,MUNICIPIUL VATRA DORNEI,146744,M,1,537,527,10,343,333,10,0,342,1,600,257,117,225
35,SUCEAVA,116,0,Scoala generala nr.2  str.Unirii nr.52,MUNICIPIUL VATRA DORNEI,146744,M,1,1841,1816,25,1120,1089,25,6,1115,5,2000,880,410,705
35,SUCEAVA,117,0,Caminul de copii cu orar prelungit  str.Unirii nr.35,MUNICIPIUL VATRA DORNEI,146744,M,1,1935,1912,23,1265,1221,23,21,1260,5,2100,835,454,806
35,SUCEAVA,118,0,Clubul Dorna Foresta str. Unirii,MUNICIPIUL VATRA DORNEI,146744,M,1,1065,1051,14,647,626,14,7,642,5,1200,553,215,427
35,SUCEAVA,119,0,Scoala generala nr. 3  str. Chilia nr. 13,MUNICIPIUL VATRA DORNEI,146744,M,1,1994,1974,20,1221,1194,20,7,1209,12,2200,979,378,831
35,SUCEAVA,120,0,Complex C.F.R.  Gara Mare str.Podu Verde nr.15,MUNICIPIUL VATRA DORNEI,146744,M,1,1056,1036,20,1192,636,20,536,1184,8,1400,208,330,854
35,SUCEAVA,121,0,Scoala Generala Argestru,MUNICIPIUL VATRA DORNEI,146744,M,1,550,542,8,356,348,8,0,356,0,600,244,155,201
35,SUCEAVA,122,1,"Caminul de Garnizoana Vatra Dornei, Str. Republicii FN",MUNICIPIUL VATRA DORNEI,146744,M,1,15,0,15,140,0,15,125,138,2,300,160,46,92
35,SUCEAVA,123,0,Caminul cultural Holda,ORAS BROSTENI,147358,O,1,1089,1068,21,650,627,21,2,644,6,1200,550,289,355
35,SUCEAVA,124,0,Primaria orasului Brosteni,ORAS BROSTENI,147358,O,1,915,886,29,558,428,29,101,551,7,1000,442,265,286
35,SUCEAVA,125,0,Grupul Scolar Brosteni,ORAS BROSTENI,147358,O,1,1410,1352,58,702,630,58,14,697,5,1500,798,369,328
35,SUCEAVA,126,0,Spitalul Medico Social Carmen Sylva Brosteni,ORAS BROSTENI,147358,O,1,464,458,6,270,264,6,0,268,2,500,230,142,126
35,SUCEAVA,127,0,Scoala generala Cotargasi nr.1,ORAS BROSTENI,147358,O,1,977,957,20,647,627,20,0,640,7,1000,353,278,362
35,SUCEAVA,128,0,Scoala generala Frasin,ORAS BROSTENI,147358,O,1,435,419,16,293,277,16,0,287,6,500,207,127,160
35,SUCEAVA,129,0,Scoala  primara Darmoxa,ORAS BROSTENI,147358,O,1,150,132,18,97,79,18,0,97,0,200,103,43,54
35,SUCEAVA,130,0,Caminul cultural Cajvana,ORAS CAJVANA,147633,O,1,1537,1534,3,746,737,3,6,743,3,1700,954,329,414
35,SUCEAVA,131,0,Scoala generala  Racar,ORAS CAJVANA,147633,O,1,1458,1448,10,690,677,10,3,690,0,1600,910,181,509
35,SUCEAVA,132,0,Scoala cu clasele I- IV Cajvana,ORAS CAJVANA,147633,O,1,1376,1362,14,680,659,14,7,679,1,1496,816,304,375
35,SUCEAVA,133,0,Gradinita  Deal -,ORAS CAJVANA,147633,O,1,1103,1092,11,458,447,11,0,454,4,1200,742,192,262
35,SUCEAVA,134,0,Grup Scolar Dolhasca,ORAS DOLHASCA,148006,O,1,1185,1104,81,564,482,81,1,557,7,1200,636,305,252
35,SUCEAVA,135,0,Scoala cu clasele I-IV Dolhasca,ORAS DOLHASCA,148006,O,1,1007,947,60,578,430,60,88,570,8,1000,422,318,252
35,SUCEAVA,136,0,Scoala cu clasele I-IV Sandeni,ORAS DOLHASCA,148006,O,1,833,777,56,452,377,56,19,448,4,800,348,283,165
35,SUCEAVA,137,0,Scoala cu clasele I-IV Poiana,ORAS DOLHASCA,148006,O,1,414,391,23,247,217,23,7,245,2,400,153,149,96
35,SUCEAVA,138,0,Scoala cu clasele I-VIII Gulia,ORAS DOLHASCA,148006,O,1,1417,1365,52,803,750,52,1,792,11,1500,697,635,157
35,SUCEAVA,139,0,Scoala cu clasele I-VIII Probota,ORAS DOLHASCA,148006,O,1,1436,1407,29,863,795,29,39,849,14,1500,637,596,253
35,SUCEAVA,140,0,Scoala cu clasele I-IV Poienari,ORAS DOLHASCA,148006,O,1,241,206,35,187,147,35,5,183,4,300,113,150,33
35,SUCEAVA,141,0,Scoala cu clasele I-VIII Silistea,ORAS DOLHASCA,148006,O,1,603,569,34,369,335,34,0,367,2,600,231,237,130
35,SUCEAVA,142,0,Scoala cu clasele I-VIII Budeni,ORAS DOLHASCA,148006,O,1,1146,1094,52,662,575,52,35,657,5,1200,538,486,171
35,SUCEAVA,143,0,Scoala cu clasele I-IV Valea Poienei,ORAS DOLHASCA,148006,O,1,430,402,28,263,235,28,0,258,5,500,237,148,110
35,SUCEAVA,144,0,Primaria orasului Frasin,ORAS FRASIN,148612,O,1,1261,1242,19,664,632,19,13,655,9,1400,736,332,323
35,SUCEAVA,145,0,Scoala generala Frasin,ORAS FRASIN,148612,O,1,1190,1148,42,675,623,42,10,667,8,1300,625,455,212
35,SUCEAVA,146,0,Scoala generala Bucsoaia,ORAS FRASIN,148612,O,1,1213,1146,67,737,670,67,0,726,11,1300,563,401,325
35,SUCEAVA,147,0,Scoala generala Doroteia,ORAS FRASIN,148612,O,1,1101,1084,17,587,570,17,0,581,6,1200,613,319,262
35,SUCEAVA,148,0,Caminul Cultural Plutonita,ORAS FRASIN,148612,O,1,554,545,9,319,309,9,1,315,4,600,281,205,110
35,SUCEAVA,149,0,Muzeul Obiceiurilor Populare  Gura Humorului str. Piata Republicii,ORAS GURA HUMORULUI,146584,O,1,2557,2522,35,1763,1465,35,263,1754,9,3000,1237,689,1065
35,SUCEAVA,150,0,Scoala cu clasele I-VIII nr.4 str. Sf. Mihail nr. 11,ORAS GURA HUMORULUI,146584,O,1,1607,1593,14,954,937,14,3,936,18,1800,846,375,561
35,SUCEAVA,151,0,Scoala cu clasele I-VIII nr.1 B-dul Bucovina nr. 62,ORAS GURA HUMORULUI,146584,O,1,1880,1857,23,1199,1094,23,82,1193,6,2000,801,515,678
35,SUCEAVA,152,0,Scoala cu clasele I-VIII nr.2 B-dul Bucovina nr. 25,ORAS GURA HUMORULUI,146584,O,1,2206,2168,38,1273,1235,38,0,1263,10,2400,1127,501,762
35,SUCEAVA,153,0,Grupul Scolar  Alexandru cel Bun  B-dul Bucovina nr. 41,ORAS GURA HUMORULUI,146584,O,1,2286,2270,16,1270,1247,16,7,1265,5,2500,1230,454,811
35,SUCEAVA,154,0,Scoala cu clasele I-VIII nr. 3 Str. Sf. Mihail nr. 27,ORAS GURA HUMORULUI,146584,O,1,1666,1649,17,986,959,17,10,977,9,1800,814,407,570
35,SUCEAVA,155,0,Scoala cu clasele I-IV Boureni,ORAS GURA HUMORULUI,146584,O,1,626,615,11,338,325,11,2,335,3,600,262,179,156
35,SUCEAVA,156,0,Caminul Cultural Voronet,ORAS GURA HUMORULUI,146584,O,1,637,628,9,424,412,9,3,417,7,700,276,160,257
35,SUCEAVA,157,0,Caminul cultural Liteni,ORAS LITENI,149227,O,1,1719,1699,20,974,917,20,37,965,9,1900,926,486,479
35,SUCEAVA,158,0,Corpul III - Grup scolar Liteni,ORAS LITENI,149227,O,1,1915,1847,68,1077,1007,68,2,1061,16,2000,923,561,500
35,SUCEAVA,159,0,Scoala cu clasele I-X Rotunda,ORAS LITENI,149227,O,1,1134,1102,32,650,602,32,16,647,3,1200,550,425,222
35,SUCEAVA,160,0,Scoala generala cu clasele I-IV Rotunda II,ORAS LITENI,149227,O,1,543,502,41,308,256,41,11,306,2,600,292,231,75
35,SUCEAVA,161,0,Scoala cu clasele I-VIII Roscani,ORAS LITENI,149227,O,1,1025,970,55,643,581,55,7,633,10,1100,457,353,280
35,SUCEAVA,162,0,Scoala cu clasele I-VIII Corni,ORAS LITENI,149227,O,1,657,640,17,440,418,17,5,435,5,700,260,223,212
35,SUCEAVA,163,0,Scoala cu clasele I-VIII Silistea,ORAS LITENI,149227,O,1,624,604,20,403,362,20,21,399,4,700,297,272,127
35,SUCEAVA,164,0,Caminul cultural Milisauti,ORAS MILISAUTI,146931,O,1,1448,1428,20,945,925,20,0,940,5,1604,659,427,513
35,SUCEAVA,165,0,Fostul sediu COOP Milisauti,ORAS MILISAUTI,146931,O,1,1477,1460,17,906,874,17,15,898,8,1600,694,492,406
35,SUCEAVA,166,0,Caminul cultural Badeuti,ORAS MILISAUTI,146931,O,1,1185,1185,0,727,727,0,0,716,11,1300,573,340,376
35,SUCEAVA,167,0,Caminul cultural Salcea,ORAS SALCEA,146370,O,1,2129,2103,26,1183,1155,26,2,1174,9,2301,1118,636,538
35,SUCEAVA,168,0,Caminul cultural Plopeni,ORAS SALCEA,146370,O,1,2433,2397,36,1242,1206,36,0,1229,13,2600,1358,643,586
35,SUCEAVA,169,0,Caminul cultural Prelipca,ORAS SALCEA,146370,O,1,953,944,9,563,554,9,0,551,12,1000,437,315,236
35,SUCEAVA,170,0,Caminul cultural Varatec,ORAS SALCEA,146370,O,1,1114,1102,12,661,649,12,0,655,6,1200,539,390,265
35,SUCEAVA,171,0,Casa de Cultura Siret str.Latcu Voda nr.2,ORAS SIRET,146655,O,1,1851,1841,10,1118,950,10,158,1107,11,2200,1082,506,601
35,SUCEAVA,172,0,Liceul  Latcu Voda  Siret str.Latcu Voda  nr.7,ORAS SIRET,146655,O,1,1632,1610,22,865,836,22,7,861,4,1800,935,367,494
35,SUCEAVA,173,0,Gradinita  Luminita   Siret str.Mihai Teliman nr.16A,ORAS SIRET,146655,O,1,1980,1965,15,921,906,15,0,910,11,2200,1279,451,459
35,SUCEAVA,174,0,Muzeul orasului Siret str.9 Mai nr.17,ORAS SIRET,146655,O,1,1071,1060,11,593,576,11,6,583,10,1200,607,290,293
35,SUCEAVA,175,0,Scoala cu clasele I-IV Padureni str.Moldovei nr.18,ORAS SIRET,146655,O,1,454,443,11,283,270,11,2,280,3,500,217,189,91
35,SUCEAVA,176,0,"Scoala cu clasele I-IV Manastioara  str.Livezilor, nr.23",ORAS SIRET,146655,O,1,463,455,8,391,348,8,35,385,6,500,109,288,97
35,SUCEAVA,177,0,Primaria orasului Solca,ORAS SOLCA,146708,O,1,2062,2046,16,1345,1184,16,145,1324,21,2300,955,659,665
35,SUCEAVA,178,0,Scoala Generala I - VIII Poieni-Solca,ORAS SOLCA,146708,O,1,1574,1566,8,865,857,8,0,861,4,1700,835,629,232
35,SUCEAVA,179,0,Caminul cultural Est,ORAS VICOVU DE SUS,151095,O,1,1090,1064,26,548,519,26,3,541,7,1200,652,347,194
35,SUCEAVA,180,0,Gradinita Est,ORAS VICOVU DE SUS,151095,O,1,1366,1336,30,606,576,30,0,593,13,1500,894,365,228
35,SUCEAVA,181,0,Sala de sport Centru,ORAS VICOVU DE SUS,151095,O,1,1728,1683,45,888,824,45,19,881,7,1800,912,540,341
35,SUCEAVA,182,0,Scoala generala veche - Plai,ORAS VICOVU DE SUS,151095,O,1,1075,1030,45,548,503,45,0,539,9,1100,552,359,180
35,SUCEAVA,183,0,Magazin Laura,ORAS VICOVU DE SUS,151095,O,1,1256,1210,46,637,590,46,1,634,3,1300,663,424,210
35,SUCEAVA,184,0,Caminul cultural Laura,ORAS VICOVU DE SUS,151095,O,1,1591,1563,28,746,716,28,2,733,13,1700,954,523,210
35,SUCEAVA,185,0,Scoala generala Bivolarie,ORAS VICOVU DE SUS,151095,O,1,1951,1922,29,1028,985,29,14,1020,8,2100,1072,457,563
35,SUCEAVA,186,0,Scoala cu clasele I-IV Adincata,ADANCATA,146799,C,3,1276,1227,49,948,874,49,25,910,38,1300,352,704,206
35,SUCEAVA,187,0,Scoala cu clasele I-VIII Adancata,ADANCATA,146799,C,3,1115,1085,30,771,736,30,5,766,5,1199,428,474,292
35,SUCEAVA,188,0,Scoala cu clasele I-IV Calugareni,ADANCATA,146799,C,3,577,540,37,424,387,37,0,417,7,600,176,272,145
35,SUCEAVA,189,0,Scoala cu clasele I-VIII Fetesti,ADANCATA,146799,C,3,416,395,21,333,300,21,12,328,5,400,67,243,85
35,SUCEAVA,190,0,Scoala nr.1 Arbore,ARBORE,146860,C,3,1551,1497,54,992,938,54,0,987,5,1700,708,310,677
35,SUCEAVA,191,0,Scoala nr.2 Arbore,ARBORE,146860,C,3,1802,1791,11,975,961,11,3,969,6,2000,1025,411,558
35,SUCEAVA,192,0,Scoala nr.3 Arbore,ARBORE,146860,C,3,961,937,24,630,589,24,17,621,9,1000,370,245,376
35,SUCEAVA,193,0,Scoala nr.4 Clit,ARBORE,146860,C,3,968,948,20,638,601,20,17,632,6,1100,462,435,197
35,SUCEAVA,194,0,Scoala nr.6 Bodnareni,ARBORE,146860,C,3,210,200,10,143,133,10,0,140,3,199,56,76,64
35,SUCEAVA,195,0,Caminul cultural Baia,BAIA,146904,C,3,2221,2142,79,1138,1059,79,0,1125,13,2400,1262,878,247
35,SUCEAVA,196,0,Gradinita 120 locuri Baia,BAIA,146904,C,3,2016,1930,86,1030,944,86,0,1008,22,2100,1070,720,288
35,SUCEAVA,197,0,Caminul cultural Bogata,BAIA,146904,C,3,985,931,54,569,515,54,0,555,14,1000,431,417,138
35,SUCEAVA,198,0,Primaria comunei Balaceana,BALACEANA,151530,C,3,1312,1293,19,770,724,19,27,764,5,1400,630,483,281
35,SUCEAVA,199,0,Primaria comunei Balcauti,BALCAUTI,146995,C,3,1204,1197,7,626,590,7,29,606,20,1300,674,426,180
35,SUCEAVA,200,0,Scoala cu clasele I-IV Gropeni,BALCAUTI,146995,C,3,285,268,17,175,158,17,0,171,4,300,125,108,63
35,SUCEAVA,201,0,Scoala cu clasele V - VIII Negostina,BALCAUTI,146995,C,3,1062,1054,8,632,610,8,14,623,9,1200,568,399,224
35,SUCEAVA,202,0,Primaria comunei Bilca,BILCA,147036,C,3,1028,981,47,511,442,47,22,504,7,1100,589,255,249
35,SUCEAVA,203,0,Scoala generala nr.2 Bilca,BILCA,147036,C,3,1060,1015,45,552,494,45,13,545,7,1100,548,274,271
35,SUCEAVA,204,0,Scoala generala nr.3 Bilca,BILCA,147036,C,3,801,746,55,391,334,55,2,388,3,800,409,240,148
35,SUCEAVA,205,0,Scoala generala nr.1 Bogdanesti (localul vechi),BOGDANESTI,147054,C,3,1837,1762,75,1027,952,75,0,1017,10,1900,873,651,366
35,SUCEAVA,206,0,Scoala generala nr.2 Bogdanesti(localul vechi),BOGDANESTI,147054,C,3,1295,1226,69,687,618,69,0,684,3,1300,613,425,259
35,SUCEAVA,207,0,Caminul cultural Boroaia,BOROAIA,147072,C,3,832,789,43,493,407,43,43,489,4,900,407,356,133
35,SUCEAVA,208,0,Scoala generala nr.2 Boroaia,BOROAIA,147072,C,3,672,652,20,393,372,20,1,390,3,700,307,283,107
35,SUCEAVA,209,0,Caminul cultural Giulesti,BOROAIA,147072,C,3,480,458,22,315,293,22,0,315,0,500,185,209,106
35,SUCEAVA,210,0,Scoala generala Barasti,BOROAIA,147072,C,3,829,791,38,467,415,38,14,462,5,900,433,339,123
35,SUCEAVA,211,0,Scoala generala Sacuta,BOROAIA,147072,C,3,503,482,21,280,259,21,0,277,3,500,220,200,77
35,SUCEAVA,212,0,Caminul cultural Moisa,BOROAIA,147072,C,3,630,616,14,344,330,14,0,340,4,701,357,226,114
35,SUCEAVA,213,0,Caminul Cultural Bosanci,BOSANCI,147134,C,3,2031,1979,52,952,878,52,22,935,17,2200,1248,454,481
35,SUCEAVA,214,0,Scoala Vale  Bosanci,BOSANCI,147134,C,3,1233,1181,52,596,544,52,0,584,12,1300,704,252,332
35,SUCEAVA,215,0,Scoala generala Bosanci - Deal,BOSANCI,147134,C,3,1778,1699,79,915,836,79,0,899,16,1900,985,374,525
35,SUCEAVA,216,0,Scoala din satul Cumparatura,BOSANCI,147134,C,3,223,213,10,138,112,10,16,136,2,300,162,64,72
35,SUCEAVA,217,0,Caminul cultural Botosana,BOTOSANA,147161,C,3,2041,2033,8,1297,1240,8,49,1291,6,2200,903,723,568
35,SUCEAVA,218,0,Primaria comunei Breaza,BREAZA,147205,C,3,1404,1391,13,844,792,13,39,835,9,1500,656,521,314
35,SUCEAVA,219,0,Scoala cu clasele I-VIII Brodina,BRODINA,147241,C,3,1141,1136,5,637,606,5,26,630,7,1200,563,281,349
35,SUCEAVA,220,0,Scoala cu clasele I-VIII Brodina de Jos,BRODINA,147241,C,3,707,687,20,288,254,20,14,285,3,800,512,116,169
35,SUCEAVA,221,0,Clubul din satul Falcau,BRODINA,147241,C,3,971,956,15,552,537,15,0,548,4,1000,448,243,305
35,SUCEAVA,222,0,Primaria  comunei Bunesti,BUNESTI,147465,C,3,501,492,9,283,274,9,0,282,1,500,217,187,95
35,SUCEAVA,223,0,Scoala generala  Podeni,BUNESTI,147465,C,3,383,367,16,216,200,16,0,214,2,400,184,157,57
35,SUCEAVA,224,0,Scoala generala Petia,BUNESTI,147465,C,3,692,675,17,391,374,17,0,382,9,700,309,288,94
35,SUCEAVA,225,0,Scoala  generala Uncesti,BUNESTI,147465,C,3,566,550,16,330,314,16,0,326,4,600,270,236,90
35,SUCEAVA,226,0,Primaria comunei Burla,BURLA,151521,C,3,1485,1450,35,786,751,35,0,774,12,1600,814,439,335
35,SUCEAVA,227,0,Primaria comunei Cacica,CACICA,147526,C,3,1486,1482,4,900,874,4,22,876,24,1600,700,312,564
35,SUCEAVA,228,0,Scoala Cacica,CACICA,147526,C,3,1117,1106,11,640,593,11,36,635,5,1200,560,350,285
35,SUCEAVA,229,0,Scoala Solonetul Nou,CACICA,147526,C,3,638,626,12,389,377,12,0,384,5,701,312,141,243
35,SUCEAVA,230,0,Scoala  Racova,CACICA,147526,C,3,159,153,6,107,90,6,11,107,0,200,93,78,29
35,SUCEAVA,231,0,Caminul cultural Calafindesti,CALAFINDESTI,147580,C,3,1893,1883,10,1182,1162,10,10,1171,11,2100,918,617,554
35,SUCEAVA,232,0,Scoala cu clasele I-IV Botosenita,CALAFINDESTI,147580,C,3,272,262,10,226,186,10,30,223,3,300,74,147,76
35,SUCEAVA,233,0,Caminul cultural Capu Campului,CAPU CAMPULUI,151503,C,3,1792,1755,37,1219,1182,37,0,1209,10,1900,681,533,676
35,SUCEAVA,234,0,Casa de Cultura Ciocanesti,CIOCANESTI,151451,C,3,922,901,21,632,582,21,29,627,5,1000,368,298,329
35,SUCEAVA,235,0,Caminul cultural Botos,CIOCANESTI,151451,C,3,323,300,23,253,214,23,16,250,3,300,47,117,133
35,SUCEAVA,236,0,Primaria comunei Ciprian Porumbescu (sala de consiliu),CIPRIAN PORUMBESCU,151567,C,3,1528,1493,35,995,889,35,71,985,10,1600,605,666,319
35,SUCEAVA,237,0,Primaria comunei Cirlibaba (sala de sedinte),CARLIBABA,147713,C,3,1460,1455,5,882,867,5,10,874,8,1599,717,367,507
35,SUCEAVA,238,0,Caminul cultural Comanesti,COMANESTI,151433,C,3,995,987,8,666,657,8,1,660,6,1100,434,398,262
35,SUCEAVA,239,0,Caminul cultural Humoreni,COMANESTI,151433,C,3,777,761,16,434,415,16,3,426,8,806,372,245,181
35,SUCEAVA,240,0,Scoala generala  Cornu Luncii,CORNU LUNCII,147786,C,3,1096,1076,20,537,513,20,4,531,6,1200,663,332,199
35,SUCEAVA,241,0,Scoala generala  Baisesti,CORNU LUNCII,147786,C,3,1225,1197,28,827,774,28,25,822,5,1300,473,368,454
35,SUCEAVA,242,0,Scoala generala Braiesti,CORNU LUNCII,147786,C,3,1008,975,33,676,619,33,24,670,6,1090,414,256,414
35,SUCEAVA,243,0,Scoala generala Dumbrava,CORNU LUNCII,147786,C,3,345,330,15,215,194,15,6,214,1,400,185,158,56
35,SUCEAVA,244,0,Scoala generala Sasca Noua,CORNU LUNCII,147786,C,3,187,175,12,116,104,12,0,115,1,200,84,75,40
35,SUCEAVA,245,0,Scoala generala Sasca Mica,CORNU LUNCII,147786,C,3,460,450,10,306,284,10,12,303,3,500,194,220,83
35,SUCEAVA,246,0,Scoala generala Sinca,CORNU LUNCII,147786,C,3,180,157,23,114,91,23,0,111,3,198,84,96,15
35,SUCEAVA,247,0,Scoala generala Sasca Mare,CORNU LUNCII,147786,C,3,532,516,16,305,287,16,2,303,2,600,295,249,54
35,SUCEAVA,248,0,Scoala generala Paiseni,CORNU LUNCII,147786,C,3,556,544,12,346,334,12,0,339,7,600,254,220,119
35,SUCEAVA,249,1,Centrul de Recuperare si Reabilitare a Persoanelor cu Handicap Sasca,CORNU LUNCII,147786,C,3,6,0,6,245,0,6,239,214,31,500,255,193,21
35,SUCEAVA,250,0,Caminul cultural Cosna,COSNA,151497,C,3,1067,1043,24,768,744,24,0,761,7,1100,332,379,382
35,SUCEAVA,251,0,Scoala cu clasele I-IV Tesna,COSNA,151497,C,3,173,162,11,122,109,11,2,122,0,201,79,90,32
35,SUCEAVA,252,0,Primaria comunei Crucea,CRUCEA,147884,C,3,1252,1240,12,789,725,12,52,785,4,1400,611,301,484
35,SUCEAVA,253,0,Camin cultural Chiril,CRUCEA,147884,C,3,456,438,18,336,295,18,23,336,0,500,164,140,196
35,SUCEAVA,254,0,Gradinita din satul Darmanesti,DARMANESTI,147937,C,3,1085,1045,40,633,593,40,0,628,5,1200,567,360,268
35,SUCEAVA,255,0,Scoala  cu clasele I-IV Chilibancina,DARMANESTI,147937,C,3,732,696,36,441,405,36,0,438,3,800,359,208,230
35,SUCEAVA,256,0,Scoala cu clasele I-VIII Maritei,DARMANESTI,147937,C,3,1387,1366,21,812,791,21,0,794,18,1492,680,370,424
35,SUCEAVA,257,0,Scoala cu clasele I-VIII Calinesti  Enache,DARMANESTI,147937,C,3,498,490,8,281,273,8,0,279,2,501,220,183,96
35,SUCEAVA,258,0,Scoala cu clasele I-IV Calinesti Vasilache,DARMANESTI,147937,C,3,177,164,13,116,103,13,0,115,1,200,84,75,40
35,SUCEAVA,259,0,Scoala cu clasele I-VIII Danila,DARMANESTI,147937,C,3,786,764,22,484,462,22,0,483,1,800,316,241,242
35,SUCEAVA,260,0,Primaria comunei Dolhesti,DOLHESTI,148097,C,3,1595,1572,23,870,846,23,1,867,3,1718,848,601,266
35,SUCEAVA,261,0,Scoala generala Dolhestii Mici,DOLHESTI,148097,C,3,1016,1000,16,577,561,16,0,570,7,1093,516,357,213
35,SUCEAVA,262,0,Scoala generala  Valea Bourei,DOLHESTI,148097,C,3,632,615,17,383,366,17,0,378,5,700,317,289,89
35,SUCEAVA,263,0,Scoala cu clasele I-IV Dorna Arini (Gura Negrii),DORNA-ARINI,148131,C,3,468,451,17,323,305,17,1,319,4,500,177,144,175
35,SUCEAVA,264,0,Caminul cultural Dorna Arini,DORNA-ARINI,148131,C,3,1373,1351,22,893,871,22,0,888,5,1500,607,346,542
35,SUCEAVA,265,0,Scoala cu clasele I-IV Rusca,DORNA-ARINI,148131,C,3,713,681,32,508,476,32,0,500,8,700,192,202,298
35,SUCEAVA,266,0,Caminul cultural Dorna Candrenilor,DORNA CANDRENILOR,148202,C,3,1623,1597,26,986,960,26,0,978,8,1802,816,407,571
35,SUCEAVA,267,0,Scoala cu clasele I-VIII Poiana Negrii,DORNA CANDRENILOR,148202,C,3,730,721,9,434,425,9,0,433,1,801,367,108,325
35,SUCEAVA,268,0,Caminul cultural Dornesti,DORNESTI,148293,C,3,1770,1725,45,1037,988,45,4,1029,8,1900,863,507,522
35,SUCEAVA,269,0,Scoala Genereala cu clasele I-VIII Dornesti,DORNESTI,148293,C,3,1493,1448,45,723,678,45,0,717,6,1600,877,412,305
35,SUCEAVA,270,0,Scoala cu clasele I-IV din satul Iaz,DORNESTI,148293,C,3,210,175,35,127,91,35,1,126,1,200,73,74,52
35,SUCEAVA,271,0,Sediul Primariei Dragoiesti,DRAGOIESTI,148328,C,3,501,476,25,332,305,25,2,331,1,500,168,163,168
35,SUCEAVA,272,0,Caminul cultural Lucacesti,DRAGOIESTI,148328,C,3,252,234,18,187,169,18,0,184,3,300,113,103,81
35,SUCEAVA,273,0,Caminul cultural   Dragoiesti,DRAGOIESTI,148328,C,3,1454,1432,22,895,821,22,52,885,10,1600,705,452,433
35,SUCEAVA,274,0,Caminul cultural Corlata,DRAGOIESTI,148328,C,3,403,393,10,298,279,10,9,296,2,400,102,229,67
35,SUCEAVA,275,0,Caminul cultural Berchisesti,DRAGOIESTI,148328,C,3,1613,1582,31,1302,1271,31,0,1289,13,1700,398,765,524
35,SUCEAVA,276,0,Primaria comunei Draguseni,DRAGUSENI,148382,C,3,1788,1777,11,1071,994,11,66,1056,15,2000,929,799,257
35,SUCEAVA,277,0,Scoala  Brosteni,DRAGUSENI,148382,C,3,335,315,20,244,224,20,0,240,4,400,156,193,47
35,SUCEAVA,278,0,Gradinita de Copii Centru Dumbraveni,DUMBRAVENI,148426,C,3,1270,1264,6,625,619,6,0,620,5,1400,775,249,371
35,SUCEAVA,279,0,Scoala generala Centru Dumbraveni,DUMBRAVENI,148426,C,3,1569,1540,29,800,768,29,3,790,10,1700,900,303,487
35,SUCEAVA,280,0,Scoala generala nr.1 Dumbraveni,DUMBRAVENI,148426,C,3,1482,1467,15,752,736,15,1,741,11,1600,848,350,391
35,SUCEAVA,281,0,Scoala generala nr.2 Dumbraveni,DUMBRAVENI,148426,C,3,1354,1325,29,739,700,29,10,729,10,1500,761,366,363
35,SUCEAVA,282,0,Scoala generala Salageni,DUMBRAVENI,148426,C,3,427,409,18,239,221,18,0,237,2,500,261,141,96
35,SUCEAVA,283,0,Scoala cu clasele I-IV Fantana Mare,FANTANA MARE,151488,C,3,794,765,29,476,447,29,0,470,6,800,324,324,146
35,SUCEAVA,284,0,Scoala cu clasele I-VIII Cotu Baii,FANTANA MARE,151488,C,3,761,748,13,447,434,13,0,438,8,792,345,283,155
35,SUCEAVA,285,0,Scoala cu clasele I-IV Praxia,FANTANA MARE,151488,C,3,140,134,6,90,84,6,0,88,2,200,110,70,18
35,SUCEAVA,286,0,Scoala cu clasele I-IV Spataresti,FANTANA MARE,151488,C,3,345,332,13,237,224,13,0,233,4,400,163,155,78
35,SUCEAVA,287,0,Caminul cultural Fintinele,FANTANELE,148453,C,3,954,931,23,513,482,23,8,508,5,1004,491,353,155
35,SUCEAVA,288,0,Scoala cu clasele I-IV Slobozia,FANTANELE,148453,C,3,201,188,13,117,100,13,4,112,5,200,83,69,43
35,SUCEAVA,289,0,Caminul cultural Banesti,FANTANELE,148453,C,3,897,873,24,610,563,24,23,602,8,1000,390,391,211
35,SUCEAVA,290,0,Caminul cultural Stamate,FANTANELE,148453,C,3,1552,1541,11,912,892,11,9,903,9,1700,788,550,353
35,SUCEAVA,291,0,Scoala cu clasele I-IV Cotu Dobei,FANTANELE,148453,C,3,164,155,9,127,101,9,17,127,0,200,73,87,40
35,SUCEAVA,292,0,Scoala generala Forasti,FORASTI,148514,C,3,625,604,21,356,335,21,0,354,2,700,344,179,175
35,SUCEAVA,293,0,Scoala  generala Antoceni,FORASTI,148514,C,3,301,294,7,206,197,7,2,200,6,300,94,156,44
35,SUCEAVA,294,0,Scoala generala  Oniceni,FORASTI,148514,C,3,822,800,22,524,479,22,23,522,2,902,378,380,142
35,SUCEAVA,295,0,Scoala generala Rosiori,FORASTI,148514,C,3,276,269,7,177,170,7,0,174,3,300,123,130,44
35,SUCEAVA,296,0,Scoala generala Rusi,FORASTI,148514,C,3,371,354,17,252,231,17,4,250,2,400,148,181,69
35,SUCEAVA,297,0,Scoala generala Tolesti,FORASTI,148514,C,3,492,476,16,305,289,16,0,298,7,500,195,247,51
35,SUCEAVA,298,0,Scoala generala Boura,FORASTI,148514,C,3,513,476,37,341,304,37,0,339,2,500,159,278,61
35,SUCEAVA,299,0,Sediul fostei primarii Manolea,FORASTI,148514,C,3,741,712,29,468,427,29,12,459,9,800,332,357,102
35,SUCEAVA,300,0,Caminul cultural Fratautii Noi,FRATAUTII NOI,148667,C,3,1251,1242,9,653,644,9,0,651,2,1404,751,343,308
35,SUCEAVA,301,0,Scoala generala nr.2 Sasca,FRATAUTII NOI,148667,C,3,1264,1249,15,587,572,15,0,565,22,1400,813,417,148
35,SUCEAVA,302,0,Scoala generala nr.3 Capreni,FRATAUTII NOI,148667,C,3,338,330,8,218,210,8,0,217,1,400,182,99,118
35,SUCEAVA,303,0,Caminul cultural Costisa,FRATAUTII NOI,148667,C,3,822,810,12,380,367,12,1,370,10,900,520,227,143
35,SUCEAVA,304,0,Scoala generala nr.2 Costisa Tahanau,FRATAUTII NOI,148667,C,3,517,509,8,234,226,8,0,230,4,600,366,158,72
35,SUCEAVA,305,0,Primaria comunei Fratautii Vechi,FRATAUTII VECHI,148694,C,3,2217,2203,14,1053,1008,14,31,1047,6,2400,1347,521,526
35,SUCEAVA,306,0,Scoala cu clasele I-VIII Maneuti,FRATAUTII VECHI,148694,C,3,1469,1450,19,712,693,19,0,704,8,1600,888,475,229
35,SUCEAVA,307,0,Primaria comunei Frumosu,FRUMOSU,148729,C,3,1905,1877,28,1223,1190,28,5,1214,9,2096,873,576,638
35,SUCEAVA,308,0,Scoala  cu clasele I-IV Dragosa,FRUMOSU,148729,C,3,340,333,7,229,222,7,0,226,3,400,171,96,130
35,SUCEAVA,309,0,Caminul cultural Deia,FRUMOSU,148729,C,3,707,697,10,488,478,10,0,483,5,804,316,257,226
35,SUCEAVA,310,0,Localul gradinitei de copii - Secari,FUNDU MOLDOVEI,148765,C,3,407,390,17,227,210,17,0,225,2,400,173,100,125
35,SUCEAVA,311,0,Caminul cultural Fundu Moldovei,FUNDU MOLDOVEI,148765,C,3,1183,1156,27,708,680,27,1,701,7,1300,592,235,466
35,SUCEAVA,312,0,Scoala nr 2 Colacu,FUNDU MOLDOVEI,148765,C,3,881,818,63,550,487,63,0,543,7,900,350,290,253
35,SUCEAVA,313,0,Caminul cultural Botus,FUNDU MOLDOVEI,148765,C,3,922,875,47,514,467,47,0,511,3,1000,486,267,244
35,SUCEAVA,314,0,Locuinta d-lui Ilea Doru,FUNDU MOLDOVEI,148765,C,3,144,122,22,96,69,22,5,96,0,200,104,65,31
35,SUCEAVA,315,0,Scoala cu clasele  I-IV Galanesti,GALANESTI,148872,C,3,1265,1251,14,697,670,14,13,690,7,1400,703,375,315
35,SUCEAVA,316,0,Scoala cu clasele I-IV Hurjuieni,GALANESTI,148872,C,3,867,859,8,438,423,8,7,431,7,900,462,271,160
35,SUCEAVA,317,0,Caminul cultural Gramesti,GRAMESTI,148916,C,3,1631,1615,16,1033,1009,16,8,1018,15,1800,767,629,389
35,SUCEAVA,318,0,Scoala generala I- IV Balinesti,GRAMESTI,148916,C,3,560,541,19,338,314,19,5,338,0,600,262,239,99
35,SUCEAVA,319,0,Scoala generala I- IV Botosenita Mica,GRAMESTI,148916,C,3,223,211,12,154,141,12,1,153,1,300,146,128,25
35,SUCEAVA,320,0,Scoala cu clasele I-VIII Granicesti,GRANICESTI,148970,C,3,1548,1540,8,825,817,8,0,809,16,1720,895,400,409
35,SUCEAVA,321,0,Scoala cu clasele I-IV Dumbrava,GRANICESTI,148970,C,3,312,300,12,155,143,12,0,153,2,300,145,67,86
35,SUCEAVA,322,0,Scoala cu clasele I-IV Iacobesti,GRANICESTI,148970,C,3,428,411,17,250,231,17,2,245,5,500,250,103,142
35,SUCEAVA,323,0,Scoala cu clasele I-VIII Romanesti,GRANICESTI,148970,C,3,488,477,11,347,314,11,22,343,4,500,153,218,125
35,SUCEAVA,324,0,Scoala cu clasele I-VIII Slobozia,GRANICESTI,148970,C,3,455,444,11,283,257,11,15,277,6,500,217,109,168
35,SUCEAVA,325,0,Scoala cu clasele I-VIII Gura Solcii,GRANICESTI,148970,C,3,422,414,8,276,268,8,0,276,0,500,224,224,52
35,SUCEAVA,326,0,Scoala cu clasele I-VIII Hantesti,HANTESTI,151512,C,3,1409,1344,65,856,791,65,0,844,12,1500,644,616,228
35,SUCEAVA,327,0,Scoala cu clasele I-IV Hantesti,HANTESTI,151512,C,3,1064,1010,54,996,942,54,0,969,27,1100,104,808,161
35,SUCEAVA,328,0,Scoala cu clasele I-IV Beresti,HANTESTI,151512,C,3,498,462,36,442,406,36,0,437,5,500,58,316,121
35,SUCEAVA,329,0,Primaria comunei Hartop,HARTOP,151549,C,3,1662,1616,46,1084,1038,46,0,1072,12,1800,716,725,347
35,SUCEAVA,330,0,Caminul cultural Horodnic de Jos,HORODNIC DE JOS,149101,C,3,1345,1253,92,772,680,92,0,768,4,1400,628,327,441
35,SUCEAVA,331,0,Scoala generala nr.2  Horodnic de Jos - Calugarita,HORODNIC DE JOS,149101,C,3,720,687,33,367,334,33,0,363,4,800,433,164,199
35,SUCEAVA,332,0,Scoala Gen. nr.1 Horodnic de Sus,HORODNIC DE SUS,151479,C,3,1706,1666,40,861,820,40,1,850,11,1800,939,361,489
35,SUCEAVA,333,0,Scoala Generala nr.2  Horodnic de Sus,HORODNIC DE SUS,151479,C,3,878,837,41,429,383,41,5,424,5,900,471,205,219
35,SUCEAVA,334,0,Scoala Generala  nr.3 Horodnic de Sus,HORODNIC DE SUS,151479,C,3,898,860,38,449,411,38,0,446,3,900,451,241,205
35,SUCEAVA,335,0,Primaria comunei Horodniceni,HORODNICENI,149049,C,3,998,975,23,561,531,23,7,555,6,1096,535,367,188
35,SUCEAVA,336,0,Scoala cu clasele I - IV Botesti,HORODNICENI,149049,C,3,419,398,21,266,219,21,26,265,1,400,134,175,90
35,SUCEAVA,337,0,Scoala cu clasele I - IV Rotopanesti,HORODNICENI,149049,C,3,343,317,26,207,177,26,4,205,2,400,193,158,47
35,SUCEAVA,338,0,Scoala cu clasele I - VIII Mihaiesti,HORODNICENI,149049,C,3,869,849,20,541,520,20,1,533,8,900,359,425,108
35,SUCEAVA,339,0,Scoala cu clasele I - IV Bradatel,HORODNICENI,149049,C,3,627,597,30,337,294,30,13,328,9,700,363,232,96
35,SUCEAVA,340,0,Casa Nationala Iacobeni,IACOBENI,149138,C,3,1063,1042,21,637,595,21,21,633,4,1100,463,279,354
35,SUCEAVA,341,0,Scoala cu clasele I-IV Carausi,IACOBENI,149138,C,3,697,677,20,426,386,20,20,423,3,700,274,268,155
35,SUCEAVA,342,0,Clubul fermierilor Mestecanis,IACOBENI,149138,C,3,258,239,19,190,157,19,14,190,0,300,110,78,112
35,SUCEAVA,343,0,Sala mica a Caminului cultural Iaslovat,IASLOVAT,151442,C,3,1624,1620,4,920,892,4,24,903,17,1800,880,399,504
35,SUCEAVA,344,0,Scoala cu clasele I-VIII Nr 2 Iaslovat,IASLOVAT,151442,C,3,892,882,10,429,415,10,4,422,7,1000,571,161,261
35,SUCEAVA,345,0,Primaria comunei Ilisesti,ILISESTI,147660,C,3,1779,1746,33,1042,1009,33,0,1036,6,1900,858,501,535
35,SUCEAVA,346,0,Scoala Generala cu clasele I - IV Brasca,ILISESTI,147660,C,3,287,265,22,194,171,22,1,193,1,300,106,107,86
35,SUCEAVA,347,0,Caminul cultural Ipotesti,IPOTESTI,146281,C,3,2620,2601,19,1345,1321,19,5,1329,16,2900,1555,450,879
35,SUCEAVA,348,0,Scoala cu clasele I-IV Tisauti,IPOTESTI,146281,C,3,671,640,31,433,402,31,0,430,3,700,267,201,229
35,SUCEAVA,349,0,Scoala cu clasele I-IV Lisaura,IPOTESTI,146281,C,3,577,558,19,378,359,19,0,373,5,600,222,185,188
35,SUCEAVA,350,0,Primaria comunei Izvoarele Sucevei,IZVOARELE SUCEVEI,149183,C,3,764,736,28,359,331,28,0,357,2,800,441,173,184
35,SUCEAVA,351,0,Scoala generala Bobeica,IZVOARELE SUCEVEI,149183,C,3,383,375,8,196,188,8,0,193,3,424,228,57,136
35,SUCEAVA,352,0,Scoala generala Brodina,IZVOARELE SUCEVEI,149183,C,3,584,574,10,356,346,10,0,352,4,592,236,200,152
35,SUCEAVA,353,0,Scoala nr.2 Marginea-sediul vechi,MARGINEA,149290,C,3,2062,2040,22,913,875,22,16,902,11,2200,1287,342,560
35,SUCEAVA,354,0,Scoala nr.1 Marginea-sediul  vechi,MARGINEA,149290,C,3,888,878,10,406,395,10,1,401,5,1000,594,176,225
35,SUCEAVA,355,0,Caminul cultural Marginea,MARGINEA,149290,C,3,1926,1912,14,847,819,14,14,829,18,2100,1253,304,525
35,SUCEAVA,356,0,Scoala nr.3 Marginea,MARGINEA,149290,C,3,1777,1741,36,810,754,36,20,804,6,1896,1086,344,460
35,SUCEAVA,357,0,Primaria comunei Malini,MALINI,149316,C,3,1437,1322,115,837,722,115,0,824,13,1500,663,611,213
35,SUCEAVA,358,0,Scoala generala nr. 2 Malini,MALINI,149316,C,3,1446,1271,175,898,723,175,0,886,12,1396,498,776,110
35,SUCEAVA,359,0,Scoala generala Piraie,MALINI,149316,C,3,1393,1355,38,817,755,38,24,810,7,1500,683,561,249
35,SUCEAVA,360,0,Scoala generala Poiana Marului,MALINI,149316,C,3,1021,993,28,614,573,28,13,606,8,1100,486,524,82
35,SUCEAVA,361,0,Scoala generala Valeni,MALINI,149316,C,3,678,652,26,426,351,26,49,423,3,700,274,382,41
35,SUCEAVA,362,0,Caminul cultural Manastirea Humorului,MANASTIREA HUMORULUI,149370,C,3,1912,1892,20,1087,1064,20,3,1079,8,2101,1014,310,769
35,SUCEAVA,363,0,Caminul cultural Plesa,MANASTIREA HUMORULUI,149370,C,3,158,148,10,90,80,10,0,88,2,196,106,33,55
35,SUCEAVA,364,0,Scoala generala nr.2 Poiana Micului,MANASTIREA HUMORULUI,149370,C,3,457,446,11,324,309,11,4,322,2,496,172,128,194
35,SUCEAVA,365,0,Scoala generala nr.1 Poiana Micului,MANASTIREA HUMORULUI,149370,C,3,293,271,22,187,165,22,0,187,0,300,113,98,89
35,SUCEAVA,366,0,Scoala cu clasele I -VIII Mitocu Dragomirnei,MITOCU DRAGOMIRNEI,146325,C,3,868,833,35,407,372,35,0,402,5,900,493,171,231
35,SUCEAVA,367,0,"Sala Magazinului Cooperativei de Consum din Moldoveni,",MITOCU DRAGOMIRNEI,146325,C,3,1156,1101,55,657,602,55,0,632,25,1400,743,314,318
35,SUCEAVA,368,0,Scoala cu clasele I-IV Lipoveni,MITOCU DRAGOMIRNEI,146325,C,3,345,332,13,202,189,13,0,200,2,400,198,132,68
35,SUCEAVA,369,0,Scoala cu clasele I-IV  Mitocas,MITOCU DRAGOMIRNEI,146325,C,3,549,535,14,348,315,14,19,342,6,600,252,170,172
35,SUCEAVA,370,0,Primaria comunei Moara,MOARA,149414,C,3,1680,1673,7,898,864,7,27,893,5,1897,999,443,450
35,SUCEAVA,371,0,Scoala cu clasele I-VIII Moara Carp,MOARA,149414,C,3,654,640,14,375,356,14,5,373,2,728,353,239,134
35,SUCEAVA,372,0,Scoala cu calsele I-IV Frumoasa,MOARA,149414,C,3,150,143,7,93,73,7,13,93,0,200,107,46,47
35,SUCEAVA,373,0,Caminul cultural Liteni,MOARA,149414,C,3,638,612,26,377,351,26,0,373,4,700,323,170,203
35,SUCEAVA,374,0,Scoala cu clasele I-IV Vornicenii Mari,MOARA,149414,C,3,252,242,10,146,136,10,0,146,0,300,154,96,50
35,SUCEAVA,375,0,Primaria comunei Moldova Sulita,MOLDOVA-SULITA,149502,C,3,1060,1049,11,527,516,11,0,518,9,1200,673,267,251
35,SUCEAVA,376,0,Scoala  cu clasele I-IV Benia,MOLDOVA-SULITA,149502,C,3,584,577,7,319,312,7,0,317,2,600,281,135,182
35,SUCEAVA,377,0,Cinematograful Moldovita,MOLDOVITA,149539,C,3,1855,1802,53,1063,1010,53,0,1052,11,2000,937,313,739
35,SUCEAVA,378,0,Locuinta cetateanului Hanceriuc Alexandru,MOLDOVITA,149539,C,3,767,754,13,480,467,13,0,473,7,800,320,137,336
35,SUCEAVA,379,0,Scoala cu clasele I-IV Rasca,MOLDOVITA,149539,C,3,602,584,18,343,325,18,0,342,1,600,257,97,245
35,SUCEAVA,380,0,Scoala cu clasele I-VIII Argel,MOLDOVITA,149539,C,3,770,766,4,385,381,4,0,384,1,800,415,110,274
35,SUCEAVA,381,0,Scoala cu clasele I-VIII Bainet,MUSENITA,149584,C,3,298,291,7,236,201,7,28,232,4,300,64,158,74
35,SUCEAVA,382,0,Caminul cultural  Climauti,MUSENITA,149584,C,3,410,404,6,300,247,6,47,300,0,500,200,227,73
35,SUCEAVA,383,0,Scoala cu clasele I-IV Vicsani,MUSENITA,149584,C,3,209,195,14,140,119,14,7,139,1,200,60,79,60
35,SUCEAVA,384,0,Scoala cu clasele I-IV Musenita,MUSENITA,149584,C,3,345,338,7,232,195,7,30,229,3,400,168,163,66
35,SUCEAVA,385,0,Scoala cu clasele I-VIII Vascauti,MUSENITA,149584,C,3,486,476,10,328,315,10,3,322,6,500,172,193,129
35,SUCEAVA,386,0,Camin cultural nou Ostra,OSTRA,149655,C,3,2059,2017,42,1090,1011,42,37,1085,5,2200,1110,561,524
35,SUCEAVA,387,0,Camin cultural vechi Ostra,OSTRA,149655,C,3,280,272,8,185,177,8,0,182,3,300,115,78,104
35,SUCEAVA,388,0,Caminul cultural Panaci,PANACI,149682,C,3,641,638,3,461,458,3,0,461,0,700,239,161,300
35,SUCEAVA,389,0,Scoala cu clasele I-IV Coverca,PANACI,149682,C,3,667,660,7,440,433,7,0,438,2,700,260,132,306
35,SUCEAVA,390,0,Scoala cu clasele I-IV Paltinis,PANACI,149682,C,3,243,239,4,150,146,4,0,149,1,300,150,55,94
35,SUCEAVA,391,0,Caminul cultural  Glodu,PANACI,149682,C,3,338,336,2,188,186,2,0,188,0,400,212,81,107
35,SUCEAVA,392,0,Caminul cultural Paltinoasa,PALTINOASA,149753,C,3,2009,1963,46,1347,1301,46,0,1337,10,2200,853,976,361
35,SUCEAVA,393,0,Scoala generala Gara Ilisesti,PALTINOASA,149753,C,3,374,368,6,228,222,6,0,226,2,400,172,146,80
35,SUCEAVA,394,0,Caminul cultural Capu Codrului,PALTINOASA,149753,C,3,2029,2001,28,1207,1174,28,5,1196,11,2200,993,623,573
35,SUCEAVA,395,0,Sediul Primariei comunei Patrauti,PATRAUTI,149833,C,3,1646,1622,24,907,882,24,1,898,9,1800,893,414,484
35,SUCEAVA,396,0,Scoala cu clasele I-IV Moldoveni,PATRAUTI,149833,C,3,1247,1205,42,823,781,42,0,811,12,1300,477,652,159
35,SUCEAVA,397,0,Caminul cultural Pirtestii de Jos,PARTESTII DE JOS,149780,C,3,1614,1600,14,922,907,14,1,912,10,1800,878,381,531
35,SUCEAVA,398,0,Caminul cultural Deleni,PARTESTII DE JOS,149780,C,3,601,593,8,350,342,8,0,347,3,712,362,162,185
35,SUCEAVA,399,0,Scoala  cu clasele I_IV Virfu Dealului,PARTESTII DE JOS,149780,C,3,112,102,10,74,64,10,0,74,0,200,126,39,35
35,SUCEAVA,400,0,Caminul cultural Poiana Stampei,POIANA STAMPEI,149851,C,3,1416,1375,41,950,893,41,16,939,11,1500,550,404,535
35,SUCEAVA,401,0,Complex Social  Dornisoara,POIANA STAMPEI,149851,C,3,283,242,41,218,170,41,7,217,1,276,58,168,49
35,SUCEAVA,402,0,Scoala cu clasele I-IV Tataru,POIANA STAMPEI,149851,C,3,128,119,9,96,85,9,2,95,1,200,104,51,44
35,SUCEAVA,403,0,Scoala cu clasele I-IV Pojorita,POJORATA,149931,C,3,780,767,13,563,511,13,39,559,4,800,237,245,314
35,SUCEAVA,404,0,Caminul cultural Pojorita,POJORATA,149931,C,3,1323,1306,17,959,938,17,4,935,24,1400,441,479,456
35,SUCEAVA,405,0,Caminul cultural Valea Putnei,POJORATA,149931,C,3,252,246,6,169,163,6,0,169,0,300,131,59,110
35,SUCEAVA,406,0,Scoala cu clasele I - VIII Arghira,PREUTESTI,149968,C,3,960,895,65,658,592,65,1,653,5,1000,342,524,129
35,SUCEAVA,407,0,Scoala cu clasele I - VIII Basarabi,PREUTESTI,149968,C,3,1414,1363,51,741,690,51,0,735,6,1496,755,558,177
35,SUCEAVA,408,0,Caminul cultural Preutesti,PREUTESTI,149968,C,3,1702,1639,63,1104,1037,63,4,1087,13,1800,696,892,195
35,SUCEAVA,409,0,Scoala cu clasele I - IV Husi,PREUTESTI,149968,C,3,557,522,35,492,442,35,15,470,22,600,108,426,44
35,SUCEAVA,410,0,Scoala cu clasele I - VIII Leucusesti,PREUTESTI,149968,C,3,777,737,40,590,546,40,4,582,8,800,210,491,91
35,SUCEAVA,411,0,Caminul cultural Putna,PUTNA,150043,C,3,1931,1924,7,1203,1115,7,81,1194,9,2100,897,590,604
35,SUCEAVA,412,0,Caminul cultural Gura Putnei,PUTNA,150043,C,3,967,959,8,526,517,8,1,518,8,1100,574,327,191
35,SUCEAVA,413,0,Scoala cu clasele I-VIII Radaseni,RADASENI,150070,C,3,2220,2189,31,1160,1129,31,0,1150,10,2400,1240,590,560
35,SUCEAVA,414,0,Scoala cu clasele I-VIII Lamaseni,RADASENI,150070,C,3,1105,1075,30,714,684,30,0,702,12,1200,486,431,271
35,SUCEAVA,415,0,Scoala cu clasele I-IV Pocoleni,RADASENI,150070,C,3,182,172,10,110,100,10,0,110,0,200,90,70,40
35,SUCEAVA,416,0,Caminul cultural Risca,RASCA,150114,C,3,2407,2379,28,1227,1199,28,0,1218,9,2600,1373,866,352
35,SUCEAVA,417,0,Scoala cu clasele I-VIII Buda,RASCA,150114,C,3,1399,1378,21,630,609,21,0,621,9,1500,870,432,189
35,SUCEAVA,418,0,Caminul cultural Sadova,SADOVA,150178,C,3,1927,1919,8,1181,1171,8,2,1177,4,2100,919,392,785
35,SUCEAVA,419,0,Caminul  cultural Satu Mare,SATU MARE,150196,C,3,943,932,11,525,512,11,2,522,3,1007,482,254,268
35,SUCEAVA,420,0,Scoala generala Satu Mare,SATU MARE,150196,C,3,1218,1211,7,700,693,7,0,686,14,1292,592,378,308
35,SUCEAVA,421,0,Scoala generala Tibeni,SATU MARE,150196,C,3,985,967,18,494,476,18,0,491,3,1096,602,278,213
35,SUCEAVA,422,0,Caminul cultural Siminicea,SIMINICEA,150221,C,3,1306,1296,10,747,737,10,0,737,10,1412,665,495,242
35,SUCEAVA,423,0,Scoala generala Siminicea (localul scolii vechi),SIMINICEA,150221,C,3,896,883,13,544,531,13,0,537,7,1000,456,405,132
35,SUCEAVA,424,0,Scoala generala Grigoresti,SIMINICEA,150221,C,3,267,262,5,191,186,5,0,188,3,300,109,120,68
35,SUCEAVA,425,0,Primaria comunei Slatina,SLATINA,150258,C,3,1536,1515,21,741,682,21,38,727,14,1708,967,446,281
35,SUCEAVA,426,0,Casa de Cultura Herla,SLATINA,150258,C,3,968,957,11,582,566,11,5,574,8,1100,518,387,187
35,SUCEAVA,427,0,Caminul cultural Gainesti,SLATINA,150258,C,3,1555,1513,42,1087,1045,42,0,1037,50,1700,613,607,430
35,SUCEAVA,428,0,Gradinita de copii nr.1 Straja,STRAJA,150294,C,3,1193,1159,34,665,625,34,6,652,13,1300,635,280,372
35,SUCEAVA,429,0,Caminul cultural Straja,STRAJA,150294,C,3,1189,1141,48,605,547,48,10,594,11,1296,691,248,346
35,SUCEAVA,430,0,Scoala generala Straja,STRAJA,150294,C,3,1161,1117,44,581,537,44,0,568,13,1192,611,297,271
35,SUCEAVA,431,0,Gradinita de copii Troci - Straja,STRAJA,150294,C,3,867,797,70,471,397,70,4,463,8,900,429,203,260
35,SUCEAVA,432,0,Caminul cultural Stroiesti,STROIESTI,150310,C,3,2020,2011,9,1152,1128,9,15,1138,14,2200,1048,538,600
35,SUCEAVA,433,0,Scoala  cu clasele I-IV Zaharesti,STROIESTI,150310,C,3,682,672,10,403,393,10,0,392,11,700,297,202,190
35,SUCEAVA,434,0,Caminul cultural Stulpicani,STULPICANI,150356,C,3,2332,2280,52,1070,1018,52,0,1066,4,2500,1430,719,347
35,SUCEAVA,435,0,Caminul cultural Negrileasa,STULPICANI,150356,C,3,858,825,33,423,390,33,0,419,4,900,477,317,102
35,SUCEAVA,436,0,Caminul cultural Vadu Negrilesei,STULPICANI,150356,C,3,490,438,52,314,262,52,0,307,7,500,186,213,94
35,SUCEAVA,437,0,Caminul cultural Gemenea,STULPICANI,150356,C,3,734,701,33,456,423,33,0,451,5,800,344,205,246
35,SUCEAVA,438,0,Caminul cultural Slatioara,STULPICANI,150356,C,3,524,507,17,323,297,17,9,317,6,600,277,205,112
35,SUCEAVA,439,0,Caminul cultural Sucevita,SUCEVITA,150418,C,3,1158,1150,8,733,677,8,48,719,14,1304,571,305,414
35,SUCEAVA,440,0,Caminul cultural Voivodeasa,SUCEVITA,150418,C,3,870,857,13,508,493,13,2,497,11,900,392,204,293
35,SUCEAVA,441,0,Caminul cultural Neagra Sarului,SARU DORNEI,150445,C,3,1576,1561,15,966,946,15,5,956,10,1708,742,466,490
35,SUCEAVA,442,0,Scoala cu clasele I-VIII Saru Dornei,SARU DORNEI,150445,C,3,908,901,7,532,525,7,0,531,1,1000,468,238,293
35,SUCEAVA,443,0,Scoala cu clasele I-IV Sarisorul Mare,SARU DORNEI,150445,C,3,434,431,3,310,306,3,1,307,3,500,190,146,161
35,SUCEAVA,444,0,Scoala cu clasele I-IV Gura Haitii,SARU DORNEI,150445,C,3,448,445,3,290,286,3,1,289,1,500,210,168,121
35,SUCEAVA,445,0,Sediul Primariei comunei Scheia,SCHEIA,146432,C,3,1931,1909,22,1114,1092,22,0,1101,13,2100,986,447,654
35,SUCEAVA,446,0,Scoala cu clasele I-VIII Mihoveni,SCHEIA,146432,C,3,1702,1681,21,1051,1018,21,12,1045,6,1900,849,397,648
35,SUCEAVA,447,0,Scoala cu clasele I-VIII Sf.Ilie,SCHEIA,146432,C,3,2297,2254,43,1331,1287,43,1,1319,12,2500,1169,540,779
35,SUCEAVA,448,0,Camin cultural Serbauti,SERBAUTI,151460,C,3,1540,1519,21,872,846,21,5,834,38,1686,814,455,379
35,SUCEAVA,449,0,Camin cultural Calinesti,SERBAUTI,151460,C,3,910,883,27,531,504,27,0,528,3,1000,469,347,181
35,SUCEAVA,450,0,Scoala cu clasele I-VIII Todiresti,TODIRESTI,150524,C,3,1250,1226,24,850,819,24,7,847,3,1300,450,581,266
35,SUCEAVA,451,0,Scoala Vasile Bumbac Costina,TODIRESTI,150524,C,3,849,831,18,570,480,18,72,564,6,900,330,338,226
35,SUCEAVA,452,0,Scoala cu clasele I-VIII Parhauti,TODIRESTI,150524,C,3,1037,1017,20,685,607,20,58,679,6,1095,410,300,379
35,SUCEAVA,453,0,Scoala cu clasele I-VIII Solonet,TODIRESTI,150524,C,3,1284,1271,13,743,730,13,0,739,4,1400,657,403,336
35,SUCEAVA,454,0,Primaria Udesti,UDESTI,150588,C,3,1850,1830,20,1129,1109,20,0,1120,9,2000,871,711,409
35,SUCEAVA,455,0,Caminul cultural Chiliseni,UDESTI,150588,C,3,889,876,13,565,550,13,2,557,8,990,425,338,219
35,SUCEAVA,456,0,Scoala cu clasele I-VIII Stirbat,UDESTI,150588,C,3,507,479,28,331,303,28,0,329,2,500,169,242,87
35,SUCEAVA,457,0,Caminul cultural Racova,UDESTI,150588,C,3,248,236,12,147,135,12,0,146,1,300,153,84,62
35,SUCEAVA,458,0,Scoala cu clasele I-IV   Rusii-Manastioara,UDESTI,150588,C,3,820,802,18,459,440,18,1,454,5,900,441,246,208
35,SUCEAVA,459,0,Scoala cu clasele I-VIII Reuseni,UDESTI,150588,C,3,517,507,10,320,310,10,0,319,1,600,280,173,146
35,SUCEAVA,460,0,Scoala cu clasele I-VIII Plavalari,UDESTI,150588,C,3,869,850,19,465,446,19,0,457,8,900,435,316,141
35,SUCEAVA,461,0,Scoala cu clasele I-VIII Ulma,ULMA,150702,C,3,609,604,5,328,322,5,1,324,4,700,372,175,149
35,SUCEAVA,462,0,Scoala cu clasele I-IV Nisipitu,ULMA,150702,C,3,319,316,3,215,212,3,0,215,0,400,185,141,74
35,SUCEAVA,463,0,Scoala cu clasele I-VIII  Lupcina,ULMA,150702,C,3,747,734,13,416,402,13,1,411,5,800,384,189,222
35,SUCEAVA,464,0,Scoala Vadu Moldovei,VADU MOLDOVEI,150766,C,3,921,878,43,457,413,43,1,457,0,1000,543,276,181
35,SUCEAVA,465,0,Scoala Dumbravita,VADU MOLDOVEI,150766,C,3,1129,1074,55,648,593,55,0,641,7,1199,551,468,173
35,SUCEAVA,466,0,Scoala Nigotesti,VADU MOLDOVEI,150766,C,3,840,802,38,447,409,38,0,444,3,899,452,319,125
35,SUCEAVA,467,0,Scoala Ioneasa,VADU MOLDOVEI,150766,C,3,319,302,17,200,183,17,0,197,3,400,200,156,41
35,SUCEAVA,468,0,Scoala Ciumulesti,VADU MOLDOVEI,150766,C,3,630,571,59,357,298,59,0,303,54,600,243,204,99
35,SUCEAVA,469,0,Caminul cultural Valea Moldovei,VALEA MOLDOVEI,150891,C,3,1339,1323,16,877,861,16,0,873,4,1500,623,523,350
35,SUCEAVA,470,0,Scoala cu clasele I-IV Mironu,VALEA MOLDOVEI,150891,C,3,1035,1014,21,751,730,21,0,735,16,1100,349,481,254
35,SUCEAVA,471,0,Caminul cultural Vama,VAMA,150935,C,3,1038,1026,12,713,593,12,108,710,3,1199,486,230,480
35,SUCEAVA,472,0,Scoala generala Vama de Sus,VAMA,150935,C,3,1569,1529,40,888,848,40,0,884,4,1690,802,335,549
35,SUCEAVA,473,0,Scoala generala Stramtura,VAMA,150935,C,3,911,886,25,588,563,25,0,582,6,1000,412,205,377
35,SUCEAVA,474,0,Scoala generala Prisaca Dornei,VAMA,150935,C,3,626,618,8,441,373,8,60,438,3,700,259,207,231
35,SUCEAVA,475,0,Scoala generala Molid,VAMA,150935,C,3,512,466,46,331,285,46,0,329,2,500,169,111,218
35,SUCEAVA,476,0,Caminul cultural Vatra Moldovitei,VATRA MOLDOVITEI,150980,C,3,1232,1172,60,851,711,60,80,842,9,1300,449,245,597
35,SUCEAVA,477,0,Scoala cu clasele I-IV Valea Stanei,VATRA MOLDOVITEI,150980,C,3,739,704,35,451,414,35,2,449,2,800,349,145,304
35,SUCEAVA,478,0,Scoala cu clasele I-IV Ciumarna,VATRA MOLDOVITEI,150980,C,3,367,357,10,209,199,10,0,201,8,400,191,60,141
35,SUCEAVA,479,0,Caminul cultural Paltinu,VATRA MOLDOVITEI,150980,C,3,793,732,61,406,345,61,0,405,1,800,394,170,235
35,SUCEAVA,480,0,Scoala cu clasele I-IV Sparturi I,VATRA MOLDOVITEI,150980,C,3,651,574,77,377,300,77,0,371,6,600,223,171,200
35,SUCEAVA,481,0,Caminul cultural Veresti,VERESTI,151022,C,3,1935,1909,26,1114,1087,26,1,1098,16,2099,985,657,441
35,SUCEAVA,482,0,Caminul cultural Corocaiesti,VERESTI,151022,C,3,2197,2161,36,1171,1135,36,0,1165,6,2400,1229,689,476
35,SUCEAVA,483,0,Scoala  veche  Bursuceni,VERESTI,151022,C,3,1147,1130,17,626,609,17,0,617,9,1200,574,289,328
35,SUCEAVA,484,0,Scoala cu clasele I-VIII  Ioan Vicoveanu   Vicovu de Jos,VICOVU DE JOS,151077,C,3,1945,1934,11,957,946,11,0,951,6,2100,1143,438,513
35,SUCEAVA,485,0,Scoala cu clasele I-VIII nr.2 Remezau Vicovu de Jos,VICOVU DE JOS,151077,C,3,1934,1917,17,941,924,17,0,932,9,2100,1159,424,508
35,SUCEAVA,486,0,Scoala cu clasele I-IV  Margine  Vicovu de Jos,VICOVU DE JOS,151077,C,3,661,650,11,350,339,11,0,347,3,700,350,196,151
35,SUCEAVA,487,0,Camin Cultural Voitinel,VOITINEL,151558,C,3,2471,2446,25,1211,1177,25,9,1188,23,2700,1489,757,431
35,SUCEAVA,488,0,Caminul cultural (cladirea noua) Volovat,VOLOVAT,151120,C,3,1595,1574,21,787,766,21,0,782,5,1800,1013,251,531
35,SUCEAVA,489,0,Scoala cu clasele I-VIII Volovat,VOLOVAT,151120,C,3,1900,1861,39,938,899,39,0,922,16,2000,1062,342,580
35,SUCEAVA,490,0,Fostul sediu al Consiliului Local,VULTURESTI,151157,C,3,595,583,12,307,287,12,8,307,0,600,293,193,114
35,SUCEAVA,491,0,Scoala cu clasele I-VIII Valea Glodului,VULTURESTI,151157,C,3,746,734,12,454,441,12,1,443,11,800,346,306,137
35,SUCEAVA,492,0,Scoala cu clasele I-VIII Giurgesti,VULTURESTI,151157,C,3,600,581,19,419,400,19,0,409,10,600,181,291,118
35,SUCEAVA,493,0,Scoala cu clasele I-IV Hreatca,VULTURESTI,151157,C,3,346,333,13,232,207,13,12,232,0,400,168,169,63
35,SUCEAVA,494,0,Scoala cu clasele I-IV Meresti,VULTURESTI,151157,C,3,264,222,42,219,169,42,8,215,4,300,81,170,45
35,SUCEAVA,495,0,Scoala cu clasele I-IV Jacota,VULTURESTI,151157,C,3,161,152,9,106,97,9,0,106,0,200,94,74,32
35,SUCEAVA,496,0,Scoala cu clasele I-IV Osoi,VULTURESTI,151157,C,3,321,296,25,207,177,25,5,205,2,300,93,135,70
35,SUCEAVA,497,0,Caminul cultural Zamostea,ZAMOSTEA,151246,C,3,1436,1409,27,786,759,27,0,774,12,1600,814,579,195
35,SUCEAVA,498,0,Scoala Ciomirtan,ZAMOSTEA,151246,C,3,434,425,9,284,275,9,0,281,3,500,216,217,64
35,SUCEAVA,499,0,Scoala  generala Lunca,ZAMOSTEA,151246,C,3,236,219,17,140,123,17,0,140,0,300,160,109,31
35,SUCEAVA,500,0,Scoala generala Nicani,ZAMOSTEA,151246,C,3,424,411,13,259,246,13,0,256,3,500,241,211,45
35,SUCEAVA,501,0,Caminul cultural Zvoristea,ZVORISTEA,151344,C,3,805,760,45,463,401,45,17,454,9,900,437,290,164
35,SUCEAVA,502,0,Scoala generala Buda (satul Dealu),ZVORISTEA,151344,C,3,642,624,18,397,379,18,0,392,5,700,303,281,111
35,SUCEAVA,503,0,Scoala generala Buda (satu Buda),ZVORISTEA,151344,C,3,826,812,14,451,437,14,0,442,9,900,449,277,165
35,SUCEAVA,504,0,Scoala generala Serbanesti,ZVORISTEA,151344,C,3,900,870,30,528,498,30,0,523,5,1000,472,364,159
35,SUCEAVA,505,0,Scoala generala Slobozia,ZVORISTEA,151344,C,3,538,524,14,334,320,14,0,325,9,600,266,217,108
35,SUCEAVA,506,0,Scoala generala Stinca,ZVORISTEA,151344,C,3,489,475,14,340,325,14,1,337,3,500,160,258,79
35,SUCEAVA,507,0,Scoala generala Stincuta,ZVORISTEA,151344,C,3,125,111,14,79,65,14,0,77,2,200,121,50,27
35,SUCEAVA,508,0,Scoala generala Poiana,ZVORISTEA,151344,C,3,417,408,9,252,243,9,0,249,3,500,248,192,57
36,TELEORMAN,1,0,SCOALA AJUTATOARE STR LIBERTATII NR 1,MUNICIPIUL ALEXANDRIA,151790,M,1,1711,1686,25,871,830,25,16,863,8,1900,1029,344,519
36,TELEORMAN,2,0,SCOALA GENERALA NR 7 STR 1907 NR 57,MUNICIPIUL ALEXANDRIA,151790,M,1,1291,1280,11,705,694,11,0,703,2,1400,695,249,454
36,TELEORMAN,3,0,GRADINITA DE COPII NR 6 STR 1907 NR 55,MUNICIPIUL ALEXANDRIA,151790,M,1,1262,1250,12,639,624,12,3,634,5,1400,761,260,374
36,TELEORMAN,4,0,SCOALA GENERALA NR 7 STR 1907 NR 57,MUNICIPIUL ALEXANDRIA,151790,M,1,1052,1030,22,619,597,22,0,602,17,1100,481,286,316
36,TELEORMAN,5,0,SCOALA GENERALA NR 7 STR 1907 NR 57,MUNICIPIUL ALEXANDRIA,151790,M,1,1341,1328,13,786,773,13,0,783,3,1500,714,254,529
36,TELEORMAN,6,0,GRUPUL SCOLAR AGRICOL STR LIBERTATII NR 69,MUNICIPIUL ALEXANDRIA,151790,M,1,1720,1710,10,999,988,10,1,982,17,1900,901,452,530
36,TELEORMAN,7,0,LICEUL ALEXANDRU GHICA STR VIITORULUI NR 78,MUNICIPIUL ALEXANDRIA,151790,M,1,1954,1919,35,1165,1129,35,1,1153,12,2000,835,463,690
36,TELEORMAN,8,0,LICEUL ALEXANDRU GHICA STR VIITORULUI NR 78,MUNICIPIUL ALEXANDRIA,151790,M,1,1009,995,14,594,580,14,0,586,8,1100,506,223,363
36,TELEORMAN,9,0,GRUPUL SCOLAR AGRICOL STR LIBERTATII NR 69,MUNICIPIUL ALEXANDRIA,151790,M,1,1342,1333,9,698,689,9,0,693,5,1500,802,265,428
36,TELEORMAN,10,0,GRADINITA DE COPII NR 10 STR DUNARII NR 131,MUNICIPIUL ALEXANDRIA,151790,M,1,1607,1593,14,867,853,14,0,863,4,1800,933,348,515
36,TELEORMAN,11,0,LICEUL C NOICA STR DUNARII NR 133,MUNICIPIUL ALEXANDRIA,151790,M,1,1098,1086,12,659,646,12,1,650,9,1200,541,295,355
36,TELEORMAN,12,0,LICEUL MARIN PREDA STR NEGRU VODA NR 99,MUNICIPIUL ALEXANDRIA,151790,M,1,1420,1399,21,891,867,21,3,879,12,1500,609,370,509
36,TELEORMAN,13,0,SCOALA GENERALA NR 5 STR LIBERTATII NR 148,MUNICIPIUL ALEXANDRIA,151790,M,1,1081,1070,11,628,617,11,0,625,3,1200,572,291,334
36,TELEORMAN,14,0,GRADINITA DE COPII NR 7 STR ALEXANDRU COLFESCU NR 70,MUNICIPIUL ALEXANDRIA,151790,M,1,1355,1332,23,776,752,23,1,772,4,1500,724,322,450
36,TELEORMAN,15,0,GRADINITA DE COPII NR 7 STR ALEXANDRU COLFESCU NR 70,MUNICIPIUL ALEXANDRIA,151790,M,1,1296,1280,16,762,745,16,1,755,7,1400,638,312,443
36,TELEORMAN,16,0,SALA POLIVALENTA STR ALEXANDRU GHICA NR 86-88,MUNICIPIUL ALEXANDRIA,151790,M,1,1676,1644,32,939,883,32,24,929,10,1804,865,489,440
36,TELEORMAN,17,0,OFICIUL POSTAL NR 3 STR BUCURESTI NR 123,MUNICIPIUL ALEXANDRIA,151790,M,1,1263,1202,61,762,700,61,1,752,10,1300,538,341,411
36,TELEORMAN,18,0,SCOALA GENERALA NR 3 STR CARPATI NR 15,MUNICIPIUL ALEXANDRIA,151790,M,1,1031,1017,14,596,582,14,0,594,2,1100,504,288,306
36,TELEORMAN,19,0,SCOALA GENERALA NR 3 STR CARPATI NR 15,MUNICIPIUL ALEXANDRIA,151790,M,1,1295,1281,14,730,716,14,0,728,2,1400,670,248,480
36,TELEORMAN,20,0,SCOALA GENERALA MIHAI VITEAZUL  STR ALEX COLFESCU NR 34,MUNICIPIUL ALEXANDRIA,151790,M,1,1743,1728,15,927,912,15,0,920,7,1900,973,338,582
36,TELEORMAN,21,0,SCOALA GENERALA MIHAI VITEAZUL  STR ALEX COLFESCU NR 34,MUNICIPIUL ALEXANDRIA,151790,M,1,1285,1265,20,1272,706,20,546,1257,15,1400,128,512,745
36,TELEORMAN,22,0,SCOALA GENERALA NR 6 STR 1 MAI NR 107,MUNICIPIUL ALEXANDRIA,151790,M,1,1045,1015,30,591,561,30,0,586,5,1100,509,291,295
36,TELEORMAN,23,0,SCOALA GENERALA NR 6 STR 1 MAI NR 107,MUNICIPIUL ALEXANDRIA,151790,M,1,1255,1216,39,655,614,39,2,647,8,1400,745,296,351
36,TELEORMAN,24,0,LICEUL ALEXANDRU IOAN CUZA STR CARPATI NR 27,MUNICIPIUL ALEXANDRIA,151790,M,1,1216,1206,10,660,650,10,0,655,5,1300,640,280,375
36,TELEORMAN,25,0,LICEUL ALEXANDRU IOAN CUZA STR CARPATI NR 27,MUNICIPIUL ALEXANDRIA,151790,M,1,1271,1261,10,708,698,10,0,706,2,1400,692,276,430
36,TELEORMAN,26,0,LICEUL ALEXANDRU IOAN CUZA STR CARPATI NR 27,MUNICIPIUL ALEXANDRIA,151790,M,1,1205,1194,11,667,656,11,0,662,5,1300,633,276,386
36,TELEORMAN,27,0,SCOALA GENERALA NR 4 STR DUNARII NR 292,MUNICIPIUL ALEXANDRIA,151790,M,1,1583,1571,12,797,785,12,0,789,8,1700,903,334,455
36,TELEORMAN,28,0,SCOALA GENERALA NR 4 STR DUNARII NR 292,MUNICIPIUL ALEXANDRIA,151790,M,1,1572,1561,11,830,818,11,1,821,9,1713,883,392,429
36,TELEORMAN,29,0,GRADINITA DE COPII NR 1 STR DUNARII NR 228,MUNICIPIUL ALEXANDRIA,151790,M,1,1078,1062,16,575,559,16,0,570,5,1200,625,212,358
36,TELEORMAN,30,0,SCOALA GENERALA NR 4 STR DUNARII NR 292,MUNICIPIUL ALEXANDRIA,151790,M,1,1524,1511,13,783,770,13,0,776,7,1700,917,300,476
36,TELEORMAN,31,0,GRADINITA DE COPII NR 4 STR ALEXANDRU GHICA NR 148,MUNICIPIUL ALEXANDRIA,151790,M,1,1730,1724,6,844,837,6,1,839,5,1900,1056,388,451
36,TELEORMAN,32,0,GRADINITA DE COPII NR 4 STR ALEXANDRU GHICA NR 148,MUNICIPIUL ALEXANDRIA,151790,M,1,1897,1877,20,984,960,20,4,969,15,2000,1016,486,483
36,TELEORMAN,33,0,SCOALA DE SOFERI AMATORI STR DUNARII NR 265-271,MUNICIPIUL ALEXANDRIA,151790,M,1,1593,1566,27,905,877,27,1,879,26,1701,796,510,369
36,TELEORMAN,34,0,GRADINITA DE COPII NR 8 STR DUNARII NR 364,MUNICIPIUL ALEXANDRIA,151790,M,1,1455,1426,29,660,631,29,0,630,30,1600,940,440,190
36,TELEORMAN,35,1,SPITALUL JUDETEAN TELEORMAN STRADA LIBERTATII NR.1,MUNICIPIUL ALEXANDRIA,151790,M,1,10,0,10,374,0,10,364,371,3,538,164,232,139
36,TELEORMAN,36,1,OCOLUL SILVIC ALEXANDRIA STRADA SOS. TURNU MAGURELE NR.1,MUNICIPIUL ALEXANDRIA,151790,M,1,11,0,11,234,0,11,223,229,5,326,92,134,95
36,TELEORMAN,37,0,SCOALA GENERALA ZAHARIA STANCU STR CARPATI NR 77,MUNICIPIUL ROSIORI DE VEDE,151870,M,1,1403,1382,21,730,709,21,0,723,7,1500,770,284,439
36,TELEORMAN,38,0,SCOALA GENERALA NR 4 STR CARPATI NR 40,MUNICIPIUL ROSIORI DE VEDE,151870,M,1,1325,1310,15,666,651,15,0,655,11,1400,734,300,355
36,TELEORMAN,39,0,COLEGIUL TEHNIC ANGHEL SALIGNY STR RENASTERII NR 15,MUNICIPIUL ROSIORI DE VEDE,151870,M,1,1469,1450,19,799,778,19,2,794,5,1507,708,296,498
36,TELEORMAN,40,0,ATELIER SCOLAR STR M KOGALNICEANU NR 52 A,MUNICIPIUL ROSIORI DE VEDE,151870,M,1,1386,1374,12,754,742,12,0,745,9,1500,746,282,463
36,TELEORMAN,41,0,CENTRU CULTURAL STR MARASESTI NR 38,MUNICIPIUL ROSIORI DE VEDE,151870,M,1,1231,1217,14,652,638,14,0,647,5,1300,648,286,361
36,TELEORMAN,42,0,GRADINITA DE COPII NR 7 STR PLT RADULESCU NR 9,MUNICIPIUL ROSIORI DE VEDE,151870,M,1,1298,1282,16,678,661,16,1,669,9,1500,822,281,388
36,TELEORMAN,43,0,MUZEUL DE ISTORIE STR DUNARII NR 54,MUNICIPIUL ROSIORI DE VEDE,151870,M,1,1276,1253,23,641,615,23,3,635,6,1400,759,241,394
36,TELEORMAN,44,0,CLUBUL ELEVILOR STR SF TEODOR NR 16,MUNICIPIUL ROSIORI DE VEDE,151870,M,1,1509,1493,16,796,780,16,0,794,2,1700,904,261,533
36,TELEORMAN,45,0,SCOALA GALA GALACTION STR SF VINERI NR 10,MUNICIPIUL ROSIORI DE VEDE,151870,M,1,1507,1491,16,632,614,16,2,627,5,1600,968,326,301
36,TELEORMAN,46,0,SCOALA GENERALA ALEXANDRU DEPARATEANU STR DUNARII NR 126,MUNICIPIUL ROSIORI DE VEDE,151870,M,1,1588,1569,19,779,760,19,0,765,14,1700,921,406,359
36,TELEORMAN,47,0,OFICIUL GOSPODARIRE APE STR ALEXANDRU DOBRESCU NR 3,MUNICIPIUL ROSIORI DE VEDE,151870,M,1,1539,1530,9,727,717,9,1,710,17,1601,874,400,310
36,TELEORMAN,48,0,SCOALA GENERALA NR 5 STR STEGARULUI NR 2,MUNICIPIUL ROSIORI DE VEDE,151870,M,1,1600,1585,15,820,805,15,0,814,6,1700,880,358,456
36,TELEORMAN,49,0,SCOALA GENERALA NR 5 STR STEGARULUI NR 2,MUNICIPIUL ROSIORI DE VEDE,151870,M,1,1202,1188,14,666,652,14,0,652,14,1300,634,316,336
36,TELEORMAN,50,0,SCOALA GENERALA ALEXANDRU DEPARATEANU STR DUNARII NR 126,MUNICIPIUL ROSIORI DE VEDE,151870,M,1,1289,1274,15,712,694,15,3,705,7,1400,688,305,400
36,TELEORMAN,51,0,SCOALA GENERALA  MIHAI EMINESCU STR IL CARAGIALE NR 2,MUNICIPIUL ROSIORI DE VEDE,151870,M,1,1578,1548,30,829,799,30,0,820,9,1700,871,397,423
36,TELEORMAN,52,0,CASA DE CULTURA STR RENASTERII NR 1,MUNICIPIUL ROSIORI DE VEDE,151870,M,1,1180,1173,7,618,611,7,0,614,4,1306,688,248,366
36,TELEORMAN,53,0,COLEGIUL NATIONAL  ANASTASESCU STR REPUBLICII NR 9,MUNICIPIUL ROSIORI DE VEDE,151870,M,1,1489,1460,29,752,723,29,0,742,10,1600,848,333,409
36,TELEORMAN,54,0,GRADINITA DE COPII NR 3 STR IZBICEANU  NR 28,MUNICIPIUL ROSIORI DE VEDE,151870,M,1,1758,1734,24,895,871,24,0,886,9,1900,1005,365,521
36,TELEORMAN,55,0,LICEUL ECONOMIC STR REPUBLICII NR 11,MUNICIPIUL ROSIORI DE VEDE,151870,M,1,1556,1507,49,703,651,49,3,700,3,1600,897,314,386
36,TELEORMAN,56,0,SCOALA GENERALA ZAHARIA STANCU STR CARPATI NR 77,MUNICIPIUL ROSIORI DE VEDE,151870,M,1,1246,1190,56,624,567,56,1,620,4,1304,680,268,352
36,TELEORMAN,57,0,GRADINITA DE COPII NR 6 STR CARPATI NR 75,MUNICIPIUL ROSIORI DE VEDE,151870,M,1,1396,1384,12,678,666,12,0,667,11,1585,907,321,346
36,TELEORMAN,58,1,"SPITALUL CARITAS , STRADA CARPATI NR.33",MUNICIPIUL ROSIORI DE VEDE,151870,M,1,10,0,10,197,0,10,187,194,3,275,78,100,94
36,TELEORMAN,59,1,SPITALUL DE PENEUMOFTIZIOLOGIE,MUNICIPIUL ROSIORI DE VEDE,151870,M,1,9,0,9,132,0,9,123,127,5,165,33,89,38
36,TELEORMAN,60,1,STATIA C.F.R. ROSIORI NORD - SALA DE ASTEPTARE,MUNICIPIUL ROSIORI DE VEDE,151870,M,1,9,0,9,689,0,9,680,688,1,835,146,245,443
36,TELEORMAN,61,1,"UNITATEA DE POMPIERI, STRADA SFANTUL TEODOR NR.37",MUNICIPIUL ROSIORI DE VEDE,151870,M,1,4,0,4,45,0,4,41,44,1,50,5,26,18
36,TELEORMAN,62,0,SCOALA VECHE CARTIERUL ODAIA STR OLTULUI NR 140,MUNICIPIUL TURNU MAGURELE,151683,M,1,1704,1677,27,978,951,27,0,963,15,1800,822,582,381
36,TELEORMAN,63,0,SCOALA NOUA CARTIERUL ODAIA STR GHICA VODA  NR 104,MUNICIPIUL TURNU MAGURELE,151683,M,1,1428,1411,17,686,669,17,0,664,22,1600,914,406,258
36,TELEORMAN,64,0,SCOALA GENERALA NR 4 STR CHIMIEI NR 18,MUNICIPIUL TURNU MAGURELE,151683,M,1,1948,1809,139,994,854,139,1,979,15,2000,1006,495,484
36,TELEORMAN,65,0,GRADINITA TURNU SA STR TABEREI NR 1,MUNICIPIUL TURNU MAGURELE,151683,M,1,1929,1826,103,959,856,103,0,949,10,2000,1041,514,435
36,TELEORMAN,66,0,COLEGIUL SCOLAR DAVID PRAPORGESCU STR TABEREI NR 2,MUNICIPIUL TURNU MAGURELE,151683,M,1,1915,1818,97,1043,946,97,0,1035,8,2000,957,534,501
36,TELEORMAN,67,0,GRADINITA DE COPII NR 4 STR TRAIAN NR 3,MUNICIPIUL TURNU MAGURELE,151683,M,1,2006,1945,61,855,794,61,0,846,9,2100,1245,479,367
36,TELEORMAN,68,0,POLICLINICA TURNU MAGURELE STR G-RAL PRAPORGESCU NR 64,MUNICIPIUL TURNU MAGURELE,151683,M,1,1700,1678,22,942,920,22,0,914,28,1800,858,554,360
36,TELEORMAN,69,0,COLEGIUL NATIONAL UNIREA STR CASTANILOR NR 25,MUNICIPIUL TURNU MAGURELE,151683,M,1,1252,1219,33,614,581,33,0,608,6,1400,786,292,316
36,TELEORMAN,70,0,COLEGIUL NATIONAL UNIREA STR CASTANILOR NR 25,MUNICIPIUL TURNU MAGURELE,151683,M,1,1730,1704,26,928,901,26,1,919,9,1900,972,372,547
36,TELEORMAN,71,0,SCOALA GENERALA NR 1 STR AVANTULUI NR 1,MUNICIPIUL TURNU MAGURELE,151683,M,1,1543,1491,52,798,745,52,1,790,8,1600,802,378,412
36,TELEORMAN,72,0,SCOALA GENERALA NR 1 STR AVANTULUI NR 1,MUNICIPIUL TURNU MAGURELE,151683,M,1,1941,1854,87,1094,1006,87,1,1086,8,2000,906,456,630
36,TELEORMAN,73,0,GRUPUL SCOLAR AGRICOL SF HARALAMBIE STR OITUZ NR 11,MUNICIPIUL TURNU MAGURELE,151683,M,1,1198,1167,31,667,634,31,2,665,2,1300,633,291,374
36,TELEORMAN,74,0,GRUPUL SCOLAR AGRICOL SF HARALAMBIE STR OITUZ NR 11,MUNICIPIUL TURNU MAGURELE,151683,M,1,1059,984,75,584,507,75,2,583,1,1300,716,251,332
36,TELEORMAN,75,0,LICEUL MARIN PREDA STR CETATEA TURNU NR 9,MUNICIPIUL TURNU MAGURELE,151683,M,1,1450,1414,36,784,748,36,0,775,9,1500,716,391,384
36,TELEORMAN,76,0,GRADINITA DE COPII NR 5 STR CETATEA TURNU NR 3,MUNICIPIUL TURNU MAGURELE,151683,M,1,1348,1320,28,1191,749,28,414,1189,2,1601,410,497,692
36,TELEORMAN,77,0,GRADINITA DE COPII NR 2 STR LIBERTATII NR 104,MUNICIPIUL TURNU MAGURELE,151683,M,1,1480,1456,24,733,709,24,0,730,3,1600,867,458,272
36,TELEORMAN,78,0,LOCALUL NOU  AL SCOLII GENERALE NR 2  STR ALXANDRU VLAHUTA NR 17,MUNICIPIUL TURNU MAGURELE,151683,M,1,1640,1613,27,845,818,27,0,830,15,1800,955,509,321
36,TELEORMAN,79,0,SCOALA GENERALA NR. 2 LOCAL VECHI STR LIBERTATII NR 37,MUNICIPIUL TURNU MAGURELE,151683,M,1,1563,1542,21,925,904,21,0,917,8,1695,770,512,405
36,TELEORMAN,80,1,CLUBUL ELEVILOR SOS. ALEXANDRIEI NR. 5,MUNICIPIUL TURNU MAGURELE,151683,M,1,10,0,10,63,0,10,53,60,3,110,47,44,16
36,TELEORMAN,81,1,SPITALUL MUNICIPAL TURNU MAGURELE STRADA CASTANILOR NR. 42,MUNICIPIUL TURNU MAGURELE,151683,M,1,9,0,9,162,0,9,153,158,4,275,113,85,73
36,TELEORMAN,82,0,SCOALA GENERALA NR 3 STR PARCULUI NR 21,ORAS VIDELE,151905,O,1,1961,1907,54,1223,1169,54,0,1212,11,2006,783,426,786
36,TELEORMAN,83,0,CANTINA LICEULUI VIDELE STR REPUBLICII NR 7,ORAS VIDELE,151905,O,1,1357,1329,28,1183,784,28,371,1169,14,1500,317,436,733
36,TELEORMAN,84,0,CASA DE CULTURA VIDELE STR FLORILOR NR 34,ORAS VIDELE,151905,O,1,1805,1755,50,1110,1060,50,0,1095,15,1900,790,401,694
36,TELEORMAN,85,0,SCOALA GENERALA DE 4 ANI FOTACHESTI STR SOS PITESTI NR 69,ORAS VIDELE,151905,O,1,930,881,49,715,546,49,120,708,7,1000,285,374,334
36,TELEORMAN,86,0,SCOALA GENERALA DE 4  ANI FURCULESTI STR FRASINETULUI NR 9,ORAS VIDELE,151905,O,1,1430,1368,62,923,861,62,0,912,11,1500,577,462,450
36,TELEORMAN,87,0,SCOALA GENERALA DE 4 ANI CARTOJANCA STR PROGRESULUI NR 62,ORAS VIDELE,151905,O,1,757,726,31,489,458,31,0,472,17,800,311,183,289
36,TELEORMAN,88,0,SCOALA GENERALA DE 10 ANI TAMASESTI STR PLANTELOR  NR 67,ORAS VIDELE,151905,O,1,805,777,28,497,469,28,0,491,6,900,403,127,364
36,TELEORMAN,89,0,SCOALA GENERALA DE 4 ANI PARISESTI STR PLANTELOR  NR 199,ORAS VIDELE,151905,O,1,555,510,45,385,340,45,0,384,1,600,215,100,284
36,TELEORMAN,90,0,SCOALA GENERALA DE 4 ANI COSOAIA,ORAS VIDELE,151905,O,1,357,348,9,227,217,9,1,225,2,400,173,101,124
36,TELEORMAN,91,0,SCOALA GENERALA NR 4 STR TURNU MAGURELE NR 38 CU INTRARE PRIN STR.CETATII,ORAS ZIMNICEA,151978,O,1,1456,1442,14,897,883,14,0,891,6,1600,703,535,356
36,TELEORMAN,92,0,SCOALA GENERALA NR 4  STR TURNU MAGURELE NR 38 CU INTRARE PRIN STR. TURNU MAGURELE,ORAS ZIMNICEA,151978,O,1,1823,1805,18,1193,1150,18,25,1172,21,1962,769,720,452
36,TELEORMAN,93,0,GRADINITA DE COPII NR 2  STR IMPARATUL TRAIAN,ORAS ZIMNICEA,151978,O,1,1616,1580,36,1041,1005,36,0,1025,16,1737,696,675,350
36,TELEORMAN,94,0,SCOALA GENERALA NR 3 BULEVARDUL EROILOR NR. 30,ORAS ZIMNICEA,151978,O,1,1903,1874,29,1083,864,29,190,1080,3,2031,948,542,538
36,TELEORMAN,95,0,SCOALA GENERALA NR 1 STR PRIMAVERII NR. 5 CU INTRARE PRIN STR. PRIMAVERII,ORAS ZIMNICEA,151978,O,1,1490,1454,36,774,730,36,8,770,4,1600,826,336,434
36,TELEORMAN,96,0,CASA DE CULTURA STR MIHAI VITEAZUL NR. 51,ORAS ZIMNICEA,151978,O,1,1347,1298,49,700,651,49,0,694,6,1470,770,344,350
36,TELEORMAN,97,0,SCOALA GENERALA NR 2 STR 1 MAI CU INTRARE PRIN STR. 1 MAI,ORAS ZIMNICEA,151978,O,1,1580,1566,14,984,970,14,0,964,20,1723,739,529,435
36,TELEORMAN,98,0,SCOALA GENERALA NR 2 STR 1 MAI CU INTRARE MIRCEA VODA,ORAS ZIMNICEA,151978,O,1,1578,1558,20,1003,983,20,0,995,8,1726,723,522,473
36,TELEORMAN,99,0,CLUBUL TINERETULUI  DIN SEDIUL CASEI DE CULTURA STR MIHAI VITEAZUL NR.51 PRIMAV,ORAS ZIMNICEA,151978,O,1,1381,1360,21,869,848,21,0,863,6,1522,653,443,420
36,TELEORMAN,100,1,SPITALUL ORASENESC ZIMNICEA,ORAS ZIMNICEA,151978,O,1,10,0,10,134,0,10,124,132,2,145,11,84,48
36,TELEORMAN,101,0,SCOALA GENERALA BALACI,BALACI,151996,C,3,1040,1011,29,873,761,29,83,854,19,1100,227,682,172
36,TELEORMAN,102,0,SCOALA GENERALA TECUCI,BALACI,151996,C,3,834,820,14,550,479,14,57,539,11,960,410,391,148
36,TELEORMAN,103,0,SCOALA VECHE BABAITA,BABAITA,152038,C,3,1670,1655,15,1432,1375,15,42,1388,44,1800,368,1070,318
36,TELEORMAN,104,0,GRADINITA SAT  MERISANI,BABAITA,152038,C,3,1019,996,23,755,722,23,10,746,9,1147,392,478,268
36,TELEORMAN,105,0,GRADINITA DE COPII BECIU,BECIU,155083,C,3,1265,1210,55,948,893,55,0,944,4,1189,241,754,190
36,TELEORMAN,106,0,SCOALA GENERALA SMIRDAN,BECIU,155083,C,3,529,320,209,456,247,209,0,454,2,500,44,401,53
36,TELEORMAN,107,0,CAMIN CULTURAL BEUCA,BEUCA,155092,C,3,1127,1114,13,656,641,13,2,648,8,1200,544,439,209
36,TELEORMAN,108,0,CAMIN CULTURAL PLOPI,BEUCA,155092,C,3,226,213,13,200,187,13,0,194,6,241,41,115,79
36,TELEORMAN,109,0,SCOALA GENERALA NR 1 BLEJESTI STR PITESTI NR 323,BLEJESTI,152083,C,3,1065,992,73,563,490,73,0,549,14,1004,441,291,258
36,TELEORMAN,110,0,SCOALA GENERALA CLSASELE I  - IV BLEJESTI STRADA STANGULESTI,BLEJESTI,152083,C,3,990,919,71,569,498,71,0,565,4,1000,431,300,265
36,TELEORMAN,111,0,SCOALA GENERALA BACIU,BLEJESTI,152083,C,3,929,906,23,542,519,23,0,536,6,1000,458,252,284
36,TELEORMAN,112,0,SCOALA GENERALA SERICU,BLEJESTI,152083,C,3,335,319,16,205,189,16,0,201,4,482,277,92,109
36,TELEORMAN,113,0,SCOALA GENERALA CLS. I-VIII BOGDANA,BOGDANA,152127,C,3,997,958,39,589,519,39,31,582,7,1083,494,461,121
36,TELEORMAN,114,0,SCOALA GENERALA  CLS I-IV SATUL ULMENI,BOGDANA,152127,C,3,732,707,25,454,404,25,25,448,6,805,351,321,127
36,TELEORMAN,115,0,SCOALA GENERALA URLUIU,BOGDANA,152127,C,3,675,636,39,499,419,39,41,492,7,700,201,379,113
36,TELEORMAN,116,0,SCOALA GENERALA DE 8 ANI BOTOROAGA,BOTOROAGA,152172,C,3,1345,1321,24,1145,1121,24,0,1139,6,1450,305,660,479
36,TELEORMAN,117,0,SCOALA GENERALA DE 8 ANI CALUGARU,BOTOROAGA,152172,C,3,884,851,33,864,831,33,0,859,5,1000,136,492,367
36,TELEORMAN,118,0,SCOALA GENERALA DE 8 ANI TIRNAVA,BOTOROAGA,152172,C,3,1373,1332,41,1212,1171,41,0,1209,3,1450,238,662,547
36,TELEORMAN,119,0,SCOALA ELEMENTARA DE 4 ANI TUNARI,BOTOROAGA,152172,C,3,233,207,26,155,129,26,0,153,2,269,114,113,40
36,TELEORMAN,120,0,SCOALA GENERALA DE 8 ANI VALEA CIRESULUI,BOTOROAGA,152172,C,3,1411,1348,63,1227,1164,63,0,1215,12,1450,223,622,593
36,TELEORMAN,121,0,GRADINITA DE COPII BRAGADIRU,BRAGADIRU,152234,C,3,1195,1183,12,591,579,12,0,584,7,1300,709,312,272
36,TELEORMAN,122,0,CAMINUL CULTURAL BRAGADIRU,BRAGADIRU,152234,C,3,1490,1480,10,688,678,10,0,685,3,1621,933,323,362
36,TELEORMAN,123,0,SCOALA GENERALA NR 2 BRAGADIRU,BRAGADIRU,152234,C,3,1279,1167,112,711,597,112,2,708,3,1300,589,325,383
36,TELEORMAN,124,0,SCOALA GENERALA CU CLASELE I - VIII BRINCENI,BRANCENI,152252,C,3,1292,1259,33,861,803,33,25,850,11,1400,539,558,292
36,TELEORMAN,125,0,GRADINITA DE COPII BRINCENI,BRANCENI,152252,C,3,1204,1184,20,888,841,20,27,878,10,1342,454,554,324
36,TELEORMAN,126,0,CAMIN CULTURAL BUJORENI,BUJORENI,152270,C,3,580,576,4,418,395,4,19,411,7,642,224,275,136
36,TELEORMAN,127,0,SCOALA ELEMENTARA CU CLASELE I - IV PRUNARU,BUJORENI,152270,C,3,377,371,6,293,257,6,30,287,6,400,107,220,67
36,TELEORMAN,128,0,SCOALA GENERALA BUJORU,BUJORU,152314,C,3,911,891,20,568,548,20,0,560,8,951,383,374,186
36,TELEORMAN,129,0,CAMIN CULTURAL BUJORU,BUJORU,152314,C,3,806,789,17,536,519,17,0,527,9,900,364,293,234
36,TELEORMAN,130,0,CAMIN CULTURAL BUZESCU,BUZESCU,152332,C,3,1185,1179,6,626,600,6,20,618,8,1300,674,330,288
36,TELEORMAN,131,0,GRADINITA DE COPII BUZESCU,BUZESCU,152332,C,3,1280,1268,12,561,521,12,28,555,6,1367,806,329,226
36,TELEORMAN,132,0,SCOALA GENERALA BUZESCU,BUZESCU,152332,C,3,1147,1147,0,591,562,0,29,579,12,1300,709,300,279
36,TELEORMAN,133,0,SCOALA GENERALA CALINESTI,CALINESTI,152350,C,3,1455,1428,27,966,911,27,28,947,19,1563,597,603,344
36,TELEORMAN,134,0,SCOALA GENERALA LICURICIU,CALINESTI,152350,C,3,593,560,33,370,328,33,9,361,9,600,230,267,94
36,TELEORMAN,135,0,SCOALA GENERALA COPACEANCA,CALINESTI,152350,C,3,903,863,40,525,485,40,0,520,5,903,378,379,141
36,TELEORMAN,136,0,SCOALA GENERALA CLS I-IV ANTONESTI,CALINESTI,152350,C,3,327,290,37,228,177,37,14,225,3,400,172,169,56
36,TELEORMAN,137,0,SCOALA GENERALA VECHE CU CLASELE I-IV CALMATUIU,CALMATUIU,152412,C,3,709,688,21,367,346,21,0,359,8,800,433,255,104
36,TELEORMAN,138,0,SCOALA CU CLASELE I - IV CARAVANETI,CALMATUIU,152412,C,3,304,291,13,183,170,13,0,179,4,300,117,147,32
36,TELEORMAN,139,0,SCOALA CU CLASELE I - IV BUJORU,CALMATUIU,152412,C,3,352,298,54,240,186,54,0,233,7,364,124,164,69
36,TELEORMAN,140,0,SCOALA GENERALA CU CLASELE I-VIII NICOLAE BALCESCU,CALMATUIU,152412,C,3,794,777,17,437,420,17,0,430,7,800,363,317,113
36,TELEORMAN,141,0,SCOALA GENERALA NR 1(SCOALA VECHE) CALMATUIU DE SUS,CALMATUIU DE SUS,152467,C,3,838,813,25,434,408,25,1,431,3,900,466,254,177
36,TELEORMAN,142,0,SCOALA CU CLASELE I-IV IONASCU,CALMATUIU DE SUS,152467,C,3,413,404,9,195,186,9,0,194,1,434,239,146,48
36,TELEORMAN,143,0,SALA FESTIVITATI CAP BACALESTI,CALMATUIU DE SUS,152467,C,3,1001,986,15,513,498,15,0,505,8,1100,587,301,204
36,TELEORMAN,144,0,SCOALA CERVENIA,CERVENIA,152500,C,3,1406,1393,13,772,759,13,0,762,10,1555,783,454,308
36,TELEORMAN,145,0,SCOALA CERVENIA,CERVENIA,152500,C,3,1298,1284,14,672,658,14,0,668,4,1398,726,380,288
36,TELEORMAN,146,0,SCOALA GENERALA NR 1 CIOLANESTII DIN DEAL,CIOLANESTI,152528,C,3,1085,1025,60,556,477,60,19,550,6,1100,544,408,142
36,TELEORMAN,147,0,SCOALA GENERALA NR 2 CIOLANESTII DIN DEAL,CIOLANESTI,152528,C,3,880,799,81,486,405,81,0,475,11,900,414,374,101
36,TELEORMAN,148,0,SCOALA GENERALA NR 3 CIOLANESTII DIN VALE,CIOLANESTI,152528,C,3,656,625,31,431,371,31,29,425,6,700,269,345,80
36,TELEORMAN,149,0,SCOALA GENERALA BALDOVINESTI,CIOLANESTI,152528,C,3,503,460,43,279,236,43,0,277,2,523,244,200,77
36,TELEORMAN,150,0,CAMIN CULTURAL CIUPERCENI,CIUPERCENI,151709,C,3,981,962,19,566,517,19,30,561,5,1100,534,310,251
36,TELEORMAN,151,0,SCOALA GENERALA POIANA,CIUPERCENI,151709,C,3,701,681,20,479,422,20,37,469,10,713,234,290,179
36,TELEORMAN,152,0,GRADINITA DE COPII CONTESTI,CONTESTI,152564,C,3,1666,1640,26,997,938,26,33,987,10,1800,803,712,275
36,TELEORMAN,153,0,SCOALA GENERALA CONTESTI LOCAL B,CONTESTI,152564,C,3,1418,1401,17,882,830,17,35,870,12,1552,670,621,249
36,TELEORMAN,154,0,SCOALA GENERALA  CLS I-VIII COSMESTI,COSMESTI,152582,C,3,927,893,34,642,608,34,0,639,3,999,357,539,100
36,TELEORMAN,155,0,SCOALA GENERALA CLS I-VIII CIUPERCENI,COSMESTI,152582,C,3,1302,1275,27,793,766,27,0,787,6,1400,607,472,315
36,TELEORMAN,156,0,SCOALA GENERALA CRINGENI,CRANGENI,152617,C,3,1548,1493,55,792,716,55,21,771,21,1650,858,530,241
36,TELEORMAN,157,0,SCOALA GENERALA BALTA SARATA,CRANGENI,152617,C,3,796,707,89,591,463,89,39,579,12,800,209,462,117
36,TELEORMAN,158,0,SCOALA DE 4 ANI DOROBANTU,CRANGENI,152617,C,3,470,429,41,283,229,41,13,275,8,449,166,212,63
36,TELEORMAN,159,0,SCOALA GENERALA STEJARU,CRANGENI,152617,C,3,285,231,54,221,160,54,7,220,1,299,78,161,59
36,TELEORMAN,160,0,CAMIN CULTURAL CRINGU,CRANGU,152662,C,3,902,866,36,541,480,36,25,539,2,919,378,331,208
36,TELEORMAN,161,0,SCOALA GENERALA SECARA,CRANGU,152662,C,3,435,415,20,280,237,20,23,271,9,500,220,191,80
36,TELEORMAN,162,0,GRADINITA DE COPII CREVENICU,CREVENICU,151932,C,3,923,897,26,592,564,26,2,576,16,1000,408,332,244
36,TELEORMAN,163,0,CAMIN CULTURAL RADULESTI,CREVENICU,151932,C,3,507,483,24,333,309,24,0,327,6,545,212,192,135
36,TELEORMAN,164,0,SCOALA GENERALA DIDIESTI,DIDESTI,152724,C,3,1141,1138,3,743,729,3,11,736,7,1251,508,327,409
36,TELEORMAN,165,0,SCOALA GENERALA NR 1 CLS. I-VIII DOBROTESTI,DOBROTESTI,152760,C,3,1734,1645,89,813,724,89,0,799,14,1600,787,439,360
36,TELEORMAN,166,0,SCOALA GENERALA CLS I-IV DOBROTESTI,DOBROTESTI,152760,C,3,1450,1342,108,660,552,108,0,647,13,1600,940,342,305
36,TELEORMAN,167,0,SCOALA GENERALA CU CLASELE I - VIII  MERISANI,DOBROTESTI,152760,C,3,1112,1078,34,639,589,34,16,630,9,1283,644,368,262
36,TELEORMAN,168,0,SCOALA GENERALA CU CLASELE I - VIII  DRACEA,DRACEA,155109,C,3,1170,1142,28,734,636,28,70,731,3,1238,504,462,269
36,TELEORMAN,169,0,CAMIN CULTURAL FLORICA,DRACEA,155109,C,3,376,356,20,285,239,20,26,281,4,400,115,205,76
36,TELEORMAN,170,0,SCOALA CU CLASELE I-IV DRACSENEI,DRACSENEI,152797,C,3,789,763,26,399,373,26,0,395,4,854,455,250,145
36,TELEORMAN,171,0,SCOALA CU CLS I-VIII SAT DRACSANI,DRACSENEI,152797,C,3,445,431,14,277,263,14,0,273,4,485,208,202,71
36,TELEORMAN,172,0,SCOALA CU CLASELE I-IV ODOBEASCA,DRACSENEI,152797,C,3,344,330,14,205,191,14,0,201,4,376,171,151,50
36,TELEORMAN,173,0,SCOALA CU CLS I-IV SATU-VECHI,DRACSENEI,152797,C,3,138,128,10,111,101,10,0,110,1,143,32,76,34
36,TELEORMAN,174,0,SCOALA GENERALA SATUL DRAGANESTI,DRAGANESTI DE VEDE,152868,C,3,1298,1272,26,650,623,26,1,645,5,1358,708,330,315
36,TELEORMAN,175,0,SCOALA GENERALA VACARESTI,DRAGANESTI DE VEDE,152868,C,3,551,513,38,292,249,38,5,291,1,600,308,148,143
36,TELEORMAN,176,0,GRUPUL SCOLAR AGRICOL DRAGANESTI VLASCA,DRAGANESTI-VLASCA,152902,C,3,1511,1488,23,738,715,23,0,732,6,1630,892,464,268
36,TELEORMAN,177,0,SCOALA GENERALA DRAGANESTI VLASCA,DRAGANESTI-VLASCA,152902,C,3,1633,1610,23,786,762,23,1,779,7,1800,1014,528,251
36,TELEORMAN,178,0,SCOALA DE 4 ANI VACENI,DRAGANESTI-VLASCA,152902,C,3,280,264,16,180,164,16,0,175,5,300,120,127,48
36,TELEORMAN,179,0,SCOALA GENERALA COMOARA,DRAGANESTI-VLASCA,152902,C,3,556,536,20,344,322,20,2,333,11,600,256,275,58
36,TELEORMAN,180,0,GRADINITA DE COPII FINTINELE,FANTANELE,155118,C,3,1614,1472,142,1067,914,142,11,1057,10,1866,799,638,419
36,TELEORMAN,181,0,SCOALA CLS I-VIII FRASINET,FRASINET,155127,C,3,1674,1633,41,892,821,41,30,878,14,1783,891,608,270
36,TELEORMAN,182,0,SCOALA CLS I-VIII CLANITA,FRASINET,155127,C,3,605,605,0,479,403,0,76,479,0,688,209,314,165
36,TELEORMAN,183,0,SCOALA GENERALA FRUMOASA,FRUMOASA,152993,C,3,1038,1027,11,634,603,11,20,629,5,1090,456,420,209
36,TELEORMAN,184,0,GRADINITA DE COPII RAREANCA,FRUMOASA,152993,C,3,553,514,39,351,301,39,11,347,4,600,249,269,78
36,TELEORMAN,185,0,SCOALA GENERALA PAULEASCA,FRUMOASA,152993,C,3,557,540,17,300,283,17,0,298,2,600,300,194,104
36,TELEORMAN,186,0,SCOALA CU CLASELE I-VIII FURCULESTI,FURCULESTI,152948,C,3,1532,1478,54,806,725,54,27,797,9,1600,794,565,232
36,TELEORMAN,187,0,SCOALA CU CLASELE I-VIII SPATAREI,FURCULESTI,152948,C,3,1016,1000,16,609,586,16,7,606,3,1100,491,422,184
36,TELEORMAN,188,0,SCOALA CU CLASELE I-IV VOIEVODA,FURCULESTI,152948,C,3,629,614,15,315,300,15,0,313,2,724,409,194,119
36,TELEORMAN,189,0,SCOALA GENERALA GALATENI,GALATENI,153026,C,3,1562,1506,56,740,684,56,0,731,9,1695,955,423,308
36,TELEORMAN,190,0,SCOALA GENERALA BISCOVENI,GALATENI,153026,C,3,1092,1034,58,581,523,58,0,572,9,1100,519,362,210
36,TELEORMAN,191,0,SCOALA GENERALA  NR 2 FARCASANCA,GRATIA,153062,C,3,1103,1084,19,659,601,19,39,648,11,1200,541,444,204
36,TELEORMAN,192,0,SCOALA GENERALA NR 1 CIURARI DEAL,GRATIA,153062,C,3,1296,1263,33,790,712,33,45,785,5,1404,614,542,243
36,TELEORMAN,193,0,SCOALA GENERALA NR 2 - GRADINITA DE COPII ISLAZ,ISLAZ,151736,C,3,1769,1555,214,1435,1190,214,31,1407,28,1600,165,1030,377
36,TELEORMAN,194,0,CAMIN CULTURAL ISLAZ,ISLAZ,151736,C,3,1763,1738,25,1074,1028,25,21,1057,17,1800,726,659,398
36,TELEORMAN,195,0,SCOALA GENERALA NR 1 ISLAZ,ISLAZ,151736,C,3,888,839,49,493,444,49,0,489,4,1200,707,318,171
36,TELEORMAN,196,0,SCOALA GENERALA MOLDOVENI,ISLAZ,151736,C,3,878,845,33,640,589,33,18,635,5,900,260,455,180
36,TELEORMAN,197,0,GRADINITA DE COPII  STR CAMINULUI NR 1 IZVOARELE,IZVOARELE,153106,C,3,1210,1190,20,895,861,20,14,888,7,1300,405,477,411
36,TELEORMAN,198,0,SCOALA NOUA FARA ETAJ STR ZIMNICEA NR 35 IZVOARELE,IZVOARELE,153106,C,3,1273,1255,18,881,854,18,9,876,5,1395,514,466,410
36,TELEORMAN,199,0,PRIMARIA COMUNEI LISA,LISA,153124,C,3,1435,1424,11,887,831,11,45,877,10,1612,725,619,258
36,TELEORMAN,200,0,PRIMARIA VINATORI,LISA,153124,C,3,678,667,11,419,408,11,0,417,2,700,281,235,182
36,TELEORMAN,201,0,SCOALA GENERALA NR 1 LITA,LITA,151763,C,3,1477,1425,52,682,630,52,0,678,4,1500,818,415,263
36,TELEORMAN,202,0,GRADINITA DE COPII NR 2 LITA,LITA,151763,C,3,1379,1235,144,842,698,144,0,831,11,1433,591,508,323
36,TELEORMAN,203,0,SCOALA GENERALA  NR 1LUNCA,LUNCA,153151,C,3,1440,1330,110,707,597,110,0,693,14,1500,793,440,253
36,TELEORMAN,204,0,GRADINITA DE COPII LUNCA,LUNCA,153151,C,3,760,634,126,381,255,126,0,376,5,800,419,193,183
36,TELEORMAN,205,0,SCOALA GENERALA PRUNDU,LUNCA,153151,C,3,913,846,67,615,548,67,0,600,15,926,311,486,114
36,TELEORMAN,206,0,SCOALA GENERALA (SCOALA VECHE) MAVRODIN,MAVRODIN,153204,C,3,1473,1423,50,768,718,50,0,757,11,1611,843,551,206
36,TELEORMAN,207,0,SCOALA GENERALA (LOCAL NOU) MAVRODIN,MAVRODIN,153204,C,3,875,834,41,493,452,41,0,488,5,900,407,355,133
36,TELEORMAN,208,0,GRADINITA DE COPII MAGURA,MAGURA,153240,C,3,1661,1633,28,971,943,28,0,954,17,1779,808,553,401
36,TELEORMAN,209,0,SCOALA GENERALA GURUIENI,MAGURA,153240,C,3,905,882,23,582,559,23,0,570,12,1000,418,387,183
36,TELEORMAN,210,0,SCOALA GENERALA NR 1 (PARTER)  MALDAIENI,MALDAENI,153277,C,3,1392,1339,53,619,566,53,0,615,4,1443,824,329,286
36,TELEORMAN,211,0,SCOALA GENERALA NR 1(GRADINITA DE COPII NR 1) MALDAIENI (BIDOIU),MALDAENI,153277,C,3,1009,935,74,562,488,74,0,556,6,1200,638,271,285
36,TELEORMAN,212,0,SCOALA GENERALA NR 2 (GRADINITA DE COPII NR 2) MALDAIENI,MALDAENI,153277,C,3,1401,1322,79,769,690,79,0,764,5,1500,731,351,413
36,TELEORMAN,213,0,SCOALA VECHE CERNETU,MARZANESTI,153339,C,3,1332,1250,82,834,723,82,29,825,9,1320,486,530,295
36,TELEORMAN,214,0,SCOALA GENERALA VALEA PARULUI,MARZANESTI,153339,C,3,846,790,56,525,462,56,7,516,9,800,275,248,268
36,TELEORMAN,215,0,SCOALA GENERALA MIRZANESTI,MARZANESTI,153339,C,3,624,547,77,419,334,77,8,417,2,700,281,222,195
36,TELEORMAN,216,0,SCOALA GENERALA TELEORMANU,MARZANESTI,153339,C,3,917,884,33,506,473,33,0,500,6,1000,494,295,205
36,TELEORMAN,217,0,SCOALA GENERALA CU CLASELE I - VIII MERENII DE JOS,MERENI,153295,C,3,1600,1562,38,749,711,38,0,730,19,1710,961,474,256
36,TELEORMAN,218,0,SCOALA GENERALA CU CLASELE I - VIII MERENII DE SUS,MERENI,153295,C,3,1032,983,49,596,547,49,0,586,10,1100,504,411,175
36,TELEORMAN,219,0,SCOALA GENERALA (LOCALUL VECHI)  SALA NR. 1 MOSTENI,MOSTENI,153384,C,3,826,813,13,570,546,13,11,563,7,903,333,236,327
36,TELEORMAN,220,0,SCOALA GENERALA (LOCALUL VECHI) SALA NR 5 MOSTENI,MOSTENI,153384,C,3,564,553,11,362,340,11,11,357,5,629,267,159,198
36,TELEORMAN,221,0,SCOALA GENERALA NR 1 NANOV,NANOV,151816,C,3,1601,1536,65,869,804,65,0,860,9,1736,867,472,388
36,TELEORMAN,222,0,SCOALA GENERALA NR 2 NANOV,NANOV,151816,C,3,1460,1410,50,781,731,50,0,766,15,1600,819,426,340
36,TELEORMAN,223,0,SCOALA GENERALA NASTURELU,NASTURELU,153400,C,3,1380,1350,30,933,901,30,2,922,11,1322,389,606,316
36,TELEORMAN,224,0,SCOALA GENERALA ZIMNICELE,NASTURELU,153400,C,3,985,942,43,637,593,43,1,625,12,1209,572,378,247
36,TELEORMAN,225,0,SCOALA GENERALA NECSESTI,NECSESTI,153437,C,3,646,641,5,329,324,5,0,325,4,711,382,214,111
36,TELEORMAN,226,0,SCOALA GENERALA GIRDESTI,NECSESTI,153437,C,3,658,647,11,344,333,11,0,335,9,712,368,246,89
36,TELEORMAN,227,0,SCOALA GENERALA NENCIULESTI,NENCIULESTI,154996,C,3,973,950,23,443,414,23,6,431,12,1000,557,265,166
36,TELEORMAN,228,0,GRADINITA DE COPII NENCIULESTI,NENCIULESTI,154996,C,3,815,797,18,492,459,18,15,488,4,902,410,306,182
36,TELEORMAN,229,0,SCOALA GENERALA PARUL ROTUND,NENCIULESTI,154996,C,3,482,420,62,272,201,62,9,264,8,502,230,190,74
36,TELEORMAN,230,0,SCOALA GENERALA OLTENI,OLTENI,153473,C,3,1590,1519,71,1393,1276,71,46,1373,20,1800,407,1117,256
36,TELEORMAN,231,1,CENTRUL DE INGRIJIRE SI ASISTENTA OLTENI,OLTENI,153473,C,3,0,0,0,73,0,0,73,67,6,77,4,60,7
36,TELEORMAN,232,0,SCOALA GENERALA PERII BROSTENI,OLTENI,153473,C,3,1085,1024,61,995,920,61,14,991,4,1127,132,846,145
36,TELEORMAN,233,0,SCOALA GENERALA CU CLASELE I-VIII  ORBEASCA DE JOS,ORBEASCA,153507,C,3,1145,1053,92,609,477,92,40,601,8,1100,491,405,196
36,TELEORMAN,234,0,SCOALA GENERALA CU CLASELE I-VIII  ORBEASCA DE JOS,ORBEASCA,153507,C,3,1094,1006,88,584,459,88,37,571,13,1100,516,387,184
36,TELEORMAN,235,0,SCOALA GENERALA CU CLASELE I-VIII  ORBEASCA DE  SUS,ORBEASCA,153507,C,3,1514,1412,102,846,708,102,36,833,13,1659,813,572,261
36,TELEORMAN,236,0,SCOALA GENERALA CU CLASELE I-VIII  ORBEASCA DE SUS,ORBEASCA,153507,C,3,1305,1213,92,715,605,92,18,703,12,1400,685,479,224
36,TELEORMAN,237,0,SCOALA GENERALA CU CLASELE I-VIII  LACENI,ORBEASCA,153507,C,3,1102,1060,42,599,543,42,14,588,11,1100,501,409,179
36,TELEORMAN,238,0,SCOALA GENERALA CU CLASELE I-VIII  LACENI,ORBEASCA,153507,C,3,1064,1006,58,696,610,58,28,690,6,1100,404,536,154
36,TELEORMAN,239,0,GRADINITA DE COPII IAS PERETU STR. ADAMIADE NR 768,PERETU,153543,C,3,1023,984,39,602,563,39,0,593,9,1100,498,310,283
36,TELEORMAN,240,0,CAMIN CULTURAL PERETU   STR SOSEAUA NATIONALA NR 260,PERETU,153543,C,3,1875,1850,25,842,817,25,0,827,15,2000,1158,474,353
36,TELEORMAN,241,0,SCOALA GENERALA PERETU  STR SOSEAUA NATIONALA NR 250,PERETU,153543,C,3,1313,1284,29,676,647,29,0,667,9,1500,824,397,270
36,TELEORMAN,242,0,SCOALA GENERALA PERETU  STR SOSEAUA NATIONALA NR 260,PERETU,153543,C,3,1228,1186,42,665,623,42,0,653,12,1300,635,409,244
36,TELEORMAN,243,0,SCOALA GENERALA PERETU (LOCALUL VECHI) STR SCOALA VECHE NR 773,PERETU,153543,C,3,1243,1149,94,699,605,94,0,694,5,1231,532,446,248
36,TELEORMAN,244,0,SCOALA GENERALA NR 1 PIATRA,PIATRA,153561,C,3,1081,1072,9,930,911,9,10,917,13,1162,232,682,235
36,TELEORMAN,245,0,SCOALA GENERALA NR 2 PIATRA,PIATRA,153561,C,3,1045,1027,18,761,719,18,24,755,6,1100,339,534,221
36,TELEORMAN,246,0,LOCALUL CONSUMCOOP SA PIATRA,PIATRA,153561,C,3,940,937,3,696,674,3,19,691,5,1100,404,548,143
36,TELEORMAN,247,0,SCOALA VECHE PIETROSANI,PIETROSANI,153589,C,3,1165,1154,11,630,600,11,19,622,8,1300,670,346,276
36,TELEORMAN,248,0,SCOALA NOUA PIETROSANI,PIETROSANI,153589,C,3,1451,1425,26,771,716,26,29,764,7,1563,792,427,337
36,TELEORMAN,249,0,SCOALA GENERALA  CU CLASELE I - VIII PLOPII SLAVITESTI,PLOPII-SLAVITESTI,153623,C,3,734,702,32,585,528,32,25,580,5,750,165,431,149
36,TELEORMAN,250,0,SCOALA GENERALA BRINCOVEANCA,PLOPII-SLAVITESTI,153623,C,3,949,914,35,951,902,35,14,944,7,1050,99,760,184
36,TELEORMAN,251,0,SCOALA GENERALA DUDU,PLOPII-SLAVITESTI,153623,C,3,726,689,37,720,683,37,0,717,3,782,62,515,202
36,TELEORMAN,252,0,SCOALA GENERALA RASFIRATI,PLOSCA,153605,C,3,1623,1577,46,808,762,46,0,802,6,1733,925,516,286
36,TELEORMAN,253,0,SCOALA GENERALA CU CLASELE I-VIII (SCOALA MARE) PLOSCA,PLOSCA,153605,C,3,799,779,20,340,320,20,0,335,5,900,560,219,116
36,TELEORMAN,254,0,SCOALA MICA-  DEAL PLOSCA,PLOSCA,153605,C,3,1460,1413,47,771,724,47,0,767,4,1500,729,413,354
36,TELEORMAN,255,0,CAMIN CULTURAL PLOSCA,PLOSCA,153605,C,3,1392,1340,52,743,691,52,0,737,6,1500,757,386,351
36,TELEORMAN,256,0,SCOALA GENERALA POENI STR G-RAL GH RADULESCU NR 39,POENI,153696,C,3,1186,1175,11,671,656,11,4,663,8,1326,655,314,349
36,TELEORMAN,257,0,SCOALA GENERALA PREAJBA STR PRINCIPALA NR 1,POENI,153696,C,3,375,368,7,223,216,7,0,216,7,402,179,117,99
36,TELEORMAN,258,0,SCOALA GENERALA VATASI STR ZAVOIULUI NR 4,POENI,153696,C,3,504,496,8,308,300,8,0,308,0,500,192,166,142
36,TELEORMAN,259,0,SCOALA GENERALA CATUNU STR SOS PITESTI NR 21,POENI,153696,C,3,422,418,4,208,203,4,1,200,8,500,292,113,87
36,TELEORMAN,260,0,SCOALA GENERALA (LOCALUL NOU) POROSCHIA,POROSCHIA,151834,C,3,1708,1643,65,845,780,65,0,837,8,1804,959,520,317
36,TELEORMAN,261,0,SCOALA GENERALA (LOCALUL VECHI) POROSCHIA,POROSCHIA,151834,C,3,1455,1304,151,829,639,151,39,815,14,1410,581,450,365
36,TELEORMAN,262,0,SCOALA GENERALA CALOMFIRESTI,POROSCHIA,151834,C,3,985,965,20,609,589,20,0,605,4,1100,491,356,249
36,TELEORMAN,263,0,SCOALA VECHE CLASELE I -VIII PURANII DE SUS,PURANI,155136,C,3,1263,1220,43,804,761,43,0,788,16,1343,539,514,274
36,TELEORMAN,264,0,SCOALA VECHE PUTINEIU,PUTINEIU,153829,C,3,1435,1395,40,1149,1045,40,64,1133,16,1500,351,872,261
36,TELEORMAN,265,0,GRADINITA DE COPII BADULEASA,PUTINEIU,153829,C,3,795,769,26,567,522,26,19,555,12,889,322,407,148
36,TELEORMAN,266,0,SCOALA GENERALA RADOIESTI VALE,RADOIESTI,153865,C,3,639,595,44,393,339,44,10,387,6,700,307,257,130
36,TELEORMAN,267,0,SCOALA GENERALA RADOIESTI DEAL,RADOIESTI,153865,C,3,977,967,10,516,498,10,8,508,8,1123,607,352,156
36,TELEORMAN,268,0,SCOALA GENERALA CETATEA,RADOIESTI,153865,C,3,397,373,24,237,204,24,9,235,2,400,163,160,75
36,TELEORMAN,269,0,CAMIN CULTURAL RASMIRESTI (SALA MICA),RASMIRESTI,153909,C,3,837,826,11,506,489,11,6,488,18,944,438,342,146
36,TELEORMAN,270,0,SCOALA GENERALA SAELELE,SAELELE,155145,C,3,924,715,209,608,399,209,0,598,10,750,142,387,211
36,TELEORMAN,271,0,CAMIN CULTURAL SAELELE,SAELELE,155145,C,3,870,815,55,418,363,55,0,413,5,850,432,264,149
36,TELEORMAN,272,0,SCOALA GENERALA PLEASOV,SAELELE,155145,C,3,955,856,99,841,742,99,0,698,143,898,57,668,30
36,TELEORMAN,273,0,SCOALA GENERALA ZAHARIA STANCU SALCIA,SALCIA,153936,C,3,1114,1056,58,565,478,58,29,558,7,1103,538,409,149
36,TELEORMAN,274,0,CAMIN CULTURAL BANEASA,SALCIA,153936,C,3,935,875,60,622,502,60,60,616,6,1000,378,417,199
36,TELEORMAN,275,0,SCOALA GENERALA CU CLASELE I - IV TUDOR VLADIMIRESCU,SALCIA,153936,C,3,876,798,78,553,439,78,36,545,8,900,347,397,148
36,TELEORMAN,276,0,SCOALA CU CLASELE I-IV SIRBENI,SARBENI,154308,C,3,672,648,24,425,401,24,0,421,4,700,275,320,101
36,TELEORMAN,277,0,SCOALA CU CLASELE I-VIII SIRBENII DE JOS,SARBENI,154308,C,3,248,235,13,179,166,13,0,177,2,285,106,106,71
36,TELEORMAN,278,0,SCOALA CU CLASELE I-IV UDENI,SARBENI,154308,C,3,481,458,23,336,313,23,0,334,2,500,164,258,76
36,TELEORMAN,279,0,SCOALA GENERALA SACENI,SACENI,153972,C,3,749,733,16,509,493,16,0,504,5,785,276,399,105
36,TELEORMAN,280,0,SCOALA GENERALA CIURARI,SACENI,153972,C,3,609,597,12,362,343,12,7,353,9,705,343,228,125
36,TELEORMAN,281,0,CAMIN CULTURAL SCRIOASTEA,SCRIOASTEA,154013,C,3,2014,1978,36,1210,1169,36,5,1194,16,2203,993,722,472
36,TELEORMAN,282,0,PUNCTUL SANITAR BREBINA,SCRIOASTEA,154013,C,3,732,711,21,408,387,21,0,397,11,800,392,257,140
36,TELEORMAN,283,0,CAMIN CULTURAL CUCUIETI,SCRIOASTEA,154013,C,3,766,753,13,499,486,13,0,493,6,800,301,299,194
36,TELEORMAN,284,0,SCOALA GENERALA DE 10 ANI SCURTU MARE,SCURTU MARE,154068,C,3,1109,1093,16,643,610,16,17,627,16,1182,539,459,168
36,TELEORMAN,285,0,SCOALA GENERALA  DE 4 ANI DRACESTI,SCURTU MARE,154068,C,3,385,369,16,321,288,16,17,317,4,400,79,253,64
36,TELEORMAN,286,0,SCOALA GENERALA  DE 4 ANI ALBENI,SCURTU MARE,154068,C,3,268,246,22,166,144,22,0,164,2,300,134,117,47
36,TELEORMAN,287,0,GRADINITA DE COPII SEACA,SEACA,154139,C,3,1395,1374,21,714,649,21,44,702,12,1387,673,465,237
36,TELEORMAN,288,0,GRADINITA DE COPII NAVODARI,SEACA,154139,C,3,902,878,24,521,497,24,0,511,10,1100,579,348,163
36,TELEORMAN,289,0,SCOALA GENERALA SEGARCEA VALE,SEGARCEA-VALE,154184,C,3,1027,983,44,612,568,44,0,601,11,1100,488,424,177
36,TELEORMAN,290,0,SCOALA GENERALA OLTEANCA,SEGARCEA-VALE,154184,C,3,869,842,27,583,556,27,0,579,4,934,351,388,191
36,TELEORMAN,291,0,SCOALA GENERALA SEGARCEA DEAL,SEGARCEA-VALE,154184,C,3,1216,1195,21,744,720,21,3,731,13,1300,556,478,253
36,TELEORMAN,292,0,CAMIN CULTURAL SFINTESTI,SFINTESTI,154166,C,3,1096,1087,9,706,640,9,57,690,16,1207,501,370,320
36,TELEORMAN,293,0,SCOALA GENERALA CU CLASELE I-VIII SILISTEA,SILISTEA,154228,C,3,1541,1514,27,961,934,27,0,953,8,1698,737,426,527
36,TELEORMAN,294,0,SCOALA GENERALA CU CLASELE I-IV BUTESTI,SILISTEA,154228,C,3,670,654,16,432,409,16,7,427,5,700,268,234,193
36,TELEORMAN,295,0,GRADINITA DE COPII - SCOALA VECHE SILISTEA GUMESTI,SILISTEA-GUMESTI,154282,C,3,1347,1266,81,710,627,81,2,703,7,1300,590,431,272
36,TELEORMAN,296,0,SCOALA GENERALA MAGURA,SILISTEA-GUMESTI,154282,C,3,1079,1066,13,518,503,13,2,509,9,1278,760,367,142
36,TELEORMAN,297,0,SCOALACOMPLEMENTARA DE ARTE SI MESERII  SLOBOZIA MINDRA (LOCALUL B),SLOBOZIA MANDRA,154344,C,3,1034,960,74,929,855,74,0,916,13,1100,171,785,131
36,TELEORMAN,298,0,SCOALA GENERALA SLOBOZIA MINDRA (LOCALUL A),SLOBOZIA MANDRA,154344,C,3,953,827,126,953,827,126,0,948,5,1045,92,836,112
36,TELEORMAN,299,0,SCOALA GENERALA CU CLASELE I-VIII SMIRDIOASA,SMARDIOASA,154380,C,3,1679,1651,28,957,929,28,0,936,21,1800,843,479,457
36,TELEORMAN,300,0,SCOALA GENERALA SOIMUL,SMARDIOASA,154380,C,3,489,431,58,340,279,58,3,334,6,499,159,167,167
36,TELEORMAN,301,0,CAMINUL CULTURAL STEJARU,STEJARU,154415,C,3,731,709,22,480,458,22,0,479,1,700,220,356,123
36,TELEORMAN,302,0,SCOALA CU CLASELE I-IV SOCETU,STEJARU,154415,C,3,772,749,23,558,535,23,0,552,6,800,242,444,108
36,TELEORMAN,303,0,PRIMARIA BRATCOV (FOSTUL SEDIU),STEJARU,154415,C,3,147,140,7,131,124,7,0,131,0,200,69,101,30
36,TELEORMAN,304,0,SCOALA GENERALA GRESIA,STEJARU,154415,C,3,117,110,7,82,75,7,0,80,2,184,102,41,39
36,TELEORMAN,305,0,SCOALA  CU CLS I-VIII (SCOALA NOUA) SUHAIA,SUHAIA,154460,C,3,1397,1360,37,703,666,37,0,692,11,1500,797,527,165
36,TELEORMAN,306,0,GRADINITA  (SCOALA VECHE) SUHAIA,SUHAIA,154460,C,3,1213,1161,52,722,661,52,9,709,13,1355,633,478,231
36,TELEORMAN,307,0,SCOALA CU CLASELE I-VIII STOROBANEASA,STOROBANEASA,154497,C,3,1592,1577,15,926,911,15,0,911,15,1731,805,584,327
36,TELEORMAN,308,0,SCOALA CU CLASELE I-VIII BEIU,STOROBANEASA,154497,C,3,1435,1423,12,846,834,12,0,834,12,1603,757,578,256
36,TELEORMAN,309,0,SCOALA GENERALA CU CLASELE I-VIII TALPA OGRAZILE,TALPA,154521,C,3,1003,990,13,726,658,13,55,707,19,1100,374,482,225
36,TELEORMAN,310,0,SCOALA GENERALA CU CLASELE I-VIII TALPA BISCOVENI,TALPA,154521,C,3,888,855,33,644,575,33,36,638,6,970,326,356,282
36,TELEORMAN,311,0,CAMIN CULTURAL TATARASTII DE JOS,TATARASTII DE JOS,154585,C,3,1501,1435,66,899,833,66,0,888,11,1600,701,598,290
36,TELEORMAN,312,0,SCOALA CU CLASELE I-VIII SLAVESTI,TATARASTII DE JOS,154585,C,3,947,925,22,530,507,22,1,523,7,1051,521,329,194
36,TELEORMAN,313,0,SCOALA CU CLASELE I-VIII NEGRENI,TATARASTII DE JOS,154585,C,3,1043,1014,29,495,466,29,0,480,15,1100,605,371,109
36,TELEORMAN,314,0,SCOALA CU CLASELE I-IV TATARASTII DE SUS,TATARASTII DE SUS,154665,C,3,1251,1217,34,786,730,34,22,774,12,1400,614,517,257
36,TELEORMAN,315,0,SCOALA CU CLASELE I-IV UDUPU,TATARASTII DE SUS,154665,C,3,1371,1324,47,872,759,47,66,864,8,1421,549,500,364
36,TELEORMAN,316,0, FOSTA SCOALA GENERALA DE 4 ANI TRAIAN,TRAIAN,154736,C,3,907,893,14,509,495,14,0,501,8,976,467,226,275
36,TELEORMAN,317,0,SCOALA GENERALA DE 8 ANI TRAIAN,TRAIAN,154736,C,3,943,893,50,554,500,50,4,537,17,1000,446,289,248
36,TELEORMAN,318,0,SCOALA GENERALA TRIVALEA-MOSTENI,TRIVALEA-MOSTENI,154754,C,3,934,905,29,534,473,29,32,526,8,1097,563,372,154
36,TELEORMAN,319,0,SCOALA GENERALA  BRATASANI,TRIVALEA-MOSTENI,154754,C,3,622,607,15,369,327,15,27,363,6,700,331,268,95
36,TELEORMAN,320,0,SCOALA GENERALA ALEXANDRU DEPARATEANU DEPARATI,TRIVALEA-MOSTENI,154754,C,3,1079,1068,11,486,459,11,16,480,6,1100,614,295,185
36,TELEORMAN,321,0,SCOALA GENERALA NR 1 (CU ETAJ) TROIANUL,TROIANUL,154790,C,3,1629,1590,39,1057,1004,39,14,1044,13,1741,684,739,305
36,TELEORMAN,322,0,SCOALA GENERALA NR 2 TROIANUL STR BISERICII,TROIANUL,154790,C,3,1151,1101,50,733,679,50,4,723,10,1202,469,480,243
36,TELEORMAN,323,0,SCOALA GENERALA VATRA,TROIANUL,154790,C,3,269,250,19,161,142,19,0,160,1,300,139,131,29
36,TELEORMAN,324,0,SCOALA CU CLASELE I-IV TIGANESTI,TIGANESTI,154834,C,3,1698,1687,11,1029,1014,11,4,1022,7,1832,803,765,257
36,TELEORMAN,325,0,GRADINITA DE COPII (LINGA PRIMARIE) TIGANESTI,TIGANESTI,154834,C,3,1535,1529,6,886,876,6,4,876,10,1700,814,510,366
36,TELEORMAN,326,0,SCOALA GENERALA CU CLASELE I - VIII GH DUCA TIGANESTI,TIGANESTI,154834,C,3,1611,1526,85,1058,973,85,0,1044,14,1700,642,664,380
36,TELEORMAN,327,0,CAMINUL CULTURAL UDA CLOCOCIOV,UDA-CLOCOCIOV,155154,C,3,888,801,87,888,781,87,20,887,1,901,13,733,154
36,TELEORMAN,328,0,SCOALA GENERALA UDA PACIUREA,UDA-CLOCOCIOV,155154,C,3,898,850,48,898,830,48,20,897,1,908,10,749,148
36,TELEORMAN,329,0,CAMIN CULTURAL VIRTOAPELE DE SUS,VARTOAPE,154932,C,3,1023,988,35,616,557,35,24,611,5,1100,484,368,243
36,TELEORMAN,330,0,CAMIN CULTURAL VIRTOAPELE DE JOS,VARTOAPE,154932,C,3,919,883,36,577,541,36,0,570,7,1017,440,358,212
36,TELEORMAN,331,0,PRIMARIA VARTOAPE SAT GARAGAU,VARTOAPE,154932,C,3,681,651,30,433,403,30,0,428,5,700,267,371,57
36,TELEORMAN,332,0,SCOALA GENERALA VEDEA,VEDEA,154852,C,3,984,969,15,618,603,15,0,611,7,1147,529,420,191
36,TELEORMAN,333,0,SCOALA GENERALA  ALBESTI,VEDEA,154852,C,3,1143,1134,9,606,597,9,0,597,9,1101,495,479,118
36,TELEORMAN,334,0,SCOALA GENERALA COSOTENI,VEDEA,154852,C,3,477,463,14,281,267,14,0,279,2,600,319,158,121
36,TELEORMAN,335,0,SCOALA GENERALA VIISOARA,VIISOARA,154914,C,3,1072,1065,7,679,632,7,40,668,11,1205,526,434,234
36,TELEORMAN,336,0,GRADINITA DE COPII VIISOARA,VIISOARA,154914,C,3,732,718,14,557,517,14,26,546,11,800,243,296,250
36,TELEORMAN,337,0,SCOALA GENERALA CU CLASELE I -IV PURANI,VITANESTI,153776,C,3,637,637,0,435,385,0,50,425,10,749,314,293,132
36,TELEORMAN,338,0,SCOALA GENERALA CU CLASELE I - IV SILISTEA,VITANESTI,153776,C,3,931,919,12,714,702,12,0,706,8,1000,286,539,167
36,TELEORMAN,339,0,SCOALA GENERALA CU CLASELE I - IV VITANESTI,VITANESTI,153776,C,3,976,951,25,711,622,25,64,701,10,1000,289,557,144
36,TELEORMAN,340,0,GRADINITA DE COPII NR 1 ZAMBREASCA,ZAMBREASCA,154978,C,3,1041,1014,27,616,547,27,42,606,10,1100,484,374,232
36,TELEORMAN,341,0,SCOALA GENERALA CU CLASELE I-IV ZAMBREASCA,ZAMBREASCA,154978,C,3,526,510,16,355,326,16,13,350,5,579,224,236,114
37,TIMIS,1,0,Universitatea de Medicina si Farmacie Timisoara Piata E.Murgu nr.2 Camin studentesc,MUNICIPIUL TIMISOARA,155243,M,1,1256,1237,19,724,703,19,2,722,2,1300,576,249,473
37,TIMIS,2,0,Universitatea de Medicina si Farmacie Timisoara Piata E.Murgu  nr.2 Camin studentesc,MUNICIPIUL TIMISOARA,155243,M,1,1334,1300,34,967,682,34,251,962,5,1400,433,317,645
37,TIMIS,3,0,"Liceul Pedagogic  ""Carmen Sylva"" B-dul. C.D. Loga nr.45",MUNICIPIUL TIMISOARA,155243,M,1,974,929,45,558,505,45,8,557,1,1000,442,230,327
37,TIMIS,4,0,"Grupul scolar Ind.  ""Emanuil Ungureanu"" Piata Iancu Huniade nr. 3",MUNICIPIUL TIMISOARA,155243,M,1,998,955,43,581,534,43,4,576,5,1000,419,207,369
37,TIMIS,5,0,"Liceul Teoretic  ""Nicolaus Lenau"" str. Gh. Lazar nr.2",MUNICIPIUL TIMISOARA,155243,M,1,1021,1004,17,577,560,17,0,577,0,1100,523,168,409
37,TIMIS,6,0,"Liceul Teoretic  ""Nicolaus  Lenau"" Str. Gh. Lazar nr.2",MUNICIPIUL TIMISOARA,155243,M,1,998,977,21,523,500,21,2,521,2,1100,577,134,387
37,TIMIS,7,0,"Liceul Teoretic  ""Nicolaus Lenau"" str. Gh. Lazar nr.2",MUNICIPIUL TIMISOARA,155243,M,1,1431,1401,30,504,474,30,0,499,5,1500,996,127,372
37,TIMIS,8,0,"Colegiul tehnic  ""Henri Coanda"" str. Coriolan Brediceanu nr.37",MUNICIPIUL TIMISOARA,155243,M,1,1051,1027,24,517,490,24,3,511,6,1100,583,165,346
37,TIMIS,9,0,"Colegiul tehnic  ""Henri Coanda"" str. Coriolan Brediceanu nr.37",MUNICIPIUL TIMISOARA,155243,M,1,1472,1451,21,759,738,21,0,752,7,1600,841,216,536
37,TIMIS,10,0,Universitatea Politehnica Piata Horatiu nr.1,MUNICIPIUL TIMISOARA,155243,M,1,1278,1262,16,627,610,16,1,624,3,1200,573,241,383
37,TIMIS,11,0,"Casa ""Adam M.Guttenbrunn"" str. Gh. Lazar nr.10",MUNICIPIUL TIMISOARA,155243,M,1,910,872,38,625,512,38,75,616,9,900,275,256,360
37,TIMIS,12,0,"Scoala cu clasele I-VIII  ""Take Ionescu"" nr.16 Str. Bucuresti nr.11",MUNICIPIUL TIMISOARA,155243,M,1,781,766,15,475,460,15,0,467,8,800,325,147,320
37,TIMIS,13,0,"Scoala cu clasele I-VIII  ""Take Ionescu"" nr.16 Str. Bucuresti nr.11",MUNICIPIUL TIMISOARA,155243,M,1,1157,1131,26,930,686,26,218,917,13,1300,370,368,549
37,TIMIS,14,0,"Scoala cu clasele I-VIII  ""Take Ionescu"" nr.16 Str. Bucuresti nr.11",MUNICIPIUL TIMISOARA,155243,M,1,708,663,45,439,393,45,1,439,0,700,261,154,285
37,TIMIS,15,0,"Scoala cu clasele I-VIII  ""Take Ionescu"" nr.16 Str. Bucuresti nr.11",MUNICIPIUL TIMISOARA,155243,M,1,961,941,20,589,569,20,0,586,3,1000,411,204,382
37,TIMIS,16,0,Sediul R.A.T.T Bdul. Take Ionescu nr.56,MUNICIPIUL TIMISOARA,155243,M,1,971,941,30,580,508,30,42,578,2,1000,420,194,384
37,TIMIS,17,0,Gradinita cu program prelungit nr.48 Str. Dragasani nr.1,MUNICIPIUL TIMISOARA,155243,M,1,1085,1069,16,546,530,16,0,543,3,1200,654,140,403
37,TIMIS,18,0,Grupul scolar Energetic str. Renasterii nr.24A,MUNICIPIUL TIMISOARA,155243,M,1,1923,1878,45,868,823,45,0,865,3,2000,1132,222,643
37,TIMIS,19,0,"Scoala cu clasele I-VIII  nr.21 ""Vicentiu Babes"" str. Mihail Kogalniceanu nr.4",MUNICIPIUL TIMISOARA,155243,M,1,1448,1428,20,780,760,20,0,777,3,1600,820,194,583
37,TIMIS,20,0,"Scoala cu clasele I-VIII  nr.21 ""Vicentiu Babes"" Str. Mihail Kogalniceanu nr.4",MUNICIPIUL TIMISOARA,155243,M,1,1718,1629,89,808,718,89,1,799,9,1800,992,194,605
37,TIMIS,21,0,"Scoala cu clasele I-VIII  nr.21 ""Vicentiu Babes"" Bv. Simion Barnutiu nr.9",MUNICIPIUL TIMISOARA,155243,M,1,1883,1844,39,971,932,39,0,960,11,2000,1029,272,688
37,TIMIS,22,0,"Scoala cu clasele I-VIII  nr.21 ""Vicentiu Babes"" Bv. Simion Barnutiu nr.9",MUNICIPIUL TIMISOARA,155243,M,1,1242,1232,10,610,600,10,0,606,4,1300,690,138,468
37,TIMIS,23,0,"Fundatia "" Ioan Slavici"" str. I. I. de la Brad nr.15",MUNICIPIUL TIMISOARA,155243,M,1,1786,1714,72,831,759,72,0,827,4,1900,1069,201,626
37,TIMIS,24,0,"Fundatia ""Ioan Slavici"" str. Ion Ionescu de la Brad nr.15",MUNICIPIUL TIMISOARA,155243,M,1,2009,1898,111,899,788,111,0,893,6,2000,1101,213,680
37,TIMIS,25,0,"S.C.""EST STILKS""S.A ( ""COMAT"" Timisoara) str. I.I. de la Brad nr.15",MUNICIPIUL TIMISOARA,155243,M,1,1794,1732,62,865,803,62,0,859,6,1900,1035,196,663
37,TIMIS,26,0,Scoala  cu clasele I -VIII nr.7 str. I. I. de la Brad nr.2,MUNICIPIUL TIMISOARA,155243,M,1,1581,1532,49,702,653,49,0,700,2,1700,998,165,535
37,TIMIS,27,0,Scoala  cu clasele I -VIII nr.7 str. Ion I. de la Brad nr.2,MUNICIPIUL TIMISOARA,155243,M,1,1721,1676,45,901,856,45,0,895,6,1800,899,206,689
37,TIMIS,28,0,Scoala  cu clasele I -VIII nr.7 str. Ion Ionescu de la Brad nr.2,MUNICIPIUL TIMISOARA,155243,M,1,1894,1773,121,852,730,121,1,845,7,2000,1148,167,678
37,TIMIS,29,0,Scoala  cu clasele I -VIII nr.7 str. Ion Ionescu de la Brad nr.2,MUNICIPIUL TIMISOARA,155243,M,1,2038,1924,114,967,852,114,1,964,3,2100,1133,235,729
37,TIMIS,30,0,Scoala  cu clasele I -VIII nr.7 str. Ion Ionescu de la Brad nr.2,MUNICIPIUL TIMISOARA,155243,M,1,1294,1239,55,634,577,55,2,632,2,1400,766,139,493
37,TIMIS,31,0,Gradinita cu prog. prel. nr.20 str. Irlanda nr.53,MUNICIPIUL TIMISOARA,155243,M,1,2221,2106,115,993,878,115,0,991,2,2300,1307,274,717
37,TIMIS,32,0,Gradinita cu prog.prel. nr.20 str. Irlanda nr.53,MUNICIPIUL TIMISOARA,155243,M,1,2093,1935,158,1221,1063,158,0,1218,3,2100,879,312,906
37,TIMIS,33,0,UM 0301 (graniceri) Str. Sever Bocu nr.11-13,MUNICIPIUL TIMISOARA,155243,M,1,1791,1707,84,795,710,84,1,791,4,1800,1005,176,615
37,TIMIS,34,0,UM 0301 (graniceri) Str. Sever Bocu nr.11-13,MUNICIPIUL TIMISOARA,155243,M,1,1174,1150,24,484,460,24,0,478,6,1300,816,124,354
37,TIMIS,35,0,UM 0301 (graniceri) Str. Sever Bocu nr.11-13,MUNICIPIUL TIMISOARA,155243,M,1,1262,1206,56,709,653,56,0,707,2,1600,891,149,558
37,TIMIS,36,0,UM 0301 (graniceri) Str. Sever Bocu nr.11-13,MUNICIPIUL TIMISOARA,155243,M,1,1453,1432,21,688,667,21,0,680,8,1500,812,119,561
37,TIMIS,37,0,S.C. RETIM S.A. str. Ialomita nr.17,MUNICIPIUL TIMISOARA,155243,M,1,1548,1522,26,760,733,26,1,755,5,1700,940,211,544
37,TIMIS,38,0,S.C. RETIM S.A. str. Ialomita nr.17,MUNICIPIUL TIMISOARA,155243,M,1,1152,1123,29,520,491,29,0,516,4,1100,580,126,390
37,TIMIS,39,0,Gradinita cu program prelungit nr.37 Calea Aradului nr. 38 (bloc 21),MUNICIPIUL TIMISOARA,155243,M,1,1649,1592,57,823,766,57,0,822,1,1700,877,206,616
37,TIMIS,40,0,Gradinita cu program prelungit nr.37 Calea Aradului nr. 38 (bloc 21),MUNICIPIUL TIMISOARA,155243,M,1,1741,1708,33,867,834,33,0,861,6,1800,933,218,643
37,TIMIS,41,0,"Grup scolar Agricol ""Iulian Dracea"" Calea Aradului  nr.56",MUNICIPIUL TIMISOARA,155243,M,1,2053,2035,18,989,971,18,0,984,5,2200,1211,243,741
37,TIMIS,42,0,"Grup scolar Agricol ""Iulian Dracea""  Calea Aradului  nr.56",MUNICIPIUL TIMISOARA,155243,M,1,1992,1960,32,964,932,32,0,959,5,2100,1136,237,722
37,TIMIS,43,0,"Grup scolar Agricol ""Iulian Dracea""  Calea Aradului  nr.56",MUNICIPIUL TIMISOARA,155243,M,1,1901,1804,97,909,803,97,9,902,7,1900,991,223,679
37,TIMIS,44,0,"Grup scolar Agricol ""Iulian Dracea""  Calea Aradului  nr.56",MUNICIPIUL TIMISOARA,155243,M,1,1876,1849,27,915,888,27,0,911,4,2000,1085,201,710
37,TIMIS,45,0,Gradinita cu program prelungit nr. 27 str. Brandusei nr. 15,MUNICIPIUL TIMISOARA,155243,M,1,1528,1483,45,768,722,45,1,765,3,1600,832,187,578
37,TIMIS,46,0,Gradinita cu program prelungit nr. 27 str. Brandusei nr. 15,MUNICIPIUL TIMISOARA,155243,M,1,1426,1399,27,760,733,27,0,757,3,1500,740,176,581
37,TIMIS,47,0,"Scoala cu clasele I-VIII nr. 19 ""Avram Iancu"" Bdul. Cetatii nr.24",MUNICIPIUL TIMISOARA,155243,M,1,1857,1833,24,885,861,24,0,883,2,2000,1115,206,677
37,TIMIS,48,0,"Scoala cu clasele I-VIII nr. 19 ""Avram Iancu"" (4 ani) Piata Avram Iancu nr.5",MUNICIPIUL TIMISOARA,155243,M,1,1339,1310,29,617,588,29,0,614,3,1400,783,164,450
37,TIMIS,49,0,"Scoala cu clasele I-VIII nr. 19 ""Avram Iancu"" (4 ani) Piata Avram Iancu nr.5",MUNICIPIUL TIMISOARA,155243,M,1,1482,1423,59,715,656,59,0,711,4,1500,785,161,550
37,TIMIS,50,0,Scoala cu clasele I-VIII  nr. 24 str. Brandusei nr.7,MUNICIPIUL TIMISOARA,155243,M,1,1548,1523,25,837,810,25,2,834,3,1700,863,267,567
37,TIMIS,51,0,Scoala cu clasele I-VIII  nr. 24 str. Brandusei nr.7,MUNICIPIUL TIMISOARA,155243,M,1,1639,1616,23,931,905,23,3,928,3,1800,869,269,659
37,TIMIS,52,0,Scoala cu clasele I-VIII  nr. 24 str. Brandusei nr.7,MUNICIPIUL TIMISOARA,155243,M,1,1409,1396,13,687,673,13,1,682,5,1500,813,207,475
37,TIMIS,53,0,Scoala cu clasele I-VIII  nr. 24 str. Brandusei nr.7,MUNICIPIUL TIMISOARA,155243,M,1,1128,1101,27,619,592,27,0,618,1,1200,581,172,446
37,TIMIS,54,0,Scoala cu clasele I-VIII  nr.26 str. Ulmului nr.2,MUNICIPIUL TIMISOARA,155243,M,1,1042,1015,27,574,547,27,0,572,2,1300,726,189,383
37,TIMIS,55,0,Scoala cu clasele I-VIII  nr.26 str. Ulmului nr.2,MUNICIPIUL TIMISOARA,155243,M,1,829,813,16,450,434,16,0,449,1,900,450,123,326
37,TIMIS,56,0,Scoala cu clasele I-VIII  nr.26 str. Ulmului nr.2,MUNICIPIUL TIMISOARA,155243,M,1,1599,1580,19,743,724,19,0,740,3,1700,957,185,555
37,TIMIS,57,0,Scoala cu clasele I-VIII  nr.26 str. Ulmului nr.2,MUNICIPIUL TIMISOARA,155243,M,1,1561,1527,34,852,818,34,0,850,2,1600,748,195,655
37,TIMIS,58,0,Scoala cu clasele I-VIII  nr. 18 str. Amforei nr.6,MUNICIPIUL TIMISOARA,155243,M,1,807,761,46,482,436,46,0,479,3,800,318,143,336
37,TIMIS,59,0,Scoala cu clasele I-VIII  nr. 18 str. Amforei nr.6,MUNICIPIUL TIMISOARA,155243,M,1,1324,1280,44,726,681,44,1,720,6,1400,674,208,512
37,TIMIS,60,0,Scoala cu clasele I-VIII  nr. 18 str. Amforei nr.6,MUNICIPIUL TIMISOARA,155243,M,1,1208,1187,21,636,613,21,2,630,6,1300,664,189,441
37,TIMIS,61,0,Clubul sportiv scolar nr.1 str. Amforei nr.4,MUNICIPIUL TIMISOARA,155243,M,1,1072,1054,18,606,588,18,0,604,2,1100,494,169,435
37,TIMIS,62,0,Gradinita cu program prelungit nr. 36 str. Teiului nr. 5,MUNICIPIUL TIMISOARA,155243,M,1,1526,1507,19,851,824,19,8,848,3,1600,749,227,621
37,TIMIS,63,0,"Scoala cu clasele I-VIII nr. 19 ""Avram Iancu"" Bdul. Cetatii nr.24",MUNICIPIUL TIMISOARA,155243,M,1,1323,1301,22,744,721,22,1,740,4,1400,656,259,481
37,TIMIS,64,0,"Scoala cu clasele I-VIII nr. 19 ""Avram Iancu"" Bdul. Cetatii nr.24",MUNICIPIUL TIMISOARA,155243,M,1,1469,1427,42,858,814,42,2,856,2,1500,642,277,579
37,TIMIS,65,0,"Scoala cu clasele I-VIII nr. 19 ""Avram Iancu"" Bdul. Cetatii nr.24",MUNICIPIUL TIMISOARA,155243,M,1,971,956,15,588,572,15,1,586,2,1100,512,189,397
37,TIMIS,66,0,Casieria Directiei Patrimoniu str. Amforei nr.6,MUNICIPIUL TIMISOARA,155243,M,1,1372,1351,21,652,631,21,0,649,3,1500,848,198,451
37,TIMIS,67,0,Gradinita cu program prelungit nr. 26 str. Teiului nr.3,MUNICIPIUL TIMISOARA,155243,M,1,879,845,34,555,521,34,0,552,3,1000,445,165,387
37,TIMIS,68,0,Gradinita cu program prelungit nr. 26 str. Teiului nr.3,MUNICIPIUL TIMISOARA,155243,M,1,1202,1059,143,698,554,143,1,698,0,1200,502,188,510
37,TIMIS,69,0,Gradinita cu program prelungit nr. 26 str. Teiului nr.3,MUNICIPIUL TIMISOARA,155243,M,1,1052,1041,11,492,481,11,0,484,8,1200,708,138,346
37,TIMIS,70,0,"Gradinita cu program prelungit nr.9   ""Carla Pelz"" str. Crisan nr.21-23",MUNICIPIUL TIMISOARA,155243,M,1,1620,1587,33,835,802,33,0,826,9,1700,865,222,604
37,TIMIS,71,0,"Gradinita cu program prelungit nr.9   ""Carla Pelz"" str. Crisan nr.21-23",MUNICIPIUL TIMISOARA,155243,M,1,2071,1957,114,1148,1034,114,0,1146,2,2100,952,267,879
37,TIMIS,72,0,Birou de locuinte-Directia Patrimoniu Str. Oituz nr.1,MUNICIPIUL TIMISOARA,155243,M,1,1242,1216,26,639,602,26,11,633,6,1300,661,201,432
37,TIMIS,73,0,Grupul scolar de Industrie  Alimentara Calea Bogdanestilor nr.32/ A,MUNICIPIUL TIMISOARA,155243,M,1,1635,1607,28,860,829,28,3,858,2,1800,940,227,631
37,TIMIS,74,0,Grupul scolar de Industrie  Alimentara Calea Bogdanestilor nr.32/ A,MUNICIPIUL TIMISOARA,155243,M,1,1010,973,37,549,512,37,0,546,3,1100,551,128,418
37,TIMIS,75,0,"Grupul scolar de Arte si Meserii ""Spiru Haret"" Calea Bogdanestilor nr. 32/A",MUNICIPIUL TIMISOARA,155243,M,1,1180,1154,26,576,548,26,2,573,3,1300,724,171,402
37,TIMIS,76,0,"Grupul scolar de Arte si Meserii ""Spiru Haret"" Calea Bogdanestilor nr. 32/A",MUNICIPIUL TIMISOARA,155243,M,1,1158,1143,15,519,504,15,0,513,6,1300,781,135,378
37,TIMIS,77,0,"Grupul scolar ""Tudor Tanasescu""  str. Lorena nr.35",MUNICIPIUL TIMISOARA,155243,M,1,1562,1544,18,802,782,18,2,793,9,1700,898,201,592
37,TIMIS,78,0,"Grupul scolar ""Tudor Tanasescu""  str. Lorena nr.35",MUNICIPIUL TIMISOARA,155243,M,1,2029,1962,67,864,797,67,0,861,3,2100,1236,166,695
37,TIMIS,79,0,"Grupul scolar ""Tudor Tanasescu""  str. Lorena nr.35",MUNICIPIUL TIMISOARA,155243,M,1,1103,1071,32,540,505,32,3,535,5,1200,660,149,386
37,TIMIS,80,0,"Grupul scolar ""Tudor Tanasescu""  str. Lorena nr.35",MUNICIPIUL TIMISOARA,155243,M,1,1238,1177,61,548,487,61,0,541,7,1300,752,149,392
37,TIMIS,81,0,S.C. U.M.T. S.A. str. Avram Imbroane  (Aleea CFR) nr.2A,MUNICIPIUL TIMISOARA,155243,M,1,1841,1804,37,870,832,37,1,864,6,1900,1030,215,649
37,TIMIS,82,0,Scoala cu clasele I-IV  nr.11 str. Razboieni nr. 2,MUNICIPIUL TIMISOARA,155243,M,1,1397,1362,35,735,700,35,0,733,2,1500,765,179,554
37,TIMIS,83,0,Scoala cu clasele I-IV  nr.11 str. Razboieni nr. 2,MUNICIPIUL TIMISOARA,155243,M,1,1641,1616,25,823,798,25,0,820,3,1700,877,234,586
37,TIMIS,84,0,Scoala cu clasele I-IV  nr.11 str. Razboieni nr. 2,MUNICIPIUL TIMISOARA,155243,M,1,1110,1089,21,590,569,21,0,584,6,1200,610,144,440
37,TIMIS,85,0,"Scoala cu clasele I-VIII  nr.19 "" Avram iancu"" str. Aprodul Movila nr.10",MUNICIPIUL TIMISOARA,155243,M,1,1257,1238,19,648,628,19,1,644,4,1400,752,161,483
37,TIMIS,86,0,"Scoala cu clasele I-VIII  nr.19 "" Avram iancu"" str. Aprodul Movila nr.10",MUNICIPIUL TIMISOARA,155243,M,1,1728,1693,35,928,893,35,0,921,7,1800,872,213,708
37,TIMIS,87,0,"Scoala cu clasele I-VIII  nr.19 "" Avram iancu"" str. Aprodul Movila nr.10",MUNICIPIUL TIMISOARA,155243,M,1,2046,2020,26,798,772,26,0,790,8,2200,1402,186,604
37,TIMIS,88,0,Cantina CFR Bdul. General Ion Dragalina nr. 37/A,MUNICIPIUL TIMISOARA,155243,M,1,1911,1868,43,857,814,43,0,851,6,2000,1143,249,602
37,TIMIS,89,0,Cantina CFR Bdul. General Ion Dragalina nr. 37/A,MUNICIPIUL TIMISOARA,155243,M,1,1134,1114,20,691,666,20,5,688,3,1200,509,271,417
37,TIMIS,90,0,Cantina CFR Bdul. General Ion Dragalina nr. 37/A,MUNICIPIUL TIMISOARA,155243,M,1,944,932,12,387,375,12,0,386,1,1100,713,84,302
37,TIMIS,91,0,Grup scolar industrial constructii montaj Bdul. Tineretii nr. 11,MUNICIPIUL TIMISOARA,155243,M,1,1490,1462,28,715,683,28,4,708,7,1600,885,195,513
37,TIMIS,92,0,Grup scolar industrial constructii montaj Bdul. Tineretii nr. 11,MUNICIPIUL TIMISOARA,155243,M,1,1335,1319,16,584,567,16,1,578,6,1400,816,180,398
37,TIMIS,93,0,Grup scolar industrial constructii montaj Bdul. Tineretii nr. 11,MUNICIPIUL TIMISOARA,155243,M,1,1207,1182,25,576,551,25,0,571,5,1300,724,154,417
37,TIMIS,94,0,Scoala cu clasele I-VIII  nr.12 Bdul Tineretii nr. 17,MUNICIPIUL TIMISOARA,155243,M,1,1038,1019,19,532,513,19,0,527,5,1100,568,171,356
37,TIMIS,95,0,"Scoala cu clasele I-VIII  nr.12, Bdul Tineretii nr. 17",MUNICIPIUL TIMISOARA,155243,M,1,1379,1358,21,655,633,21,1,650,5,1500,845,192,458
37,TIMIS,96,0,"Colegiul economic ""F.S.Nitti"" str. Corbului nr.7c",MUNICIPIUL TIMISOARA,155243,M,1,1737,1710,27,720,692,27,1,717,3,1800,1080,201,516
37,TIMIS,97,0,"Colegiul economic ""F.S.Nitti"" str. Corbului nr.7c",MUNICIPIUL TIMISOARA,155243,M,1,901,882,19,423,403,19,1,414,9,1000,577,99,315
37,TIMIS,98,0,"Colegiul economic ""F.S.Nitti"" str. Corbului nr.7c",MUNICIPIUL TIMISOARA,155243,M,1,1756,1639,117,1003,885,117,1,999,4,1800,797,238,761
37,TIMIS,99,0,Clubul Tacerea str. Treboniu Laurian nr.2,MUNICIPIUL TIMISOARA,155243,M,1,1048,1030,18,523,504,18,1,517,6,1100,577,128,389
37,TIMIS,100,0,Scoala cu clasele I-VIII nr.22 str. Gheorghe Doja nr.27,MUNICIPIUL TIMISOARA,155243,M,1,863,848,15,490,473,15,2,489,1,900,410,153,336
37,TIMIS,101,0,Scoala cu clasele I-VIII nr.22 str. Gheorghe Doja nr.27,MUNICIPIUL TIMISOARA,155243,M,1,1181,1154,27,569,540,27,2,566,3,1300,731,182,384
37,TIMIS,102,0,Scoala cu clasele I-VIII nr.22 Pta N. Balcescu nr.3,MUNICIPIUL TIMISOARA,155243,M,1,1398,1384,14,760,744,14,2,753,7,1500,740,215,538
37,TIMIS,103,0,Scoala cu clasele I-VIII nr.22 Pta N. Balcescu nr.3,MUNICIPIUL TIMISOARA,155243,M,1,1108,1076,32,560,527,32,1,559,1,1200,640,133,426
37,TIMIS,104,0,"Liceul ""Grigore Moisil"" str. Ghirlandei nr. 4",MUNICIPIUL TIMISOARA,155243,M,1,1409,1386,23,782,758,23,1,778,4,1500,718,228,550
37,TIMIS,105,0,"Liceul ""Grigore Moisil"" str. Ghirlandei nr. 4",MUNICIPIUL TIMISOARA,155243,M,1,984,969,15,548,526,15,7,545,3,1100,552,186,359
37,TIMIS,106,0,Gradinita cu program prelungit nr.28 Zona Stadion,MUNICIPIUL TIMISOARA,155243,M,1,910,873,37,496,458,37,1,494,2,1000,504,151,343
37,TIMIS,107,0,Gradinita cu program prelungit nr.28 Zona Stadion,MUNICIPIUL TIMISOARA,155243,M,1,935,921,14,388,370,14,4,385,3,1100,712,107,278
37,TIMIS,108,0,"Liceul cu program sportiv ""Banatul"" str. FC Ripensia nr.29",MUNICIPIUL TIMISOARA,155243,M,1,684,659,25,378,353,25,0,376,2,800,422,123,253
37,TIMIS,109,0,"Liceul cu program sportiv ""Banatul"" str. FC Ripensia nr.29",MUNICIPIUL TIMISOARA,155243,M,1,1284,1251,33,709,675,33,1,705,4,1400,691,177,528
37,TIMIS,110,0,"Colegiul national de arta  ""ION VIDU"" str. Cluj nr.12",MUNICIPIUL TIMISOARA,155243,M,1,716,695,21,427,402,21,4,426,1,800,373,135,291
37,TIMIS,111,0,Casa Tineretului str. Aries nr.19,MUNICIPIUL TIMISOARA,155243,M,1,1658,1637,21,832,811,21,0,827,5,1800,968,166,661
37,TIMIS,112,0,Casa Tineretului str. Aries nr.19,MUNICIPIUL TIMISOARA,155243,M,1,951,918,33,464,431,33,0,461,3,1000,536,115,346
37,TIMIS,113,0,Casa Tineretului str. Aries nr.19,MUNICIPIUL TIMISOARA,155243,M,1,950,939,11,523,510,11,2,523,0,1000,477,127,396
37,TIMIS,114,0,Casa Tineretului str. Aries nr.19,MUNICIPIUL TIMISOARA,155243,M,1,1107,1089,18,566,548,18,0,553,13,1300,734,145,408
37,TIMIS,115,0,"Universitatea ""Tibiscus"" str. Daliei nr.11",MUNICIPIUL TIMISOARA,155243,M,1,1137,1126,11,490,470,11,9,487,3,1200,710,135,352
37,TIMIS,116,0,Scoala cu clasele I-VIII  nr.30 Aleea Farului (Zona Soarelui),MUNICIPIUL TIMISOARA,155243,M,1,1492,1393,99,815,716,99,0,810,5,1500,685,144,666
37,TIMIS,117,0,Scoala cu clasele I-VIII  nr.30 Aleea Farului (Zona Soarelui),MUNICIPIUL TIMISOARA,155243,M,1,1455,1429,26,745,718,26,1,740,5,1600,855,176,564
37,TIMIS,118,0,Scoala cu clasele I-VIII  nr.30 Aleea Farului (Zona Soarelui),MUNICIPIUL TIMISOARA,155243,M,1,1700,1676,24,868,844,24,0,866,2,1800,932,204,662
37,TIMIS,119,0,Scoala cu clasele I-VIII  nr.30 Aleea Farului (Zona Soarelui),MUNICIPIUL TIMISOARA,155243,M,1,1749,1725,24,890,866,24,0,886,4,1900,1010,209,677
37,TIMIS,120,0,Scoala cu clasele I-VIII  nr.30 Aleea Farului (Zona Soarelui)str. Farului - Zona Soarelui,MUNICIPIUL TIMISOARA,155243,M,1,1475,1451,24,791,767,24,0,787,4,1600,809,172,615
37,TIMIS,121,0,Scoala cu clasele I-VIII nr.28 Str. Fagului nr.5,MUNICIPIUL TIMISOARA,155243,M,1,1113,1092,21,428,387,21,20,426,2,1200,772,94,332
37,TIMIS,122,0,Scoala cu clasele I-VIII nr.28 Str. Fagului nr.5,MUNICIPIUL TIMISOARA,155243,M,1,1025,1012,13,506,480,13,13,504,2,1100,594,131,373
37,TIMIS,123,0,Liceul teoretic W.Shakespeare Str.I.L.Caragiale nr.6,MUNICIPIUL TIMISOARA,155243,M,1,953,930,23,563,540,22,1,558,5,1000,437,186,372
37,TIMIS,124,0,Liceul teoretic W.Shakespeare Str.I.L.Caragiale nr.6,MUNICIPIUL TIMISOARA,155243,M,1,989,969,20,554,532,20,2,550,4,1100,546,140,410
37,TIMIS,125,0,Scoala cu clasele I-VIII (ajutatoare) Paul Popescu Neveanu Str. Titu Maiorescu ( Mussorgscki) nr.2-6,MUNICIPIUL TIMISOARA,155243,M,1,1019,984,35,516,481,35,0,516,0,1100,584,92,424
37,TIMIS,126,0,Scoala cu clasele I-VIII (ajutatoare) Paul Popescu Neveanu Str. Titu Maiorescu ( Mussorgscki) nr.2-6,MUNICIPIUL TIMISOARA,155243,M,1,1587,1558,29,703,674,29,0,699,4,1700,997,171,528
37,TIMIS,127,0,Scoala cu clasele I-VIII (ajutatoare) Paul Popescu Neveanu Str. Titu Maiorescu ( Mussorgscki) nr.2-6,MUNICIPIUL TIMISOARA,155243,M,1,1048,992,56,517,461,56,0,515,2,1100,583,111,404
37,TIMIS,128,0,Scoala cu clasele I-VIII (ajutatoare) Paul Popescu Neveanu Str. Titu Maiorescu ( Mussorgscki) nr.2-6,MUNICIPIUL TIMISOARA,155243,M,1,1331,1299,32,526,491,32,3,522,4,1400,874,147,375
37,TIMIS,129,0,"S.C. ""Bere"" S.A. str. Stefan cel Mare nr. 38",MUNICIPIUL TIMISOARA,155243,M,1,1249,1220,29,550,521,29,0,549,1,1300,750,122,427
37,TIMIS,130,0,"S.C. ""Bere"" S.A. str. Stefan cel Mare nr. 38",MUNICIPIUL TIMISOARA,155243,M,1,2072,2033,39,998,959,39,0,988,10,2200,1202,224,764
37,TIMIS,131,0,"Liceul teoretic  ""Jean Luis Calderon"" str. Pestalozzi nr.14",MUNICIPIUL TIMISOARA,155243,M,1,820,801,19,479,460,19,0,477,2,900,421,108,369
37,TIMIS,132,0,"Liceul teoretic  ""Jean Luis Calderon"" str. Pestalozzi nr.14",MUNICIPIUL TIMISOARA,155243,M,1,993,975,18,526,507,18,1,526,0,1100,574,182,344
37,TIMIS,133,0,Scoala cu clasele I-VIII  nr.5 str. Moise Nicoara nr.17,MUNICIPIUL TIMISOARA,155243,M,1,1320,1287,33,648,553,33,62,639,9,1400,752,161,478
37,TIMIS,134,0,Scoala cu clasele I-VIII  nr.5 str. Moise Nicoara nr.17,MUNICIPIUL TIMISOARA,155243,M,1,1191,1163,28,627,598,28,1,624,3,1300,673,176,448
37,TIMIS,135,0,Gradinita cu program prelungit nr.11 str. Versului nr.2,MUNICIPIUL TIMISOARA,155243,M,1,1364,1340,24,684,660,24,0,680,4,1400,716,181,499
37,TIMIS,136,0,Gradinita cu program prelungit nr.11 str. Versului nr.2,MUNICIPIUL TIMISOARA,155243,M,1,1225,1211,14,590,575,14,1,588,2,1300,710,138,450
37,TIMIS,137,0,"Biroul Chirii - Directia Economica (Magazin ""SCOTTIO"") str. Naturii nr.2A",MUNICIPIUL TIMISOARA,155243,M,1,1738,1710,28,898,866,28,4,895,3,1900,1002,245,650
37,TIMIS,138,0,"Grup scolar industrial de chimie industriala  ""Azur"" Calea Martirilor nr. 64",MUNICIPIUL TIMISOARA,155243,M,1,1396,1363,33,683,649,33,1,679,4,1500,817,186,493
37,TIMIS,139,0,"Grup scolar industrial de chimie industriala  ""Azur"" Calea Martirilor nr. 64",MUNICIPIUL TIMISOARA,155243,M,1,1865,1782,83,892,809,83,0,892,0,1900,1008,245,647
37,TIMIS,140,0,"Grup scolar industrial de chimie industriala  ""Azur"" Calea Martirilor nr. 64",MUNICIPIUL TIMISOARA,155243,M,1,1650,1614,36,771,735,36,0,769,2,1700,929,192,577
37,TIMIS,141,0,"Grup scolar industrial de chimie industriala  ""Azur"" Calea Martirilor nr. 64",MUNICIPIUL TIMISOARA,155243,M,1,1723,1699,24,865,841,24,0,860,5,1800,935,156,704
37,TIMIS,142,0,"Scoala cu clasele I-VIII ""Iris"" str. Cosminului nr. 40",MUNICIPIUL TIMISOARA,155243,M,1,1566,1546,20,783,763,20,0,782,1,1700,917,160,622
37,TIMIS,143,0,Scoala cu clasele I-VIII nr. 25 str.Cosminului nr. 42,MUNICIPIUL TIMISOARA,155243,M,1,1569,1537,32,799,767,32,0,796,3,1700,901,177,619
37,TIMIS,144,0,Scoala cu clasele I-VIII nr. 25 str.Cosminului nr. 42,MUNICIPIUL TIMISOARA,155243,M,1,1824,1789,35,964,928,35,1,963,1,1900,936,263,700
37,TIMIS,145,0,Scoala cu clasele I-VIII nr. 25 str.Cosminului nr. 42,MUNICIPIUL TIMISOARA,155243,M,1,1502,1482,20,750,730,20,0,748,2,1600,850,213,535
37,TIMIS,146,0,Scoala cu clasele I-VIII nr. 25 str.Cosminului nr. 42,MUNICIPIUL TIMISOARA,155243,M,1,1607,1540,67,817,750,67,0,815,2,1700,883,194,621
37,TIMIS,147,0,Girotim - Daewoo Str. Mures nr.116/A,MUNICIPIUL TIMISOARA,155243,M,1,1819,1736,83,793,708,83,2,789,4,1900,1107,180,609
37,TIMIS,148,0,Gradinita cu program prelungit  nr.12 Str. Axente Sever nr10,MUNICIPIUL TIMISOARA,155243,M,1,815,789,26,398,372,26,0,395,3,900,502,105,290
37,TIMIS,149,0,Scoala cu clasele I-VIII nr. 9 str. Liviu Rebreanu nr. 35,MUNICIPIUL TIMISOARA,155243,M,1,1569,1538,31,792,761,31,0,790,2,1700,908,217,573
37,TIMIS,150,0,Scoala cu clasele I-VIII nr. 9 str. Liviu Rebreanu nr. 35,MUNICIPIUL TIMISOARA,155243,M,1,608,596,12,289,277,12,0,289,0,700,411,72,217
37,TIMIS,151,0,Scoala cu clasele I-VIII nr. 9 str. Liviu Rebreanu nr. 35,MUNICIPIUL TIMISOARA,155243,M,1,1732,1641,91,893,799,91,3,890,3,1800,907,223,667
37,TIMIS,152,0,Scoala cu clasele I-VIII nr. 9 str. Liviu Rebreanu nr. 35,MUNICIPIUL TIMISOARA,155243,M,1,1176,1154,22,540,518,22,0,536,4,1300,760,144,392
37,TIMIS,153,0,Gradinita cu program prelungit nr. 3 str. N. Leonard nr. 13,MUNICIPIUL TIMISOARA,155243,M,1,1147,1116,31,590,553,31,6,586,4,1200,610,175,411
37,TIMIS,154,0,Gradinita cu program prelungit nr. 3 str. N. Leonard nr. 13,MUNICIPIUL TIMISOARA,155243,M,1,1609,1583,26,773,747,24,2,769,4,1700,927,213,556
37,TIMIS,155,0,Scoala cu clasele I-VIII nr. 27 Aleea  Gornistilor nr.3,MUNICIPIUL TIMISOARA,155243,M,1,1992,1974,18,989,969,18,2,989,0,2100,1111,333,656
37,TIMIS,156,0,Scoala cu clasele I-VIII nr. 27 Aleea  Gornistilor nr.3,MUNICIPIUL TIMISOARA,155243,M,1,1475,1466,9,707,693,9,5,701,6,1600,893,154,547
37,TIMIS,157,0,Scoala cu clasele I-VIII nr. 27 Aleea  Gornistilor nr.3,MUNICIPIUL TIMISOARA,155243,M,1,1765,1749,16,877,861,16,0,874,3,1900,1023,216,658
37,TIMIS,158,0,Scoala cu clasele I-VIII nr. 27 Aleea  Gornistilor nr.3,MUNICIPIUL TIMISOARA,155243,M,1,1459,1440,19,654,635,19,0,643,11,1600,946,182,461
37,TIMIS,159,0,"Liceul teologic penticostal ""Logos"" (fosta Scoala generala nr.27) str. Transilvania nr2",MUNICIPIUL TIMISOARA,155243,M,1,1514,1497,17,779,762,17,0,774,5,1600,821,170,604
37,TIMIS,160,0,"Liceul teologic penticostal ""Logos"" (fosta Scoala generala nr.27) str. Transilvania nr.2",MUNICIPIUL TIMISOARA,155243,M,1,1144,1114,30,529,497,30,2,527,2,1200,671,142,385
37,TIMIS,161,0,Gradinita cu program normal nr.13 str.Transilvania nr.10,MUNICIPIUL TIMISOARA,155243,M,1,1262,1244,18,612,594,18,0,611,1,1300,688,152,459
37,TIMIS,162,0,Gradinita cu program normal nr.13 str.Transilvania nr.10,MUNICIPIUL TIMISOARA,155243,M,1,1320,1293,27,700,672,27,1,698,2,1400,700,160,538
37,TIMIS,163,0,Gradinita cu program prelungit nr. 30 str. Vasile Lupu nr.29/a,MUNICIPIUL TIMISOARA,155243,M,1,1585,1568,17,671,650,17,4,666,5,1700,1029,185,481
37,TIMIS,164,0,Gradinita cu program prelungit nr. 30 str. Vasile Lupu nr.29/a,MUNICIPIUL TIMISOARA,155243,M,1,1589,1565,24,720,695,24,1,719,1,1700,980,178,541
37,TIMIS,165,0,Scoala cu clasele I-VIII nr. 6 str. Vulturilor nr. 89,MUNICIPIUL TIMISOARA,155243,M,1,1275,1255,20,587,567,20,0,586,1,1400,813,182,404
37,TIMIS,166,0,Scoala cu clasele I-VIII nr. 6 str. Vulturilor nr. 89,MUNICIPIUL TIMISOARA,155243,M,1,987,966,21,528,505,21,2,520,8,1100,572,156,364
37,TIMIS,167,0,Scoala cu clasele I-VIII nr. 6 str. Vulturilor nr. 89,MUNICIPIUL TIMISOARA,155243,M,1,1321,1308,13,677,661,13,3,674,3,1400,723,165,509
37,TIMIS,168,0,Scoala cu clasele I-VIII nr. 6 str. Vulturilor nr. 89,MUNICIPIUL TIMISOARA,155243,M,1,1889,1853,36,910,873,36,1,908,2,2000,1090,201,707
37,TIMIS,169,0,Grup scolar industrial de transport  Auto str. Ardealului nr. 1,MUNICIPIUL TIMISOARA,155243,M,1,1435,1416,19,680,661,19,0,677,3,1500,820,141,536
37,TIMIS,170,0,Grup scolar industrial de transport  Auto str. Ardealului nr. 1,MUNICIPIUL TIMISOARA,155243,M,1,997,976,21,483,462,21,0,480,3,1100,617,145,335
37,TIMIS,171,0,Grup scolar industrial de transport  Auto str. Ardealului nr. 1,MUNICIPIUL TIMISOARA,155243,M,1,1823,1789,34,943,905,34,4,939,4,1900,957,283,656
37,TIMIS,172,0,Scoala cu clasele I-VIII nr. 29 str. Ioan Slavici nr. 51,MUNICIPIUL TIMISOARA,155243,M,1,1709,1683,26,733,707,26,0,719,14,1800,1067,212,507
37,TIMIS,173,0,Scoala cu clasele I-VIII nr. 29 str. Ioan Slavici nr. 51,MUNICIPIUL TIMISOARA,155243,M,1,1870,1840,30,764,732,30,2,759,5,2000,1236,245,514
37,TIMIS,174,0,Scoala cu clasele I-VIII nr.15 str. Izlaz nr. 44,MUNICIPIUL TIMISOARA,155243,M,1,2023,1924,99,968,867,99,2,956,12,2100,1132,231,725
37,TIMIS,175,0,Scoala cu clasele I-VIII nr.15 str. Izlaz nr. 44,MUNICIPIUL TIMISOARA,155243,M,1,1118,1099,19,555,536,19,0,552,3,1200,645,94,458
37,TIMIS,176,0,Scoala cu clasele I-VIII nr.15 str. Chisodei nr. 1,MUNICIPIUL TIMISOARA,155243,M,1,1578,1552,26,738,711,26,1,731,7,1700,962,195,536
37,TIMIS,177,0,Scoala cu clasele I-VIII nr. 15 str. Chisodei nr.1,MUNICIPIUL TIMISOARA,155243,M,1,1907,1861,46,884,838,46,0,883,1,2000,1116,222,661
37,TIMIS,178,0,Scoala cu clasele I-VIII nr. 15 str. Chisodei nr. 1,MUNICIPIUL TIMISOARA,155243,M,1,2076,2037,39,965,926,39,0,959,6,2200,1235,222,737
37,TIMIS,179,0,Santierul de Drumuri Municipale R.A. str. Eternitatii nr. 45,MUNICIPIUL TIMISOARA,155243,M,1,1222,1156,66,500,434,66,0,495,5,1300,800,150,345
37,TIMIS,180,0,Santierul de Drumuri Municipale R.A. str. Eternitatii nr. 45,MUNICIPIUL TIMISOARA,155243,M,1,1014,970,44,476,432,44,0,474,2,1100,624,177,297
37,TIMIS,181,0,Gradinita cu program prelungit  nr.23 str. Gavril Musicescu nr.9,MUNICIPIUL TIMISOARA,155243,M,1,1349,1312,37,696,658,37,1,695,1,1400,704,245,450
37,TIMIS,182,0,Scoala cu clasele I-VIII nr. 13 str. Gavril Musicescu nr.14,MUNICIPIUL TIMISOARA,155243,M,1,1562,1511,51,720,669,51,0,712,8,1700,980,169,543
37,TIMIS,183,0,Scoala cu clasele I-VIII nr.13 str. Gavril Musicescu nr.14,MUNICIPIUL TIMISOARA,155243,M,1,1968,1943,25,967,942,25,0,957,10,2100,1133,312,645
37,TIMIS,184,0,Scoala cu clasele I-VIII nr. 13 str. Gavril Musicescu nr.14,MUNICIPIUL TIMISOARA,155243,M,1,1567,1543,24,695,670,24,1,687,8,1700,1005,210,477
37,TIMIS,185,0,Gradinita cu program prelungit  nr. 29 str. Mures nr. 6,MUNICIPIUL TIMISOARA,155243,M,1,1070,1020,50,549,499,50,0,548,1,1100,551,158,390
37,TIMIS,186,0,Gradinita cu program prelungit  nr. 29 str. Mures nr. 6,MUNICIPIUL TIMISOARA,155243,M,1,1715,1666,49,865,816,49,0,864,1,1800,935,226,638
37,TIMIS,187,0,Scoala cu clasele I-VIII nr.2 str. Mures nr.8,MUNICIPIUL TIMISOARA,155243,M,1,1564,1542,22,655,633,22,0,650,5,1700,1045,199,451
37,TIMIS,188,0,Scoala cu clasele I-VIII nr. 2 str. Mures nr. 8,MUNICIPIUL TIMISOARA,155243,M,1,1400,1376,24,725,701,24,0,721,4,1500,775,193,528
37,TIMIS,189,0,Scoala cu clasele I-VIII nr.2 str. Mures nr.8,MUNICIPIUL TIMISOARA,155243,M,1,1873,1837,36,986,948,36,2,981,5,2000,1014,247,734
37,TIMIS,190,0,"Scoala cu clasele I-VIII nr.14,  str. Alunis nr. 41/a",MUNICIPIUL TIMISOARA,155243,M,1,1367,1331,36,695,658,36,1,691,4,1500,805,197,494
37,TIMIS,191,0,"Scoala cu clasele I-VIII nr.14,  str. Alunis nr. 41/a",MUNICIPIUL TIMISOARA,155243,M,1,1482,1456,26,766,740,26,0,758,8,1600,834,198,560
37,TIMIS,192,0,"Grup scolar industrial ""Electrotimis"" str. Matei Millo nr. 2A",MUNICIPIUL TIMISOARA,155243,M,1,1324,1307,17,630,613,17,0,627,3,1400,770,147,480
37,TIMIS,193,0,"Grup scolar industrial ""Electrotimis"" str. Matei Millo nr. 2A",MUNICIPIUL TIMISOARA,155243,M,1,1237,1215,22,539,516,22,1,536,3,1300,761,113,423
37,TIMIS,194,0,"Grup scolar industrial ""Electrotimis"" str. Matei Millo nr. 2A",MUNICIPIUL TIMISOARA,155243,M,1,1294,1264,30,606,575,30,1,602,4,1400,794,148,454
37,TIMIS,195,0,"Grup scolar industrial ""Electrotimis"" str. Matei Millo nr. 2A",MUNICIPIUL TIMISOARA,155243,M,1,1956,1921,35,775,740,35,0,770,5,2100,1325,179,591
37,TIMIS,196,0,Scoala cu clasele I-VIII nr.20 str. Martir C.Radu (Humulesti) nr.23,MUNICIPIUL TIMISOARA,155243,M,1,1308,1280,28,676,648,28,0,674,2,1400,724,175,499
37,TIMIS,197,0,Scoala cu clasele I-VIII nr. 4  (Plopi) str. Jules Verne nr. 34,MUNICIPIUL TIMISOARA,155243,M,1,1333,1318,15,690,675,15,0,687,3,1400,710,179,508
37,TIMIS,198,0,Scoala cu clasele I-VIII nr. 4  (Plopi) str. Jules Verne nr.34,MUNICIPIUL TIMISOARA,155243,M,1,884,868,16,462,446,16,0,456,6,1000,538,136,320
37,TIMIS,199,0,Gradinita cu program prelungit  nr. 6 str. Tepes Voda ( Ismail ) nr. 17,MUNICIPIUL TIMISOARA,155243,M,1,1247,1216,31,706,675,31,0,698,8,1300,594,197,501
37,TIMIS,200,0,Gradinita cu program prelungit  nr. 6 str. Tepes Voda ( Ismail ) nr. 17,MUNICIPIUL TIMISOARA,155243,M,1,1177,1153,24,628,604,24,0,624,4,1300,672,181,443
37,TIMIS,201,0,Administratia Taberelor str. Torac nr.47,MUNICIPIUL TIMISOARA,155243,M,1,2068,2026,42,981,938,42,1,973,8,2200,1219,242,731
37,TIMIS,202,0,Scoala cu clasele I-VIII nr.23 str. Negoiul nr.47,MUNICIPIUL TIMISOARA,155243,M,1,1508,1472,36,810,771,36,3,807,3,1600,790,221,586
37,TIMIS,203,0,Scoala cu clasele I-VIII nr.23 str. Negoiul nr.47,MUNICIPIUL TIMISOARA,155243,M,1,1632,1599,33,672,639,33,0,668,4,1800,1128,161,507
37,TIMIS,204,0,"Scoala cu clasele I-VIII  ""Constantin Pufan""  str. Bucegi nr.2",MUNICIPIUL TIMISOARA,155243,M,1,1567,1539,28,898,870,28,0,893,5,1700,802,221,672
37,TIMIS,205,0,Gradinita cu program normal nr.19 str. Martir V. Balmus (Luminii) nr.22,MUNICIPIUL TIMISOARA,155243,M,1,1829,1808,21,924,903,21,0,920,4,2000,1076,187,733
37,TIMIS,206,0,Gradinita cu program normal nr.19 str. Martir V. Balmus (Luminii) nr.22,MUNICIPIUL TIMISOARA,155243,M,1,1693,1675,18,869,850,18,1,864,5,1800,931,205,659
37,TIMIS,207,0,Clubul U.M. Aeroport com Ghiroda,MUNICIPIUL TIMISOARA,155243,M,1,529,509,20,314,294,20,0,314,0,600,286,96,218
37,TIMIS,208,1,Cantina 1C Complexul Studentesc,MUNICIPIUL TIMISOARA,155243,M,1,8,0,8,1336,0,8,1328,1331,5,3707,2371,257,1074
37,TIMIS,209,1,Cantina 1C Complexul Studentesc,MUNICIPIUL TIMISOARA,155243,M,1,9,0,9,1485,0,9,1476,1482,3,3700,2215,259,1223
37,TIMIS,210,1,Cantina 1C Complexul studentesc,MUNICIPIUL TIMISOARA,155243,M,1,9,0,9,1636,0,9,1627,1625,11,3700,2064,340,1285
37,TIMIS,211,1,Universitatea de stiinte Agricole si Medicina Veterinara a Banatului Facultatea de Zootehnie,MUNICIPIUL TIMISOARA,155243,M,1,12,0,12,573,0,12,561,570,3,1700,1127,142,428
37,TIMIS,212,1,"Colegiul National ""C.D.Loga"" Bdul.C.D.Loga nr.37",MUNICIPIUL TIMISOARA,155243,M,1,10,0,10,14,0,10,4,14,0,500,486,2,12
37,TIMIS,213,1,"Clinica ""ASCAR"" Bdul.Revolutiei , nr.12",MUNICIPIUL TIMISOARA,155243,M,1,11,0,11,89,0,11,78,87,2,200,111,35,52
37,TIMIS,214,1,"Clinica ORL Bdul.Revolutiei  1989, nr. 6",MUNICIPIUL TIMISOARA,155243,M,1,11,0,11,46,0,11,35,46,0,100,54,16,30
37,TIMIS,215,1,"Clinica Balneofizioterapie Bdul.C.D.Loga, nr.42-44",MUNICIPIUL TIMISOARA,155243,M,1,11,0,11,42,0,11,31,41,1,100,58,16,25
37,TIMIS,216,1,Clinica Maxilofaciale Bdul.Take Ionescu nr.5,MUNICIPIUL TIMISOARA,155243,M,1,11,0,11,35,0,11,24,35,0,100,65,15,20
37,TIMIS,217,1,"Spitalul  ""Clinicile Noi"" Str.G.Dima, nr.5",MUNICIPIUL TIMISOARA,155243,M,1,11,0,11,247,0,11,236,245,2,400,153,88,157
37,TIMIS,218,1,Spitalul Militar str.G.Lazar nr.7 intr. pe Marasesti,MUNICIPIUL TIMISOARA,155243,M,1,9,0,9,116,0,9,107,115,1,400,284,44,71
37,TIMIS,219,1,"Clinica Oftalmologie str.1 Mai, nr.3",MUNICIPIUL TIMISOARA,155243,M,1,11,0,11,38,0,11,27,36,2,100,62,12,24
37,TIMIS,220,1,"Clinica Dermato-Venerologie str.Marasesti, nr.5",MUNICIPIUL TIMISOARA,155243,M,1,10,0,10,36,0,10,26,35,1,100,64,13,22
37,TIMIS,221,1,"Clinica Oncologie str.Marasesti, nr.5",MUNICIPIUL TIMISOARA,155243,M,1,11,0,11,35,0,11,24,34,1,100,65,15,19
37,TIMIS,222,1,"Spitalul Clinic ""Louis Turcanu"" str.16 Februarie, nr.2",MUNICIPIUL TIMISOARA,155243,M,1,10,0,10,103,0,10,93,102,1,199,96,37,65
37,TIMIS,223,1,"Spitalul C.F.R. Spl.T.Vladimirescu, nr.13",MUNICIPIUL TIMISOARA,155243,M,1,27,0,27,110,0,27,83,110,0,300,190,41,69
37,TIMIS,224,1,"Clinica de Psihiatrie  str. I.Vacarescu, nr.21",MUNICIPIUL TIMISOARA,155243,M,1,11,0,11,53,0,11,42,52,1,200,147,19,33
37,TIMIS,225,1,Clinica de  Obstretica-Ginecologie str. Odobescu nr.3,MUNICIPIUL TIMISOARA,155243,M,1,20,0,20,117,0,20,97,117,0,300,183,34,83
37,TIMIS,226,1,"Clinica de Obstretica-Ginecologie ""Bega"" Bdul. Victor Babes nr.12",MUNICIPIUL TIMISOARA,155243,M,1,11,0,11,112,0,11,101,111,1,200,88,41,70
37,TIMIS,227,1,"Spitalul Clinic Judetean Bdul.L.Rebreanu , nr.156",MUNICIPIUL TIMISOARA,155243,M,1,10,0,10,523,0,10,513,521,2,1000,477,167,354
37,TIMIS,228,1,"Clinica Ortopedie nr. I-II str.L.Rebreanu, nr.156",MUNICIPIUL TIMISOARA,155243,M,1,12,0,12,132,0,12,120,132,0,300,168,40,92
37,TIMIS,229,1,"Spitalul clinic ""Victor Babes"" Str.Spitalul Nou , nr.13",MUNICIPIUL TIMISOARA,155243,M,1,11,0,11,146,0,11,135,145,1,400,254,58,87
37,TIMIS,230,1,"Institutul de Cardiologie str.Spitalul Nou, nr.13/A",MUNICIPIUL TIMISOARA,155243,M,1,11,0,11,107,0,11,96,107,0,200,93,46,61
37,TIMIS,231,1,Statia C.F.R. Timisoara  Nord Sala de asteptare clasa I,MUNICIPIUL TIMISOARA,155243,M,1,8,0,8,2861,0,8,2853,2848,13,3500,639,570,2278
37,TIMIS,232,1,Aeroportul International Timisoara,MUNICIPIUL TIMISOARA,155243,M,1,46,0,46,1259,0,46,1213,1255,4,1392,133,196,1059
37,TIMIS,233,1,"Cercul Militar Pta. Libertatii, nr.5",MUNICIPIUL TIMISOARA,155243,M,1,15,0,15,221,0,15,206,220,1,300,79,80,140
37,TIMIS,234,1,"U.M.01109 str.Chisodei, nr. 125",MUNICIPIUL TIMISOARA,155243,M,1,17,0,17,152,0,17,135,149,3,200,48,67,82
37,TIMIS,235,1,Clinica de oncologie - chimioterapie str bv.Mihai Viteazul nr.26,MUNICIPIUL TIMISOARA,155243,M,1,11,0,11,22,0,11,11,22,0,100,78,5,17
37,TIMIS,236,0,"Liceul "" Iulia Hasdeu ""  Piata Victoriei",MUNICIPIUL LUGOJ,155350,M,1,1483,1460,23,747,723,23,1,742,5,1400,653,224,518
37,TIMIS,237,0,"Scoala cu clasele I-VIII  nr. 3, str. 20 Decembrie 1989",MUNICIPIUL LUGOJ,155350,M,1,1842,1825,17,924,907,17,0,916,8,2000,1076,319,597
37,TIMIS,238,0,"Gradinita nr. 3,  str. Fagetului nr. 3",MUNICIPIUL LUGOJ,155350,M,1,1561,1532,29,823,794,29,0,810,13,1700,877,234,576
37,TIMIS,239,0,"Gradinita nr. 4,  Microraion I,  Al. Brazilor nr. 3",MUNICIPIUL LUGOJ,155350,M,1,2488,2466,22,1278,1256,22,0,1264,14,2700,1422,473,791
37,TIMIS,240,0,"Scoala cu clasele I-VIII  nr. 4,  str. Stefan cel Mare nr. 7",MUNICIPIUL LUGOJ,155350,M,1,1201,1182,19,632,609,19,4,631,1,1300,668,183,448
37,TIMIS,241,0,"Gradinita nr. 5, Microraion III,  str. Ceahlau nr. 21",MUNICIPIUL LUGOJ,155350,M,1,2766,2740,26,1401,1374,26,1,1394,7,3000,1599,449,945
37,TIMIS,242,0,"Scoala cu clasele I-VIII  nr. 2,  str. Astalas nr. 31/ A",MUNICIPIUL LUGOJ,155350,M,1,1973,1913,60,947,887,60,0,945,2,2100,1153,309,636
37,TIMIS,243,0,"Cartier I.C.Dragan, Scoala cu clasele I-VIII   str.Buziasului nr. 36",MUNICIPIUL LUGOJ,155350,M,1,1197,1164,33,591,558,33,0,589,2,1300,709,162,427
37,TIMIS,244,0,Gradinita  din str. Libertatii nr. 62,MUNICIPIUL LUGOJ,155350,M,1,1831,1819,12,964,952,12,0,957,7,2000,1036,281,676
37,TIMIS,245,0,"Sala Sporturilor"" Viitorul "" str. Timisorii",MUNICIPIUL LUGOJ,155350,M,1,2447,2424,23,1280,1254,23,3,1266,14,2600,1320,350,916
37,TIMIS,246,0,"Sala Sporturilor"" Viitorul "" str. Timisorii",MUNICIPIUL LUGOJ,155350,M,1,1507,1490,17,812,795,17,0,808,4,1600,788,236,572
37,TIMIS,247,0,S.C. Filseta  S.A.  str. Timisorii nr. 125,MUNICIPIUL LUGOJ,155350,M,1,1200,1188,12,645,633,12,0,641,4,1300,655,182,459
37,TIMIS,248,0,"Liceul "" Textil "",  str. Ghe.Doja nr. 41",MUNICIPIUL LUGOJ,155350,M,1,2935,2898,37,1416,1362,37,17,1409,7,3100,1684,380,1029
37,TIMIS,249,0,"Sala de sport Centrul de Plasament,  str. Bucegi nr. 37",MUNICIPIUL LUGOJ,155350,M,1,1841,1834,7,998,985,7,6,989,9,2000,1002,310,679
37,TIMIS,250,0,Gradinita cu program normal nr.10  str. Jabarului nr. 7,MUNICIPIUL LUGOJ,155350,M,1,810,802,8,456,448,8,0,454,2,900,444,138,316
37,TIMIS,251,0,"Gradinita cu program normal nr.2,  str. Xenopol nr. 18",MUNICIPIUL LUGOJ,155350,M,1,1738,1688,50,925,875,50,0,914,11,1800,875,296,618
37,TIMIS,252,0,"Scoala de Mecanici Agricoli,  str.Buziasului nr. 35",MUNICIPIUL LUGOJ,155350,M,1,1376,1363,13,671,656,13,2,650,21,1500,829,189,461
37,TIMIS,253,0,"Clubul Tineretului, str. Al. Mocioni nr. 9",MUNICIPIUL LUGOJ,155350,M,1,1252,1238,14,611,596,14,1,608,3,1400,789,213,395
37,TIMIS,254,0,"Sala de lupte,  str. Plopilor",MUNICIPIUL LUGOJ,155350,M,1,1290,1267,23,586,562,23,1,578,8,1400,814,220,358
37,TIMIS,255,0,Baza Sportiva  strand,MUNICIPIUL LUGOJ,155350,M,1,1485,1473,12,815,801,12,2,807,8,1600,785,223,584
37,TIMIS,256,0,Ocolul Silvic  str. Caransebesului,MUNICIPIUL LUGOJ,155350,M,1,2963,2947,16,1440,1424,16,0,1432,8,3200,1760,370,1062
37,TIMIS,257,0,S.C.« Textila » S.A. str. Tesatorilor,MUNICIPIUL LUGOJ,155350,M,1,1638,1624,14,774,759,14,1,774,0,1800,1026,217,557
37,TIMIS,258,0,"Scoala cu clasele I-VIII  nr. 1,  str. Bocsei nr. 21",MUNICIPIUL LUGOJ,155350,M,1,1688,1660,28,860,832,28,0,855,5,1800,940,262,593
37,TIMIS,259,0,Satul Maguri - Scoala cu clasele I-VIII,MUNICIPIUL LUGOJ,155350,M,1,634,615,19,244,225,19,0,239,5,700,456,115,124
37,TIMIS,260,0,Satul Tapia - Scoala Generala,MUNICIPIUL LUGOJ,155350,M,1,294,283,11,134,123,11,0,131,3,299,165,43,88
37,TIMIS,261,1,"Centrul Militar Str. N.Balcescu, nr. 4",MUNICIPIUL LUGOJ,155350,M,1,9,0,9,613,0,9,604,601,12,900,287,247,354
37,TIMIS,262,1,"Spitalul Municipal Str. Ghe. Doja, nr.36",MUNICIPIUL LUGOJ,155350,M,1,11,0,11,107,0,11,96,105,2,500,393,27,78
37,TIMIS,263,1,"Gara Lugoj Str. Garii, nr.1",MUNICIPIUL LUGOJ,155350,M,1,23,0,23,760,0,23,737,757,3,797,37,216,541
37,TIMIS,264,0,Casa de cultura  str. Principala nr.10,ORAS BUZIAS,155403,O,1,2390,2380,10,1258,1209,10,39,1249,9,2600,1342,548,701
37,TIMIS,265,0,Gradinita nr.2 str. Brediceanu nr.2,ORAS BUZIAS,155403,O,1,2335,2303,32,1418,1183,32,203,1409,9,2500,1082,617,792
37,TIMIS,266,0,Caminul cultural Silagiu nr.44,ORAS BUZIAS,155403,O,1,693,682,11,387,372,11,4,386,1,700,313,188,198
37,TIMIS,267,0,Caminul cultural Bacova nr.1,ORAS BUZIAS,155403,O,1,1330,1304,26,576,520,26,30,566,10,1400,824,274,292
37,TIMIS,268,0,"Primaria orasului Ciacova, Piata Cetatii",ORAS CIACOVA,156357,O,1,1233,1207,26,726,588,26,112,711,15,1300,574,314,397
37,TIMIS,269,0,"Liceul ""Al. Mocioni""  Ciacova Str.Tudor Vladimirescu nr.23",ORAS CIACOVA,156357,O,1,956,938,18,501,412,18,71,498,3,1000,499,177,321
37,TIMIS,270,0,Scoala cu clasele I-IV Cebza,ORAS CIACOVA,156357,O,1,561,545,16,264,248,16,0,258,6,600,336,123,135
37,TIMIS,271,0,Caminul Cultural Macedonia,ORAS CIACOVA,156357,O,1,338,326,12,184,172,12,0,182,2,400,216,118,64
37,TIMIS,272,0,Scoala cu clasele I-IV Obad,ORAS CIACOVA,156357,O,1,444,436,8,250,241,8,1,249,1,500,250,64,185
37,TIMIS,273,0,Scoala cu clasele I-IV Petroman,ORAS CIACOVA,156357,O,1,574,566,8,238,230,8,0,238,0,600,362,130,108
37,TIMIS,274,0,"Liceul ""Sfantul Nicolae"" Deta, Str.Mihai Viteazul nr.12",ORAS DETA,155458,O,1,1784,1764,20,849,798,20,31,836,13,1900,1051,309,527
37,TIMIS,275,0,"Sala Casei de Cultura orasenesti Deta, Str.Stefan cel Mare nr.9",ORAS DETA,155458,O,1,2309,2287,22,1099,988,22,89,1088,11,2500,1401,356,732
37,TIMIS,276,0,"S.N.I.F. Deta, str.Targul Mare nr.18",ORAS DETA,155458,O,1,1538,1520,18,673,655,18,0,670,3,1700,1027,175,495
37,TIMIS,277,0,"Sediul Societatii Agricole ""Opatita"" nr.39",ORAS DETA,155458,O,1,479,474,5,232,227,5,0,229,3,500,268,142,87
37,TIMIS,278,0,Casa de Cultura a orasului Faget,ORAS FAGET,156801,O,1,1966,1943,23,1279,1044,23,212,1273,6,2100,821,623,650
37,TIMIS,279,0,Gradinita cu program prelungit Faget,ORAS FAGET,156801,O,1,1462,1438,24,840,815,24,1,836,4,1500,660,411,425
37,TIMIS,280,0,Caminul cultural Batesti,ORAS FAGET,156801,O,1,386,376,10,238,226,10,2,236,2,400,162,116,120
37,TIMIS,281,0,Caminul cultural Begheiul Mic,ORAS FAGET,156801,O,1,303,293,10,202,192,10,0,199,3,400,198,135,64
37,TIMIS,282,0,Caminul cultural Bichigi,ORAS FAGET,156801,O,1,509,496,13,292,272,13,7,284,8,600,308,178,106
37,TIMIS,283,0,Caminul cultural Branesti,ORAS FAGET,156801,O,1,460,444,16,304,283,16,5,302,2,500,196,223,79
37,TIMIS,284,0,Caminul cultural Bunea Mare,ORAS FAGET,156801,O,1,242,234,8,129,121,8,0,128,1,300,171,63,65
37,TIMIS,285,0,Scoala cu clasele I-IV Colonia Mica,ORAS FAGET,156801,O,1,130,121,9,86,77,9,0,84,2,200,114,45,39
37,TIMIS,286,0,Caminul cultural Jupanesti,ORAS FAGET,156801,O,1,173,163,10,116,106,10,0,115,1,200,84,81,34
37,TIMIS,287,0,Caminul cultural Povergina,ORAS FAGET,156801,O,1,170,162,8,96,88,8,0,95,1,200,104,56,39
37,TIMIS,288,0,Caminul cultural Temeresti,ORAS FAGET,156801,O,1,451,440,11,320,289,11,20,318,2,500,180,247,71
37,TIMIS,289,0,"Casa Nationala, Str. Republicii nr.111",ORAS GATAIA,157086,O,1,1294,1255,39,596,556,39,1,590,6,1400,804,241,349
37,TIMIS,290,0,"Sediul Primariei Orasului Gataia, Str. Carpati nr.106",ORAS GATAIA,157086,O,1,1266,1235,31,701,515,31,155,695,6,1400,699,324,371
37,TIMIS,291,0,Scoala primara Butin nr.136,ORAS GATAIA,157086,O,1,346,336,10,185,175,10,0,183,2,400,215,126,57
37,TIMIS,292,0,Scoala primara Percosova nr.271,ORAS GATAIA,157086,O,1,259,249,10,121,111,10,0,120,1,300,179,77,43
37,TIMIS,293,0,"Scoala primara Sculea, nr.284",ORAS GATAIA,157086,O,1,1459,1439,20,768,683,20,65,759,9,1600,832,291,468
37,TIMIS,294,0,Scoala primara Semlacul Mare nr.168,ORAS GATAIA,157086,O,1,309,293,16,152,136,16,0,146,6,400,248,67,79
37,TIMIS,295,0,Scoala primara Semlacul Mic nr.78,ORAS GATAIA,157086,O,1,168,154,14,94,80,14,0,94,0,200,106,60,34
37,TIMIS,296,0,"Grup scolar industrial ""Mihai Eminescu"" Str. Gheorghe Doja nr.14",ORAS JIMBOLIA,155494,O,1,2079,1985,94,854,760,94,0,849,5,2200,1346,361,488
37,TIMIS,297,0,Scoala cu clasele I-IV  str. Lorena nr.35,ORAS JIMBOLIA,155494,O,1,1647,1627,20,725,596,20,109,716,9,1800,1075,262,454
37,TIMIS,298,0,"Asociatia ""Banat Ripensis"" str. Stefan cel Mare nr.9",ORAS JIMBOLIA,155494,O,1,2551,2512,39,1005,966,39,0,994,11,2800,1795,354,640
37,TIMIS,299,0,Casa de cultura str. Tudor Vladimirescu nr.21,ORAS JIMBOLIA,155494,O,1,2110,2046,64,863,769,64,30,852,11,2200,1337,335,517
37,TIMIS,300,0,Scoala generala nr.2 str. George Enescu nr.9,ORAS JIMBOLIA,155494,O,1,2192,2169,23,853,830,23,0,848,5,2300,1447,309,539
37,TIMIS,301,0,Scoala cu clasele I-IV str. Clarii Vii,ORAS JIMBOLIA,155494,O,1,220,209,11,97,86,11,0,94,3,300,203,49,45
37,TIMIS,302,0,Sediul Primariei orasului Recas,ORAS RECAS,158314,O,1,2529,2414,115,1338,961,115,262,1321,17,2604,1266,461,860
37,TIMIS,303,0,Liceul teoretic Recas,ORAS RECAS,158314,O,1,1565,1475,90,741,650,90,1,730,11,1600,859,236,494
37,TIMIS,304,0,Scoala cu clasele I-VIII  Bazos,ORAS RECAS,158314,O,1,639,616,23,231,208,23,0,230,1,700,469,108,122
37,TIMIS,305,0,Scoala cu clasele I-IV Herneacova,ORAS RECAS,158314,O,1,347,332,15,175,160,15,0,169,6,400,225,92,77
37,TIMIS,306,0,Scoala cu clasele I-VIII Izvin,ORAS RECAS,158314,O,1,1080,1045,35,527,492,35,0,525,2,1100,573,154,371
37,TIMIS,307,0,Scoala cu clasele I-IV Petrovaselo,ORAS RECAS,158314,O,1,267,255,12,124,112,12,0,122,2,300,176,63,59
37,TIMIS,308,0,Scoala cu clasele I-IV Stanciova,ORAS RECAS,158314,O,1,350,339,11,156,145,11,0,151,5,400,244,100,51
37,TIMIS,309,0,Sala Casei de Cultura (Castel) str. Republicii nr.14,ORAS SANNICOLAU MARE,155528,O,1,3000,2941,59,1495,1434,59,2,1489,6,3200,1705,499,990
37,TIMIS,310,0,Sediul Primariei Sannicolau Mare str. N. Oprean nr.1A,ORAS SANNICOLAU MARE,155528,O,1,2302,2257,45,1185,1131,45,9,1175,10,2500,1315,394,781
37,TIMIS,311,0,Gradinita str. Decebal nr.13,ORAS SANNICOLAU MARE,155528,O,1,2570,2530,40,1309,1269,40,0,1300,9,2700,1391,492,808
37,TIMIS,312,0,Grup scolar agricol str. 16 Decembrie 1989 nr.17,ORAS SANNICOLAU MARE,155528,O,1,2050,2013,37,973,930,37,6,959,14,2200,1227,346,613
37,TIMIS,313,0,Scoala generala nr.1 Piata 1 Mai nr.3,ORAS SANNICOLAU MARE,155528,O,1,1797,1765,32,1123,829,32,262,1117,6,1900,777,407,710
37,TIMIS,314,0,Caminul cultural Balint nr.135,BALINT,155546,C,3,480,469,11,276,243,11,22,275,1,500,224,154,121
37,TIMIS,315,0,Scoala cu clasele I- IV Bodo nr. 175,BALINT,155546,C,3,391,380,11,180,169,11,0,177,3,400,220,72,105
37,TIMIS,316,0,Scoala cu clasele I- IV Fadimac nr.61,BALINT,155546,C,3,200,187,13,154,130,13,11,152,2,300,146,94,58
37,TIMIS,317,0,Caminul cultural nr.154 Tirgoviste,BALINT,155546,C,3,321,310,11,221,197,11,13,220,1,400,179,135,85
37,TIMIS,318,0,Sediul Primariei Banloc nr.405,BANLOC,155591,C,3,1651,1634,17,663,646,17,0,653,10,1800,1137,384,269
37,TIMIS,319,0,Scoala generala Dolat,BANLOC,155591,C,3,444,435,9,158,149,9,0,156,2,500,342,95,61
37,TIMIS,320,0,Scoala generala Livezile,BANLOC,155591,C,3,849,839,10,371,360,10,1,368,3,900,529,233,135
37,TIMIS,321,0,Scoala generala Partos,BANLOC,155591,C,3,338,323,15,173,158,15,0,170,3,400,227,97,73
37,TIMIS,322,0,Caminul cultural Soca,BANLOC,155591,C,3,430,423,7,260,253,7,0,254,6,500,240,185,69
37,TIMIS,323,0,Sediul  Primariei Bara nr.44,BARA,155662,C,3,156,131,25,118,88,25,5,115,3,200,82,73,42
37,TIMIS,324,0,Sediul Primariei Dobresti nr.17,BARA,155662,C,3,39,29,10,27,17,10,0,25,2,100,73,12,13
37,TIMIS,325,0,Sediul Primariei Lapusnic nr.79,BARA,155662,C,3,44,30,14,30,16,14,0,28,2,100,70,22,6
37,TIMIS,326,0,Sediul Primariei Radmanesti nr.147,BARA,155662,C,3,65,50,15,44,26,15,3,44,0,100,56,19,25
37,TIMIS,327,0,Caminul cultural Beba Veche nr.141,BEBA VECHE,155724,C,3,840,828,12,433,421,12,0,429,4,900,467,241,188
37,TIMIS,328,0,Caminul cultural Cherestur nr.50,BEBA VECHE,155724,C,3,424,411,13,200,185,13,2,198,2,500,300,78,120
37,TIMIS,329,0,Caminul cultural Becicherecul Mic,BECICHERECU MIC,155760,C,3,2055,2026,29,957,923,29,5,953,4,2200,1243,356,597
37,TIMIS,330,0,Sediul Primariei Belint,BELINT,155797,C,3,1242,1208,34,836,776,34,26,829,7,1400,564,367,462
37,TIMIS,331,0,Scoala generala Babsa,BELINT,155797,C,3,201,188,13,137,124,13,0,137,0,300,163,87,50
37,TIMIS,332,0,Caminul cultural Chizatau,BELINT,155797,C,3,705,686,19,453,434,19,0,449,4,800,347,143,306
37,TIMIS,333,0,Scoala generala Gruni,BELINT,155797,C,3,212,202,10,152,142,10,0,150,2,300,148,73,77
37,TIMIS,334,0,Caminul cultural Bethausen,BETHAUSEN,155840,C,3,684,675,9,406,397,9,0,402,4,800,394,164,238
37,TIMIS,335,0,Caminul cultural Cladova,BETHAUSEN,155840,C,3,418,413,5,235,230,5,0,233,2,500,265,78,155
37,TIMIS,336,0,Caminul cultural Cliciova,BETHAUSEN,155840,C,3,378,370,8,168,160,8,0,166,2,400,232,80,86
37,TIMIS,337,0,Scoala Cutina,BETHAUSEN,155840,C,3,275,263,12,180,168,12,0,177,3,300,120,75,102
37,TIMIS,338,0,Caminul cultural Leucusesti,BETHAUSEN,155840,C,3,397,393,4,213,208,4,1,210,3,500,287,128,82
37,TIMIS,339,0,Scoala Nevrincea,BETHAUSEN,155840,C,3,174,167,7,89,82,7,0,89,0,200,111,54,35
37,TIMIS,340,0,Sediul Primariei Biled,BILED,155911,C,3,1693,1679,14,724,710,14,0,723,1,1800,1076,324,399
37,TIMIS,341,0,Gradinita cu program prelungit Biled,BILED,155911,C,3,1342,1325,17,561,544,17,0,558,3,1500,939,234,324
37,TIMIS,342,0,Scoala Birda,BIRDA,159366,C,3,823,814,9,360,351,9,0,359,1,900,540,146,213
37,TIMIS,343,0,Scoala Manastire,BIRDA,159366,C,3,339,324,15,151,136,15,0,151,0,400,249,78,73
37,TIMIS,344,0,Scoala Singiorge,BIRDA,159366,C,3,384,379,5,195,190,5,0,193,2,400,205,79,114
37,TIMIS,345,0,Caminul cultural Barna,BARNA,155957,C,3,562,555,7,275,268,7,0,269,6,600,325,171,98
37,TIMIS,346,0,Scoala Juresti,BARNA,155957,C,3,389,380,9,205,196,9,0,205,0,400,195,129,76
37,TIMIS,347,0,Scoala Sarazani,BARNA,155957,C,3,312,302,10,151,141,10,0,150,1,400,249,55,95
37,TIMIS,348,0,Sediul primariei Bogda,BOGDA,156035,C,3,230,221,9,123,113,9,1,121,2,300,177,61,60
37,TIMIS,349,0,Caminul cultural Buzad,BOGDA,156035,C,3,169,161,8,110,102,8,0,110,0,200,90,43,67
37,TIMIS,350,0,Scoala cu clasele I - VIII  Boldur,BOLDUR,156106,C,3,514,508,6,295,286,6,3,295,0,600,305,102,193
37,TIMIS,351,0,Scoala cu clasele I - IV Jabar,BOLDUR,156106,C,3,361,352,9,227,218,9,0,224,3,400,173,120,104
37,TIMIS,352,0,Scoala cu clasele I - VIII  Ohaba - Forgaci,BOLDUR,156106,C,3,599,588,11,341,330,11,0,339,2,700,359,104,235
37,TIMIS,353,0,"Scoala cu clasele I - VIII   ""Stefan Patrut"" Sinersig",BOLDUR,156106,C,3,508,494,14,230,213,14,3,230,0,600,370,75,155
37,TIMIS,354,0,Sediul Primariei Brestovat nr.20,BRESTOVAT,156151,C,3,256,240,16,165,149,16,0,164,1,300,135,84,80
37,TIMIS,355,0,Scoala cu clasele I-IV Cosari,BRESTOVAT,156151,C,3,143,139,4,77,70,4,3,75,2,200,123,52,23
37,TIMIS,356,0,Caminul cultural Tes,BRESTOVAT,156151,C,3,228,219,9,146,136,9,1,143,3,300,154,58,85
37,TIMIS,357,0,Sediul Primariei Carpinis,CARPINIS,156213,C,3,1624,1607,17,723,702,17,4,718,5,1800,1077,311,407
37,TIMIS,358,0,Caminul cultural Carpinis,CARPINIS,156213,C,3,1495,1465,30,653,620,30,3,647,6,1600,947,315,332
37,TIMIS,359,0,Gradinita Iecea Mica,CARPINIS,156213,C,3,885,871,14,373,359,14,0,370,3,1000,627,182,188
37,TIMIS,360,0,Scoala generala Cenad,CENAD,156259,C,3,1750,1730,20,600,580,20,0,589,11,1900,1300,266,323
37,TIMIS,361,0,Scoala generala Cenad,CENAD,156259,C,3,1768,1747,21,647,626,21,0,637,10,1900,1253,301,336
37,TIMIS,362,0,Sediul Primariei Cenei nr. 134,CENEI,156277,C,3,1694,1679,15,776,738,15,23,765,11,1900,1124,343,422
37,TIMIS,363,0,Gradinita Bobda nr.52/a,CENEI,156277,C,3,640,623,17,346,329,17,0,345,1,700,354,179,166
37,TIMIS,364,0,Scoala generala Checea nr.81,CHECEA,159375,C,3,1378,1342,36,675,639,36,0,663,12,1500,825,375,288
37,TIMIS,365,0,Sediul Consiliului local Cheveresu Mare,CHEVERESU MARE,156311,C,3,858,836,22,343,321,22,0,342,1,900,557,173,169
37,TIMIS,366,0,Sediul Caminului cultural Dragsina,CHEVERESU MARE,156311,C,3,355,347,8,241,198,8,35,238,3,400,159,136,102
37,TIMIS,367,0,Scoala primara cu clasele I - IV Vucova,CHEVERESU MARE,156311,C,3,322,314,8,166,157,8,1,161,5,400,234,99,62
37,TIMIS,368,0,"Casa Nationala  ""Iulian Grozescu"" Comlosu Mare nr.605",COMLOSU MARE,156437,C,3,1543,1517,26,727,630,26,71,712,15,1700,973,451,261
37,TIMIS,369,0,Scoala generala cu clasele I-VIII Comlosu Mare nr.485,COMLOSU MARE,156437,C,3,1309,1241,68,612,544,68,0,595,17,1400,788,397,198
37,TIMIS,370,0,Biblioteca localitatii Comlosu Mic nr.219,COMLOSU MARE,156437,C,3,809,796,13,315,302,13,0,310,5,900,585,130,180
37,TIMIS,371,0,Scoala cu clasele I - IV Lunga nr. 73,COMLOSU MARE,156437,C,3,388,378,10,224,211,10,3,220,4,400,176,144,76
37,TIMIS,372,0,Caminul cultural Costeiu nr.27,COSTEIU,156473,C,3,702,688,14,358,344,14,0,357,1,800,442,148,209
37,TIMIS,373,0,Sediul Primariei Costeiu,COSTEIU,156473,C,3,1162,1132,30,585,555,30,0,580,5,1200,615,188,392
37,TIMIS,374,0,Scoala cu clasele I-IV Hezeris,COSTEIU,156473,C,3,335,323,12,207,193,12,2,206,1,400,193,120,86
37,TIMIS,375,0,Scoala cu clasele I-IV Paru,COSTEIU,156473,C,3,213,198,15,140,125,15,0,138,2,300,160,76,62
37,TIMIS,376,0,Scoala cu clasele I-VIII Tipari,COSTEIU,156473,C,3,611,602,9,284,275,9,0,280,4,699,415,92,188
37,TIMIS,377,0,Caminul cultural Criciova,CRICIOVA,156534,C,3,559,543,16,359,341,16,2,357,2,600,241,166,191
37,TIMIS,378,0,Caminul cultural Ciresu,CRICIOVA,156534,C,3,322,305,17,205,183,17,5,205,0,400,195,68,137
37,TIMIS,379,0,Caminul cultural  Jdioara,CRICIOVA,156534,C,3,474,462,12,243,231,12,0,240,3,500,257,85,155
37,TIMIS,380,0,Caminul cultural Curtea nr. 224,CURTEA,156589,C,3,602,598,4,362,358,4,0,360,2,700,338,181,179
37,TIMIS,381,0,Caminul cultural Cosava  nr.62,CURTEA,156589,C,3,482,473,9,242,233,9,0,241,1,500,258,150,91
37,TIMIS,382,0,Caminul cultural Darova,DAROVA,156623,C,3,1397,1379,18,501,483,18,0,499,2,1500,999,192,307
37,TIMIS,383,0,Caminul cultural Hodos,DAROVA,156623,C,3,311,299,12,166,154,12,0,165,1,400,234,63,102
37,TIMIS,384,0,Caminul cultural Sacosu Mare,DAROVA,156623,C,3,807,801,6,389,378,6,5,382,7,900,511,138,244
37,TIMIS,385,0,Caminul cultural Denta,DENTA,156669,C,3,1811,1797,14,786,770,14,2,774,12,2000,1214,288,486
37,TIMIS,386,0,Casa Bulgara Brestea,DENTA,156669,C,3,434,422,12,253,241,12,0,248,5,500,247,102,146
37,TIMIS,387,0,Caminul cultural Rovinita Mare,DENTA,156669,C,3,344,328,16,180,164,16,0,179,1,400,220,74,105
37,TIMIS,388,0,Caminul cultural Dudestii Noi,DUDESTII NOI,159384,C,3,1844,1811,33,885,851,33,1,879,6,2000,1115,420,459
37,TIMIS,389,0,Sala de sport a liceului din Dudestii Vechi,DUDESTII VECHI,156712,C,3,1722,1702,20,812,792,20,0,802,10,1800,988,270,532
37,TIMIS,390,0,Sala de sedinte a Consiliului local Dudestii Vechi,DUDESTII VECHI,156712,C,3,1579,1541,38,656,617,38,1,652,4,1700,1044,223,429
37,TIMIS,391,0,Caminul cultural Cheglevici,DUDESTII VECHI,156712,C,3,538,515,23,203,179,23,1,196,7,600,397,107,89
37,TIMIS,392,0,Cladirea fostei primarii Valcani,DUDESTII VECHI,156712,C,3,1050,1030,20,578,558,20,0,575,3,1100,522,371,204
37,TIMIS,393,0,Sediul Primariei Dumbrava,DUMBRAVA,156767,C,3,822,817,5,365,354,5,6,359,6,900,535,166,193
37,TIMIS,394,0,Scoala generala Bucovat,DUMBRAVA,156767,C,3,426,418,8,248,239,8,1,247,1,500,252,142,105
37,TIMIS,395,0,Scoala generala Rachita,DUMBRAVA,156767,C,3,930,924,6,388,378,6,4,384,4,1000,612,184,200
37,TIMIS,396,0,Caminul cultural Dumbravita strada Petofi nr.33,DUMBRAVITA,155261,C,3,2257,2194,63,1178,1102,63,13,1171,7,2400,1222,297,874
37,TIMIS,397,0,Caminul cultural Fibis,FIBIS,159393,C,3,1233,1213,20,590,570,20,0,583,7,1300,710,236,347
37,TIMIS,398,0,Sediul Consiliului local Firdea,FARDEA,156927,C,3,848,843,5,472,430,5,37,467,5,900,428,215,252
37,TIMIS,399,0,Caminul cultural Gladna Montana,FARDEA,156927,C,3,276,256,20,180,154,20,6,179,1,300,120,117,62
37,TIMIS,400,0,Caminul cultural Gladna Romana,FARDEA,156927,C,3,527,520,7,299,280,7,12,295,4,600,301,180,115
37,TIMIS,401,0,Foeni nr.381,FOENI,157004,C,3,961,947,14,429,415,14,0,425,4,1000,571,165,260
37,TIMIS,402,0,Cruceni nr.74,FOENI,157004,C,3,396,383,13,179,165,13,1,178,1,400,221,62,116
37,TIMIS,403,0,Sediul Primariei Gavojdia nr. 295,GAVOJDIA,157031,C,3,986,967,19,540,521,19,0,533,7,1000,460,267,266
37,TIMIS,404,0,Caminul cultural Jena,GAVOJDIA,157031,C,3,445,438,7,244,237,7,0,243,1,500,256,124,119
37,TIMIS,405,0,Caminul cultural Lugojel,GAVOJDIA,157031,C,3,538,531,7,299,292,7,0,299,0,600,301,105,194
37,TIMIS,406,0,Caminul cultural Salbagel,GAVOJDIA,157031,C,3,274,268,6,165,159,6,0,163,2,300,135,94,69
37,TIMIS,407,0,Scoala cu clasele I-VIII Ghilad,GHILAD,159400,C,3,1376,1346,30,597,567,30,0,594,3,1500,903,146,448
37,TIMIS,408,0,Caminul cultural Gad,GHILAD,159400,C,3,159,156,3,69,61,3,5,68,1,200,131,49,19
37,TIMIS,409,0,"Gradinita , Strada Victoria nr.52",GHIRODA,155289,C,3,1729,1691,38,855,817,38,0,845,10,1900,1045,223,622
37,TIMIS,410,0,"Scoala generala cu clasele I - VIII, Strada Victoria nr.41",GHIRODA,155289,C,3,1335,1276,59,681,618,59,4,675,6,1400,719,199,476
37,TIMIS,411,0,"Caminul cultural Giarmata Vii, Strada infratirii nr.91",GHIRODA,155289,C,3,1204,1156,48,672,624,48,0,666,6,1200,528,237,429
37,TIMIS,412,0,Sediul Primariei Ghizela,GHIZELA,157193,C,3,371,356,15,236,221,15,0,233,3,400,164,123,110
37,TIMIS,413,0,Caminul cultural Paniova,GHIZELA,157193,C,3,245,237,8,163,155,8,0,159,4,300,137,98,61
37,TIMIS,414,0,"Casa Nationala  ""N. Ursu"" Sanovita",GHIZELA,157193,C,3,417,408,9,332,323,9,0,329,3,500,168,211,118
37,TIMIS,415,0,"Scoala generala cu clasele I - VIII, Strada Principala nr. 439",GIARMATA,157246,C,3,1606,1580,26,648,622,26,0,643,5,1700,1052,184,459
37,TIMIS,416,0,"Caminul cultural Giarmata, Strada Morii  nr.726",GIARMATA,157246,C,3,2237,2203,34,876,842,34,0,864,12,2408,1532,256,608
37,TIMIS,417,0,"Scoala generala Cerneteaz, Strada Principala nr.90",GIARMATA,157246,C,3,749,728,21,304,283,21,0,300,4,800,496,170,130
37,TIMIS,418,0,Sediul Primariei Giera,GIERA,157273,C,3,599,592,7,295,284,7,4,294,1,696,401,192,102
37,TIMIS,419,0,Scoala primara cu clasele I - IV Graniceri,GIERA,157273,C,3,197,182,15,94,79,15,0,93,1,302,208,42,51
37,TIMIS,420,0,Scoala primara cu clasele I - IV Toager,GIERA,157273,C,3,303,287,16,172,156,16,0,171,1,302,130,109,62
37,TIMIS,421,0,Caminul cultural Giroc,GIROC,155314,C,3,1928,1894,34,949,915,34,0,939,10,2000,1051,288,651
37,TIMIS,422,0,Caminul cultural Chisoda,GIROC,155314,C,3,1607,1574,33,907,856,33,18,900,7,1700,793,293,607
37,TIMIS,423,0,Sediul Primariei Giulvaz,GIULVAZ,157317,C,3,874,863,11,344,333,11,0,344,0,900,556,166,178
37,TIMIS,424,0,Scoala generala Crai Nou,GIULVAZ,157317,C,3,383,365,18,201,183,18,0,197,4,400,199,101,96
37,TIMIS,425,0,Caminul cultural Ivanda,GIULVAZ,157317,C,3,417,410,7,172,160,7,5,172,0,500,328,102,70
37,TIMIS,426,0,Caminul cultural Rudna,GIULVAZ,157317,C,3,506,491,15,215,200,15,0,212,3,500,285,101,111
37,TIMIS,427,0,Sala de sport Gottlob nr. 433,GOTTLOB,159419,C,3,1669,1639,30,760,720,30,10,753,7,1800,1040,356,397
37,TIMIS,428,0,Scoala generala Vizejdia,GOTTLOB,159419,C,3,348,327,21,130,109,21,0,129,1,400,270,46,83
37,TIMIS,429,0,Sediul Primariei Iecea Mare nr.127 A,IECEA MARE,159428,C,3,1943,1913,30,788,758,30,0,773,15,2200,1412,429,344
37,TIMIS,430,0,Sediul Primariei Jamu Mare nr. 498,JAMU MARE,157362,C,3,1160,1146,14,554,536,14,4,550,4,1300,746,302,248
37,TIMIS,431,0,Scoala Clopodia nr.316,JAMU MARE,157362,C,3,591,577,14,269,255,14,0,269,0,600,331,129,140
37,TIMIS,432,0,Scoala Ferendia nr.246,JAMU MARE,157362,C,3,401,394,7,225,206,7,12,224,1,400,175,120,104
37,TIMIS,433,0,Caminul cultural Gherman nr.117,JAMU MARE,157362,C,3,248,238,10,167,157,10,0,164,3,300,133,75,89
37,TIMIS,434,0,Scoala Latunas nr. 138,JAMU MARE,157362,C,3,219,210,9,156,147,9,0,154,2,300,144,98,56
37,TIMIS,435,0,Casa Nationala Jebel,JEBEL,157424,C,3,1387,1362,25,670,617,25,28,664,6,1500,830,174,490
37,TIMIS,436,0,Gradinita Jebel,JEBEL,157424,C,3,1254,1220,34,647,573,34,40,639,8,1300,653,264,375
37,TIMIS,437,0,Caminul cultural Lenauheim,LENAUHEIM,157451,C,3,1436,1418,18,601,583,18,0,596,5,1608,1007,197,399
37,TIMIS,438,0,Caminul cultural Bulgarus,LENAUHEIM,157451,C,3,1587,1568,19,653,634,19,0,650,3,1700,1047,289,361
37,TIMIS,439,0,Caminul cultural Grabat,LENAUHEIM,157451,C,3,1632,1611,21,562,541,21,0,553,9,1800,1238,216,337
37,TIMIS,440,0,Caminul cultural Liebling,LIEBLING,157497,C,3,1421,1399,22,613,591,22,0,611,2,1500,887,274,337
37,TIMIS,441,0,Scoala cu clasele I-VIII Liebling,LIEBLING,157497,C,3,1113,1074,39,544,505,39,0,542,2,1100,556,234,308
37,TIMIS,442,0,Cladirea fostei Primarii din satul Cerna,LIEBLING,157497,C,3,187,173,14,93,79,14,0,93,0,200,107,52,41
37,TIMIS,443,0,Caminul cultural satul Iosif,LIEBLING,157497,C,3,238,207,31,119,88,31,0,119,0,300,181,49,70
37,TIMIS,444,0,Incinta strandului Termal Lovrin,LOVRIN,157530,C,3,1827,1808,19,688,669,19,0,682,6,2000,1312,298,384
37,TIMIS,445,0,Incinta SCDA  Lovrin,LOVRIN,157530,C,3,1317,1290,27,573,546,27,0,571,2,1400,827,253,318
37,TIMIS,446,0,Caminul cultural Margina,MARGINA,157585,C,3,1031,1009,22,506,484,22,0,503,3,1100,594,340,163
37,TIMIS,447,0,Caminul cultural Breazova,MARGINA,157585,C,3,201,190,11,149,138,11,0,148,1,300,151,101,47
37,TIMIS,448,0,Caminul cultural Costeiu de Sus,MARGINA,157585,C,3,207,197,10,101,91,10,0,101,0,300,199,55,46
37,TIMIS,449,0,Caminul cultural Grosi,MARGINA,157585,C,3,148,138,10,82,72,10,0,81,1,200,118,52,29
37,TIMIS,450,0,Caminul cultural Sintesti,MARGINA,157585,C,3,387,370,17,241,224,17,0,236,5,400,159,117,119
37,TIMIS,451,0,Sediul Primariei Masloc,MASLOC,157683,C,3,754,740,14,264,250,14,0,260,4,800,536,166,94
37,TIMIS,452,0,Scoala cu clasele I-VIII Alios,MASLOC,157683,C,3,647,625,22,341,319,22,0,337,4,700,359,140,197
37,TIMIS,453,0,Caminul cultural Remetea Mica,MASLOC,157683,C,3,413,397,16,193,177,16,0,192,1,500,307,99,93
37,TIMIS,454,0,Sediul Primariei Manastiur,MANASTIUR,157736,C,3,949,937,12,488,475,12,1,482,6,1000,512,191,291
37,TIMIS,455,0,Scoala generala Padurani,MANASTIUR,157736,C,3,86,77,9,53,44,9,0,53,0,100,47,24,29
37,TIMIS,456,0,Scoala generala Remetea Lunca,MANASTIUR,157736,C,3,341,334,7,182,175,7,0,181,1,400,218,124,57
37,TIMIS,457,0,Sediul Consiliului local Moravita nr.261,MORAVITA,157781,C,3,940,926,14,423,409,14,0,417,6,1000,577,266,151
37,TIMIS,458,0,Caminul cultural Dejan nr.115,MORAVITA,157781,C,3,206,191,15,117,102,15,0,116,1,200,83,79,37
37,TIMIS,459,0,Scoala generala Gaiu Mic nr.126,MORAVITA,157781,C,3,164,153,11,91,80,11,0,91,0,200,109,53,38
37,TIMIS,460,0,Scoala generala Stamora Germana nr.186,MORAVITA,157781,C,3,755,734,21,306,285,21,0,302,4,800,494,188,114
37,TIMIS,461,0,Caminul cultural Mosnita Noua,MOSNITA NOUA,157834,C,3,1194,1170,24,587,563,24,0,587,0,1300,713,181,406
37,TIMIS,462,0,Caminul cultural Albina,MOSNITA NOUA,157834,C,3,219,209,10,151,141,10,0,150,1,300,149,82,68
37,TIMIS,463,0,Caminul cultural Mosnita Veche,MOSNITA NOUA,157834,C,3,938,923,15,397,382,15,0,389,8,1000,603,149,240
37,TIMIS,464,0,Caminul cultural Urseni,MOSNITA NOUA,157834,C,3,904,885,19,449,430,19,0,446,3,900,451,117,329
37,TIMIS,465,0,Club muncitoresc Nadrag,NADRAG,157898,C,3,1163,1155,8,605,594,8,3,601,4,1300,695,324,277
37,TIMIS,466,0,Scoala Generala Nadrag,NADRAG,157898,C,3,1206,1195,11,624,592,11,21,619,5,1300,676,368,251
37,TIMIS,467,0,Caminul cultural Crivina,NADRAG,157898,C,3,274,264,10,206,188,10,8,206,0,300,94,143,63
37,TIMIS,468,0,Sediul primariei Nitchidorf,NITCHIDORF,157923,C,3,939,921,18,451,427,18,6,446,5,1000,549,208,238
37,TIMIS,469,0,Casa nationala Blajova,NITCHIDORF,157923,C,3,137,128,9,76,67,9,0,75,1,200,124,55,20
37,TIMIS,470,0,Caminul cultural Duboz,NITCHIDORF,157923,C,3,182,171,11,96,85,11,0,96,0,200,104,55,41
37,TIMIS,471,0,Caminul cultural Ohaba Lunga,OHABA LUNGA,157969,C,3,310,303,7,188,181,7,0,187,1,400,212,133,54
37,TIMIS,472,0,Caminul cultural Dubesti,OHABA LUNGA,157969,C,3,238,233,5,141,136,5,0,138,3,300,159,67,71
37,TIMIS,473,0,Caminul cultural Iersnic,OHABA LUNGA,157969,C,3,172,164,8,121,113,8,0,120,1,200,79,81,39
37,TIMIS,474,0,Caminul cultural Ohaba Romana,OHABA LUNGA,157969,C,3,228,217,11,202,191,11,0,200,2,300,98,132,68
37,TIMIS,475,0,Caminul cultural Ortisoara nr.266,ORTISOARA,158010,C,3,1810,1797,13,849,835,13,1,840,9,1900,1051,320,520
37,TIMIS,476,0,Caminul cultural Calacea nr.290,ORTISOARA,158010,C,3,533,523,10,248,238,10,0,244,4,600,352,115,129
37,TIMIS,477,0,Scoala generala Cornesti nr.93,ORTISOARA,158010,C,3,423,416,7,211,199,7,5,210,1,500,289,62,148
37,TIMIS,478,0,Caminul cultural Seceani nr.100,ORTISOARA,158010,C,3,446,431,15,249,234,15,0,246,3,500,251,161,85
37,TIMIS,479,0,Sediul primariei Parta nr.282,PARTA,159437,C,3,1267,1240,27,619,592,27,0,612,7,1300,681,309,303
37,TIMIS,480,0,Casa Nationala Padureni,PADURENI,159446,C,3,1210,1192,18,558,502,18,38,549,9,1300,742,224,325
37,TIMIS,481,0,S.C PETIM S.A.Peciu Nou,PECIU NOU,158065,C,3,1523,1487,36,635,597,36,2,629,6,1600,965,269,360
37,TIMIS,482,0,S.A. OGORUL Peciu Nou,PECIU NOU,158065,C,3,1075,1045,30,505,475,30,0,501,4,1100,595,182,319
37,TIMIS,483,0,S.A. AGROPRODUCT Dinias,PECIU NOU,158065,C,3,743,722,21,358,336,21,1,357,1,800,442,138,219
37,TIMIS,484,0,Scoala cu clasele I-VIII Sinmartinu Sirbesc,PECIU NOU,158065,C,3,756,750,6,320,314,6,0,317,3,801,481,120,197
37,TIMIS,485,0,Caminul cultural Periam,PERIAM,158109,C,3,2092,2069,23,866,843,23,0,860,6,2200,1334,377,483
37,TIMIS,486,0,Scoala generala Periam,PERIAM,158109,C,3,1835,1808,27,725,698,27,0,723,2,1900,1175,314,409
37,TIMIS,487,0,Scoala generala Pesac,PERIAM,158109,C,3,1550,1530,20,779,749,20,10,770,9,1600,821,522,248
37,TIMIS,488,0,Caminul cultural Pietroasa,PIETROASA,158136,C,3,288,280,8,224,214,8,2,217,7,300,76,144,73
37,TIMIS,489,0,Caminul cultural Crivina de Sus,PIETROASA,158136,C,3,158,150,8,106,96,8,2,103,3,200,94,78,25
37,TIMIS,490,0,Caminul cultural Farasesti,PIETROASA,158136,C,3,197,192,5,139,134,5,0,138,1,200,61,89,49
37,TIMIS,491,0,Caminul cultural Poieni,PIETROASA,158136,C,3,232,224,8,186,174,8,4,182,4,300,114,141,41
37,TIMIS,492,0,Sediul Primariei Pischia nr.261,PISCHIA,158181,C,3,947,926,21,404,380,21,3,399,5,1000,596,127,272
37,TIMIS,493,0,Scoala generala cu clasele I - VIII  Bencecu de Sus nr.125,PISCHIA,158181,C,3,671,655,16,342,325,16,1,336,6,700,358,127,209
37,TIMIS,494,0,Scoala generala cu clasele I-IV Bencecu de Jos,PISCHIA,158181,C,3,311,309,2,174,164,2,8,173,1,400,226,93,80
37,TIMIS,495,0,Gradinita P.N. Murani nr. 384,PISCHIA,158181,C,3,365,358,7,184,174,7,3,182,2,400,216,58,124
37,TIMIS,496,0,Scoala generala Racovita,RACOVITA,158243,C,3,753,738,15,435,420,15,0,433,2,800,365,210,223
37,TIMIS,497,0,Scoala generala Capat,RACOVITA,158243,C,3,227,219,8,128,119,8,1,128,0,300,172,50,78
37,TIMIS,498,0,Scoala generala Dragoesti,RACOVITA,158243,C,3,351,335,16,170,154,16,0,168,2,400,230,93,75
37,TIMIS,499,0,Scoala generala Ficatari,RACOVITA,158243,C,3,348,335,13,184,171,13,0,181,3,400,216,100,81
37,TIMIS,500,0,Scoala generala Hitias,RACOVITA,158243,C,3,651,647,4,345,334,4,7,343,2,700,355,155,188
37,TIMIS,501,0,Scoala generala Sarbova,RACOVITA,158243,C,3,231,223,8,133,121,8,4,133,0,300,167,86,47
37,TIMIS,502,0,Scoala generala cu clasele I - VIII  Remetea Mare,REMETEA MARE,158396,C,3,1046,1027,19,520,501,19,0,519,1,1100,580,180,339
37,TIMIS,503,0,Scoala Bazosu Nou,REMETEA MARE,158396,C,3,208,196,12,157,145,12,0,156,1,300,143,79,77
37,TIMIS,504,0,Caminul cultural Bucovat,REMETEA MARE,158396,C,3,802,784,18,412,394,18,0,406,6,900,488,168,238
37,TIMIS,505,0,Scoala generala cu clasele I - VIII  Ianova,REMETEA MARE,158396,C,3,632,618,14,334,320,14,0,331,3,700,366,131,200
37,TIMIS,506,0,Caminul cultural Sacosu Turcesc,SACOSU TURCESC,158449,C,3,638,631,7,263,256,7,0,262,1,700,437,78,184
37,TIMIS,507,0,Scoala primara cu clasele I-IV Berini,SACOSU TURCESC,158449,C,3,370,362,8,150,142,8,0,148,2,400,250,91,57
37,TIMIS,508,0,Scoala primara cu clasele I-IV Icloda,SACOSU TURCESC,158449,C,3,211,206,5,102,97,5,0,101,1,300,198,52,49
37,TIMIS,509,0,Scoala primara cu clasele I-IV Otvesti,SACOSU TURCESC,158449,C,3,237,227,10,109,99,10,0,108,1,300,191,64,44
37,TIMIS,510,0,Scoala primara cu clasele I-IV Stamora Romana,SACOSU TURCESC,158449,C,3,228,221,7,100,93,7,0,99,1,300,200,33,66
37,TIMIS,511,0,Scoala generala cu clasele I - VIII  Uliuc,SACOSU TURCESC,158449,C,3,495,480,15,243,228,15,0,240,3,500,257,85,155
37,TIMIS,512,0,Caminul cultural Unip,SACOSU TURCESC,158449,C,3,220,198,22,114,91,22,1,112,2,300,186,54,58
37,TIMIS,513,0,Scoala generala cu clasele I - VIII Saravale,SARAVALE,159455,C,3,1864,1847,17,840,823,17,0,830,10,2000,1160,334,496
37,TIMIS,514,0,Scoala generala cu clasele I - VIII  Satchinez,SATCHINEZ,158528,C,3,2199,2174,25,903,878,25,0,895,8,2300,1397,423,472
37,TIMIS,515,0,Scoala primara  cu clasele I - IV Barateaz,SATCHINEZ,158528,C,3,488,466,22,273,251,22,0,273,0,500,227,110,163
37,TIMIS,516,0,Scoala generala  cu clasele I - VIII Hodoni,SATCHINEZ,158528,C,3,892,869,23,457,434,23,0,454,3,900,443,183,271
37,TIMIS,517,0,"Scoala generala cu clasele I - VIII   Sacalaz, str. a IV-a",SACALAZ,158564,C,3,1642,1622,20,626,606,20,0,618,8,1800,1174,206,412
37,TIMIS,518,0,"Caminul cultural Sacalaz, str. a IV-a nr.369",SACALAZ,158564,C,3,1443,1423,20,445,425,20,0,444,1,1600,1155,137,307
37,TIMIS,519,0,"Caminul cultural Beregsau Mare, str. Principala",SACALAZ,158564,C,3,1360,1340,20,575,554,20,1,569,6,1500,925,190,379
37,TIMIS,520,0,"Scoala generala Beregsau Mic, str. Principala",SACALAZ,158564,C,3,603,581,22,241,219,22,0,238,3,600,359,112,126
37,TIMIS,521,0,Sediul Primariei Secas,SECAS,158608,C,3,306,292,14,156,142,14,0,156,0,300,144,103,53
37,TIMIS,522,0,Sediul Primariei Sinandrei Str. Principala nr.516,SANANDREI,158653,C,3,1332,1303,29,594,563,29,2,589,5,1400,806,154,435
37,TIMIS,523,0,Scoala generala Sinandrei Str. Principala nr.515,SANANDREI,158653,C,3,1233,1207,26,565,538,26,1,562,3,1300,735,151,411
37,TIMIS,524,0,Gradinita Carani,SANANDREI,158653,C,3,1466,1443,23,663,639,23,1,661,2,1600,937,208,453
37,TIMIS,525,0,Caminul cultural Covaci,SANANDREI,158653,C,3,568,542,26,345,319,26,0,341,4,600,255,117,224
37,TIMIS,526,0,Sediul Primariei Sinmihaiu Roman nr.1,SANMIHAIU ROMAN,158699,C,3,1450,1429,21,551,530,21,0,551,0,1600,1049,208,343
37,TIMIS,527,0,Gradinita Sinmihaiu German nr.158,SANMIHAIU ROMAN,158699,C,3,562,544,18,276,258,18,0,276,0,600,324,99,177
37,TIMIS,528,0,Scoala generala cu clasele I-VIII Utvin nr.92,SANMIHAIU ROMAN,158699,C,3,1451,1428,23,693,670,23,0,689,4,1500,807,250,439
37,TIMIS,529,0,Sediul Primariei Sanpetru Mare nr.1,SANPETRU MARE,158733,C,3,1696,1669,27,715,688,27,0,705,10,1800,1085,330,375
37,TIMIS,530,0,Caminul cultural Igris nr.338,SANPETRU MARE,158733,C,3,905,894,11,371,360,11,0,365,6,1000,629,175,190
37,TIMIS,531,0,Caminul cultural Sag,SAG,158779,C,3,2240,2215,25,1088,1061,25,2,1081,7,2400,1312,321,760
37,TIMIS,532,0,Scoala generala cu clasele I-VIII Sandra,SANDRA,159464,C,3,1756,1721,35,762,727,35,0,758,4,1800,1038,341,417
37,TIMIS,533,0,Scoala primara cu clasele I-IV Uihei,SANDRA,159464,C,3,403,388,15,159,144,15,0,156,3,400,241,67,89
37,TIMIS,534,0,Caminul cultural Stiuca nr.112,STIUCA,158804,C,3,590,581,9,300,290,9,1,297,3,600,300,119,178
37,TIMIS,535,0,Casa sateasca Dragomiresti nr.29,STIUCA,158804,C,3,274,269,5,135,130,5,0,134,1,300,165,43,91
37,TIMIS,536,0,Caminul cultural Olosag nr.119,STIUCA,158804,C,3,211,204,7,126,119,7,0,126,0,300,174,49,77
37,TIMIS,537,0,Caminul cultural Zgribesti nr.141,STIUCA,158804,C,3,227,220,7,117,109,7,1,117,0,300,183,68,49
37,TIMIS,538,0,Centrul cultural Teremia Mare nr.74,TEREMIA MARE,158859,C,3,2069,2039,30,849,818,30,1,840,9,2200,1351,466,374
37,TIMIS,539,0,Scoala generala cu clasele I-VIII Nerau,TEREMIA MARE,158859,C,3,863,845,18,431,412,18,1,428,3,900,469,271,157
37,TIMIS,540,0,Caminul cultural Teremia Mica nr.293,TEREMIA MARE,158859,C,3,511,489,22,207,185,22,0,203,4,600,393,159,44
37,TIMIS,541,0,Casa de cultura Colonia Fabricii,TOMESTI,158895,C,3,775,770,5,387,382,5,0,384,3,800,413,201,183
37,TIMIS,542,0,Scoala Tomesti Sat,TOMESTI,158895,C,3,310,305,5,189,184,5,0,186,3,400,211,94,92
37,TIMIS,543,0,Scoala Balosesti,TOMESTI,158895,C,3,129,120,9,93,84,9,0,91,2,200,107,71,20
37,TIMIS,544,0,Scoala Luncanii de Jos,TOMESTI,158895,C,3,365,361,4,198,194,4,0,195,3,400,202,117,78
37,TIMIS,545,0,Scoala Romanesti,TOMESTI,158895,C,3,517,512,5,274,269,5,0,270,4,600,326,158,112
37,TIMIS,546,0,Scoala generala Tomnatic,TOMNATIC,159473,C,3,1620,1600,20,699,676,20,3,692,7,1700,1001,286,406
37,TIMIS,547,0,Gradinita Tomnatic,TOMNATIC,159473,C,3,1100,1077,23,516,493,23,0,514,2,1207,691,238,276
37,TIMIS,548,0,Sediul Primariei Topolovatu Mare,TOPOLOVATU MARE,158966,C,3,950,926,24,500,475,24,1,497,3,1008,508,167,330
37,TIMIS,549,0,Sediul fostuui CAP Cralovat,TOPOLOVATU MARE,158966,C,3,157,146,11,86,75,11,0,85,1,200,114,48,37
37,TIMIS,550,0,Sediul fostuui CAP Ictar - Budinti,TOPOLOVATU MARE,158966,C,3,374,359,15,180,165,15,0,178,2,400,220,45,133
37,TIMIS,551,0,Sediul S.C.A. Iositim Iosifalau,TOPOLOVATU MARE,158966,C,3,417,408,9,216,207,9,0,215,1,500,284,95,120
37,TIMIS,552,0,Caminul cultural Sustra,TOPOLOVATU MARE,158966,C,3,368,354,14,163,149,14,0,159,4,400,237,58,101
37,TIMIS,553,0,Caminul cultural Tormac,TORMAC,159035,C,3,1258,1242,16,487,471,16,0,484,3,1300,813,212,272
37,TIMIS,554,0,Caminul cultural Cadar,TORMAC,159035,C,3,221,214,7,117,110,7,0,117,0,300,183,66,51
37,TIMIS,555,0,Caminul cultural Sipet,TORMAC,159035,C,3,616,609,7,313,303,7,3,309,4,700,387,201,108
37,TIMIS,556,0,Caminul cultural Traian Vuia,TRAIAN VUIA,159071,C,3,354,349,5,231,216,5,10,230,1,400,169,92,138
37,TIMIS,557,0,Caminul cultural Saceni,TRAIAN VUIA,159071,C,3,170,162,8,127,114,8,5,125,2,200,73,63,62
37,TIMIS,558,0,"Telecentrul ""Traian Vuia"" Sudrias",TRAIAN VUIA,159071,C,3,621,616,5,271,262,5,4,269,2,700,429,127,142
37,TIMIS,559,0,Caminul cultural Surducul Mic,TRAIAN VUIA,159071,C,3,304,298,6,170,163,6,1,169,1,400,230,72,97
37,TIMIS,560,0,Caminul cultural Susani,TRAIAN VUIA,159071,C,3,306,299,7,152,145,7,0,151,1,400,248,66,85
37,TIMIS,561,0,Scoala generala Uivar,UIVAR,159142,C,3,1119,1102,17,373,356,17,0,364,9,1200,827,196,168
37,TIMIS,562,0,Sediul administrativ al fostului IAS Ionel,UIVAR,159142,C,3,704,697,7,262,255,7,0,260,2,800,538,136,124
37,TIMIS,563,0,Scoala generala Otelec,UIVAR,159142,C,3,656,639,17,250,233,17,0,247,3,700,450,117,130
37,TIMIS,564,0,Scoala generala Pustinis,UIVAR,159142,C,3,504,493,11,260,249,11,0,259,1,500,240,161,98
37,TIMIS,565,0,Sediul administrativ al fostului CAP Rauti,UIVAR,159142,C,3,380,372,8,187,178,8,1,184,3,400,213,99,85
37,TIMIS,566,0,Scoala generala Sinmartinul Maghiar,UIVAR,159142,C,3,203,187,16,95,79,16,0,92,3,200,105,61,31
37,TIMIS,567,0,Caminul cultural Varias,VARIAS,159213,C,3,2089,2062,27,841,802,27,12,831,10,2200,1359,374,457
37,TIMIS,568,0,Sediul Primariei Varias,VARIAS,159213,C,3,1299,1279,20,516,495,20,1,513,3,1400,884,216,297
37,TIMIS,569,0,Caminul cultural Gelu,VARIAS,159213,C,3,1108,1095,13,555,542,13,0,551,4,1200,645,236,315
37,TIMIS,570,0,Scoala primara cu clasele I-IV Sinpetru Mic,VARIAS,159213,C,3,399,386,13,144,131,13,0,141,3,400,256,37,104
37,TIMIS,571,0,Sediul Primariei V.V. Delamarina nr.127,VICTOR VLAD DELAMARINA,159259,C,3,382,372,10,280,255,10,15,277,3,400,120,178,99
37,TIMIS,572,0,Caminul cultural Herendesti nr.20,VICTOR VLAD DELAMARINA,159259,C,3,390,380,10,327,310,10,7,325,2,400,73,163,162
37,TIMIS,573,0,Scoala cu clasele I-IV Honorici nr.164,VICTOR VLAD DELAMARINA,159259,C,3,277,269,8,217,193,8,16,205,12,300,83,127,78
37,TIMIS,574,0,Fosta Scoala Padureni nr.68,VICTOR VLAD DELAMARINA,159259,C,3,200,190,10,148,138,10,0,146,2,200,52,102,44
37,TIMIS,575,0,Scoala cu clasele I-IV Pietroasa Mare nr.118,VICTOR VLAD DELAMARINA,159259,C,3,673,651,22,436,414,22,0,433,3,700,264,321,112
37,TIMIS,576,0,Scoala cu clasele I-IV Visag nr.320,VICTOR VLAD DELAMARINA,159259,C,3,316,305,11,204,193,11,0,195,9,400,196,135,60
37,TIMIS,577,0,Caminul cultural Voiteg,VOITEG,159339,C,3,1497,1488,9,717,701,9,7,707,10,1700,983,238,469
37,TIMIS,578,0,Scoala generala Folea,VOITEG,159339,C,3,400,391,9,185,176,9,0,183,2,400,215,93,90
38,TULCEA,1,0,"COLEGIUL DOBROGEAN"" SPIRU C.HARET"" -STR. 14 NOIEMBRIE NR.24",MUNICIPIUL TULCEA,159614,M,1,1898,1871,27,1046,1016,27,3,1033,13,2017,971,346,687
38,TULCEA,2,0,"SCOALA GENERALA "" NIFON BALASESCU"" STR. NICOLAE BALCESCU NR.43(LOCAL NOU)",MUNICIPIUL TULCEA,159614,M,1,2336,2317,19,1266,1247,19,0,1255,11,2502,1236,425,830
38,TULCEA,3,0,"SCOALA GENERALA "" NIFON BALASESCU"" STR. NICOLAE BALCESCU NR 43 (LOCAL NOU)",MUNICIPIUL TULCEA,159614,M,1,2347,2319,28,1316,1287,28,1,1303,13,2502,1186,434,869
38,TULCEA,4,0,SCOALA GENERALA NR. 3 STR. AVRAM IANCU NR 61 A,MUNICIPIUL TULCEA,159614,M,1,2604,2574,30,1404,1372,30,2,1388,16,2809,1405,488,900
38,TULCEA,5,0,SCOALA GENERALA NR. 9 STR. MAHMUDIEI NR 123,MUNICIPIUL TULCEA,159614,M,1,2538,2517,21,1375,1354,21,0,1359,16,2702,1327,427,932
38,TULCEA,6,0,"LICEUL DE ARTA "" GEORGE GEORGESCU"" STR. GAVRILOV CORNELIU NR 166",MUNICIPIUL TULCEA,159614,M,1,2192,2161,31,1259,1226,31,2,1258,1,2302,1043,362,896
38,TULCEA,7,0,SCOALA GENERALA NR 11 STR. MIRON COSTIN NR 57,MUNICIPIUL TULCEA,159614,M,1,2551,2520,31,1398,1366,31,1,1384,14,2702,1304,477,907
38,TULCEA,8,0,LICEUL DE ARTA STR. MIRON COSTIN NR 24A (FOSTA GRADINITA NR 16),MUNICIPIUL TULCEA,159614,M,1,2254,2223,31,1203,1172,31,0,1192,11,2408,1205,377,815
38,TULCEA,9,0,"SCOALA GENERALA ""I.L. CARAGIALE"" STR. I.L.CARAGIALE NR 20(fosta Scoala NR.4)",MUNICIPIUL TULCEA,159614,M,1,2817,2792,25,1412,1387,25,0,1401,10,3002,1591,427,974
38,TULCEA,10,0,"SCOALA GENERALA ""I.L.CARAGIALE"" STR. I.L.CARAGIALE NR 20 (fosta Scoala Nr.4)",MUNICIPIUL TULCEA,159614,M,1,2794,2764,30,1422,1392,30,0,1415,7,3002,1580,472,943
38,TULCEA,11,0,GRADINITA DE COPII NR.13 STR.ALEEA TRIFOIULUI NR 4,MUNICIPIUL TULCEA,159614,M,1,2346,2304,42,1172,1129,42,1,1153,19,2558,1386,400,753
38,TULCEA,12,0,"LICEUL DE ARTA ""GEORGE GEORGESCU"" STR.CORNELIU GAVRILOV NR. 166",MUNICIPIUL TULCEA,159614,M,1,1582,1564,18,903,885,18,0,902,1,1700,797,320,582
38,TULCEA,13,0,GRADINITA DE COPII NR 12 STR. 24 IANUARIE NR.2,MUNICIPIUL TULCEA,159614,M,1,1976,1961,15,1142,1118,15,9,1136,6,2108,966,325,811
38,TULCEA,14,0,LICEUL PEDAGOGIC STR. COMERTULUI NR.1 (fosta Scoala Normala),MUNICIPIUL TULCEA,159614,M,1,2555,2516,39,1259,1220,39,0,1257,2,2752,1493,339,918
38,TULCEA,15,0,SCOLA GENERALA NR 2 STR. BABADAG NR.138,MUNICIPIUL TULCEA,159614,M,1,2585,2560,25,1447,1421,25,1,1443,4,2802,1355,411,1032
38,TULCEA,16,0,SCOALA GENERALA NR 5 STR. BABADAG NR.146,MUNICIPIUL TULCEA,159614,M,1,2586,2556,30,1403,1373,30,0,1399,4,2802,1399,358,1041
38,TULCEA,17,0,LICEUL TEOLOGIC STR.TOAMNEI NR.7,MUNICIPIUL TULCEA,159614,M,1,2233,2218,15,1304,1214,15,75,1296,8,2402,1098,379,917
38,TULCEA,18,0,PRIMARIA MUN. TULCEA DIRECTIA SERVICII PUBLICE STR.PROGRESULUI NR.26,MUNICIPIUL TULCEA,159614,M,1,2048,2027,21,1271,1243,21,7,1267,4,2213,942,461,806
38,TULCEA,19,0,"SCOALA ""GRIGORE ANTIPA"" STR.VICTORIEI NR.66 (FOSTA Scoala Generala NR.6)",MUNICIPIUL TULCEA,159614,M,1,2507,2482,25,1433,1408,25,0,1428,5,2700,1267,440,988
38,TULCEA,20,0,"SCOALA ""MIHAIL SADOVEANU"" STR.LIBERTATII NR.78 (fosta Scoala Generala Nr.7)",MUNICIPIUL TULCEA,159614,M,1,1684,1631,53,1000,925,53,22,997,3,1802,802,298,699
38,TULCEA,21,0,"SCOALA ""ALEXANDRU CIUCURENCU"" STR.VICTORIEI NR.101 (fosta Scoala Generala Nr.10)",MUNICIPIUL TULCEA,159614,M,1,1352,1337,15,698,676,15,7,693,5,1547,849,189,504
38,TULCEA,22,0,"SCOALA ""ALEXANDRU CIUCURENCU"" STR.VICTORIEI NR.101 (fosta Scoala Generala Nr.10)",MUNICIPIUL TULCEA,159614,M,1,2272,2248,24,1210,1186,24,0,1208,2,2431,1221,371,837
38,TULCEA,23,0,"SCOALA GENERALA ""CONSTANTIN GAVENEA"" STR.1848 NR.29 (Cartier E3)",MUNICIPIUL TULCEA,159614,M,1,2345,2326,19,1281,1262,19,0,1263,18,2602,1321,285,978
38,TULCEA,24,0,"SCOALA GENERALA ""CONSTANTIN GAVENEA"" STR.1848 NR.29 (Cartier E3)",MUNICIPIUL TULCEA,159614,M,1,2466,2426,40,1385,1343,40,2,1376,9,2602,1217,319,1057
38,TULCEA,25,0,GRADINITA DE COPII NR.22 STR.ALEEA SOCULUI BL.2 PARTER,MUNICIPIUL TULCEA,159614,M,1,2114,2086,28,1208,1178,28,2,1203,5,2317,1109,292,911
38,TULCEA,26,0,"LICEUL ""GRIGORE MOISIL"" STR.1848 NR.7",MUNICIPIUL TULCEA,159614,M,1,2665,2635,30,1391,1361,30,0,1388,3,2802,1411,381,1007
38,TULCEA,27,0,SCOALA GENERALA NR.12 STR.1848 NR.5A,MUNICIPIUL TULCEA,159614,M,1,1419,1395,24,759,735,24,0,753,6,1502,743,226,527
38,TULCEA,28,0,SCOALA GENERALA NR.12 STR.1848 NR.5A,MUNICIPIUL TULCEA,159614,M,1,1643,1624,19,776,757,19,0,774,2,1800,1024,193,581
38,TULCEA,29,0,FUNDATIA PENTRU TINERET STR.ISACCEI NR.24,MUNICIPIUL TULCEA,159614,M,1,1787,1755,32,905,872,32,1,901,4,1902,997,241,660
38,TULCEA,30,0,GRADINITA DE COPII NR.17 STR.ALEEA STEJARULUI NR.12 (Microraion E2),MUNICIPIUL TULCEA,159614,M,1,1875,1865,10,985,975,10,0,975,10,2126,1141,257,718
38,TULCEA,31,0,GRADINITA DE COPII NR.17 STR.ALEEA STEJARULUI NR.12,MUNICIPIUL TULCEA,159614,M,1,1804,1781,23,803,780,23,0,799,4,1917,1114,194,605
38,TULCEA,32,0,"GRUPUL TEHNIC ""HENRI COANDA"" STR.TINERETULUI NR.2",MUNICIPIUL TULCEA,159614,M,1,1841,1818,23,1018,995,23,0,1016,2,1929,911,292,724
38,TULCEA,33,0,BIBLIOTECA JUDETEANA STR.ISACCEI NR.20,MUNICIPIUL TULCEA,159614,M,1,1622,1601,21,2079,881,21,1177,2067,12,2711,632,604,1463
38,TULCEA,34,0,COLEGIUL ECONOMIC DELTA DUNARII STR.TABEREI NR.32,MUNICIPIUL TULCEA,159614,M,1,2483,2455,28,1288,1260,28,0,1281,7,2602,1314,360,921
38,TULCEA,35,0,"GRUP SCOLAR ""ANGHEL SALIGNY"" STR.TABEREI NR.101",MUNICIPIUL TULCEA,159614,M,1,1691,1657,34,848,814,34,0,844,4,1718,870,247,597
38,TULCEA,36,0,CASA DE CULTURA STR.PIATA INDEPENDENTEI NR.1,MUNICIPIUL TULCEA,159614,M,1,2178,2149,29,1230,1192,29,9,1223,7,1902,672,342,881
38,TULCEA,37,1,SPITALUL JUDETEAN STR.1848 NR.20,MUNICIPIUL TULCEA,159614,M,1,10,0,10,448,0,10,438,439,9,606,158,184,255
38,TULCEA,38,1,CASA ARMATEI STR.PROGRESULUI NR.22,MUNICIPIUL TULCEA,159614,M,1,11,0,11,327,0,11,316,316,11,502,175,120,196
38,TULCEA,39,0,"GRUP SCOLAR ""DIMITRIE CANTEMIR"" STR.AUREL VLAICU NR.3",ORAS BABADAG,159650,O,1,1715,1704,11,1042,818,11,213,1024,18,1827,785,398,626
38,TULCEA,40,0,"SCOALA GENERALA NR.1 ""MIRCEA CEL BATRAN"" STR.CABANEI NR.6",ORAS BABADAG,159650,O,1,1689,1675,14,882,868,14,0,874,8,1845,963,296,578
38,TULCEA,41,0,SCOALA GENERALA NR.2 STR.REPUBLICII NR.142,ORAS BABADAG,159650,O,1,1212,1203,9,617,608,9,0,610,7,1307,690,287,323
38,TULCEA,42,0,"SCOALA GENERALA NR.3 ""CONSTANTIN BRANCOVEANU"" STR.HERACLEEA NR.15",ORAS BABADAG,159650,O,1,1148,1137,11,479,457,11,11,453,26,1202,723,225,228
38,TULCEA,43,0,S.C AGROMEC SA STR.CIUCUROVEI NR.8,ORAS BABADAG,159650,O,1,1071,1065,6,537,530,6,1,532,5,1170,633,208,324
38,TULCEA,44,0,SEDIUL PROTECTIA CIVILA STR.HERACLEEA NR.3,ORAS BABADAG,159650,O,1,1098,1090,8,576,544,8,24,564,12,1202,626,214,350
38,TULCEA,45,1,CENTRUL DE INGRIJIRE SI ASISTENTA STR.HERACLLEA NR.47,ORAS BABADAG,159650,O,1,22,0,22,142,0,22,120,128,14,300,158,72,56
38,TULCEA,46,0,CASA DE CULTURA,ORAS ISACCEA,159687,O,1,1931,1925,6,1187,1053,6,128,1172,15,2136,949,440,732
38,TULCEA,47,0,"GRUP SCOLAR ""C.BRATESCU""",ORAS ISACCEA,159687,O,1,1815,1810,5,945,940,5,0,936,9,1928,983,377,559
38,TULCEA,48,0,SCOALA GENERALA REVARSAREA,ORAS ISACCEA,159687,O,1,476,458,18,259,241,18,0,256,3,510,251,159,97
38,TULCEA,49,0,SPITALUL TICHILESTI,ORAS ISACCEA,159687,O,1,29,6,23,29,6,23,0,29,0,102,73,10,19
38,TULCEA,50,0,"SCOALA ""GHEORGHE BANEA"" STR.FLORILOR NR.35",ORAS MACIN,159730,O,1,2297,2289,8,1117,1089,8,20,1108,9,2502,1385,472,636
38,TULCEA,51,0,GRADINITA NR.3 STR.VANATORI NR.3,ORAS MACIN,159730,O,1,2056,2032,24,1068,999,24,45,1061,7,2202,1134,464,597
38,TULCEA,52,0,SCOALA NR.1 STR. GRIVITEI NR.11,ORAS MACIN,159730,O,1,1709,1694,15,819,804,15,0,816,3,1902,1083,328,488
38,TULCEA,53,0,SCOALA NR.1 STR. GRIVITEI NR.11,ORAS MACIN,159730,O,1,1578,1561,17,853,704,17,132,847,6,1702,849,355,492
38,TULCEA,54,0,"LICEUL ""GHEORGHE MURGOCI"" STR.CETATII NR.19",ORAS MACIN,159730,O,1,1923,1896,27,945,918,27,0,936,9,2102,1157,504,432
38,TULCEA,55,0,STRADA I NR.185,ORAS SULINA,159767,O,1,1232,1223,9,731,704,9,18,725,6,1302,571,295,430
38,TULCEA,56,0,STR.INDEPENDENTEI NR.128 ZONA PROSPECT,ORAS SULINA,159767,O,1,284,275,9,177,167,9,1,177,0,302,125,73,104
38,TULCEA,57,0,"LICEUL TEORETIC ""JEAN BART"" STR. A-II-A NR.338",ORAS SULINA,159767,O,1,1250,1208,42,873,672,42,159,868,5,1302,429,357,511
38,TULCEA,58,0,PRIMARIA SULINA STR. I-A NR.180,ORAS SULINA,159767,O,1,1229,1221,8,759,736,8,15,752,7,1402,643,302,450
38,TULCEA,59,0,SCOALA GENERALA NR.1 BAIA,BAIA,159785,C,3,2296,2291,5,1402,1306,5,91,1385,17,2502,1100,669,716
38,TULCEA,60,0,SCOALA GENERALA CAMENA,BAIA,159785,C,3,389,383,6,231,222,6,3,226,5,402,171,89,137
38,TULCEA,61,0,SCOALA GENERALA CAUGAGIA,BAIA,159785,C,3,182,173,9,128,119,9,0,123,5,202,74,54,69
38,TULCEA,62,0,SCOALA GENERALA CEAMURLIA DE SUS,BAIA,159785,C,3,671,667,4,290,286,4,0,288,2,702,412,80,208
38,TULCEA,63,0,SCOALA GENERALA PANDURU,BAIA,159785,C,3,355,343,12,158,146,12,0,154,4,383,225,92,62
38,TULCEA,64,0,SEDIU CONSILIUL LOCAL BEIDAUD,BEIDAUD,159847,C,3,464,464,0,333,276,0,57,331,2,502,169,150,181
38,TULCEA,65,0,CAMIN CULTURAL NEATARNAREA,BEIDAUD,159847,C,3,430,430,0,306,258,0,48,304,2,502,196,184,120
38,TULCEA,66,0,SCOALA SARIGHIOL DE DEAL,BEIDAUD,159847,C,3,437,429,8,251,207,8,36,247,4,502,251,169,78
38,TULCEA,67,0,SCOALA BESTEPE,BESTEPE,161552,C,3,1591,1582,9,868,809,9,50,857,11,1702,834,479,378
38,TULCEA,68,0,SCOALA BALTENII DE JOS,BESTEPE,161552,C,3,47,38,9,72,38,9,25,71,1,100,28,24,47
38,TULCEA,69,0,SCOALA GENERALA C.A.ROSETTI,C.A. ROSETTI,159883,C,3,294,291,3,156,113,3,40,156,0,302,146,59,97
38,TULCEA,70,0,SCOALA GENERALA LETEA,C.A. ROSETTI,159883,C,3,296,265,31,192,141,31,20,188,4,302,110,35,153
38,TULCEA,71,0,SCOALA GENERALA PERIPRAVA,C.A. ROSETTI,159883,C,3,231,221,10,197,149,10,38,195,2,302,105,56,139
38,TULCEA,72,0,SCOALA GENERALA SFISTOFCA,C.A. ROSETTI,159883,C,3,117,109,8,81,60,8,13,79,2,202,121,36,43
38,TULCEA,73,0,SCOALA GENERALA CARCALIU,CARCALIU,159945,C,3,1649,1649,0,654,654,0,0,652,2,1802,1148,382,270
38,TULCEA,74,0,SCOALA GENERALA CARCALIU,CARCALIU,159945,C,3,1366,1361,5,626,541,5,80,613,13,1500,874,348,265
38,TULCEA,75,0,SCOALA GENERALA CASIMCEA,CASIMCEA,159963,C,3,1176,1169,7,632,560,7,65,626,6,1202,570,427,199
38,TULCEA,76,0,SCOALA GENERALA CISMEAUA NOUA,CASIMCEA,159963,C,3,69,65,4,53,40,4,9,51,2,102,49,45,6
38,TULCEA,77,0,SCOALA GENERALA CORUGEA,CASIMCEA,159963,C,3,330,325,5,268,216,5,47,267,1,409,141,221,46
38,TULCEA,78,0,SCOALA GENERALA RAHMANU,CASIMCEA,159963,C,3,248,243,5,188,147,5,36,173,15,302,114,122,51
38,TULCEA,79,0,SCOALA GENERALA RAZBOIENI,CASIMCEA,159963,C,3,555,547,8,324,280,8,36,323,1,602,278,210,113
38,TULCEA,80,0,SCOALA GENERALA CEAMURILA DE JOS,CEAMURLIA DE JOS,160092,C,3,1038,1026,12,540,528,12,0,535,5,1102,562,285,250
38,TULCEA,81,0,SCOALA GENERALA LUNCA,CEAMURLIA DE JOS,160092,C,3,1062,1055,7,553,503,7,43,545,8,1202,649,313,232
38,TULCEA,82,0,SCOALA GENERALA CEATALCHIOI,CEATALCHIOI,160047,C,3,356,347,9,173,164,9,0,170,3,402,229,88,82
38,TULCEA,83,0,SCOALA GENERALA PATLAGEANCA,CEATALCHIOI,160047,C,3,147,133,14,78,64,14,0,78,0,202,124,25,53
38,TULCEA,84,0,SCOALA GENERALA PLAURU   (Vechea Scoala),CEATALCHIOI,160047,C,3,66,59,7,34,27,7,0,34,0,102,68,17,17
38,TULCEA,85,0,SCOALA GENERALA CERNA,CERNA,160127,C,3,1970,1961,9,909,854,9,46,903,6,2102,1193,648,255
38,TULCEA,86,0,SCOALA GENERALA GENERAL PRAPORGESCU,CERNA,160127,C,3,158,149,9,84,64,9,11,83,1,202,118,50,33
38,TULCEA,87,0,SCOALA GENERALA MIRCEA VODA,CERNA,160127,C,3,435,430,5,254,221,5,28,251,3,502,248,166,85
38,TULCEA,88,0,SCOALA GENERALA TRAIAN NR.2,CERNA,160127,C,3,947,944,3,563,500,3,60,556,7,1002,439,331,225
38,TULCEA,89,0,CAMIN CULTURAL CHILIA VECHE,CHILIA VECHE,160172,C,3,1978,1978,0,1010,903,0,107,998,12,2102,1092,377,621
38,TULCEA,90,0,SCOALA GENERALA CIUCUROVA,CIUCUROVA,160225,C,3,1104,1097,7,669,591,7,71,659,10,1202,533,460,199
38,TULCEA,91,0,SCOALA GENERALA ATMAGEA,CIUCUROVA,160225,C,3,153,147,6,79,59,6,14,79,0,202,123,53,26
38,TULCEA,92,0,SCOALA GENERALA FANTANA MARE,CIUCUROVA,160225,C,3,471,466,5,289,229,5,55,286,3,502,213,190,96
38,TULCEA,93,0,SCOALA GENERALA CRISAN,CRISAN,160261,C,3,429,423,6,370,247,6,117,367,3,498,128,140,227
38,TULCEA,94,0,SCOALA GENERALA CARAORMAN,CRISAN,160261,C,3,345,337,8,268,233,8,27,268,0,416,148,81,187
38,TULCEA,95,0,SCOALA GENERALA MILA 23,CRISAN,160261,C,3,361,326,35,269,191,35,43,266,3,471,202,66,200
38,TULCEA,96,0,CAMIN CULTURAL DAENI,DAENI,160305,C,3,1964,1955,9,1066,1008,9,49,1058,8,2102,1036,861,197
38,TULCEA,97,0,SCOALA GENERALA DOROBANTU,DOROBANTU,160323,C,3,775,766,9,420,410,9,1,412,8,802,382,213,199
38,TULCEA,98,0,SCOALA GENERALA CIRJELARI,DOROBANTU,160323,C,3,432,415,17,231,214,17,0,228,3,502,271,154,74
38,TULCEA,99,0,FOSTA SCOALA FANTANA OILOR,DOROBANTU,160323,C,3,68,62,6,42,36,6,0,41,1,102,60,31,10
38,TULCEA,100,0,SCOALA GENERALA MESTERU,DOROBANTU,160323,C,3,145,134,11,83,72,11,0,81,2,202,119,58,23
38,TULCEA,101,0,SCOALA GENERALA FRECATEI,FRECATEI,160387,C,3,1020,1018,2,579,511,2,66,572,7,1102,523,283,289
38,TULCEA,102,0,SCOALA GENERALA CATALOI,FRECATEI,160387,C,3,1007,991,16,521,448,16,57,519,2,1102,581,214,305
38,TULCEA,103,0,SCOALA GENERALA POSTA,FRECATEI,160387,C,3,570,547,23,327,249,23,55,318,9,600,273,162,156
38,TULCEA,104,0,SCOALA GENERALA TELITA,FRECATEI,160387,C,3,442,429,13,273,203,13,57,269,4,505,232,132,137
38,TULCEA,105,0,SCOALA CENTRU GRECI,GRECI,160430,C,3,1827,1820,7,818,767,7,44,811,7,1964,1146,408,403
38,TULCEA,106,0,SCOALA STEJARU,GRECI,160430,C,3,2555,2549,6,1118,1066,6,46,1107,11,2730,1612,514,593
38,TULCEA,107,0,SCOALA GENERALA GRINDU -CORP C,GRINDU,160458,C,3,1167,1152,15,841,725,15,101,836,5,1202,361,404,432
38,TULCEA,108,0,SCOALA GENERALA HAMCEARCA,HAMCEARCA,160476,C,3,355,310,45,220,170,45,5,212,8,402,182,116,96
38,TULCEA,109,0,SCOALA GENERALA BALABANCEA,HAMCEARCA,160476,C,3,293,279,14,217,156,14,47,217,0,302,85,148,69
38,TULCEA,110,0,SCOALA GENERALA NIFON,HAMCEARCA,160476,C,3,583,578,5,356,305,5,46,351,5,602,246,223,128
38,TULCEA,111,0,SCOALA GENERALA HORIA (SCOALA VECHE),HORIA,160528,C,3,877,877,0,555,486,0,69,551,4,1002,447,311,240
38,TULCEA,112,0,SCOALA GENERALA CLOSCA,HORIA,160528,C,3,108,99,9,92,63,9,20,90,2,102,10,66,24
38,TULCEA,113,0,SCOALA GENERALA FLORESTI,HORIA,160528,C,3,280,268,12,182,137,12,33,181,1,302,120,102,79
38,TULCEA,114,0,CAMIN CULTURAL I.C.BRATIANU,I.C.BRATIANU,161525,C,3,886,881,5,490,484,5,1,484,6,1002,512,219,265
38,TULCEA,115,0,SCOALA GENERALA IZVOARELE,IZVOARELE,160564,C,3,1480,1473,7,764,706,7,51,751,13,1652,888,380,371
38,TULCEA,116,0,SCOALA GENERALA ALBA,IZVOARELE,160564,C,3,237,226,11,157,109,11,37,156,1,303,146,90,66
38,TULCEA,117,0,SCOALA GENERALA IULIA,IZVOARELE,160564,C,3,271,262,9,179,170,9,0,179,0,302,123,136,43
38,TULCEA,118,0,SCOALA GENERALA VALEA TEILOR,IZVOARELE,160564,C,3,1212,1202,10,872,766,10,96,861,11,1304,432,624,237
38,TULCEA,119,0,CAMIN CULTURAL JIJILA,JIJILA,160617,C,3,1829,1819,10,1139,1098,10,31,1125,14,2002,863,641,484
38,TULCEA,120,0,CAMIN CULTURAL JIJILA,JIJILA,160617,C,3,1637,1624,13,1021,972,13,36,1007,14,1702,681,567,440
38,TULCEA,121,0,SCOALA GENERALA GARVAN,JIJILA,160617,C,3,1135,1066,69,723,649,69,5,716,7,1226,503,419,297
38,TULCEA,122,0,CAMIN CULTURAL JURILOVCA STR.1 MAI,JURILOVCA,160644,C,3,1252,1252,0,700,647,0,53,685,15,1402,702,229,456
38,TULCEA,123,0,SCOALA GENERALA JURILOVCA-CORP II STR.6 MARTIE,JURILOVCA,160644,C,3,1109,1109,0,634,593,0,41,626,8,1202,568,188,438
38,TULCEA,124,0,SCOALA GENERALA SALCIOARA,JURILOVCA,160644,C,3,1093,1093,0,612,561,0,51,603,9,1200,588,275,328
38,TULCEA,125,0,CAMIN CULTURAL VISINA,JURILOVCA,160644,C,3,671,671,0,410,375,0,35,405,5,700,290,256,149
38,TULCEA,126,0,CAMIN CULTURAL LUNCAVITA,LUNCAVITA,160680,C,3,3107,3002,105,1590,1465,105,20,1582,8,3302,1712,719,863
38,TULCEA,127,0,SCOALA GENERALA RACHELU,LUNCAVITA,160680,C,3,789,707,82,466,384,82,0,463,3,800,334,282,181
38,TULCEA,128,0,CAMIN CULTURAL MAHMUDIA,MAHMUDIA,160724,C,3,2298,2288,10,1355,1218,10,127,1350,5,2502,1147,354,996
38,TULCEA,129,0,SCOALA GENERALA MALIUC,MALIUC,160779,C,3,306,298,8,194,154,8,32,193,1,312,118,56,137
38,TULCEA,130,0,DISPENSAR GORGOVA,MALIUC,160779,C,3,136,127,9,106,72,9,25,104,2,200,94,28,76
38,TULCEA,131,0,SCOALA GENERALA PARTIZANI,MALIUC,160779,C,3,385,378,7,264,201,7,56,257,7,408,144,67,190
38,TULCEA,132,0,CAMIN CULTURAL MIHAI BRAVU,MIHAI BRAVU,160831,C,3,583,570,13,247,223,13,11,245,2,602,355,122,123
38,TULCEA,133,0,SCOALA GENERALA SATU NOU,MIHAI BRAVU,160831,C,3,563,549,14,348,334,14,0,339,9,602,254,204,135
38,TULCEA,134,0,CAMIN CULTURAL TURDA,MIHAI BRAVU,160831,C,3,959,957,2,439,437,2,0,435,4,1100,661,302,133
38,TULCEA,135,0,SCOALA GENERALA MIHAIL KOGALNICEANU,MIHAIL KOGALNICEANU,160877,C,3,1614,1595,19,870,812,19,39,861,9,1702,832,385,476
38,TULCEA,136,0,SCOALA GENERALA LASTUNI,MIHAIL KOGALNICEANU,160877,C,3,493,480,13,192,179,13,0,188,4,502,310,115,73
38,TULCEA,137,0,SCOALA GENERALA RINDUNICA,MIHAIL KOGALNICEANU,160877,C,3,520,513,7,288,281,7,0,287,1,600,312,177,110
38,TULCEA,138,0,SCOALA GENERALA MURIGHIOL,MURIGHIOL,160911,C,3,1276,1170,106,792,600,106,86,787,5,1302,510,306,481
38,TULCEA,139,0,SCOALA GENERALA COLINA,MURIGHIOL,160911,C,3,100,94,6,61,55,6,0,59,2,102,41,29,30
38,TULCEA,140,0,SCOALA GENERALA DUNAVATU DE JOS,MURIGHIOL,160911,C,3,541,530,11,348,282,11,55,346,2,602,254,66,280
38,TULCEA,141,0,SCOALA GENERALA DUNAVATU DE SUS,MURIGHIOL,160911,C,3,126,113,13,95,51,13,31,93,2,202,107,30,63
38,TULCEA,142,0,SCOALA GENERALA PLOPU,MURIGHIOL,160911,C,3,548,490,58,330,272,58,0,326,4,502,172,126,200
38,TULCEA,143,0,SOC.AGRICOLA SARINASUF,MURIGHIOL,160911,C,3,435,418,17,270,253,17,0,268,2,502,232,98,170
38,TULCEA,144,0,SCOALA GENERALA NALBANT,NALBANT,160993,C,3,809,804,5,386,341,5,40,381,5,904,518,186,195
38,TULCEA,145,0,SCOALA GENERALA NICOLAE BALCESCU,NALBANT,160993,C,3,890,834,56,430,374,56,0,420,10,902,472,245,175
38,TULCEA,146,0,SCOALA GENERALA TRESTENIC,NALBANT,160993,C,3,296,289,7,176,147,7,22,171,5,302,126,88,83
38,TULCEA,147,0,PRIMARIA NICULITEL,NICULITEL,161035,C,3,2132,2117,15,1098,1083,15,0,1082,16,2316,1218,531,551
38,TULCEA,148,0,SCOALA GENERALA NR.2 NICULITEL,NICULITEL,161035,C,3,1818,1802,16,891,875,16,0,885,6,2000,1109,455,430
38,TULCEA,149,0,SCOALA GENERALA NUFARU,NUFARU,161053,C,3,1020,1010,10,459,446,10,3,452,7,1100,641,171,281
38,TULCEA,150,0,GRADINITA MALCOCI,NUFARU,161053,C,3,689,685,4,492,488,4,0,485,7,702,210,244,241
38,TULCEA,151,0,SCOALA GENERALA VICTORIA,NUFARU,161053,C,3,150,138,12,106,65,12,29,103,3,202,96,43,60
38,TULCEA,152,0,GRADINITA OSTROV,OSTROV,161106,C,3,1821,1815,6,1096,1040,6,50,1087,9,1918,822,574,513
38,TULCEA,153,0,CAMIN CULTURAL PARDINA,PARDINA,161133,C,3,440,438,2,301,224,2,75,300,1,502,201,121,179
38,TULCEA,154,0,CAMIN CULTURAL PECENEAGA,PECENEAGA,161151,C,3,1641,1639,2,997,905,2,90,990,7,1812,815,789,201
38,TULCEA,155,0,SCOALA VECHE SARICHIOI  (Scoala Veche),SARICHIOI,161179,C,3,1743,1740,3,839,811,3,25,827,12,1900,1061,338,489
38,TULCEA,156,0,SCOALA VECHE SARICHIOI,SARICHIOI,161179,C,3,1513,1511,2,703,683,2,18,694,9,1600,897,243,451
38,TULCEA,157,0,SCOALA GENERALA ENISALA,SARICHIOI,161179,C,3,900,893,7,497,476,7,14,486,11,1000,503,282,204
38,TULCEA,158,0,SCOALA GENERALA SABANGIA,SARICHIOI,161179,C,3,551,529,22,279,257,22,0,272,7,622,343,148,124
38,TULCEA,159,0,SCOALA GENERALA VISTERNA,SARICHIOI,161179,C,3,368,350,18,182,156,18,8,181,1,402,220,87,94
38,TULCEA,160,0,SCOALA GENERALA ZEBIL,SARICHIOI,161179,C,3,1265,1259,6,654,613,6,35,644,10,1400,746,370,274
38,TULCEA,161,0,CAMIN CULTURAL SF.GHEORGHE,SFANTU GHEORGHE,161231,C,3,803,802,1,461,422,1,38,456,5,908,447,176,280
38,TULCEA,162,0,SCOALA GENERALA SLAVA CERCHEZA,SLAVA CERCHEZA,161259,C,3,1233,1230,3,547,486,3,58,536,11,1302,755,328,208
38,TULCEA,163,0,SCOALA GENERALA SLAVA RUSA,SLAVA CERCHEZA,161259,C,3,1044,1037,7,480,381,7,92,470,10,1102,622,280,190
38,TULCEA,164,0,SCOALA GENERALA SMARDAN,SMARDAN,161286,C,3,899,881,18,480,462,18,0,478,2,1000,520,232,246
38,TULCEA,165,0,SCOALA GENERALA SOMOVA,SOMOVA,161302,C,3,1791,1771,20,808,788,20,0,804,4,1902,1094,383,421
38,TULCEA,166,0,SCOALA GENERALA MINERI,SOMOVA,161302,C,3,1048,1021,27,537,510,27,0,532,5,1100,563,216,316
38,TULCEA,167,0,SCOALA GENERALA PARCHES,SOMOVA,161302,C,3,658,616,42,342,300,42,0,337,5,702,360,226,111
38,TULCEA,168,0,GRADINITA STEJARU,STEJARU,161348,C,3,662,640,22,346,297,22,27,344,2,710,364,146,198
38,TULCEA,169,0,SCOALA GENERALA ALTIN TEPE,STEJARU,161348,C,3,492,483,9,270,217,9,44,268,2,500,230,191,77
38,TULCEA,170,0,SCOALA GENERALA VASILE ALECSANDRI,STEJARU,161348,C,3,411,400,11,231,186,11,34,229,2,504,273,126,103
38,TULCEA,171,0,CAMIN CULTURAL TOPOLOG,TOPOLOG,161384,C,3,1853,1850,3,1018,924,3,91,1010,8,2002,984,679,331
38,TULCEA,172,0,SCOALA GENERALA CALFA,TOPOLOG,161384,C,3,127,118,9,96,69,9,18,94,2,202,106,76,18
38,TULCEA,173,0,SCOALA GENERALA CERBU,TOPOLOG,161384,C,3,214,205,9,148,99,9,40,145,3,302,154,111,34
38,TULCEA,174,0,SCOALA GENERALA FAGARASUL NOU,TOPOLOG,161384,C,3,577,568,9,295,268,9,18,287,8,602,307,184,103
38,TULCEA,175,0,SCOALA GENERALA LUMINITA,TOPOLOG,161384,C,3,236,226,10,135,114,10,11,135,0,302,167,112,23
38,TULCEA,176,0,SCOALA GENERALA MAGURELE,TOPOLOG,161384,C,3,219,207,12,161,117,12,32,161,0,304,143,140,21
38,TULCEA,177,0,SCOALA GENERALA SAMBATA NOUA,TOPOLOG,161384,C,3,475,470,5,357,301,5,51,346,11,501,144,252,94
38,TULCEA,178,0,CAMIN CULTURAL TURCOAIA,TURCOAIA,161464,C,3,1298,1286,12,785,773,12,0,774,11,1402,617,411,363
38,TULCEA,179,0,SCOALA GENERALA TURCOAIA,TURCOAIA,161464,C,3,1721,1713,8,995,987,8,0,983,12,1902,907,584,399
38,TULCEA,180,0,SCOALA GENERALA VALEA NUCARILOR,VALEA NUCARILOR,161482,C,3,1046,1018,28,554,524,28,2,544,10,1104,550,347,197
38,TULCEA,181,0,SCOALA GENERALA AGIGHIOL,VALEA NUCARILOR,161482,C,3,1440,1422,18,671,653,18,0,656,15,1528,857,350,306
38,TULCEA,182,0,SCOALA GENERALA IAZURILE,VALEA NUCARILOR,161482,C,3,656,643,13,383,370,13,0,375,8,702,319,217,158
38,TULCEA,183,0,PRIMARIA VACARENI,VACARENI,161543,C,3,1849,1832,17,941,924,17,0,926,15,2011,1070,531,395
39,VASLUI,1,0,STR STEFAN CEL MARE NR 81,MUNICIPIUL VASLUI,161945,M,1,1722,1702,20,1011,991,20,0,1006,5,2002,991,394,612
39,VASLUI,2,0,STR STEFAN CEL MARE NR 81,MUNICIPIUL VASLUI,161945,M,1,1668,1643,25,976,951,25,0,969,7,1799,823,428,541
39,VASLUI,3,0,STR M KOGALNICEANU NR 16,MUNICIPIUL VASLUI,161945,M,1,1736,1713,23,954,931,23,0,946,8,2000,1046,421,525
39,VASLUI,4,0,STR M KOGALNICEANU NR 16,MUNICIPIUL VASLUI,161945,M,1,1365,1340,25,796,771,25,0,791,5,1500,704,398,393
39,VASLUI,5,0,STR SPIRU HARET NR 3,MUNICIPIUL VASLUI,161945,M,1,1970,1921,49,1148,1099,49,0,1142,6,2102,954,411,731
39,VASLUI,6,0,STR ETERNITATII NR 1,MUNICIPIUL VASLUI,161945,M,1,1726,1707,19,1018,989,19,10,1014,4,1900,882,513,501
39,VASLUI,7,0,STR M KOGALNICEANU NR 24,MUNICIPIUL VASLUI,161945,M,1,1825,1805,20,941,921,20,0,929,12,2002,1061,405,524
39,VASLUI,8,0,STR AVANTULUI,MUNICIPIUL VASLUI,161945,M,1,1875,1855,20,1005,985,20,0,981,24,2000,995,453,528
39,VASLUI,9,0,STR VETERAN TURCANU NR 61,MUNICIPIUL VASLUI,161945,M,1,1595,1572,23,902,878,23,1,896,6,1702,800,443,453
39,VASLUI,10,0,STR SPITALULUI,MUNICIPIUL VASLUI,161945,M,1,1772,1743,29,924,895,29,0,922,2,1900,976,371,551
39,VASLUI,11,0,STR VICTOR BABES NR 1,MUNICIPIUL VASLUI,161945,M,1,1712,1691,21,880,859,21,0,873,7,1900,1020,350,523
39,VASLUI,12,0,STR VICTOR BABES NR 1,MUNICIPIUL VASLUI,161945,M,1,1463,1445,18,753,735,18,0,749,4,1600,847,258,491
39,VASLUI,13,0,STR STEFAN CEL MARE NR 193,MUNICIPIUL VASLUI,161945,M,1,1668,1653,15,858,843,15,0,855,3,1800,942,310,545
39,VASLUI,14,0,STR STEFAN CEL MARE,MUNICIPIUL VASLUI,161945,M,1,1585,1561,24,840,816,24,0,834,6,1700,860,328,506
39,VASLUI,15,0,STR D BOLINTINEANU,MUNICIPIUL VASLUI,161945,M,1,1595,1583,12,799,787,12,0,797,2,1700,901,358,439
39,VASLUI,16,0,STR V ALECSANDRI NR 1,MUNICIPIUL VASLUI,161945,M,1,1698,1658,40,873,833,40,0,868,5,1802,929,421,447
39,VASLUI,17,0,STR  CONSTANTIN PREZAN NR 4,MUNICIPIUL VASLUI,161945,M,1,1632,1616,16,932,916,16,0,927,5,1800,868,437,490
39,VASLUI,18,0,STR  CONSTANTIN PREZAN NR 4,MUNICIPIUL VASLUI,161945,M,1,1813,1801,12,960,948,12,0,954,6,2000,1040,394,560
39,VASLUI,19,0,STR CUZA VODA NR 1,MUNICIPIUL VASLUI,161945,M,1,1982,1964,18,1066,1048,18,0,1062,4,2100,1034,524,538
39,VASLUI,20,0,STR HUSULUI NR 48,MUNICIPIUL VASLUI,161945,M,1,1771,1752,19,936,917,19,0,934,2,1900,964,437,497
39,VASLUI,21,0,STR HUSULUI NR 2,MUNICIPIUL VASLUI,161945,M,1,1662,1649,13,897,884,13,0,889,8,1800,903,445,444
39,VASLUI,22,0,STR GH RACOVITA NR 191,MUNICIPIUL VASLUI,161945,M,1,1512,1499,13,771,758,13,0,763,8,1600,829,325,438
39,VASLUI,23,0,STR ANA IPATESCU NR 21,MUNICIPIUL VASLUI,161945,M,1,1655,1642,13,842,829,13,0,837,5,1800,958,311,526
39,VASLUI,24,0,STR DECEBAL NR 1,MUNICIPIUL VASLUI,161945,M,1,1642,1626,16,845,829,16,0,842,3,1800,955,324,518
39,VASLUI,25,0,STR STEFAN CEL MARE NR 62,MUNICIPIUL VASLUI,161945,M,1,1678,1652,26,916,890,26,0,913,3,1800,884,363,550
39,VASLUI,26,0,STR BIRUINTEI NR 1,MUNICIPIUL VASLUI,161945,M,1,2038,2023,15,1065,1050,15,0,1057,8,2200,1135,414,643
39,VASLUI,27,0,STR BIRUINTEI NR 1,MUNICIPIUL VASLUI,161945,M,1,2295,2274,21,1176,1155,21,0,1166,10,2500,1324,420,746
39,VASLUI,28,0,STR PACII NR 2,MUNICIPIUL VASLUI,161945,M,1,2080,2061,19,1089,1070,19,0,1079,10,2202,1113,441,638
39,VASLUI,29,0,STR PACII NR 2,MUNICIPIUL VASLUI,161945,M,1,2138,2121,17,1738,1051,17,670,1729,9,2300,562,647,1082
39,VASLUI,30,0,STR TRAIAN NR 1,MUNICIPIUL VASLUI,161945,M,1,2025,1997,28,1084,1056,28,0,1077,7,2200,1116,383,694
39,VASLUI,31,0,STR MIHAI VITEAZU NR 10,MUNICIPIUL VASLUI,161945,M,1,1896,1880,16,1069,1053,16,0,1059,10,2000,931,386,673
39,VASLUI,32,0,STR RACOVA NR 69,MUNICIPIUL VASLUI,161945,M,1,2446,2417,29,1374,1345,29,0,1369,5,2602,1228,611,758
39,VASLUI,33,0,STR BRANISTEI,MUNICIPIUL VASLUI,161945,M,1,389,371,18,257,239,18,0,248,9,601,344,176,72
39,VASLUI,34,0,STR EGALITATII,MUNICIPIUL VASLUI,161945,M,1,961,924,37,514,477,37,0,508,6,1000,486,237,271
39,VASLUI,35,0,STR GH DOJA,MUNICIPIUL VASLUI,161945,M,1,1155,1112,43,702,659,43,0,695,7,1202,500,337,358
39,VASLUI,36,0,STR POMPELOR,MUNICIPIUL VASLUI,161945,M,1,940,897,43,537,494,43,0,530,7,1000,463,334,196
39,VASLUI,37,0,STR CONSTANTIN BRANCOVEANU,MUNICIPIUL VASLUI,161945,M,1,922,889,33,497,464,33,0,486,11,1000,503,261,225
39,VASLUI,38,0,STR CASTANILOR NR 1,MUNICIPIUL VASLUI,161945,M,1,811,749,62,440,378,62,0,438,2,800,360,190,248
39,VASLUI,39,0,STR METALURGIEI,MUNICIPIUL VASLUI,161945,M,1,838,811,27,439,412,27,0,439,0,902,463,186,253
39,VASLUI,40,1,STR STEFAN CEL MARE NR  66,MUNICIPIUL VASLUI,161945,M,1,9,0,9,214,0,9,205,206,8,300,86,106,100
39,VASLUI,41,1,STR STEFAN CEL MARE NR 233,MUNICIPIUL VASLUI,161945,M,1,10,0,10,404,0,10,394,400,4,901,497,274,126
39,VASLUI,42,1, STR GHELERTER NR 1,MUNICIPIUL VASLUI,161945,M,1,9,0,9,76,0,9,67,73,3,300,224,51,22
39,VASLUI,43,0,STR I C BRATIANU NR 35,MUNICIPIUL BIRLAD,161794,M,1,1333,1321,12,740,726,12,2,729,11,1502,762,366,363
39,VASLUI,44,0,STR I C BRATIANU NR 35,MUNICIPIUL BIRLAD,161794,M,1,1701,1676,25,979,954,25,0,968,11,1802,823,421,547
39,VASLUI,45,0,STR I C BRATIANU NR 35,MUNICIPIUL BIRLAD,161794,M,1,1334,1315,19,810,791,19,0,802,8,1400,590,370,432
39,VASLUI,46,0,STR 1 MAI NR 4,MUNICIPIUL BIRLAD,161794,M,1,1881,1856,25,1042,1017,25,0,1032,10,2000,958,477,555
39,VASLUI,47,0,STR NICOLAE BALCESCU NR 6,MUNICIPIUL BIRLAD,161794,M,1,1083,1067,16,624,607,16,1,619,5,1202,578,232,387
39,VASLUI,48,0,STR NICOLAE BALCESCU NR 6,MUNICIPIUL BIRLAD,161794,M,1,1466,1440,26,779,753,26,0,769,10,1600,821,361,408
39,VASLUI,49,0,STR NICOLAE BALCESCU NR 6,MUNICIPIUL BIRLAD,161794,M,1,1093,1076,17,645,628,17,0,638,7,1200,555,278,360
39,VASLUI,50,0,STR MIHAIL KOGALNICEANU NR 4,MUNICIPIUL BIRLAD,161794,M,1,1288,1271,17,790,773,17,0,785,5,1402,612,349,436
39,VASLUI,51,0,STR MIHAIL KOGALNICEANU NR 4,MUNICIPIUL BIRLAD,161794,M,1,910,898,12,560,548,12,0,551,9,1007,447,265,286
39,VASLUI,52,0,STR NICOLAE TONITZA NR 20,MUNICIPIUL BIRLAD,161794,M,1,1875,1851,24,1083,1058,24,1,1073,10,2002,919,475,598
39,VASLUI,53,0,STR NICOLAE TONITZA NR 20,MUNICIPIUL BIRLAD,161794,M,1,1893,1867,26,1048,1020,26,2,1044,4,2002,954,476,568
39,VASLUI,54,0,STR NICOLAE TONITZA NR 20,MUNICIPIUL BIRLAD,161794,M,1,1844,1823,21,1051,1030,21,0,1044,7,2002,951,517,527
39,VASLUI,55,0,STR ALEEA PARC NR 1,MUNICIPIUL BIRLAD,161794,M,1,1581,1559,22,845,823,22,0,838,7,1702,857,407,431
39,VASLUI,56,0,STR VASILE PARVAN NR 1,MUNICIPIUL BIRLAD,161794,M,1,1632,1612,20,792,772,20,0,785,7,1802,1010,346,439
39,VASLUI,57,0,STR VASILE PARVAN NR 1,MUNICIPIUL BIRLAD,161794,M,1,1579,1559,20,831,811,20,0,825,6,1702,871,383,442
39,VASLUI,58,0,STR VASILE PARVAN NR 1,MUNICIPIUL BIRLAD,161794,M,1,1643,1629,14,858,844,14,0,854,4,1802,944,330,524
39,VASLUI,59,0,STR VASILE PARVAN NR 1,MUNICIPIUL BIRLAD,161794,M,1,1453,1432,21,756,734,21,1,749,7,1600,844,391,358
39,VASLUI,60,0,STR VASILE PARVAN NR 1,MUNICIPIUL BIRLAD,161794,M,1,1632,1615,17,810,793,17,0,804,6,2000,1190,338,466
39,VASLUI,61,0,STR VASILE PARVAN NR 1,MUNICIPIUL BIRLAD,161794,M,1,1737,1713,24,910,886,24,0,905,5,1804,894,399,506
39,VASLUI,62,0,STR VASILE PARVAN NR 1,MUNICIPIUL BIRLAD,161794,M,1,1610,1595,15,752,737,15,0,748,4,1502,750,326,422
39,VASLUI,63,0,STR PETRU RARES NR 41,MUNICIPIUL BIRLAD,161794,M,1,1865,1831,34,1025,991,34,0,1012,13,2002,977,473,539
39,VASLUI,64,0,STR PETRU RARES NR 41,MUNICIPIUL BIRLAD,161794,M,1,1683,1662,21,936,915,21,0,924,12,1802,866,460,464
39,VASLUI,65,0,STR DIMITRIE CANTEMIR NR 15,MUNICIPIUL BIRLAD,161794,M,1,1708,1686,22,906,884,22,0,890,16,1800,894,489,401
39,VASLUI,66,0,STR DIMITRIE CANTEMIR NR 15,MUNICIPIUL BIRLAD,161794,M,1,1821,1801,20,953,931,20,2,939,14,2002,1049,458,481
39,VASLUI,67,0,STR 1 DECEMBRIE NR 2,MUNICIPIUL BIRLAD,161794,M,1,1644,1626,18,922,904,18,0,917,5,1802,880,385,532
39,VASLUI,68,0,STR 1 DECEMBRIE NR 2,MUNICIPIUL BIRLAD,161794,M,1,1926,1908,18,1051,1033,18,0,1044,7,2102,1051,401,643
39,VASLUI,69,0,STR POPA SAPCA NR 5,MUNICIPIUL BIRLAD,161794,M,1,1624,1610,14,889,874,14,1,885,4,1802,913,301,584
39,VASLUI,70,0,STR POPA SAPCA NR 5,MUNICIPIUL BIRLAD,161794,M,1,1711,1696,15,920,905,15,0,897,23,1802,882,352,545
39,VASLUI,71,0,STR CARPATI NR 5,MUNICIPIUL BIRLAD,161794,M,1,1903,1894,9,930,919,9,2,924,6,2102,1172,344,580
39,VASLUI,72,0,STR CARPATI NR 5,MUNICIPIUL BIRLAD,161794,M,1,1203,1181,22,655,633,22,0,649,6,1300,645,263,386
39,VASLUI,73,0,STR CARPATI NR 5,MUNICIPIUL BIRLAD,161794,M,1,1106,1100,6,1087,510,6,571,1084,3,1202,115,393,691
39,VASLUI,74,0,STR CARPATI NR 5,MUNICIPIUL BIRLAD,161794,M,1,1590,1568,22,817,795,22,0,808,9,1702,885,284,524
39,VASLUI,75,0,STR CARPATI NR 5,MUNICIPIUL BIRLAD,161794,M,1,1836,1823,13,867,854,13,0,862,5,2000,1133,342,520
39,VASLUI,76,0,STR CARPATI NR 5,MUNICIPIUL BIRLAD,161794,M,1,1585,1565,20,776,756,20,0,772,4,1702,926,285,487
39,VASLUI,77,0,STR LIREI NR 15,MUNICIPIUL BIRLAD,161794,M,1,2030,2005,25,1114,1089,25,0,1106,8,2202,1088,388,718
39,VASLUI,78,0,STR LIREI NR 15,MUNICIPIUL BIRLAD,161794,M,1,1733,1719,14,804,790,14,0,795,9,1902,1098,351,444
39,VASLUI,79,0,STR LIREI NR 15,MUNICIPIUL BIRLAD,161794,M,1,1803,1784,19,938,919,19,0,935,3,1900,962,307,628
39,VASLUI,80,0,B-DUL REPUBLICII NR 85,MUNICIPIUL BIRLAD,161794,M,1,1680,1651,29,963,934,29,0,960,3,1800,837,328,632
39,VASLUI,81,0,B-DUL REPUBLICII NR 85,MUNICIPIUL BIRLAD,161794,M,1,1803,1779,24,1022,998,24,0,1016,6,1900,878,329,687
39,VASLUI,82,1,B-DUL REPUBLICII NR 300,MUNICIPIUL BIRLAD,161794,M,1,15,0,15,378,0,15,363,375,3,1002,624,244,131
39,VASLUI,83,1,SOSEAUA TECUCIULUI NR 1,MUNICIPIUL BIRLAD,161794,M,1,9,0,9,837,0,9,828,806,31,1000,163,388,418
39,VASLUI,84,0,STR I A ANGHELUS,MUNICIPIUL HUSI,161829,M,1,1517,1499,18,823,805,18,0,820,3,1600,777,375,445
39,VASLUI,85,0,STR ALEX GIUGARU NR 1,MUNICIPIUL HUSI,161829,M,1,1815,1793,22,931,909,22,0,928,3,2000,1069,474,454
39,VASLUI,86,0,STR AL I CUZA,MUNICIPIUL HUSI,161829,M,1,1605,1588,17,791,773,17,1,783,8,1700,909,374,409
39,VASLUI,87,0,STR AL I CUZA,MUNICIPIUL HUSI,161829,M,1,1464,1449,15,702,687,15,0,698,4,1600,898,353,345
39,VASLUI,88,0,STR STEFAN CEL MARE,MUNICIPIUL HUSI,161829,M,1,1634,1606,28,798,770,28,0,789,9,1700,902,402,387
39,VASLUI,89,0,STR STEFAN CEL MARE,MUNICIPIUL HUSI,161829,M,1,1521,1486,35,806,771,35,0,795,11,1600,794,485,310
39,VASLUI,90,0,STR 1 DECEMBRIE,MUNICIPIUL HUSI,161829,M,1,1855,1800,55,1064,888,55,121,1058,6,2000,936,593,465
39,VASLUI,91,0,M KOGALNICEANU,MUNICIPIUL HUSI,161829,M,1,1980,1955,25,1039,1007,25,7,1037,2,2102,1063,522,515
39,VASLUI,92,0,M KOGALNICEANU,MUNICIPIUL HUSI,161829,M,1,1477,1430,47,731,684,47,0,726,5,1600,869,354,372
39,VASLUI,93,0,ASOCIATIA AGRICOLA CORNI,MUNICIPIUL HUSI,161829,M,1,1105,1086,19,568,549,19,0,561,7,1200,632,261,300
39,VASLUI,94,0,STR CORNI,MUNICIPIUL HUSI,161829,M,1,1705,1683,22,947,921,22,4,939,8,1800,853,395,544
39,VASLUI,95,0,STR I L CARAGIALE,MUNICIPIUL HUSI,161829,M,1,1083,1060,23,579,537,23,19,570,9,1200,621,329,241
39,VASLUI,96,0,STR ANTON SARBU,MUNICIPIUL HUSI,161829,M,1,1916,1894,22,1021,999,22,0,1015,6,2100,1079,633,382
39,VASLUI,97,0,CALEA BASARABIEI,MUNICIPIUL HUSI,161829,M,1,1847,1800,47,949,902,47,0,943,6,2000,1051,491,452
39,VASLUI,98,0,STR DOBRINA,MUNICIPIUL HUSI,161829,M,1,1037,1008,29,821,465,29,327,810,11,1100,279,332,478
39,VASLUI,99,0,STR  I L CARAGIALE,MUNICIPIUL HUSI,161829,M,1,1620,1600,20,876,856,20,0,867,9,1700,824,452,415
39,VASLUI,100,1,CENTRUL DE INGRIJIRE SI ASISTENTA,MUNICIPIUL HUSI,161829,M,1,17,0,17,150,0,17,133,145,5,300,150,87,58
39,VASLUI,101,0,CASA DE CULTURA,ORAS MURGENI,164981,O,1,1798,1763,35,1021,888,35,98,1014,7,1902,881,513,501
39,VASLUI,102,0,SCOALA CARTIER SATU NOU,ORAS MURGENI,164981,O,1,929,894,35,462,427,35,0,455,7,1002,540,305,150
39,VASLUI,103,0,SCOALA GENERALA CARJA,ORAS MURGENI,164981,O,1,917,887,30,459,429,30,0,451,8,1002,543,351,100
39,VASLUI,104,0,SCOALA GENERALA FLORENI,ORAS MURGENI,164981,O,1,563,542,21,316,295,21,0,314,2,602,286,218,96
39,VASLUI,105,0,SCOALA GENERALA LATESTI,ORAS MURGENI,164981,O,1,289,274,15,187,172,15,0,185,2,302,115,125,60
39,VASLUI,106,0,SCOALA GENERALA RAIU,ORAS MURGENI,164981,O,1,570,552,18,336,318,18,0,326,10,602,266,248,78
39,VASLUI,107,0,SCOALA GENERALA SARATENI,ORAS MURGENI,164981,O,1,319,303,16,198,182,16,0,197,1,402,204,108,89
39,VASLUI,108,0,SCOALA GENERALA SCHINENI,ORAS MURGENI,164981,O,1,514,497,17,308,291,17,0,300,8,502,194,226,74
39,VASLUI,109,0,STR M KOGALNICEANU NR 4,ORAS NEGRESTI,161856,O,1,1526,1505,21,841,820,21,0,832,9,1702,861,438,394
39,VASLUI,110,0,STR M KOGALNICEANU NR 4,ORAS NEGRESTI,161856,O,1,1416,1394,22,802,779,22,1,798,4,1600,798,360,438
39,VASLUI,111,0,STR M KOGALNICEANU NR 6,ORAS NEGRESTI,161856,O,1,1538,1521,17,923,779,17,127,913,10,1702,779,472,441
39,VASLUI,112,0,STR AI CUZA NR 35,ORAS NEGRESTI,161856,O,1,862,844,18,477,457,18,2,467,10,902,425,289,178
39,VASLUI,113,0,SCOALA GENERALA VALEA MARE,ORAS NEGRESTI,161856,O,1,703,686,17,411,392,17,2,403,8,700,289,235,168
39,VASLUI,114,0,SCOALA GENERALA POIANA,ORAS NEGRESTI,161856,O,1,227,220,7,149,141,7,1,147,2,302,153,83,64
39,VASLUI,115,0,SCOALA GENERALA CIOATELE,ORAS NEGRESTI,161856,O,1,220,211,9,154,145,9,0,152,2,302,148,114,38
39,VASLUI,116,0,SCOALA GENERALA PARPANITA,ORAS NEGRESTI,161856,O,1,469,457,12,309,297,12,0,302,7,504,195,213,89
39,VASLUI,117,0,CAMINUL CULTURAL GLODENI,ORAS NEGRESTI,161856,O,1,247,236,11,172,161,11,0,168,4,300,128,138,30
39,VASLUI,118,0,SCOALA GENERALA CAZANESTI,ORAS NEGRESTI,161856,O,1,377,365,12,253,240,12,1,250,3,400,147,172,78
39,VASLUI,119,1,SPITALUL ORASENESC NEGRESTI,ORAS NEGRESTI,161856,O,1,10,0,10,45,0,10,35,45,0,302,257,23,22
39,VASLUI,120,0,SCOALA GENERALA ALBESTI,ALBESTI,162014,C,3,941,899,42,569,527,42,0,560,9,1002,433,386,174
39,VASLUI,121,0,SCOALA GENERALA CORNI ALBESTI,ALBESTI,162014,C,3,1180,1153,27,630,603,27,0,619,11,1200,570,431,188
39,VASLUI,122,0,SCOALA GENERALA CRASNA,ALBESTI,162014,C,3,376,351,25,297,192,25,80,294,3,402,105,150,144
39,VASLUI,123,0,SCOALA GENERALA GURA ALBESTI,ALBESTI,162014,C,3,124,117,7,78,70,7,1,78,0,300,222,61,17
39,VASLUI,124,0,SCOALA GENERALA AL VLAHUTA,ALEXANDRU VLAHUTA,162069,C,3,645,622,23,365,342,23,0,357,8,700,335,284,73
39,VASLUI,125,0,SCOALA CU CLASELE I-IV BUDA,ALEXANDRU VLAHUTA,162069,C,3,275,255,20,175,155,20,0,171,4,300,125,145,26
39,VASLUI,126,0,SCOALA CU CLASELE I-IV GHICANI,ALEXANDRU VLAHUTA,162069,C,3,174,152,22,115,93,22,0,114,1,200,85,96,18
39,VASLUI,127,0,SCOALA CU CLASELE I-IV MORARENI,ALEXANDRU VLAHUTA,162069,C,3,204,193,11,120,109,11,0,110,10,300,180,79,31
39,VASLUI,128,0,SCOALA CU CLASELE I-VIII FLORESTI,ALEXANDRU VLAHUTA,162069,C,3,579,546,33,356,323,33,0,345,11,600,244,283,62
39,VASLUI,129,0,SCOALA GENERALA ARSURA,ARSURA,162149,C,3,676,646,30,411,381,30,0,408,3,700,289,340,68
39,VASLUI,130,0,SCOALA GENERALA PIHNESTI,ARSURA,162149,C,3,608,593,15,289,274,15,0,283,6,600,311,192,91
39,VASLUI,131,0,SCOALA GENERALA FUNDATURA,ARSURA,162149,C,3,373,271,102,241,139,102,0,239,2,300,59,175,64
39,VASLUI,132,0,SCOALA GENERALA M KOGALNICEANU,ARSURA,162149,C,3,87,69,18,82,64,18,0,82,0,200,118,56,26
39,VASLUI,133,0,SCOALA CU CLASELE I-VIII GARA BANCA,BANCA,162194,C,3,833,742,91,451,359,91,1,448,3,800,349,312,136
39,VASLUI,134,0,SCOALA CU CLASELE I-VIII BANCA,BANCA,162194,C,3,1010,986,24,522,498,24,0,517,5,1100,578,351,166
39,VASLUI,135,0,SCOALA CU CLASELE I-IV GHERMANESTI,BANCA,162194,C,3,502,461,41,319,278,41,0,316,3,500,181,265,51
39,VASLUI,136,0,SCOALA CU CLASELE I-IV STOISESTI,BANCA,162194,C,3,635,604,31,360,329,31,0,349,11,700,340,290,59
39,VASLUI,137,0,SCOALA CU CLASELE I-VIII TIFU,BANCA,162194,C,3,353,330,23,212,189,23,0,207,5,400,188,161,46
39,VASLUI,138,0,SCOALA CU CLASELE I-IV MICLESTI,BANCA,162194,C,3,208,184,24,149,125,24,0,146,3,200,51,138,8
39,VASLUI,139,0,SCOALA CU CLASELE I-IV 1 DECEMBRIE,BANCA,162194,C,3,359,331,28,246,207,28,11,243,3,400,154,214,29
39,VASLUI,140,0,SCOALA CU CLASELE I-IV STRAMTURA,BANCA,162194,C,3,132,105,27,92,65,27,0,90,2,200,108,66,24
39,VASLUI,141,0,SCOALA CU CLASELE I-IV MITOC,BANCA,162194,C,3,243,224,19,152,133,19,0,149,3,300,148,112,37
39,VASLUI,142,0,SCOALA CU CLASELE I-VIII SIRBI,BANCA,162194,C,3,347,314,33,211,178,33,0,210,1,400,189,130,80
39,VASLUI,143,0,SCOALA  BACANI,BACANI,162327,C,3,906,882,24,499,475,24,0,489,10,1000,501,367,122
39,VASLUI,144,0,SCOALA  BALTATENI,BACANI,162327,C,3,238,228,10,153,143,10,0,151,2,300,147,111,40
39,VASLUI,145,0,SCOALA  DRUJESTI,BACANI,162327,C,3,371,359,12,246,234,12,0,243,3,400,154,171,72
39,VASLUI,146,0,SCOALA  SUSENI,BACANI,162327,C,3,349,332,17,219,195,17,7,213,6,400,181,152,61
39,VASLUI,147,0,SCOALA  VULPASENI,BACANI,162327,C,3,168,157,11,113,102,11,0,111,2,200,87,82,29
39,VASLUI,148,0,SCOALA CU CLASELE I-VIII BACESTI,BACESTI,162381,C,3,1580,1560,20,851,809,20,22,824,27,1700,849,627,197
39,VASLUI,149,0,SCOALA CU CLASELE I-IV ARMASENI,BACESTI,162381,C,3,326,312,14,191,177,14,0,189,2,400,209,152,37
39,VASLUI,150,0,SCOALA CU CLASELE I-IV BABUSA,BACESTI,162381,C,3,312,299,13,201,188,13,0,196,5,300,99,130,66
39,VASLUI,151,0,SCOALA CU CLASELE I-IV PALTINIS,BACESTI,162381,C,3,199,189,10,144,134,10,0,144,0,300,156,135,9
39,VASLUI,152,0,SCOALA CU CLASELE I-IV TIBANESTII BUHLII,BACESTI,162381,C,3,215,206,9,142,133,9,0,140,2,300,158,114,26
39,VASLUI,153,0,SCOALA CU CLASELE I-IV VOVRIESTI,BACESTI,162381,C,3,288,275,13,192,179,13,0,189,3,300,108,144,45
39,VASLUI,154,0,SCOALA CU CLASELE I-VIII BALTENI,BALTENI,162452,C,3,780,724,56,502,446,56,0,497,5,800,298,347,150
39,VASLUI,155,0,SCOALA CU CLASELE I-IV BALTENI DEAL,BALTENI,162452,C,3,447,410,37,295,258,37,0,288,7,500,205,199,89
39,VASLUI,156,0,SCOALA CU CLASELE I-IV CHETRESTI,BALTENI,162452,C,3,161,136,25,107,82,25,0,106,1,200,93,72,34
39,VASLUI,157,0,SCOALA GENERALA NR 1 BEREZENI,BEREZENI,162498,C,3,2260,2177,83,1331,1247,83,1,1318,13,2400,1069,1016,302
39,VASLUI,158,0,SCOALA GENERALA NR 2 SATU NOU,BEREZENI,162498,C,3,1151,983,168,773,605,168,0,764,9,1100,327,625,139
39,VASLUI,159,0,SCOALA MUSATA,BEREZENI,162498,C,3,400,377,23,251,228,23,0,247,4,400,149,202,45
39,VASLUI,160,0,SCOALA RINCENI,BEREZENI,162498,C,3,540,513,27,342,315,27,0,339,3,600,258,289,50
39,VASLUI,161,0,SCOALA STUHULET,BEREZENI,162498,C,3,232,223,9,187,178,9,0,187,0,300,113,155,32
39,VASLUI,162,0,CAMINUL CULTURAL BLAGESTI,BLAGESTI,162559,C,3,1082,1075,7,541,534,7,0,537,4,1200,659,392,145
39,VASLUI,163,0,SCOALA IGESTI,BLAGESTI,162559,C,3,278,270,8,155,147,8,0,148,7,300,145,114,34
39,VASLUI,164,0,SCOALA SIPENI,BLAGESTI,162559,C,3,133,116,17,77,60,17,0,75,2,200,123,56,19
39,VASLUI,165,0,SCOALA GENERALA BOGDANA,BOGDANA,162595,C,3,527,517,10,340,307,10,23,337,3,602,262,218,119
39,VASLUI,166,0,SCOALA GENERALA SUCEVENI,BOGDANA,162595,C,3,200,193,7,115,108,7,0,111,4,300,185,91,20
39,VASLUI,167,0,SCOALA GENERALA GAVAN,BOGDANA,162595,C,3,130,114,16,97,81,16,0,95,2,202,105,81,14
39,VASLUI,168,0,SCOALA GENERALA VERDES,BOGDANA,162595,C,3,170,163,7,122,106,7,9,121,1,202,80,77,44
39,VASLUI,169,0,SCOALA GENERALA LACU BABEI,BOGDANA,162595,C,3,320,313,7,176,159,7,10,172,4,400,224,146,26
39,VASLUI,170,0,SCOALA GENERALA BOGDANESTI,BOGDANESTI,162693,C,3,891,854,37,497,460,37,0,494,3,900,403,387,107
39,VASLUI,171,0,SCOALA GENERALA BUDA,BOGDANESTI,162693,C,3,305,293,12,178,165,12,1,173,5,400,222,122,51
39,VASLUI,172,0,SCOALA GENERALA VISINARI,BOGDANESTI,162693,C,3,176,158,18,109,91,18,0,107,2,200,91,83,24
39,VASLUI,173,0,SCOALA GENERALA ULEA,BOGDANESTI,162693,C,3,349,317,32,198,166,32,0,197,1,402,204,161,36
39,VASLUI,174,0,SCOALA GENERALA UNTESTI,BOGDANESTI,162693,C,3,773,736,37,434,397,37,0,431,3,800,366,356,75
39,VASLUI,175,0,SCOALA GENERALA HOROIATA,BOGDANESTI,162693,C,3,112,94,18,76,58,18,0,75,1,202,126,51,24
39,VASLUI,176,0,SCOALA GENERALA BOGDANITA,BOGDANITA,162791,C,3,205,195,10,96,86,10,0,96,0,300,204,85,11
39,VASLUI,177,0,SCOALA GENERALA COROIESTI,BOGDANITA,162791,C,3,344,334,10,221,198,10,13,219,2,400,179,186,33
39,VASLUI,178,0,SCOALA GENERALA TUNSESTI,BOGDANITA,162791,C,3,212,202,10,135,125,10,0,135,0,302,167,110,25
39,VASLUI,179,0,SCOALA GENERALA CEPESTI,BOGDANITA,162791,C,3,466,457,9,260,251,9,0,257,3,500,240,202,55
39,VASLUI,180,0,SCOALA GENERALA BOTESTI,BOTESTI,162871,C,3,934,898,36,520,484,36,0,513,7,1002,482,390,123
39,VASLUI,181,0,SCOALA GENERALA GUGESTI,BOTESTI,162871,C,3,940,927,13,586,573,13,0,581,5,1000,414,465,116
39,VASLUI,182,0,SCOALA GENERALA AVERESTI,BUNESTI-AVERESTI,162924,C,3,306,293,13,177,164,13,0,174,3,300,123,129,45
39,VASLUI,183,0,SCOALA GENERALA BUNESTI,BUNESTI-AVERESTI,162924,C,3,1075,1055,20,652,632,20,0,645,7,1200,548,520,125
39,VASLUI,184,0,SCOALA GENERALA PLOPI,BUNESTI-AVERESTI,162924,C,3,465,450,15,261,246,15,0,257,4,500,239,205,52
39,VASLUI,185,0,SCOALA GENERALA ARMASENI,BUNESTI-AVERESTI,162924,C,3,372,350,22,209,187,22,0,208,1,400,191,171,37
39,VASLUI,186,0,SCOALA GENERALA PODU OPRII,BUNESTI-AVERESTI,162924,C,3,243,202,41,162,121,41,0,160,2,300,138,133,27
39,VASLUI,187,0,SCOALA CU CLASELE I-VIII CIOCANI,CIOCANI,167268,C,3,850,801,49,443,387,49,7,432,11,902,459,315,117
39,VASLUI,188,0,SCOALA CU CLASELE I-IV CRANG,CIOCANI,167268,C,3,375,337,38,264,226,38,0,257,7,402,138,187,70
39,VASLUI,189,0,SCOALA GENERALA CODAESTI,CODAESTI,163002,C,3,1880,1811,69,1056,987,69,0,1043,13,2000,944,809,234
39,VASLUI,190,0,SCOALA GENERALA PRIBESTI,CODAESTI,163002,C,3,1076,1042,34,640,606,34,0,626,14,1102,462,525,101
39,VASLUI,191,0,SCOALA GENERALA REDIU GALIAN,CODAESTI,163002,C,3,563,527,36,300,264,36,0,295,5,600,300,259,36
39,VASLUI,192,0,COOPERATIVA DE CONSUM CODAESTI,CODAESTI,163002,C,3,403,386,17,276,259,17,0,270,6,400,124,223,47
39,VASLUI,193,0,SCOALA CU CLASELE I-X COROIESTI JOS,COROIESTI,163057,C,3,448,429,19,271,252,19,0,268,3,500,229,187,81
39,VASLUI,194,0,SCOALA CU CLASELE I-IV COROIESTI SUS,COROIESTI,163057,C,3,183,170,13,109,96,13,0,104,5,202,93,74,30
39,VASLUI,195,0,SCOALA CU CLASELE I-IV MOVILENI,COROIESTI,163057,C,3,210,193,17,127,110,17,0,125,2,200,73,76,49
39,VASLUI,196,0,SCOALA CU CLASELE I-IV CHILIENI,COROIESTI,163057,C,3,315,277,38,196,158,38,0,190,6,300,104,148,42
39,VASLUI,197,0,SCOALA CU CLASELE I-VIII MIRENI,COROIESTI,163057,C,3,448,391,57,414,357,57,0,412,2,500,86,327,85
39,VASLUI,198,0,SCOALA CU CLASELE I-IV HREASCA,COROIESTI,163057,C,3,286,274,12,202,190,12,0,196,6,300,98,125,71
39,VASLUI,199,0,CAMINUL CULTURAL COSTESTI,COSTESTI,163137,C,3,1637,1602,35,961,926,35,0,937,24,1700,739,601,336
39,VASLUI,200,0,SCOALA GENERALA PUNTISENI,COSTESTI,163137,C,3,267,256,11,172,161,11,0,170,2,302,130,124,46
39,VASLUI,201,0,SCOALA GENERALA CHITCANI,COSTESTI,163137,C,3,303,292,11,192,181,11,0,189,3,300,108,127,62
39,VASLUI,202,0,SCOALA GENERALA DINGA,COSTESTI,163137,C,3,137,123,14,98,84,14,0,97,1,200,102,68,29
39,VASLUI,203,0,SCOALA GENERALA RADESTI,COSTESTI,163137,C,3,142,135,7,107,100,7,0,107,0,200,93,72,35
39,VASLUI,204,0,SCOALA GENERALA PIRVESTI,COSTESTI,163137,C,3,107,82,25,78,53,25,0,76,2,102,24,50,26
39,VASLUI,205,0,SCOALA GENERALA COZMESTI,COZMESTI,167277,C,3,312,298,14,165,151,14,0,162,3,400,235,118,44
39,VASLUI,206,0,SCOALA GENERALA BALESTI,COZMESTI,167277,C,3,661,636,25,384,359,25,0,374,10,700,316,256,118
39,VASLUI,207,0,SCOALA GENERALA FISTICI,COZMESTI,167277,C,3,955,938,17,488,471,17,0,471,17,1002,514,412,59
39,VASLUI,208,0,CAMINUL CULTURAL CRETESTI,CRETESTI,163208,C,3,491,473,18,275,257,18,0,275,0,500,225,225,50
39,VASLUI,209,0,SCOALA GENERALA CRETESTI DE SUS,CRETESTI,163208,C,3,532,515,17,301,284,17,0,292,9,600,299,216,76
39,VASLUI,210,0,SCOALA GENERALA SATU NOU,CRETESTI,163208,C,3,278,273,5,190,185,5,0,185,5,300,110,124,61
39,VASLUI,211,0,SCOALA GENERALA BUDESTI,CRETESTI,163208,C,3,183,171,12,111,99,12,0,108,3,200,89,91,17
39,VASLUI,212,0,CAMINUL CULTURAL DANESTI,DANESTI,163253,C,3,544,527,17,284,267,17,0,277,7,600,316,221,56
39,VASLUI,213,0,SCOALA CU CLASELE I-VIII EMIL RACOVITA,DANESTI,163253,C,3,900,887,13,469,456,13,0,452,17,1000,531,381,71
39,VASLUI,214,0,SCOALA CU CLASELE I-IV BEREASA,DANESTI,163253,C,3,322,311,11,178,167,11,0,175,3,400,222,158,17
39,VASLUI,215,0,SCOALA CU CLASELE I-IV TATARANI,DANESTI,163253,C,3,211,200,11,123,112,11,0,120,3,300,177,95,25
39,VASLUI,216,0,CAMINUL CULTURAL DELENI,DELENI,163324,C,3,1400,1383,17,780,763,17,0,768,12,1500,720,530,238
39,VASLUI,217,0,SCOALA GENERALA BULBOACA,DELENI,163324,C,3,533,518,15,315,300,15,0,310,5,600,285,177,133
39,VASLUI,218,0,SCOALA CU CLASELE I-X DELESTI,DELESTI,163379,C,3,589,563,26,358,332,26,0,353,5,600,242,257,96
39,VASLUI,219,0,SCOALA CU CLASELE I-IV ALBESTI,DELESTI,163379,C,3,194,186,8,128,120,8,0,123,5,200,72,101,22
39,VASLUI,220,0,SCOALA CU CLASELE I-IV FUNDATURA,DELESTI,163379,C,3,493,472,21,274,253,21,0,271,3,500,226,233,38
39,VASLUI,221,0,SCOALA CU CLASELE I-VIII HIRSOVA,DELESTI,163379,C,3,623,608,15,328,313,15,0,320,8,700,372,262,58
39,VASLUI,222,0,SCOALA CU CLASELE I-IV RADUIESTI,DELESTI,163379,C,3,188,174,14,123,109,14,0,117,6,200,77,84,33
39,VASLUI,223,0,SCOALA GENERALA CU CLASELE I-VIII HURDUGI,DIMITRIE CANTEMIR,164277,C,3,628,584,44,378,334,44,0,376,2,600,222,245,131
39,VASLUI,224,0,SCOALA GENERALA CU CLASELE I-IV GRUMEZOAIA,DIMITRIE CANTEMIR,164277,C,3,495,482,13,293,280,13,0,291,2,500,207,191,100
39,VASLUI,225,0,SCOALA GENERALA CU CLASELE I-VIII GUSITEI,DIMITRIE CANTEMIR,164277,C,3,679,665,14,416,402,14,0,410,6,700,284,317,93
39,VASLUI,226,0,SCOALA GENERALA CU CLASELE I-IV PLOTONESTI,DIMITRIE CANTEMIR,164277,C,3,328,313,15,204,189,15,0,202,2,400,196,163,39
39,VASLUI,227,0,SCOALA GENERALA CU CLASELE I-VIII URLATI,DIMITRIE CANTEMIR,164277,C,3,264,237,27,178,151,27,0,177,1,300,122,124,53
39,VASLUI,228,0,SCOALA GENERALA DODESTI,DODESTI,167286,C,3,1297,1272,25,710,683,25,2,704,6,1400,690,556,148
39,VASLUI,229,0,SCOALA GENERALA URDESTI,DODESTI,167286,C,3,211,195,16,135,119,16,0,134,1,200,65,100,34
39,VASLUI,230,0,CAMINUL CULTURAL DRAGOMIRESTI,DRAGOMIRESTI,163486,C,3,539,511,28,325,258,28,39,321,4,600,275,269,52
39,VASLUI,231,0,SCOALA GENERALA POIANA PETREI,DRAGOMIRESTI,163486,C,3,253,241,12,176,154,12,10,168,8,302,126,144,24
39,VASLUI,232,0,SCOALA GENERALA DOAGELE,DRAGOMIRESTI,163486,C,3,759,727,32,536,501,32,3,529,7,800,264,383,146
39,VASLUI,233,0,SCOALA GENERALA VLADIA,DRAGOMIRESTI,163486,C,3,360,346,14,227,179,14,34,226,1,400,173,141,85
39,VASLUI,234,0,SCOALA GENERALA BELZENI,DRAGOMIRESTI,163486,C,3,188,167,21,128,99,21,8,127,1,202,74,112,15
39,VASLUI,235,0,SCOALA GENERALA BABUTA,DRAGOMIRESTI,163486,C,3,124,107,17,108,84,17,7,108,0,200,92,90,18
39,VASLUI,236,0,SCOALA GENERALA RADENI,DRAGOMIRESTI,163486,C,3,823,796,27,482,428,27,27,479,3,900,418,450,29
39,VASLUI,237,0,SCOALA GENERALA TULESTI,DRAGOMIRESTI,163486,C,3,174,161,13,127,93,13,21,126,1,202,75,117,9
39,VASLUI,238,0,SCOALA GENERALA POPESTI,DRAGOMIRESTI,163486,C,3,305,305,0,232,192,0,40,232,0,402,170,220,12
39,VASLUI,239,0,SCOALA GENERALA GHERMANESTI,DRANCENI,163618,C,3,1802,1767,35,1034,999,35,0,1024,10,1902,868,639,385
39,VASLUI,240,0,SCOALA GENERALA DRINCENI,DRANCENI,163618,C,3,479,450,29,259,230,29,0,255,4,500,241,169,86
39,VASLUI,241,0,SCOALA GENERALA RISESTI,DRANCENI,163618,C,3,1459,1425,34,833,799,34,0,823,10,1500,667,555,268
39,VASLUI,242,0,SCOALA GENERALA EPURENI,DUDA-EPURENI,163681,C,3,1295,1278,17,674,657,17,0,664,10,1400,726,444,220
39,VASLUI,243,0,SCOALA GENERALA DUDA,DUDA-EPURENI,163681,C,3,1263,1238,25,648,623,25,0,634,14,1300,652,357,277
39,VASLUI,244,0,SCOALA GENERALA VALEA GRECULUI,DUDA-EPURENI,163681,C,3,1195,1168,27,665,638,27,0,658,7,1200,535,434,224
39,VASLUI,245,0,SCOALA GENERALA BOBESTI,DUDA-EPURENI,163681,C,3,129,121,8,95,87,8,0,91,4,200,105,82,9
39,VASLUI,246,0,CAMINUL CULTURAL DUMESTI,DUMESTI,163734,C,3,1948,1918,30,898,868,30,0,883,15,2100,1202,665,218
39,VASLUI,247,0,SCOALA CU CLASELE I-IV DUMESTII VECHI,DUMESTI,163734,C,3,322,311,11,169,158,11,0,167,2,402,233,130,37
39,VASLUI,248,0,SCOALA CU CLASELE I-IV VALEA MARE,DUMESTI,163734,C,3,575,563,12,351,339,12,0,341,10,602,251,291,50
39,VASLUI,249,0,SCOALA GENERALA EPURENI,EPURENI,163789,C,3,834,806,28,487,424,28,35,478,9,902,415,346,132
39,VASLUI,250,0,SCOALA GENERALA BURSUCI,EPURENI,163789,C,3,720,698,22,389,366,22,1,382,7,800,411,320,62
39,VASLUI,251,0,SCOALA GENERALA BARLALESTI,EPURENI,163789,C,3,636,624,12,338,326,12,0,323,15,700,362,242,81
39,VASLUI,252,0,SCOALA GENERALA HORGA,EPURENI,163789,C,3,390,374,16,218,202,16,0,217,1,400,182,152,65
39,VASLUI,253,0,SCOALA GENERALA CU CLASELE I-VIII FALCIU,FALCIU,163832,C,3,1346,1314,32,697,665,32,0,680,17,1400,703,428,252
39,VASLUI,254,0,CAMINUL CULTURAL FALCIU,FALCIU,163832,C,3,834,827,7,489,481,7,1,482,7,900,411,274,208
39,VASLUI,255,0,SCOALA GENERALA CU CLASELE I-IV BOGDANESTI,FALCIU,163832,C,3,529,515,14,292,278,14,0,287,5,600,308,226,61
39,VASLUI,256,0,SCOALA GENERALA CU CLASELE I-VIII RANZESTI,FALCIU,163832,C,3,930,909,21,573,552,21,0,559,14,1000,427,444,115
39,VASLUI,257,0,SCOALA GENERALA CU CLASELE I-IV BOZIA,FALCIU,163832,C,3,461,451,10,281,271,10,0,278,3,500,219,182,96
39,VASLUI,258,0,SCOALA GENERALA CU CLASELE I-IV COPACEANA,FALCIU,163832,C,3,532,496,36,369,333,36,0,365,4,600,231,296,69
39,VASLUI,259,0,SCOALA GENERALA CU CLASELE I-IV ODAIA BOGDANA,FALCIU,163832,C,3,292,278,14,185,171,14,0,182,3,300,115,125,57
39,VASLUI,260,0,SCOALA CU CLASELE I-VIII FERESTI,FERESTI,167295,C,3,1762,1731,31,877,846,31,0,860,17,1900,1023,700,160
39,VASLUI,261,0,SCOALA CU CLASELE I-VIII FRUNTISENI,FRUNTISENI,167231,C,3,748,738,10,433,423,10,0,427,6,800,367,350,77
39,VASLUI,262,0,SCOALA CU CLASELE I-VIII GRAJDENI,FRUNTISENI,167231,C,3,623,601,22,385,363,22,0,375,10,700,315,247,128
39,VASLUI,263,0,SCOALA GENERALA GAGESTI,GAGESTI,163903,C,3,439,428,11,271,260,11,0,268,3,500,229,209,59
39,VASLUI,264,0,SCOALA GENERALA PEICANI,GAGESTI,163903,C,3,480,468,12,288,276,12,0,287,1,502,214,218,69
39,VASLUI,265,0,SCOALA GENERALA GIURCANI,GAGESTI,163903,C,3,429,422,7,271,264,7,0,267,4,502,231,208,59
39,VASLUI,266,0,SCOALA GENERALA TUPILATI,GAGESTI,163903,C,3,313,284,29,228,197,29,2,225,3,300,72,143,82
39,VASLUI,267,0,SCOALA CU CLASELE V-VIII GHERGHESTI,GHERGHESTI,163967,C,3,1013,985,28,492,463,28,1,486,6,1100,608,417,69
39,VASLUI,268,0,SCOALA GENERALA CU CLASELE I-IV LUNCA,GHERGHESTI,163967,C,3,374,351,23,233,210,23,0,232,1,402,169,207,25
39,VASLUI,269,0,SCOALA GENERALA CU CLASELE I-IV CORODESTI,GHERGHESTI,163967,C,3,264,249,15,133,118,15,0,130,3,300,167,110,20
39,VASLUI,270,0,SCOALA GENERALA CHETROSU,GHERGHESTI,163967,C,3,447,411,36,254,218,36,0,252,2,500,246,226,26
39,VASLUI,271,0,SCOALA GENERALA CU CLASELE I-IV DRAXENI,GHERGHESTI,163967,C,3,148,123,25,89,64,25,0,84,5,200,111,68,16
39,VASLUI,272,0,CAMINUL CULTURAL GIRCENI,GARCENI,164062,C,3,865,847,18,560,521,18,21,546,14,902,342,435,111
39,VASLUI,273,0,SCOALA PRIMARA DUMBRAVENI,EPURENI,163789,C,3,262,246,16,160,144,16,0,159,1,300,140,133,26
39,VASLUI,274,0,SCOALA PRIMARA TROHAN,GARCENI,164062,C,3,202,191,11,141,115,11,15,139,2,200,59,116,23
39,VASLUI,275,0,SCOALA  RACOVA,GARCENI,164062,C,3,191,179,12,137,125,12,0,135,2,200,63,95,40
39,VASLUI,276,0,SCOALA PRIMARA RACOVITA,GARCENI,164062,C,3,156,141,15,105,90,15,0,105,0,200,95,92,13
39,VASLUI,277,0,SCOALA PRIMARA SLOBOZIA,GARCENI,164062,C,3,349,330,19,233,214,19,0,232,1,400,167,208,24
39,VASLUI,278,0,SCOALA CU CLASELE I-VIII GRIVITA,GRIVITA,164133,C,3,1193,1161,32,638,606,32,0,629,9,1200,562,460,169
39,VASLUI,279,0,SCOALA CU CLASELE I-VIII TRESTIANA,GRIVITA,164133,C,3,998,988,10,536,526,10,0,526,10,1100,564,276,250
39,VASLUI,280,0,SCOALA CU CLASELE I-IV ODAIA BURSUCANI,GRIVITA,164133,C,3,454,439,15,240,225,15,0,231,9,500,260,203,28
39,VASLUI,281,0,CAMINUL CULTURAL HOCENI,HOCENI,164197,C,3,528,503,25,340,313,25,2,333,7,600,260,282,51
39,VASLUI,282,0,GRADINITA DE COPII BARBOSI,HOCENI,164197,C,3,673,623,50,467,417,50,0,460,7,700,233,368,92
39,VASLUI,283,0,SCOALA GENERALA CU CLASELE I-IV DELENI,HOCENI,164197,C,3,522,470,52,310,258,52,0,309,1,500,190,197,112
39,VASLUI,284,0,SCOALA GENERALA CU CLASELE I-IV OTELENI,HOCENI,164197,C,3,569,485,84,412,328,84,0,405,7,500,88,325,80
39,VASLUI,285,0,SCOALA GENERALA CU CLASELE I-IV SISCANI,HOCENI,164197,C,3,367,321,46,269,223,46,0,266,3,400,131,219,47
39,VASLUI,286,0,SCOALA GENERALA CU CLASELE I-IV TOMSA,HOCENI,164197,C,3,142,127,15,100,85,15,0,99,1,200,100,87,12
39,VASLUI,287,0,SCOALA GENERALA IANA,IANA,164339,C,3,860,824,36,427,391,36,0,420,7,900,473,314,106
39,VASLUI,288,0,SCOALA GENERALA HALARESTI,IANA,164339,C,3,854,822,32,482,446,32,4,468,14,901,419,320,148
39,VASLUI,289,0,SCOALA GENERALA SILISTEA,IANA,164339,C,3,698,679,19,477,458,19,0,474,3,700,223,376,98
39,VASLUI,290,0,SCOALA GENERALA RECEA,IANA,164339,C,3,313,277,36,198,162,36,0,198,0,300,102,159,39
39,VASLUI,291,0,SCOALA GENERALA VADURILE,IANA,164339,C,3,262,253,9,150,141,9,0,148,2,300,150,130,18
39,VASLUI,292,0,SCOALA GENERALA IBANESTI,IBANESTI,167222,C,3,561,541,20,297,277,20,0,293,4,601,304,178,115
39,VASLUI,293,0,SCOALA CU CLASELE I-IV MANZATI,IBANESTI,167222,C,3,571,542,29,288,259,29,0,277,11,603,315,232,45
39,VASLUI,294,0,SCOALA CU CLASELE I-IV PUTUL OLARULUI,IBANESTI,167222,C,3,120,98,22,81,59,22,0,77,4,200,119,49,28
39,VASLUI,295,0,SCOALA GENERALA IVANESTI,IVANESTI,164393,C,3,1167,1077,90,633,541,90,2,621,12,1200,567,494,127
39,VASLUI,296,0,SCOALA GENERALA BROSTENI,IVANESTI,164393,C,3,514,491,23,276,253,23,0,271,5,500,224,218,53
39,VASLUI,297,0,SCOALA GENERALA VALEA MARE,IVANESTI,164393,C,3,449,426,23,274,251,23,0,269,5,502,228,238,31
39,VASLUI,298,0,SCOALA GENERALA COSCA,IVANESTI,164393,C,3,358,333,25,207,182,25,0,205,2,400,193,168,37
39,VASLUI,299,0,SCOALA GENERALA COSESTI,IVANESTI,164393,C,3,447,403,44,219,175,44,0,213,6,500,281,181,32
39,VASLUI,300,0,SCOALA GENERALA VALEA OANEI,IVANESTI,164393,C,3,287,267,20,171,151,20,0,170,1,302,131,156,14
39,VASLUI,301,0,SCOALA GENERALA URSOAIA,IVANESTI,164393,C,3,409,365,44,256,211,44,1,253,3,400,144,230,23
39,VASLUI,302,0,SCOALA GENERALA BLESCA,IVANESTI,164393,C,3,479,450,29,263,234,29,0,260,3,500,237,218,42
39,VASLUI,303,0,SCOALA DE ARTE SI MESERII IVESTI,IVESTI,164543,C,3,1192,1174,18,638,620,18,0,629,9,1302,664,455,174
39,VASLUI,304,0,SCOALA DE ARTE SI MESERII IVESTI,IVESTI,164543,C,3,1104,1099,5,650,645,5,0,643,7,1202,552,456,187
39,VASLUI,305,0,SCOALA GENERALA LAZA,LAZA,164598,C,3,1484,1436,48,791,743,48,0,783,8,1602,811,502,281
39,VASLUI,306,0,SCOALA GENERALA SAUCA,LAZA,164598,C,3,898,870,28,465,437,28,0,453,12,1002,537,350,103
39,VASLUI,307,0,SCOALA GENERALA RASNITA,LAZA,164598,C,3,272,261,11,122,111,11,0,118,4,300,178,81,37
39,VASLUI,308,0,CAMINUL CULTURAL LIPOVAT,LIPOVAT,164687,C,3,1286,1257,29,760,731,29,0,751,9,1400,640,614,137
39,VASLUI,309,0,GRADINITA DE COPII CORBU,LIPOVAT,164687,C,3,448,435,13,274,261,13,0,268,6,500,226,227,41
39,VASLUI,310,0,SCOALA GENERALA CHITOC,LIPOVAT,164687,C,3,870,850,20,512,492,20,0,505,7,900,388,308,197
39,VASLUI,311,0,SCOALA GENERALA CAPUSNENI,LIPOVAT,164687,C,3,239,218,21,163,142,21,0,162,1,300,137,141,21
39,VASLUI,312,0,SCOALA GENERALA FUNDU VAII,LIPOVAT,164687,C,3,411,390,21,293,272,21,0,291,2,400,107,270,21
39,VASLUI,313,0,SCOALA GENERALA LUNCA BANULUI,LUNCA BANULUI,164749,C,3,1676,1670,6,948,941,6,1,941,7,1800,852,692,249
39,VASLUI,314,0,SCOALA GENERALA OTETOAIA,LUNCA BANULUI,164749,C,3,671,658,13,381,368,13,0,376,5,700,319,284,92
39,VASLUI,315,0,SCOALA GENERALA LUNCA VECHE,LUNCA BANULUI,164749,C,3,79,71,8,51,43,8,0,51,0,102,51,19,32
39,VASLUI,316,0,SCOALA GENERALA FOCSA,LUNCA BANULUI,164749,C,3,132,124,8,108,100,8,0,107,1,202,94,79,28
39,VASLUI,317,0,SCOALA GENERALA BROSCOSESTI,LUNCA BANULUI,164749,C,3,464,455,9,257,248,9,0,250,7,500,243,154,96
39,VASLUI,318,0,SCOALA GENERALA MALUSTENI,MALUSTENI,164829,C,3,588,550,38,375,308,38,29,375,0,600,225,207,168
39,VASLUI,319,0,SCOALA GENERALA TUTCANI,MALUSTENI,164829,C,3,627,613,14,392,366,14,12,386,6,700,308,272,114
39,VASLUI,320,0,SCOALA GENERALA LUPESTI,MALUSTENI,164829,C,3,495,467,28,349,307,28,14,342,7,500,151,296,46
39,VASLUI,321,0,SCOALA GENERALA MANZATESTI,MALUSTENI,164829,C,3,401,381,20,222,202,20,0,216,6,400,178,181,35
39,VASLUI,322,0,SCOALA GENERALA GHIREASCA,MALUSTENI,164829,C,3,191,177,14,149,115,14,20,147,2,200,51,73,74
39,VASLUI,323,0,SCOALA GENERALA MANASTIREA,MALUSTENI,164829,C,3,100,67,33,96,43,33,20,93,3,102,6,71,22
39,VASLUI,324,0,SCOALA GENERALA MICLESTI,MICLESTI,164892,C,3,882,853,29,523,494,29,0,515,8,900,377,369,146
39,VASLUI,325,0,SCOALA GENERALA CHIRCESTI,MICLESTI,164892,C,3,1119,1096,23,594,571,23,0,590,4,1200,606,482,108
39,VASLUI,326,0,SCOALA GENERALA POPESTI,MICLESTI,164892,C,3,411,396,15,268,253,15,0,264,4,400,132,233,31
39,VASLUI,327,0,SCOALA GENERALA MUNTENII DE JOS,MUNTENII DE JOS,164936,C,3,1385,1353,32,760,728,32,0,757,3,1500,740,382,375
39,VASLUI,328,0,SCOALA GENERALA MINJESTI,MUNTENII DE JOS,164936,C,3,702,684,18,417,399,18,0,411,6,700,283,324,87
39,VASLUI,329,0,SCOALA GENERALA BACAOANI,MUNTENII DE JOS,164936,C,3,943,924,19,504,485,19,0,497,7,1000,496,326,171
39,VASLUI,330,0,SCOALA  I. AGARICI CU CLASELE I-VIII MUNTENII DE SUS,MUNTENII DE SUS,167302,C,3,1209,1183,26,577,551,26,0,563,14,1300,723,400,163
39,VASLUI,331,0,SCOALA GENERALA CU CLASELE I-IV SATU NOU,MUNTENII DE SUS,167302,C,3,1645,1602,43,829,784,43,2,816,13,1700,871,489,327
39,VASLUI,332,0,SCOALA GENERALA  I-IV OLTENESTI,OLTENESTI,165069,C,3,397,382,15,195,180,15,0,193,2,400,205,111,82
39,VASLUI,333,0,SCOALA GENERALA I-IV CURTENI,OLTENESTI,165069,C,3,239,203,36,151,115,36,0,147,4,300,149,103,44
39,VASLUI,334,0,SCOALA GENERALA I-VIII VINETESTI,OLTENESTI,165069,C,3,619,604,15,341,326,15,0,336,5,700,359,290,46
39,VASLUI,335,0,SCOALA GENERALA I-VIII TARZII,OLTENESTI,165069,C,3,850,813,37,557,520,37,0,544,13,900,343,384,160
39,VASLUI,336,0,SCOALA GENERALA I-IV PIHNA,OLTENESTI,165069,C,3,154,142,12,107,95,12,0,105,2,200,93,78,27
39,VASLUI,337,0,SCOALA GENERALA I-IV ZGURA,OLTENESTI,165069,C,3,101,94,7,69,62,7,0,67,2,100,31,56,11
39,VASLUI,338,0,CAMINUL CULTURAL OSESTI,OSESTI,165130,C,3,1136,1128,8,713,637,8,68,701,12,1202,489,528,173
39,VASLUI,339,0,SCOALA GENERALA CU CLASELE I-VIII BUDA,OSESTI,165130,C,3,1027,1006,21,594,550,21,23,584,10,1100,506,469,115
39,VASLUI,340,0,SCOALA GENERALA CU CLASELE I-IV PADURENI,OSESTI,165130,C,3,226,216,10,107,97,10,0,105,2,302,195,80,25
39,VASLUI,341,0,SCOALA CU CLASELE I-VIII PADURENI,PADURENI,165185,C,3,1057,1035,22,538,516,22,0,532,6,1100,562,405,127
39,VASLUI,342,0,SCOALA CU CLASELE I-IV RUSCA,PADURENI,165185,C,3,578,560,18,329,311,18,0,320,9,600,271,261,59
39,VASLUI,343,0,SCOALA CU CLASELE I-IV DAVIDESTI,PADURENI,165185,C,3,488,462,26,257,231,26,0,247,10,500,243,187,60
39,VASLUI,344,0,SALA DE TINERET IVANESTI,PADURENI,165185,C,3,397,376,21,264,243,21,0,258,6,400,136,212,46
39,VASLUI,345,0,SCOALA CU CLASELE I-IV VALENI,PADURENI,165185,C,3,1141,1120,21,622,601,21,0,603,19,1200,578,400,203
39,VASLUI,346,0,CAMINUL CULTURAL PERIENI,PERIENI,165274,C,3,2321,2292,29,1153,1124,29,0,1139,14,2500,1347,844,295
39,VASLUI,347,0,SCOALA CU CLASELE I-IV PERIENI VALE,PERIENI,165274,C,3,397,384,13,239,226,13,0,234,5,402,163,185,49
39,VASLUI,348,0,SCOALA GENERALA BORODESTI,POCHIDIA,167311,C,3,263,230,33,176,138,33,5,172,4,303,127,131,41
39,VASLUI,349,0,SCOALA GENERALA SALCENI,POCHIDIA,167311,C,3,774,758,16,535,469,16,50,520,15,800,265,374,146
39,VASLUI,350,0,SCOALA GENERALA POCHIDIA,POCHIDIA,167311,C,3,390,373,17,222,205,17,0,219,3,402,180,139,80
39,VASLUI,351,0,SCOALA GENERALA POGANA,POGANA,165416,C,3,565,551,14,323,309,14,0,315,8,600,277,227,88
39,VASLUI,352,0,SCOALA GENERALA TOMESTI,POGANA,165416,C,3,685,670,15,377,362,15,0,370,7,700,323,249,121
39,VASLUI,353,0,SCOALA GENERALA BOGESTI,POGANA,165416,C,3,547,532,15,295,280,15,0,292,3,603,308,228,64
39,VASLUI,354,0,SCOALA GENERALA MASCUREI,POGANA,165416,C,3,629,619,10,275,265,10,0,260,15,700,425,165,95
39,VASLUI,355,0,SCOALA GENERALA CU CLASELE I-VIII POGONESTI,POGONESTI,167259,C,3,1422,1404,18,870,852,18,0,856,14,1502,632,626,230
39,VASLUI,356,0,SCOALA GENERALA POIENESTI,POIENESTI,165336,C,3,669,649,20,321,301,20,0,317,4,700,379,216,101
39,VASLUI,357,0,SCOALA GENERALA OPRISITA,POIENESTI,165336,C,3,666,651,15,371,356,15,0,366,5,700,329,251,115
39,VASLUI,358,0,SCOALA GENERALA FRASINU,POIENESTI,165336,C,3,322,310,12,158,146,12,0,158,0,402,244,136,22
39,VASLUI,359,0,SCOALA GENERALA POIENESTI DEAL,POIENESTI,165336,C,3,100,72,28,71,43,28,0,70,1,102,31,56,14
39,VASLUI,360,0,SCOALA GENERALA FUNDU VAII,POIENESTI,165336,C,3,81,71,10,64,54,10,0,64,0,102,38,52,12
39,VASLUI,361,0,SCOALA GENERALA PUIESTI,PUIESTI,165470,C,3,1216,1193,23,624,601,23,0,619,5,1300,676,513,106
39,VASLUI,362,0,SCOALA GENERALA IEZER,PUIESTI,165470,C,3,261,244,17,173,156,17,0,173,0,302,129,146,27
39,VASLUI,363,0,SCOALA GENERALA GALTESTI,PUIESTI,165470,C,3,118,106,12,75,63,12,0,73,2,202,127,66,7
39,VASLUI,364,0,SCOALA GENERALA RUSI,PUIESTI,165470,C,3,335,309,26,235,209,26,0,232,3,400,165,209,23
39,VASLUI,365,0,SCOALA GENERALA FANTANELE,PUIESTI,165470,C,3,106,96,10,84,74,10,0,83,1,202,118,74,9
39,VASLUI,366,0,SCOALA GENERALA CALIMANESTI,PUIESTI,165470,C,3,265,248,17,180,163,17,0,172,8,302,122,157,15
39,VASLUI,367,0,SCOALA GENERALA FULGU,PUIESTI,165470,C,3,133,118,15,93,78,15,0,92,1,202,109,86,6
39,VASLUI,368,0,SCOALA GENERALA LALESTI,PUIESTI,165470,C,3,396,370,26,227,201,26,0,225,2,400,173,196,29
39,VASLUI,369,0,SCOALA GENERALA CRISTESTI,PUIESTI,165470,C,3,345,314,31,225,194,31,0,221,4,402,177,195,26
39,VASLUI,370,0,SCOALA GENERALA CETATUIA,PUIESTI,165470,C,3,373,351,22,237,215,22,0,234,3,402,165,207,27
39,VASLUI,371,0,SCOALA GENERALA ROTARI,PUIESTI,165470,C,3,100,87,13,71,58,13,0,70,1,100,29,63,7
39,VASLUI,372,0,SCOALA GENERALA BARTALUSI RAZESI,PUIESTI,165470,C,3,313,273,40,197,157,40,0,194,3,301,104,169,25
39,VASLUI,373,0,SCOALA CU CLASELE I-X PUNGESTI,PUNGESTI,165611,C,3,735,690,45,470,425,45,0,464,6,800,330,382,82
39,VASLUI,374,0,SCOALA PRIMARA STEJARU,PUNGESTI,165611,C,3,209,198,11,136,125,11,0,134,2,200,64,96,38
39,VASLUI,375,0,SCOALA PRIMARA SILISTEA,PUNGESTI,165611,C,3,230,207,23,139,116,23,0,135,4,300,161,94,41
39,VASLUI,376,0,SCOALA PRIMARA ARMASOAIA,PUNGESTI,165611,C,3,508,476,32,314,282,32,0,304,10,500,186,218,86
39,VASLUI,377,0,SCOALA PRIMARA TOPORASTI,PUNGESTI,165611,C,3,590,528,62,370,308,62,0,365,5,600,230,249,116
39,VASLUI,378,0,SCOALA PRIMARA CURSESTI DEAL,PUNGESTI,165611,C,3,224,197,27,136,109,27,0,134,2,200,64,115,19
39,VASLUI,379,0,SCOALA PRIMARA CURSESTI VALE,PUNGESTI,165611,C,3,262,220,42,170,128,42,0,170,0,300,130,107,63
39,VASLUI,380,0,SCOALA CU CLASELE I-VIII PUSCASI,PUSCASI,167320,C,3,1640,1620,20,935,901,20,14,915,20,1802,867,600,315
39,VASLUI,381,0,SCOALA CU CLASELE I-IV POIANA LUI ALEXA,PUSCASI,167320,C,3,298,286,12,167,144,12,11,163,4,300,133,111,52
39,VASLUI,382,0,SCOALA CU CLASELE I-IV TEISORU,PUSCASI,167320,C,3,363,356,7,223,216,7,0,215,8,400,177,181,34
39,VASLUI,383,0,SCOALA CU CLASELE I-IV VALEA TARGULUI,PUSCASI,167320,C,3,156,147,9,116,98,9,9,114,2,202,86,86,28
39,VASLUI,384,0,SCOALA CU CLASELE I-VIII RAFAILA,RAFAILA,167240,C,3,1483,1470,13,800,787,13,0,782,18,1602,802,544,238
39,VASLUI,385,0,CAMINUL CULTURAL REBRICEA,REBRICEA,165719,C,3,435,423,12,242,230,12,0,234,8,500,258,170,64
39,VASLUI,386,0,CAMINUL CULTURAL DRAXENI,REBRICEA,165719,C,3,694,678,16,388,372,16,0,382,6,704,316,327,55
39,VASLUI,387,0,SCOALA CU CLASELE I-IV SASOVA,REBRICEA,165719,C,3,227,218,9,145,136,9,0,145,0,300,155,110,35
39,VASLUI,388,0,SCOALA CU CLASELE I-IV TUFESTI DE JOS,REBRICEA,165719,C,3,326,312,14,209,195,14,0,201,8,400,191,155,46
39,VASLUI,389,0,SCOALA CU CLASELE I-IV BOLATI,REBRICEA,165719,C,3,179,170,9,109,100,9,0,107,2,203,94,79,28
39,VASLUI,390,0,SCOALA CU CLASELE I-IV CRACIUNESTI,REBRICEA,165719,C,3,316,305,11,193,182,11,0,188,5,401,208,132,56
39,VASLUI,391,0,SCOALA CU CLASELE I-IV TATOMIRESTI,REBRICEA,165719,C,3,243,234,9,124,115,9,0,119,5,301,177,101,18
39,VASLUI,392,0,SCOALA CU CLASELE I-IV RATESU CUZEI,REBRICEA,165719,C,3,403,387,16,246,230,16,0,241,5,409,163,186,55
39,VASLUI,393,0,SCOALA GENERALA CU CLASELE I-VIII ROSIESTI,ROSIESTI,165817,C,3,1126,1093,33,602,569,33,0,595,7,1202,600,454,141
39,VASLUI,394,0,SCOALA GENERALA CU CLASELE I-IV VALEA LUI DARIE,ROSIESTI,165817,C,3,569,551,18,346,328,18,0,344,2,604,258,283,61
39,VASLUI,395,0,SCOALA GENERALA CU CLASELE I-IV IDRICI,ROSIESTI,165817,C,3,355,342,13,204,191,13,0,201,3,402,198,160,41
39,VASLUI,396,0,SCOALA GENERALA CU CLASELE I-IV GURA IDRICI,ROSIESTI,165817,C,3,402,391,11,204,193,11,0,201,3,400,196,167,34
39,VASLUI,397,0,SCOALA GENERALA CU CLASELE I-IV GARA ROSIESTI,ROSIESTI,165817,C,3,302,282,20,187,162,20,5,185,2,302,115,107,78
39,VASLUI,398,0,SCOALA GENERALA CU CLASELE I-IV REDIU,ROSIESTI,165817,C,3,151,133,18,90,72,18,0,89,1,202,112,66,23
39,VASLUI,399,0,SCOALA GENERALA CU CLASELE I-IV CODRENI,ROSIESTI,165817,C,3,102,90,12,63,51,12,0,59,4,100,37,39,20
39,VASLUI,400,0,CAMINUL CULTURAL SOLESTI,SOLESTI,165899,C,3,936,897,39,506,462,39,5,500,6,900,394,349,151
39,VASLUI,401,0,SCOALA GENERALA BOUSORI,SOLESTI,165899,C,3,287,273,14,186,172,14,0,183,3,302,116,142,41
39,VASLUI,402,0,SCOALA GENERALA IAZ,SOLESTI,165899,C,3,241,229,12,136,124,12,0,133,3,300,164,105,28
39,VASLUI,403,0,SCOALA GENERALA SAT NOU,SOLESTI,165899,C,3,294,263,31,197,166,31,0,196,1,303,106,143,53
39,VASLUI,404,0,SCOALA GENERALA SERBOTESTI,SOLESTI,165899,C,3,701,648,53,425,372,53,0,416,9,700,275,300,116
39,VASLUI,405,0,SCOALA GENERALA STIOBORANI,SOLESTI,165899,C,3,434,421,13,224,211,13,0,220,4,502,278,180,40
39,VASLUI,406,0,SCOALA GENERALA VALEA SILISTEI,SOLESTI,165899,C,3,297,283,14,171,157,14,0,167,4,302,131,142,25
39,VASLUI,407,0,SCOALA GENERALA CU CLASELE I-VIII STANILESTI,STANILESTI,165979,C,3,2437,2427,10,1240,1229,10,1,1212,28,2600,1360,873,339
39,VASLUI,408,0,SCOALA CU CLASELE I-IV BUDU CANTEMIR,STANILESTI,165979,C,3,258,249,9,145,136,9,0,141,4,300,155,126,15
39,VASLUI,409,0,SCOALA CU CLASELE I-IV BOGDANA VOLOSENI,STANILESTI,165979,C,3,152,142,10,104,94,10,0,103,1,200,96,91,12
39,VASLUI,410,0,SCOALA CU CLASELE I-IV GURA VAII,STANILESTI,165979,C,3,374,359,15,216,201,15,0,209,7,400,184,168,41
39,VASLUI,411,0,SCOALA CU CLASELE I-VIII POGANESTI,STANILESTI,165979,C,3,913,901,12,565,553,12,0,557,8,1000,435,461,96
39,VASLUI,412,0,SCOALA CU CLASELE I-IV CHERSACOSU,STANILESTI,165979,C,3,407,389,18,262,244,18,0,257,5,400,138,233,24
39,VASLUI,413,0,CAMINUL CULTURAL STEFAN CEL MARE,STEFAN CEL MARE,166057,C,3,838,816,22,488,466,22,0,478,10,900,412,347,131
39,VASLUI,414,0,SCOALA GENERALA CU CLASELE I-VIII BIRZESTI,STEFAN CEL MARE,166057,C,3,1068,1048,20,643,623,20,0,628,15,1100,457,470,158
39,VASLUI,415,0,SCOALA CU CLASELE I-IV MARASENI,STEFAN CEL MARE,166057,C,3,642,630,12,421,409,12,0,411,10,697,276,287,124
39,VASLUI,416,0,CAMINUL CULTURAL SULETEA,SULETEA,166137,C,3,1054,1023,31,624,593,31,0,615,9,1100,476,419,196
39,VASLUI,417,0,SCOALA GENERALA FEDESTI,SULETEA,166137,C,3,517,507,10,320,310,10,0,313,7,600,280,254,59
39,VASLUI,418,0,SCOALA GENERALA JIGALIA,SULETEA,166137,C,3,244,228,16,153,137,16,0,151,2,300,147,111,40
39,VASLUI,419,0,SCOALA GENERALA RASCANI,SULETEA,166137,C,3,242,223,19,150,131,19,0,148,2,300,150,112,36
39,VASLUI,420,0,SCOALA GENERALA CU CLASELE I-VIII TANACU,TANACU,166182,C,3,1489,1462,27,814,781,27,6,801,13,1602,788,591,210
39,VASLUI,421,0,SCOALA GENERALA CU CLASELE I-IV BENESTI,TANACU,166182,C,3,348,343,5,198,193,5,0,194,4,402,204,153,41
39,VASLUI,422,0,SCOALA GENERALA TACUTA,TACUTA,166235,C,3,660,653,7,429,421,7,1,425,4,702,273,322,103
39,VASLUI,423,0,SCOALA PRIMARA DUMASCA,TACUTA,166235,C,3,364,340,24,221,197,24,0,219,2,402,181,184,35
39,VASLUI,424,0,SCOALA PRIMARA MIRCESTI,TACUTA,166235,C,3,283,275,8,180,172,8,0,178,2,300,120,145,33
39,VASLUI,425,0,SCOALA GIMNAZIALA FOCSASCA,TACUTA,166235,C,3,550,535,15,346,331,15,0,341,5,602,256,268,73
39,VASLUI,426,0,SCOALA GIMNAZIALA PROTOPOPESTI,TACUTA,166235,C,3,718,713,5,414,409,5,0,409,5,802,388,293,116
39,VASLUI,427,0,CAMINUL CULTURAL TATARANI,TATARANI,166315,C,3,927,915,12,464,440,12,12,456,8,1000,536,349,107
39,VASLUI,428,0,SCOALA GENERALA BALTATI,TATARANI,166315,C,3,538,526,12,258,246,12,0,252,6,600,342,218,34
39,VASLUI,429,0,SCOALA GENERALA STROESTI,TATARANI,166315,C,3,503,487,16,233,217,16,0,232,1,500,267,191,41
39,VASLUI,430,0,SCOALA CU CLASELE I-VIII TODIRESTI,TODIRESTI,166413,C,3,726,703,23,374,351,23,0,369,5,800,426,267,102
39,VASLUI,431,0,SCOALA CU CLASELE I-IV COTIC,TODIRESTI,166413,C,3,303,294,9,189,174,9,6,184,5,300,111,149,35
39,VASLUI,432,0,SCOALA CU CLASELE I-IV DRAGESTI,TODIRESTI,166413,C,3,295,284,11,190,179,11,0,187,3,300,110,168,19
39,VASLUI,433,0,SCOALA CU CLASELE I-IV HUC,TODIRESTI,166413,C,3,433,421,12,256,244,12,0,251,5,500,244,212,39
39,VASLUI,434,0,SCOALA CU CLASELE I-IV PLOPOASA,TODIRESTI,166413,C,3,185,175,10,91,81,10,0,91,0,194,103,67,24
39,VASLUI,435,0,SCOALA CU CLASELE I-IV SILISTEA,TODIRESTI,166413,C,3,284,275,9,178,169,9,0,178,0,300,122,129,49
39,VASLUI,436,0,SCOALA CU CLASELE I-IV SOFRONESTI,TODIRESTI,166413,C,3,145,140,5,97,92,5,0,96,1,200,103,72,24
39,VASLUI,437,0,SCOALA CU CLASELE I-IV VALEA POPII,TODIRESTI,166413,C,3,125,119,6,87,81,6,0,86,1,202,115,54,32
39,VASLUI,438,0,SCOALA CU CLASELE I-IV VIISOARA,TODIRESTI,166413,C,3,133,119,14,83,69,14,0,82,1,200,117,55,27
39,VASLUI,439,0,SCOALA GENERALA TUTOVA,TUTOVA,166529,C,3,1119,1072,47,582,512,47,23,573,9,1100,518,360,213
39,VASLUI,440,0,SCOALA GENERALA BADEANA,TUTOVA,166529,C,3,921,900,21,500,471,21,8,493,7,1000,500,329,164
39,VASLUI,441,0,SCOALA GENERALA CRIVESTI,TUTOVA,166529,C,3,458,437,21,219,198,21,0,213,6,500,281,154,59
39,VASLUI,442,0,SCOALA GENERALA CIORTOLOM,TUTOVA,166529,C,3,181,144,37,129,92,37,0,123,6,202,73,65,58
39,VASLUI,443,0,SCOALA GENERALA COROI,TUTOVA,166529,C,3,157,141,16,113,97,16,0,109,4,202,89,64,45
39,VASLUI,444,0,SCOALA GENERALA VIZURENI,TUTOVA,166529,C,3,190,161,29,155,126,29,0,151,4,202,47,80,71
39,VASLUI,445,0,SCOALA CU CLASELE I-VIII VALENI,VALENI,166636,C,3,2460,2422,38,1254,1212,38,4,1235,19,2600,1346,856,379
39,VASLUI,446,0,SCOALA CU CLASELE I-VIII MOARA DOMNEASCA,VALENI,166636,C,3,1082,1029,53,565,512,53,0,556,9,1100,535,373,183
39,VASLUI,447,0,CAMINUL CULTURAL VETRISOAIA,VETRISOAIA,166672,C,3,1764,1702,62,998,932,62,4,984,14,1800,802,737,247
39,VASLUI,448,0,SCOALA GENERALA NR 2 SATU NOU,VETRISOAIA,166672,C,3,1003,950,53,573,520,53,0,570,3,1000,427,421,149
39,VASLUI,449,0,SCOALA GENERALA BUMBATA,VETRISOAIA,166672,C,3,191,171,20,134,114,20,0,133,1,200,66,98,35
39,VASLUI,450,0,SCOALA GENERALA VIISOARA,VIISOARA,166707,C,3,1025,993,32,548,516,32,0,534,14,1100,552,420,114
39,VASLUI,451,0,SCOALA GENERALA VILTOTESTI,VIISOARA,166707,C,3,222,206,16,130,114,16,0,127,3,302,172,97,30
39,VASLUI,452,0,SCOALA GENERALA VALENI,VIISOARA,166707,C,3,152,135,17,88,71,17,0,86,2,200,112,68,18
39,VASLUI,453,0,SCOALA GENERALA HALTA DODESTI,VIISOARA,166707,C,3,182,157,25,96,71,25,0,93,3,202,106,72,21
39,VASLUI,454,0,SCOALA GENERALA VINDEREI,VINDEREI,166770,C,3,903,895,8,470,462,8,0,463,7,1000,530,318,145
39,VASLUI,455,0,SCOALA GENERALA BRADESTI,VOINESTI,166869,C,3,533,520,13,266,252,13,1,260,6,600,334,214,46
39,VASLUI,456,0,SCOALA GENERALA DOCANI,VINDEREI,166770,C,3,556,544,12,317,305,12,0,310,7,602,285,269,41
39,VASLUI,457,0,SCOALA GENERALA DOCANEASA,VINDEREI,166770,C,3,404,389,15,212,197,15,0,212,0,402,190,125,87
39,VASLUI,458,0,SCOALA GENERALA OBIRSENI,VINDEREI,166770,C,3,911,895,16,547,531,16,0,535,12,1002,455,463,72
39,VASLUI,459,0,SCOALA GENERALA VALEA LUNGA,VINDEREI,166770,C,3,393,383,10,182,172,10,0,177,5,402,220,116,61
39,VASLUI,460,0,SCOALA CU CLASELE I-VIII VOINESTI,VOINESTI,166869,C,3,433,401,32,212,180,32,0,205,7,502,290,177,28
39,VASLUI,461,0,SCOALA CU CLASELE I-VIII AVRAMESTI,VOINESTI,166869,C,3,612,585,27,372,345,27,0,365,7,602,230,286,79
39,VASLUI,462,0,SCOALA CU CLASELE I-IV MARASESTI,VOINESTI,166869,C,3,221,207,14,121,107,14,0,118,3,300,179,92,26
39,VASLUI,463,0,SCOALA CU CLASELE I-IV BANCESTI,VOINESTI,166869,C,3,183,143,40,132,92,40,0,128,4,202,70,107,21
39,VASLUI,464,0,SCOALA CU CLASELE I-IV STANCASENI,VOINESTI,166869,C,3,199,166,33,139,106,33,0,136,3,202,63,91,45
39,VASLUI,465,0,SCOALA CU CLASELE I-IV GIRDESTI,VOINESTI,166869,C,3,355,334,21,217,196,21,0,214,3,402,185,202,12
39,VASLUI,466,0,SCOALA CU CLASELE I-IV OBIRSENI,VOINESTI,166869,C,3,291,257,34,179,145,34,0,179,0,300,121,154,25
39,VASLUI,467,0,SCOALA CU CLASELE I-VIII OBIRSENI LINGURARI,VOINESTI,166869,C,3,623,570,53,405,352,53,0,397,8,600,195,377,20
39,VASLUI,468,0,CAMINUL CULTURAL VULTURESTI,VULTURESTI,166985,C,3,792,781,11,513,502,11,0,505,8,902,389,326,179
39,VASLUI,469,0,CAMINUL CULTURAL BUHAESTI,VULTURESTI,166985,C,3,726,704,22,511,433,22,56,506,5,802,291,381,125
39,VASLUI,470,0,SCOALA GENERALA VOINESTI,VULTURESTI,166985,C,3,261,251,10,184,174,10,0,178,6,302,118,112,66
39,VASLUI,471,0,SCOALA GENERALA NR 1 VUTCANI,VUTCANI,167035,C,3,1443,1394,49,886,837,49,0,872,14,1500,614,693,179
39,VASLUI,472,0,SCOALA GENERALA MALAESTI,VUTCANI,167035,C,3,302,289,13,224,168,13,43,216,8,300,76,140,76
39,VASLUI,473,0,SCOALA GENERALA POSTA ELAN,VUTCANI,167035,C,3,154,143,11,109,98,11,0,108,1,202,93,96,12
39,VASLUI,474,0,CAMINUL CULTURAL ZAPODENI,ZAPODENI,167071,C,3,1338,1315,23,901,844,23,34,883,18,1401,500,750,133
39,VASLUI,475,0,SCOALA GENERALA PORTARI,ZAPODENI,167071,C,3,525,513,12,379,349,12,18,376,3,600,221,310,66
39,VASLUI,476,0,SCOALA GENERALA DELEA,ZAPODENI,167071,C,3,203,192,11,137,117,11,9,137,0,200,63,103,34
39,VASLUI,477,0,SCOALA GENERALA CIOFENI,ZAPODENI,167071,C,3,134,126,8,105,88,8,9,104,1,202,97,94,10
39,VASLUI,478,0,SCOALA GENERALA TELEJNA,ZAPODENI,167071,C,3,312,298,14,210,180,14,16,202,8,302,92,176,26
39,VASLUI,479,0,SCOALA GENERALA BUTUCARIE,ZAPODENI,167071,C,3,162,149,13,133,116,13,4,129,4,200,67,108,21
39,VASLUI,480,0,SCOALA GENERALA UNCESTI,ZAPODENI,167071,C,3,347,314,33,295,255,33,7,290,5,400,105,262,28
39,VASLUI,481,0,SCOALA GENERALA DROBOSLOVESTI,ZAPODENI,167071,C,3,318,298,20,232,207,20,5,227,5,300,68,190,37
39,VASLUI,482,0,SCOALA GENERALA NR 1 ZORLENI,ZORLENI,167179,C,3,2720,2637,83,1253,1170,83,0,1234,19,2900,1647,741,493
39,VASLUI,483,0,SCOALA GENERALA  NR 2 ZORLENI,ZORLENI,167179,C,3,1344,1240,104,701,597,104,0,696,5,1300,599,530,166
39,VASLUI,484,0,SCOALA CU CLASELE I-VIII POPENI,ZORLENI,167179,C,3,2099,2071,28,1164,1136,28,0,1149,15,2202,1038,873,276
39,VASLUI,485,0,SCOALA CU CLASELE I-IV DEALU MARE,ZORLENI,167179,C,3,183,176,7,109,102,7,0,104,5,200,91,60,44
39,VASLUI,486,0,SCOALA CU CLASELE I-IV SIMILA,ZORLENI,167179,C,3,822,803,19,448,429,19,0,443,5,900,452,239,204
40,VALCEA,1,0,GRUP SCOLAR ENERGETIC,MUNICIPIUL RAMNICU VALCEA,167473,M,1,1134,1108,26,658,632,26,0,654,4,1105,447,184,470
40,VALCEA,2,0,GRUP SCOLAR ENERGETIC,MUNICIPIUL RAMNICU VALCEA,167473,M,1,954,941,13,562,549,13,0,559,3,1000,438,166,393
40,VALCEA,3,0,GRUP SCOLAR SANITAR,MUNICIPIUL RAMNICU VALCEA,167473,M,1,1398,1373,25,714,688,25,1,711,3,1500,786,293,418
40,VALCEA,4,0,GRUP SCOLAR SANITAR,MUNICIPIUL RAMNICU VALCEA,167473,M,1,1207,1185,22,689,617,22,50,687,2,1300,611,272,415
40,VALCEA,5,0,GRUP SCOLAR SANITAR,MUNICIPIUL RAMNICU VALCEA,167473,M,1,1278,1252,26,562,536,26,0,558,4,1400,838,199,359
40,VALCEA,6,0,GRADINITA NORD II,MUNICIPIUL RAMNICU VALCEA,167473,M,1,1051,1037,14,506,492,14,0,501,5,1100,594,147,354
40,VALCEA,7,0,GRADINITA NORD II,MUNICIPIUL RAMNICU VALCEA,167473,M,1,1117,1100,17,598,575,17,6,595,3,1200,602,231,364
40,VALCEA,8,0,GRADINITA NORD II,MUNICIPIUL RAMNICU VALCEA,167473,M,1,1112,1100,12,621,607,12,2,617,4,1200,579,225,392
40,VALCEA,9,0,GRUP SCOLAR HENRY COANDA,MUNICIPIUL RAMNICU VALCEA,167473,M,1,1228,1213,15,610,593,15,2,607,3,1300,690,226,381
40,VALCEA,10,0,GRUP SCOLAR HENRY COANDA,MUNICIPIUL RAMNICU VALCEA,167473,M,1,1087,1076,11,542,528,11,3,539,3,1200,658,196,343
40,VALCEA,11,0,GRUP SCOLAR HENRY COANDA,MUNICIPIUL RAMNICU VALCEA,167473,M,1,1052,1036,16,605,589,16,0,600,5,1100,495,181,419
40,VALCEA,12,0,GRUP SCOLAR HENRY COANDA,MUNICIPIUL RAMNICU VALCEA,167473,M,1,1158,1150,8,590,582,8,0,587,3,1300,710,226,361
40,VALCEA,13,0,GRUP SCOLAR HENRY COANDA,MUNICIPIUL RAMNICU VALCEA,167473,M,1,954,944,10,478,468,10,0,474,4,1101,623,160,314
40,VALCEA,14,0,GRUP SCOLAR MATEI BASARAB,MUNICIPIUL RAMNICU VALCEA,167473,M,1,1134,1121,13,553,540,13,0,552,1,1300,747,183,369
40,VALCEA,15,0,GRUP SCOLAR MATEI BASARAB,MUNICIPIUL RAMNICU VALCEA,167473,M,1,1015,1002,13,542,528,13,1,523,8,1100,569,185,338
40,VALCEA,16,0,GRUP SCOLAR MATEI BASARAB,MUNICIPIUL RAMNICU VALCEA,167473,M,1,1119,1111,8,602,588,8,6,600,2,1200,598,179,421
40,VALCEA,17,0,GRUP SCOLAR MATEI BASARAB,MUNICIPIUL RAMNICU VALCEA,167473,M,1,1187,1171,16,610,593,16,1,604,6,1400,790,232,372
40,VALCEA,18,0,GRUP SCOLAR FORESTIER,MUNICIPIUL RAMNICU VALCEA,167473,M,1,1047,1032,15,628,605,15,8,628,0,1100,472,195,433
40,VALCEA,19,0,GRUP SCOLAR FORESTIER,MUNICIPIUL RAMNICU VALCEA,167473,M,1,992,979,13,494,481,13,0,490,4,1099,605,154,336
40,VALCEA,20,0,GRUP SCOLAR FORESTIER,MUNICIPIUL RAMNICU VALCEA,167473,M,1,1079,1064,15,692,676,15,1,689,3,1200,508,237,452
40,VALCEA,21,0,SCOALA GENERALA NR.2,MUNICIPIUL RAMNICU VALCEA,167473,M,1,1028,1015,13,528,515,13,0,525,3,1098,570,200,325
40,VALCEA,22,0,SCOALA GENERALA NR.2,MUNICIPIUL RAMNICU VALCEA,167473,M,1,1056,1044,12,592,580,12,0,588,4,1100,508,188,400
40,VALCEA,23,0,SCOALA GENERALA NR.2,MUNICIPIUL RAMNICU VALCEA,167473,M,1,1184,1171,13,670,656,13,1,667,3,1300,630,229,438
40,VALCEA,24,0,SCOALA GENERALA NR.2,MUNICIPIUL RAMNICU VALCEA,167473,M,1,961,946,15,522,507,15,0,519,3,1100,578,205,314
40,VALCEA,25,0,SCOALA GENERALA NR.2,MUNICIPIUL RAMNICU VALCEA,167473,M,1,814,802,12,703,630,12,61,690,4,1100,397,244,446
40,VALCEA,26,0,SCOALA GENERALA NR.2,MUNICIPIUL RAMNICU VALCEA,167473,M,1,1152,1121,31,663,574,31,58,655,8,1301,638,224,431
40,VALCEA,27,0,SCOALA GENERALA NR.2,MUNICIPIUL RAMNICU VALCEA,167473,M,1,1028,1021,7,544,537,7,0,537,7,1098,554,230,307
40,VALCEA,28,0,SCOALA GENERALA TACHE IONESCU,MUNICIPIUL RAMNICU VALCEA,167473,M,1,1140,1122,18,701,681,18,2,695,6,1100,399,243,452
40,VALCEA,29,0,COLEGIUL NATIONAL ALEXANDRU LAHOVARY,MUNICIPIUL RAMNICU VALCEA,167473,M,1,1328,1308,20,793,771,20,2,793,0,1400,607,286,507
40,VALCEA,30,0,COLEGIUL NATIONAL ALEXANDRU LAHOVARY,MUNICIPIUL RAMNICU VALCEA,167473,M,1,1657,1638,19,1047,1028,19,0,1040,7,1706,659,380,660
40,VALCEA,31,0,GRUP SCOLAR OLTCHIM,MUNICIPIUL RAMNICU VALCEA,167473,M,1,1206,1184,22,753,643,22,88,749,4,1400,647,262,487
40,VALCEA,32,0,GRUP SCOLAR OLTCHIM,MUNICIPIUL RAMNICU VALCEA,167473,M,1,1212,1191,21,654,631,21,2,649,5,1300,646,223,426
40,VALCEA,33,0,SCOALA GENERALA NR.5,MUNICIPIUL RAMNICU VALCEA,167473,M,1,1109,1085,24,693,665,24,4,692,1,1199,506,232,460
40,VALCEA,34,0,DADP BLOCUL A17 ZONA LIBERTATII,MUNICIPIUL RAMNICU VALCEA,167473,M,1,1266,1245,21,710,687,21,2,700,10,1400,690,212,488
40,VALCEA,35,0,DAPTFL sediu PIATA CENTRALA,MUNICIPIUL RAMNICU VALCEA,167473,M,1,1027,1007,20,645,625,20,0,641,4,1100,455,210,431
40,VALCEA,36,0,DAPTFL sediu PIATA CENTRALA,MUNICIPIUL RAMNICU VALCEA,167473,M,1,864,853,11,475,464,11,0,474,1,899,424,167,307
40,VALCEA,37,0,DAPTFL SEDIU PIATA CENTRALA,MUNICIPIUL RAMNICU VALCEA,167473,M,1,1189,1171,18,680,660,18,2,678,2,1298,618,261,417
40,VALCEA,38,0,GRADINITA COZIA I,MUNICIPIUL RAMNICU VALCEA,167473,M,1,1253,1239,14,709,690,14,5,705,4,1298,589,255,450
40,VALCEA,39,0,GRADINITA COZIA I,MUNICIPIUL RAMNICU VALCEA,167473,M,1,1238,1220,18,702,684,18,0,697,5,1300,598,224,473
40,VALCEA,40,0,CAR PENSIONARI,MUNICIPIUL RAMNICU VALCEA,167473,M,1,1309,1292,17,771,746,17,8,763,8,1402,631,272,491
40,VALCEA,41,0,SEDIUL ELECTRICA,MUNICIPIUL RAMNICU VALCEA,167473,M,1,1150,1136,14,707,691,14,2,705,2,1200,493,231,474
40,VALCEA,42,0,SCOALA GENERALA NR.3,MUNICIPIUL RAMNICU VALCEA,167473,M,1,1258,1226,32,693,661,32,0,688,5,1301,608,255,433
40,VALCEA,43,0,"GRUPUL SCOLAR NICOLAE PLESOIANU,STR.MORILOR",MUNICIPIUL RAMNICU VALCEA,167473,M,1,1326,1288,38,778,740,38,0,765,13,1414,636,315,450
40,VALCEA,44,0,CARTIER PETRISOR PT8,MUNICIPIUL RAMNICU VALCEA,167473,M,1,1645,1630,15,755,738,15,2,748,7,1800,1045,328,420
40,VALCEA,45,0,SCOALA GENERALA NR.4,MUNICIPIUL RAMNICU VALCEA,167473,M,1,1228,1210,18,709,674,18,17,706,3,1300,591,265,441
40,VALCEA,46,0,SCOALA GENERALA NR.4,MUNICIPIUL RAMNICU VALCEA,167473,M,1,1385,1368,17,811,793,17,1,805,6,1400,589,351,454
40,VALCEA,47,0,SCOALA GENERALA NR.4,MUNICIPIUL RAMNICU VALCEA,167473,M,1,1528,1509,19,904,885,19,0,900,4,1799,895,331,569
40,VALCEA,48,0,GRUP SCOLAR ECONOMIC ADMINISTRATIV,MUNICIPIUL RAMNICU VALCEA,167473,M,1,1124,1106,18,648,629,18,1,645,3,1203,555,232,413
40,VALCEA,49,0,GRUP SCOLAR ECONOMIC ADMINISTRATIV,MUNICIPIUL RAMNICU VALCEA,167473,M,1,1069,1055,14,619,605,14,0,617,2,1001,382,228,389
40,VALCEA,50,0,GRUP SCOLAR ECONOMIC ADMINISTRATIV,MUNICIPIUL RAMNICU VALCEA,167473,M,1,1190,1169,21,592,571,21,0,589,3,1302,710,200,389
40,VALCEA,51,0,SCOALA GENERALA NR.10,MUNICIPIUL RAMNICU VALCEA,167473,M,1,1446,1429,17,790,769,17,4,761,8,1500,710,250,511
40,VALCEA,52,0,SCOALA GENERALA NR.10,MUNICIPIUL RAMNICU VALCEA,167473,M,1,1766,1746,20,971,945,20,6,966,5,1900,929,343,623
40,VALCEA,53,0,SCOALA GENERALA NR.10,MUNICIPIUL RAMNICU VALCEA,167473,M,1,1113,1102,11,486,474,11,1,485,1,1200,714,195,290
40,VALCEA,54,0,GRADINITA OSTROVENI I,MUNICIPIUL RAMNICU VALCEA,167473,M,1,1350,1332,18,691,667,18,6,685,6,1400,709,298,387
40,VALCEA,55,0,GRUP SCOLAR FERDINAND,MUNICIPIUL RAMNICU VALCEA,167473,M,1,986,974,12,454,440,12,2,453,1,1101,647,177,276
40,VALCEA,56,0,GRUP SCOLAR FERDINAND,MUNICIPIUL RAMNICU VALCEA,167473,M,1,1069,1051,18,527,509,18,0,525,2,1100,573,223,302
40,VALCEA,57,0,GRUP SCOLAR FERDINAND,MUNICIPIUL RAMNICU VALCEA,167473,M,1,1047,1036,11,474,454,11,9,469,5,1100,626,204,265
40,VALCEA,58,0,GRUP SCOLAR FERDINAND,MUNICIPIUL RAMNICU VALCEA,167473,M,1,1334,1321,13,635,622,13,0,630,5,1400,765,268,362
40,VALCEA,59,0,GRUP SCOLAR FERDINAND,MUNICIPIUL RAMNICU VALCEA,167473,M,1,1258,1190,68,623,555,68,0,619,3,1301,678,220,399
40,VALCEA,60,0,GRUP SCOLAR FERDINAND,MUNICIPIUL RAMNICU VALCEA,167473,M,1,1051,1036,15,542,527,15,0,540,2,1200,658,228,312
40,VALCEA,61,0,GRADINITA OSTROVENI II,MUNICIPIUL RAMNICU VALCEA,167473,M,1,1035,1022,13,499,486,13,0,493,6,1108,609,213,280
40,VALCEA,62,0,GRADINITA OSTROVENI II,MUNICIPIUL RAMNICU VALCEA,167473,M,1,1139,1128,11,569,555,11,3,567,2,1200,631,253,314
40,VALCEA,63,0,GRADINITA OSTROVENI II,MUNICIPIUL RAMNICU VALCEA,167473,M,1,1238,1227,11,543,532,11,0,543,0,1300,757,199,344
40,VALCEA,64,0,GRADINITA OSTROVENI II,MUNICIPIUL RAMNICU VALCEA,167473,M,1,1132,1118,14,573,559,14,0,573,0,1200,627,259,314
40,VALCEA,65,0,SCOALA GENERALA NR.9,MUNICIPIUL RAMNICU VALCEA,167473,M,1,1322,1281,41,718,677,41,0,709,9,1400,682,258,451
40,VALCEA,66,0,SCOALA GENERALA NR.9,MUNICIPIUL RAMNICU VALCEA,167473,M,1,1235,1221,14,598,584,14,0,598,0,1300,702,249,349
40,VALCEA,67,0,SCOALA GENERALA NR.9,MUNICIPIUL RAMNICU VALCEA,167473,M,1,1117,1096,21,525,504,21,0,521,4,1200,675,176,345
40,VALCEA,68,0,SCOALA GENERALA NR.9,MUNICIPIUL RAMNICU VALCEA,167473,M,1,981,969,12,487,473,12,2,487,0,1100,613,180,307
40,VALCEA,69,0,SCOALA GENERALA NR.9,MUNICIPIUL RAMNICU VALCEA,167473,M,1,1021,997,24,509,485,24,0,508,1,1100,399,161,347
40,VALCEA,70,0,SCOALA GENERALA NR.9,MUNICIPIUL RAMNICU VALCEA,167473,M,1,1073,1058,15,551,536,15,0,548,3,1206,655,195,353
40,VALCEA,71,0,SCOALA GENERALA NR.9,MUNICIPIUL RAMNICU VALCEA,167473,M,1,1144,1132,12,522,510,12,0,522,0,1202,680,177,345
40,VALCEA,72,0,SCOALA GENERALA NR.9,MUNICIPIUL RAMNICU VALCEA,167473,M,1,1262,1233,29,617,588,29,0,614,3,1298,681,224,390
40,VALCEA,73,0,SCOALA GENERALA NR.13,MUNICIPIUL RAMNICU VALCEA,167473,M,1,1066,1053,13,483,470,13,0,479,4,1204,721,206,273
40,VALCEA,74,0,SCOALA GENERALA NR.13,MUNICIPIUL RAMNICU VALCEA,167473,M,1,1224,1206,18,626,608,18,0,626,0,1303,677,217,409
40,VALCEA,75,0,SCOALA GENERALA NR.13,MUNICIPIUL RAMNICU VALCEA,167473,M,1,1014,1004,10,516,504,10,2,516,0,1100,584,221,295
40,VALCEA,76,0,SCOALA GENERALA NR.13,MUNICIPIUL RAMNICU VALCEA,167473,M,1,1115,1099,16,509,489,16,4,501,8,1200,691,216,285
40,VALCEA,77,0,SCOALA GENERALA NR.13,MUNICIPIUL RAMNICU VALCEA,167473,M,1,1152,1135,17,593,574,17,2,589,4,1200,607,233,356
40,VALCEA,78,0,SCOALA GENERALA NR.13,MUNICIPIUL RAMNICU VALCEA,167473,M,1,1037,1016,21,547,526,21,0,541,6,1100,553,210,331
40,VALCEA,79,0,SCOALA GENERALA NR.13,MUNICIPIUL RAMNICU VALCEA,167473,M,1,935,910,25,480,453,25,2,478,2,1005,525,183,295
40,VALCEA,80,0,SCOALA CU CLASELE I-IV RIURENI,MUNICIPIUL RAMNICU VALCEA,167473,M,1,719,700,19,418,399,19,0,416,2,900,482,198,218
40,VALCEA,81,0,SCOALA CU CLASELE I-IV STOLNICENI,MUNICIPIUL RAMNICU VALCEA,167473,M,1,447,421,26,300,274,26,0,299,1,600,300,175,124
40,VALCEA,82,0,SCOALA GENERALA COLONIA NUCI,MUNICIPIUL RAMNICU VALCEA,167473,M,1,864,802,62,518,402,62,54,505,13,897,379,234,271
40,VALCEA,83,0,SCOALA CU CLASELE I-VIII COPACELU,MUNICIPIUL RAMNICU VALCEA,167473,M,1,1567,1496,71,910,833,71,6,904,6,1600,690,426,478
40,VALCEA,84,0,SCOALA CU CLASELE I-IV CAZANESTI,MUNICIPIUL RAMNICU VALCEA,167473,M,1,764,749,15,426,411,15,0,419,7,800,374,223,196
40,VALCEA,85,0,SCOALA CU CLASELE I-VIII GORANU,MUNICIPIUL RAMNICU VALCEA,167473,M,1,1252,1224,28,668,640,28,0,660,8,1800,1132,287,373
40,VALCEA,86,0,SCOALA CU CLASELE I-VIII GORANU,MUNICIPIUL RAMNICU VALCEA,167473,M,1,1685,1646,39,918,879,39,0,906,12,1301,383,379,527
40,VALCEA,87,0,SCOALA CU CLASELE I-IV FETENI,MUNICIPIUL RAMNICU VALCEA,167473,M,1,194,167,27,125,98,27,0,124,1,302,177,51,73
40,VALCEA,88,1,SPITALUL DE URGENTA RM. VALCEA,MUNICIPIUL RAMNICU VALCEA,167473,M,1,10,0,10,265,0,10,255,260,5,400,135,131,129
40,VALCEA,89,1,SPITALUL NR.2,MUNICIPIUL RAMNICU VALCEA,167473,M,1,11,0,11,171,0,11,160,171,0,300,129,93,78
40,VALCEA,90,1,SPITALUL DE OBSTETRICA SI GINECOLOGIE,MUNICIPIUL RAMNICU VALCEA,167473,M,1,10,0,10,116,0,10,106,116,0,395,279,63,53
40,VALCEA,91,1,UNITATEA MILITARA VLADESTI,MUNICIPIUL RAMNICU VALCEA,167473,M,1,11,0,11,323,0,11,312,315,8,500,177,145,170
40,VALCEA,92,1,COMANDAMENTUL DE JANDARMI RM. VALCEA,MUNICIPIUL RAMNICU VALCEA,167473,M,1,7,0,7,165,0,7,158,164,1,200,35,78,86
40,VALCEA,93,1,INSTITUTUL MILITAR PANAIT DONICI,MUNICIPIUL RAMNICU VALCEA,167473,M,1,7,0,7,80,0,7,73,79,1,400,320,26,53
40,VALCEA,94,1,GARA CFR RM. VALCEA,MUNICIPIUL RAMNICU VALCEA,167473,M,1,10,0,10,1068,0,10,1058,1059,9,1304,236,325,734
40,VALCEA,95,1,AUTOGARA 1 MAI,MUNICIPIUL RAMNICU VALCEA,167473,M,1,8,0,8,663,0,8,655,658,5,800,137,238,420
40,VALCEA,96,0,SCOALA TUDOR VLADIMIRESCU,MUNICIPIUL DRAGASANI,167981,M,1,1572,1551,21,821,800,21,0,814,6,1700,879,353,461
40,VALCEA,97,0,GRUP SCOLAR AGRICOL I.C. BRATIANU,MUNICIPIUL DRAGASANI,167981,M,1,1393,1379,14,599,585,14,0,597,2,1500,901,311,286
40,VALCEA,98,0,CAMINUL DE COPII DIN ALEEA MUNCII,MUNICIPIUL DRAGASANI,167981,M,1,1511,1499,12,707,695,12,0,702,5,1601,894,320,382
40,VALCEA,99,0,GRADINITA DE COPII BRATIANU,MUNICIPIUL DRAGASANI,167981,M,1,871,855,16,483,467,16,0,475,8,1000,517,293,182
40,VALCEA,100,0,SCOALA NICOLAE BALCESCU,MUNICIPIUL DRAGASANI,167981,M,1,1243,1231,12,633,621,12,0,628,5,1305,672,292,336
40,VALCEA,101,0,GRUP SCOLAR AGRICOL I.C. BRATIANU,MUNICIPIUL DRAGASANI,167981,M,1,1489,1476,13,686,673,13,0,678,8,1600,914,301,377
40,VALCEA,102,0,COLEGIUL NATIONAL GIB MIHAESCU,MUNICIPIUL DRAGASANI,167981,M,1,1520,1508,12,1109,743,12,354,1106,3,1600,491,493,613
40,VALCEA,103,0,SC AGROMEC SA - SCOALA PROFESIONALA,MUNICIPIUL DRAGASANI,167981,M,1,1096,1084,12,634,622,12,0,619,15,1200,566,393,226
40,VALCEA,104,0,SCOALA GENERALA BARSANU,MUNICIPIUL DRAGASANI,167981,M,1,1434,1423,11,914,903,11,0,899,15,1500,586,681,218
40,VALCEA,105,0,SCOALA GENERALA NICOLAE BALCESCU,MUNICIPIUL DRAGASANI,167981,M,1,1421,1405,16,748,730,16,2,740,8,1480,732,379,361
40,VALCEA,106,0,SCOALA GENERALA TUDOR VLADIMIRESCU,MUNICIPIUL DRAGASANI,167981,M,1,1552,1537,15,824,809,15,0,821,3,1700,876,393,428
40,VALCEA,107,0,SCOALA GENERALA MOMOTESTI,MUNICIPIUL DRAGASANI,167981,M,1,844,834,10,526,516,10,0,516,10,900,374,330,186
40,VALCEA,108,0,SCOALA GENERALA CAPU DEALULUI,MUNICIPIUL DRAGASANI,167981,M,1,857,840,17,487,470,17,0,477,10,900,413,293,184
40,VALCEA,109,0,SCOALA GENERALA ZLATAREI,MUNICIPIUL DRAGASANI,167981,M,1,1218,1205,13,802,788,13,1,783,19,1300,498,496,287
40,VALCEA,110,1,"SPITALUL DRAGASANI , STR.DR. BAGDAZAR , NR.2A",MUNICIPIUL DRAGASANI,167981,M,1,0,0,0,171,0,0,171,168,3,300,129,111,57
40,VALCEA,111,1,SCOALA DE SUBOFITERI JANDARMI GRIGORE ALEXANDRU GHICA,MUNICIPIUL DRAGASANI,167981,M,1,20,0,20,403,0,20,383,401,2,500,97,162,239
40,VALCEA,112,0,PRIMARIA BAILE GOVORA,ORAS BAILE GOVORA,167641,O,1,1181,1164,17,735,668,17,50,730,5,1300,565,368,362
40,VALCEA,113,0,LICEUL BAILE GOVORA,ORAS BAILE GOVORA,167641,O,1,1116,1082,34,689,655,34,0,681,8,1300,611,370,311
40,VALCEA,114,0,SCOALA CU CLASELE I-IV GATEJESTI,ORAS BAILE GOVORA,167641,O,1,331,325,6,224,214,6,4,223,1,1300,1076,121,102
40,VALCEA,115,0,LICEUL TEORETIC BAILE OLANESTI,ORAS BAILE OLANESTI,167696,O,1,1634,1628,6,1027,1021,6,0,1015,12,1299,272,394,621
40,VALCEA,116,0,SCOALA GENERALA CU CLASELE I-VIII OLANESTI,ORAS BAILE OLANESTI,167696,O,1,1269,1262,7,759,752,7,0,756,3,1300,541,336,420
40,VALCEA,117,0,SCOALA CU CLASELE I-VIII CHEIA,ORAS BAILE OLANESTI,167696,O,1,854,831,23,537,513,23,1,524,13,1300,763,285,239
40,VALCEA,118,1,LICEUL BAILE OLANESTI,ORAS BAILE OLANESTI,167696,O,1,10,0,10,460,0,10,450,457,3,1300,840,176,281
40,VALCEA,119,0,CASA DE CULTURA BABENI,ORAS BABENI,168372,O,1,1616,1507,109,808,699,109,0,804,4,1600,792,365,439
40,VALCEA,120,0,LICEUL INDUSTRIAL BABENI,ORAS BABENI,168372,O,1,1311,1274,37,562,525,37,0,555,7,1300,738,266,289
40,VALCEA,121,0,CLUB GARA,ORAS BABENI,168372,O,1,656,600,56,390,247,56,87,381,9,700,310,221,160
40,VALCEA,122,0,SCOALA GENERALA CU CLASELE I-VIII VALEA MARE,ORAS BABENI,168372,O,1,939,887,52,426,374,52,0,422,4,999,573,338,84
40,VALCEA,123,0,SCOALA GENERALA CU CLASELE I-VIII VALEA MARE,ORAS BABENI,168372,O,1,1157,1026,131,531,400,131,0,520,11,1000,469,343,177
40,VALCEA,124,0,SCOALA GENERALA TATARANI,ORAS BABENI,168372,O,1,479,454,25,237,212,25,0,234,3,600,363,98,136
40,VALCEA,125,0,SCOALA SATUL ROMANI,ORAS BABENI,168372,O,1,1149,1113,36,626,590,36,0,612,14,1200,574,370,242
40,VALCEA,126,0,SCOALA PADURETU,ORAS BABENI,168372,O,1,214,200,14,127,113,14,0,126,1,301,174,72,54
40,VALCEA,127,0,CASA DE CULTURA BALCESTI,ORAS BALCESTI,168452,O,1,2065,2043,22,1083,920,22,141,1073,10,2191,1108,612,461
40,VALCEA,128,0,SCOALA CU CLASELE I-VIII BENESTI,ORAS BALCESTI,168452,O,1,384,362,22,231,209,22,0,225,6,400,169,175,50
40,VALCEA,129,0,SCOALA CU CLASELE I-VIII GORUNESTI,ORAS BALCESTI,168452,O,1,803,782,21,383,362,21,0,375,8,900,517,290,85
40,VALCEA,130,0,SCOALA CU CLASELE I-VIII IRIMESTI,ORAS BALCESTI,168452,O,1,610,574,36,298,262,36,0,281,17,600,302,201,80
40,VALCEA,131,0,SCOALA CU CLASELE I-VIII OTETELISU,ORAS BALCESTI,168452,O,1,877,867,10,499,489,10,0,491,8,1000,501,314,177
40,VALCEA,132,0,GRADINITA NR.1 BLOCURI,ORAS BERBESTI,168602,O,1,827,814,13,422,324,13,85,422,0,900,478,233,189
40,VALCEA,133,0,GRADINITA NR.2 BLOCURI,ORAS BERBESTI,168602,O,1,1085,1066,19,524,505,19,0,522,2,1200,676,313,209
40,VALCEA,134,0,SCOALA CU CLASELE I-VIII BERBESTI,ORAS BERBESTI,168602,O,1,1606,1596,10,806,796,10,0,798,8,1703,897,502,296
40,VALCEA,135,0,GRUP SCOLAR PREDA BUZESCU TG. GANGULESTI,ORAS BERBESTI,168602,O,1,921,892,29,482,453,29,0,472,10,1000,518,334,138
40,VALCEA,136,0,SCOALA CU CLASELE I-IV PASCOAIA,ORAS BREZOI,167794,O,1,172,164,8,92,84,8,0,92,0,200,108,47,45
40,VALCEA,137,0,SCOALA CU CLASELE I-VIII VALEA LUI STAN,ORAS BREZOI,167794,O,1,304,292,12,191,179,12,0,188,3,300,109,169,19
40,VALCEA,138,0,"SCOALA CU CLASELE I-IV BREZOI , NR.2",ORAS BREZOI,167794,O,1,1091,1090,1,602,601,1,0,594,8,1200,598,272,322
40,VALCEA,139,0,"STR.UNIRII , BLOC M2 , PARTER",ORAS BREZOI,167794,O,1,2197,2191,6,1074,1057,6,11,1056,18,2399,1325,484,572
40,VALCEA,140,0,SCOALA CU CLASELE I-IV NR.1 BREZOI,ORAS BREZOI,167794,O,1,829,805,24,446,422,24,0,444,2,1005,559,226,218
40,VALCEA,141,0,MAGAZIN MINIERA,ORAS BREZOI,167794,O,1,421,398,23,290,190,23,77,288,2,500,210,136,152
40,VALCEA,142,0,CAMINUL CULTURAL CALINESTI,ORAS BREZOI,167794,O,1,588,569,19,291,272,19,0,286,5,700,409,164,122
40,VALCEA,143,0,SCOALA CU CLASELE I-IV SEACA,ORAS CALIMANESTI,167909,O,1,466,454,12,277,265,12,0,275,2,500,223,165,110
40,VALCEA,144,0,GRUP SCOLAR ECONOMIC ADMINISTRATIV SI DE SERVICII,ORAS CALIMANESTI,167909,O,1,987,974,13,580,567,13,0,579,1,1100,520,253,326
40,VALCEA,145,0,SCOALA CU CLASELE I-VIII CALIMANESTI,ORAS CALIMANESTI,167909,O,1,1088,1074,14,616,602,14,0,612,4,1200,584,291,321
40,VALCEA,146,0,SCOALA CU CLASELE I-IV CALIMANESTI (DEAL),ORAS CALIMANESTI,167909,O,1,1071,1060,11,676,665,11,0,668,8,1103,427,332,336
40,VALCEA,147,0,PAVILIONUL CENTRAL CALIMANESTI,ORAS CALIMANESTI,167909,O,1,577,565,12,350,307,12,31,347,3,992,642,178,169
40,VALCEA,148,0,HOTEL CACIULATA - BAZA DE TRATAMENT,ORAS CALIMANESTI,167909,O,1,477,460,17,305,223,17,65,303,2,1200,895,139,164
40,VALCEA,149,0,SCOALA CU CLASELE I-VIII JIBLEA VECHE,ORAS CALIMANESTI,167909,O,1,1817,1794,23,1150,928,23,199,1133,17,2000,850,613,520
40,VALCEA,150,0,SCOALA CU CLASELE I-VIIII JIBLEA NOUA,ORAS CALIMANESTI,167909,O,1,775,764,11,405,394,11,0,401,4,902,497,215,186
40,VALCEA,151,0,LICEUL HOREZU,ORAS HOREZU,168041,O,1,1316,1307,9,762,731,9,22,754,8,1303,541,337,417
40,VALCEA,152,0,CLUBUL COPIILOR HOREZU,ORAS HOREZU,168041,O,1,1356,1346,10,719,709,10,0,712,7,1299,580,329,383
40,VALCEA,153,0,CASA DE CULTURA HOREZU,ORAS HOREZU,168041,O,1,864,854,10,624,489,10,125,620,4,1307,683,284,336
40,VALCEA,154,0,CAMINUL CULTURAL ROMANII DE JOS,ORAS HOREZU,168041,O,1,653,638,15,408,393,15,0,400,8,812,404,263,137
40,VALCEA,155,0,SCOALA ROMANII DE SUS,ORAS HOREZU,168041,O,1,328,319,9,206,197,9,0,204,2,391,185,113,91
40,VALCEA,156,0,SCOALA SALISTE,ORAS HOREZU,168041,O,1,456,446,10,290,280,10,0,289,1,499,209,229,60
40,VALCEA,157,0,CAMINUL CULTURAL RAMESTI,ORAS HOREZU,168041,O,1,405,392,13,272,259,13,0,271,1,500,228,171,100
40,VALCEA,158,0,CAMINUL CULTURAL URSANI,ORAS HOREZU,168041,O,1,390,379,11,241,229,11,1,239,2,400,159,117,122
40,VALCEA,159,0,SCOALA TANASESTI,ORAS HOREZU,168041,O,1,175,166,9,112,103,9,0,109,3,200,88,68,41
40,VALCEA,160,0,"STR.ALEXANDRU IOAN CUZA , SCOALA CU CLASELE I-VIII",ORAS OCNELE MARI,168130,O,1,1305,1298,7,768,681,7,80,757,11,1400,632,407,350
40,VALCEA,161,0,"STR.GARII , NR.2 , SCOALA CU CLASELE I-VIII",ORAS OCNELE MARI,168130,O,1,1520,1507,13,884,871,13,0,851,13,1600,716,525,326
40,VALCEA,162,0,SCOALA IGOIU,ALUNU,168229,C,3,1433,1414,19,629,584,19,26,620,9,1500,871,336,284
40,VALCEA,163,0,GRADINITA BODESTI,ALUNU,168229,C,3,319,311,8,149,135,8,6,145,4,400,251,87,58
40,VALCEA,164,0,GRADINITA COLTESTI,ALUNU,168229,C,3,1193,1167,26,632,575,26,31,623,9,1300,668,427,196
40,VALCEA,165,0,SCOALA ROSIA,ALUNU,168229,C,3,539,522,17,260,235,17,8,253,7,600,340,181,72
40,VALCEA,166,0,SCOALA CU CLASELE I-VIII AMARASTI,AMARASTI,168309,C,3,1099,1036,63,598,535,63,0,588,10,1100,502,423,165
40,VALCEA,167,0,SCOALA CU CLASELE I-VIII NEMOIU,AMARASTI,168309,C,3,426,413,13,297,253,13,31,291,6,501,204,169,122
40,VALCEA,168,0,SCOALA CU CLASELE I-IV MERESESTI,AMARASTI,168309,C,3,292,278,14,163,138,14,11,161,2,300,137,103,58
40,VALCEA,169,0,SCOALA BODESTI,BARBATESTI,168559,C,3,928,911,17,603,556,17,30,594,9,1000,397,441,153
40,VALCEA,170,0,CAMINUL CULTURAL BARBATESTI,BARBATESTI,168559,C,3,1398,1391,7,920,854,7,59,903,17,1500,580,662,241
40,VALCEA,171,0,SCOALA CU CLASELE I-IV BARZESTI,BARBATESTI,168559,C,3,782,767,15,494,442,15,37,484,10,900,406,300,184
40,VALCEA,172,0,CAMINUL CULTURAL STOENESTI,BERISLAVESTI,168675,C,3,796,763,33,518,470,33,15,513,5,900,382,315,198
40,VALCEA,173,0,CAMINUL CULTURAL DANGESTI,BERISLAVESTI,168675,C,3,351,332,19,240,208,19,13,239,1,400,160,179,60
40,VALCEA,174,0,CAMINUL CULTURAL RADACINESTI,BERISLAVESTI,168675,C,3,704,662,42,416,363,42,11,414,2,790,374,185,229
40,VALCEA,175,0,SCOALA SCAUENI,BERISLAVESTI,168675,C,3,437,413,24,270,244,24,2,268,2,500,230,156,112
40,VALCEA,176,0,CAMINUL CULTURAL ROBAIA,BERISLAVESTI,168675,C,3,257,249,8,189,164,8,17,186,3,300,111,169,17
40,VALCEA,177,0,SCOALA CU CLASELE I-VIII BOISOARA,BOISOARA,168755,C,3,661,639,22,457,414,22,21,454,3,700,243,300,154
40,VALCEA,178,0,SCOALA CU CLASELE I-VIII GAUJANI,BOISOARA,168755,C,3,471,447,24,341,317,24,0,338,3,500,159,252,86
40,VALCEA,179,0,SCOALA CU CLASELE I-VIII BUMBUIESTI,BOISOARA,168755,C,3,346,331,15,228,213,15,0,223,5,400,172,136,87
40,VALCEA,180,0,PRIMARIA BUDESTI,BUDESTI,168791,C,3,1009,942,67,500,433,67,0,493,7,1100,600,207,286
40,VALCEA,181,0,SCOALA RACOVITA,BUDESTI,168791,C,3,1173,1154,19,585,525,19,41,574,11,1200,615,317,257
40,VALCEA,182,0,SCOALA BARZA,BUDESTI,168791,C,3,778,748,30,534,457,30,47,526,8,800,266,265,261
40,VALCEA,183,0,SCOALA BARSESTI,BUDESTI,168791,C,3,682,661,21,431,367,21,43,422,9,700,269,222,200
40,VALCEA,184,0,SCOALA RUDA,BUDESTI,168791,C,3,430,412,18,238,200,18,20,238,0,500,262,123,115
40,VALCEA,185,0,SCOALA BERCIOIU,BUDESTI,168791,C,3,315,286,29,183,154,29,0,180,3,400,217,114,66
40,VALCEA,186,0,SCOALA OLTENI,BUJORENI,168880,C,3,1000,971,29,554,485,29,40,550,4,1000,446,213,337
40,VALCEA,187,0,SCOALA LUNCA,BUJORENI,168880,C,3,443,394,49,270,218,49,3,269,1,500,230,183,86
40,VALCEA,188,0,SCOALA CU CLASELE I-IV BOGDANESTI,BUJORENI,168880,C,3,651,597,54,350,296,54,0,344,6,700,350,184,160
40,VALCEA,189,0,SCOALA GURA VAII,BUJORENI,168880,C,3,1059,947,112,620,506,112,2,608,12,1000,380,278,330
40,VALCEA,190,0,SCOALA GENERALA BUNESTI,BUNESTI,168960,C,3,967,959,8,632,579,8,45,621,11,1100,468,381,240
40,VALCEA,191,0,SCOALA NOUA BUNESTI,BUNESTI,168960,C,3,812,792,20,474,454,20,0,463,11,800,326,309,154
40,VALCEA,192,0,SCOALA TEIUSU,BUNESTI,168960,C,3,498,459,39,280,241,39,0,277,3,500,220,204,73
40,VALCEA,193,0,SCOALA CIINENII MICI,CAINENI,169119,C,3,535,520,15,300,238,15,47,298,2,600,300,133,165
40,VALCEA,194,0,CAMINUL CULTURAL CIINENII MARI,CAINENI,169119,C,3,539,519,20,361,287,20,54,360,1,700,339,256,104
40,VALCEA,195,0,GRADINITA GREBLESTI,CAINENI,169119,C,3,701,688,13,396,318,13,65,392,4,800,404,181,211
40,VALCEA,196,0,SCOALA ROBESTI,CAINENI,169119,C,3,190,181,9,139,109,9,21,136,3,200,61,73,63
40,VALCEA,197,0,SCOALA GENERALA ARMASESTI,CERNISOARA,169039,C,3,542,522,20,317,272,20,25,311,6,600,283,189,122
40,VALCEA,198,0,SCOALA GENERALA CERNISOARA,CERNISOARA,169039,C,3,849,803,46,456,410,46,0,445,11,898,442,295,150
40,VALCEA,199,0,SCOALA GENERALA GROSI,CERNISOARA,169039,C,3,811,795,16,477,430,16,31,467,10,900,423,294,173
40,VALCEA,200,0,SCOALA MADULARI,CERNISOARA,169039,C,3,1062,1050,12,644,599,12,33,636,8,1200,556,510,126
40,VALCEA,201,0,SCOALA GENERALA ULMETU,COPACENI,169182,C,3,1495,1476,19,833,743,19,71,811,22,1600,767,520,291
40,VALCEA,202,0,SCOALA GENERALA VETELU,COPACENI,169182,C,3,870,793,77,536,459,77,0,527,9,900,364,369,158
40,VALCEA,203,0,SCOALA GENERALA CU CLASELE I-VIII COSTESTI,COSTESTI,169253,C,3,1651,1640,11,1098,1033,11,54,1090,8,1800,702,567,523
40,VALCEA,204,0,SCOALA CU CLASELE I-IV BISTRITA,COSTESTI,169253,C,3,677,669,8,488,435,8,45,476,12,802,314,315,161
40,VALCEA,205,0,SCOALA CU CLASELE I-IV PIETRENI,COSTESTI,169253,C,3,509,505,4,352,333,4,15,350,2,500,148,237,113
40,VALCEA,206,0,SCOALA CU CLASELE I-VIII CRETENI,CRETENI,169306,C,3,487,478,9,316,275,9,32,312,4,501,185,200,112
40,VALCEA,207,0,STATIA DE ASFALT,CRETENI,169306,C,3,537,530,7,362,337,7,18,356,6,600,238,234,122
40,VALCEA,208,0,SCOALA CU CLASELE I-IV IZVORU,CRETENI,169306,C,3,545,517,28,324,296,28,0,321,3,500,176,152,169
40,VALCEA,209,0,SCOALA CU CLASELE I-IV STREMINOASA,CRETENI,169306,C,3,539,530,9,336,301,9,26,333,3,600,264,251,82
40,VALCEA,210,0,SCOALA GENERALA DAESTI,DAESTI,169351,C,3,791,780,11,489,451,11,27,483,6,902,413,258,225
40,VALCEA,211,0,CAMINUL CULTURAL SAMBOTIN,DAESTI,169351,C,3,551,538,13,379,339,13,27,373,6,600,221,248,125
40,VALCEA,212,0,CAMINUL CULTURAL FEDELESOIU,DAESTI,169351,C,3,751,741,10,433,390,10,33,427,6,801,368,219,208
40,VALCEA,213,0,SCOALA BABUESTI,DAESTI,169351,C,3,114,104,10,71,56,10,5,71,0,200,129,49,22
40,VALCEA,214,0,SCOALA CU CLASELE I-VIII DANICEI UDRESTI,DANICEI,169404,C,3,830,827,3,522,450,3,69,516,6,900,378,377,139
40,VALCEA,215,0,SCOALA CU CLASELE I-IV DEALU SCHEIULUI,DANICEI,169404,C,3,298,283,15,218,164,15,39,215,3,300,82,139,76
40,VALCEA,216,0,SCOALA CU CLASELE I-VIII LAUNELE DE JOS,DANICEI,169404,C,3,768,756,12,575,486,12,77,572,3,900,325,408,164
40,VALCEA,217,0,SCOALA CU CLASELE I-VIII BABENI-OLTETU,DICULESTI,174502,C,3,981,928,53,578,525,53,0,562,16,1000,422,401,161
40,VALCEA,218,0,SCOALA CU CLASELE I-IV BUDESTI,DICULESTI,174502,C,3,680,620,60,519,459,60,0,512,7,695,176,328,184
40,VALCEA,219,0,SCOALA CU CLASELE I-VIII DRAGOESTI,DRAGOESTI,169547,C,3,728,718,10,445,387,10,48,438,7,800,355,232,206
40,VALCEA,220,0,SCOALA CU CLASELE I-IV GEAMANA,DRAGOESTI,169547,C,3,675,641,34,458,379,34,45,455,3,699,241,273,182
40,VALCEA,221,0,SCOALA BONCANI,DRAGOESTI,169547,C,3,538,518,20,371,335,20,16,360,11,599,228,227,133
40,VALCEA,222,0,SCOALA CU CLASELE I-VIII FAURESTI,FAURESTI,169583,C,3,780,713,67,494,427,67,0,483,11,800,306,258,225
40,VALCEA,223,0,GRADINITA MILESTI,FAURESTI,169583,C,3,562,541,21,414,355,21,38,408,6,602,188,298,110
40,VALCEA,224,0,PRIMARIA FIRTATESTI,FARTATESTI,169681,C,3,367,359,8,348,313,8,27,345,3,400,52,290,55
40,VALCEA,225,0,SCOALA CU CLASELE I-VIII DEJOI,FARTATESTI,169681,C,3,542,466,76,355,279,76,0,348,7,500,145,220,128
40,VALCEA,226,0,GRADINITA VALEA URSULUI,FARTATESTI,169681,C,3,219,198,21,148,127,21,0,145,3,200,52,117,28
40,VALCEA,227,0,SCOALA CU CLASELE I-VIII CATETU,FARTATESTI,169681,C,3,475,435,40,248,208,40,0,241,7,497,249,156,85
40,VALCEA,228,0,SCOALA CU CLASELE I-IV DOZESTI,FARTATESTI,169681,C,3,688,674,14,414,374,14,26,404,10,800,386,294,110
40,VALCEA,229,0,SCOALA CU CLASELE I-IV TANISLAVI,FARTATESTI,169681,C,3,378,360,18,191,156,18,17,185,6,400,209,110,75
40,VALCEA,230,0,SCOALA CU CLASELE I-VIII RUSANESTI,FARTATESTI,169681,C,3,780,764,16,422,369,16,37,417,5,900,478,275,142
40,VALCEA,231,0,SCOALA CU CLASELE I-VIII GIULESTII DE SUS,FARTATESTI,169681,C,3,301,266,35,221,186,35,0,218,3,300,79,192,26
40,VALCEA,232,0,SCOALA FRINCESTI,FRANCESTI,169896,C,3,1791,1700,91,925,799,91,35,914,11,2000,1075,711,203
40,VALCEA,233,0,SCOALA CU CLASELE I-IV VIISOARA,FRANCESTI,169896,C,3,246,228,18,185,156,18,11,185,0,300,115,138,47
40,VALCEA,234,0,SCOALA CU CLASELE I-VIII MINAILESTI,FRANCESTI,169896,C,3,743,624,119,480,315,119,46,475,5,600,120,364,111
40,VALCEA,235,0,SCOALA CU CLASELE I-IV NEGRENI,FRANCESTI,169896,C,3,553,520,33,236,190,33,13,236,0,600,364,155,81
40,VALCEA,236,0,GRADINITA DEZROBITI,FRANCESTI,169896,C,3,587,532,55,399,302,55,42,393,6,603,204,271,122
40,VALCEA,237,0,SCOALA CU CLASELE I-IV MOSTENI,FRANCESTI,169896,C,3,734,682,52,400,338,52,10,399,1,700,300,273,126
40,VALCEA,238,1,UNITATEA MILITARA 01461,FRANCESTI,169896,C,3,36,28,8,43,28,8,7,43,0,100,57,17,26
40,VALCEA,239,0,CAMINUL CULTURAL GALICEA,GALICEA,169994,C,3,1022,978,44,563,498,44,21,557,6,1100,537,332,225
40,VALCEA,240,0,SCOALA TEIU,GALICEA,169994,C,3,377,336,41,256,215,41,0,252,4,410,154,186,66
40,VALCEA,241,0,SCOALA VALEA RAULUI,GALICEA,169994,C,3,410,378,32,229,197,32,0,227,2,500,271,120,107
40,VALCEA,242,0,SEDIU AGROINDCOM,GALICEA,169994,C,3,902,875,27,467,409,27,31,464,3,900,433,299,165
40,VALCEA,243,0,SCOALA BRATIA DEAL,GALICEA,169994,C,3,398,368,30,248,203,30,15,243,5,400,152,144,99
40,VALCEA,244,0,CAMINUL CULTURAL CREMENARI,GALICEA,169994,C,3,421,372,49,271,222,49,0,271,0,401,130,162,109
40,VALCEA,245,0,SCOALA GENERALA STIRBESTI,GHIOROIU,170097,C,3,688,612,76,412,336,76,0,412,0,700,288,276,136
40,VALCEA,246,0,SCOALA GENERALA GHIOROIU,GHIOROIU,170097,C,3,731,620,111,443,332,111,0,432,11,700,257,283,149
40,VALCEA,247,0,SCOALA GENERALA POENARI,GHIOROIU,170097,C,3,388,343,45,212,167,45,0,209,3,400,188,153,56
40,VALCEA,248,0,SCOALA CU CLASELE I-VIII NR.1 GLAVILE,GLAVILE,170168,C,3,1035,1024,11,520,473,11,36,513,7,1100,580,330,183
40,VALCEA,249,0,SCOALA CU CLASELE I-IV ANINOASA,GLAVILE,170168,C,3,283,269,14,218,187,14,17,211,7,298,80,148,63
40,VALCEA,250,0,SCOALA CU CLASELE I-VIII NR.1 OLTEANCA,GLAVILE,170168,C,3,656,649,7,393,352,7,34,380,13,700,307,297,83
40,VALCEA,251,0,SCOALA GENERALA OLTEANCA,GLAVILE,170168,C,3,110,98,12,86,46,12,28,84,2,100,14,64,20
40,VALCEA,252,0,SCOALA GENERALA POPESTI,GOLESTI,170220,C,3,735,717,18,399,339,18,42,393,6,800,401,236,157
40,VALCEA,253,0,SCOALA GENERALA BLIDARI,GOLESTI,170220,C,3,796,768,28,521,472,28,21,516,5,900,379,307,209
40,VALCEA,254,0,SCOALA GENERALA POENITA,GOLESTI,170220,C,3,511,459,52,268,216,52,0,256,12,500,232,121,135
40,VALCEA,255,0,SCOALA GENERALA VATASESTI,GOLESTI,170220,C,3,247,227,20,167,142,20,5,167,0,300,133,123,44
40,VALCEA,256,0,GRADINITA DE COPII GRADISTEA,GRADISTEA,170346,C,3,560,540,20,330,261,20,49,321,9,600,270,201,120
40,VALCEA,257,0,SCOALA DOBRICEA,GRADISTEA,170346,C,3,687,679,8,441,394,8,39,434,7,800,359,305,129
40,VALCEA,258,0,SCOALA TUTURU,GRADISTEA,170346,C,3,1123,1105,18,581,531,18,32,576,5,1200,619,251,325
40,VALCEA,259,0,SCOALA GENERALA GUSOIENI,GUSOENI,170444,C,3,926,922,4,492,447,4,41,490,2,1000,508,293,197
40,VALCEA,260,0,SCOALA BURDALESTI,GUSOENI,170444,C,3,284,275,9,161,145,9,7,157,4,299,138,88,69
40,VALCEA,261,0,SCOALA CU CLASELE I-IV GUSOIANCA,GUSOENI,170444,C,3,309,295,14,167,153,14,0,166,1,400,233,126,40
40,VALCEA,262,0,SCOALA GENERALA IONESTI,IONESTI,170514,C,3,1252,1167,85,507,397,85,25,497,10,1300,793,310,187
40,VALCEA,263,0,SCOALA GENERALA FISCALIA,IONESTI,170514,C,3,932,845,87,601,514,87,0,598,3,900,299,400,198
40,VALCEA,264,0,SCOALA GENERALA FOTESTI,IONESTI,170514,C,3,720,711,9,359,328,9,22,350,9,800,441,214,136
40,VALCEA,265,0,SCOALA GENERALA MARCEA,IONESTI,170514,C,3,755,711,44,415,342,44,29,412,3,802,387,254,158
40,VALCEA,266,0,SCOALA CU CLASELE I-IV LALOSU,LALOSU,170612,C,3,753,744,9,403,366,9,28,390,13,800,397,228,162
40,VALCEA,267,0,SCOALA GENERALA CU CLASELE I-VIII MOLOGESTI,LALOSU,170612,C,3,597,591,6,320,286,6,28,316,4,700,380,185,131
40,VALCEA,268,0,SCOALA CU CLASELE I-VIII BERBESTI,LALOSU,170612,C,3,423,417,6,237,210,6,21,233,4,500,263,157,76
40,VALCEA,269,0,SCOALA CU CLASELE I-IV OLTETANI,LALOSU,170612,C,3,257,247,10,154,137,10,7,151,3,300,146,124,27
40,VALCEA,270,0,SCOALA GENERALA I-VIII CONTEA,LACUSTENI,174511,C,3,335,285,50,271,221,50,0,263,8,300,29,193,70
40,VALCEA,271,0,SCOALA CU CLASELE I-IV GANESTI,LACUSTENI,174511,C,3,511,498,13,347,300,13,34,341,6,600,253,261,80
40,VALCEA,272,0,SCOALA I-IV LACUSTENI,LACUSTENI,174511,C,3,262,229,33,243,209,33,1,243,0,300,57,185,58
40,VALCEA,273,0,GRADINITA LACUSTENI,LACUSTENI,174511,C,3,220,197,23,192,152,23,17,191,1,200,8,133,58
40,VALCEA,274,0,CAMINUL CULTURAL LADESTI,LADESTI,170685,C,3,941,920,21,556,447,21,88,549,7,1006,450,347,202
40,VALCEA,275,0,SCOALA GENERALA GAGENI,LADESTI,170685,C,3,239,228,11,172,132,11,29,169,3,296,124,94,75
40,VALCEA,276,0,SCOALA CHIRICESTI,LADESTI,170685,C,3,510,501,9,295,258,9,28,289,6,600,305,186,103
40,VALCEA,277,0,SCOALA OLTEANCA,LADESTI,170685,C,3,109,94,15,81,55,15,11,80,1,100,19,67,13
40,VALCEA,278,0,SCOALA GENERALA CU CLASELE I-VIII SARULESTI,LAPUSATA,170792,C,3,1308,1288,20,763,675,20,68,756,7,1300,537,477,279
40,VALCEA,279,0,SCOALA CU CLASELE I-IV SERBANESTI,LAPUSATA,170792,C,3,670,616,54,451,397,54,0,446,5,700,249,313,133
40,VALCEA,280,0,SCOALA CU CLASELE I-VIII TINA,LIVEZI,170872,C,3,594,585,9,402,372,9,21,394,8,700,298,272,122
40,VALCEA,281,0,SCOALA GENERALA CU CLASELE I-VIII PARAIENI,LIVEZI,170872,C,3,957,948,9,490,438,9,43,490,0,1000,510,257,233
40,VALCEA,282,0,SCOALA CU CLASELE I-IV PLESOIU,LIVEZI,170872,C,3,412,412,0,209,183,0,26,207,2,500,291,126,81
40,VALCEA,283,0,CAMINUL CULTURAL LUNGESTI,LUNGESTI,170952,C,3,988,967,21,637,516,21,100,625,12,1200,563,469,156
40,VALCEA,284,0,SCOALA STANESTI,LUNGESTI,170952,C,3,879,856,23,555,498,23,34,547,8,902,347,370,177
40,VALCEA,285,0,CAMINUL FUMURENI,LUNGESTI,170952,C,3,723,689,34,406,359,34,13,394,12,802,396,275,119
40,VALCEA,286,0,SCOALA DUMBRAVA,LUNGESTI,170952,C,3,384,358,26,233,207,26,0,228,5,400,167,175,53
40,VALCEA,287,0,COMPLEX MALAIA,MALAIA,171021,C,3,883,877,6,532,501,6,25,525,7,1000,468,243,282
40,VALCEA,288,0,SCOALA I-IV CIUNGET,MALAIA,171021,C,3,384,372,12,220,186,12,22,220,0,400,180,53,167
40,VALCEA,289,0,SCOALA I-IV SALISTE,MALAIA,171021,C,3,262,257,5,175,156,5,14,174,1,300,125,67,107
40,VALCEA,290,0,CAMINUL CULTURAL MATEESTI,MATEESTI,171067,C,3,1092,1083,9,594,560,9,25,588,6,1200,606,377,211
40,VALCEA,291,0,SCOALA GRECI,MATEESTI,171067,C,3,527,519,8,296,266,8,22,294,2,600,304,203,91
40,VALCEA,292,0,GRADINITA TURCESTI,MATEESTI,171067,C,3,1015,996,19,556,501,19,36,545,11,1096,540,381,164
40,VALCEA,293,0,PRIMARIA MACIUCA,MACIUCA,171101,C,3,962,947,15,681,603,15,63,660,21,1000,319,392,268
40,VALCEA,294,0,SCOALA GENERALA POPESTI,MACIUCA,171101,C,3,472,437,35,305,270,35,0,303,2,498,193,222,81
40,VALCEA,295,0,DISPENSARUL UMAN ZAVOIENI,MACIUCA,171101,C,3,328,317,11,225,185,11,29,218,7,400,175,128,90
40,VALCEA,296,0,SCOALA CU CLASELE I-VIII MADULARI,MADULARI,171209,C,3,785,764,21,448,396,21,31,444,4,900,452,273,171
40,VALCEA,297,0,SCOALA CU CLASELE I-IV BALSOARA,MADULARI,171209,C,3,404,382,22,227,205,22,0,221,6,400,173,138,83
40,VALCEA,298,0,SCOALA CU CLASELE I-IV BANTESTI,MADULARI,171209,C,3,324,315,9,203,179,9,15,202,1,400,197,129,73
40,VALCEA,299,0,SCOALA VECHE MALDARESTI,MALDARESTI,171272,C,3,1705,1700,5,1059,1002,5,52,1047,12,1803,744,651,396
40,VALCEA,300,0,CAMINUL CULTURAL BULETA,MIHAESTI,171325,C,3,1099,1066,33,584,517,33,34,573,11,1200,616,269,304
40,VALCEA,301,0,CAMINUL MAGURA,MIHAESTI,171325,C,3,1524,1485,39,927,754,39,134,919,8,1600,673,537,382
40,VALCEA,302,0,CAMINUL CULTURAL VULPUIESTI,MIHAESTI,171325,C,3,1392,1362,30,765,694,30,41,759,6,1500,735,442,317
40,VALCEA,303,0,GRADINITA STUPAREI,MIHAESTI,171325,C,3,649,627,22,412,354,22,36,409,3,700,288,224,185
40,VALCEA,304,0,SCOALA BARSESTI,MIHAESTI,171325,C,3,514,481,33,290,236,33,21,285,5,601,311,163,122
40,VALCEA,305,0,PRIMARIA MILCOIU,MILCOIU,171469,C,3,1175,1056,119,717,598,6,113,704,13,1200,483,474,230
40,VALCEA,306,0,CAMINUL CULTURAL MITROFANI,MITROFANI,174520,C,3,675,636,39,405,366,39,0,402,3,700,295,277,125
40,VALCEA,307,0,SCOALA RACU,MITROFANI,174520,C,3,328,296,32,200,168,32,0,199,1,300,100,155,44
40,VALCEA,308,0,SCOALA MUERESCA DE JOS,MUEREASCA,171539,C,3,860,847,13,437,392,13,32,429,8,1000,563,243,186
40,VALCEA,309,0,SCOALA MUEREASCA DE SUS,MUEREASCA,171539,C,3,1179,1157,22,616,572,22,22,611,5,1210,594,324,287
40,VALCEA,310,0,SCOALA ROTARESTI,NICOLAE BALCESCU,171628,C,3,925,909,16,609,514,16,79,601,8,1000,391,372,229
40,VALCEA,311,0,SCOALA CORBI,NICOLAE BALCESCU,171628,C,3,369,347,22,225,177,22,26,223,2,400,175,159,64
40,VALCEA,312,0,SCOALA SERBANEASA,NICOLAE BALCESCU,171628,C,3,592,559,33,314,270,33,11,312,2,690,376,179,133
40,VALCEA,313,0,GRADINITA PREDESTI,NICOLAE BALCESCU,171628,C,3,1226,1204,22,710,632,22,56,697,13,1300,590,505,192
40,VALCEA,314,0,SCOALA CU CLASELE I-IV PERET,OLANU,171806,C,3,533,493,40,302,250,40,12,296,6,600,298,185,111
40,VALCEA,315,0,SCOALA CU CLASELE I-IV CASA VECHE,OLANU,171806,C,3,717,666,51,418,367,51,0,417,0,600,182,241,176
40,VALCEA,316,0,SCOALA CU CLASELE I-IV CIOBOTI,OLANU,171806,C,3,663,634,29,390,346,29,15,385,5,700,310,270,115
40,VALCEA,317,0,SCOALA CU CLASELE I-IV DRAGIOIU,OLANU,171806,C,3,559,530,29,319,290,29,0,313,6,700,381,191,122
40,VALCEA,318,0,SCOALA CU CLASELE I-IV STOICANESTI,OLANU,171806,C,3,248,221,27,262,221,27,14,260,2,400,138,125,135
40,VALCEA,319,0,CAMINUL  CULTURAL,ORLESTI,171879,C,3,1377,1356,21,776,685,21,70,762,14,1400,624,417,345
40,VALCEA,320,0,SCOALA CU CLASELE I-IV PROCOPOAIA,ORLESTI,171879,C,3,963,933,30,578,518,30,30,565,13,1000,422,339,226
40,VALCEA,321,0,SCOALA CU CLASELE I-IV AURESTI,ORLESTI,171879,C,3,309,284,25,223,186,25,12,222,1,300,77,126,96
40,VALCEA,322,0,SCOALA CU CLASELE I-IV SCAIOSI,ORLESTI,171879,C,3,275,260,15,185,159,15,11,185,0,299,114,98,87
40,VALCEA,323,0,CAMINUL CULTURAL OTESANI,OTESANI,171931,C,3,1266,1247,19,736,686,19,31,729,7,1400,664,413,316
40,VALCEA,324,0,SCOALA CARSTANESTI,OTESANI,171931,C,3,1218,1208,10,692,650,10,32,686,6,1300,608,441,245
40,VALCEA,325,0,SCOALA CU CLASELE I-IV BARCANELE,PAUSESTI,171995,C,3,556,552,4,402,382,4,16,395,7,600,198,276,119
40,VALCEA,326,0,CAMINUL CULTURAL PAUSESTI,PAUSESTI,171995,C,3,609,602,7,379,345,7,27,375,4,702,323,236,139
40,VALCEA,327,0,SCOALA CU CLASELE I-VIII PAUSESTI,PAUSESTI,171995,C,3,413,409,4,292,272,4,16,290,2,500,208,177,113
40,VALCEA,328,0,SCOALA SERBANESTI,PAUSESTI,171995,C,3,860,853,7,536,506,7,23,527,9,900,364,311,216
40,VALCEA,329,0,CAMINUL CULTURAL PAUSESTI MAGLASI,PAUSESTI-MAGLASI,172082,C,3,2075,2036,39,1269,1127,39,103,1259,10,2200,931,590,669
40,VALCEA,330,0,CAMINUL CULTURAL VALEA CHEII,PAUSESTI-MAGLASI,172082,C,3,782,759,23,440,338,23,79,429,11,900,460,208,221
40,VALCEA,331,0,SCOALA GENERALA PERISANI,PERISANI,172153,C,3,518,494,24,268,223,24,21,265,3,600,332,193,72
40,VALCEA,332,0,GRADINITA MLACENI,PERISANI,172153,C,3,548,526,22,314,280,22,12,312,2,600,286,202,110
40,VALCEA,333,0,SCOALA POIANA,PERISANI,172153,C,3,547,529,18,310,277,18,15,310,0,600,290,196,114
40,VALCEA,334,0,MAGAZINUL SATESC SPINU,PERISANI,172153,C,3,533,525,8,249,228,8,13,246,3,600,351,147,99
40,VALCEA,335,0,SCOALA CU CLASELE I-VIII PESCEANA,PESCEANA,172279,C,3,1608,1602,6,968,860,6,102,956,12,1700,732,630,326
40,VALCEA,336,0,SCOALA CU CLASELE I-VIII PIETRARI,PIETRARI,172340,C,3,1464,1450,14,998,897,14,87,980,18,1600,602,615,365
40,VALCEA,337,0,SCOALA CU CLASELE I-IV PIETRARII DE SUS,PIETRARI,172340,C,3,1245,1214,31,845,783,31,31,836,9,1300,455,599,237
40,VALCEA,338,0,PRIMARIA POPESTI,POPESTI,172377,C,3,423,400,23,248,225,23,0,244,4,500,252,178,66
40,VALCEA,339,0,SCOALA CU CLASELE I-IV POPESTI,POPESTI,172377,C,3,559,502,57,316,259,57,0,311,5,600,284,191,120
40,VALCEA,340,0,SCOALA GENERALA URSI,POPESTI,172377,C,3,878,863,15,471,425,15,31,462,9,1000,529,275,187
40,VALCEA,341,0,SCOALA GENERALA DAESTI,POPESTI,172377,C,3,842,825,17,440,380,17,43,435,5,900,460,346,89
40,VALCEA,342,0,SCOALA PRUNDENI,PRUNDENI,172457,C,3,1686,1587,99,995,866,99,30,980,15,1700,705,602,378
40,VALCEA,343,0,SCOALA CALINA,PRUNDENI,172457,C,3,1289,1149,140,815,639,140,36,797,18,1200,385,502,295
40,VALCEA,344,0,SCOALA ZAVIDENI,PRUNDENI,172457,C,3,1188,1091,97,747,607,97,43,741,6,1199,452,489,252
40,VALCEA,345,0,CAMINUL CULTURAL RACOVITA,RACOVITA,172509,C,3,864,796,68,476,408,68,0,460,16,901,425,285,175
40,VALCEA,346,0,SCOALA GRUIU LUPULUI,RACOVITA,172509,C,3,195,184,11,112,93,11,8,109,3,200,88,64,45
40,VALCEA,347,0,SEDIUL FORCONCID - TUTULESTI,RACOVITA,172509,C,3,183,172,11,110,92,11,7,107,3,200,90,92,15
40,VALCEA,348,0,CAMINUL BALOTA,RACOVITA,172509,C,3,213,196,17,118,101,17,0,118,0,200,82,83,35
40,VALCEA,349,0,SCOALA CU CLASELE I-VIII CIOCILTEI,ROESTI,172581,C,3,534,515,19,342,298,19,25,340,2,600,258,219,121
40,VALCEA,350,0,SCOALA CU CLASELE I-IV ROESTI,ROESTI,172581,C,3,675,628,47,368,321,47,0,363,5,700,332,230,133
40,VALCEA,351,0,SCOALA CU CLASELE I-VIII CUIENI,ROESTI,172581,C,3,505,498,7,282,250,7,25,281,1,600,318,155,126
40,VALCEA,352,0,SCOALA CU CLASELE I-IV BARBARIGENI,ROESTI,172581,C,3,190,164,26,130,104,26,0,129,1,200,70,90,39
40,VALCEA,353,0,SCOALA ROSIILE,ROSIILE,172698,C,3,1109,1080,29,652,556,29,67,634,18,1200,548,403,231
40,VALCEA,354,0,SCOALA ROMANESTI,ROSIILE,172698,C,3,945,916,29,509,444,29,36,502,7,1000,491,415,87
40,VALCEA,355,0,SCOALA ZGUBEA,ROSIILE,172698,C,3,362,331,31,251,200,31,20,246,5,400,149,200,46
40,VALCEA,356,0,SCOALA PERTESTI,ROSIILE,172698,C,3,99,89,10,89,54,10,25,88,1,100,11,64,24
40,VALCEA,357,0,SCOALA CU CLASELE I-VIII RUNCU,RUNCU,172812,C,3,596,549,47,375,326,47,2,367,8,599,224,199,168
40,VALCEA,358,0,SCOALA CU CLASELE I-IV VALEA BABEI,RUNCU,172812,C,3,261,243,18,146,128,18,0,144,2,304,158,98,46
40,VALCEA,359,0,SCOALA CU CLASELE I-IV SURPATI,RUNCU,172812,C,3,153,139,14,113,99,14,0,112,1,204,91,51,61
40,VALCEA,360,0,CAMINUL CULTURAL SALATRUCEL,SALATRUCEL,172894,C,3,1203,1195,8,615,573,8,34,610,5,1300,685,315,295
40,VALCEA,361,0,SCOALA SERBANESTI,SALATRUCEL,172894,C,3,492,486,6,231,225,6,0,229,2,600,369,149,80
40,VALCEA,362,0,SCOALA PATESTI,SALATRUCEL,172894,C,3,131,121,10,92,76,10,6,88,4,200,108,48,40
40,VALCEA,363,0,SCOALA CU CLASELE I-VIII SCUNDU,SCUNDU,172947,C,3,1163,1136,27,640,613,27,0,632,8,1300,660,439,193
40,VALCEA,364,0,SCOALA CU CLASELE I-VIII AVRAMESTI,SCUNDU,172947,C,3,772,729,43,437,394,43,0,428,9,800,363,296,132
40,VALCEA,365,0,CAMINUL CULTURAL SINESTI,SINESTI,172992,C,3,697,689,8,387,342,8,37,384,3,800,413,250,134
40,VALCEA,366,0,SCOALA CU CLASELE I-VIII URZICA,SINESTI,172992,C,3,802,790,12,458,420,12,26,453,5,900,442,326,127
40,VALCEA,367,0,SCOALA CU CLASELE I-IV POPESTI,SINESTI,172992,C,3,510,508,2,308,285,2,21,305,3,600,292,230,75
40,VALCEA,368,0,CASA DE CULTURA SLATIOARA,SLATIOARA,173061,C,3,920,880,40,460,381,40,39,454,6,900,440,313,141
40,VALCEA,369,0,SCOALA MILOSTEA,SLATIOARA,173061,C,3,716,686,30,373,326,30,17,368,5,800,427,227,141
40,VALCEA,370,0,SCOALA RUGETU,SLATIOARA,173061,C,3,561,522,39,347,308,18,21,345,2,600,253,280,65
40,VALCEA,371,0,SCOALA GORUNESTI,SLATIOARA,173061,C,3,431,412,19,226,194,19,13,224,2,500,274,127,97
40,VALCEA,372,0,GRADINITA CUMPENE,SLATIOARA,173061,C,3,436,396,40,238,185,40,13,235,3,500,262,144,91
40,VALCEA,373,0,CAMINUL CULTURAL STANESTI,STANESTI,173132,C,3,577,572,5,356,307,5,44,344,12,701,345,229,115
40,VALCEA,374,0,SCOALA VARLENI,STANESTI,173132,C,3,616,607,9,384,331,9,44,377,7,700,316,265,112
40,VALCEA,375,0,SCOALA STOENESTI,STOENESTI,173230,C,3,1024,971,53,653,546,53,54,633,20,1100,447,387,246
40,VALCEA,376,0,SCOALA BARLOGU,STOENESTI,173230,C,3,348,337,11,254,224,11,19,248,6,400,146,155,93
40,VALCEA,377,0,SCOALA DOBRICENI,STOENESTI,173230,C,3,1098,1083,15,701,605,15,81,683,18,1100,399,491,192
40,VALCEA,378,0,SCOALA PISCU MARE,STOENESTI,173230,C,3,629,599,30,348,300,30,18,345,3,700,352,248,97
40,VALCEA,379,0,SCOALA ZMEURAT,STOENESTI,173230,C,3,203,189,14,150,110,14,26,147,3,200,50,111,36
40,VALCEA,380,0,SCOALA STOILESTI,STOILESTI,173374,C,3,965,927,38,414,346,38,30,409,5,1000,586,266,143
40,VALCEA,381,0,SCOALA GEAMANA,STOILESTI,173374,C,3,826,740,86,381,279,86,16,381,0,699,318,212,169
40,VALCEA,382,0,SCOALA URSI,STOILESTI,173374,C,3,1100,1010,90,507,417,90,0,498,9,1200,693,323,175
40,VALCEA,383,0,SCOALA BIRSOIU,STOILESTI,173374,C,3,690,605,85,374,289,85,0,365,9,700,326,220,145
40,VALCEA,384,0,SCOALA STROESTI,STROESTI,173533,C,3,756,734,22,459,412,22,25,450,9,800,341,279,171
40,VALCEA,385,0,SCOALA CIRESU,STROESTI,173533,C,3,652,644,8,458,422,8,28,449,9,700,242,280,169
40,VALCEA,386,0,SCOALA DIANU,STROESTI,173533,C,3,498,489,9,347,317,9,21,340,7,600,253,278,62
40,VALCEA,387,0,SCOALA POJOGI,STROESTI,173533,C,3,251,241,10,173,154,10,9,170,3,300,127,97,73
40,VALCEA,388,0,SCOALA OBROCESTI,STROESTI,173533,C,3,354,332,22,198,176,22,0,194,4,400,202,107,87
40,VALCEA,389,0,CAMINUL CULTURAL SUTESTI,SUTESTI,173597,C,3,1593,1565,28,1130,1100,28,2,1122,8,1800,670,579,543
40,VALCEA,390,0,SCOALA VERDEA,SUTESTI,173597,C,3,514,484,30,283,253,30,0,278,5,500,217,190,88
40,VALCEA,391,0,SCOALA SIRINEASA,SIRINEASA,173686,C,3,1262,1253,9,679,614,9,56,670,9,1400,721,458,212
40,VALCEA,392,0,SCOALA CIORASTI,SIRINEASA,173686,C,3,551,546,5,331,307,5,19,330,1,600,269,238,92
40,VALCEA,393,0,SCOALA SLAVITESTI,SIRINEASA,173686,C,3,261,249,12,162,138,12,12,162,0,300,138,91,71
40,VALCEA,394,0,SCOALA CU CLASELE I-VIII STEFANESTI,STEFANESTI,173748,C,3,859,806,53,689,613,53,23,674,15,900,211,477,197
40,VALCEA,395,0,SCOALA SERBANESTI,STEFANESTI,173748,C,3,732,700,32,569,505,32,32,564,5,800,231,469,95
40,VALCEA,396,0,SCOALA CU CLASELE I-IV DOBRUSA DE JOS,STEFANESTI,173748,C,3,727,648,79,613,534,79,0,609,4,800,187,326,283
40,VALCEA,397,0,SCOALA CU CLASELE I-IV DOBRUSA DE SUS,STEFANESTI,173748,C,3,584,509,75,538,463,75,0,534,4,600,62,455,79
40,VALCEA,398,0,CAMINUL CULTURAL USUREI,SUSANI,173793,C,3,607,569,38,389,319,38,32,385,4,600,211,295,90
40,VALCEA,399,0,SCOALA SUSANII DE SUS,SUSANI,173793,C,3,620,597,23,341,282,23,36,338,3,600,259,256,82
40,VALCEA,400,0,SCOALA SUSANII DE JOS,SUSANI,173793,C,3,576,557,19,336,282,19,35,328,8,600,264,254,74
40,VALCEA,401,0,SCOALA STOICULESTI,SUSANI,173793,C,3,393,344,49,237,182,49,6,229,8,400,163,179,50
40,VALCEA,402,0,SCOALA RAMESTI,SUSANI,173793,C,3,1089,1027,62,673,553,62,58,658,15,1100,427,490,168
40,VALCEA,403,0,SCOALA BAROIU,TETOIU,173855,C,3,366,341,25,260,213,25,22,256,4,400,140,199,57
40,VALCEA,404,0,CAMINUL CULTURAL TETOIU,TETOIU,173855,C,3,654,632,22,389,318,22,49,385,4,700,311,253,132
40,VALCEA,405,0,SCOALA CU CLASELE I-VIII TEPESTI,TETOIU,173855,C,3,820,783,37,536,435,37,64,527,9,900,364,304,223
40,VALCEA,406,0,SCOALA CU CLASELE I-IV NENCIULESTI,TETOIU,173855,C,3,357,339,18,208,147,18,43,205,3,400,192,104,101
40,VALCEA,407,0,SCOALA CU CLASELE I-IV BUDELE,TETOIU,173855,C,3,211,196,15,170,121,15,34,166,4,200,30,83,83
40,VALCEA,408,0,SCOALA CU CLASELE I-IV TITESTI ( SCOALA DE JOS ),TITESTI,174496,C,3,649,643,6,361,323,6,32,351,10,700,339,187,164
40,VALCEA,409,0,SCOALA CU CLASELE I-IV BRATOVESTI,TITESTI,174496,C,3,236,230,6,171,130,6,35,169,2,300,129,96,73
40,VALCEA,410,0,SCOALA GENERALA TOMSANI,TOMSANI,173935,C,3,1605,1594,11,1054,1003,11,40,993,10,1700,697,678,315
40,VALCEA,411,0,SCOALA FOLESTII DE SUS,TOMSANI,173935,C,3,1090,1072,18,681,626,18,37,668,13,1201,520,395,273
40,VALCEA,412,0,SCOALA FOLESTII DE JOS,TOMSANI,173935,C,3,771,759,12,503,437,12,54,497,6,800,297,334,163
40,VALCEA,413,0,SCOALA CU CLASELE I-IV VAIDEENI,VAIDEENI,174021,C,3,2273,2256,17,1068,995,17,56,1053,15,2503,1435,438,615
40,VALCEA,414,0,SCOALA IZVORU RECE,VAIDEENI,174021,C,3,706,693,13,408,365,13,30,406,2,800,392,246,160
40,VALCEA,415,0,SCOALA MARITA,VAIDEENI,174021,C,3,317,304,13,228,193,13,22,224,4,400,172,150,74
40,VALCEA,416,0,CAMINUL CERNA,VAIDEENI,174021,C,3,236,210,26,154,128,26,0,154,0,296,142,115,39
40,VALCEA,417,0,SCOALA CU CLASELE I-VIII DELURENI,VALEA MARE,174085,C,3,475,457,18,260,224,18,18,256,4,500,240,205,51
40,VALCEA,418,0,GRADINITA VALEA MARE,VALEA MARE,174085,C,3,620,611,9,329,304,9,16,326,3,700,371,259,67
40,VALCEA,419,0,SCOALA CU CLASELE I-VIII BATASANI,VALEA MARE,174085,C,3,442,429,13,289,253,13,23,283,6,500,211,213,70
40,VALCEA,420,0,SCOALA CU CLASELE I-IV MARGINENI,VALEA MARE,174085,C,3,454,419,35,249,214,35,0,245,4,500,251,173,72
40,VALCEA,421,0,SCOALA CU CLASELE I-IV DRAGANU,VALEA MARE,174085,C,3,579,542,37,341,300,37,4,339,2,600,259,247,92
40,VALCEA,422,0,CAMINUL CULTURAL VLADESTI,VLADESTI,174156,C,3,1227,1211,16,717,672,16,29,708,9,1300,583,328,380
40,VALCEA,423,0,SCOALA PRIPORU,VLADESTI,174156,C,3,719,685,34,447,396,34,17,441,6,800,353,224,217
40,VALCEA,424,0,CAMINUL CULTURAL VOICESTI,VOICESTI,174218,C,3,1424,1376,48,957,909,48,0,952,5,1490,533,681,271
40,VALCEA,425,0,"PRIMARIA VOINEASA , STR. I.GH.DUCA ,NR.98",VOINEASA,174254,C,3,866,837,29,599,515,29,55,592,7,900,301,295,297
40,VALCEA,426,0,SCOALA CU CLASELE I-VIII VOINEASA,VOINEASA,174254,C,3,584,577,7,423,349,7,67,420,3,700,277,206,214
40,VALCEA,427,0,SCOALA CU CLASELE I-X ZATRENI,ZATRENI,174290,C,3,563,549,14,345,302,14,29,337,8,600,255,208,129
40,VALCEA,428,0,SCOALA CU CLASELE I-IV STANOMIRU,ZATRENI,174290,C,3,459,449,10,275,248,10,17,274,1,500,225,182,92
40,VALCEA,429,0,SCOALA CU CLASELE I-IV VALENI,ZATRENI,174290,C,3,438,432,6,244,207,6,31,238,6,500,256,133,105
40,VALCEA,430,0,SCOALA CU CLASELE I-VIII DEALU VALENI,ZATRENI,174290,C,3,366,347,19,200,149,19,32,198,2,400,200,111,87
40,VALCEA,431,0,SCOALA CU CLASELE I-VIII SASCIOARA,ZATRENI,174290,C,3,448,435,13,317,253,13,51,314,3,500,183,195,119
40,VALCEA,432,0,CENTRUL DE INTRETINERE SI ASISTENTA ZATRENI,ZATRENI,174290,C,3,11,0,11,100,0,11,89,91,9,200,100,75,16
41,VRANCEA,1,0,SC ROMSILVA SA STR.AURORA NR.5,MUNICIPIUL FOCSANI,174744,M,1,1602,1578,24,891,865,24,2,886,5,1738,847,343,543
41,VRANCEA,2,0,SC PRESTCOM SA STR.REPUBLICII NR.95,MUNICIPIUL FOCSANI,174744,M,1,1783,1752,31,1093,1062,31,0,1090,3,1926,833,370,720
41,VRANCEA,3,0,"BIBL. JUDETEANA ""DUILIU ZAMFIRESCU"" STR.M. KOGALNICEANU NR.12",MUNICIPIUL FOCSANI,174744,M,1,1867,1839,28,1195,1165,28,2,1190,5,2024,829,402,788
41,VRANCEA,4,0,"SCOALA ""STEFAN CEL MARE"" STR.STEFAN CEL MARE NR.12(INTR PINCI)",MUNICIPIUL FOCSANI,174744,M,1,1348,1328,20,688,668,20,0,686,2,1462,774,248,438
41,VRANCEA,5,0,"SCOALA ""STEFAN CEL MARE"" STR.STEFAN CEL MARE NR.12(INTR SECUN)",MUNICIPIUL FOCSANI,174744,M,1,1470,1452,18,874,856,18,0,871,3,1598,724,331,540
41,VRANCEA,6,0,GRADINITA NR.6 STR.STEFAN CEL MARE NR.21,MUNICIPIUL FOCSANI,174744,M,1,983,963,20,632,610,20,2,625,7,1067,435,229,396
41,VRANCEA,7,0,SC DIVERSIS SA STR.COTESTI NR.17,MUNICIPIUL FOCSANI,174744,M,1,679,660,19,414,395,19,0,414,0,726,312,163,251
41,VRANCEA,8,0,SC C.F. IASI STR.PROF.LONGINESCU NR.33,MUNICIPIUL FOCSANI,174744,M,1,1741,1721,20,923,903,20,0,917,6,1895,972,314,603
41,VRANCEA,9,0,"COLEGIUL ECONOMIC ""M.KOGALNICEANU"" BD. GARII NR.25(PRINCIPALA)",MUNICIPIUL FOCSANI,174744,M,1,1840,1818,22,1077,1052,22,3,1070,7,2003,926,483,587
41,VRANCEA,10,0,"COLEGIUL ECONOMIC ""M.KOGALNICEANU"" BD. GARII NR.25(ELEVI)",MUNICIPIUL FOCSANI,174744,M,1,1764,1740,24,1036,1007,24,5,1023,13,1917,881,401,622
41,VRANCEA,11,0,CUP RA STR.N.TITULESCU NR.9,MUNICIPIUL FOCSANI,174744,M,1,1256,1235,21,757,731,21,5,748,9,1361,604,300,448
41,VRANCEA,12,0,SCOALA NR.7 ALEEA SCOLII NR.47,MUNICIPIUL FOCSANI,174744,M,1,1450,1428,22,784,760,22,2,779,5,1572,788,353,426
41,VRANCEA,13,0,GRADINITA NR.15 STR.BIRSEI NR.8(INTR. PRINCIPALA),MUNICIPIUL FOCSANI,174744,M,1,985,965,20,502,481,20,1,499,3,1063,561,198,301
41,VRANCEA,14,0,GRADINITA NR.15 STR.BIRSEI NR.8(INTR. SECUNDARA),MUNICIPIUL FOCSANI,174744,M,1,1786,1754,32,1017,984,32,1,1005,12,1934,917,402,603
41,VRANCEA,15,0,GRUPUL SCOLAR FORESTIER STR.MARASESTI NR.50,MUNICIPIUL FOCSANI,174744,M,1,1335,1319,16,720,704,16,0,709,11,1455,735,357,352
41,VRANCEA,16,0,SCOALA ION BASGAN(SCOALA NR.2) STR.MARE A UNIRII NR.64,MUNICIPIUL FOCSANI,174744,M,1,1945,1928,17,1036,1019,17,0,1027,9,2121,1085,308,719
41,VRANCEA,17,0,OCOLUL SILVIC STR. MARE A UNIRII NR.2A,MUNICIPIUL FOCSANI,174744,M,1,1533,1513,20,779,759,20,0,774,5,1664,885,256,518
41,VRANCEA,18,0,GRUPUL SCOLAR AGRICOL STR.CUZA VODA NR.46,MUNICIPIUL FOCSANI,174744,M,1,1134,1127,7,592,563,7,22,588,4,1241,649,221,367
41,VRANCEA,19,0,"COLEGIUL NATIONAL ""AL.I.CUZA""STR.CUZA VODA NR.47",MUNICIPIUL FOCSANI,174744,M,1,820,805,15,459,444,15,0,457,2,887,428,134,323
41,VRANCEA,20,0,SCOALA ANGHEL SALINGY(SCOLA NR.5) STR.MOLDOVA NR.7(PRINCIP),MUNICIPIUL FOCSANI,174744,M,1,1217,1198,19,690,670,19,1,684,6,1320,630,252,432
41,VRANCEA,21,0,SCOALA ANGHEL SALINGY(SCOLA NR.5) STR.MOLDOVA NR.7(SECUND),MUNICIPIUL FOCSANI,174744,M,1,1971,1939,32,927,895,32,0,913,14,2137,1210,420,493
41,VRANCEA,22,0,SCOLA NR.11 MINDRESTI MUNTENI STR.LACRAMIOAREI NR.19,MUNICIPIUL FOCSANI,174744,M,1,1209,1156,53,671,618,53,0,666,5,1272,601,365,301
41,VRANCEA,23,0,REGIA AUTONOMA DE IMBUN. FUNCIARE STR.BRAILEI NR.121 BIS,MUNICIPIUL FOCSANI,174744,M,1,1133,1117,16,563,547,16,0,561,2,1228,665,242,319
41,VRANCEA,24,0,GRADINITA NR.16 ALEEA CAMINULUI NR.13(INTR. PRINCIPALA),MUNICIPIUL FOCSANI,174744,M,1,1576,1550,26,717,691,26,0,716,1,1705,988,287,429
41,VRANCEA,25,0,"COLEGIUL NATIONAL ""UNIREA"" STR.CEZAR BOLIAC NR.13-15",MUNICIPIUL FOCSANI,174744,M,1,1364,1343,21,669,628,21,20,667,2,1479,810,268,399
41,VRANCEA,26,0,SCOALA NR.3(INTR.PRINCIP) STR.DORNEI NR.3,MUNICIPIUL FOCSANI,174744,M,1,1475,1457,18,738,720,18,0,734,4,1606,868,257,477
41,VRANCEA,27,0,A.C.R. STR.BRAILEI N.2,MUNICIPIUL FOCSANI,174744,M,1,1749,1719,30,970,940,30,0,964,6,1891,921,365,599
41,VRANCEA,28,0,GRUPUL INDUSTRIAL  ELECTROTEHNICA STR.1 DECEMBRIE 1918 NR.10,MUNICIPIUL FOCSANI,174744,M,1,1325,1300,25,700,675,25,0,696,4,1434,734,235,461
41,VRANCEA,29,0,SALA SPORTURILOR BD.UNIRII NR.12,MUNICIPIUL FOCSANI,174744,M,1,1459,1434,25,801,775,25,1,794,7,1577,776,331,463
41,VRANCEA,30,0,CASA DE CULTURA A SINDICATELOR BD.D. CANTEMIR NR.2,MUNICIPIUL FOCSANI,174744,M,1,1613,1584,29,895,866,29,0,887,8,1744,849,292,595
41,VRANCEA,31,0,DIRECTIA JUDETEANA A SPORTURILOR BD.UNIRII NR.12,MUNICIPIUL FOCSANI,174744,M,1,1773,1756,17,955,938,17,0,948,7,1934,979,344,604
41,VRANCEA,32,0,CENTRUL MEDICAL FOCSANI(POLICLINICA 2) STR.BUCEGI NR.28,MUNICIPIUL FOCSANI,174744,M,1,1041,1003,38,585,547,38,0,581,4,1105,520,195,386
41,VRANCEA,33,0,"SC.""DUILIU ZAMFIRESCU""(SC.NR.10) STR.TINERETII NR.2(PRINCIP)",MUNICIPIUL FOCSANI,174744,M,1,2016,1991,25,1062,1037,25,0,1059,3,2191,1129,418,641
41,VRANCEA,34,0,"SC.""DUILIU ZAMFIRESCU""(SC.NR.10) STR.TINERETII NR.2(SECUND)",MUNICIPIUL FOCSANI,174744,M,1,2083,2052,31,1132,1101,31,0,1129,3,2260,1128,373,756
41,VRANCEA,35,0,SCOALA NR.6 STR.TIMOTEI CIPARIU NR.5,MUNICIPIUL FOCSANI,174744,M,1,1867,1844,23,1053,1030,23,0,1048,5,2029,976,428,620
41,VRANCEA,36,0,SC FEDERALCOOP SA STR.U.PRINCIPATELOR NR.2,MUNICIPIUL FOCSANI,174744,M,1,1795,1777,18,981,959,18,4,975,6,1956,975,360,615
41,VRANCEA,37,0,GRADINITA NR.18 STR.POPA SAPCA NR.8,MUNICIPIUL FOCSANI,174744,M,1,1277,1258,19,751,731,19,1,748,3,1397,646,227,521
41,VRANCEA,38,0,SC CORAPRIM SRL STR.VALCELE NR.9,MUNICIPIUL FOCSANI,174744,M,1,1579,1558,21,858,837,21,0,852,6,1715,857,380,472
41,VRANCEA,39,0,GRUPUL SCOLAR DE CONSTR.MONTAJ STR.1 DECEMBRIE NR.32,MUNICIPIUL FOCSANI,174744,M,1,970,943,27,483,456,27,0,480,3,1039,556,172,308
41,VRANCEA,40,0,OFICIUL POSTAL NR.3 BD.BUCURESTI NR.11,MUNICIPIUL FOCSANI,174744,M,1,1638,1617,21,819,798,21,0,812,7,1779,960,381,431
41,VRANCEA,41,0,SCOALA NR.1 AL.1 IUNIE NR.6 (PRINCIPALA),MUNICIPIUL FOCSANI,174744,M,1,1827,1662,165,957,791,165,1,950,7,1828,871,452,498
41,VRANCEA,42,0,SCOALA NR.1 AL.1 IUNIE NR.6 (SECUNDARA),MUNICIPIUL FOCSANI,174744,M,1,1553,1514,39,774,734,39,1,769,5,1665,891,348,421
41,VRANCEA,43,0,GRADINITA NR.13 ALEEA ECHITATII NR.33,MUNICIPIUL FOCSANI,174744,M,1,1696,1660,36,840,804,36,0,836,4,1826,986,350,486
41,VRANCEA,44,0,"SCOALA ""AL. VLAHUTA""(SC.NR.8) AL.1 IUNIE N.6 (PRINCIPALA)",MUNICIPIUL FOCSANI,174744,M,1,1001,987,14,466,452,14,0,464,2,1087,621,190,274
41,VRANCEA,45,0,"SCOALA ""AL. VLAHUTA""(SC.NR.8) AL.1 IUNIE N.6 (SECUNDARA)",MUNICIPIUL FOCSANI,174744,M,1,1703,1684,19,861,842,19,0,853,8,1856,995,411,442
41,VRANCEA,46,0,GRADINITA NR.1 AL. 1 IUNIE NR.1,MUNICIPIUL FOCSANI,174744,M,1,943,925,18,541,523,18,0,537,4,1018,477,230,307
41,VRANCEA,47,0,MAJESTIC BD.BUCURESTI NR.29,MUNICIPIUL FOCSANI,174744,M,1,352,319,33,294,261,33,0,293,1,351,57,164,129
41,VRANCEA,48,0,DIRECTIA SANITAR VETERINRA STR.BRAILEI NR.121B,MUNICIPIUL FOCSANI,174744,M,1,1328,1297,31,734,701,31,2,731,3,1428,694,291,440
41,VRANCEA,49,0,GRADINITA NR.8 STR.AURORA NR.7,MUNICIPIUL FOCSANI,174744,M,1,1059,1042,17,580,560,17,3,578,2,1148,568,213,365
41,VRANCEA,50,0,GRADINITA NR.4 STR.ANA IPATESCU NR.1,MUNICIPIUL FOCSANI,174744,M,1,1965,1935,30,1084,1054,30,0,1075,9,2130,1046,380,695
41,VRANCEA,51,0,GRUPUL SCOLAR AUTO STR.COTESTI NR.52,MUNICIPIUL FOCSANI,174744,M,1,961,941,20,574,553,20,1,572,2,1036,462,214,358
41,VRANCEA,52,0,DISPENSARUL MEDICAL NR.14 STR.REVOLUTIEI NR.12,MUNICIPIUL FOCSANI,174744,M,1,1867,1840,27,953,926,27,0,948,5,2025,1072,448,500
41,VRANCEA,53,0,GRADINITA NR.13  ALEEA ECHITATII NR.33,MUNICIPIUL FOCSANI,174744,M,1,1799,1776,23,941,914,23,4,938,3,1954,1013,397,541
41,VRANCEA,54,0,GRADINITA NR.16 AL. CAMINULUI NR.13(INTR.SECUNDARA),MUNICIPIUL FOCSANI,174744,M,1,1847,1824,23,868,844,23,1,865,3,2009,1141,397,468
41,VRANCEA,55,0,GRADINITA NR.17 BD.UNIRII NR.2A,MUNICIPIUL FOCSANI,174744,M,1,1297,1286,11,664,653,11,0,659,5,1417,753,272,387
41,VRANCEA,56,0,SCOALA NR.3 STR.DORNEI  NR.3(INTR.SECUNDARA),MUNICIPIUL FOCSANI,174744,M,1,827,802,25,421,396,25,0,419,2,882,461,157,262
41,VRANCEA,57,0,SCOALA AL.VLAHUTA(SC.NR.8) AL.1 IUNIE NR.6,MUNICIPIUL FOCSANI,174744,M,1,1016,1005,11,531,518,11,2,525,6,1104,573,234,291
41,VRANCEA,58,1,STATIA CFR FOCSANI PT CALATORI,MUNICIPIUL FOCSANI,174744,M,1,16,0,16,1095,0,16,1079,1085,10,3500,2405,419,666
41,VRANCEA,59,1,AUTOGARA FOCSANI,MUNICIPIUL FOCSANI,174744,M,1,18,0,18,1239,0,18,1221,1232,7,3500,2261,522,710
41,VRANCEA,60,1,SPITALUL JUDETEAN FOCSANI STR. CUZA VODA NR 50-52,MUNICIPIUL FOCSANI,174744,M,1,62,0,62,418,0,62,356,413,5,2500,2082,244,169
41,VRANCEA,61,1,SPITALUL MILITAR FOCSANI STR. CEZAR BOLIAC NR.36,MUNICIPIUL FOCSANI,174744,M,1,10,0,10,124,0,10,114,122,2,1996,1872,74,48
41,VRANCEA,62,1,SPITALUL DE NEUROLOGIE FOCSANI STR. MR.GH. SAVA NR.4,MUNICIPIUL FOCSANI,174744,M,1,12,0,12,21,0,12,9,21,0,500,479,10,11
41,VRANCEA,63,1,PENITENCIARUL FOCSANI STR. LILIACULUI NR.41,MUNICIPIUL FOCSANI,174744,M,1,11,0,11,152,0,11,141,144,8,1002,850,95,49
41,VRANCEA,64,1,GARNIZOANA FOCSANI BD BUCURESTI NR.3,MUNICIPIUL FOCSANI,174744,M,1,8,0,8,251,0,8,243,248,3,511,260,152,96
41,VRANCEA,65,1,POPMPIERI STR.DORNISOAREI NR.10,MUNICIPIUL FOCSANI,174744,M,1,13,0,13,99,0,13,86,99,0,998,899,66,33
41,VRANCEA,66,0,ADJUD CASA DE CULTURA,MUNICIPIUL ADJUD,174860,M,1,2036,1993,43,1013,970,43,0,1008,5,2194,1181,426,582
41,VRANCEA,67,0,ADJUD SCOALA  NR.4,MUNICIPIUL ADJUD,174860,M,1,1736,1678,58,933,875,58,0,930,3,1846,913,547,383
41,VRANCEA,68,0,ADJUD SCOALA  NR.2(A),MUNICIPIUL ADJUD,174860,M,1,1921,1910,11,863,850,11,2,862,1,2102,1239,348,514
41,VRANCEA,69,0,ADJUD SCOALA  NR.2(B),MUNICIPIUL ADJUD,174860,M,1,1915,1894,21,897,864,21,12,895,2,2086,1189,351,544
41,VRANCEA,70,0,ADJUD LOCALUL POLICLINICII CFR DIN B-DUL GARII,MUNICIPIUL ADJUD,174860,M,1,2093,2069,24,1526,989,24,513,1524,2,3577,2051,601,923
41,VRANCEA,71,0,ADJUD C.R.S.A.,MUNICIPIUL ADJUD,174860,M,1,1120,1099,21,602,581,21,0,601,1,1210,608,260,341
41,VRANCEA,72,0,ADJUD SCOALA NR.3,MUNICIPIUL ADJUD,174860,M,1,1687,1671,16,848,828,16,4,846,2,1837,989,346,500
41,VRANCEA,73,0,ADJUD GRUP SCOLAR AGRICOL,MUNICIPIUL ADJUD,174860,M,1,981,962,19,525,506,19,0,521,4,1059,534,279,242
41,VRANCEA,74,0,ADJUD SC OCTOGON  PROD COM FOST SEDIU CLF,MUNICIPIUL ADJUD,174860,M,1,636,621,15,370,353,15,2,370,0,683,313,186,184
41,VRANCEA,75,1,ADJUD SPITALUL MUNICIPAL,MUNICIPIUL ADJUD,174860,M,1,9,0,9,135,0,9,126,133,2,1500,1365,82,51
41,VRANCEA,76,0,CARTIER BURCIOAIA SC . GEN. BURCIOAIA,MUNICIPIUL ADJUD,174860,M,1,443,418,25,306,267,25,14,304,2,460,154,207,97
41,VRANCEA,77,0,SISCANI SCOALA GENERALA,MUNICIPIUL ADJUD,174860,M,1,645,632,13,383,339,13,31,381,2,695,312,252,129
41,VRANCEA,78,0,ADJUDU VECHI SCOALA GENERALA,MUNICIPIUL ADJUD,174860,M,1,1373,1312,61,748,683,61,4,748,0,1445,697,409,339
41,VRANCEA,79,0,MARASESTI SCOALA NR.1 SCOALA SIRET NR.1,ORAS MARASESTI,174922,O,1,1454,1433,21,858,835,21,2,853,5,1580,722,471,382
41,VRANCEA,80,0,MARASESTI SCOALA NR.3 STR. NARESAL AL. AVERESCU NR.65,ORAS MARASESTI,174922,O,1,1082,1066,16,758,742,16,0,698,60,1182,424,647,51
41,VRANCEA,81,0,MARASESTI CLUBUL ELEVILOR MARESAL AL. AVERESCU NR.7,ORAS MARASESTI,174922,O,1,776,762,14,399,385,14,0,394,5,840,441,221,173
41,VRANCEA,82,0,MARASESTI CASA DE CULTURA STR. REPUBLICII NR.99,ORAS MARASESTI,174922,O,1,1627,1618,9,863,853,9,1,856,7,1781,918,383,473
41,VRANCEA,83,0,GRUP SCOLAR INDUSTRIAL STR.REPUBLICII NR.74,ORAS MARASESTI,174922,O,1,1918,1894,24,980,953,24,3,970,10,2084,1104,474,496
41,VRANCEA,84,0,HARET MODRUZENI SCOALA GENERALA HARET,ORAS MARASESTI,174922,O,1,502,484,18,311,293,18,0,308,3,536,225,216,92
41,VRANCEA,85,0,PADURENI SCOALA GENERALA,ORAS MARASESTI,174922,O,1,468,448,20,254,227,20,7,251,3,492,238,145,106
41,VRANCEA,86,0,CALIMANESTI SCOALA GENERALA,ORAS MARASESTI,174922,O,1,355,343,12,231,207,12,12,227,4,380,149,178,49
41,VRANCEA,87,0,TISITA SCOALA GENERALA DOAGA,ORAS MARASESTI,174922,O,1,216,207,9,124,115,9,0,119,5,228,104,74,45
41,VRANCEA,88,0,MARASESTI SCOALA GENERALA NR.2  STR.GAROAFEI,ORAS MARASESTI,174922,O,1,1257,1243,14,561,547,14,0,555,6,1367,806,302,253
41,VRANCEA,89,1,STATIA CFR,ORAS MARASESTI,174922,O,1,9,0,9,269,0,9,260,268,1,2502,2233,113,155
41,VRANCEA,90,0,ODOBESTI BIBLIOTECA STR.LIBERTATII NR.122,ORAS ODOBESTI,175019,O,1,1802,1769,33,1101,1057,33,11,1096,5,1950,849,596,500
41,VRANCEA,91,0,ODOBESTI LICEUL DUILIU ZAMFIRESCU  STR.C-TIN DOBROGEANU GHEREA NR.1,ORAS ODOBESTI,175019,O,1,1122,1099,23,670,647,23,0,668,2,1211,541,390,278
41,VRANCEA,92,0,ODOBESTI GRUP SCOLAR AGRICOL STR. STEFAN CEL MARE NR.42,ORAS ODOBESTI,175019,O,1,1543,1512,31,1096,885,31,180,1085,11,1672,576,646,439
41,VRANCEA,93,0,ODOBESTI GRADINITA NR.3 CARAGEA STR. LIBERTATII NR.161,ORAS ODOBESTI,175019,O,1,887,861,26,547,519,26,2,543,4,952,405,271,272
41,VRANCEA,94,0,UNIREA SCOALA GENERALA,ORAS ODOBESTI,175019,O,1,760,742,18,461,443,18,0,455,6,816,355,227,228
41,VRANCEA,95,0,UNIREA SCOALA GENERALA,ORAS ODOBESTI,175019,O,1,555,531,24,402,371,24,7,398,4,585,183,213,185
41,VRANCEA,96,1,CENTRU DE INTEGRARE PRIN TERAPIE,ORAS ODOBESTI,175019,O,1,10,0,10,180,0,10,170,151,29,1499,1319,72,79
41,VRANCEA,97,0,PANCIU CASA DE CULTURA,ORAS PANCIU,175055,O,1,1438,1408,30,1008,694,30,284,1002,6,1546,538,470,532
41,VRANCEA,98,0,PANCIU SCOALA GEN NR.1,ORAS PANCIU,175055,O,1,1147,1087,60,657,597,60,0,653,4,1186,529,356,297
41,VRANCEA,99,0,PANCIU MAGAZIN UNIVERSAL,ORAS PANCIU,175055,O,1,1098,1072,26,585,553,26,6,582,3,1186,601,252,330
41,VRANCEA,100,0,PANCIU POLICLINICA STRADA SOVEJEI,ORAS PANCIU,175055,O,1,1211,1184,27,697,626,27,44,687,10,1262,565,292,395
41,VRANCEA,101,0,SATU NOU SCOALA GENERALA,ORAS PANCIU,175055,O,1,907,881,26,561,535,26,0,557,4,970,409,274,283
41,VRANCEA,102,0,CRUCEA DE JOS CLUB DE SOCIALIZARE,ORAS PANCIU,175055,O,1,364,348,16,229,213,16,0,227,2,375,146,124,103
41,VRANCEA,103,0,DUMBRAVA SCOALA GENERALA,ORAS PANCIU,175055,O,1,469,455,14,276,259,14,3,273,3,503,227,154,119
41,VRANCEA,104,0,CRUCEA DE SUS SCOALA GENERALA,ORAS PANCIU,175055,O,1,775,737,38,483,445,38,0,479,4,871,388,217,262
41,VRANCEA,105,0,NEICU CAMIN CULTURAL,ORAS PANCIU,175055,O,1,568,554,14,380,359,14,7,375,5,612,232,207,168
41,VRANCEA,106,0,SCOALA ANDREIASU DE JOS,ANDREIASU DE JOS,175126,C,3,592,579,13,399,386,13,0,396,3,634,235,298,98
41,VRANCEA,107,0,ANDREIASU DE SUS SCOALA,ANDREIASU DE JOS,175126,C,3,501,471,30,300,270,30,0,298,2,518,218,258,40
41,VRANCEA,108,0,RACHITASU SCOALA,ANDREIASU DE JOS,175126,C,3,621,599,22,424,402,22,0,417,7,659,235,347,70
41,VRANCEA,109,0,BALESTI SCOALA GENERALA,BALESTI,175206,C,3,1919,1911,8,1316,1145,8,163,1295,21,2107,791,992,303
41,VRANCEA,110,0,CAMIN CULTURAL,BARSESTI,175224,C,3,1303,1282,21,928,855,21,52,902,26,1417,489,545,357
41,VRANCEA,111,0,SCOALA GENERALA NR.1,BILIESTI,178929,C,3,1052,1033,19,581,530,19,32,564,17,1137,556,356,208
41,VRANCEA,112,0,SASU SCOALA,BILIESTI,178929,C,3,940,920,20,447,411,20,16,441,6,1012,565,312,129
41,VRANCEA,113,0,PRIMARIA,BOGHESTI,175260,C,3,571,564,7,345,293,7,45,343,2,621,276,217,126
41,VRANCEA,114,0,SCOALA GENERALA PLACINTENI,BOGHESTI,175260,C,3,171,148,23,146,104,23,19,142,4,150,4,109,33
41,VRANCEA,115,0,SCOALA GENERALA BICHESTI,BOGHESTI,175260,C,3,179,150,29,117,88,29,0,114,3,156,39,66,48
41,VRANCEA,116,0,PRISECANI SCOALA GENERALA,BOGHESTI,175260,C,3,346,340,6,245,186,6,53,237,8,378,133,180,57
41,VRANCEA,117,0,SCOALA GENERALA IUGANI,BOGHESTI,175260,C,3,212,198,14,166,129,14,23,165,1,218,52,131,34
41,VRANCEA,118,0,BOLOTESTI CAMIN CULTURAL,BOLOTESTI,175368,C,3,613,596,17,420,354,17,49,414,6,659,239,244,170
41,VRANCEA,119,0,IVANCESTI SCOALA,BOLOTESTI,175368,C,3,382,373,9,200,191,9,0,195,5,411,211,162,33
41,VRANCEA,120,0,GAGESTI SCOALA,BOLOTESTI,175368,C,3,1664,1637,27,958,859,27,72,945,13,1802,844,616,329
41,VRANCEA,121,0,VITANESTI SCOALA,BOLOTESTI,175368,C,3,576,565,11,367,330,11,26,362,5,623,256,207,155
41,VRANCEA,122,0,PUTNA SCOALA,BOLOTESTI,175368,C,3,506,460,46,359,311,46,2,354,5,513,154,237,117
41,VRANCEA,123,0,BORDESTI CAMIN CULTURAL,BORDESTI,175439,C,3,1070,1059,11,703,635,11,57,690,13,1165,462,409,281
41,VRANCEA,124,0,BORDESTII DE JOS GRADINITA,BORDESTI,175439,C,3,439,434,5,346,287,5,54,342,4,480,134,238,104
41,VRANCEA,125,0,BROSTENI CAMIN CULTURAL,BROSTENI,175466,C,3,1699,1685,14,1098,974,14,110,1087,11,1858,760,720,367
41,VRANCEA,126,0,CHIOJDENI SCOALA,CHIOJDENI,175509,C,3,846,841,5,480,456,5,19,473,7,926,446,338,135
41,VRANCEA,127,0,CATAUTI SCOALA,CHIOJDENI,175509,C,3,390,383,7,255,227,7,21,248,7,425,170,204,44
41,VRANCEA,128,0,LUNCILE SCOALA,CHIOJDENI,175509,C,3,565,551,14,461,425,14,22,452,9,606,145,382,70
41,VRANCEA,129,0,CIORASTI SALON DE DANS,CIORASTI,175590,C,3,940,934,6,576,531,6,39,563,13,1043,467,402,161
41,VRANCEA,130,0,CODRESTI MAGAZIN ALIMENTAR,CIORASTI,175590,C,3,257,245,12,189,166,12,11,186,3,270,81,128,58
41,VRANCEA,131,0,MIHALCENI SCOALA GENERALA,CIORASTI,175590,C,3,732,719,13,453,401,13,39,444,9,797,344,348,96
41,VRANCEA,132,0,SALCIA NOUA SCOALA GENERALA,CIORASTI,175590,C,3,487,472,15,316,286,15,15,312,4,523,207,249,63
41,VRANCEA,133,0,SALCIA VECHE SCOALA GENERALA,CIORASTI,175590,C,3,297,285,12,232,200,12,20,227,5,322,90,164,63
41,VRANCEA,134,0,SATU NOU SCOALA GENERALA,CIORASTI,175590,C,3,284,274,10,175,161,10,4,169,6,274,99,128,41
41,VRANCEA,135,0,SPATAREASA MAGAZIN MIXT,CIORASTI,175590,C,3,241,237,4,185,166,4,15,180,5,261,76,127,53
41,VRANCEA,136,0,CAMPINEANCA SCOALA GENERALA VILCELE,CAMPINEANCA,174780,C,3,1180,1164,16,681,664,16,1,676,5,1281,600,330,346
41,VRANCEA,137,0,PIETROASA SCOALA GENERALA,CAMPINEANCA,174780,C,3,1513,1495,18,867,849,18,0,865,2,1649,782,405,460
41,VRANCEA,138,0,CAMPURI SCOALA NR.2,CAMPURI,175670,C,3,900,800,100,513,384,100,29,498,15,880,367,289,209
41,VRANCEA,139,0,CAMPURI CAMIN CULTURAL,CAMPURI,175670,C,3,1145,1062,83,596,456,83,57,588,8,1177,581,357,231
41,VRANCEA,140,0,ROTILESTII MARI MICI SCOALA,CAMPURI,175670,C,3,604,556,48,377,329,48,0,371,6,615,238,226,145
41,VRANCEA,141,0,FETESTI  SCOALA,CAMPURI,175670,C,3,807,771,36,519,429,36,54,506,13,850,331,342,164
41,VRANCEA,142,0,CARLIGELE CENTRUL DE ZI,CARLIGELE,175732,C,3,890,870,20,491,428,20,43,481,10,960,469,300,181
41,VRANCEA,143,0,BLIDARI SCOALA GENERALA,CARLIGELE,175732,C,3,515,494,21,311,277,21,13,306,5,544,233,176,130
41,VRANCEA,144,0,BONTESTI SCOALA GENERALA,CARLIGELE,175732,C,3,433,381,52,286,234,52,0,284,2,419,133,174,110
41,VRANCEA,145,0,DALHAUTI SCOALA GENERALA,CARLIGELE,175732,C,3,547,536,11,312,277,11,24,307,5,590,278,215,92
41,VRANCEA,146,0,SERBANESTI SCOALA PRIMARA,CORBITA,175787,C,3,746,733,13,545,454,13,78,537,8,808,263,354,183
41,VRANCEA,147,0,RADACINESTI SCOALA PRIMARA,CORBITA,175787,C,3,378,372,6,320,276,6,38,317,3,414,94,233,84
41,VRANCEA,148,0,BUDA GRADINITA,CORBITA,175787,C,3,507,495,12,356,315,12,29,352,4,545,189,237,115
41,VRANCEA,149,0,COTESTI   SCOALA NR 1,COTESTI,175885,C,3,1219,1189,30,541,509,30,2,535,6,1309,768,284,251
41,VRANCEA,150,0,BUDESTI CAMIN CULTURAL,COTESTI,175885,C,3,1577,1480,97,875,773,97,5,864,11,1630,755,417,447
41,VRANCEA,151,0,ODOBASCA SCOALA NR.2,COTESTI,175885,C,3,443,401,42,247,202,42,3,243,4,441,194,121,122
41,VRANCEA,152,0,GOLESTII DE SUS SCOALA,COTESTI,175885,C,3,312,290,22,179,154,22,3,176,3,320,141,83,93
41,VRANCEA,153,0,VALEA COTESTI SCOALA,COTESTI,175885,C,3,308,287,21,160,139,21,0,158,2,317,157,62,96
41,VRANCEA,154,0,DUMBRAVENI  CAMIN CULTURAL,DUMBRAVENI,175938,C,3,1470,1419,51,780,723,51,6,767,13,1567,787,448,319
41,VRANCEA,155,0,CANDESTI CAMIN CULTURAL,DUMBRAVENI,175938,C,3,1071,1036,35,615,564,35,16,611,4,1144,529,365,246
41,VRANCEA,156,0,DRAGOSLOVENI SCOALA GENERALA,DUMBRAVENI,175938,C,3,824,791,33,463,420,33,10,460,3,871,408,254,206
41,VRANCEA,157,1,SPITALUL COMUNAL,DUMBRAVENI,175938,C,3,0,0,0,70,0,0,70,69,1,500,430,38,31
41,VRANCEA,158,0,DUMITRESTI GRUP SCOLAR,DUMITRESTI,175983,C,3,969,928,41,649,539,41,69,642,7,1022,373,489,153
41,VRANCEA,159,0,DUMITRESTI CAMIN CULTURAL,DUMITRESTI,175983,C,3,744,712,32,493,399,32,62,491,2,783,290,234,257
41,VRANCEA,160,0,SCOALA PRIMARA DUMITRESTII DE SUS,DUMITRESTI,175983,C,3,225,208,17,168,141,17,10,166,2,229,61,126,40
41,VRANCEA,161,0,MOTNAU SCOALA PRIMARA,DUMITRESTI,175983,C,3,387,356,31,247,203,31,13,244,3,387,140,105,139
41,VRANCEA,162,0,SCOALA PRIMARA TRESTIA,DUMITRESTI,175983,C,3,185,155,30,136,93,30,13,135,1,171,35,79,56
41,VRANCEA,163,0,TINOASA CAMIN CULTURAL,DUMITRESTI,175983,C,3,207,190,17,155,133,17,5,155,0,209,54,114,41
41,VRANCEA,164,0,SCOALA GENERALA LASTUNI,DUMITRESTI,175983,C,3,373,357,16,271,235,16,20,268,3,394,123,198,70
41,VRANCEA,165,0,POIENITA SCOALA PRIMARA,DUMITRESTI,175983,C,3,273,250,23,198,172,23,3,195,3,276,78,72,123
41,VRANCEA,166,0,DUMITRESTI FATA SCOALA,DUMITRESTI,175983,C,3,238,222,16,171,152,16,3,169,2,244,73,98,71
41,VRANCEA,167,0,BICESTII DE SUS SCOALA,DUMITRESTI,175983,C,3,672,648,24,473,406,24,43,470,3,713,240,262,208
41,VRANCEA,168,0,FITIONESTI CAMIN CULTURAL,FITIONESTI,176150,C,3,833,808,25,459,413,25,21,453,6,889,430,206,247
41,VRANCEA,169,0,FITIONESTI PISC SCOALA PRIMARA,FITIONESTI,176150,C,3,645,605,40,392,336,40,16,389,3,667,275,232,157
41,VRANCEA,170,0,GRADINITA GHIMICESTI,FITIONESTI,176150,C,3,382,366,16,233,216,16,1,230,3,404,171,117,113
41,VRANCEA,171,0,"HOLBANESTI,MANASTIOARA SCOALA GENERALA NR.8",FITIONESTI,176150,C,3,550,538,12,321,284,12,25,316,5,592,271,171,145
41,VRANCEA,172,0,SCOALA PRIMARA CIOLANESTI,FITIONESTI,176150,C,3,148,134,14,99,83,14,2,98,1,148,49,49,49
41,VRANCEA,173,0,GAROAFA   CAMIN CULTURAL,GAROAFA,176212,C,3,1364,1350,14,711,692,14,5,704,7,1507,796,295,409
41,VRANCEA,174,0,BIZIGHESTI SCOALA PRIMARA,GAROAFA,176212,C,3,527,516,11,328,303,11,14,322,6,573,245,169,153
41,VRANCEA,175,0,DOAGA SCOALA PRIMARA,GAROAFA,176212,C,3,418,412,6,263,233,6,24,259,4,454,191,143,116
41,VRANCEA,176,0,CIUSLEA SCOALA GENERALA,GAROAFA,176212,C,3,1264,1233,31,672,641,31,0,664,8,1369,697,367,297
41,VRANCEA,177,0,GOLESTI   SCOALA GENERALA STR. COTESTI,GOLESTI,174824,C,3,1338,1262,76,678,598,76,4,673,5,1393,715,334,339
41,VRANCEA,178,0,GOLESTI   CAMIN CULTURAL,GOLESTI,174824,C,3,1711,1629,82,884,787,82,15,876,8,1794,910,435,441
41,VRANCEA,179,0,GOLOGANU GRADINITA,GOLOGANU,178938,C,3,1518,1494,24,880,835,24,21,870,10,1647,767,556,314
41,VRANCEA,180,0,GOLOGANU CAMIN CULTURAL,GOLOGANU,178938,C,3,1259,1254,5,721,653,5,63,710,11,1382,661,452,258
41,VRANCEA,181,0,SATU VECHI SCOALA NR.2,GUGESTI,176301,C,3,1490,1417,73,887,789,73,25,874,13,1577,690,441,433
41,VRANCEA,182,0,GUGESTI   SCOALA GENERALA NR.3 POIANA,GUGESTI,176301,C,3,952,832,120,553,423,120,10,548,5,915,362,303,245
41,VRANCEA,183,0,GUGESTI   CAMIN CULTURAL,GUGESTI,176301,C,3,2572,2458,114,1548,1413,114,21,1536,12,2705,1157,862,674
41,VRANCEA,184,0,OREAVU SCOALA,GUGESTI,176301,C,3,475,455,20,320,261,20,39,312,8,504,184,204,108
41,VRANCEA,185,0,GURA CALITEI SCOALA,GURA CALITEI,176338,C,3,883,872,11,404,377,11,16,404,0,963,559,203,201
41,VRANCEA,186,0,LACU LUI BABAN SCOALA,GURA CALITEI,176338,C,3,502,465,37,247,210,37,0,246,1,514,267,167,79
41,VRANCEA,187,0,POIENILE SCOALA,GURA CALITEI,176338,C,3,379,363,16,193,177,16,0,190,3,400,207,138,52
41,VRANCEA,188,0,PLOPU SCOALA,GURA CALITEI,176338,C,3,334,323,11,151,140,11,0,148,3,356,205,108,40
41,VRANCEA,189,0,DEALU LUNG SCOALA,GURA CALITEI,176338,C,3,421,407,14,241,211,14,16,239,2,449,208,162,77
41,VRANCEA,190,0,HOMOCEA SCOALA GENERALA,HOMOCEA,176445,C,3,1738,1726,12,791,760,12,19,769,22,1901,1110,487,282
41,VRANCEA,191,0,HOMOCEA GRADINITA CENTRU,HOMOCEA,176445,C,3,1923,1898,25,918,893,25,0,902,16,2088,1170,533,369
41,VRANCEA,192,0,LESPEZI SCOALA GENERALA,HOMOCEA,176445,C,3,1025,1004,21,553,511,21,21,541,12,1109,556,342,199
41,VRANCEA,193,0,COSTISA SCOALA GENERALA,HOMOCEA,176445,C,3,282,273,9,176,149,9,18,175,1,300,124,127,48
41,VRANCEA,194,0,JARISTEA CAMIN CULTURAL,JARISTEA,176506,C,3,1809,1757,52,1010,840,52,118,998,12,1939,929,593,405
41,VRANCEA,195,0,PADURENI SCOALA,JARISTEA,176506,C,3,419,385,34,286,222,34,30,277,9,425,139,223,54
41,VRANCEA,196,0,SCANTEIA SCOALA,JARISTEA,176506,C,3,201,185,16,137,121,16,0,137,0,205,68,108,29
41,VRANCEA,197,0,VARSATURA SCOALA,JARISTEA,176506,C,3,449,413,36,275,222,36,17,268,7,455,180,171,97
41,VRANCEA,198,0,MARGINEA SCOALA,JARISTEA,176506,C,3,639,540,99,441,333,99,9,436,5,595,154,241,195
41,VRANCEA,199,0,JITIA  SCOALA GIMNAZIALA,JITIA,176551,C,3,1074,1067,7,698,658,7,33,691,7,1175,477,470,221
41,VRANCEA,200,0,JITIA  DE JOS SCOALA NR.1,JITIA,176551,C,3,346,334,12,237,212,12,13,235,2,369,132,186,49
41,VRANCEA,201,0,MAICANESTI  SCOALA GENERALA,MAICANESTI,176613,C,3,1988,1925,63,1200,1072,63,65,1184,16,2121,921,801,383
41,VRANCEA,202,0,RAMNICENI SCOALA GENERALA,MAICANESTI,176613,C,3,1635,1610,25,994,923,25,46,972,22,1774,780,677,295
41,VRANCEA,203,0,SLOBOZIA BOTESTI SCOALA GENERALA,MAICANESTI,176613,C,3,604,536,68,385,317,68,0,372,13,591,206,284,88
41,VRANCEA,204,0,STUPINA SCOALA GENERALA,MAICANESTI,176613,C,3,407,372,35,346,311,35,0,342,4,411,65,277,65
41,VRANCEA,205,1,CIA MAICANESTI,MAICANESTI,176613,C,3,9,0,9,62,0,9,53,62,0,500,438,58,4
41,VRANCEA,206,0,MERA CAMIN CULTURAL,MERA,176686,C,3,1701,1601,100,1248,1095,100,53,1219,29,1765,517,895,324
41,VRANCEA,207,0,VULCANEASA SCOALA,MERA,176686,C,3,1479,1427,52,1217,1165,52,0,1208,9,1571,354,806,402
41,VRANCEA,208,0,MILCOVUL GRADINITA,MILCOVUL,176748,C,3,1095,1070,25,648,602,25,21,640,8,1179,531,353,287
41,VRANCEA,209,0,MILCOVUL SCOALA,MILCOVUL,176748,C,3,1127,1096,31,682,627,31,24,677,5,1210,528,386,291
41,VRANCEA,210,0,LAMOTESTI SCOALA,MILCOVUL,176748,C,3,770,739,31,452,412,31,9,444,8,814,362,236,208
41,VRANCEA,211,0,DIOCHETI SCOALA GENERALA,MOVILITA,176793,C,3,622,609,13,398,357,13,28,393,5,671,273,262,131
41,VRANCEA,212,0,MOVILITA SCOALA GENERALA  SPERIETI,MOVILITA,176793,C,3,370,349,21,218,186,21,11,214,4,384,166,98,116
41,VRANCEA,213,0,MOVILITA    SCOALA GENERALA NR.2,MOVILITA,176793,C,3,716,684,32,314,282,32,0,305,9,752,438,160,145
41,VRANCEA,214,0,MOVILITA    SCOALA GENERALA NR.1,MOVILITA,176793,C,3,916,844,72,443,371,72,0,439,4,930,487,226,213
41,VRANCEA,215,0,TROTUSANU SCOALA GENERALA,MOVILITA,176793,C,3,411,378,33,248,215,33,0,240,8,416,168,180,60
41,VRANCEA,216,0,FRECATEI SCOALA GENERALA,MOVILITA,176793,C,3,400,376,24,205,179,24,2,203,2,415,210,134,69
41,VRANCEA,217,0,NANESTI     SCOALA GENERALA,NANESTI,176855,C,3,1160,1157,3,732,638,3,91,722,10,1281,549,444,278
41,VRANCEA,218,0,CALIENI SCOALA GENERALA,NANESTI,176855,C,3,1059,1045,14,695,614,14,67,680,15,1166,471,555,125
41,VRANCEA,219,0,NARUJA CAMINUL CULTURAL,NARUJA,176891,C,3,1087,1063,24,692,621,24,47,683,9,1171,479,460,223
41,VRANCEA,220,0,PODUL NARUJA SCOALA,NARUJA,176891,C,3,489,472,17,312,273,17,22,311,1,522,210,204,107
41,VRANCEA,221,0,NEGRILESTI SALA DE FESTIVITATI,NEGRILESTI,178885,C,3,1598,1583,15,949,868,15,66,923,26,1742,793,688,235
41,VRANCEA,222,0,NEREJU SCOALA DIMITRIE GUSTI,NEREJU,176944,C,3,1442,1423,19,891,837,19,35,886,5,1566,675,675,211
41,VRANCEA,223,0,"NEREJU MIC,CHIRICARI,BRATACESTI  SCOALA",NEREJU,176944,C,3,1744,1657,87,1271,1184,87,0,1261,10,1825,554,896,365
41,VRANCEA,224,0,NISTORESTI CAMIN CULTURAL,NISTORESTI,177003,C,3,1010,1000,10,628,596,10,22,605,23,1101,473,471,134
41,VRANCEA,225,0,VETRESTI CAMINUL CULTURAL,NISTORESTI,177003,C,3,931,925,6,573,525,6,42,572,1,1017,444,430,142
41,VRANCEA,226,0,OBREJITA SCOALA,OBREJITA,178947,C,3,1272,1158,114,895,738,114,43,880,15,1275,380,652,228
41,VRANCEA,227,0,PALTIN  CAMINUL CULTURAL,PALTIN,177101,C,3,1205,1161,44,648,604,44,0,643,5,1280,632,415,228
41,VRANCEA,228,0,PRAHUDA CAMIN CULTURAL,PALTIN,177101,C,3,597,578,19,327,308,19,0,324,3,640,313,214,110
41,VRANCEA,229,0,SPULBER CAMIN CULTURAL,PALTIN,177101,C,3,1063,1037,26,627,575,26,26,618,9,1143,516,411,207
41,VRANCEA,230,0,PAULESTI    SCOALA GENERALA,PAULESTI,178910,C,3,718,706,12,404,379,12,13,402,2,778,374,290,112
41,VRANCEA,231,0,FUNDATURA SCOALA GENERALA,PAULESTI,178910,C,3,399,382,17,242,223,17,2,238,4,420,178,161,77
41,VRANCEA,232,0,HAULISCA SCOALA GENERALA,PAULESTI,178910,C,3,660,647,13,433,402,13,18,420,13,712,279,321,99
41,VRANCEA,233,0,SURLEA SCOALA,PAUNESTI,177236,C,3,1343,1276,67,522,432,67,23,507,15,1404,882,358,149
41,VRANCEA,234,0,NOVACESTI SCOALA NR.3,PAUNESTI,177236,C,3,1446,1379,67,660,575,67,18,649,11,1518,858,419,230
41,VRANCEA,235,0,BOSTANESTI SCOALA NR.2,PAUNESTI,177236,C,3,1105,1020,85,495,394,85,16,485,10,923,428,309,176
41,VRANCEA,236,0,VIISOARA SCOALA,PAUNESTI,177236,C,3,823,805,18,383,353,18,12,377,6,886,503,265,112
41,VRANCEA,237,0,PAUNESTI CAMIN CULTURAL,PAUNESTI,177236,C,3,1028,949,79,462,345,79,38,454,8,1044,582,239,215
41,VRANCEA,238,0,PLOSCUTENI  SCOALA GENERALA,PLOSCUTENI,178894,C,3,2013,1987,26,1589,1552,26,11,1575,14,2188,599,1274,301
41,VRANCEA,239,0,ARGEA SCOALA PRIMARA,PLOSCUTENI,178894,C,3,260,237,23,189,166,23,0,189,0,264,75,173,16
41,VRANCEA,240,0,POIANA CRISTEI CAMIN CULTURAL,POIANA CRISTEI,177263,C,3,1059,982,77,777,700,77,0,762,15,1082,305,565,197
41,VRANCEA,241,0,PODU LACULUI SCOALA,POIANA CRISTEI,177263,C,3,630,612,18,433,415,18,0,428,5,675,242,288,140
41,VRANCEA,242,0,MAHRIU CAMIN CULTURAL,POIANA CRISTEI,177263,C,3,352,329,23,239,216,23,0,237,2,363,124,154,83
41,VRANCEA,243,0,PETREANU SCOALA,POIANA CRISTEI,177263,C,3,191,181,10,121,104,10,7,119,2,200,79,98,21
41,VRANCEA,244,0,TIRITU SCOALA,POIANA CRISTEI,177263,C,3,231,215,16,169,153,16,0,167,2,238,69,142,25
41,VRANCEA,245,0,POPESTI SCOALA,POPESTI,178901,C,3,1766,1750,16,929,841,16,72,918,11,1926,997,424,494
41,VRANCEA,246,0,RUNCU LOCALUL FOSTEI SCOLI DIN CATUNUL RUNCU,POPESTI,178901,C,3,235,191,44,159,108,44,7,156,3,211,52,78,78
41,VRANCEA,247,0,TERCHESTI SCOALA,POPESTI,178901,C,3,435,418,17,263,215,17,31,258,5,464,201,163,95
41,VRANCEA,248,0,PUFESTI SCOALA GENERALA,PUFESTI,177352,C,3,1289,1266,23,805,723,23,59,796,9,1395,590,325,471
41,VRANCEA,249,0,CIORANI SCOALA GENERALA,PUFESTI,177352,C,3,827,812,15,504,455,15,34,497,7,895,391,223,274
41,VRANCEA,250,0,DOMNESTI SCOALA GENERALA,PUFESTI,177352,C,3,1160,1112,48,726,666,48,12,716,10,1224,498,483,233
41,VRANCEA,251,0,RACOASA CAMIN,RACOASA,177405,C,3,1030,987,43,603,503,43,57,599,4,1087,484,330,269
41,VRANCEA,252,0,GOGOIU SCOALA,RACOASA,177405,C,3,186,170,16,103,87,16,0,103,0,189,86,47,56
41,VRANCEA,253,0,MARASTI SCOALA,RACOASA,177405,C,3,575,561,14,363,320,14,29,357,6,618,255,165,192
41,VRANCEA,254,0,VARNITA SCOALA,RACOASA,177405,C,3,466,437,29,298,269,29,0,295,3,488,190,228,67
41,VRANCEA,255,0,VERDEA  SCOALA,RACOASA,177405,C,3,689,660,29,413,374,29,10,406,7,726,313,169,237
41,VRANCEA,256,0,RASTOACA CAMIN CULTURAL(A-M),RASTOACA,178956,C,3,1259,1235,24,673,625,24,24,664,9,1360,687,434,230
41,VRANCEA,257,0,RASTOACA CAMIN CULTURAL(N-Z),RASTOACA,178956,C,3,843,820,23,470,428,23,19,458,12,902,432,303,155
41,VRANCEA,258,0,SINDRILARI SCOALA,REGHIU,177469,C,3,1217,1196,21,834,783,21,30,823,11,1319,485,589,234
41,VRANCEA,259,0,REGHIU SCOALA,REGHIU,177469,C,3,516,499,17,322,269,17,36,320,2,549,227,230,90
41,VRANCEA,260,0,RAIUTI SCOALA,REGHIU,177469,C,3,405,388,17,290,257,17,16,287,3,428,138,193,94
41,VRANCEA,261,0,RUGINESTI  CAMIN CULTURAL,RUGINESTI,177557,C,3,1671,1635,36,876,809,36,31,868,8,1802,926,502,366
41,VRANCEA,262,0,ANGHELESTI  SCOALA,RUGINESTI,177557,C,3,1025,960,65,506,441,65,0,494,12,1058,552,318,176
41,VRANCEA,263,0,COPACESTI SCOALA,RUGINESTI,177557,C,3,650,636,14,362,348,14,0,356,6,700,338,213,143
41,VRANCEA,264,0,VALENI SCOALA,RUGINESTI,177557,C,3,290,269,21,182,152,21,9,178,4,296,114,116,62
41,VRANCEA,265,0,SIHLEA GRADINITA,SIHLEA,177600,C,3,1884,1854,30,1022,928,30,64,1009,13,2042,1020,692,317
41,VRANCEA,266,0,CAIATA SCOALA,SIHLEA,177600,C,3,543,510,33,352,302,33,17,347,5,564,212,261,86
41,VRANCEA,267,0,BOGZA SCOALA,SIHLEA,177600,C,3,876,837,39,565,469,39,57,557,8,923,358,452,105
41,VRANCEA,268,0,VOETIN SCOALA,SIHLEA,177600,C,3,1002,959,43,633,529,43,61,624,9,1058,425,495,129
41,VRANCEA,269,1,LOCALUL DIN PUNCTUL COADA VAII SAT SIHLEA,SIHLEA,177600,C,3,57,0,57,57,0,57,0,57,0,1000,943,37,20
41,VRANCEA,270,0,SLOBOZIA BRADULUI SCOALA,SLOBOZIA BRADULUI,177655,C,3,1355,1257,98,773,635,98,40,756,17,1383,610,500,256
41,VRANCEA,271,0,COROTENI SCOALA GENERALA,SLOBOZIA BRADULUI,177655,C,3,809,786,23,659,541,23,95,650,9,866,207,269,381
41,VRANCEA,272,0,CORNETU SCOALA GENERALA,SLOBOZIA BRADULUI,177655,C,3,1236,1201,35,796,758,35,3,769,27,1322,526,600,169
41,VRANCEA,273,0,SLOBOZIA CIORASTI  GRADINITA,SLOBOZIA CIORASTI,177726,C,3,1153,1126,27,730,686,27,17,726,4,1241,511,528,198
41,VRANCEA,274,0,JILISTE SCOALA,SLOBOZIA CIORASTI,177726,C,3,568,558,10,362,331,10,21,359,3,614,252,238,121
41,VRANCEA,275,0,DRAGOSLOVENI SCOALA,SOVEJA,177762,C,3,1337,1337,0,901,770,0,131,885,16,1477,576,554,331
41,VRANCEA,276,0,RUCARENI SCOALA,SOVEJA,177762,C,3,1056,1044,12,645,599,12,34,639,6,1153,508,359,280
41,VRANCEA,277,0,STRAOANE DE JOS CAMIN CULTURAL,STRAOANE,177799,C,3,1288,1283,5,756,733,5,18,744,12,1411,655,344,400
41,VRANCEA,278,0,STRAOANE DE SUS CAMIN CULTURAL,STRAOANE,177799,C,3,883,865,18,490,467,18,5,481,9,954,464,279,202
41,VRANCEA,279,0,REPEDEA SCOALA,STRAOANE,177799,C,3,328,320,8,183,175,8,0,181,2,352,169,117,64
41,VRANCEA,280,0,MUNCELU CAMIN CULTURAL,STRAOANE,177799,C,3,819,802,17,487,470,17,0,472,15,890,403,298,174
41,VRANCEA,281,0,SURAIA SCOALA GENERALA CENTRU STEFAN CEL MARE SI SFINT,SURAIA,177842,C,3,2236,2168,68,893,825,68,0,883,10,2387,1494,452,431
41,VRANCEA,282,0,SURAIA SCOALA GEN NR.2,SURAIA,177842,C,3,1220,1156,64,534,461,64,9,528,6,1277,743,260,268
41,VRANCEA,283,0,SURAIA SCOALA VECHE,SURAIA,177842,C,3,1620,1503,117,751,634,117,0,739,12,1658,907,372,367
41,VRANCEA,284,0,TANASOAIA  CAMIN CULTURAL,TANASOAIA,177879,C,3,848,826,22,583,505,22,56,574,9,909,326,395,179
41,VRANCEA,285,0,FELDIOARA SCOALA,TANASOAIA,177879,C,3,536,524,12,407,369,12,26,403,4,577,170,294,109
41,VRANCEA,286,0,SCOALA GENERALA COSTISA,TANASOAIA,177879,C,3,302,266,36,251,204,36,11,244,7,293,42,174,70
41,VRANCEA,287,0,SCOALA GENERALA VLADNICU,TANASOAIA,177879,C,3,243,219,24,234,198,24,12,234,0,241,7,210,24
41,VRANCEA,288,0,TATARANU  SCOALA,TATARANU,177986,C,3,1266,1261,5,747,690,5,52,733,14,1390,643,498,235
41,VRANCEA,289,0,MARTINESTI SCOALA,TATARANU,177986,C,3,874,861,13,577,491,13,73,571,6,960,383,410,161
41,VRANCEA,290,0,BORDEASCA VECHE 2 SCOALA,TATARANU,177986,C,3,1251,1225,26,769,692,26,51,757,12,1350,581,548,209
41,VRANCEA,291,0,BORDEASCA VECHE 1 SCOALA,TATARANU,177986,C,3,843,790,53,548,426,53,69,543,5,858,310,357,186
41,VRANCEA,292,0,TAMBOIESTI  PRIMARIA,TAMBOESTI,178046,C,3,1072,1042,30,577,495,30,52,567,10,1147,570,397,170
41,VRANCEA,293,0,SLIMNIC SCOALA,TAMBOESTI,178046,C,3,1076,1017,59,619,530,59,30,609,10,1121,502,353,256
41,VRANCEA,294,0,TRESTIENI SCOALA,TAMBOESTI,178046,C,3,155,142,13,115,97,13,5,111,4,156,41,65,46
41,VRANCEA,295,0,TULNICI  CAMIN CULTURAL,TULNICI,178117,C,3,2111,2095,16,1109,1082,16,11,1095,14,2309,1200,642,453
41,VRANCEA,296,0,COZA SCOALA,TULNICI,178117,C,3,761,748,13,437,413,13,11,432,5,824,387,340,92
41,VRANCEA,297,0,LEPSA SCOALA,TULNICI,178117,C,3,297,290,7,234,191,7,36,232,2,320,86,134,98
41,VRANCEA,298,0,TIFESTI SCOALA GENERALA,TIFESTI,178180,C,3,910,873,37,451,414,37,0,447,4,960,509,250,197
41,VRANCEA,299,0,BATINESTI SCOALA,TIFESTI,178180,C,3,1270,1253,17,679,631,17,31,667,12,1381,702,437,230
41,VRANCEA,300,0,OLESESTI SCOALA GEN,TIFESTI,178180,C,3,740,705,35,421,386,35,0,415,6,777,356,213,202
41,VRANCEA,301,0,SIRBI SCOALA GEN,TIFESTI,178180,C,3,716,687,29,367,338,29,0,365,2,756,389,222,143
41,VRANCEA,302,0,CLIPICESTI SCOALA GEN,TIFESTI,178180,C,3,720,701,19,397,378,19,0,391,6,771,374,286,105
41,VRANCEA,303,0,URECHESTI  PRIMARIA,URECHESTI,178279,C,3,1839,1813,26,1005,921,26,58,995,10,1997,992,524,471
41,VRANCEA,304,0,TOHARCA SCOALA,URECHESTI,178279,C,3,393,379,14,283,248,14,21,280,3,418,135,138,142
41,VRANCEA,305,0,VALEA SARII SCOALA GEN,VALEA SARII,178313,C,3,648,647,1,424,390,1,33,422,2,712,288,214,208
41,VRANCEA,306,0,COLACU SCOALA GENERALA,VALEA SARII,178313,C,3,659,646,13,440,402,13,25,437,3,712,272,240,197
41,VRANCEA,307,0,PODURI CAMIN CULTURAL,VALEA SARII,178313,C,3,284,278,6,215,200,6,9,213,2,306,91,145,68
41,VRANCEA,308,0,PRISACA SCOALA GENERALA,VALEA SARII,178313,C,3,176,171,5,139,132,5,2,137,2,188,49,89,48
41,VRANCEA,309,0,VIDRA  PRIMARIA,VIDRA,178377,C,3,1522,1506,16,975,827,16,132,966,9,1658,683,494,472
41,VRANCEA,310,0,VOLOSCANI SCOALA,VIDRA,178377,C,3,325,314,11,205,185,11,9,201,4,346,141,139,62
41,VRANCEA,311,0,IRESTI SCOALA GENERALA,VIDRA,178377,C,3,872,858,14,468,423,14,31,456,12,944,476,345,111
41,VRANCEA,312,0,SERBESTI SCOALA GEN,VIDRA,178377,C,3,510,510,0,271,229,0,42,268,3,562,291,155,113
41,VRANCEA,313,0,BURCA1   SCOALA,VIDRA,178377,C,3,684,666,18,388,352,18,18,381,7,733,345,228,153
41,VRANCEA,314,0,BURCA 2 SCOALA(CUCUIETI),VIDRA,178377,C,3,606,588,18,380,339,18,23,373,7,647,267,244,129
41,VRANCEA,315,0,SCAFARI SCOALA,VIDRA,178377,C,3,360,351,9,220,207,9,4,219,1,387,167,127,92
41,VRANCEA,316,0,TICHIRIS CAMIN CULTURAL,VIDRA,178377,C,3,712,704,8,445,410,8,27,443,2,775,330,249,194
41,VRANCEA,317,0,VIISOARA SCOALA GENERALA,VIDRA,178377,C,3,680,674,6,361,349,6,6,357,4,745,384,189,168
41,VRANCEA,318,0,VINTILEASCA  SCOALA GENERALA,VINTILEASCA,178475,C,3,1043,1039,4,564,541,4,19,561,3,1144,580,350,211
41,VRANCEA,319,0,BAHNELE SCOALA GENERALA,VINTILEASCA,178475,C,3,664,643,21,349,320,21,8,348,1,708,359,202,146
41,VRANCEA,320,0,VIZANTEA RAZASEASCA SCOALA,VIZANTEA-LIVEZI,178545,C,3,756,728,28,361,324,28,9,360,1,801,440,257,103
41,VRANCEA,321,0,VIZANTEA MANASTIREASCA SCOALA,VIZANTEA-LIVEZI,178545,C,3,1477,1450,27,730,699,27,4,728,2,1600,870,577,151
41,VRANCEA,322,0,PISCU RADULUI SCOALA,VIZANTEA-LIVEZI,178545,C,3,426,408,18,215,192,18,5,214,1,453,238,135,79
41,VRANCEA,323,0,MESTEACANUL SCOALA,VIZANTEA-LIVEZI,178545,C,3,346,337,9,201,192,9,0,199,2,376,175,161,38
41,VRANCEA,324,0,LIVEZILE SCOALA,VIZANTEA-LIVEZI,178545,C,3,670,637,33,366,329,33,4,353,13,695,329,195,158
41,VRANCEA,325,0,VANATORI SCOALA,VANATORI,178607,C,3,881,849,32,511,472,32,7,506,5,936,425,294,212
41,VRANCEA,326,0,JORASTI SCOALA,VANATORI,178607,C,3,1141,1130,11,668,657,11,0,661,7,1249,581,323,338
41,VRANCEA,327,0,PETRESTI  SCOALA,VANATORI,178607,C,3,825,810,15,535,472,15,48,533,2,893,358,176,357
41,VRANCEA,328,0,MIRCESTII NOI SCOALA,VANATORI,178607,C,3,1126,1111,15,678,622,15,41,668,10,1228,550,413,255
41,VRANCEA,329,0,RADULESTI SCOALA,VANATORI,178607,C,3,745,722,23,408,385,23,0,403,5,799,391,207,196
41,VRANCEA,330,0,VARTESCOIU  CAMIN CULTURAL,VARTESCOIU,178689,C,3,1473,1428,45,771,706,45,20,762,9,1572,801,403,359
41,VRANCEA,331,0,FARAOANE CAMIN CULTURAL,VARTESCOIU,178689,C,3,932,891,41,598,557,41,0,590,8,981,383,438,152
41,VRANCEA,332,0,BECIU SCOALA,VARTESCOIU,178689,C,3,336,304,32,270,194,32,44,265,5,334,64,133,132
41,VRANCEA,333,0,VRANCIOAIA  CAMIN CULTURAL,VRANCIOAIA,178750,C,3,594,590,4,290,267,4,19,284,6,649,359,197,87
41,VRANCEA,334,0,MUNCEI SCOALA,VRANCIOAIA,178750,C,3,576,556,20,295,275,20,0,291,4,613,318,215,76
41,VRANCEA,335,0,SPINESTI SCOALA,VRANCIOAIA,178750,C,3,687,666,21,369,342,21,6,364,5,734,365,301,63
41,VRANCEA,336,0,POIANA SCOALA,VRANCIOAIA,178750,C,3,677,655,22,362,340,22,0,354,8,721,359,192,162
41,VRANCEA,337,0,VULTURU  CAMIN CULTURAL,VULTURU,178821,C,3,1849,1787,62,795,701,62,32,780,15,1966,1171,552,228
41,VRANCEA,338,0,VULTURU   GRADINITA NR.2,VULTURU,178821,C,3,1733,1654,79,800,686,79,35,784,16,1821,1021,545,239
41,VRANCEA,339,0,BOTIRLAU SCOALA,VULTURU,178821,C,3,1096,1028,68,513,445,68,0,503,10,1131,618,331,172
41,VRANCEA,340,0,HINGULESTI SCOALA,VULTURU,178821,C,3,1229,1175,54,680,626,54,0,666,14,1293,613,531,135
41,VRANCEA,341,0,MALURI SCOALA,VULTURU,178821,C,3,591,466,125,456,297,125,34,449,7,513,57,397,52
41,VRANCEA,342,0,VADU ROSCA SCOALA,VULTURU,178821,C,3,961,927,34,432,370,34,28,423,9,1021,589,314,109
42,MUNICIPIUL BUCURESTI,1,0,"Colegiul Economic ""VIRGIL MADGEARU"", B-dul DACIA nr. 34",BUCURESTI SECTORUL 1,179141,C,1,1435,1404,31,811,780,31,0,806,4,1700,889,292,514
42,MUNICIPIUL BUCURESTI,2,0,"Colegiul Economic ""VIRGIL MADGEARU"", B-dul DACIA nr. 34",BUCURESTI SECTORUL 1,179141,C,1,1426,1397,29,919,882,29,8,914,5,1600,681,349,565
42,MUNICIPIUL BUCURESTI,3,0,"Academia de Stiinte Economice, Str. PIATA ROMANA nr. 6",BUCURESTI SECTORUL 1,179141,C,1,1358,1329,29,803,768,29,6,790,13,1500,697,310,480
42,MUNICIPIUL BUCURESTI,4,0,"Academia de Stiinte Economice, Str. PIATA ROMANA nr. 6",BUCURESTI SECTORUL 1,179141,C,1,1083,1057,26,578,546,26,6,571,7,1200,622,238,333
42,MUNICIPIUL BUCURESTI,5,0,"Univ. de Arhitectura si Urbanism ""ION MINCU"", Str. ACADEMIEI nr.18-20",BUCURESTI SECTORUL 1,179141,C,1,1261,1245,16,755,734,16,5,755,0,1400,645,326,429
42,MUNICIPIUL BUCURESTI,6,0,"Univ. de Arhitectura si Urbanism ""ION MINCU"", Str. ACADEMIEI n18-20",BUCURESTI SECTORUL 1,179141,C,1,1533,1464,69,866,791,69,6,859,7,1600,734,303,556
42,MUNICIPIUL BUCURESTI,7,0,"Scoala nr. 5 ""CORNELIU M. POPESCU"", Cal. VICTORIEI nr. 114",BUCURESTI SECTORUL 1,179141,C,1,1574,1536,38,907,865,38,4,895,6,1700,793,310,585
42,MUNICIPIUL BUCURESTI,8,0,"Scoala nr. 5 ""CORNELIU M. POPESCU"", Cal. VICTORIEI nr. 114",BUCURESTI SECTORUL 1,179141,C,1,1088,1042,46,584,534,46,4,579,5,1198,614,208,371
42,MUNICIPIUL BUCURESTI,9,0,"Liceul de Muzica ""GEORGE ENESCU"", Str. MANU GHEORGHE nr. 30",BUCURESTI SECTORUL 1,179141,C,1,1555,1518,37,859,815,37,7,853,6,1700,841,275,578
42,MUNICIPIUL BUCURESTI,10,0,"Liceul de Muzica ""GEORGE ENESCU"", Str. MANU GHEORGHE nr. 30",BUCURESTI SECTORUL 1,179141,C,1,1646,1621,25,907,827,25,55,903,4,1900,993,305,598
42,MUNICIPIUL BUCURESTI,11,0,"Colegiul Teh.Arhit.Lucr.Publice I.N.SOCOLESCU, Str. OCCIDENTUL NR12",BUCURESTI SECTORUL 1,179141,C,1,1403,1225,178,867,683,178,6,863,4,1196,329,269,594
42,MUNICIPIUL BUCURESTI,12,0,"Colegiul National ""SF. SAVA"", Str. G-RAL BERTHELOT nr. 23",BUCURESTI SECTORUL 1,179141,C,1,1060,1028,32,579,542,32,5,573,6,1200,621,215,358
42,MUNICIPIUL BUCURESTI,13,0,"Colegiul National ""SF. SAVA"", Str. G-RAL BERTHELOT nr. 23",BUCURESTI SECTORUL 1,179141,C,1,1236,1215,21,711,685,21,5,707,4,1400,689,275,432
42,MUNICIPIUL BUCURESTI,14,0,"Colegiul National ""SF. SAVA"", Str. G-RAL BERTHELOT nr. 23",BUCURESTI SECTORUL 1,179141,C,1,1432,1401,31,835,802,31,2,831,4,1600,765,389,442
42,MUNICIPIUL BUCURESTI,15,0,"Colegiul National ""SF. SAVA"", Str. G-RAL BERTHELOT nr. 23",BUCURESTI SECTORUL 1,179141,C,1,1566,1541,25,814,784,25,5,809,5,1700,886,244,565
42,MUNICIPIUL BUCURESTI,16,0,"Academia de Muzica, Str. STIRBEI VODA nr. 33",BUCURESTI SECTORUL 1,179141,C,1,1250,1223,27,661,609,27,25,658,3,1400,739,268,390
42,MUNICIPIUL BUCURESTI,17,0,"Academia de Muzica, Str. STIRBEI VODA nr. 33",BUCURESTI SECTORUL 1,179141,C,1,1279,1251,28,800,739,28,33,794,6,1400,600,337,457
42,MUNICIPIUL BUCURESTI,18,0,"Liceul de Arte Plastice ""N. TONIZA"", Str. G-RAL. BERTHELOT nr.56-58",BUCURESTI SECTORUL 1,179141,C,1,1946,1883,63,1003,932,63,8,991,12,2000,997,349,642
42,MUNICIPIUL BUCURESTI,19,0,"Liceul Bilingv ""MIGUEL DE CERVANTES"", Cal. PLEVNEI nr. 38-40",BUCURESTI SECTORUL 1,179141,C,1,1412,1368,44,802,758,44,0,802,0,1500,698,297,505
42,MUNICIPIUL BUCURESTI,20,0,"Liceul Bilingv ""MIGUEL DE CERVANTES"", Cal. PLEVNEI nr. 38-40",BUCURESTI SECTORUL 1,179141,C,1,1341,1311,30,735,701,30,4,722,13,1400,665,230,492
42,MUNICIPIUL BUCURESTI,21,0,"Scoala nr. 152 ""URUGUAY"", Str. VIRGILIU nr. 40",BUCURESTI SECTORUL 1,179141,C,1,1329,1313,16,639,622,16,1,636,3,1400,761,206,430
42,MUNICIPIUL BUCURESTI,22,0,"Scoala nr. 152 ""URUGUAY"", Str. VIRGILIU nr. 40",BUCURESTI SECTORUL 1,179141,C,1,1158,1136,22,625,597,22,6,620,5,1400,775,239,381
42,MUNICIPIUL BUCURESTI,23,0,"Scoala nr. 152 ""URUGUAY"", Str. VIRGILIU nr. 40",BUCURESTI SECTORUL 1,179141,C,1,1708,1665,43,1084,1007,43,34,1080,4,1700,616,379,701
42,MUNICIPIUL BUCURESTI,24,0,"Scoala nr. 152 ""URUGUAY"", Str. VIRGILIU nr. 40",BUCURESTI SECTORUL 1,179141,C,1,1428,1393,35,628,591,35,2,621,7,1500,872,265,356
42,MUNICIPIUL BUCURESTI,25,0,"Clubul Sportiv Scolar nr. 5, Cal. PLEVNEI nr. 124",BUCURESTI SECTORUL 1,179141,C,1,2030,2002,28,989,953,28,8,981,8,2100,1111,356,625
42,MUNICIPIUL BUCURESTI,26,0,"Scoala Generala nr. 1 ""SFINTII VOIEVOZI"", Str. ATELIERULUI nr.25",BUCURESTI SECTORUL 1,179141,C,1,1240,1201,39,773,665,39,69,765,8,1296,523,289,476
42,MUNICIPIUL BUCURESTI,27,0,"Scoala Generala nr. 1 ""SFINTII VOIEVOZI"", Str. ATELIERULUI nr.25",BUCURESTI SECTORUL 1,179141,C,1,1061,1037,24,779,593,24,162,775,4,1100,321,263,512
42,MUNICIPIUL BUCURESTI,28,0,"Scoala Generala nr. 1 ""SFINTII VOIEVOZI"", Str. ATELIERULUI nr.25",BUCURESTI SECTORUL 1,179141,C,1,1264,1236,28,774,715,28,31,771,3,1300,526,330,441
42,MUNICIPIUL BUCURESTI,29,0,"Scoala Generala nr. 1 ""SFINTII VOIEVOZI"", Str. ATELIERULUI nr.25",BUCURESTI SECTORUL 1,179141,C,1,1719,1683,36,973,904,36,33,962,11,1699,726,414,548
42,MUNICIPIUL BUCURESTI,30,0,"Scoala Generala nr. 1 ""SFINTII VOIEVOZI"", Str. ATELIERULUI nr.25",BUCURESTI SECTORUL 1,179141,C,1,1173,1145,28,678,584,28,66,674,4,1200,522,253,421
42,MUNICIPIUL BUCURESTI,31,0,"Centrul de Perfec. si Calif. CFR Muzeul CFR, Cal. GRIVITEI nr.193B",BUCURESTI SECTORUL 1,179141,C,1,1669,1639,30,1203,840,30,333,1191,12,3300,2097,371,820
42,MUNICIPIUL BUCURESTI,32,0,"Scoala nr. 3 ""N. TITULESCU"", Sos. N. TITULESCU nr. 50-52",BUCURESTI SECTORUL 1,179141,C,1,1540,1507,33,830,796,33,1,826,4,1599,769,287,539
42,MUNICIPIUL BUCURESTI,33,0,"Scoala nr. 3 ""N. TITULESCU"", Sos. N. TITULESCU nr. 50-52",BUCURESTI SECTORUL 1,179141,C,1,1062,1029,33,600,565,33,2,590,10,1100,500,202,388
42,MUNICIPIUL BUCURESTI,34,0,"Scoala nr. 3 ""N. TITULESCU"", Sos. N. TITULESCU nr. 50-52",BUCURESTI SECTORUL 1,179141,C,1,1689,1667,22,1113,1088,22,3,1106,7,1700,587,377,729
42,MUNICIPIUL BUCURESTI,35,0,"Scoala nr. 3 ""N. TITULESCU"", Sos. N. TITULESCU nr. 50-52",BUCURESTI SECTORUL 1,179141,C,1,1642,1602,40,1035,995,40,0,1019,16,1700,665,354,665
42,MUNICIPIUL BUCURESTI,36,0,"Scoala nr. 3 ""N. TITULESCU"", Sos. N. TITULESCU nr. 50-52",BUCURESTI SECTORUL 1,179141,C,1,1525,1493,32,934,902,32,0,927,7,1600,666,413,514
42,MUNICIPIUL BUCURESTI,37,0,"Liceul Teoretic ""ION NECULCE"", Str. ION NECULCE nr. 2",BUCURESTI SECTORUL 1,179141,C,1,1884,1845,39,1183,1142,39,2,1178,5,1900,717,397,781
42,MUNICIPIUL BUCURESTI,38,0,"Liceul Teoretic ""ION NECULCE"", Str. ION NECULCE nr. 2",BUCURESTI SECTORUL 1,179141,C,1,1455,1426,29,793,762,29,2,786,7,1499,706,272,514
42,MUNICIPIUL BUCURESTI,39,0,"Liceul Teoretic ""ION NECULCE"", Str. ION NECULCE nr. 2",BUCURESTI SECTORUL 1,179141,C,1,1780,1754,26,1131,987,26,118,1123,8,2200,1069,386,737
42,MUNICIPIUL BUCURESTI,40,0,"Liceul Teoretic ""ION NECULCE"", Str. ION NECULCE nr. 2",BUCURESTI SECTORUL 1,179141,C,1,1641,1614,27,898,861,27,10,894,4,1800,902,282,612
42,MUNICIPIUL BUCURESTI,41,0,"Liceul Teoretic ""ION NECULCE"", Str. ION NECULCE nr. 2",BUCURESTI SECTORUL 1,179141,C,1,1544,1518,26,770,741,26,3,763,7,1600,830,236,527
42,MUNICIPIUL BUCURESTI,42,0,"Centrul de Perfectionare si Calificare CFR, Cal. GRIVITEI nr.343",BUCURESTI SECTORUL 1,179141,C,1,1492,1458,34,847,803,34,10,844,3,1500,653,341,503
42,MUNICIPIUL BUCURESTI,43,0,"Centrul de Perfectionare si Calificare CFR, Cal. GRIVITEI nr.343",BUCURESTI SECTORUL 1,179141,C,1,1673,1637,36,983,947,36,0,979,4,1700,717,391,588
42,MUNICIPIUL BUCURESTI,44,0,"Scoala Generala nr. 170 ""GEO BOGZA"", Str. BARBU LAUTARU nr. 4",BUCURESTI SECTORUL 1,179141,C,1,1756,1737,19,1001,978,19,4,994,7,1800,799,311,683
42,MUNICIPIUL BUCURESTI,45,0,"Scoala Generala nr. 170 ""GEO BOGZA"", Str. BARBU LAUTARU nr. 4",BUCURESTI SECTORUL 1,179141,C,1,1748,1724,24,1022,998,24,0,1010,10,1798,776,325,685
42,MUNICIPIUL BUCURESTI,46,0,"Scoala Generala nr. 171 ""PETRE ISPIRESCU"", Str. VASILE GHERGHEL NR2",BUCURESTI SECTORUL 1,179141,C,1,1597,1568,29,948,918,29,1,937,11,1600,652,317,620
42,MUNICIPIUL BUCURESTI,47,0,"Scoala Generala nr. 171 ""PETRE ISPIRESCU"", Str. VASILE GHERGHEL NR2",BUCURESTI SECTORUL 1,179141,C,1,1615,1598,17,1035,1011,17,7,1028,7,1700,665,326,702
42,MUNICIPIUL BUCURESTI,48,0,"Scoala Generala nr. 171 ""PETRE ISPIRESCU"", Str. VASILE GHERGHEL NR2",BUCURESTI SECTORUL 1,179141,C,1,1754,1703,51,986,930,51,5,980,6,1799,813,307,673
42,MUNICIPIUL BUCURESTI,49,0,"Scoala Generala nr. 171 ""PETRE ISPIRESCU"", Str. VASILE GHERGHEL  nr 2",BUCURESTI SECTORUL 1,179141,C,1,1835,1800,35,1028,989,35,4,1021,7,1900,872,291,730
42,MUNICIPIUL BUCURESTI,50,0,"Liceul Teoretic ""N. IORGA"", B-dul I. MIHALACHE nr. 126",BUCURESTI SECTORUL 1,179141,C,1,1515,1495,20,998,976,20,2,992,6,1600,602,318,674
42,MUNICIPIUL BUCURESTI,51,0,"Liceul Teoretic ""N. IORGA"", B-dul I. MIHALACHE nr. 126",BUCURESTI SECTORUL 1,179141,C,1,1793,1768,25,1166,1137,25,4,1160,6,1799,633,406,754
42,MUNICIPIUL BUCURESTI,52,0,"Liceul Teoretic ""N. IORGA"", B-dul I. MIHALACHE nr. 126",BUCURESTI SECTORUL 1,179141,C,1,995,976,19,624,601,19,4,623,1,1008,384,244,379
42,MUNICIPIUL BUCURESTI,53,0,"Liceul Teoretic ""N. IORGA"", B-dul I. MIHALACHE nr. 126",BUCURESTI SECTORUL 1,179141,C,1,1332,1300,32,831,791,32,8,823,8,1400,569,367,456
42,MUNICIPIUL BUCURESTI,54,0,"Scoala nr. 175 ""DUMITRU PETRESCU"", Str. LAINICI nr. 4-8",BUCURESTI SECTORUL 1,179141,C,1,1603,1559,44,965,916,44,5,954,10,1801,836,394,560
42,MUNICIPIUL BUCURESTI,55,0,"Scoala nr. 175 ""DUMITRU PETRESCU"", Str. LAINICI nr. 4-8",BUCURESTI SECTORUL 1,179141,C,1,1472,1442,30,851,817,30,4,844,7,1500,649,343,501
42,MUNICIPIUL BUCURESTI,56,0,"Liceul Teoretic ""AUREL VLAICU"", Str. ROTH STEPHAN LUDWIG nr. 1",BUCURESTI SECTORUL 1,179141,C,1,1690,1658,32,1000,966,32,2,991,9,1700,700,310,681
42,MUNICIPIUL BUCURESTI,57,0,"Liceul Teoretic ""AUREL VLAICU"", Str. ROTH STEPHAN LUDWIG nr. 1",BUCURESTI SECTORUL 1,179141,C,1,1649,1610,39,1067,1023,39,5,1058,9,1800,733,315,743
42,MUNICIPIUL BUCURESTI,58,0,"Scoala Generala nr. 180, Str. BUCEGI nr. 97",BUCURESTI SECTORUL 1,179141,C,1,1859,1833,26,1116,1084,26,6,1110,6,1900,784,336,774
42,MUNICIPIUL BUCURESTI,59,0,"Scoala Generala nr. 180, Str. BUCEGI nr. 97",BUCURESTI SECTORUL 1,179141,C,1,2027,1981,46,1100,1054,46,0,1087,13,2100,1000,374,713
42,MUNICIPIUL BUCURESTI,60,0,"Colegiul Tehnic Mecanic ""GRIVITA"", Cal. GRIVITEI nr. 363",BUCURESTI SECTORUL 1,179141,C,1,1371,1340,31,820,786,31,3,812,8,1399,579,305,507
42,MUNICIPIUL BUCURESTI,61,0,"Colegiul Tehnic Mecanic ""GRIVITA"", Cal. GRIVITEI nr. 363",BUCURESTI SECTORUL 1,179141,C,1,1565,1539,26,869,834,26,9,863,6,1598,729,307,556
42,MUNICIPIUL BUCURESTI,62,0,"Colegiul Tehnic Mecanic ""GRIVITA"", Cal. GRIVITEI nr. 363",BUCURESTI SECTORUL 1,179141,C,1,1636,1548,88,1041,922,88,31,1029,9,1800,759,399,630
42,MUNICIPIUL BUCURESTI,63,0,"Grupul Scolar Industrial Transp. Cai Ferate, Str. BUTUCENI nr.10",BUCURESTI SECTORUL 1,179141,C,1,2239,2209,30,1156,1100,30,26,1140,16,2292,1136,421,719
42,MUNICIPIUL BUCURESTI,64,0,"Scoala nr. 162, Str. COPSA MICA nr. 1",BUCURESTI SECTORUL 1,179141,C,1,2209,2157,52,1180,1128,52,0,1168,12,2200,1020,529,639
42,MUNICIPIUL BUCURESTI,65,0,"Scoala nr. 182 ""ALEXANDRU COSTESCU"", Str. AMINTIRII nr. 26",BUCURESTI SECTORUL 1,179141,C,1,2016,1984,32,1130,1094,32,4,1124,6,2100,970,430,694
42,MUNICIPIUL BUCURESTI,66,0,"Scoala nr. 182 ""ALEXANDRU COSTESCU"", Str. AMINTIRII nr. 26",BUCURESTI SECTORUL 1,179141,C,1,1871,1842,29,1074,1038,29,7,1063,10,1900,826,381,682
42,MUNICIPIUL BUCURESTI,67,0,"Scoala nr. 182 ""ALEXANDRU COSTESCU"", Str. AMINTIRII nr. 26",BUCURESTI SECTORUL 1,179141,C,1,1859,1831,28,968,934,28,6,934,31,1893,925,363,571
42,MUNICIPIUL BUCURESTI,68,0,"Scoala nr. 183, Str. DUNEI nr. 1",BUCURESTI SECTORUL 1,179141,C,1,2239,2204,35,1036,999,35,2,1016,18,2302,1266,473,543
42,MUNICIPIUL BUCURESTI,69,0,"Scoala nr. 183, Str. DUNEI nr. 1",BUCURESTI SECTORUL 1,179141,C,1,2207,2175,32,1102,1070,32,0,1087,15,2297,1195,471,616
42,MUNICIPIUL BUCURESTI,70,0,"Scoala nr. 183, Str. DUNEI nr. 1",BUCURESTI SECTORUL 1,179141,C,1,1985,1934,51,1262,1201,51,10,1252,10,2000,738,512,740
42,MUNICIPIUL BUCURESTI,71,0,"Scoala nr. 183, Str. DUNEI nr. 1",BUCURESTI SECTORUL 1,179141,C,1,1876,1847,29,988,959,29,0,978,10,1900,912,354,624
42,MUNICIPIUL BUCURESTI,72,0,"Scoala nr. 153, Str. DRUMUL SAVARENI nr. 21 SECTOR 6",BUCURESTI SECTORUL 1,179141,C,1,1071,1037,34,467,433,34,0,462,5,1100,633,200,262
42,MUNICIPIUL BUCURESTI,73,0,"Scoala nr. 184, Str. STEFAN MAGHERI nr. 13",BUCURESTI SECTORUL 1,179141,C,1,2100,2071,29,876,847,29,0,863,13,2100,1224,352,511
42,MUNICIPIUL BUCURESTI,74,0,"Scoala nr. 184, Str. STEFAN MAGHERI nr. 13",BUCURESTI SECTORUL 1,179141,C,1,2081,2053,28,1007,978,28,1,1002,5,2100,1093,439,563
42,MUNICIPIUL BUCURESTI,75,0,"Scoala nr. 184, Str. STEFAN MAGHERI nr. 13",BUCURESTI SECTORUL 1,179141,C,1,1928,1896,32,978,941,32,5,963,15,2000,1022,432,531
42,MUNICIPIUL BUCURESTI,76,0,"Scoala nr. 181, Str. NAZARCEA nr. 30",BUCURESTI SECTORUL 1,179141,C,1,2345,2316,29,1273,1238,29,6,1266,7,2400,1126,563,703
42,MUNICIPIUL BUCURESTI,77,0,"Scoala nr. 181, Str. NAZARCEA nr. 30",BUCURESTI SECTORUL 1,179141,C,1,2126,2096,30,1060,1030,30,0,1049,11,2200,1140,427,622
42,MUNICIPIUL BUCURESTI,78,0,"Scoala nr. 13, B-dul PETRILA nr. 10-12",BUCURESTI SECTORUL 1,179141,C,1,1530,1506,24,842,761,24,57,835,7,1599,757,455,380
42,MUNICIPIUL BUCURESTI,79,0,"Scoala nr. 13, B-dul PETRILA nr. 10-12",BUCURESTI SECTORUL 1,179141,C,1,1390,1346,44,854,727,44,83,841,13,1699,845,430,411
42,MUNICIPIUL BUCURESTI,80,0,"Scoala nr. 179, Str. ARDEALULUI nr. 34",BUCURESTI SECTORUL 1,179141,C,1,1360,1341,19,609,590,19,0,605,4,1500,891,227,378
42,MUNICIPIUL BUCURESTI,81,0,"Scoala nr. 179, Str. ARDEALULUI nr. 34",BUCURESTI SECTORUL 1,179141,C,1,1687,1648,39,932,819,39,74,925,7,1900,968,349,576
42,MUNICIPIUL BUCURESTI,82,0,"Scoala nr. 179, Str. ARDEALULUI nr. 34",BUCURESTI SECTORUL 1,179141,C,1,1929,1890,39,1121,1080,39,2,1118,2,2000,879,373,745
42,MUNICIPIUL BUCURESTI,83,0,"Scoala nr. 192, Str. MUNTENIEI nr. 28",BUCURESTI SECTORUL 1,179141,C,1,1853,1818,35,1073,1038,35,0,1065,8,1900,827,372,693
42,MUNICIPIUL BUCURESTI,84,0,"Scoala nr. 192, Str. MUNTENIEI nr. 28",BUCURESTI SECTORUL 1,179141,C,1,1387,1346,41,822,781,41,0,808,14,1400,578,312,496
42,MUNICIPIUL BUCURESTI,85,0,"Liceul Teoretic ""CONSTANTIN BRANCOVEANU"", Str. PAJUREI nr. 9",BUCURESTI SECTORUL 1,179141,C,1,1999,1960,39,1145,1106,39,0,1132,13,2000,855,434,698
42,MUNICIPIUL BUCURESTI,86,0,"Liceul Teoretic ""CONSTANTIN BRANCOVEANU"", Str. PAJUREI nr. 9",BUCURESTI SECTORUL 1,179141,C,1,1583,1554,29,922,893,29,0,914,8,1604,682,341,573
42,MUNICIPIUL BUCURESTI,87,0,"Liceul Teoretic ""CONSTANTIN BRANCOVEANU"", Str. PAJUREI nr. 9",BUCURESTI SECTORUL 1,179141,C,1,1634,1605,29,1018,989,29,0,1005,12,1700,682,432,573
42,MUNICIPIUL BUCURESTI,88,0,"Scoala nr. 178, Str. DRIDU nr. 2",BUCURESTI SECTORUL 1,179141,C,1,1603,1554,49,978,918,49,11,969,9,1600,622,389,580
42,MUNICIPIUL BUCURESTI,89,0,"Scoala nr. 178, Str. DRIDU nr. 2",BUCURESTI SECTORUL 1,179141,C,1,1437,1405,32,926,886,32,8,920,6,1500,574,327,593
42,MUNICIPIUL BUCURESTI,90,0,"Scoala nr. 178, Str. DRIDU nr. 2",BUCURESTI SECTORUL 1,179141,C,1,1186,1165,21,733,705,21,7,727,6,1200,467,292,435
42,MUNICIPIUL BUCURESTI,91,0,"Scoala Speciala nr. 8, Str. DAIMACA VICTOR nr. 2",BUCURESTI SECTORUL 1,179141,C,1,1434,1389,45,780,694,45,41,777,3,1500,720,264,513
42,MUNICIPIUL BUCURESTI,92,0,"Scoala Speciala nr. 8, Str. DAIMACA VICTOR nr. 2",BUCURESTI SECTORUL 1,179141,C,1,1319,1303,16,643,627,16,0,636,7,1400,757,225,411
42,MUNICIPIUL BUCURESTI,93,0,"Scoala nr. 177, Str. CORALILOR nr. 1",BUCURESTI SECTORUL 1,179141,C,1,1309,1283,26,718,690,26,2,714,4,1300,582,250,464
42,MUNICIPIUL BUCURESTI,94,0,"Scoala nr. 177, Str. CORALILOR nr. 1",BUCURESTI SECTORUL 1,179141,C,1,1446,1414,32,848,780,32,36,843,5,1600,752,290,553
42,MUNICIPIUL BUCURESTI,95,0,"Centrul special ""SF.LAZAR"", B-dul APICULTORILOR nr. 34",BUCURESTI SECTORUL 1,179141,C,1,2201,2098,103,1109,1006,103,0,1095,14,2200,1091,480,615
42,MUNICIPIUL BUCURESTI,96,0,"Scoala nr. 6, Str. DOBROGEANU GHEREA nr. 74",BUCURESTI SECTORUL 1,179141,C,1,1739,1688,51,903,851,51,1,896,7,1800,897,310,586
42,MUNICIPIUL BUCURESTI,97,0,"Scoala nr. 7, Str. NEAGOE VODA nr. 11",BUCURESTI SECTORUL 1,179141,C,1,2466,2347,119,1477,1358,119,0,1458,19,2400,923,740,718
42,MUNICIPIUL BUCURESTI,98,0,"Scoala nr. 7, Str. NEAGOE VODA nr. 11",BUCURESTI SECTORUL 1,179141,C,1,2166,2145,21,1283,1262,21,0,1273,10,2196,913,643,630
42,MUNICIPIUL BUCURESTI,99,0,"Grupul Scolar Agricol ""V. HARNAJ"", B-dul FICUSULUI nr. 18",BUCURESTI SECTORUL 1,179141,C,1,1840,1774,66,1045,979,64,2,1037,7,1800,755,342,695
42,MUNICIPIUL BUCURESTI,100,0,"Grupul Scolar Agricol ""V. HARNAJ"", B-dul FICUSULUI nr. 18",BUCURESTI SECTORUL 1,179141,C,1,810,793,17,468,450,17,1,468,0,900,432,143,325
42,MUNICIPIUL BUCURESTI,101,0,"Scoala nr. 12, Str. BORSA nr. 27",BUCURESTI SECTORUL 1,179141,C,1,2209,2179,30,1314,1281,30,3,1303,11,2187,873,364,939
42,MUNICIPIUL BUCURESTI,102,0,"Scoala nr. 12, Str. BORSA nr. 27",BUCURESTI SECTORUL 1,179141,C,1,2049,2025,24,1211,1186,24,1,1199,12,2100,889,337,862
42,MUNICIPIUL BUCURESTI,103,0,"Scoala nr. 12, Str. BORSA nr. 27",BUCURESTI SECTORUL 1,179141,C,1,1707,1683,24,1042,1018,24,0,1028,14,1800,758,290,738
42,MUNICIPIUL BUCURESTI,104,0,"Scoala nr. 12, Str. BORSA nr. 27",BUCURESTI SECTORUL 1,179141,C,1,2290,2257,33,1359,1326,33,0,1346,13,2300,941,422,924
42,MUNICIPIUL BUCURESTI,105,0,"Scoala nr. 12, Str. BORSA nr. 27",BUCURESTI SECTORUL 1,179141,C,1,2238,2191,47,1332,1285,47,0,1325,7,2300,968,356,969
42,MUNICIPIUL BUCURESTI,106,0,"Scoala nr. 12, Str. BORSA nr. 27",BUCURESTI SECTORUL 1,179141,C,1,2353,2311,42,1400,1355,42,3,1389,11,2401,1001,434,955
42,MUNICIPIUL BUCURESTI,107,0,"Scoala nr. 12, Str. BORSA nr. 27",BUCURESTI SECTORUL 1,179141,C,1,2473,2437,36,1477,1440,36,1,1469,8,2300,823,432,1037
42,MUNICIPIUL BUCURESTI,108,0,"Univ.Stiinte Agronom. Medicina Veterinara BUC, B-dul MARASTI n 59",BUCURESTI SECTORUL 1,179141,C,1,1426,1386,40,820,739,40,41,815,5,1600,780,269,546
42,MUNICIPIUL BUCURESTI,109,0,"Univ.Stiinte Agronom. Medicina Veterinara BUC, B-dul MARASTI n 59",BUCURESTI SECTORUL 1,179141,C,1,1684,1657,27,1068,1035,27,6,1062,6,1700,632,394,668
42,MUNICIPIUL BUCURESTI,110,0,"Directia Generala de Asistenta Sociala, B-dul AVERESCU nr. 17",BUCURESTI SECTORUL 1,179141,C,1,1351,1336,15,857,842,15,0,854,3,1400,543,322,532
42,MUNICIPIUL BUCURESTI,111,0,"Scoala nr. 17 ""PIA BRATIANU"", Str. AL. PETOFI nr. 16",BUCURESTI SECTORUL 1,179141,C,1,1377,1349,28,943,910,28,5,938,5,1400,457,316,622
42,MUNICIPIUL BUCURESTI,112,0,"Scoala nr. 17 ""PIA BRATIANU"", Str. AL. PETOFI nr. 16",BUCURESTI SECTORUL 1,179141,C,1,1485,1454,31,879,842,31,6,868,11,1500,621,348,520
42,MUNICIPIUL BUCURESTI,113,0,"Colegiul National de Informatica ""T. VIANU"", Str. ARH. ION MIN NR 59",BUCURESTI SECTORUL 1,179141,C,1,1458,1437,21,968,943,21,4,962,6,1502,534,320,642
42,MUNICIPIUL BUCURESTI,114,0,"Colegiul National de Informatica ""T. VIANU"", Str. ARH. ION MIN NR10",BUCURESTI SECTORUL 1,179141,C,1,1676,1627,49,1214,1107,49,58,1202,12,2003,789,418,784
42,MUNICIPIUL BUCURESTI,115,0,"Colegiul National de Informatica ""T. VIANU"", Str. ARH. ION MINCU NR10",BUCURESTI SECTORUL 1,179141,C,1,1296,1262,34,866,737,34,95,852,14,1300,434,347,505
42,MUNICIPIUL BUCURESTI,116,0,"Colegiul National ""I.L. CARAGIALE"", Cal. DOROBANTILOR nr. 163",BUCURESTI SECTORUL 1,179141,C,1,1498,1462,36,925,882,36,7,917,8,1500,575,414,503
42,MUNICIPIUL BUCURESTI,117,0,"Colegiul National ""I.L. CARAGIALE"", Cal. DOROBANTILOR nr. 163",BUCURESTI SECTORUL 1,179141,C,1,1399,1374,25,947,884,25,38,939,8,1599,652,377,562
42,MUNICIPIUL BUCURESTI,118,0,"Scoala nr. 45 ""TITU MAIORESCU"", Cal. DOROBANTILOR nr. 163",BUCURESTI SECTORUL 1,179141,C,1,1712,1673,39,1107,1052,39,16,1098,9,1800,693,411,687
42,MUNICIPIUL BUCURESTI,119,0,"Scoala nr. 45 ""TITU MAIORESCU"", Cal. DOROBANTILOR nr. 163",BUCURESTI SECTORUL 1,179141,C,1,1710,1669,41,1098,1057,38,3,1089,9,1700,602,414,675
42,MUNICIPIUL BUCURESTI,120,0,"Liceul Teoretic ""JEAN MONNET"", Str. JEAN MONNET nr. 2",BUCURESTI SECTORUL 1,179141,C,1,1746,1714,32,1079,1039,32,8,1071,8,1800,721,462,609
42,MUNICIPIUL BUCURESTI,121,0,"Liceul Teoretic ""JEAN MONNET"", Str. JEAN MONNET nr. 2",BUCURESTI SECTORUL 1,179141,C,1,1624,1586,38,1037,991,38,8,1030,7,1688,651,355,675
42,MUNICIPIUL BUCURESTI,122,0,"Liceul Teoretic ""Al. VLAHUTA"", Str. SCOALA FLOREASCA nr. 5",BUCURESTI SECTORUL 1,179141,C,1,1378,1352,26,839,809,26,4,832,7,1400,561,322,510
42,MUNICIPIUL BUCURESTI,123,0,"Liceul Teoretic ""Al. VLAHUTA"", Str. SCOALA FLOREASCA nr. 5",BUCURESTI SECTORUL 1,179141,C,1,1594,1553,41,993,945,41,7,987,4,1599,606,330,657
42,MUNICIPIUL BUCURESTI,124,0,"Liceul Teoretic ""Al. VLAHUTA"", Str. SCOALA FLOREASCA nr. 5",BUCURESTI SECTORUL 1,179141,C,1,1525,1494,31,1151,863,31,257,1131,17,2696,1548,473,658
42,MUNICIPIUL BUCURESTI,125,0,"Liceul de Arte Plastice ""N. TONITZA"", B-dul IANCU DE HUNEDOARA NR27",BUCURESTI SECTORUL 1,179141,C,1,1528,1495,33,973,920,33,20,967,6,1600,627,333,634
42,MUNICIPIUL BUCURESTI,126,0,"Liceul de Arte Plastice ""N. TONITZA"", B-dul IANCU DE HUNEDOARA NR27",BUCURESTI SECTORUL 1,179141,C,1,1531,1505,26,869,831,26,12,865,4,1600,731,353,512
42,MUNICIPIUL BUCURESTI,127,0,"Liceul de Arte Plastice ""N. TONITZA"", B-dul IANCU DE HUNEDOARA NR27",BUCURESTI SECTORUL 1,179141,C,1,1769,1733,36,1146,1028,36,82,1137,9,1800,654,472,665
42,MUNICIPIUL BUCURESTI,128,0,"Scoala nr. 186 ""E. VACARESCU"", Str. STANISLAV CIHOSCHI nr. 15",BUCURESTI SECTORUL 1,179141,C,1,1672,1649,23,900,869,23,8,893,7,1668,768,320,573
42,MUNICIPIUL BUCURESTI,129,0,"Colegiul German ""GOETHE"", Str. STANISLAV CIHOSCHI nr. 17",BUCURESTI SECTORUL 1,179141,C,1,1560,1536,24,938,914,24,0,925,13,1599,661,320,605
42,MUNICIPIUL BUCURESTI,130,0,"Colegiul German ""GOETHE"", Str. STANISLAV CIHOSCHI nr. 17",BUCURESTI SECTORUL 1,179141,C,1,899,886,13,471,455,13,3,469,2,1000,529,160,309
42,MUNICIPIUL BUCURESTI,131,0,"Colegiul German ""GOETHE"", Str. STANISLAV CIHOSCHI nr. 17",BUCURESTI SECTORUL 1,179141,C,1,985,969,16,481,463,16,2,479,2,1000,519,159,320
42,MUNICIPIUL BUCURESTI,1301,1,"Spitalul Universitar de Urgenta ""Elias"" - Bd. Marasti nr.17",BUCURESTI SECTORUL 1,179141,C,1,10,0,10,431,0,10,421,418,13,700,269,201,217
42,MUNICIPIUL BUCURESTI,1302,1,"Spitalul Universitar CFR ""Witting"" - Cal. Plevnei 142-144",BUCURESTI SECTORUL 1,179141,C,1,10,0,10,200,0,10,190,197,3,400,200,102,95
42,MUNICIPIUL BUCURESTI,1303,1,Spitalul General C.F.Nr.2 Bucuresti - Bd. Marasti nr.63,BUCURESTI SECTORUL 1,179141,C,1,12,0,12,263,0,12,251,263,0,800,537,116,147
42,MUNICIPIUL BUCURESTI,1304,1,"Spitalul ""C.I. Parhon"" - Bd. Aviatorilor nr.34-36",BUCURESTI SECTORUL 1,179141,C,1,13,0,13,148,0,13,135,145,3,500,352,63,82
42,MUNICIPIUL BUCURESTI,1305,1,"Spitalul ""SF. Maria"" - Bd. Ion Mihalache nr.37-39",BUCURESTI SECTORUL 1,179141,C,1,11,0,11,185,0,11,174,181,4,400,215,85,96
42,MUNICIPIUL BUCURESTI,1306,1,"Spitalul ""Polizu"" - Str. Polizu Gh. nr.38-52",BUCURESTI SECTORUL 1,179141,C,1,26,0,26,116,0,26,90,114,2,501,385,42,72
42,MUNICIPIUL BUCURESTI,1307,1,Centrul de Ingrijire si Asistenta nr.3 - Str. Barbu de la Vrancea nr.18,BUCURESTI SECTORUL 1,179141,C,1,10,0,10,93,0,10,83,92,1,200,107,49,43
42,MUNICIPIUL BUCURESTI,1308,1,Univ. de Stiinte Agronomice si Medicina Veterinara Bucuresti - Bd. Marasti nr.59,BUCURESTI SECTORUL 1,179141,C,1,10,0,10,986,0,10,976,983,3,1400,414,195,788
42,MUNICIPIUL BUCURESTI,1309,1,Univ. de Stiinte Agronomice si Medicina Veterinara Bucuresti - Bd. Marasti nr.59,BUCURESTI SECTORUL 1,179141,C,1,9,0,9,798,0,9,789,796,2,1400,602,168,628
42,MUNICIPIUL BUCURESTI,1310,1,"Complex Studentesc ""Moxa"" - Str. Mihail Moxa nr.11",BUCURESTI SECTORUL 1,179141,C,1,5,0,5,1133,0,5,1128,1128,5,1300,167,179,949
42,MUNICIPIUL BUCURESTI,1311,1,Gara de Nord - Piata Garii de Nord nr.1,BUCURESTI SECTORUL 1,179141,C,1,37,0,37,2108,0,37,2071,2104,4,5500,3392,362,1742
42,MUNICIPIUL BUCURESTI,1375,1,U.M. 0260 BUC - Str. Jandarmeriei nr.9-11,BUCURESTI SECTORUL 1,179141,C,1,194,0,194,1428,0,194,1234,1388,40,1597,169,776,612
42,MUNICIPIUL BUCURESTI,1376,1,U.M. 02238 BUC - Str. Crinului nr.2,BUCURESTI SECTORUL 1,179141,C,1,15,0,15,98,0,15,83,98,0,200,102,42,56
42,MUNICIPIUL BUCURESTI,1377,1,"Academia de politie ""A.I.Cuza"" Bucuresti - Aleea Privighetorilor nr.1",BUCURESTI SECTORUL 1,179141,C,1,1865,0,1865,1906,0,1865,41,1877,29,2000,94,741,1136
42,MUNICIPIUL BUCURESTI,1378,1,"Sp.clinic de urgenta militar central""Carol Davila""Buc.- Str.Mircea Vulcanescu 88",BUCURESTI SECTORUL 1,179141,C,1,16,0,16,812,0,16,796,809,3,1600,788,320,489
42,MUNICIPIUL BUCURESTI,1390,2,BOSNIA-SARAJEVO,BUCURESTI SECTORUL 1,179141,C,1,0,0,0,80,0,0,80,76,4,100,20,20,56
42,MUNICIPIUL BUCURESTI,1391,2,BOSNIA-BUGOJNO,BUCURESTI SECTORUL 1,179141,C,1,0,0,0,26,0,0,26,26,0,100,74,10,16
42,MUNICIPIUL BUCURESTI,1392,2,KOSOVO-GORAZDEVAC,BUCURESTI SECTORUL 1,179141,C,1,0,0,0,166,0,0,166,163,3,240,74,73,90
42,MUNICIPIUL BUCURESTI,1393,2,KOSOVO-PRISTINA,BUCURESTI SECTORUL 1,179141,C,1,0,0,0,102,0,0,102,102,0,110,8,38,64
42,MUNICIPIUL BUCURESTI,1394,2,AFGANISTAN-KABUL,BUCURESTI SECTORUL 1,179141,C,1,0,0,0,128,0,0,128,123,5,400,272,48,75
42,MUNICIPIUL BUCURESTI,1395,2,AFGANISTAN-KANDAHAR,BUCURESTI SECTORUL 1,179141,C,1,0,0,0,416,0,0,416,410,6,600,184,213,197
42,MUNICIPIUL BUCURESTI,1396,2,IRAK-AL HILLAH,BUCURESTI SECTORUL 1,179141,C,1,95,0,95,95,0,95,0,91,4,125,30,66,25
42,MUNICIPIUL BUCURESTI,1397,2,IRAK-AN NASYRIAH,BUCURESTI SECTORUL 1,179141,C,1,0,0,0,512,0,0,512,500,12,555,43,230,270
42,MUNICIPIUL BUCURESTI,1398,2,IRAK-AL DIWANIYAH,BUCURESTI SECTORUL 1,179141,C,1,119,0,119,116,0,116,0,116,0,120,4,54,62
42,MUNICIPIUL BUCURESTI,1400,2,ANGLIA-FREGATA REGINA MARIA,BUCURESTI SECTORUL 1,179141,C,1,0,0,0,26,0,0,26,26,0,50,24,9,17
42,MUNICIPIUL BUCURESTI,1401,2,REPUBLICA AFRICA DE SUD-PRETORIA,BUCURESTI SECTORUL 1,179141,C,1,0,0,0,50,0,0,50,48,2,300,250,15,33
42,MUNICIPIUL BUCURESTI,1402,2,REPUBLICA AFRICA DE SUD-CAPE TOWN,BUCURESTI SECTORUL 1,179141,C,1,0,0,0,41,0,0,41,41,0,300,259,18,23
42,MUNICIPIUL BUCURESTI,1403,2,ALBANIA-TIRANA,BUCURESTI SECTORUL 1,179141,C,1,0,0,0,36,0,0,36,36,0,100,64,21,15
42,MUNICIPIUL BUCURESTI,1404,2,REPUBLICA ALGERIANA-ALGER,BUCURESTI SECTORUL 1,179141,C,1,0,0,0,39,0,0,39,38,1,100,61,18,20
42,MUNICIPIUL BUCURESTI,1405,2,REPUBLICA ANGOLA-LUANDA,BUCURESTI SECTORUL 1,179141,C,1,14,0,14,14,0,14,0,14,0,50,36,7,7
42,MUNICIPIUL BUCURESTI,1406,2,REGATUL ARABIEI SAUDITE-RIAD,BUCURESTI SECTORUL 1,179141,C,1,0,0,0,55,0,0,55,55,0,400,345,29,26
42,MUNICIPIUL BUCURESTI,1407,2,REPUBLICA ARGENTINA-BUENOS AIRES,BUCURESTI SECTORUL 1,179141,C,1,0,0,0,51,0,0,51,51,0,196,145,28,23
42,MUNICIPIUL BUCURESTI,1408,2,REPUBLICA ARMENIA-EREVAN,BUCURESTI SECTORUL 1,179141,C,1,0,0,0,11,0,0,11,11,0,100,89,5,6
42,MUNICIPIUL BUCURESTI,1409,2,AUSTRALIA-CANBERRA,BUCURESTI SECTORUL 1,179141,C,1,0,0,0,17,0,0,17,17,0,200,183,2,15
42,MUNICIPIUL BUCURESTI,1410,2,AUSTRALIA-SYDNEY,BUCURESTI SECTORUL 1,179141,C,1,0,0,0,107,0,0,107,107,0,400,293,17,90
42,MUNICIPIUL BUCURESTI,1411,2,AUSTRALIA-MELBOURNE,BUCURESTI SECTORUL 1,179141,C,1,0,0,0,170,0,0,170,167,3,500,330,16,151
42,MUNICIPIUL BUCURESTI,1412,2,REPUBLICA AUSTRIA-VIENA,BUCURESTI SECTORUL 1,179141,C,1,0,0,0,1048,0,0,1048,1044,4,3500,2452,246,798
42,MUNICIPIUL BUCURESTI,1413,2,REPUBLICA AZERBAIDJAN-BAKU,BUCURESTI SECTORUL 1,179141,C,1,0,0,0,44,0,0,44,44,0,300,256,13,31
42,MUNICIPIUL BUCURESTI,1414,2,REPUBLICA BELARUS-MINSK,BUCURESTI SECTORUL 1,179141,C,1,0,0,0,15,0,0,15,15,0,50,35,8,7
42,MUNICIPIUL BUCURESTI,1415,2,REGATUL BELGIEI-BRUXELLES,BUCURESTI SECTORUL 1,179141,C,1,200,0,200,1197,0,200,997,1191,6,2500,1303,260,931
42,MUNICIPIUL BUCURESTI,1416,2,BOSNIA SI HERTEGOVINA-SARAJEVO,BUCURESTI SECTORUL 1,179141,C,1,0,0,0,24,0,0,24,24,0,250,226,11,13
42,MUNICIPIUL BUCURESTI,1417,2,BRAZILIA-BRASILIA,BUCURESTI SECTORUL 1,179141,C,1,0,0,0,16,0,0,16,16,0,100,84,9,7
42,MUNICIPIUL BUCURESTI,1418,2,BRAZILIA-RIO DE JANEIRO,BUCURESTI SECTORUL 1,179141,C,1,0,0,0,24,0,0,24,24,0,300,276,9,15
42,MUNICIPIUL BUCURESTI,1419,2,REPUBLICA BULGARIA-SOFIA,BUCURESTI SECTORUL 1,179141,C,1,0,0,0,126,0,0,126,125,1,500,374,41,84
42,MUNICIPIUL BUCURESTI,1420,2,CANADA-OTTAWA,BUCURESTI SECTORUL 1,179141,C,1,0,0,0,337,0,0,337,334,3,2000,1663,39,295
42,MUNICIPIUL BUCURESTI,1421,2,CANADA-MONTREAL,BUCURESTI SECTORUL 1,179141,C,1,0,0,0,1436,0,0,1436,1433,3,6500,5064,46,1387
42,MUNICIPIUL BUCURESTI,1422,2,CANADA-TORONTO,BUCURESTI SECTORUL 1,179141,C,1,0,0,0,1350,0,0,1350,1350,0,7500,6150,61,1289
42,MUNICIPIUL BUCURESTI,1423,2,REPUBLICA CEHA-PRAGA,BUCURESTI SECTORUL 1,179141,C,1,0,0,0,194,0,0,194,193,1,500,306,60,133
42,MUNICIPIUL BUCURESTI,1424,2,REPUBLICA CHILE-SANTIAGO DE CHILE,BUCURESTI SECTORUL 1,179141,C,1,0,0,0,22,0,0,22,22,0,200,178,9,13
42,MUNICIPIUL BUCURESTI,1425,2,REPUBLICA POPULARA CHINEZA-BEIJING,BUCURESTI SECTORUL 1,179141,C,1,0,0,0,77,0,0,77,76,1,176,99,45,31
42,MUNICIPIUL BUCURESTI,1426,2,REPUBLICA POPULARA CHINEZA-HONG-KONG,BUCURESTI SECTORUL 1,179141,C,1,0,0,0,15,0,0,15,15,0,100,85,4,11
42,MUNICIPIUL BUCURESTI,1427,2,REPUBLICA POPULARA CHINEZA-SHANGHAI,BUCURESTI SECTORUL 1,179141,C,1,18,0,18,18,0,18,0,14,4,200,182,9,5
42,MUNICIPIUL BUCURESTI,1428,2,REPUBLICA CIPRU-NICOSIA,BUCURESTI SECTORUL 1,179141,C,1,0,0,0,343,0,0,343,342,1,2500,2157,88,254
42,MUNICIPIUL BUCURESTI,1429,2,REPUBLICA COLUMBIA-BOGOTA,BUCURESTI SECTORUL 1,179141,C,1,0,0,0,57,0,0,57,57,0,300,243,34,23
42,MUNICIPIUL BUCURESTI,1430,2,REPUBLICA COREEA-SEOUL,BUCURESTI SECTORUL 1,179141,C,1,22,0,22,22,0,22,0,22,0,800,778,8,14
42,MUNICIPIUL BUCURESTI,1431,2,R.P.D. COREEANA-PHENIAN,BUCURESTI SECTORUL 1,179141,C,1,0,0,0,9,0,0,9,9,0,24,15,6,3
42,MUNICIPIUL BUCURESTI,1432,2,REPUBLICA CROATIA-ZAGREB,BUCURESTI SECTORUL 1,179141,C,1,0,0,0,43,0,0,43,43,0,200,157,15,28
42,MUNICIPIUL BUCURESTI,1433,2,REPUBLICA CUBA-HAVANA,BUCURESTI SECTORUL 1,179141,C,1,0,0,0,10,0,0,10,10,0,100,90,7,3
42,MUNICIPIUL BUCURESTI,1434,2,REGATUL DANEMARCEI-COPENHAGA,BUCURESTI SECTORUL 1,179141,C,1,0,0,0,152,0,0,152,149,3,500,348,30,119
42,MUNICIPIUL BUCURESTI,1435,2,R.A.EGIPT-CAIRO,BUCURESTI SECTORUL 1,179141,C,1,0,0,0,101,0,0,101,101,0,500,399,50,51
42,MUNICIPIUL BUCURESTI,1436,2,R.A. EGIPT-ALEXANDRIA,BUCURESTI SECTORUL 1,179141,C,1,0,0,0,18,0,0,18,17,1,200,182,8,9
42,MUNICIPIUL BUCURESTI,1437,2,REPUBLICA ELENA-ATENA,BUCURESTI SECTORUL 1,179141,C,1,0,0,0,1086,0,0,1086,1076,10,19500,18414,464,612
42,MUNICIPIUL BUCURESTI,1438,2,REPUBLICA ELENA-SALONIC,BUCURESTI SECTORUL 1,179141,C,1,0,0,0,153,0,0,153,153,0,900,747,53,100
42,MUNICIPIUL BUCURESTI,1439,2,CONFEDERATIA ELVETIANA-BERNA,BUCURESTI SECTORUL 1,179141,C,1,113,0,113,240,0,113,127,238,2,2500,2260,34,204
42,MUNICIPIUL BUCURESTI,1440,2,CONFEDERATIA ELVETIANA-GENEVA,BUCURESTI SECTORUL 1,179141,C,1,0,0,0,472,0,0,472,471,1,800,328,63,408
42,MUNICIPIUL BUCURESTI,1441,2,EMIRATELE ARABE UNITE-ABU DHABI,BUCURESTI SECTORUL 1,179141,C,1,0,0,0,228,0,0,228,228,0,2000,1772,60,168
42,MUNICIPIUL BUCURESTI,1442,2,ETIOPIA-ADDIS ABEBA,BUCURESTI SECTORUL 1,179141,C,1,0,0,0,7,0,0,7,6,1,200,193,4,2
42,MUNICIPIUL BUCURESTI,1443,2,REPUBLICA FILIPINE-MANILA,BUCURESTI SECTORUL 1,179141,C,1,0,0,0,13,0,0,13,13,0,100,87,10,3
42,MUNICIPIUL BUCURESTI,1444,2,REPUBLICA FINLANDA-HELSINKI,BUCURESTI SECTORUL 1,179141,C,1,0,0,0,151,0,0,151,150,1,700,549,26,124
42,MUNICIPIUL BUCURESTI,1445,2,REPUBLICA FRANCEZA-PARIS,BUCURESTI SECTORUL 1,179141,C,1,0,0,0,2008,0,0,2008,2001,7,3800,1792,363,1638
42,MUNICIPIUL BUCURESTI,1446,2,REPUBLICA FRANCEZA-MARSILIA,BUCURESTI SECTORUL 1,179141,C,1,0,0,0,237,0,0,237,236,1,1000,763,58,178
42,MUNICIPIUL BUCURESTI,1447,2,REPUBLICA FRANCEZA-STRASBOURG,BUCURESTI SECTORUL 1,179141,C,1,114,0,114,564,0,114,450,560,4,1500,936,78,482
42,MUNICIPIUL BUCURESTI,1448,2,REPUBLICA GEORGIA-TBILISI,BUCURESTI SECTORUL 1,179141,C,1,0,0,0,17,0,0,17,17,0,99,82,8,9
42,MUNICIPIUL BUCURESTI,1449,2,R.F.GERMANA-BERLIN,BUCURESTI SECTORUL 1,179141,C,1,184,0,184,463,0,184,279,459,4,5500,5037,104,355
42,MUNICIPIUL BUCURESTI,1450,2,R.F.GERMANA-BONN,BUCURESTI SECTORUL 1,179141,C,1,0,0,0,473,0,0,473,470,3,1500,1027,46,424
42,MUNICIPIUL BUCURESTI,1451,2,R.F.GERMANA-MUNCHEN,BUCURESTI SECTORUL 1,179141,C,1,0,0,0,791,0,0,791,790,1,2500,1709,123,667
42,MUNICIPIUL BUCURESTI,1452,2,REPUBLICA INDIA-NEW DELHI,BUCURESTI SECTORUL 1,179141,C,1,0,0,0,32,0,0,32,32,0,200,168,14,18
42,MUNICIPIUL BUCURESTI,1453,2,REP.INDONEZIA-JAKARTA,BUCURESTI SECTORUL 1,179141,C,1,0,0,0,35,0,0,35,35,0,100,65,13,22
42,MUNICIPIUL BUCURESTI,1454,2,IORDANIA-AMMAN,BUCURESTI SECTORUL 1,179141,C,1,0,0,0,179,0,0,179,179,0,1500,1321,66,113
42,MUNICIPIUL BUCURESTI,1455,2,REPUBLICA IRAK-BAGDAD,BUCURESTI SECTORUL 1,179141,C,1,0,0,0,21,0,0,21,21,0,100,79,19,2
42,MUNICIPIUL BUCURESTI,1456,2,R.I.IRAN-TEHERAN,BUCURESTI SECTORUL 1,179141,C,1,0,0,0,56,0,0,56,56,0,200,144,37,19
42,MUNICIPIUL BUCURESTI,1457,2,REPUBLICA IRLANDA-DUBLIN,BUCURESTI SECTORUL 1,179141,C,1,0,0,0,587,0,0,587,584,3,2500,1913,124,460
42,MUNICIPIUL BUCURESTI,1458,2,ISRAEL-TEL AVIV,BUCURESTI SECTORUL 1,179141,C,1,0,0,0,811,0,0,811,804,7,2000,1189,373,431
42,MUNICIPIUL BUCURESTI,1459,2,ISRAEL-HAIFA,BUCURESTI SECTORUL 1,179141,C,1,0,0,0,364,0,0,364,363,1,1501,1137,203,160
42,MUNICIPIUL BUCURESTI,1460,2,ISRAEL-IERUSALIM,BUCURESTI SECTORUL 1,179141,C,1,0,0,0,222,0,0,222,222,0,1500,1278,108,114
42,MUNICIPIUL BUCURESTI,1461,2,REPUBLICA ITALIANA-ROMA,BUCURESTI SECTORUL 1,179141,C,1,95,0,95,1435,0,95,1340,1431,4,6500,5065,451,980
42,MUNICIPIUL BUCURESTI,1462,2,REPUBLICA ITALIANA-MILANO,BUCURESTI SECTORUL 1,179141,C,1,0,0,0,1325,0,0,1325,1323,2,4477,3152,552,771
42,MUNICIPIUL BUCURESTI,1463,2,REPUBLICA ITALIANA-BARI,BUCURESTI SECTORUL 1,179141,C,1,15,0,15,96,0,15,81,96,0,1500,1404,54,42
42,MUNICIPIUL BUCURESTI,1464,2,REPUBLICA ITALIANA-FLORENTA,BUCURESTI SECTORUL 1,179141,C,1,0,0,0,434,0,0,434,433,1,1008,574,114,319
42,MUNICIPIUL BUCURESTI,1465,2,REPUBLICA ITALIANA-TREVISO,BUCURESTI SECTORUL 1,179141,C,1,0,0,0,574,0,0,574,573,1,1000,426,201,372
42,MUNICIPIUL BUCURESTI,1466,2,JAPONIA-TOKIO,BUCURESTI SECTORUL 1,179141,C,1,0,0,0,89,0,0,89,89,0,1501,1412,19,70
42,MUNICIPIUL BUCURESTI,1467,2,KAZAHSTAN-ALMA ATA,BUCURESTI SECTORUL 1,179141,C,1,0,0,0,20,0,0,20,20,0,300,280,11,9
42,MUNICIPIUL BUCURESTI,1468,2,KENYA-NAIROBI,BUCURESTI SECTORUL 1,179141,C,1,0,0,0,15,0,0,15,15,0,50,35,3,12
42,MUNICIPIUL BUCURESTI,1469,2,KUWAIT-KUWAIT,BUCURESTI SECTORUL 1,179141,C,1,3,0,3,184,0,3,181,182,2,500,316,73,109
42,MUNICIPIUL BUCURESTI,1470,2,REPUBLICA LIBANEZA-BEIRUT,BUCURESTI SECTORUL 1,179141,C,1,0,0,0,120,0,0,120,120,0,499,379,49,71
42,MUNICIPIUL BUCURESTI,1471,2,LIBIA-TRIPOLI,BUCURESTI SECTORUL 1,179141,C,1,0,0,0,37,0,0,37,37,0,400,363,13,24
42,MUNICIPIUL BUCURESTI,1472,2,LITUANIA-VILNIUS,BUCURESTI SECTORUL 1,179141,C,1,0,0,0,14,0,0,14,14,0,100,86,6,8
42,MUNICIPIUL BUCURESTI,1473,2,LUXEMBURG-LUXEMBOURG,BUCURESTI SECTORUL 1,179141,C,1,0,0,0,172,0,0,172,172,0,500,328,49,123
42,MUNICIPIUL BUCURESTI,1474,2,MACEDONIA-SKOPJE,BUCURESTI SECTORUL 1,179141,C,1,0,0,0,30,0,0,30,30,0,500,470,16,14
42,MUNICIPIUL BUCURESTI,1475,2,MALAEZIA-KUALA LUMPUR,BUCURESTI SECTORUL 1,179141,C,1,0,0,0,40,0,0,40,40,0,200,160,11,29
42,MUNICIPIUL BUCURESTI,1476,2,MAREA BRITANIE-LONDRA,BUCURESTI SECTORUL 1,179141,C,1,91,0,91,1010,0,91,919,1008,2,2500,1490,131,877
42,MUNICIPIUL BUCURESTI,1477,2,MAROC-RABAT,BUCURESTI SECTORUL 1,179141,C,1,0,0,0,74,0,0,74,73,1,500,426,29,44
42,MUNICIPIUL BUCURESTI,1478,2,MEXIC-CIUDAD DE MEXICO,BUCURESTI SECTORUL 1,179141,C,1,0,0,0,36,0,0,36,36,0,500,464,14,22
42,MUNICIPIUL BUCURESTI,1479,2,REPUBLICA MOLDOVA-CHISINAU,BUCURESTI SECTORUL 1,179141,C,1,0,0,0,1956,0,0,1956,1953,3,7500,5523,1070,883
42,MUNICIPIUL BUCURESTI,1480,2,R.F.NIGERIA-ABUJA,BUCURESTI SECTORUL 1,179141,C,1,0,0,0,22,0,0,22,22,0,100,78,10,12
42,MUNICIPIUL BUCURESTI,1481,2,NORVEGIA-OSLO,BUCURESTI SECTORUL 1,179141,C,1,0,0,0,110,0,0,110,110,0,201,91,34,76
42,MUNICIPIUL BUCURESTI,1482,2,PAKISTAN-ISLAMABAD,BUCURESTI SECTORUL 1,179141,C,1,0,0,0,25,0,0,25,24,1,100,75,15,9
42,MUNICIPIUL BUCURESTI,1483,2,PERU-LIMA,BUCURESTI SECTORUL 1,179141,C,1,0,0,0,19,0,0,19,19,0,200,181,12,7
42,MUNICIPIUL BUCURESTI,1484,2,POLONIA-VARSOVIA,BUCURESTI SECTORUL 1,179141,C,1,0,0,0,89,0,0,89,89,0,500,411,36,53
42,MUNICIPIUL BUCURESTI,1485,2,PORTUGALIA-LISABONA,BUCURESTI SECTORUL 1,179141,C,1,0,0,0,331,0,0,331,331,0,1500,1169,136,195
42,MUNICIPIUL BUCURESTI,1486,2,PORTUGALIA-FARO,BUCURESTI SECTORUL 1,179141,C,1,0,0,0,182,0,0,182,182,0,600,418,133,49
42,MUNICIPIUL BUCURESTI,1487,2,PORTUGALIA-PORTO,BUCURESTI SECTORUL 1,179141,C,1,0,0,0,65,0,0,65,65,0,600,535,13,52
42,MUNICIPIUL BUCURESTI,1488,2,QATAR-DOHA,BUCURESTI SECTORUL 1,179141,C,1,0,0,0,100,0,0,100,100,0,1200,1100,31,69
42,MUNICIPIUL BUCURESTI,1489,2,FEDERATIA RUSA-MOSCOVA,BUCURESTI SECTORUL 1,179141,C,1,0,0,0,147,0,0,147,147,0,500,353,88,59
42,MUNICIPIUL BUCURESTI,1490,2,FEDERATIA RUSA-SANKT PETERSBURG,BUCURESTI SECTORUL 1,179141,C,1,0,0,0,16,0,0,16,16,0,100,84,14,2
42,MUNICIPIUL BUCURESTI,1491,2,SERBIA SI MUNTENEGRU-BELGRAD,BUCURESTI SECTORUL 1,179141,C,1,39,0,39,110,0,39,71,110,0,2500,2390,45,65
42,MUNICIPIUL BUCURESTI,1492,2,SERBIA SI MUNTENEGRU-PODGORITA,BUCURESTI SECTORUL 1,179141,C,1,0,0,0,12,0,0,12,12,0,100,88,10,2
42,MUNICIPIUL BUCURESTI,1493,2,SENEGAL-DAKAR,BUCURESTI SECTORUL 1,179141,C,1,0,0,0,24,0,0,24,24,0,100,76,20,4
42,MUNICIPIUL BUCURESTI,1494,2,SINGAPORE-SINGAPORE,BUCURESTI SECTORUL 1,179141,C,1,29,0,29,29,0,29,0,29,0,200,171,8,21
42,MUNICIPIUL BUCURESTI,1495,2,SIRIA-DAMASC,BUCURESTI SECTORUL 1,179141,C,1,0,0,0,66,0,0,66,66,0,300,234,39,27
42,MUNICIPIUL BUCURESTI,1496,2,SLOVACIA-BRATISLAVA,BUCURESTI SECTORUL 1,179141,C,1,0,0,0,56,0,0,56,56,0,500,444,22,34
42,MUNICIPIUL BUCURESTI,1497,2,SLOVENIA-LJUBLIANA,BUCURESTI SECTORUL 1,179141,C,1,0,0,0,30,0,0,30,29,1,200,170,6,23
42,MUNICIPIUL BUCURESTI,1498,2,SPANIA-MADRID,BUCURESTI SECTORUL 1,179141,C,1,42,0,42,1882,0,42,1840,1878,4,6501,4619,483,1395
42,MUNICIPIUL BUCURESTI,1499,2,SPANIA-BARCELONA,BUCURESTI SECTORUL 1,179141,C,1,30,0,30,483,0,30,453,483,0,2000,1517,99,384
42,MUNICIPIUL BUCURESTI,1500,2,SPANIA-VALENCIA,BUCURESTI SECTORUL 1,179141,C,1,14,0,14,324,0,14,310,324,0,2000,1676,94,230
42,MUNICIPIUL BUCURESTI,1501,2,SRI LANKA-COLOMBO,BUCURESTI SECTORUL 1,179141,C,1,0,0,0,8,0,0,8,8,0,50,42,5,3
42,MUNICIPIUL BUCURESTI,1502,2,SUA-WASHINGTON,BUCURESTI SECTORUL 1,179141,C,1,226,0,226,484,0,226,258,484,0,2000,1516,80,404
42,MUNICIPIUL BUCURESTI,1503,2,SUA-CHICAGO,BUCURESTI SECTORUL 1,179141,C,1,947,0,947,947,0,947,0,947,0,2500,1553,73,874
42,MUNICIPIUL BUCURESTI,1504,2,SUA-LOS ANGELES,BUCURESTI SECTORUL 1,179141,C,1,0,0,0,368,0,0,368,368,0,2500,2132,36,332
42,MUNICIPIUL BUCURESTI,1505,2,SUA-NEW YORK,BUCURESTI SECTORUL 1,179141,C,1,0,0,0,1142,0,0,1142,1142,0,22600,21458,160,982
42,MUNICIPIUL BUCURESTI,1506,2,SUA-ATLANTA,BUCURESTI SECTORUL 1,179141,C,1,0,0,0,314,0,0,314,314,0,1200,886,32,282
42,MUNICIPIUL BUCURESTI,1507,2,SUA-CLEVELAND,BUCURESTI SECTORUL 1,179141,C,1,0,0,0,367,0,0,367,366,1,1400,1033,35,331
42,MUNICIPIUL BUCURESTI,1508,2,SUA-DALLAS,BUCURESTI SECTORUL 1,179141,C,1,0,0,0,117,0,0,117,117,0,500,383,6,111
42,MUNICIPIUL BUCURESTI,1509,2,SUA-DETROIT,BUCURESTI SECTORUL 1,179141,C,1,0,0,0,525,0,0,525,525,0,1500,975,27,498
42,MUNICIPIUL BUCURESTI,1510,2,SUA-HUSTON,BUCURESTI SECTORUL 1,179141,C,1,0,0,0,119,0,0,119,119,0,500,381,16,103
42,MUNICIPIUL BUCURESTI,1511,2,SUA-INDIANAPOLIS,BUCURESTI SECTORUL 1,179141,C,1,0,0,0,56,0,0,56,56,0,300,244,6,50
42,MUNICIPIUL BUCURESTI,1512,2,SUA-LAS VEGAS,BUCURESTI SECTORUL 1,179141,C,1,0,0,0,66,0,0,66,64,2,300,234,6,58
42,MUNICIPIUL BUCURESTI,1513,2,SUA-MINEAPOLIS,BUCURESTI SECTORUL 1,179141,C,1,0,0,0,82,0,0,82,82,0,300,218,11,71
42,MUNICIPIUL BUCURESTI,1514,2,SUA-NORFOLK,BUCURESTI SECTORUL 1,179141,C,1,0,0,0,34,0,0,34,34,0,300,266,5,29
42,MUNICIPIUL BUCURESTI,1515,2,SUA-PHILADELPHIA,BUCURESTI SECTORUL 1,179141,C,1,0,0,0,152,0,0,152,152,0,200,48,16,136
42,MUNICIPIUL BUCURESTI,1516,2,SUA-SAN FRANCISCO,BUCURESTI SECTORUL 1,179141,C,1,0,0,0,347,0,0,347,347,0,1000,653,29,318
42,MUNICIPIUL BUCURESTI,1517,2,SUDAN-KHARTOUM,BUCURESTI SECTORUL 1,179141,C,1,0,0,0,31,0,0,31,31,0,200,169,10,21
42,MUNICIPIUL BUCURESTI,1518,2,SUEDIA-STOCKHOLM,BUCURESTI SECTORUL 1,179141,C,1,0,0,0,137,0,0,137,137,0,600,463,25,112
42,MUNICIPIUL BUCURESTI,1519,2,SUEDIA-GOTEBORG,BUCURESTI SECTORUL 1,179141,C,1,0,0,0,64,0,0,64,64,0,600,536,12,52
42,MUNICIPIUL BUCURESTI,1520,2,THAILANDA-BANGKOK,BUCURESTI SECTORUL 1,179141,C,1,0,0,0,30,0,0,30,30,0,200,170,12,18
42,MUNICIPIUL BUCURESTI,1521,2,TUNISIA-TUNIS,BUCURESTI SECTORUL 1,179141,C,1,0,0,0,60,0,0,60,60,0,400,340,42,18
42,MUNICIPIUL BUCURESTI,1522,2,TURCIA-ANKARA,BUCURESTI SECTORUL 1,179141,C,1,0,0,0,79,0,0,79,79,0,300,221,38,41
42,MUNICIPIUL BUCURESTI,1523,2,TURCIA-ISTANBUL,BUCURESTI SECTORUL 1,179141,C,1,0,0,0,196,0,0,196,194,2,5000,4804,91,103
42,MUNICIPIUL BUCURESTI,1524,2,TURCIA-IZMIR,BUCURESTI SECTORUL 1,179141,C,1,0,0,0,38,0,0,38,38,0,200,162,23,15
42,MUNICIPIUL BUCURESTI,1525,2,TURKMENISTAN-ASHABAT,BUCURESTI SECTORUL 1,179141,C,1,0,0,0,17,0,0,17,17,0,100,83,10,7
42,MUNICIPIUL BUCURESTI,1526,2,REGATUL TARILOR DE JOS-HAGA,BUCURESTI SECTORUL 1,179141,C,1,0,0,0,391,0,0,391,389,2,1500,1109,62,327
42,MUNICIPIUL BUCURESTI,1527,2,UCRAINA-KIEV,BUCURESTI SECTORUL 1,179141,C,1,0,0,0,48,0,0,48,45,3,300,252,17,28
42,MUNICIPIUL BUCURESTI,1528,2,UCRAINA-CERNAUTI,BUCURESTI SECTORUL 1,179141,C,1,0,0,0,33,0,0,33,33,0,600,567,20,13
42,MUNICIPIUL BUCURESTI,1529,2,UCRAINA-ODESSA,BUCURESTI SECTORUL 1,179141,C,1,0,0,0,27,0,0,27,27,0,400,373,22,5
42,MUNICIPIUL BUCURESTI,1530,2,UNGARIA-BUDAPESTA,BUCURESTI SECTORUL 1,179141,C,1,223,0,223,745,0,223,522,742,3,5000,4255,277,465
42,MUNICIPIUL BUCURESTI,1531,2,UNGARIA-SZEGED,BUCURESTI SECTORUL 1,179141,C,1,14,0,14,98,0,14,84,96,2,3000,2902,63,33
42,MUNICIPIUL BUCURESTI,1532,2,URUGUAY-MONTEVIDEO,BUCURESTI SECTORUL 1,179141,C,1,0,0,0,12,0,0,12,12,0,200,188,12,0
42,MUNICIPIUL BUCURESTI,1533,2,UZBECKISTAN-TASKENT,BUCURESTI SECTORUL 1,179141,C,1,0,0,0,12,0,0,12,12,0,100,88,7,5
42,MUNICIPIUL BUCURESTI,1534,2,VENEZUELA-CARACAS,BUCURESTI SECTORUL 1,179141,C,1,0,0,0,40,0,0,40,39,1,276,236,20,19
42,MUNICIPIUL BUCURESTI,1535,2,R.S.VIETNAM-HANOI,BUCURESTI SECTORUL 1,179141,C,1,0,0,0,15,0,0,15,15,0,200,185,9,6
42,MUNICIPIUL BUCURESTI,1536,2,ZIMBABWE-HARARE,BUCURESTI SECTORUL 1,179141,C,1,0,0,0,11,0,0,11,11,0,200,189,4,7
42,MUNICIPIUL BUCURESTI,1537,2,NOUA ZEELANDA-WELLINGTON,BUCURESTI SECTORUL 1,179141,C,1,0,0,0,44,0,0,44,44,0,400,356,2,42
42,MUNICIPIUL BUCURESTI,1538,2,SUA- BOSTON,BUCURESTI SECTORUL 1,179141,C,1,0,0,0,294,0,0,294,294,0,1000,706,18,276
42,MUNICIPIUL BUCURESTI,1539,2,SUA-BRIDGEPORT,BUCURESTI SECTORUL 1,179141,C,1,0,0,0,102,0,0,102,102,0,400,298,14,88
42,MUNICIPIUL BUCURESTI,1540,2,SUA-HOLLYWOOD,BUCURESTI SECTORUL 1,179141,C,1,0,0,0,339,0,0,339,337,2,1200,861,32,305
42,MUNICIPIUL BUCURESTI,1541,2,SUA-PORTLAND,BUCURESTI SECTORUL 1,179141,C,1,0,0,0,419,0,0,419,419,0,1500,1081,28,391
42,MUNICIPIUL BUCURESTI,1542,2,REPUBLICA MOLDOVA-CHISINAU,BUCURESTI SECTORUL 1,179141,C,1,0,0,0,1790,0,0,1790,1781,9,3400,1610,1017,764
42,MUNICIPIUL BUCURESTI,132,0,"Scoala nr. 19, Str. TUDOR ARGHEZI nr. 46-50",BUCURESTI SECTORUL 2,179150,C,1,1515,1480,35,874,838,35,1,868,6,1600,726,271,597
42,MUNICIPIUL BUCURESTI,133,0,"Scoala nr. 19, Str. TUDOR ARGHEZI nr. 46-50",BUCURESTI SECTORUL 2,179150,C,1,1395,1375,20,747,724,20,3,744,3,1500,753,244,500
42,MUNICIPIUL BUCURESTI,134,0,"Liceul Teoretic SPIRU HARET, Str. ITALIANA nr. 17",BUCURESTI SECTORUL 2,179150,C,1,1647,1623,24,926,890,24,12,920,6,1700,774,268,652
42,MUNICIPIUL BUCURESTI,135,0,"Liceul Teoretic SPIRU HARET, Str. ITALIANA nr. 17",BUCURESTI SECTORUL 2,179150,C,1,1557,1543,14,875,850,14,11,870,5,1700,825,268,602
42,MUNICIPIUL BUCURESTI,136,0,"Colegiul National CANTEMIR VODA, Str. VIITORULUI nr. 60",BUCURESTI SECTORUL 2,179150,C,1,1320,1292,28,748,714,28,6,742,6,1400,652,225,517
42,MUNICIPIUL BUCURESTI,137,0,"Colegiul National CANTEMIR VODA, Str. VIITORULUI nr. 60",BUCURESTI SECTORUL 2,179150,C,1,1619,1598,21,930,908,21,1,927,3,1700,770,310,617
42,MUNICIPIUL BUCURESTI,138,0,"Colegiul National CANTEMIR VODA, Str. VIITORULUI nr. 60",BUCURESTI SECTORUL 2,179150,C,1,1587,1570,17,881,859,17,5,874,7,1700,819,283,591
42,MUNICIPIUL BUCURESTI,139,0,"Colegiul National CANTEMIR VODA, Str. VIITORULUI nr. 60",BUCURESTI SECTORUL 2,179150,C,1,1857,1833,24,988,962,24,2,976,12,2000,1012,330,646
42,MUNICIPIUL BUCURESTI,140,0,"Scoala nr. 24, Str. TUNARI nr. 52",BUCURESTI SECTORUL 2,179150,C,1,2046,2017,29,1075,1037,29,9,1070,5,2200,1125,360,710
42,MUNICIPIUL BUCURESTI,141,0,"Scoala nr. 24, Str. TUNARI nr. 52",BUCURESTI SECTORUL 2,179150,C,1,1899,1874,25,1081,1047,25,9,1076,5,2000,919,399,677
42,MUNICIPIUL BUCURESTI,142,0,"Scoala nr. 28, Al. CIRCULUI nr. 1",BUCURESTI SECTORUL 2,179150,C,1,1815,1797,18,1158,1134,18,6,1152,6,1800,642,380,772
42,MUNICIPIUL BUCURESTI,143,0,"Scoala nr. 28, Al. CIRCULUI nr. 1",BUCURESTI SECTORUL 2,179150,C,1,1442,1425,17,1118,883,17,218,1110,8,2100,982,342,768
42,MUNICIPIUL BUCURESTI,144,0,"Scoala nr. 28, Al. CIRCULUI nr. 1",BUCURESTI SECTORUL 2,179150,C,1,1715,1684,31,1084,1050,31,3,1078,6,1799,715,504,574
42,MUNICIPIUL BUCURESTI,145,0,"Scoala pentru Hipoacuzici, Str. BUSOLEI nr. 6",BUCURESTI SECTORUL 2,179150,C,1,1468,1447,21,731,708,21,2,722,9,1492,761,255,467
42,MUNICIPIUL BUCURESTI,146,0,"Scoala pentru Hipoacuzici, Str. BUSOLEI nr. 6",BUCURESTI SECTORUL 2,179150,C,1,1593,1573,20,860,835,20,5,853,7,1600,740,284,569
42,MUNICIPIUL BUCURESTI,147,0,"Scoala nr. 26, Str. COBILITEI nr. 8",BUCURESTI SECTORUL 2,179150,C,1,1292,1274,18,642,620,18,4,639,3,1300,658,236,403
42,MUNICIPIUL BUCURESTI,148,0,"Scoala nr. 26, Str. COBILITEI nr. 8",BUCURESTI SECTORUL 2,179150,C,1,1568,1538,30,903,872,30,1,894,9,1597,694,288,606
42,MUNICIPIUL BUCURESTI,149,0,"Scoala Profesionala Spec. nr. 3, Str. MARCEL IANCU nr. 7",BUCURESTI SECTORUL 2,179150,C,1,1727,1705,22,866,844,22,0,857,9,1800,934,286,571
42,MUNICIPIUL BUCURESTI,150,0,"Scoala Profesionala Spec. nr. 3, Str. MARCEL IANCU nr. 7",BUCURESTI SECTORUL 2,179150,C,1,1474,1448,26,726,699,26,1,721,5,1500,774,229,492
42,MUNICIPIUL BUCURESTI,151,0,"Scoala nr. 307, Str. LUNCSOARA nr. 17",BUCURESTI SECTORUL 2,179150,C,1,1375,1310,65,861,796,65,0,854,7,1400,539,260,594
42,MUNICIPIUL BUCURESTI,152,0,"Scoala nr. 307, Str. LUNCSOARA nr. 17",BUCURESTI SECTORUL 2,179150,C,1,1343,1306,37,728,689,37,2,728,0,1400,672,308,420
42,MUNICIPIUL BUCURESTI,153,0,"Scoala nr. 307, Str. LUNCSOARA nr. 17",BUCURESTI SECTORUL 2,179150,C,1,1315,1289,26,1018,992,26,0,1008,10,1700,682,348,660
42,MUNICIPIUL BUCURESTI,154,0,"Scoala nr. 71 IOVAN DUCICI, Cal. MOSILOR nr. 148",BUCURESTI SECTORUL 2,179150,C,1,1892,1870,22,972,945,22,5,967,5,2000,1028,362,605
42,MUNICIPIUL BUCURESTI,155,0,"Scoala nr. 71 IOVAN DUCICI, Cal. MOSILOR nr. 148",BUCURESTI SECTORUL 2,179150,C,1,1828,1801,27,955,925,27,3,947,8,1800,845,356,591
42,MUNICIPIUL BUCURESTI,156,0,"Grup Scolar Ec.- Adm. A.D. XENOPOL, Str. TRAIAN nr. 165",BUCURESTI SECTORUL 2,179150,C,1,1613,1599,14,909,893,14,2,907,2,1600,691,290,617
42,MUNICIPIUL BUCURESTI,157,0,"Grup Scolar Ec.- Adm. A.D. XENOPOL, Str. TRAIAN nr. 165",BUCURESTI SECTORUL 2,179150,C,1,1317,1302,15,686,668,15,3,678,8,1400,714,216,462
42,MUNICIPIUL BUCURESTI,158,0,"Grup Scolar Ec. -Adm. A.D. XENOPOL, Str. TRAIAN nr. 165",BUCURESTI SECTORUL 2,179150,C,1,1528,1502,26,809,781,26,2,804,5,1600,791,265,539
42,MUNICIPIUL BUCURESTI,159,0,"Grup Scolar Ec.- adm. A.D. XENOPOL, Str. TRAIAN nr. 165",BUCURESTI SECTORUL 2,179150,C,1,1568,1552,16,732,716,16,0,727,5,1588,856,264,463
42,MUNICIPIUL BUCURESTI,160,0,"Liceul Bilingv GEORGE COSBUC, Str. OLARI nr. 29",BUCURESTI SECTORUL 2,179150,C,1,1768,1744,24,1041,1015,24,2,1031,10,1500,459,285,746
42,MUNICIPIUL BUCURESTI,161,0,"Liceul Bilingv GEORGE COSBUC, Str. OLARI nr. 29",BUCURESTI SECTORUL 2,179150,C,1,1942,1904,38,1106,1067,38,1,1100,6,1700,594,341,759
42,MUNICIPIUL BUCURESTI,162,0,"Scoala nr. 10, Str. GARIBALDI GIUSEPPE nr. 3",BUCURESTI SECTORUL 2,179150,C,1,1713,1691,22,1049,1026,22,1,1046,3,1798,749,335,711
42,MUNICIPIUL BUCURESTI,163,0,"Scoala nr. 10, Str. GARIBALDI GIUSEPPE nr. 3",BUCURESTI SECTORUL 2,179150,C,1,1166,1138,28,756,724,28,4,750,6,1200,444,271,479
42,MUNICIPIUL BUCURESTI,164,0,"Scoala nr. 10, Str. GARIBALDI GIUSEPPE nr. 3",BUCURESTI SECTORUL 2,179150,C,1,1167,1127,40,673,629,40,4,666,7,1200,527,253,413
42,MUNICIPIUL BUCURESTI,165,0,"Liceul Teoretic C.A.ROSETTI, Str. GARIBALDI GIUSEPPE nr. 11",BUCURESTI SECTORUL 2,179150,C,1,1327,1278,49,844,794,49,1,839,5,1300,456,343,496
42,MUNICIPIUL BUCURESTI,166,0,"Liceul Teoretic C.A.ROSETTI, Str. GARIBALDI GIUSEPPE nr. 11",BUCURESTI SECTORUL 2,179150,C,1,1460,1417,43,833,786,43,4,829,4,1496,663,352,477
42,MUNICIPIUL BUCURESTI,167,0,"Liceul Teoretic C.A.ROSETTI, Str. GARIBALDI GIUSEPPE nr. 11",BUCURESTI SECTORUL 2,179150,C,1,1614,1595,19,992,970,19,3,982,10,1700,708,367,615
42,MUNICIPIUL BUCURESTI,168,0,"Grup Scolar Ind. TRAIAN, Str. GALVANI LUIGI nr. 20",BUCURESTI SECTORUL 2,179150,C,1,2007,1979,28,1186,1158,28,0,1182,4,2000,814,361,821
42,MUNICIPIUL BUCURESTI,169,0,"Grup Scolar Ind. TRAIAN, Str. GALVANI LUIGI nr. 20",BUCURESTI SECTORUL 2,179150,C,1,2055,2016,39,1045,1006,39,0,1034,11,2096,1051,386,648
42,MUNICIPIUL BUCURESTI,170,0,"Grup Scolar Ind. TRAIAN, Str. GALVANI LUIGI nr. 20",BUCURESTI SECTORUL 2,179150,C,1,1894,1870,24,940,915,24,1,931,9,1900,960,310,621
42,MUNICIPIUL BUCURESTI,171,0,"Grup Scolar Ind. TRAIAN, Str. GALVANI LUIGI nr. 20",BUCURESTI SECTORUL 2,179150,C,1,1902,1876,26,1171,1143,26,2,1162,9,1900,729,393,769
42,MUNICIPIUL BUCURESTI,172,0,"Scoala nr. 31, B-dul LACUL TEI nr. 116",BUCURESTI SECTORUL 2,179150,C,1,1782,1744,38,1020,979,38,3,1011,9,1800,780,401,610
42,MUNICIPIUL BUCURESTI,173,0,"Scoala nr. 31, B-dul LACUL TEI nr. 116",BUCURESTI SECTORUL 2,179150,C,1,1976,1953,23,976,953,23,0,969,7,2000,1024,384,585
42,MUNICIPIUL BUCURESTI,174,0,"Scoala nr. 31, B-dul LACUL TEI nr. 116",BUCURESTI SECTORUL 2,179150,C,1,1953,1941,12,1077,1065,12,0,1067,10,2000,923,322,745
42,MUNICIPIUL BUCURESTI,175,0,"Scoala nr. 31, B-dul LACUL TEI nr. 116",BUCURESTI SECTORUL 2,179150,C,1,2015,1983,32,1110,1078,32,0,1100,10,2000,890,367,733
42,MUNICIPIUL BUCURESTI,176,0,"Scoala nr. 31, B-dul LACUL TEI nr. 116",BUCURESTI SECTORUL 2,179150,C,1,1714,1682,32,987,950,32,5,980,7,1700,713,290,690
42,MUNICIPIUL BUCURESTI,177,0,"Univ. Tehnica de Constructii Buc., B-dul LACUL TEI nr. 124",BUCURESTI SECTORUL 2,179150,C,1,2020,2001,19,1366,1268,19,79,1358,8,2200,834,431,927
42,MUNICIPIUL BUCURESTI,178,0,"Univ. Tehnica de Constructii Buc., B-dul LACUL TEI nr. 124",BUCURESTI SECTORUL 2,179150,C,1,2041,2017,24,958,932,24,2,949,9,2100,1142,358,591
42,MUNICIPIUL BUCURESTI,179,0,"Univ. Tehnica de Constructii Buc., B-dul LACUL TEI nr. 124",BUCURESTI SECTORUL 2,179150,C,1,2052,1920,132,1078,946,132,0,1070,8,1800,722,362,708
42,MUNICIPIUL BUCURESTI,180,0,"Univ. Tehnica de Constructii Buc., B-dul LACUL TEI nr. 124",BUCURESTI SECTORUL 2,179150,C,1,1818,1800,18,891,873,18,0,886,5,1800,909,285,601
42,MUNICIPIUL BUCURESTI,181,0,"Univ. Tehnica de Constructii Buc., B-dul LACUL TEI nr. 124",BUCURESTI SECTORUL 2,179150,C,1,1934,1916,18,989,968,18,3,980,9,2001,1012,375,605
42,MUNICIPIUL BUCURESTI,182,0,"Univ. Tehnica de Constructii Buc., B-dul LACUL TEI nr. 124",BUCURESTI SECTORUL 2,179150,C,1,2159,2134,25,1178,1142,25,11,1166,12,2200,1022,396,770
42,MUNICIPIUL BUCURESTI,183,0,"Univ. Tehnica de Constructii Buc., B-dul LACUL TEI nr. 124",BUCURESTI SECTORUL 2,179150,C,1,2055,2026,29,1043,1012,29,2,1036,7,2100,1057,360,676
42,MUNICIPIUL BUCURESTI,184,0,"Univ. Tehnica de Constructii Buc., B-dul LACUL TEI nr. 124",BUCURESTI SECTORUL 2,179150,C,1,2183,2147,36,1015,979,36,0,1003,12,2200,1184,431,572
42,MUNICIPIUL BUCURESTI,185,0,"Univ. Tehnica de Constructii Buc., B-dul LACUL TEI nr. 124",BUCURESTI SECTORUL 2,179150,C,1,1914,1897,17,1032,1015,17,0,1022,10,1900,868,312,710
42,MUNICIPIUL BUCURESTI,186,0,"Scoala nr. 30, Str. LAPTARI TEI nr. 5 - 7",BUCURESTI SECTORUL 2,179150,C,1,1613,1581,32,1238,1206,32,0,1229,9,2200,962,394,835
42,MUNICIPIUL BUCURESTI,187,0,"Scoala nr. 30, Str. LAPTARI TEI nr. 5 - 7",BUCURESTI SECTORUL 2,179150,C,1,1750,1725,25,921,895,25,1,913,8,1788,867,309,604
42,MUNICIPIUL BUCURESTI,188,0,"Scoala nr. 30, Str. LAPTARI TEI nr. 5 - 7",BUCURESTI SECTORUL 2,179150,C,1,1872,1847,25,976,951,25,0,970,6,1900,924,348,622
42,MUNICIPIUL BUCURESTI,189,0,"Scoala nr. 30, Str. LAPTARI TEI nr. 5 - 7",BUCURESTI SECTORUL 2,179150,C,1,2101,2075,26,1057,1031,26,0,1050,7,2100,1043,435,615
42,MUNICIPIUL BUCURESTI,190,0,"Scoala nr. 30, Str. LAPTARI TEI nr. 5 - 7",BUCURESTI SECTORUL 2,179150,C,1,1923,1898,25,1223,1198,25,0,1214,9,2000,777,457,757
42,MUNICIPIUL BUCURESTI,191,0,"Scoala nr. 30, Str. LAPTARI TEI nr. 5 - 7",BUCURESTI SECTORUL 2,179150,C,1,1626,1598,28,862,834,28,0,856,6,1600,738,321,535
42,MUNICIPIUL BUCURESTI,192,0,"Scoala nr. 30, Str. LAPTARI TEI nr. 5 - 7",BUCURESTI SECTORUL 2,179150,C,1,1879,1856,23,809,786,23,0,801,8,1900,1091,308,493
42,MUNICIPIUL BUCURESTI,193,0,"Gradinita nr. 233, Str. PETRE ANTONESCU nr. 20",BUCURESTI SECTORUL 2,179150,C,1,1652,1631,21,1030,1005,21,4,1021,9,1700,670,358,663
42,MUNICIPIUL BUCURESTI,194,0,"Gradinita nr. 233, Str. PETRE ANTONESCU nr. 20",BUCURESTI SECTORUL 2,179150,C,1,1506,1481,25,986,961,25,0,978,8,1500,514,322,656
42,MUNICIPIUL BUCURESTI,195,0,"Grup Sc. Ind. Lemn. C-TIN BRANC, B-dul POMPEI DIMITRIE",BUCURESTI SECTORUL 2,179150,C,1,793,780,13,369,292,13,64,368,1,900,531,153,215
42,MUNICIPIUL BUCURESTI,196,0,"Scoala nr. 39, Sos. COLENTINA nr. 91",BUCURESTI SECTORUL 2,179150,C,1,1789,1772,17,983,966,17,0,973,10,1900,917,356,617
42,MUNICIPIUL BUCURESTI,197,0,"Scoala nr. 39, Sos. COLENTINA nr. 91",BUCURESTI SECTORUL 2,179150,C,1,1668,1647,21,972,951,21,0,966,6,1700,728,354,612
42,MUNICIPIUL BUCURESTI,198,0,"Scoala nr. 39, Sos. COLENTINA nr. 91",BUCURESTI SECTORUL 2,179150,C,1,1942,1915,27,816,789,27,0,808,8,2000,1184,357,451
42,MUNICIPIUL BUCURESTI,199,0,"Scoala nr. 39, Sos. COLENTINA nr. 91",BUCURESTI SECTORUL 2,179150,C,1,1757,1737,20,874,854,20,0,868,6,1800,926,327,541
42,MUNICIPIUL BUCURESTI,200,0,"Scoala nr. 39, Sos. COLENTINA nr. 91",BUCURESTI SECTORUL 2,179150,C,1,1838,1814,24,1078,1054,24,0,1073,5,1892,814,386,687
42,MUNICIPIUL BUCURESTI,201,0,"Scoala nr. 39, Sos. COLENTINA nr. 91",BUCURESTI SECTORUL 2,179150,C,1,1531,1519,12,772,758,12,2,768,4,1600,828,291,477
42,MUNICIPIUL BUCURESTI,202,0,"Scoala nr. 39, Sos. COLENTINA nr. 91",BUCURESTI SECTORUL 2,179150,C,1,1667,1651,16,903,885,16,2,899,4,1700,797,337,562
42,MUNICIPIUL BUCURESTI,203,0,"Scoala nr. 40, Str. PERIS nr. 27",BUCURESTI SECTORUL 2,179150,C,1,2042,2025,17,882,864,17,1,876,6,2100,1218,370,506
42,MUNICIPIUL BUCURESTI,204,0,"Scoala nr. 40, Str. PERIS nr. 27",BUCURESTI SECTORUL 2,179150,C,1,1960,1932,28,881,853,28,0,874,7,1999,1118,369,505
42,MUNICIPIUL BUCURESTI,205,0,"Scoala nr. 40, Str. PERIS nr. 27",BUCURESTI SECTORUL 2,179150,C,1,1955,1925,30,1015,985,30,0,1008,7,1992,977,466,542
42,MUNICIPIUL BUCURESTI,206,0,"Scoala nr. 40, Str. PERIS nr. 27",BUCURESTI SECTORUL 2,179150,C,1,1734,1716,18,914,896,18,0,905,9,1800,886,374,531
42,MUNICIPIUL BUCURESTI,207,0,"Scoala nr. 40, Str. PERIS nr. 27",BUCURESTI SECTORUL 2,179150,C,1,1829,1810,19,881,859,19,3,873,8,1900,1019,382,491
42,MUNICIPIUL BUCURESTI,208,0,"Scoala nr. 41, Str. NICOLAE APOSTOL nr. 2",BUCURESTI SECTORUL 2,179150,C,1,1478,1457,21,631,608,21,2,626,5,1600,969,346,280
42,MUNICIPIUL BUCURESTI,209,0,"Scoala nr. 41, Str. NICOLAE APOSTOL nr. 2",BUCURESTI SECTORUL 2,179150,C,1,1735,1710,25,778,753,25,0,770,8,1800,1022,383,387
42,MUNICIPIUL BUCURESTI,210,0,"Scoala nr. 41, Str. NICOLAE APOSTOL nr. 2",BUCURESTI SECTORUL 2,179150,C,1,1789,1752,37,891,852,37,2,880,11,1800,909,426,454
42,MUNICIPIUL BUCURESTI,211,0,"Scoala nr. 32, Str. SPORTULUI nr. 21",BUCURESTI SECTORUL 2,179150,C,1,2030,2000,30,940,875,30,35,933,7,2000,1060,405,528
42,MUNICIPIUL BUCURESTI,212,0,"Scoala nr. 32, Str. SPORTULUI nr. 21",BUCURESTI SECTORUL 2,179150,C,1,1776,1760,16,943,926,16,1,933,10,1800,857,380,553
42,MUNICIPIUL BUCURESTI,213,0,"Scoala nr. 32, Str. SPORTULUI nr. 21",BUCURESTI SECTORUL 2,179150,C,1,1781,1762,19,874,855,19,0,866,8,1900,1026,318,548
42,MUNICIPIUL BUCURESTI,214,0,"Scoala nr. 32, Str. SPORTULUI nr. 21",BUCURESTI SECTORUL 2,179150,C,1,1963,1944,19,988,872,19,97,979,9,2697,1709,426,553
42,MUNICIPIUL BUCURESTI,215,0,"Liceul Teoretic VICTOR BABES, Sos. FUNDENI nr. 254",BUCURESTI SECTORUL 2,179150,C,1,2191,2167,24,883,859,24,0,875,8,2196,1313,332,543
42,MUNICIPIUL BUCURESTI,216,0,"Liceul Teoretic VICTOR BABES, Sos. FUNDENI nr. 254",BUCURESTI SECTORUL 2,179150,C,1,2537,2516,21,979,958,21,0,975,4,2800,1821,388,587
42,MUNICIPIUL BUCURESTI,217,0,"Liceul Teoretic VICTOR BABES, Sos. FUNDENI nr. 254",BUCURESTI SECTORUL 2,179150,C,1,2326,2306,20,1002,982,20,0,997,5,2500,1498,331,666
42,MUNICIPIUL BUCURESTI,218,0,"Gradinita nr. 11, Al. SINAIA nr. 2",BUCURESTI SECTORUL 2,179150,C,1,2084,2046,38,1040,1002,38,0,1034,6,2300,1260,361,673
42,MUNICIPIUL BUCURESTI,219,0,"Gradinita nr. 11, Al. SINAIA nr. 2",BUCURESTI SECTORUL 2,179150,C,1,1378,1356,22,709,685,22,2,702,7,1500,791,301,401
42,MUNICIPIUL BUCURESTI,220,0,"Scoala nr. 25, Str. SILVIA nr. 54",BUCURESTI SECTORUL 2,179150,C,1,1685,1659,26,858,831,26,1,854,4,1800,942,310,544
42,MUNICIPIUL BUCURESTI,221,0,"Scoala nr. 25, Str. SILVIA nr. 54",BUCURESTI SECTORUL 2,179150,C,1,1941,1921,20,988,968,20,0,980,8,2100,1112,341,639
42,MUNICIPIUL BUCURESTI,222,0,"Scoala nr. 25, Str. SILVIA nr. 54",BUCURESTI SECTORUL 2,179150,C,1,1752,1731,21,908,884,21,3,901,7,1900,992,346,555
42,MUNICIPIUL BUCURESTI,223,0,"Scoala nr. 145, Str. HELIADE INTRE VII nr. 36",BUCURESTI SECTORUL 2,179150,C,1,1684,1656,28,660,632,28,0,653,7,1785,1125,346,307
42,MUNICIPIUL BUCURESTI,224,0,"Scoala nr. 145, Str. HELIADE INTRE VII nr. 36",BUCURESTI SECTORUL 2,179150,C,1,2364,2350,14,1071,1057,14,0,1064,7,2600,1529,374,690
42,MUNICIPIUL BUCURESTI,225,0,"Scoala nr. 145, Str. HELIADE INTRE VII nr. 36",BUCURESTI SECTORUL 2,179150,C,1,2190,2171,19,1014,992,19,3,1010,4,2400,1386,388,622
42,MUNICIPIUL BUCURESTI,226,0,"Scoala nr. 145, Str. HELIADE INTRE VII nr. 36",BUCURESTI SECTORUL 2,179150,C,1,2525,2505,20,1128,1108,20,0,1117,11,2800,1672,479,638
42,MUNICIPIUL BUCURESTI,227,0,"Scoala nr. 145, Str. HELIADE INTRE VII nr. 36",BUCURESTI SECTORUL 2,179150,C,1,2263,2235,28,1000,972,28,0,989,11,2500,1500,415,574
42,MUNICIPIUL BUCURESTI,228,0,"Scoala nr. 145, Str. HELIADE INTRE VII nr. 36",BUCURESTI SECTORUL 2,179150,C,1,1863,1839,24,865,839,24,2,861,4,2000,1135,348,513
42,MUNICIPIUL BUCURESTI,229,0,"Scoala nr. 25, Str. SILVIA nr. 54",BUCURESTI SECTORUL 2,179150,C,1,1732,1711,21,1021,1000,21,0,1018,3,1900,879,382,636
42,MUNICIPIUL BUCURESTI,230,0,"Scoala nr. 64, B-dul GARII OBOR nr. 8",BUCURESTI SECTORUL 2,179150,C,1,1707,1672,35,1009,943,35,31,1001,8,1900,891,389,612
42,MUNICIPIUL BUCURESTI,231,0,"Scoala nr. 64, B-dul GARII OBOR nr. 8",BUCURESTI SECTORUL 2,179150,C,1,1792,1782,10,960,936,10,14,955,5,2000,1040,340,615
42,MUNICIPIUL BUCURESTI,232,0,"Scoala nr. 64, B-dul GARII OBOR nr. 8",BUCURESTI SECTORUL 2,179150,C,1,1341,1323,18,730,711,18,1,724,6,1500,770,264,460
42,MUNICIPIUL BUCURESTI,233,0,"Scoala nr. 64, B-dul GARII OBOR nr. 8",BUCURESTI SECTORUL 2,179150,C,1,1725,1698,27,895,860,27,8,883,12,1900,1005,309,574
42,MUNICIPIUL BUCURESTI,234,0,"Scoala nr. 64, B-dul GARII OBOR nr. 8",BUCURESTI SECTORUL 2,179150,C,1,1444,1426,18,648,629,18,1,645,3,1600,952,299,346
42,MUNICIPIUL BUCURESTI,235,0,"Gradinita nr. 135, Str. MASINA DE PAINE nr. 65",BUCURESTI SECTORUL 2,179150,C,1,1758,1738,20,841,821,20,0,831,10,2100,1259,306,525
42,MUNICIPIUL BUCURESTI,236,0,"Scoala nr. 27, Str. MASINA DE PAINE nr. 65 - 67",BUCURESTI SECTORUL 2,179150,C,1,1709,1686,23,1030,1006,23,1,1027,3,1900,870,396,631
42,MUNICIPIUL BUCURESTI,237,0,"Scoala nr. 27, Str. MASINA DE PAINE nr. 65 - 67",BUCURESTI SECTORUL 2,179150,C,1,1549,1522,27,878,851,27,0,869,9,1700,822,344,525
42,MUNICIPIUL BUCURESTI,238,0,"Scoala nr. 27, Str. MASINA DE PAINE nr. 65 - 67",BUCURESTI SECTORUL 2,179150,C,1,1561,1528,33,981,945,33,3,973,8,1700,711,337,636
42,MUNICIPIUL BUCURESTI,239,0,"Scoala nr. 27, Str. MASINA DE PAINE nr. 65 - 67",BUCURESTI SECTORUL 2,179150,C,1,1160,1138,22,784,755,22,7,781,3,1399,615,230,551
42,MUNICIPIUL BUCURESTI,240,0,"Grup Scolar Electronica Industr., Sos. PANTELIMON nr. 25",BUCURESTI SECTORUL 2,179150,C,1,1842,1812,30,974,944,30,0,963,11,2000,1026,341,622
42,MUNICIPIUL BUCURESTI,241,0,"Grup Scolar Electronica Industr., Sos. PANTELIMON nr. 25",BUCURESTI SECTORUL 2,179150,C,1,1844,1831,13,1080,1065,13,2,1076,4,2000,920,386,690
42,MUNICIPIUL BUCURESTI,242,0,"Grup Scolar Electronica Industr., Sos. PANTELIMON nr. 25",BUCURESTI SECTORUL 2,179150,C,1,1559,1539,20,916,894,20,2,911,5,1700,784,280,631
42,MUNICIPIUL BUCURESTI,243,0,"Liceul Teoretic IULIA HASDEU, B-dul FERDINAND nr. 91",BUCURESTI SECTORUL 2,179150,C,1,1695,1665,30,1008,972,30,6,1005,3,1800,792,371,634
42,MUNICIPIUL BUCURESTI,244,0,"Liceul Teoretic IULIA HASDEU, B-dul FERDINAND nr. 91",BUCURESTI SECTORUL 2,179150,C,1,1804,1772,32,986,954,32,0,972,14,1899,913,375,597
42,MUNICIPIUL BUCURESTI,245,0,"Liceul Teoretic IULIA HASDEU, B-dul FERDINAND nr. 91",BUCURESTI SECTORUL 2,179150,C,1,1776,1749,27,1000,963,27,10,996,4,1900,900,342,654
42,MUNICIPIUL BUCURESTI,246,0,"Scoala nr. 50, Str. ION MAIORESCU nr. 32",BUCURESTI SECTORUL 2,179150,C,1,1707,1680,27,1103,1075,27,1,1094,9,1800,697,344,750
42,MUNICIPIUL BUCURESTI,247,0,"Scoala nr. 50, Str. ION MAIORESCU nr. 32",BUCURESTI SECTORUL 2,179150,C,1,1737,1711,26,1118,1089,26,3,1102,16,1898,780,396,706
42,MUNICIPIUL BUCURESTI,248,0,"Scoala nr. 50, Str. ION MAIORESCU nr. 32",BUCURESTI SECTORUL 2,179150,C,1,2135,2100,35,1097,1062,35,0,1089,8,2100,1003,406,683
42,MUNICIPIUL BUCURESTI,249,0,"Grup Scolar Mecanica Fina, Str. POPA LAZAR nr. 8",BUCURESTI SECTORUL 2,179150,C,1,1414,1395,19,888,868,19,1,887,1,1500,612,289,598
42,MUNICIPIUL BUCURESTI,250,0,"Grup Scolar Mecanica Fina, Str. POPA LAZAR nr. 8",BUCURESTI SECTORUL 2,179150,C,1,1517,1508,9,864,854,9,1,861,3,1700,836,350,511
42,MUNICIPIUL BUCURESTI,251,0,"Grup Scolar Mecanica Fina, Str. POPA LAZAR nr. 8",BUCURESTI SECTORUL 2,179150,C,1,1248,1230,18,734,693,18,23,731,3,1400,666,295,436
42,MUNICIPIUL BUCURESTI,252,0,"Grup Scolar Mecanica Fina, Str. POPA LAZAR nr. 8",BUCURESTI SECTORUL 2,179150,C,1,1792,1770,22,1087,1062,22,3,1083,4,1900,813,312,771
42,MUNICIPIUL BUCURESTI,253,0,"Colegiul National MIHAI VITEAZUL, B-dul PACHE PROTOPOPESCU",BUCURESTI SECTORUL 2,179150,C,1,1948,1896,52,2456,850,52,1554,2451,5,2702,246,477,1974
42,MUNICIPIUL BUCURESTI,254,0,"Colegiul National MIHAI VITEAZUL, B-dul PACHE PROTOPOPESCU",BUCURESTI SECTORUL 2,179150,C,1,1861,1823,38,1273,885,38,350,1264,9,2000,727,383,881
42,MUNICIPIUL BUCURESTI,255,0,"Scoala nr. 56 JOSE MARTI, B-dul PACHE PROTOPOPESCU nr. 109",BUCURESTI SECTORUL 2,179150,C,1,1712,1688,24,1023,998,24,1,1016,7,1899,876,338,678
42,MUNICIPIUL BUCURESTI,256,0,"Scoala nr. 56 JOSE MARTI, B-dul PACHE PROTOPOPESCU nr. 109",BUCURESTI SECTORUL 2,179150,C,1,1480,1455,25,879,853,25,1,871,8,1600,721,342,529
42,MUNICIPIUL BUCURESTI,257,0,"Scoala nr. 85 VASILE BUNESCU, Str. MEDIC ZLATESCU nr. 7A",BUCURESTI SECTORUL 2,179150,C,1,1189,1172,17,749,731,17,1,742,7,1300,551,290,452
42,MUNICIPIUL BUCURESTI,258,0,"Scoala nr. 85 VASILE BUNESCU, Str. MEDIC ZLATESCU nr. 7A",BUCURESTI SECTORUL 2,179150,C,1,1480,1460,20,717,697,20,0,714,3,1601,884,296,418
42,MUNICIPIUL BUCURESTI,259,0,"Scoala nr. 85 VASILE BUNESCU, Str. MEDIC ZLATESCU nr. 7A",BUCURESTI SECTORUL 2,179150,C,1,1447,1418,29,843,812,29,2,839,4,1600,757,359,480
42,MUNICIPIUL BUCURESTI,260,0,"Scoala nr. 85 VASILE BUNESCU, Str. MEDIC ZLATESCU nr. 7A",BUCURESTI SECTORUL 2,179150,C,1,1269,1250,19,766,747,19,0,763,3,1400,634,284,479
42,MUNICIPIUL BUCURESTI,261,0,"Club Sportiv Scolar nr. 2, B-dul FERDINAND nr. 128",BUCURESTI SECTORUL 2,179150,C,1,1717,1678,39,1023,984,39,0,1017,6,1800,777,321,696
42,MUNICIPIUL BUCURESTI,262,0,"Club Sportiv Scolar nr. 2, B-dul FERDINAND nr. 128",BUCURESTI SECTORUL 2,179150,C,1,1686,1644,42,1005,963,42,0,998,7,1800,795,341,657
42,MUNICIPIUL BUCURESTI,263,0,"Gradinita nr.201, Str. MAGURA VULTURULUI nr. 64 BIS",BUCURESTI SECTORUL 2,179150,C,1,1630,1605,25,893,868,25,0,890,3,1800,907,298,592
42,MUNICIPIUL BUCURESTI,264,0,"Gradinita nr.201, Str. MAGURA VULTURULUI nr. 64 BIS",BUCURESTI SECTORUL 2,179150,C,1,1789,1769,20,1109,1085,20,4,1102,7,1900,791,384,718
42,MUNICIPIUL BUCURESTI,265,0,"Gradinita nr.201, Str. MAGURA VULTURULUI nr. 64 BIS",BUCURESTI SECTORUL 2,179150,C,1,1606,1573,33,927,891,33,3,919,8,1696,769,312,607
42,MUNICIPIUL BUCURESTI,266,0,"Gradinita nr.201, Str. MAGURA VULTURULUI nr. 64 BIS",BUCURESTI SECTORUL 2,179150,C,1,1450,1436,14,895,881,14,0,888,7,1600,705,288,600
42,MUNICIPIUL BUCURESTI,267,0,"Scoala nr. 85 VASILE BUNESCU, Str. POPA NAN nr. 47 BIS",BUCURESTI SECTORUL 2,179150,C,1,1386,1358,28,621,593,28,0,620,1,1500,879,222,398
42,MUNICIPIUL BUCURESTI,268,0,"Scoala nr. 85 VASILE BUNESCU, Str. POPA NAN nr. 47 BIS",BUCURESTI SECTORUL 2,179150,C,1,1556,1541,15,822,806,15,1,814,8,1700,878,315,499
42,MUNICIPIUL BUCURESTI,269,0,"Liceul Teoretic EMIL RACOVITA, Sos. MIHAI BRAVU nr. 169",BUCURESTI SECTORUL 2,179150,C,1,1730,1690,40,1069,1028,40,1,1065,4,1900,831,404,661
42,MUNICIPIUL BUCURESTI,270,0,"Liceul Teoretic EMIL RACOVITA, Sos. MIHAI BRAVU nr. 169",BUCURESTI SECTORUL 2,179150,C,1,1306,1281,25,834,807,25,2,826,8,1400,566,244,582
42,MUNICIPIUL BUCURESTI,271,0,"Liceul Teoretic EMIL RACOVITA, Sos. MIHAI BRAVU nr. 169",BUCURESTI SECTORUL 2,179150,C,1,2001,1956,45,1148,1103,45,0,1139,9,2200,1052,410,729
42,MUNICIPIUL BUCURESTI,272,0,"Gradinita nr.16, Sos. IANCULUI nr. 4",BUCURESTI SECTORUL 2,179150,C,1,1537,1516,21,979,935,21,23,973,6,1700,721,353,620
42,MUNICIPIUL BUCURESTI,273,0,"Gradinita nr.16, Sos. IANCULUI nr. 4",BUCURESTI SECTORUL 2,179150,C,1,1415,1393,22,902,874,22,6,898,4,1500,598,254,644
42,MUNICIPIUL BUCURESTI,274,0,"Gradinita nr. 256, Str. CORABEASCA nr. 16",BUCURESTI SECTORUL 2,179150,C,1,1474,1437,37,1175,1135,37,3,1165,10,2000,825,360,805
42,MUNICIPIUL BUCURESTI,275,0,"Scoala nr. 49, Str. VATRA LUMINOASA nr. 99",BUCURESTI SECTORUL 2,179150,C,1,1363,1347,16,901,866,16,19,893,8,1500,599,306,587
42,MUNICIPIUL BUCURESTI,276,0,"Scoala nr. 49, Str. VATRA LUMINOASA nr. 99",BUCURESTI SECTORUL 2,179150,C,1,1310,1286,24,868,844,24,0,864,4,1408,540,259,605
42,MUNICIPIUL BUCURESTI,277,0,"Grup Scolar Ind. SF. PANTELIMON, Str. HAMBARULUI nr. 4",BUCURESTI SECTORUL 2,179150,C,1,2027,1955,72,1209,1137,72,0,1203,6,2200,991,407,796
42,MUNICIPIUL BUCURESTI,278,0,"Grup Scolar Ind. SF. PANTELIMON, Str. HAMBARULUI nr. 4",BUCURESTI SECTORUL 2,179150,C,1,1601,1572,29,974,944,29,1,971,3,1708,734,294,677
42,MUNICIPIUL BUCURESTI,279,0,"Scoala nr.46, Str. STANESCU GHEORGHE nr. 2",BUCURESTI SECTORUL 2,179150,C,1,1485,1466,19,801,775,19,7,798,3,1600,799,317,481
42,MUNICIPIUL BUCURESTI,280,0,"Scoala nr.46, Str. STANESCU GHEORGHE nr. 2",BUCURESTI SECTORUL 2,179150,C,1,1788,1768,20,971,951,20,0,962,9,1900,929,400,562
42,MUNICIPIUL BUCURESTI,281,0,"Scoala nr.46, Str. STANESCU GHEORGHE nr. 2",BUCURESTI SECTORUL 2,179150,C,1,1879,1858,21,1049,1028,21,0,1044,5,2000,951,406,638
42,MUNICIPIUL BUCURESTI,282,0,"Scoala nr.46, Str. STANESCU GHEORGHE nr. 2",BUCURESTI SECTORUL 2,179150,C,1,2026,2003,23,1233,1206,23,4,1223,10,2300,1067,430,793
42,MUNICIPIUL BUCURESTI,283,0,"Grup Scolar Ind. SF. PANTELIMON, Str. HAMBARULUI nr. 4",BUCURESTI SECTORUL 2,179150,C,1,1554,1532,22,855,833,22,0,848,7,1700,845,306,542
42,MUNICIPIUL BUCURESTI,284,0,"Grup Scolar Ind. SF. PANTELIMON, Str. HAMBARULUI nr. 4",BUCURESTI SECTORUL 2,179150,C,1,1980,1948,32,1169,1137,32,0,1163,6,2100,931,377,786
42,MUNICIPIUL BUCURESTI,285,0,"Scoala nr. 51, Str. HERTA nr. 1",BUCURESTI SECTORUL 2,179150,C,1,1724,1704,20,970,948,20,2,969,1,1899,929,344,625
42,MUNICIPIUL BUCURESTI,286,0,"Scoala nr. 51, Str. HERTA nr. 1",BUCURESTI SECTORUL 2,179150,C,1,1710,1685,25,654,629,25,0,645,9,1900,1246,257,388
42,MUNICIPIUL BUCURESTI,287,0,"Scoala nr. 51, Str. HERTA nr. 1",BUCURESTI SECTORUL 2,179150,C,1,1593,1567,26,890,861,26,3,885,5,1700,810,355,530
42,MUNICIPIUL BUCURESTI,288,0,"Scoala nr. 62, Str. POTIRNICHII nr. 3",BUCURESTI SECTORUL 2,179150,C,1,1889,1866,23,916,893,23,0,908,8,2100,1184,392,516
42,MUNICIPIUL BUCURESTI,289,0,"Scoala nr. 62, Str. POTIRNICHII nr. 3",BUCURESTI SECTORUL 2,179150,C,1,1775,1756,19,708,689,19,0,702,6,1900,1192,349,353
42,MUNICIPIUL BUCURESTI,290,0,"Scoala nr. 62, Str. POTIRNICHII nr. 3",BUCURESTI SECTORUL 2,179150,C,1,1968,1945,23,1065,1042,23,0,1062,3,2100,1035,402,660
42,MUNICIPIUL BUCURESTI,291,0,"Scoala nr. 62, Str. POTIRNICHII nr. 3",BUCURESTI SECTORUL 2,179150,C,1,1665,1646,19,841,822,19,0,834,7,1800,959,324,510
42,MUNICIPIUL BUCURESTI,292,0,"Scoala nr. 62, Str. POTIRNICHII nr. 3",BUCURESTI SECTORUL 2,179150,C,1,1759,1729,30,825,795,30,0,818,7,1900,1075,293,525
42,MUNICIPIUL BUCURESTI,293,0,"Scoala nr. 62, Str. POTIRNICHII nr. 3",BUCURESTI SECTORUL 2,179150,C,1,1584,1570,14,916,900,14,2,909,7,1700,784,391,518
42,MUNICIPIUL BUCURESTI,294,0,"Gradinita nr. 280, Str. DELFINULUI nr. 4",BUCURESTI SECTORUL 2,179150,C,1,1559,1532,27,890,861,27,2,884,6,1700,810,265,619
42,MUNICIPIUL BUCURESTI,295,0,"Gradinita nr. 280, Str. DELFINULUI nr. 4",BUCURESTI SECTORUL 2,179150,C,1,1660,1651,9,822,813,9,0,813,9,1900,1078,335,478
42,MUNICIPIUL BUCURESTI,296,0,"Scoala nr. 77, Sos. PANTELIMON nr. 289",BUCURESTI SECTORUL 2,179150,C,1,1578,1556,22,750,728,22,0,741,9,1700,950,315,426
42,MUNICIPIUL BUCURESTI,297,0,"Scoala nr. 77, Sos. PANTELIMON nr. 289",BUCURESTI SECTORUL 2,179150,C,1,1657,1644,13,921,907,13,1,918,3,1800,879,293,625
42,MUNICIPIUL BUCURESTI,298,0,"Scoala nr. 77, Sos. PANTELIMON nr. 289",BUCURESTI SECTORUL 2,179150,C,1,1827,1804,23,1005,982,23,0,993,12,2094,1089,369,624
42,MUNICIPIUL BUCURESTI,299,0,"Scoala nr. 77, Sos. PANTELIMON nr. 289",BUCURESTI SECTORUL 2,179150,C,1,1718,1700,18,1010,992,18,0,1006,4,1900,890,382,624
42,MUNICIPIUL BUCURESTI,300,0,"Scoala nr. 77, Sos. PANTELIMON nr. 289",BUCURESTI SECTORUL 2,179150,C,1,1833,1817,16,894,878,16,0,885,9,2000,1106,394,491
42,MUNICIPIUL BUCURESTI,301,0,"Scoala nr. 77, Sos. PANTELIMON nr. 289",BUCURESTI SECTORUL 2,179150,C,1,1760,1747,13,973,958,13,2,963,10,1900,927,400,563
42,MUNICIPIUL BUCURESTI,302,0,"Liceul Teoretic LUCIAN BLAGA, Sos. PANTELIMON nr. 355",BUCURESTI SECTORUL 2,179150,C,1,1856,1838,18,917,899,18,0,908,9,2000,1083,300,608
42,MUNICIPIUL BUCURESTI,303,0,"Liceul Teoretic LUCIAN BLAGA, Sos. PANTELIMON nr. 355",BUCURESTI SECTORUL 2,179150,C,1,2464,2432,32,893,861,32,0,883,10,2700,1807,403,480
42,MUNICIPIUL BUCURESTI,304,0,"Liceul Teoretic LUCIAN BLAGA, Sos. PANTELIMON nr. 355",BUCURESTI SECTORUL 2,179150,C,1,1947,1913,34,967,933,34,0,957,10,2100,1133,363,594
42,MUNICIPIUL BUCURESTI,305,0,"Liceul Teoretic LUCIAN BLAGA, Sos. PANTELIMON nr. 355",BUCURESTI SECTORUL 2,179150,C,1,1863,1841,22,840,818,22,0,829,11,1998,1158,317,512
42,MUNICIPIUL BUCURESTI,306,0,"Liceul Teoretic LUCIAN BLAGA, Sos. PANTELIMON nr. 355",BUCURESTI SECTORUL 2,179150,C,1,1374,1359,15,767,752,15,0,759,8,1500,733,323,436
42,MUNICIPIUL BUCURESTI,307,0,"Scoala nr. 66, Str. LOGOFATUL DAN nr. 1",BUCURESTI SECTORUL 2,179150,C,1,2252,2219,33,1113,1078,33,2,1102,11,2500,1387,451,651
42,MUNICIPIUL BUCURESTI,308,0,"Scoala nr. 66, Str. LOGOFATUL DAN nr. 1",BUCURESTI SECTORUL 2,179150,C,1,1431,1400,31,1043,1011,31,1,1033,10,2000,957,430,603
42,MUNICIPIUL BUCURESTI,309,0,"Scoala nr. 66, Str. LOGOFATUL DAN nr. 1",BUCURESTI SECTORUL 2,179150,C,1,2152,2127,25,1024,994,25,5,1018,6,2196,1172,433,585
42,MUNICIPIUL BUCURESTI,310,0,"Scoala nr. 66, Str. LOGOFATUL DAN nr. 1",BUCURESTI SECTORUL 2,179150,C,1,1580,1558,22,1138,1115,22,1,1133,5,2200,1062,421,712
42,MUNICIPIUL BUCURESTI,311,0,"Gradinita nr. 189, Sos. VERGULUI nr. 12",BUCURESTI SECTORUL 2,179150,C,1,928,918,10,423,413,10,0,422,1,1000,577,198,224
42,MUNICIPIUL BUCURESTI,312,0,"Gradinita nr. 189, Sos. VERGULUI nr. 12",BUCURESTI SECTORUL 2,179150,C,1,1481,1471,10,822,812,6,4,818,4,1500,678,345,473
42,MUNICIPIUL BUCURESTI,313,0,"Grup Scolar DIMITRIE LEONIDA, B-dul BASARABIA nr. 47",BUCURESTI SECTORUL 2,179150,C,1,1310,1282,28,755,726,28,1,750,5,1400,645,274,476
42,MUNICIPIUL BUCURESTI,314,0,"Grup Scolar DIMITRIE LEONIDA, B-dul BASARABIA nr. 47",BUCURESTI SECTORUL 2,179150,C,1,1543,1526,17,935,797,17,121,927,8,1700,765,391,536
42,MUNICIPIUL BUCURESTI,315,0,"Scoala nr. 58, Str. PESCARUSULUI nr. 124",BUCURESTI SECTORUL 2,179150,C,1,1946,1946,0,1010,981,0,29,998,12,2100,1090,377,621
42,MUNICIPIUL BUCURESTI,316,0,"Scoala nr. 58, Str. PESCARUSULUI nr. 124",BUCURESTI SECTORUL 2,179150,C,1,1944,1921,23,1028,1002,23,3,1021,7,2098,1070,427,594
42,MUNICIPIUL BUCURESTI,317,0,"Scoala nr. 58, Str. PESCARUSULUI nr. 124",BUCURESTI SECTORUL 2,179150,C,1,2160,2139,21,1133,1105,21,7,1125,8,2300,1167,400,725
42,MUNICIPIUL BUCURESTI,318,0,"Scoala nr. 58, Str. PESCARUSULUI nr. 124",BUCURESTI SECTORUL 2,179150,C,1,2134,2111,23,1148,1125,23,0,1138,10,2296,1148,460,678
42,MUNICIPIUL BUCURESTI,319,0,"Scoala nr. 58, Str. PESCARUSULUI nr. 124",BUCURESTI SECTORUL 2,179150,C,1,2039,2020,19,987,968,19,0,982,5,2200,1213,352,630
42,MUNICIPIUL BUCURESTI,320,0,"Scoala nr. 4, Str. HERTA nr. 14",BUCURESTI SECTORUL 2,179150,C,1,1754,1734,20,952,929,20,3,943,9,1900,948,335,608
42,MUNICIPIUL BUCURESTI,321,0,"Scoala nr. 4, Str. HERTA nr. 14",BUCURESTI SECTORUL 2,179150,C,1,1939,1924,15,1025,1009,15,1,1014,11,2100,1075,384,630
42,MUNICIPIUL BUCURESTI,322,0,"Scoala nr. 4, Str. HERTA nr. 14",BUCURESTI SECTORUL 2,179150,C,1,1967,1942,25,1036,1011,25,0,1030,6,2000,964,362,668
42,MUNICIPIUL BUCURESTI,323,0,"Scoala nr. 4, Str. HERTA nr. 14",BUCURESTI SECTORUL 2,179150,C,1,2031,2007,24,1091,1063,24,4,1085,6,2100,1009,414,671
42,MUNICIPIUL BUCURESTI,324,0,"Scoala nr. 4, Str. HERTA nr. 14",BUCURESTI SECTORUL 2,179150,C,1,1653,1629,24,867,843,24,0,863,4,1700,833,309,554
42,MUNICIPIUL BUCURESTI,1312,1,"Spitalul clinic ""Colentina"", Spitalul ""N.Gh.Lupu"" - Sos.Stefan cel Mare nr.21",BUCURESTI SECTORUL 2,179150,C,1,0,0,0,385,0,0,385,378,7,1100,715,190,188
42,MUNICIPIUL BUCURESTI,1313,1,"Spitalul clinic ""Cantacuzino"" - Str. Ion Movila nr.5-7",BUCURESTI SECTORUL 2,179150,C,1,9,0,9,205,0,9,196,202,3,500,295,109,93
42,MUNICIPIUL BUCURESTI,1314,1,"Spitalul clinic de urgenta ""Sf. Pantelimon"" - Sos.Pantelimon nr.340",BUCURESTI SECTORUL 2,179150,C,1,11,0,11,231,0,11,220,230,1,600,369,93,137
42,MUNICIPIUL BUCURESTI,1315,1,"Spitalul clinic de urgenta ""Sf. Pantelimon"" - Sos.Pantelimon nr.27",BUCURESTI SECTORUL 2,179150,C,1,13,0,13,29,0,13,16,29,0,100,71,12,17
42,MUNICIPIUL BUCURESTI,1316,1,"Spitalul clinic ""Fundeni"" - Sos. Fundeni nr.258",BUCURESTI SECTORUL 2,179150,C,1,9,0,9,482,0,9,473,477,5,1300,818,210,267
42,MUNICIPIUL BUCURESTI,1317,1,Caminul studentesc nr.3 - Str. Inginerilor nr.2,BUCURESTI SECTORUL 2,179150,C,1,20,0,20,1365,0,20,1345,1363,2,2596,1231,203,1160
42,MUNICIPIUL BUCURESTI,1318,1,"Caminul Studentesc ""Fundeni"" - Sos. Fundeni",BUCURESTI SECTORUL 2,179150,C,1,13,0,13,115,0,13,102,114,1,300,185,23,91
42,MUNICIPIUL BUCURESTI,1319,1,"Spitalul clinic de ortopedie ""Foisor"" - Bd. Ferdinand nr.35-37",BUCURESTI SECTORUL 2,179150,C,1,12,0,12,66,0,12,54,66,0,100,34,21,45
42,MUNICIPIUL BUCURESTI,1320,1,"Spitalul ""Sf. Stefan"" - Sos. Stefan cel Mare nr.11",BUCURESTI SECTORUL 2,179150,C,1,11,0,11,79,0,11,68,77,2,100,21,29,48
42,MUNICIPIUL BUCURESTI,1321,1,"Spitalul clinic ""Nicolae Malaxa"" - Sos. Vergului nr.12",BUCURESTI SECTORUL 2,179150,C,1,17,0,17,123,0,17,106,121,2,200,77,59,62
42,MUNICIPIUL BUCURESTI,1322,1,"Institutul de diabet ""Prof. dr. N.C. Paulescu"" - Str. Ion Movila nr.5-7",BUCURESTI SECTORUL 2,179150,C,1,11,0,11,102,0,11,91,102,0,200,98,46,56
42,MUNICIPIUL BUCURESTI,1323,1,"Centrul de boli reumatismale ""Dr. I. Stoia"" - Str. Thomas Masaryk nr.5",BUCURESTI SECTORUL 2,179150,C,1,12,0,12,87,0,12,75,87,0,100,13,55,32
42,MUNICIPIUL BUCURESTI,1324,1,Camin spital batrani nr.2 - Str Episcop Radu nr.26,BUCURESTI SECTORUL 2,179150,C,1,12,0,12,56,0,12,44,55,1,100,44,29,26
42,MUNICIPIUL BUCURESTI,1325,1,Camin spital batrani nr.5 - Str. Schitul Darvari nr.1,BUCURESTI SECTORUL 2,179150,C,1,11,0,11,72,0,11,61,69,3,100,28,50,19
42,MUNICIPIUL BUCURESTI,1379,1,"Spitalul militar ""GEROTA"" Bucuresti - Bd. Ferdinand nr.50",BUCURESTI SECTORUL 2,179150,C,1,11,0,11,195,0,11,184,193,2,400,205,103,90
42,MUNICIPIUL BUCURESTI,325,0,"LICEUL NICOLAE KRETZULESCU, BD. HRISTO BOTEV, NR. 17",BUCURESTI SECTORUL 3,179169,C,1,1350,1329,21,688,664,21,3,678,10,1400,712,285,393
42,MUNICIPIUL BUCURESTI,326,0,"LICEUL NICOLAE KRETZULESCU, BD. HRISTO BOTEV, NR. 17",BUCURESTI SECTORUL 3,179169,C,1,1580,1511,69,626,557,69,0,620,6,1600,974,264,356
42,MUNICIPIUL BUCURESTI,327,0,"LICEIL NICOLAE KRETZULESCU, BD. HRISTO BOTEV, NR. 17",BUCURESTI SECTORUL 3,179169,C,1,1424,1400,24,683,656,24,3,678,5,1500,817,262,416
42,MUNICIPIUL BUCURESTI,328,0,"Liceul NICOLAE KRETZULESCU, Str. HRISTO BOTEV NR.17",BUCURESTI SECTORUL 3,179169,C,1,1673,1637,36,762,725,36,1,756,6,1700,938,280,476
42,MUNICIPIUL BUCURESTI,329,0,"Liceul NICOLAE KRETZULESCU, Str. HRISTO BOTEV NR.17",BUCURESTI SECTORUL 3,179169,C,1,1542,1515,27,695,668,27,0,681,11,1600,905,234,447
42,MUNICIPIUL BUCURESTI,330,0,"Liceul Industrial UNIREA, Str. ZBORULUI  nr. 7 - 9",BUCURESTI SECTORUL 3,179169,C,1,1803,1776,27,916,889,27,0,907,9,1900,984,329,578
42,MUNICIPIUL BUCURESTI,331,0,"SCOALA GENERALA NR.73, Str. MATEI BASARAB  nr. 28",BUCURESTI SECTORUL 3,179169,C,1,1642,1599,43,969,924,43,2,967,2,1700,731,373,594
42,MUNICIPIUL BUCURESTI,332,0,"COLGIUL MATEI BASARAB, Str. MATEI BASARAB  nr. 32",BUCURESTI SECTORUL 3,179169,C,1,1646,1625,21,813,792,21,0,808,5,1700,887,329,479
42,MUNICIPIUL BUCURESTI,333,0,"Scoala Generala nr. 72, Str. ANTON PANN  nr. 44          (LIC. UNIREA)",BUCURESTI SECTORUL 3,179169,C,1,1901,1875,26,967,941,26,0,958,9,2000,1033,407,551
42,MUNICIPIUL BUCURESTI,334,0,"Scoala Generala nr. 72, Str. ANTON PANN  nr. 44            (LIC. UNIREA)",BUCURESTI SECTORUL 3,179169,C,1,2009,1973,36,949,904,36,9,942,7,2100,1151,370,572
42,MUNICIPIUL BUCURESTI,335,0,"Scoala de Muzica nr. 5, Str. LUCACI  nr. 16",BUCURESTI SECTORUL 3,179169,C,1,1662,1628,34,871,836,34,1,867,4,1701,830,311,556
42,MUNICIPIUL BUCURESTI,336,0,"Scoala Ajutatoare nr. 5, Str. TURTURELELOR  nr. 13",BUCURESTI SECTORUL 3,179169,C,1,1909,1852,57,1098,1041,57,0,1091,7,2000,902,393,698
42,MUNICIPIUL BUCURESTI,337,0,"Scoala Ajutatoare nr. 5, Str. TURTURELELOR  nr. 13",BUCURESTI SECTORUL 3,179169,C,1,1870,1843,27,981,953,27,1,973,8,2000,1019,328,645
42,MUNICIPIUL BUCURESTI,338,0,"Scoala Ajutatoare nr. 5, Str. TURTURELELOR  nr. 13",BUCURESTI SECTORUL 3,179169,C,1,1353,1324,29,698,669,29,0,695,3,1400,702,264,431
42,MUNICIPIUL BUCURESTI,339,0,"Scoala Ajutatoare nr. 5, Str. TURTURELELOR  nr. 13",BUCURESTI SECTORUL 3,179169,C,1,1449,1428,21,730,709,21,0,726,3,1500,770,264,462
42,MUNICIPIUL BUCURESTI,340,0,"Scoala Ajutatoare nr. 5, Str. TURTURELELOR  nr. 13",BUCURESTI SECTORUL 3,179169,C,1,1882,1815,67,906,837,67,2,900,6,1900,994,264,636
42,MUNICIPIUL BUCURESTI,341,0,"Scoala Ajutatoare nr. 5, Str. TURTURELELOR  nr. 13",BUCURESTI SECTORUL 3,179169,C,1,1775,1739,36,1016,980,36,0,1012,4,1800,784,322,690
42,MUNICIPIUL BUCURESTI,342,0,"Scoala Generala nr. 70, Str. TIGLINA nr. 37",BUCURESTI SECTORUL 3,179169,C,1,1939,1902,37,1100,1063,37,0,1094,6,2000,900,360,734
42,MUNICIPIUL BUCURESTI,343,0,"Scoala Generala nr. 70, Str. TIGLINA nr. 37",BUCURESTI SECTORUL 3,179169,C,1,1716,1683,33,1031,997,33,1,1030,1,1700,669,318,712
42,MUNICIPIUL BUCURESTI,344,0,"Scoala Generala nr. 70, Str. TIGLINA nr. 37",BUCURESTI SECTORUL 3,179169,C,1,1866,1850,16,1106,999,16,91,1103,3,1900,794,303,800
42,MUNICIPIUL BUCURESTI,345,0,"Scoala Generala nr. 70, Str. TIGLINA nr. 37",BUCURESTI SECTORUL 3,179169,C,1,1490,1444,46,2582,872,46,1664,2572,10,2900,318,524,2048
42,MUNICIPIUL BUCURESTI,346,0,"Scoala Generala nr. 70, Str. TIGLINA nr. 37",BUCURESTI SECTORUL 3,179169,C,1,1493,1463,30,927,773,30,124,921,6,1500,573,262,659
42,MUNICIPIUL BUCURESTI,347,0,"Scoala Generala nr. 70, Str. TIGLINA nr. 37",BUCURESTI SECTORUL 3,179169,C,1,1635,1614,21,870,849,21,0,862,8,1700,830,242,620
42,MUNICIPIUL BUCURESTI,348,0,"Scoala Generala nr. 80, Cal. DUDESTI nr. 191",BUCURESTI SECTORUL 3,179169,C,1,1973,1923,50,1069,1016,50,3,1058,11,2000,931,363,695
42,MUNICIPIUL BUCURESTI,349,0,"Scoala Generala nr. 80, Cal. DUDESTI nr. 191",BUCURESTI SECTORUL 3,179169,C,1,1149,1097,52,618,566,52,0,615,3,1300,682,207,408
42,MUNICIPIUL BUCURESTI,350,0,"Scoala Generala nr. 80, Cal. DUDESTI nr. 191",BUCURESTI SECTORUL 3,179169,C,1,1832,1811,21,1003,980,21,2,995,8,1900,897,338,657
42,MUNICIPIUL BUCURESTI,351,0,"Scoala Generala nr. 80, Cal. DUDESTI nr. 191",BUCURESTI SECTORUL 3,179169,C,1,1027,1006,21,524,502,21,1,521,3,1200,676,192,329
42,MUNICIPIUL BUCURESTI,352,0,"Scoala Generala nr. 80, Cal. DUDESTI nr. 191",BUCURESTI SECTORUL 3,179169,C,1,1625,1597,28,962,933,28,1,953,9,1708,746,312,641
42,MUNICIPIUL BUCURESTI,353,0,"Scoala Generala nr. 80, Cal. Dudesti nr. 191",BUCURESTI SECTORUL 3,179169,C,1,1454,1429,25,887,862,25,0,884,3,1500,613,286,598
42,MUNICIPIUL BUCURESTI,354,0,"Scoala Generala nr.80, Cal Dudesti nr.191",BUCURESTI SECTORUL 3,179169,C,1,1306,1287,19,689,670,19,0,686,3,1400,711,223,463
42,MUNICIPIUL BUCURESTI,355,0,"Scoala Generala nr.80, Cal. Dudesti nr.191",BUCURESTI SECTORUL 3,179169,C,1,1770,1746,24,1028,1004,24,0,1020,8,1900,872,309,711
42,MUNICIPIUL BUCURESTI,356,0,"Grup Scolar Timpuri Noi, Cal. Dudesti nr.127",BUCURESTI SECTORUL 3,179169,C,1,2103,2063,40,1051,1011,40,0,1039,12,2200,1149,374,665
42,MUNICIPIUL BUCURESTI,357,0,"Grup Scolar Timpuri Noi, Cal. Dudesti nr.127",BUCURESTI SECTORUL 3,179169,C,1,2007,1964,43,1163,1102,43,18,1159,4,2200,1037,376,783
42,MUNICIPIUL BUCURESTI,358,0,"Scoala Generala nr. 81, Str. NERVA TRAIAN nr. 33",BUCURESTI SECTORUL 3,179169,C,1,2014,1981,33,1067,1034,33,0,1061,6,2100,1033,347,714
42,MUNICIPIUL BUCURESTI,359,0,"Scoala Generala nr. 81, Str. NERVA TRAIAN nr. 33",BUCURESTI SECTORUL 3,179169,C,1,2085,2041,44,1289,1245,44,0,1283,6,2199,910,409,874
42,MUNICIPIUL BUCURESTI,360,0,"Scoala Generala nr. 81, Str. NERVA TRAIAN nr. 33",BUCURESTI SECTORUL 3,179169,C,1,1995,1952,43,1165,1122,43,0,1156,9,2100,935,348,808
42,MUNICIPIUL BUCURESTI,361,0,"Scoala Generala nr. 81, Str. Nerva Traian nr.33",BUCURESTI SECTORUL 3,179169,C,1,1846,1815,31,1022,990,31,1,1013,9,1900,878,348,665
42,MUNICIPIUL BUCURESTI,362,0,"Scoala Generala nr.81 , Str. Nerva Traian nr. 33",BUCURESTI SECTORUL 3,179169,C,1,1891,1856,35,982,946,35,1,977,5,2000,1018,327,650
42,MUNICIPIUL BUCURESTI,363,0,"Scoala Generala nr. 81, Str. Nerva Traian nr. 33",BUCURESTI SECTORUL 3,179169,C,1,2117,2033,84,1164,1080,84,0,1158,6,2200,1036,359,799
42,MUNICIPIUL BUCURESTI,364,0,"Scoala Generala nr. 95, Str. FOISORULUI nr. 111 - 113",BUCURESTI SECTORUL 3,179169,C,1,1669,1640,29,839,810,29,0,831,8,1700,861,248,583
42,MUNICIPIUL BUCURESTI,365,0,"Scoala Generala nr. 95, Str. FOISORULUI nr. 111 - 113",BUCURESTI SECTORUL 3,179169,C,1,1969,1930,39,777,737,39,1,766,11,1999,1222,283,483
42,MUNICIPIUL BUCURESTI,366,0,"Scoala Generala nr. 95, Str. FOISORULUI nr. 111 - 113",BUCURESTI SECTORUL 3,179169,C,1,1941,1915,26,928,898,26,4,922,6,2000,1072,323,599
42,MUNICIPIUL BUCURESTI,367,0,"Scoala Generala nr. 95, Str. FOISORULUI nr. 111 - 113",BUCURESTI SECTORUL 3,179169,C,1,1466,1435,31,614,579,31,4,611,3,1500,886,222,389
42,MUNICIPIUL BUCURESTI,368,0,"Scoala Generala nr. 95, Str. FOISORULUI nr. 111 - 113",BUCURESTI SECTORUL 3,179169,C,1,1796,1768,28,896,865,28,3,894,2,1900,1004,250,644
42,MUNICIPIUL BUCURESTI,369,0,"Scoala Generala nr.95, Cal.Foisorului nr. 111 - 113",BUCURESTI SECTORUL 3,179169,C,1,1685,1662,23,872,799,23,50,867,5,2000,1128,355,512
42,MUNICIPIUL BUCURESTI,370,0,"Scoala Generala nr.95, Cal. Foisorului nr. 111 - 113",BUCURESTI SECTORUL 3,179169,C,1,1578,1558,20,810,790,20,0,807,3,1700,890,284,523
42,MUNICIPIUL BUCURESTI,371,0,"Scoala Generala nr.95, Cal. Foisorului  nr. 111 - 113",BUCURESTI SECTORUL 3,179169,C,1,1349,1322,27,698,671,27,0,696,2,1400,702,223,473
42,MUNICIPIUL BUCURESTI,372,0,"Scoala Generala nr.84, Cal. VITAN nr. 135",BUCURESTI SECTORUL 3,179169,C,1,2096,2054,42,950,908,42,0,943,7,2196,1246,327,616
42,MUNICIPIUL BUCURESTI,373,0,"Scoala Generala nr.84, Cal. VITAN nr. 135",BUCURESTI SECTORUL 3,179169,C,1,1734,1701,33,818,785,33,0,811,7,1800,982,298,513
42,MUNICIPIUL BUCURESTI,374,0,"Scoala Generala nr. 84, Cal Vitan nr. 135",BUCURESTI SECTORUL 3,179169,C,1,1373,1347,26,698,672,26,0,693,5,1400,702,230,463
42,MUNICIPIUL BUCURESTI,375,0,"Scoala Generala nr. 84, Cal. Vitan nr. 135",BUCURESTI SECTORUL 3,179169,C,1,1673,1653,20,824,803,20,1,820,4,1800,976,310,510
42,MUNICIPIUL BUCURESTI,376,0,"Scoala Generala nr. 84, Cal Vitan nr. 135",BUCURESTI SECTORUL 3,179169,C,1,1524,1500,24,788,764,24,0,786,2,1600,812,295,491
42,MUNICIPIUL BUCURESTI,377,0,"GRUP SCOLAR C-TII MONTAJ MIHAI BRAVU, Sos. MIHAI BRAVU nr. 428",BUCURESTI SECTORUL 3,179169,C,1,1631,1605,26,816,790,26,0,810,6,1700,884,337,473
42,MUNICIPIUL BUCURESTI,378,0,"GRUP SCOLAR C-TII MONTAJ MIHAI BRAVU, Sos. MIHAI BRAVU nr. 428",BUCURESTI SECTORUL 3,179169,C,1,1188,1172,16,557,540,16,1,553,4,1200,643,230,323
42,MUNICIPIUL BUCURESTI,379,0,"GRUP SCOLAR C-TII MONTAJ MIHAI BRAVU, Sos. MIHAI BRAVU nr. 428",BUCURESTI SECTORUL 3,179169,C,1,1835,1803,32,961,929,32,0,954,7,1900,939,321,633
42,MUNICIPIUL BUCURESTI,380,0,"GRUP SCOLAR C-TII MONTAJ MIHAI BRAVU, Sos. MIHAI BRAVU nr. 428",BUCURESTI SECTORUL 3,179169,C,1,1087,1070,17,570,548,17,5,567,3,1100,530,215,352
42,MUNICIPIUL BUCURESTI,381,0,"GRUP SCOLAR C-TII MONTAJ MIHAI BRAVU, Sos. MIHAI BRAVU nr. 428",BUCURESTI SECTORUL 3,179169,C,1,1321,1299,22,792,770,22,0,786,6,1400,608,255,531
42,MUNICIPIUL BUCURESTI,382,0,"GRUP SCOLAR C-TII MONTAJ MIHAI BRAVU, Sos. MIHAI BRAVU nr. 428",BUCURESTI SECTORUL 3,179169,C,1,1394,1371,23,760,737,23,0,753,7,1400,640,278,475
42,MUNICIPIUL BUCURESTI,383,0,"GRUP SCOLAR C-TII MONTAJ MIHAI BRAVU, Sos. MIHAI BRAVU nr. 428",BUCURESTI SECTORUL 3,179169,C,1,1576,1558,18,846,827,18,1,844,2,1600,754,309,535
42,MUNICIPIUL BUCURESTI,384,0,"GRUP SCOLAR C-TII MONTAJ MIHAI BRAVU, Sos. MIHAI BRAVU nr. 428",BUCURESTI SECTORUL 3,179169,C,1,1166,1151,15,644,629,15,0,636,8,1100,456,209,427
42,MUNICIPIUL BUCURESTI,385,0,"GRUP SCOLAR C-TII MONTAJ MIHAI BRAVU, Sos. MIHAI BRAVU nr.428",BUCURESTI SECTORUL 3,179169,C,1,1612,1586,26,798,771,26,1,794,4,1700,902,288,506
42,MUNICIPIUL BUCURESTI,386,0,"GRUP SCOLAR C-TII MONTAJ MIHAI BRAVU, Sos. MIHAI BRAVU nr.428",BUCURESTI SECTORUL 3,179169,C,1,1404,1269,135,779,638,135,6,774,5,1300,521,286,488
42,MUNICIPIUL BUCURESTI,387,0,"Scoala Generala nr. 86, Intr. RECONSTRUCTIEI nr. 6A",BUCURESTI SECTORUL 3,179169,C,1,1682,1653,29,990,961,29,0,981,9,1800,810,395,586
42,MUNICIPIUL BUCURESTI,388,0,"Scoala Generala nr. 86, Intr. RECONSTRUCTIEI nr. 6A",BUCURESTI SECTORUL 3,179169,C,1,1488,1466,22,829,807,22,0,825,4,1600,771,297,528
42,MUNICIPIUL BUCURESTI,389,0,"Scoala Generala nr. 86, Intr. RECONSTRUCTIEI nr. 6A",BUCURESTI SECTORUL 3,179169,C,1,1541,1514,27,985,953,27,5,981,4,1600,615,386,595
42,MUNICIPIUL BUCURESTI,390,0,"Scoala Generala nr. 86, Intr. RECONSTRUCTIEI nr. 6A",BUCURESTI SECTORUL 3,179169,C,1,1197,1174,23,719,695,23,1,713,6,1300,581,231,482
42,MUNICIPIUL BUCURESTI,391,0,"Scoala Generala nr. 86, Intr. RECONSTRUCTIEI nr. 6A",BUCURESTI SECTORUL 3,179169,C,1,1550,1532,18,853,834,18,1,849,4,1600,747,286,563
42,MUNICIPIUL BUCURESTI,392,0,"Scoala Generala nr. 86, Intr. RECONSTRUCTIEI nr. 6A",BUCURESTI SECTORUL 3,179169,C,1,1425,1409,16,783,767,16,0,776,7,1500,717,286,490
42,MUNICIPIUL BUCURESTI,393,0,"Scoala Generala nr. 86, Intr. RECONSTRUCTIEI nr. 6A",BUCURESTI SECTORUL 3,179169,C,1,1813,1771,42,1068,1020,42,6,1063,5,1900,832,326,737
42,MUNICIPIUL BUCURESTI,394,0,"GRUP SCOLAR IND. N. TECLU, STR. ION TUCULESCU NR. 42",BUCURESTI SECTORUL 3,179169,C,1,1483,1453,30,843,809,30,4,838,5,1500,657,262,576
42,MUNICIPIUL BUCURESTI,395,0,"GRUP SCOLAR IND. N. TECLU, STR. ION TUCULESCU NR. 42",BUCURESTI SECTORUL 3,179169,C,1,1449,1401,48,858,809,48,1,852,6,1600,742,306,546
42,MUNICIPIUL BUCURESTI,396,0,"GRUP SCOLAR IND. N. TECLU, STR. ION TUCULESCU NR. 42",BUCURESTI SECTORUL 3,179169,C,1,1463,1437,26,784,757,26,1,772,12,1500,716,256,516
42,MUNICIPIUL BUCURESTI,397,0,"GRUP SCOLAR IND. N. TECLU, STR. ION TUCULESCU NR. 42",BUCURESTI SECTORUL 3,179169,C,1,1462,1443,19,859,837,19,3,857,2,1500,641,266,591
42,MUNICIPIUL BUCURESTI,398,0,"GRUP SCOLAR IND. N. TECLU, STR. ION TUCULESCU NR. 42",BUCURESTI SECTORUL 3,179169,C,1,1323,1305,18,769,751,18,0,761,8,1398,629,247,514
42,MUNICIPIUL BUCURESTI,399,0,"Scoala Generala nr. 75, Str. GH.PETRASCU NR. 49",BUCURESTI SECTORUL 3,179169,C,1,1056,1027,29,614,582,29,3,608,6,1200,586,240,368
42,MUNICIPIUL BUCURESTI,400,0,"Scoala Generala nr. 75, Str. GH. PETRASCU nr.49",BUCURESTI SECTORUL 3,179169,C,1,1247,1224,23,755,732,23,0,749,6,1300,545,248,501
42,MUNICIPIUL BUCURESTI,401,0,"Scoala Generala nr. 75, Str. GH. PETRASCU nr.49",BUCURESTI SECTORUL 3,179169,C,1,1154,1133,21,667,646,21,0,662,5,1300,633,216,446
42,MUNICIPIUL BUCURESTI,402,0,"Scoala Generala nr. 75, Str. GH. PETRASCU nr.49",BUCURESTI SECTORUL 3,179169,C,1,1426,1396,30,823,793,30,0,815,8,1500,677,297,518
42,MUNICIPIUL BUCURESTI,403,0,"GRUP SCOLAR BENJAMIN FRANKLIN, STR. PICTOR GH.TATTARESCU NR. 1",BUCURESTI SECTORUL 3,179169,C,1,1376,1359,17,859,840,17,2,856,3,1400,541,298,558
42,MUNICIPIUL BUCURESTI,404,0,"GRUP SCOLAR BENJAMIN FRANKLIN, STR. PICTOR GH.TATTARESCU NR. 1",BUCURESTI SECTORUL 3,179169,C,1,1092,1074,18,585,567,18,0,583,2,1200,615,231,352
42,MUNICIPIUL BUCURESTI,405,0,"GRUP SCOLAR BENJAMIN FRANKLIN, STR. PICTOR GH.TATTARESCU NR. 1",BUCURESTI SECTORUL 3,179169,C,1,1127,1111,16,643,623,16,4,633,10,1200,557,211,422
42,MUNICIPIUL BUCURESTI,406,0,"GRUP SCOLAR BENJAMIN FRANKLIN, STR. PICTOR GH.TATTARESCU NR. 1",BUCURESTI SECTORUL 3,179169,C,1,1279,1261,18,737,718,18,1,728,9,1300,563,258,470
42,MUNICIPIUL BUCURESTI,407,0,"SCOALA GENERALA NR. 199, B-DUL NICOLAE GRIGORESCU NR. 14",BUCURESTI SECTORUL 3,179169,C,1,1273,1261,12,723,708,12,3,720,3,1300,577,249,471
42,MUNICIPIUL BUCURESTI,408,0,"SCOALA GENERALA NR. 199, B-DUL NICOLAE GRIGORESCU NR. 14",BUCURESTI SECTORUL 3,179169,C,1,1508,1489,19,840,821,19,0,836,4,1600,760,293,543
42,MUNICIPIUL BUCURESTI,409,0,"SCOALA GENERALA NR. 199, B-DUL NICOLAE GRIGORESCU NR. 14",BUCURESTI SECTORUL 3,179169,C,1,1733,1723,10,885,875,10,0,881,4,1800,915,364,517
42,MUNICIPIUL BUCURESTI,410,0,"SCOALA GENERALA NR. 199, B-DUL NICOLAE GRIGORESCU NR. 14",BUCURESTI SECTORUL 3,179169,C,1,1369,1347,22,820,798,22,0,810,10,1400,580,262,548
42,MUNICIPIUL BUCURESTI,411,0,"SCOALA GENERALA NR. 199, B-DUL NICOLAE GRIGORESCU NR. 14",BUCURESTI SECTORUL 3,179169,C,1,1173,1154,19,602,582,19,1,601,1,1200,598,204,397
42,MUNICIPIUL BUCURESTI,412,0,"GRUP SCOLAR C-TII A. SALIGNY, B-DUL NICOLAE GRIGORESCU NR. 12",BUCURESTI SECTORUL 3,179169,C,1,1385,1369,16,735,719,16,0,729,6,1500,765,267,462
42,MUNICIPIUL BUCURESTI,413,0,"GRUP SCOLAR C-TII A. SALIGNY, B-DUL NICOLAE GRIGORESCU NR. 12",BUCURESTI SECTORUL 3,179169,C,1,1188,1168,20,672,649,20,3,665,7,1200,528,255,410
42,MUNICIPIUL BUCURESTI,414,0,"SCOALA GENERALA NR. 88, STR. ODOBESTI NR. 3",BUCURESTI SECTORUL 3,179169,C,1,1418,1401,17,807,785,17,5,804,3,1500,693,278,526
42,MUNICIPIUL BUCURESTI,415,0,"SCOALA GENERALA NR. 88, STR. ODOBESTI NR. 3",BUCURESTI SECTORUL 3,179169,C,1,1702,1683,19,1004,973,19,12,1000,4,1700,696,384,616
42,MUNICIPIUL BUCURESTI,416,0,"SCOALA GENERALA NR. 88, STR. ODOBESTI NR. 3",BUCURESTI SECTORUL 3,179169,C,1,1437,1396,41,815,774,41,0,812,3,1400,585,304,508
42,MUNICIPIUL BUCURESTI,417,0,"SCOALA GENERALA NR. 88, STR. ODOBESTI NR. 3",BUCURESTI SECTORUL 3,179169,C,1,1606,1587,19,912,888,19,5,908,4,1600,688,296,612
42,MUNICIPIUL BUCURESTI,418,0,"SCOALA GENERALA NR. 88, STR. ODOBESTI NR. 3",BUCURESTI SECTORUL 3,179169,C,1,1507,1489,18,892,872,18,2,889,3,1500,608,265,624
42,MUNICIPIUL BUCURESTI,419,0,"SCOALA GENERALA NR. 88, STR. ODOBESTI NR. 3",BUCURESTI SECTORUL 3,179169,C,1,1737,1710,27,933,906,27,0,929,4,1799,866,307,622
42,MUNICIPIUL BUCURESTI,420,0,"Scoala Generala nr. 87, STR. RAMNICU VALCEA NR. 32",BUCURESTI SECTORUL 3,179169,C,1,2024,2001,23,921,893,23,5,918,3,2100,1179,296,622
42,MUNICIPIUL BUCURESTI,421,0,"Scoala Generala nr. 87, STR. RAMNICU VALCEA NR. 32",BUCURESTI SECTORUL 3,179169,C,1,1852,1808,44,753,708,44,1,747,6,1900,1147,289,458
42,MUNICIPIUL BUCURESTI,422,0,"Scoala Generala nr. 87, STR. RAMNICU VALCEA NR. 32",BUCURESTI SECTORUL 3,179169,C,1,1730,1692,38,751,713,38,0,742,9,1800,1049,284,458
42,MUNICIPIUL BUCURESTI,423,0,"Scoala Generala nr. 87, STR. RAMNICU VALCEA NR. 32",BUCURESTI SECTORUL 3,179169,C,1,1874,1851,23,767,731,23,13,761,6,2000,1233,259,502
42,MUNICIPIUL BUCURESTI,424,0,"Scoala Generala nr. 87, STR. RAMNICU VALCEA NR. 32",BUCURESTI SECTORUL 3,179169,C,1,1541,1525,16,712,696,16,0,704,8,1600,888,257,447
42,MUNICIPIUL BUCURESTI,425,0,"Scoala Generala nr. 87, STR. RAMNICU VALCEA NR. 32",BUCURESTI SECTORUL 3,179169,C,1,1549,1521,28,762,732,28,2,761,1,1600,838,289,472
42,MUNICIPIUL BUCURESTI,426,0,"Scoala Generala nr. 87, STR. RAMNICU VALCEA NR. 32",BUCURESTI SECTORUL 3,179169,C,1,1339,1325,14,696,682,14,0,693,3,1408,712,232,461
42,MUNICIPIUL BUCURESTI,427,0,"Scoala Generala nr. 87, STR. RAMNICU VALCEA NR. 32",BUCURESTI SECTORUL 3,179169,C,1,1651,1635,16,833,814,16,3,828,5,1700,867,309,519
42,MUNICIPIUL BUCURESTI,428,0,"Scoala Generala nr. 87, STR. RAMNICU VALCEA NR. 32",BUCURESTI SECTORUL 3,179169,C,1,1445,1427,18,758,737,18,3,756,2,1500,742,270,486
42,MUNICIPIUL BUCURESTI,429,0,"Scoala Generala nr. 87, STR. RAMNICU VALCEA NR. 32",BUCURESTI SECTORUL 3,179169,C,1,1390,1372,18,558,540,18,0,554,4,1500,942,208,346
42,MUNICIPIUL BUCURESTI,430,0,"Grup Scolar Constructii ELIE RADU, B-dul ENERGETICIENILOR nr. 5",BUCURESTI SECTORUL 3,179169,C,1,1363,1344,19,611,592,19,0,606,5,1400,789,220,386
42,MUNICIPIUL BUCURESTI,431,0,"Grup Scolar Constructii ELIE RADU, B-dul ENERGETICIENILOR NR.5",BUCURESTI SECTORUL 3,179169,C,1,1574,1540,34,719,684,34,1,711,8,1600,881,238,473
42,MUNICIPIUL BUCURESTI,432,0,"Grup Scolar Constructii ELIE RADU, B-dul ENERGETICIENILOR nr.5",BUCURESTI SECTORUL 3,179169,C,1,1144,1129,15,506,491,15,0,504,2,1200,694,165,339
42,MUNICIPIUL BUCURESTI,433,0,"Grup Scolar Constructii ELIE RADU, B-dul ENERGETICIENILOR nr.5",BUCURESTI SECTORUL 3,179169,C,1,1671,1646,25,741,716,25,0,732,9,1700,959,272,460
42,MUNICIPIUL BUCURESTI,434,0,"Grup Scolar Constructii ELIE RADU, B-dul ENERGETICIENILOR nr.5",BUCURESTI SECTORUL 3,179169,C,1,1990,1921,69,838,769,69,0,836,2,2000,1162,344,492
42,MUNICIPIUL BUCURESTI,435,0,"LICEUL TEORETIC DECEBAL, B-dul ENERGETICIENILOR nr.9-11",BUCURESTI SECTORUL 3,179169,C,1,1270,1249,21,599,577,21,1,592,7,1300,701,267,325
42,MUNICIPIUL BUCURESTI,436,0,"LICEUL TEORETIC DECEBAL, B-dul ENERGETICIENILOR nr.9-11",BUCURESTI SECTORUL 3,179169,C,1,1081,1069,12,486,473,12,1,485,1,1200,714,219,266
42,MUNICIPIUL BUCURESTI,437,0,"LICEUL TEORETIC DECEBAL, B-dul ENERGETICIENILOR nr.9-11",BUCURESTI SECTORUL 3,179169,C,1,968,950,18,512,494,18,0,508,4,1300,788,214,294
42,MUNICIPIUL BUCURESTI,438,0,"LICEUL TEORETIC DECEBAL, B-dul ENERGETICIENILOR nr.9-11",BUCURESTI SECTORUL 3,179169,C,1,1346,1318,28,498,468,28,2,495,3,1400,902,214,281
42,MUNICIPIUL BUCURESTI,439,0,"Scoala Generala nr. 54, Str. ISTRIEI nr. 19",BUCURESTI SECTORUL 3,179169,C,1,1129,1107,22,556,534,22,0,555,1,1199,643,180,375
42,MUNICIPIUL BUCURESTI,440,0,"Scoala Generala nr. 54, Str. ISTRIEI nr. 19",BUCURESTI SECTORUL 3,179169,C,1,1444,1429,15,728,713,15,0,721,7,1499,771,331,390
42,MUNICIPIUL BUCURESTI,441,0,"Scoala Generala nr. 54, Str. ISTRIEI nr. 19",BUCURESTI SECTORUL 3,179169,C,1,1454,1435,19,810,788,19,3,803,7,1500,690,305,498
42,MUNICIPIUL BUCURESTI,442,0,"Scoala Generala nr. 54, Str. ISTRIEI nr. 19",BUCURESTI SECTORUL 3,179169,C,1,1354,1332,22,686,663,22,1,684,2,1392,706,269,415
42,MUNICIPIUL BUCURESTI,443,0,"Scoala Generala nr. 54, Str. ISTRIEI nr. 19",BUCURESTI SECTORUL 3,179169,C,1,1726,1687,39,859,819,39,1,855,4,1800,941,271,584
42,MUNICIPIUL BUCURESTI,444,0,"Scoala Generala nr. 54, Str. ISTRIEI nr. 19",BUCURESTI SECTORUL 3,179169,C,1,1270,1254,16,618,602,16,0,609,9,1300,682,226,383
42,MUNICIPIUL BUCURESTI,445,0,"Scoala Generala nr. 54, Str. ISTRIEI nr. 19",BUCURESTI SECTORUL 3,179169,C,1,1473,1459,14,642,628,14,0,637,5,1500,858,261,376
42,MUNICIPIUL BUCURESTI,446,0,"Scoala Generala nr. 54, Str. ISTRIEI nr. 19",BUCURESTI SECTORUL 3,179169,C,1,1281,1269,12,622,610,12,0,613,9,1300,678,222,391
42,MUNICIPIUL BUCURESTI,447,0,"Scoala Generala nr. 54, Str. ISTRIEI nr. 19",BUCURESTI SECTORUL 3,179169,C,1,1412,1386,26,662,636,26,0,657,5,1500,838,284,373
42,MUNICIPIUL BUCURESTI,448,0,"Scoala Generala nr. 54, Str. ISTRIEI nr. 19",BUCURESTI SECTORUL 3,179169,C,1,1575,1519,56,761,704,56,1,757,4,1600,839,298,459
42,MUNICIPIUL BUCURESTI,449,0,"Scoala Generala nr. 89 NICOLAE LABIS, Str. FIRIDEI nr. 2",BUCURESTI SECTORUL 3,179169,C,1,1912,1877,35,1039,1002,35,2,1028,11,2000,961,369,659
42,MUNICIPIUL BUCURESTI,450,0,"Scoala Generala nr. 89 NICOLAE LABIS, Str. FIRIDEI nr. 2",BUCURESTI SECTORUL 3,179169,C,1,1860,1830,30,865,835,30,0,863,2,1900,1035,342,521
42,MUNICIPIUL BUCURESTI,451,0,"Scoala Generala nr. 89 NICOLAE LABIS, Str. FIRIDEI nr. 2",BUCURESTI SECTORUL 3,179169,C,1,1958,1918,40,914,874,40,0,908,6,2000,1086,306,602
42,MUNICIPIUL BUCURESTI,452,0,"Scoala Generala nr. 89 NICOLAE LABIS, Str. FIRIDEI nr. 2",BUCURESTI SECTORUL 3,179169,C,1,2151,2026,125,1067,942,125,0,1061,6,2100,1033,358,703
42,MUNICIPIUL BUCURESTI,453,0,"SCOALA GENERALA NR. 89 NICOLAE LABIS, Str. FIRIDEI nr. 2",BUCURESTI SECTORUL 3,179169,C,1,1646,1622,24,757,733,24,0,749,8,1700,943,299,450
42,MUNICIPIUL BUCURESTI,454,0,"SCOALA GENERALA NR. 89 NICOLAE LABIS, Str. FIRIDEI nr. 2",BUCURESTI SECTORUL 3,179169,C,1,1058,1042,16,632,616,16,0,629,3,1200,568,191,438
42,MUNICIPIUL BUCURESTI,455,0,"SCOALA GENERALA NR. 89 NICOLAE LABIS, Str. FIRIDEI nr. 2",BUCURESTI SECTORUL 3,179169,C,1,1367,1345,22,838,807,22,9,828,10,1400,562,315,513
42,MUNICIPIUL BUCURESTI,456,0,"Liceul DANTE ALIGHIERI, Str. FUIORULUI nr. 9",BUCURESTI SECTORUL 3,179169,C,1,1625,1604,21,963,941,21,1,954,9,1700,737,308,646
42,MUNICIPIUL BUCURESTI,457,0,"Liceul DANTE ALIGHIERI, Str. FUIORULUI nr. 9",BUCURESTI SECTORUL 3,179169,C,1,1599,1575,24,857,833,24,0,851,6,1700,843,300,551
42,MUNICIPIUL BUCURESTI,458,0,"Liceul DANTE ALIGHIERI, Str. FUIORULUI nr. 9",BUCURESTI SECTORUL 3,179169,C,1,1642,1613,29,953,924,29,0,949,4,1700,747,342,607
42,MUNICIPIUL BUCURESTI,459,0,"Liceul DANTE ALIGHIERI, Str. FUIORULUI nr. 9",BUCURESTI SECTORUL 3,179169,C,1,1266,1237,29,763,732,29,2,752,11,1300,537,360,392
42,MUNICIPIUL BUCURESTI,460,0,"Scoala Generala nr. 195, Str. LUNCA BRADULUI nr. 2",BUCURESTI SECTORUL 3,179169,C,1,1442,1409,33,836,797,33,6,829,7,1500,664,314,515
42,MUNICIPIUL BUCURESTI,461,0,"Scoala Generala nr. 195, Str. LUNCA BRADULUI nr. 2",BUCURESTI SECTORUL 3,179169,C,1,1447,1426,21,923,899,21,3,917,6,1500,577,274,643
42,MUNICIPIUL BUCURESTI,462,0,"Scoala Generala nr. 195, Str. LUNCA BRADULUI nr. 2",BUCURESTI SECTORUL 3,179169,C,1,1355,1335,20,835,814,20,1,829,6,1400,565,284,545
42,MUNICIPIUL BUCURESTI,463,0,"Scoala Generala nr. 195, Str. LUNCA BRADULUI nr. 2",BUCURESTI SECTORUL 3,179169,C,1,1248,1211,37,801,764,37,0,797,4,1300,499,280,517
42,MUNICIPIUL BUCURESTI,464,0,"Scoala Generala nr. 195, Str. LUNCA BRADULUI nr. 2",BUCURESTI SECTORUL 3,179169,C,1,1142,1114,28,711,683,28,0,706,5,1200,489,262,444
42,MUNICIPIUL BUCURESTI,465,0,"Scoala Generala nr. 195, Str. LUNCA BRADULUI nr. 2",BUCURESTI SECTORUL 3,179169,C,1,1205,1187,18,647,629,18,0,641,6,1300,653,233,408
42,MUNICIPIUL BUCURESTI,466,0,"Scoala Generala nr. 112, STR. PATULULUI NR. 2",BUCURESTI SECTORUL 3,179169,C,1,1476,1443,33,728,695,33,0,721,7,1500,772,286,435
42,MUNICIPIUL BUCURESTI,467,0,"Scoala Generala nr. 112, STR. PATULULUI NR. 2",BUCURESTI SECTORUL 3,179169,C,1,1771,1736,35,893,858,35,0,879,14,1800,907,328,551
42,MUNICIPIUL BUCURESTI,468,0,"Scoala Generala nr. 112, STR. PATULULUI NR. 2",BUCURESTI SECTORUL 3,179169,C,1,1404,1380,24,724,700,24,0,718,6,1500,776,226,492
42,MUNICIPIUL BUCURESTI,469,0,"Scoala Generala nr. 112, STR. PATULULUI NR. 2",BUCURESTI SECTORUL 3,179169,C,1,2056,1947,109,1203,1093,109,1,1199,4,2100,897,456,743
42,MUNICIPIUL BUCURESTI,470,0,"Scoala Generala nr. 112, STR. PATULULUI NR. 2",BUCURESTI SECTORUL 3,179169,C,1,1905,1890,15,1072,1052,15,5,1068,4,2000,928,392,676
42,MUNICIPIUL BUCURESTI,471,0,"Scoala Generala nr. 112, STR. PATULULUI NR. 2",BUCURESTI SECTORUL 3,179169,C,1,1143,1129,14,759,739,14,6,752,7,1700,941,278,474
42,MUNICIPIUL BUCURESTI,472,0,"Scoala Generala nr. 112, STR. PATULULUI NR. 2",BUCURESTI SECTORUL 3,179169,C,1,1547,1528,19,829,808,19,2,825,4,1600,771,337,488
42,MUNICIPIUL BUCURESTI,473,0,"Scoala Generala nr. 112, STR. PATULULUI NR. 2",BUCURESTI SECTORUL 3,179169,C,1,1771,1730,41,719,678,41,0,714,5,1800,1081,315,399
42,MUNICIPIUL BUCURESTI,474,0,"Scoala Generala nr. 92, Al. VLAHITA nr. 1A",BUCURESTI SECTORUL 3,179169,C,1,1801,1772,29,898,868,29,1,893,5,1900,1002,256,637
42,MUNICIPIUL BUCURESTI,475,0,"Scoala Generala nr. 92, Al. VLAHITA nr. 1A",BUCURESTI SECTORUL 3,179169,C,1,1458,1400,58,818,758,58,2,813,4,1500,682,312,501
42,MUNICIPIUL BUCURESTI,476,0,"Scoala Generala nr. 92, Al. VLAHITA nr. 1A",BUCURESTI SECTORUL 3,179169,C,1,1516,1489,27,732,705,27,0,726,6,1600,868,294,432
42,MUNICIPIUL BUCURESTI,477,0,"Scoala Generala nr. 92, Al. VLAHITA nr. 1A",BUCURESTI SECTORUL 3,179169,C,1,1513,1494,19,801,782,19,0,798,3,1600,799,278,520
42,MUNICIPIUL BUCURESTI,478,0,"Scoala Generala nr. 92, Al. VLAHITA nr. 1A",BUCURESTI SECTORUL 3,179169,C,1,1293,1268,25,615,590,25,0,609,6,1300,685,237,372
42,MUNICIPIUL BUCURESTI,479,0,"Scoala Generala nr. 92, Al. VLAHITA nr. 1A",BUCURESTI SECTORUL 3,179169,C,1,1267,1252,15,603,587,15,1,600,3,1300,697,235,365
42,MUNICIPIUL BUCURESTI,480,0,"Scoala Generala nr. 92, Al. VLAHITA nr. 1A",BUCURESTI SECTORUL 3,179169,C,1,1719,1699,20,882,860,20,2,877,5,1800,918,312,565
42,MUNICIPIUL BUCURESTI,481,0,"Scoala Generala nr. 92, Al. VLAHITA nr. 1A",BUCURESTI SECTORUL 3,179169,C,1,1901,1866,35,995,960,35,0,983,12,2000,1005,421,562
42,MUNICIPIUL BUCURESTI,482,0,"Scoala Generala nr. 92, Al. VLAHITA nr. 1A",BUCURESTI SECTORUL 3,179169,C,1,1195,1132,63,623,560,63,0,616,7,1200,577,245,371
42,MUNICIPIUL BUCURESTI,483,0,"Scoala Generala nr. 20, Str. PREVEDERII nr. 19",BUCURESTI SECTORUL 3,179169,C,1,1533,1512,21,813,791,21,1,807,6,1600,787,264,543
42,MUNICIPIUL BUCURESTI,484,0,"Scoala Generala nr. 20, Str. PREVEDERII nr. 19",BUCURESTI SECTORUL 3,179169,C,1,1626,1606,20,834,814,20,0,831,3,1700,866,255,576
42,MUNICIPIUL BUCURESTI,485,0,"Scoala Generala nr. 20, Str. PREVEDERII nr. 19",BUCURESTI SECTORUL 3,179169,C,1,1551,1526,25,853,828,25,0,845,8,1600,747,305,540
42,MUNICIPIUL BUCURESTI,486,0,"Scoala Generala nr. 20, Str. PREVEDERII nr. 19",BUCURESTI SECTORUL 3,179169,C,1,1739,1669,70,957,887,70,0,950,7,1800,843,359,591
42,MUNICIPIUL BUCURESTI,487,0,"Scoala Generala nr. 20, Str. PREVEDERII nr. 19",BUCURESTI SECTORUL 3,179169,C,1,1555,1529,26,783,757,26,0,773,10,1600,817,311,462
42,MUNICIPIUL BUCURESTI,488,0,"Scoala Generala nr. 20, Str. PREVEDERII nr. 19",BUCURESTI SECTORUL 3,179169,C,1,1441,1375,66,780,713,66,1,777,3,1500,720,297,480
42,MUNICIPIUL BUCURESTI,489,0,"GRUP SCOLAR CHIMIE C.D. NENITESCU, B-DUL THEODOR PALLADY NR. 26",BUCURESTI SECTORUL 3,179169,C,1,1612,1553,59,861,765,59,37,855,6,1700,838,303,552
42,MUNICIPIUL BUCURESTI,490,0,"GRUP SCOLAR CHIMIE C.D. NENITESCU, B-DUL THEODOR PALLADY NR. 26",BUCURESTI SECTORUL 3,179169,C,1,1793,1753,40,829,782,40,7,823,6,1900,1071,309,514
42,MUNICIPIUL BUCURESTI,491,0,"GRUP SCOLAR CHIMIE C.D. NENITESCU, B-DUL THEODOR PALLADY NR. 26",BUCURESTI SECTORUL 3,179169,C,1,1321,1274,47,751,692,47,12,745,6,1400,649,282,463
42,MUNICIPIUL BUCURESTI,492,0,"GRUP SCOLAR CHIMIE C.D. NENITESCU, B-DUL THEODOR PALLADY NR. 26",BUCURESTI SECTORUL 3,179169,C,1,1714,1689,25,924,899,25,0,919,5,1800,876,355,564
42,MUNICIPIUL BUCURESTI,493,0,"GRUP SCOLAR CHIMIE C.D. NENITESCU, B-DUL THEODOR PALLADY NR. 26",BUCURESTI SECTORUL 3,179169,C,1,1702,1676,26,820,793,26,1,815,5,1800,980,311,504
42,MUNICIPIUL BUCURESTI,494,0,"Scoala Generala nr. 149, Al. PERISORU nr. 4",BUCURESTI SECTORUL 3,179169,C,1,1611,1590,21,968,945,21,2,958,10,1700,732,365,593
42,MUNICIPIUL BUCURESTI,495,0,"Scoala Generala nr. 149, Al. PERISORU nr. 4",BUCURESTI SECTORUL 3,179169,C,1,1522,1470,52,730,678,52,0,722,8,1600,870,300,422
42,MUNICIPIUL BUCURESTI,496,0,"Scoala Generala nr. 149, Al. PERISORU nr. 4",BUCURESTI SECTORUL 3,179169,C,1,1572,1548,24,798,774,24,0,791,7,1600,802,294,497
42,MUNICIPIUL BUCURESTI,497,0,"Scoala Generala nr. 82, Str. JEAN STERIADI nr. 17",BUCURESTI SECTORUL 3,179169,C,1,1361,1344,17,752,734,17,1,745,7,1400,648,304,441
42,MUNICIPIUL BUCURESTI,498,0,"Scoala Generala nr. 82, Str. JEAN STERIADI nr. 17",BUCURESTI SECTORUL 3,179169,C,1,1559,1533,26,861,835,26,0,854,7,1600,739,320,534
42,MUNICIPIUL BUCURESTI,499,0,"Scoala Generala nr. 82, Str. JEAN STERIADI nr. 17",BUCURESTI SECTORUL 3,179169,C,1,1506,1480,26,802,776,26,0,799,3,1600,798,309,490
42,MUNICIPIUL BUCURESTI,500,0,"Scoala Generala nr. 82, Str. JEAN STERIADI nr. 17",BUCURESTI SECTORUL 3,179169,C,1,1454,1437,17,752,735,17,0,745,7,1500,748,278,467
42,MUNICIPIUL BUCURESTI,501,0,"Scoala Generala nr. 82, Str. JEAN STERIADI nr. 17",BUCURESTI SECTORUL 3,179169,C,1,1352,1339,13,795,782,13,0,789,6,1400,605,306,483
42,MUNICIPIUL BUCURESTI,502,0,"Scoala Generala nr. 82, Str. JEAN STERIADI nr. 17",BUCURESTI SECTORUL 3,179169,C,1,1129,1110,19,653,628,19,6,651,2,1200,547,234,417
42,MUNICIPIUL BUCURESTI,503,0,"Scoala Generala nr. 82, Str. JEAN STERIADI nr. 17",BUCURESTI SECTORUL 3,179169,C,1,1634,1599,35,948,913,35,0,942,6,1700,752,371,571
42,MUNICIPIUL BUCURESTI,504,0,"Scoala Generala nr. 82, Str. JEAN STERIADI nr. 17",BUCURESTI SECTORUL 3,179169,C,1,1280,1265,15,683,668,15,0,677,6,1300,617,279,398
42,MUNICIPIUL BUCURESTI,505,0,"Scoala Generala nr. 116, Str. GURA IALOMITEI nr. 20",BUCURESTI SECTORUL 3,179169,C,1,1627,1591,36,848,812,36,0,839,9,1700,852,341,498
42,MUNICIPIUL BUCURESTI,506,0,"Scoala Generala nr. 116, Str. GURA IALOMITEI nr. 20",BUCURESTI SECTORUL 3,179169,C,1,1962,1939,23,994,970,23,1,977,17,2100,1106,364,613
42,MUNICIPIUL BUCURESTI,507,0,"Scoala Generala nr. 116, Str. GURA IALOMITEI nr. 20",BUCURESTI SECTORUL 3,179169,C,1,1967,1950,17,949,932,17,0,942,7,2100,1151,398,544
42,MUNICIPIUL BUCURESTI,508,0,"Scoala Generala nr. 116, Str. GURA IALOMITEI nr. 20",BUCURESTI SECTORUL 3,179169,C,1,1705,1681,24,816,791,24,1,814,2,1800,984,323,491
42,MUNICIPIUL BUCURESTI,509,0,"Scoala Generala nr. 116, Str. GURA IALOMITEI nr. 20",BUCURESTI SECTORUL 3,179169,C,1,1800,1773,27,926,898,27,1,917,9,1900,974,371,546
42,MUNICIPIUL BUCURESTI,510,0,"Scoala Generala nr. 116, Str. GURA IALOMITEI nr. 20",BUCURESTI SECTORUL 3,179169,C,1,1672,1647,25,758,733,25,0,747,11,1700,942,285,462
42,MUNICIPIUL BUCURESTI,511,0,"Scoala Generala nr. 200, STR. POSTAVARULUI NR. 13",BUCURESTI SECTORUL 3,179169,C,1,1677,1657,20,976,956,20,0,972,4,1800,824,389,583
42,MUNICIPIUL BUCURESTI,512,0,"Scoala Generala nr. 200, STR. POSTAVARULUI NR. 13",BUCURESTI SECTORUL 3,179169,C,1,1382,1347,35,798,763,35,0,793,5,1400,602,224,569
42,MUNICIPIUL BUCURESTI,513,0,"Scoala Generala nr. 200, STR. POSTAVARULUI NR. 13",BUCURESTI SECTORUL 3,179169,C,1,1227,1201,26,705,666,26,13,701,4,1300,595,292,409
42,MUNICIPIUL BUCURESTI,514,0,"Scoala Generala nr. 200, STR. POSTAVARULUI NR. 13",BUCURESTI SECTORUL 3,179169,C,1,1811,1775,36,779,740,36,3,775,4,1900,1121,325,450
42,MUNICIPIUL BUCURESTI,515,0,"Scoala Generala nr. 200, Str. POSTAVARULUI nr. 13",BUCURESTI SECTORUL 3,179169,C,1,1628,1599,29,843,812,29,2,835,8,1700,857,325,510
42,MUNICIPIUL BUCURESTI,516,0,"Scoala Generala nr. 200, Str. POSTAVARULUI nr. 13",BUCURESTI SECTORUL 3,179169,C,1,1539,1516,23,637,613,23,1,630,7,1600,963,253,377
42,MUNICIPIUL BUCURESTI,517,0,"Scoala Generala nr. 200, Str. POSTAVARULUI nr. 13",BUCURESTI SECTORUL 3,179169,C,1,1570,1547,23,780,757,23,0,772,8,1600,820,273,499
42,MUNICIPIUL BUCURESTI,518,0,"Scoala Generala nr. 196, Str. COZLA nr. 1",BUCURESTI SECTORUL 3,179169,C,1,1421,1387,34,716,675,34,7,714,2,1500,784,275,439
42,MUNICIPIUL BUCURESTI,519,0,"Scoala Generala nr. 196, Str. COZLA nr. 1",BUCURESTI SECTORUL 3,179169,C,1,1199,1176,23,740,713,23,4,734,6,1200,460,247,487
42,MUNICIPIUL BUCURESTI,520,0,"Scoala Generala nr. 196, Str. COZLA nr. 1",BUCURESTI SECTORUL 3,179169,C,1,1366,1337,29,836,799,29,8,831,5,1400,564,333,498
42,MUNICIPIUL BUCURESTI,521,0,"Scoala Generala nr. 196, Str. COZLA nr. 1",BUCURESTI SECTORUL 3,179169,C,1,1247,1226,21,730,709,21,0,725,5,1300,570,256,469
42,MUNICIPIUL BUCURESTI,522,0,"Scoala Generala nr. 196, Str. COZLA nr. 1",BUCURESTI SECTORUL 3,179169,C,1,1127,1094,33,636,596,33,7,630,6,1200,564,208,422
42,MUNICIPIUL BUCURESTI,523,0,"Scoala Generala nr. 196, Str. COZLA nr. 1",BUCURESTI SECTORUL 3,179169,C,1,1506,1479,27,861,832,27,2,855,6,1600,739,317,538
42,MUNICIPIUL BUCURESTI,524,0,"Scoala Generala nr. 196, Str. COZLA nr. 1",BUCURESTI SECTORUL 3,179169,C,1,1926,1884,42,1047,1002,42,3,1044,3,2000,953,393,651
42,MUNICIPIUL BUCURESTI,525,0,"Scoala Generala nr. 22 ""MEXIC"", B-DUL 1 DECEMBRIE 1918 NR. 34",BUCURESTI SECTORUL 3,179169,C,1,1753,1717,36,873,837,36,0,867,6,1800,927,319,548
42,MUNICIPIUL BUCURESTI,526,0,"Scoala Generala nr. 22 ""MEXIC"", B-DUL 1 DECEMBRIE 1918 NR.34",BUCURESTI SECTORUL 3,179169,C,1,1800,1782,18,780,762,18,0,774,6,1900,1120,344,430
42,MUNICIPIUL BUCURESTI,527,0,"Scoala Generala nr. 22 ""MEXIC"", B-DUL 1 DECEMBRIE 1918 NR. 34",BUCURESTI SECTORUL 3,179169,C,1,1878,1865,13,848,835,13,0,841,7,2000,1152,381,460
42,MUNICIPIUL BUCURESTI,528,0,"Scoala Generala nr. 22 ""MEXIC"", B-DUL 1 DECEMBRIE 1918 NR. 34",BUCURESTI SECTORUL 3,179169,C,1,1956,1939,17,840,823,17,0,835,5,2100,1260,365,470
42,MUNICIPIUL BUCURESTI,529,0,"Scoala Generala nr. 22 ""MEXIC"", B-DUL 1 DECEMBRIE 1918 NR. 34",BUCURESTI SECTORUL 3,179169,C,1,2120,2079,41,1010,969,41,0,996,14,2200,1190,422,574
42,MUNICIPIUL BUCURESTI,530,0,"Scoala Generala nr. 22 ""MEXIC"", B-DUL 1 DECEMBRIE 1918 NR. 34",BUCURESTI SECTORUL 3,179169,C,1,1570,1556,14,809,794,14,1,805,4,1600,791,321,484
42,MUNICIPIUL BUCURESTI,531,0,"Scoala Generala nr. 22 ""MEXIC"", B-DUL 1 DECEMBRIE 1918 NR. 34",BUCURESTI SECTORUL 3,179169,C,1,1982,1949,33,949,914,33,2,940,9,2099,1150,374,566
42,MUNICIPIUL BUCURESTI,532,0,"Scoala Generala nr. 21, Al. BARAJUL ROVINARI nr. 1",BUCURESTI SECTORUL 3,179169,C,1,2034,2002,32,1092,1060,32,0,1087,5,2100,1008,392,695
42,MUNICIPIUL BUCURESTI,533,0,"Liceul ALEXANDRU IOAN CUZA, Al. BARAJUL DUNARII nr. 5",BUCURESTI SECTORUL 3,179169,C,1,1368,1331,37,736,699,37,0,729,7,1400,664,256,473
42,MUNICIPIUL BUCURESTI,534,0,"Liceul ALEXANDRU IOAN CUZA, Al. BARAJUL DUNARII nr. 5",BUCURESTI SECTORUL 3,179169,C,1,1454,1439,15,817,802,15,0,813,4,1500,683,277,536
42,MUNICIPIUL BUCURESTI,535,0,"Liceul ALEXANDRU IOAN CUZA, Al. BARAJUL DUNARII nr. 5",BUCURESTI SECTORUL 3,179169,C,1,1384,1364,20,843,820,20,3,837,6,1400,557,259,578
42,MUNICIPIUL BUCURESTI,536,0,"Liceul ALEXANDRU IOAN CUZA, Al. BARAJUL DUNARII nr. 5",BUCURESTI SECTORUL 3,179169,C,1,1620,1599,21,958,936,21,1,948,10,1700,742,364,584
42,MUNICIPIUL BUCURESTI,537,0,"Liceul ALEXANDRU IOAN CUZA, Al. BARAJUL DUNARII nr. 5",BUCURESTI SECTORUL 3,179169,C,1,1840,1810,30,1058,1027,30,1,1054,4,1900,842,365,689
42,MUNICIPIUL BUCURESTI,538,0,"Liceul ALEXANDRU IOAN CUZA, Al. BARAJUL DUNARII nr. 5",BUCURESTI SECTORUL 3,179169,C,1,1763,1736,27,1048,1021,27,0,1041,7,1800,752,368,673
42,MUNICIPIUL BUCURESTI,539,0,"Scoala Generala nr. 94, Al. BARAJ IEZER nr. 1",BUCURESTI SECTORUL 3,179169,C,1,1087,1068,19,658,636,19,3,654,4,1200,542,202,452
42,MUNICIPIUL BUCURESTI,540,0,"Scoala Generala nr. 94, Al. BARAJ IEZER nr. 1",BUCURESTI SECTORUL 3,179169,C,1,1573,1543,30,859,827,30,2,849,10,1600,741,361,488
42,MUNICIPIUL BUCURESTI,541,0,"Scoala Generala nr. 94, Al. BARAJ IEZER nr. 1",BUCURESTI SECTORUL 3,179169,C,1,1545,1529,16,699,683,16,0,696,3,1600,901,257,439
42,MUNICIPIUL BUCURESTI,542,0,"GRUP SCOLAR IND. N. STANESCU, Str. LUCRETIU PATRASCANU NR. 3",BUCURESTI SECTORUL 3,179169,C,1,2003,1986,17,1055,1037,17,1,1052,3,2100,1045,386,666
42,MUNICIPIUL BUCURESTI,543,0,"GRUP SCOLAR IND. N. STANESCU, Str. LUCRETIU PATRASCANU NR. 3",BUCURESTI SECTORUL 3,179169,C,1,1889,1827,62,940,875,62,3,935,5,1900,960,381,554
42,MUNICIPIUL BUCURESTI,544,0,"GRUP SCOLAR IND. N. STANESCU, Str. LUCRETIU PATRASCANU NR. 3",BUCURESTI SECTORUL 3,179169,C,1,1854,1768,86,980,893,86,1,973,7,1900,920,307,666
42,MUNICIPIUL BUCURESTI,545,0,"Scoala Generala nr. 16, AL. BUDACU NR. 4",BUCURESTI SECTORUL 3,179169,C,1,1585,1563,22,837,804,22,11,830,7,1700,863,339,491
42,MUNICIPIUL BUCURESTI,546,0,"Scoala Generala nr. 16, AL. BUDACU NR. 4",BUCURESTI SECTORUL 3,179169,C,1,1224,1190,34,757,718,34,5,755,2,1300,543,297,458
42,MUNICIPIUL BUCURESTI,547,0,"Scoala Generala nr. 16, AL. BUDACU NR. 4",BUCURESTI SECTORUL 3,179169,C,1,1620,1592,28,917,883,28,6,914,3,1700,783,280,634
42,MUNICIPIUL BUCURESTI,548,0,"Scoala Generala nr. 55, Str. INDUSTRIILOR nr. 46",BUCURESTI SECTORUL 3,179169,C,1,2158,2140,18,745,727,18,0,739,6,2300,1555,397,342
42,MUNICIPIUL BUCURESTI,549,0,"Scoala Generala nr. 55, Str. INDUSTRIILOR nr. 46",BUCURESTI SECTORUL 3,179169,C,1,2071,2047,24,893,869,24,0,881,12,2200,1307,465,416
42,MUNICIPIUL BUCURESTI,550,0,"Scoala Generala nr. 55, Str. INDUSTRIILOR nr. 46",BUCURESTI SECTORUL 3,179169,C,1,2082,2057,25,694,669,25,0,684,10,2200,1506,398,286
42,MUNICIPIUL BUCURESTI,551,0,"Scoala Generala nr. 55, Str. INDUSTRIILOR nr. 46",BUCURESTI SECTORUL 3,179169,C,1,1698,1680,18,576,558,18,0,570,6,1800,1224,323,247
42,MUNICIPIUL BUCURESTI,552,0,"Scoala Generala nr. 55, Str. INDUSTRIILOR nr. 46",BUCURESTI SECTORUL 3,179169,C,1,1810,1791,19,726,706,19,1,717,9,1900,1174,385,332
42,MUNICIPIUL BUCURESTI,553,0,"Scoala Generala nr. 47, SOS. GARII CATELU NR. 130",BUCURESTI SECTORUL 3,179169,C,1,2296,2259,37,942,864,37,41,932,10,2400,1458,472,460
42,MUNICIPIUL BUCURESTI,554,0,"Scoala Generala nr. 47, SOS. GARII CATELU NR. 130",BUCURESTI SECTORUL 3,179169,C,1,1652,1626,26,639,613,26,0,631,8,1700,1061,343,288
42,MUNICIPIUL BUCURESTI,555,0,"Scoala Generala nr. 78, SOS. GARII CATELU NR. 50",BUCURESTI SECTORUL 3,179169,C,1,1649,1632,17,685,668,17,0,678,7,1700,1015,344,334
42,MUNICIPIUL BUCURESTI,556,0,"Scoala Generala nr. 78, SOS. GARII CATELU NR. 50",BUCURESTI SECTORUL 3,179169,C,1,1815,1793,22,634,612,22,0,633,1,1900,1266,310,323
42,MUNICIPIUL BUCURESTI,557,0,"Scoala Generala nr. 78, SOS. GARII CATELU NR. 50",BUCURESTI SECTORUL 3,179169,C,1,2190,2161,29,859,830,29,0,831,28,2300,1441,404,427
42,MUNICIPIUL BUCURESTI,558,0,"Scoala Generala nr. 67, STR. MAGNETULUI NR. 1-3",BUCURESTI SECTORUL 3,179169,C,1,1927,1884,43,886,842,43,1,880,6,2000,1114,415,465
42,MUNICIPIUL BUCURESTI,1326,1,"Institutul Nat.de Recup., medicina fizica si balneologie - Str.Sf.Dumitru nr.2",BUCURESTI SECTORUL 3,179169,C,1,10,0,10,53,0,10,43,52,1,300,247,28,24
42,MUNICIPIUL BUCURESTI,1327,1,"Spitalul ""Coltea"" - Bd. I.C. Bratianu nr.1",BUCURESTI SECTORUL 3,179169,C,1,15,0,15,213,0,15,198,210,3,400,187,99,111
42,MUNICIPIUL BUCURESTI,1328,1,Spitalul Interdepartamental - Bd. Mircea Voda nr.49,BUCURESTI SECTORUL 3,179169,C,1,14,0,14,73,0,14,59,73,0,200,127,29,44
42,MUNICIPIUL BUCURESTI,1329,1,"Spitalul ""Caritas"" - Str. Traian nr.29",BUCURESTI SECTORUL 3,179169,C,1,50,0,50,204,0,50,154,199,5,500,296,83,116
42,MUNICIPIUL BUCURESTI,1330,1,Inst.Nat.de Expertiza Medicala si Recup.a Capacit.de Munca - Str.Romulus nr.26,BUCURESTI SECTORUL 3,179169,C,1,9,0,9,74,0,9,65,73,1,200,126,37,36
42,MUNICIPIUL BUCURESTI,1331,1,"Spitalul ""Victor Babes"" - Sos. Mihai Bravu nr.281",BUCURESTI SECTORUL 3,179169,C,1,11,0,11,199,0,11,188,196,3,500,301,102,94
42,MUNICIPIUL BUCURESTI,1332,1,"Caminul de batrini nr.5 - Calea Vitan , nr.267",BUCURESTI SECTORUL 3,179169,C,1,15,0,15,67,0,15,52,65,2,100,33,49,16
42,MUNICIPIUL BUCURESTI,1333,1,"Spitalul de psihiatrie dr. ""Constantin Gorgos"" - Bd. Nicolae Grigorescu nr.41A",BUCURESTI SECTORUL 3,179169,C,1,13,0,13,43,0,13,30,40,3,98,55,22,18
42,MUNICIPIUL BUCURESTI,559,0,"Colegiul National MIHAI EMINESCU, Str. GEORGE GEORGESCU nr. 2",BUCURESTI SECTORUL 4,179178,C,1,1241,1216,25,744,714,25,5,739,5,1300,556,314,425
42,MUNICIPIUL BUCURESTI,560,0,"Colegiul National MIHAI EMINESCU, Str. GEORGE GEORGESCU nr. 2",BUCURESTI SECTORUL 4,179178,C,1,1425,1405,20,815,708,20,87,807,8,1500,685,265,542
42,MUNICIPIUL BUCURESTI,561,0,"Colegiul National MIHAI EMINESCU, Str. GEORGE GEORGESCU nr. 2",BUCURESTI SECTORUL 4,179178,C,1,1231,1204,27,618,591,27,0,612,6,1301,683,195,417
42,MUNICIPIUL BUCURESTI,562,0,"Gradinita nr. 224, Str. GRAMONT nr. 25",BUCURESTI SECTORUL 4,179178,C,1,1314,1289,25,673,647,25,1,665,8,1400,727,225,440
42,MUNICIPIUL BUCURESTI,563,0,"Gradinita nr. 224, Str. GRAMONT nr. 25",BUCURESTI SECTORUL 4,179178,C,1,1364,1341,23,721,696,23,2,715,6,1400,679,242,473
42,MUNICIPIUL BUCURESTI,564,0,"Scoala nr. 74 IENACHITA VACARESCU, Cal. SERBAN VODA nr. 62-64",BUCURESTI SECTORUL 4,179178,C,1,1388,1371,17,792,772,17,3,788,4,1500,708,266,522
42,MUNICIPIUL BUCURESTI,565,0,"Scoala nr. 74 IENACHITA VACARESCU, Cal. SERBAN VODA nr. 62-64",BUCURESTI SECTORUL 4,179178,C,1,1435,1343,92,842,749,92,1,833,9,1400,558,323,510
42,MUNICIPIUL BUCURESTI,566,0,"Scoala nr. 74 IENACHITA VACARESCU, Cal. SERBAN VODA nr. 62-64",BUCURESTI SECTORUL 4,179178,C,1,1275,1261,14,738,721,14,3,726,12,1300,562,328,398
42,MUNICIPIUL BUCURESTI,567,0,"Scoala nr. 74 IENACHITA VACARESCU, Cal. SERBAN VODA nr. 62-64",BUCURESTI SECTORUL 4,179178,C,1,1446,1430,16,785,766,16,3,777,8,1500,715,281,496
42,MUNICIPIUL BUCURESTI,568,0,"Scoala nr. 79, Str. CUZA VODA nr. 51",BUCURESTI SECTORUL 4,179178,C,1,1178,1163,15,730,714,15,1,727,3,1200,470,312,415
42,MUNICIPIUL BUCURESTI,569,0,"Scoala nr. 79, Str. CUZA VODA nr. 51",BUCURESTI SECTORUL 4,179178,C,1,1233,1220,13,803,789,13,1,795,8,1300,497,303,492
42,MUNICIPIUL BUCURESTI,570,0,"Scoala nr. 79, Str. CUZA VODA nr. 51",BUCURESTI SECTORUL 4,179178,C,1,1399,1378,21,770,679,21,70,766,4,1500,730,240,526
42,MUNICIPIUL BUCURESTI,571,0,"Liceul ION CREANGA, Str. C-TIN RADULESCU MOTRU nr. 51",BUCURESTI SECTORUL 4,179178,C,1,1320,1302,18,693,661,18,14,691,2,1400,707,206,485
42,MUNICIPIUL BUCURESTI,572,0,"Liceul ION CREANGA, Str. C-TIN RADULESCU MOTRU nr. 51",BUCURESTI SECTORUL 4,179178,C,1,1293,1273,20,745,724,20,1,740,5,1400,655,326,414
42,MUNICIPIUL BUCURESTI,573,0,"Grupul Scolar Ind. GRIGORE CERCHEZ, Cal. SERBAN VODA nr. 280",BUCURESTI SECTORUL 4,179178,C,1,1255,1239,16,766,749,16,1,763,3,1300,534,233,530
42,MUNICIPIUL BUCURESTI,574,0,"Grupul Scolar Ind. GRIGORE CERCHEZ, Cal. SERBAN VODA nr. 280",BUCURESTI SECTORUL 4,179178,C,1,1400,1372,28,715,687,28,0,706,9,1500,785,229,477
42,MUNICIPIUL BUCURESTI,575,0,"Colegiul National GHEORGHE SINCAI, Cal. SERBAN VODA nr. 167",BUCURESTI SECTORUL 4,179178,C,1,1330,1315,15,877,792,15,70,871,6,1400,523,269,602
42,MUNICIPIUL BUCURESTI,576,0,"Colegiul National GHEORGHE SINCAI, Cal. SERBAN VODA nr. 167",BUCURESTI SECTORUL 4,179178,C,1,1202,1181,21,769,746,21,2,766,3,1200,431,215,551
42,MUNICIPIUL BUCURESTI,577,0,"Colegiul National GHEORGHE SINCAI, Cal. SERBAN VODA nr. 167",BUCURESTI SECTORUL 4,179178,C,1,1557,1538,19,1022,1003,19,0,1011,11,1600,578,410,601
42,MUNICIPIUL BUCURESTI,578,0,"Colegiul National GHEORGHE SINCAI, Cal. SERBAN VODA nr. 167",BUCURESTI SECTORUL 4,179178,C,1,1350,1333,17,891,872,17,2,887,4,1400,509,343,544
42,MUNICIPIUL BUCURESTI,579,0,"Colegiul National GHEORGHE SINCAI, Cal. SERBAN VODA nr. 167",BUCURESTI SECTORUL 4,179178,C,1,1653,1636,17,1001,984,17,0,996,5,1799,798,381,615
42,MUNICIPIUL BUCURESTI,580,0,"Scoala nr. 97, Str. VIORELE nr. 7",BUCURESTI SECTORUL 4,179178,C,1,1436,1420,16,899,881,16,2,893,6,1509,610,290,603
42,MUNICIPIUL BUCURESTI,581,0,"Scoala nr. 97, Str. VIORELE nr. 7",BUCURESTI SECTORUL 4,179178,C,1,1581,1554,27,1015,983,27,5,1010,5,1700,685,289,721
42,MUNICIPIUL BUCURESTI,582,0,"Scoala nr. 97, Str. VIORELE nr. 7",BUCURESTI SECTORUL 4,179178,C,1,1346,1336,10,878,865,10,3,872,6,1399,521,315,557
42,MUNICIPIUL BUCURESTI,583,0,"Scoala nr. 97, Str. VIORELE nr. 7",BUCURESTI SECTORUL 4,179178,C,1,1352,1333,19,841,822,19,0,832,9,1399,558,246,586
42,MUNICIPIUL BUCURESTI,584,0,"Scoala nr. 97, Str. VIORELE nr. 7",BUCURESTI SECTORUL 4,179178,C,1,1136,1116,20,668,648,20,0,663,5,1200,532,221,442
42,MUNICIPIUL BUCURESTI,585,0,"Colegiul Tehnic PETRU RARES, Str. V.V.STANCIU nr. 6",BUCURESTI SECTORUL 4,179178,C,1,1266,1247,19,766,747,19,0,763,3,1300,534,303,460
42,MUNICIPIUL BUCURESTI,586,0,"Colegiul Tehnic PETRU RARES, Str. V.V.STANCIU nr. 6",BUCURESTI SECTORUL 4,179178,C,1,1325,1306,19,808,789,19,0,806,2,1400,592,271,535
42,MUNICIPIUL BUCURESTI,587,0,"Colegiul Tehnic PETRU RARES, Str. V.V.STANCIU nr. 6",BUCURESTI SECTORUL 4,179178,C,1,1281,1258,23,748,724,23,1,744,4,1300,552,261,483
42,MUNICIPIUL BUCURESTI,588,0,"Colegiul Tehnic PETRU RARES, Str. V.V.STANCIU nr. 6",BUCURESTI SECTORUL 4,179178,C,1,1090,1026,64,2384,602,64,1718,2377,7,2600,216,472,1905
42,MUNICIPIUL BUCURESTI,589,0,"Scoala nr. 100 ANDREI SAGUNA, Cal. VACARESTI nr. 324",BUCURESTI SECTORUL 4,179178,C,1,1493,1471,22,876,852,22,2,872,4,1600,724,266,606
42,MUNICIPIUL BUCURESTI,590,0,"Scoala nr. 100 ANDREI SAGUNA, Cal. VACARESTI nr. 324",BUCURESTI SECTORUL 4,179178,C,1,1543,1517,26,943,917,26,0,938,5,1600,657,308,630
42,MUNICIPIUL BUCURESTI,591,0,"Scoala nr. 100 ANDREI SAGUNA, Cal. VACARESTI nr. 324",BUCURESTI SECTORUL 4,179178,C,1,1398,1381,17,746,726,17,3,742,4,1496,750,260,482
42,MUNICIPIUL BUCURESTI,592,0,"Scoala nr. 100 ANDREI SAGUNA, Cal. VACARESTI nr. 324",BUCURESTI SECTORUL 4,179178,C,1,1586,1568,18,1007,989,18,0,1003,4,1708,701,340,663
42,MUNICIPIUL BUCURESTI,593,0,"Scoala nr. 100 ANDREI SAGUNA, Cal. VACARESTI nr. 324",BUCURESTI SECTORUL 4,179178,C,1,1452,1430,22,853,831,22,0,847,6,1500,647,307,540
42,MUNICIPIUL BUCURESTI,594,0,"Scoala nr. 120 MARTISOR, Str. MARTISOR nr. 29",BUCURESTI SECTORUL 4,179178,C,1,1939,1915,24,1056,1031,24,1,1052,4,2096,1040,410,642
42,MUNICIPIUL BUCURESTI,595,0,"Scoala nr. 120 MARTISOR, Str. MARTISOR nr. 29",BUCURESTI SECTORUL 4,179178,C,1,1417,1400,17,764,741,17,6,758,6,1500,736,321,437
42,MUNICIPIUL BUCURESTI,596,0,"Scoala nr. 120 MARTISOR, Str. MARTISOR nr. 29",BUCURESTI SECTORUL 4,179178,C,1,1522,1506,16,785,769,16,0,781,3,1600,816,303,478
42,MUNICIPIUL BUCURESTI,597,0,"Scoala nr. 120 MARTISOR, Str. MARTISOR nr. 29",BUCURESTI SECTORUL 4,179178,C,1,1535,1519,16,803,787,16,0,801,2,1600,797,281,520
42,MUNICIPIUL BUCURESTI,598,0,"Scoala nr. 120 MARTISOR, Str. MARTISOR nr. 29",BUCURESTI SECTORUL 4,179178,C,1,1503,1475,28,791,762,28,1,785,6,1600,809,291,494
42,MUNICIPIUL BUCURESTI,599,0,"Gradinita nr. 27, Str. FAGETULUI nr. 27",BUCURESTI SECTORUL 4,179178,C,1,1323,1304,19,652,633,19,0,649,3,1400,748,231,418
42,MUNICIPIUL BUCURESTI,600,0,"Gradinita nr. 27, Str. FAGETULUI nr. 27",BUCURESTI SECTORUL 4,179178,C,1,1366,1342,24,771,747,24,0,767,4,1400,629,232,535
42,MUNICIPIUL BUCURESTI,601,0,"Scoala nr. 111 GEORGE BACOVIA, Str. STOIAN MILITARU nr. 72",BUCURESTI SECTORUL 4,179178,C,1,1919,1900,19,1036,1017,19,0,1033,3,2000,964,401,632
42,MUNICIPIUL BUCURESTI,602,0,"Scoala nr. 111 GEORGE BACOVIA, Str. STOIAN MILITARU nr. 72",BUCURESTI SECTORUL 4,179178,C,1,1758,1727,31,871,837,31,3,868,3,1800,929,369,499
42,MUNICIPIUL BUCURESTI,603,0,"Scoala nr. 111 GEORGE BACOVIA, Str. STOIAN MILITARU nr. 72",BUCURESTI SECTORUL 4,179178,C,1,1893,1869,24,955,931,24,0,948,6,1999,1045,308,640
42,MUNICIPIUL BUCURESTI,604,0,"Scoala nr. 111 GEORGE BACOVIA, Str. STOIAN MILITARU nr. 72",BUCURESTI SECTORUL 4,179178,C,1,2066,1985,81,1100,1019,81,0,1097,3,2056,956,381,716
42,MUNICIPIUL BUCURESTI,605,0,"Scoala nr. 111 GEORGE BACOVIA, Str. STOIAN MILITARU nr. 72",BUCURESTI SECTORUL 4,179178,C,1,1886,1860,26,992,965,26,1,989,3,2000,1008,309,680
42,MUNICIPIUL BUCURESTI,606,0,"Gradinita nr. 263, Str. STOIAN MILITARU nr. 86-90",BUCURESTI SECTORUL 4,179178,C,1,1320,1296,24,812,785,24,3,809,3,1400,588,323,486
42,MUNICIPIUL BUCURESTI,607,0,"Gradinita nr. 263, Str. STOIAN MILITARU nr. 86-90",BUCURESTI SECTORUL 4,179178,C,1,1537,1512,25,784,753,25,6,780,4,1600,816,322,458
42,MUNICIPIUL BUCURESTI,608,0,"Gradinita nr. 261(Fosta ADESGO), Str. IMPARATUL TRAIAN nr. 46",BUCURESTI SECTORUL 4,179178,C,1,1968,1949,19,1061,1042,19,0,1052,9,2100,1039,349,703
42,MUNICIPIUL BUCURESTI,609,0,"Gradinita nr. 261(Fosta ADESGO), Str. IMPARATUL TRAIAN nr. 46",BUCURESTI SECTORUL 4,179178,C,1,1964,1929,35,1071,1036,35,0,1067,4,2100,1029,362,705
42,MUNICIPIUL BUCURESTI,610,0,"Gradinita nr. 261(Fosta ADESGO), Str. IMPARATUL TRAIAN nr. 46",BUCURESTI SECTORUL 4,179178,C,1,2022,1989,33,852,819,33,0,847,5,2100,1248,305,542
42,MUNICIPIUL BUCURESTI,611,0,"Scoala nr. 190 SCOALA DE SUD, Str. NITU VASILE nr. 16",BUCURESTI SECTORUL 4,179178,C,1,1906,1886,20,1058,1032,20,6,1049,9,2000,942,467,582
42,MUNICIPIUL BUCURESTI,612,0,"Scoala nr. 190 SCOALA DE SUD, Str. NITU VASILE nr. 16",BUCURESTI SECTORUL 4,179178,C,1,1525,1511,14,873,853,14,6,867,6,1600,727,338,529
42,MUNICIPIUL BUCURESTI,613,0,"Scoala nr. 190 SCOALA DE SUD, Str. NITU VASILE nr. 16",BUCURESTI SECTORUL 4,179178,C,1,1382,1365,17,748,731,17,0,742,6,1500,752,283,459
42,MUNICIPIUL BUCURESTI,614,0,"Scoala nr. 190 SCOALA DE SUD, Str. NITU VASILE nr. 16",BUCURESTI SECTORUL 4,179178,C,1,1605,1570,35,869,833,35,1,862,7,1700,831,351,511
42,MUNICIPIUL BUCURESTI,615,0,"Scoala nr. 190 SCOALA DE SUD, Str. NITU VASILE nr. 16",BUCURESTI SECTORUL 4,179178,C,1,1482,1456,26,722,696,26,0,715,7,1600,878,292,423
42,MUNICIPIUL BUCURESTI,616,0,Scoala speciala nr. 4 Sos. Oltenitei nr. 208,BUCURESTI SECTORUL 4,179178,C,1,1420,1397,23,723,700,23,0,717,6,1500,777,262,455
42,MUNICIPIUL BUCURESTI,617,0,Scoala speciala nr. 4 Sos. Oltenitei nr. 208,BUCURESTI SECTORUL 4,179178,C,1,1406,1384,22,788,766,22,0,788,0,1500,712,292,496
42,MUNICIPIUL BUCURESTI,618,0,"Scoala nr. 96, Str. REZONANTEI nr. 2",BUCURESTI SECTORUL 4,179178,C,1,1059,1044,15,629,614,15,0,623,6,1092,463,224,399
42,MUNICIPIUL BUCURESTI,619,0,"Scoala nr. 96, Str. REZONANTEI nr. 2",BUCURESTI SECTORUL 4,179178,C,1,1323,1308,15,713,698,15,0,704,9,1400,687,295,409
42,MUNICIPIUL BUCURESTI,620,0,"Scoala nr. 96, Str. REZONANTEI nr. 2",BUCURESTI SECTORUL 4,179178,C,1,1231,1212,19,669,649,19,1,665,4,1300,631,265,400
42,MUNICIPIUL BUCURESTI,621,0,"Scoala nr. 96, Str. REZONANTEI nr. 2",BUCURESTI SECTORUL 4,179178,C,1,1296,1253,43,980,937,43,0,968,12,2000,1020,385,583
42,MUNICIPIUL BUCURESTI,622,0,"Scoala nr. 96, Str. REZONANTEI nr. 2",BUCURESTI SECTORUL 4,179178,C,1,1344,1324,20,758,737,20,1,752,6,1395,637,301,451
42,MUNICIPIUL BUCURESTI,623,0,"Scoala nr. 109, Str. PETRE TUTEA nr. 3",BUCURESTI SECTORUL 4,179178,C,1,1581,1572,9,632,612,9,11,629,3,1700,1068,228,401
42,MUNICIPIUL BUCURESTI,624,0,"Scoala nr. 109, Str. PETRE TUTEA nr. 3",BUCURESTI SECTORUL 4,179178,C,1,1642,1614,28,815,787,28,0,811,4,1700,885,306,505
42,MUNICIPIUL BUCURESTI,625,0,"Scoala nr. 109, Str. PETRE TUTEA nr. 3",BUCURESTI SECTORUL 4,179178,C,1,1648,1615,33,848,812,33,3,839,9,1700,852,354,485
42,MUNICIPIUL BUCURESTI,626,0,"Scoala nr. 109, Str. PETRE TUTEA nr. 3",BUCURESTI SECTORUL 4,179178,C,1,1465,1449,16,771,755,16,0,765,5,1500,729,295,470
42,MUNICIPIUL BUCURESTI,627,0,"Scoala nr. 109, Str. PETRE TUTEA nr. 3",BUCURESTI SECTORUL 4,179178,C,1,1553,1528,25,862,834,25,3,850,11,1600,739,313,537
42,MUNICIPIUL BUCURESTI,628,0,"Gradinita nr. 262, Intr. CRISUL ALB nr. 30",BUCURESTI SECTORUL 4,179178,C,1,1457,1437,20,728,708,20,0,724,4,1500,772,252,472
42,MUNICIPIUL BUCURESTI,629,0,"Gradinita nr. 262, Intr. CRISUL ALB nr. 30",BUCURESTI SECTORUL 4,179178,C,1,1248,1224,24,619,593,24,2,612,7,1299,680,237,375
42,MUNICIPIUL BUCURESTI,630,0,"Gradinita nr. 228, Str. SPINIS nr. 1",BUCURESTI SECTORUL 4,179178,C,1,1651,1624,27,813,785,27,1,807,6,1700,887,294,513
42,MUNICIPIUL BUCURESTI,631,0,"Gradinita nr. 228, Str. SPINIS nr. 1",BUCURESTI SECTORUL 4,179178,C,1,1555,1519,36,874,838,36,0,864,10,1600,726,347,517
42,MUNICIPIUL BUCURESTI,632,0,"Scoala nr. 308, Str. RAUL SOIMULUI nr. 8",BUCURESTI SECTORUL 4,179178,C,1,1446,1424,22,766,743,22,1,759,7,1500,734,281,478
42,MUNICIPIUL BUCURESTI,633,0,"Scoala nr. 308, Str. RAUL SOIMULUI nr. 8",BUCURESTI SECTORUL 4,179178,C,1,1373,1360,13,707,692,13,2,699,8,1400,693,302,397
42,MUNICIPIUL BUCURESTI,634,0,"Scoala nr. 308, Str. RAUL SOIMULUI nr. 8",BUCURESTI SECTORUL 4,179178,C,1,1531,1510,21,641,619,21,1,640,1,1600,959,263,377
42,MUNICIPIUL BUCURESTI,635,0,"Scoala nr. 308, Str. RAUL SOIMULUI nr. 8",BUCURESTI SECTORUL 4,179178,C,1,1650,1629,21,727,706,21,0,722,5,1699,972,266,456
42,MUNICIPIUL BUCURESTI,636,0,"Scoala nr. 110 GEORGE TOPARCEANU, Str. ARGESELU nr. 6",BUCURESTI SECTORUL 4,179178,C,1,1608,1569,39,850,809,39,2,841,9,1700,850,366,475
42,MUNICIPIUL BUCURESTI,637,0,"Scoala nr. 110 GEORGE TOPARCEANU, Str. ARGESELU nr. 6",BUCURESTI SECTORUL 4,179178,C,1,1595,1576,19,803,784,19,0,796,7,1700,897,300,496
42,MUNICIPIUL BUCURESTI,638,0,"Scoala nr. 110 GEORGE TOPARCEANU, Str. ARGESELU nr. 6",BUCURESTI SECTORUL 4,179178,C,1,1558,1534,24,719,694,24,1,710,9,1599,880,279,431
42,MUNICIPIUL BUCURESTI,639,0,"Scoala nr. 110 GEORGE TOPARCEANU, Str. ARGESELU nr. 6",BUCURESTI SECTORUL 4,179178,C,1,1733,1710,23,818,795,23,0,811,7,1800,982,310,501
42,MUNICIPIUL BUCURESTI,640,0,"Scoala nr. 129, Str. IZVORUL CRISULUI nr. 6",BUCURESTI SECTORUL 4,179178,C,1,1654,1636,18,963,944,18,1,956,7,1796,833,334,622
42,MUNICIPIUL BUCURESTI,641,0,"Scoala nr. 129, Str. IZVORUL CRISULUI nr. 6",BUCURESTI SECTORUL 4,179178,C,1,1746,1724,22,1045,1023,22,0,1030,15,1800,755,346,684
42,MUNICIPIUL BUCURESTI,642,0,"Scoala nr. 129, Str. IZVORUL CRISULUI nr. 6",BUCURESTI SECTORUL 4,179178,C,1,1930,1905,25,992,966,25,1,989,3,2000,1008,392,597
42,MUNICIPIUL BUCURESTI,643,0,"Scoala nr. 129, Str. IZVORUL CRISULUI nr. 6",BUCURESTI SECTORUL 4,179178,C,1,1859,1837,22,1104,1081,22,1,1095,9,2000,896,375,720
42,MUNICIPIUL BUCURESTI,644,0,"Lic. Ec. Administrativ MIRCEA VULCANESCU, Str. IZVORUL CRISULU",BUCURESTI SECTORUL 4,179178,C,1,1536,1512,24,741,717,24,0,739,2,1600,859,287,452
42,MUNICIPIUL BUCURESTI,645,0,"Lic. Ec. Administrativ MIRCEA VULCANESCU, Str. IZVORUL CRISULU",BUCURESTI SECTORUL 4,179178,C,1,1488,1466,22,804,779,22,3,793,11,1600,796,305,488
42,MUNICIPIUL BUCURESTI,646,0,"Grup Scolar Ind. OCTAV ONICESCU, Str. TRIVALE nr. 29",BUCURESTI SECTORUL 4,179178,C,1,1783,1751,32,873,841,32,0,869,4,1900,1027,310,559
42,MUNICIPIUL BUCURESTI,647,0,"Grup Scolar Ind. OCTAV ONICESCU, Str. TRIVALE nr. 29",BUCURESTI SECTORUL 4,179178,C,1,1374,1356,18,806,787,18,1,800,6,1398,592,315,485
42,MUNICIPIUL BUCURESTI,648,0,"Grup Scolar Ind. OCTAV ONICESCU, Str. TRIVALE nr. 29",BUCURESTI SECTORUL 4,179178,C,1,1566,1551,15,823,808,15,0,819,4,1700,877,345,474
42,MUNICIPIUL BUCURESTI,649,0,"Grup Scolar Ind. OCTAV ONICESCU, Str. TRIVALE nr. 29",BUCURESTI SECTORUL 4,179178,C,1,1487,1470,17,894,877,17,0,887,7,1600,706,407,480
42,MUNICIPIUL BUCURESTI,650,0,"Scoala nr. 119, Str. ALMASUL MIC nr. 4",BUCURESTI SECTORUL 4,179178,C,1,2241,2220,21,1201,1179,21,1,1190,11,2400,1199,470,720
42,MUNICIPIUL BUCURESTI,651,0,"Scoala nr. 119, Str. ALMASUL MIC nr. 4",BUCURESTI SECTORUL 4,179178,C,1,1998,1980,18,1023,1005,18,0,1010,13,2100,1077,389,621
42,MUNICIPIUL BUCURESTI,652,0,"Scoala nr. 119, Str. ALMASUL MIC nr. 4",BUCURESTI SECTORUL 4,179178,C,1,1712,1682,30,896,866,30,0,882,14,1800,904,304,578
42,MUNICIPIUL BUCURESTI,653,0,"Scoala nr. 119, Str. ALMASUL MIC nr. 4",BUCURESTI SECTORUL 4,179178,C,1,1750,1727,23,733,709,23,1,728,5,1900,1167,278,450
42,MUNICIPIUL BUCURESTI,654,0,"Scoala nr. 36 IONEL TEODOREANU, Str. COSTILA nr. 2",BUCURESTI SECTORUL 4,179178,C,1,1520,1495,25,909,784,25,100,898,11,1500,591,327,571
42,MUNICIPIUL BUCURESTI,655,0,"Scoala nr. 36 IONEL TEODOREANU, Str. COSTILA nr. 2",BUCURESTI SECTORUL 4,179178,C,1,1319,1279,40,829,789,40,0,820,9,1700,871,358,462
42,MUNICIPIUL BUCURESTI,656,0,"Scoala nr. 36 IONEL TEODOREANU, Str. COSTILA nr. 2",BUCURESTI SECTORUL 4,179178,C,1,1704,1672,32,805,773,32,0,800,5,1800,995,289,511
42,MUNICIPIUL BUCURESTI,657,0,"Scoala nr. 36 IONEL TEODOREANU, Str. COSTILA nr. 2",BUCURESTI SECTORUL 4,179178,C,1,1765,1732,33,729,696,33,0,723,6,1900,1171,288,435
42,MUNICIPIUL BUCURESTI,658,0,"Scoala nr. 36 IONEL TEODOREANU, Str. COSTILA nr. 2",BUCURESTI SECTORUL 4,179178,C,1,1713,1686,27,761,734,27,0,757,4,1800,1039,311,446
42,MUNICIPIUL BUCURESTI,659,0,"Scoala nr. 36 IONEL TEODOREANU, Str. COSTILA nr. 2",BUCURESTI SECTORUL 4,179178,C,1,1626,1599,27,856,829,27,0,852,4,1708,852,340,512
42,MUNICIPIUL BUCURESTI,660,0,"Scoala nr. 99, Str. HUEDIN nr. 13",BUCURESTI SECTORUL 4,179178,C,1,1406,1370,36,716,680,36,0,713,3,1500,784,278,435
42,MUNICIPIUL BUCURESTI,661,0,"Scoala nr. 99, Str. HUEDIN nr. 13",BUCURESTI SECTORUL 4,179178,C,1,1933,1899,34,1019,985,34,0,1004,15,2000,981,405,599
42,MUNICIPIUL BUCURESTI,662,0,"Scoala nr. 99, Str. HUEDIN nr. 13",BUCURESTI SECTORUL 4,179178,C,1,1721,1689,32,797,765,32,0,786,11,1800,1003,357,429
42,MUNICIPIUL BUCURESTI,663,0,"Scoala nr. 99, Str. HUEDIN nr. 13",BUCURESTI SECTORUL 4,179178,C,1,1826,1799,27,868,841,27,0,859,9,1902,1034,360,499
42,MUNICIPIUL BUCURESTI,664,0,"Scoala nr. 108, Str. VATRA DORNEI nr. 8",BUCURESTI SECTORUL 4,179178,C,1,1528,1495,33,943,910,33,0,939,4,1600,657,359,580
42,MUNICIPIUL BUCURESTI,665,0,"Scoala nr. 108, Str. VATRA DORNEI nr. 8",BUCURESTI SECTORUL 4,179178,C,1,1492,1469,23,877,853,23,1,869,8,1600,723,366,503
42,MUNICIPIUL BUCURESTI,666,0,"Scoala nr. 108, Str. VATRA DORNEI nr. 8",BUCURESTI SECTORUL 4,179178,C,1,1600,1578,22,915,893,22,0,908,7,1700,785,342,566
42,MUNICIPIUL BUCURESTI,667,0,"Scoala nr. 108, Str. VATRA DORNEI nr. 8",BUCURESTI SECTORUL 4,179178,C,1,1335,1308,27,728,699,27,2,727,1,1400,672,243,484
42,MUNICIPIUL BUCURESTI,668,0,"Scoala nr. 108, Str. VATRA DORNEI nr. 8",BUCURESTI SECTORUL 4,179178,C,1,1226,1197,29,879,847,29,3,876,3,1600,721,352,524
42,MUNICIPIUL BUCURESTI,669,0,"Scoala nr. 98 AVRAM IANCU, Str. STUPILOR nr. 9",BUCURESTI SECTORUL 4,179178,C,1,1925,1891,34,1111,1077,34,0,1106,5,2000,889,405,701
42,MUNICIPIUL BUCURESTI,670,0,"Scoala nr. 98 AVRAM IANCU, Str. STUPILOR nr. 9",BUCURESTI SECTORUL 4,179178,C,1,1404,1379,25,866,839,25,2,863,3,1500,634,356,507
42,MUNICIPIUL BUCURESTI,671,0,"Scoala nr. 98 AVRAM IANCU, Str. STUPILOR nr. 9",BUCURESTI SECTORUL 4,179178,C,1,1606,1583,23,869,845,23,1,864,5,1696,827,311,553
42,MUNICIPIUL BUCURESTI,672,0,"Scoala nr. 98 AVRAM IANCU, Str. STUPILOR nr. 9",BUCURESTI SECTORUL 4,179178,C,1,1689,1666,23,803,779,23,1,794,9,1800,997,300,494
42,MUNICIPIUL BUCURESTI,673,0,"Scoala nr. 98 AVRAM IANCU, Str. STUPILOR nr. 9",BUCURESTI SECTORUL 4,179178,C,1,1660,1644,16,1029,1013,16,0,1022,7,1800,771,410,612
42,MUNICIPIUL BUCURESTI,674,0,"Gradinita nr. 167, Str. IZVORUL OLTULUI nr. 3",BUCURESTI SECTORUL 4,179178,C,1,1979,1946,33,994,961,33,0,990,4,2100,1106,402,588
42,MUNICIPIUL BUCURESTI,675,0,"Gradinita nr. 167, Str. IZVORUL OLTULUI nr. 3",BUCURESTI SECTORUL 4,179178,C,1,2103,2078,25,1090,1065,25,0,1083,7,2200,1110,400,683
42,MUNICIPIUL BUCURESTI,676,0,"Gradinita nr. 167, Str. IZVORUL OLTULUI nr. 3",BUCURESTI SECTORUL 4,179178,C,1,1891,1868,23,894,868,23,3,889,4,2000,1107,370,519
42,MUNICIPIUL BUCURESTI,677,0,"Gradinita nr. 167, Str. IZVORUL OLTULUI nr. 3",BUCURESTI SECTORUL 4,179178,C,1,1307,1275,32,569,535,32,2,563,6,1400,831,245,318
42,MUNICIPIUL BUCURESTI,678,0,"Scoala nr. 165, Al. SLATIOARA nr. 8",BUCURESTI SECTORUL 4,179178,C,1,2007,1987,20,921,900,20,1,915,6,2100,1179,366,549
42,MUNICIPIUL BUCURESTI,679,0,"Scoala nr. 165, Al. SLATIOARA nr. 8",BUCURESTI SECTORUL 4,179178,C,1,1990,1960,30,917,887,30,0,908,9,2100,1183,378,530
42,MUNICIPIUL BUCURESTI,680,0,"Scoala nr. 165, Al. SLATIOARA nr. 8",BUCURESTI SECTORUL 4,179178,C,1,2080,2042,38,846,806,38,2,846,0,2200,1354,348,498
42,MUNICIPIUL BUCURESTI,681,0,"Scoala nr. 165, Al. SLATIOARA nr. 8",BUCURESTI SECTORUL 4,179178,C,1,1869,1846,23,871,845,23,3,866,5,2000,1129,342,524
42,MUNICIPIUL BUCURESTI,682,0,"Gradinita nr. 243, Str. ALMASU MIC nr. 1",BUCURESTI SECTORUL 4,179178,C,1,1447,1444,3,726,706,3,17,722,4,1500,774,294,428
42,MUNICIPIUL BUCURESTI,683,0,"Gradinita nr. 243, Str. ALMASU MIC nr. 1",BUCURESTI SECTORUL 4,179178,C,1,1417,1396,21,668,646,21,1,662,6,1500,832,242,420
42,MUNICIPIUL BUCURESTI,684,0,"Gradinita nr. 28, Sos. GIURGIULUI nr. 247",BUCURESTI SECTORUL 4,179178,C,1,1532,1495,37,654,613,37,4,651,3,1600,946,287,364
42,MUNICIPIUL BUCURESTI,685,0,"Gradinita nr. 28, Sos. GIURGIULUI nr. 247",BUCURESTI SECTORUL 4,179178,C,1,1683,1618,65,782,717,65,0,778,4,1700,918,330,448
42,MUNICIPIUL BUCURESTI,686,0,"Scoala nr. 189 ALEX. ODOBESCU, Al. CICEU nr. 12",BUCURESTI SECTORUL 4,179178,C,1,1163,1143,20,579,559,20,0,573,6,1200,621,264,309
42,MUNICIPIUL BUCURESTI,687,0,"Scoala nr. 189 ALEX. ODOBESCU, Al. CICEU nr. 12",BUCURESTI SECTORUL 4,179178,C,1,1133,1107,26,556,529,26,1,550,6,1184,628,238,312
42,MUNICIPIUL BUCURESTI,688,0,"Scoala nr. 189 ALEX. ODOBESCU, Al. CICEU nr. 12",BUCURESTI SECTORUL 4,179178,C,1,930,911,19,458,438,19,1,456,2,1000,542,194,262
42,MUNICIPIUL BUCURESTI,689,0,"Scoala nr. 189 ALEX. ODOBESCU, Al. CICEU nr. 12",BUCURESTI SECTORUL 4,179178,C,1,1210,1192,18,735,716,18,1,730,5,1300,565,261,469
42,MUNICIPIUL BUCURESTI,690,0,"Scoala nr. 189 ALEX. ODOBESCU, Al. CICEU nr. 12",BUCURESTI SECTORUL 4,179178,C,1,1399,1365,34,771,736,34,1,763,8,1500,729,284,479
42,MUNICIPIUL BUCURESTI,691,0,"Grup Scolar Industrial DACIA, Str. CPT. GRIGORE MARIN nr. 42-4",BUCURESTI SECTORUL 4,179178,C,1,1776,1752,24,834,809,24,1,828,6,1900,1066,368,460
42,MUNICIPIUL BUCURESTI,692,0,"Grup Scolar Industrial DACIA, Str. CPT. GRIGORE MARIN nr. 42-4",BUCURESTI SECTORUL 4,179178,C,1,1652,1622,30,762,730,30,2,754,8,1700,938,299,455
42,MUNICIPIUL BUCURESTI,693,0,"Grup Scolar MIRON NICOLESCU, B-dul METALURGIEI nr. 89",BUCURESTI SECTORUL 4,179178,C,1,1878,1844,34,822,787,34,1,810,12,2000,1178,405,405
42,MUNICIPIUL BUCURESTI,694,0,"Grup Scolar MIRON NICOLESCU, B-dul METALURGIEI nr. 89",BUCURESTI SECTORUL 4,179178,C,1,1768,1738,30,657,627,30,0,653,4,1900,1242,344,309
42,MUNICIPIUL BUCURESTI,695,0,"Gradinita nr. 166, Str. PANSELELOR nr. 40",BUCURESTI SECTORUL 4,179178,C,1,2243,2223,20,1098,1077,20,1,1093,5,2397,1299,377,716
42,MUNICIPIUL BUCURESTI,696,0,"Gradinita nr. 166, Str. PANSELELOR nr. 40",BUCURESTI SECTORUL 4,179178,C,1,2251,2228,23,1070,1047,23,0,1064,6,2400,1330,432,632
42,MUNICIPIUL BUCURESTI,697,0,"Gradinita nr. 166, Str. PANSELELOR nr. 40",BUCURESTI SECTORUL 4,179178,C,1,2162,2128,34,1006,972,34,0,1002,4,2300,1294,400,602
42,MUNICIPIUL BUCURESTI,698,0,"Gradinita nr. 166, Str. PANSELELOR nr. 40",BUCURESTI SECTORUL 4,179178,C,1,2143,2125,18,954,935,18,1,942,12,2300,1346,378,564
42,MUNICIPIUL BUCURESTI,699,0,"Gradinita nr. 166, Str. PANSELELOR nr. 40",BUCURESTI SECTORUL 4,179178,C,1,1913,1897,16,861,845,16,0,853,8,2000,1139,346,507
42,MUNICIPIUL BUCURESTI,700,0,"Scoala nr. 102 G-ral E.GRIGORESCU, Str. CPT. E.POPESCU nr 31",BUCURESTI SECTORUL 4,179178,C,1,1833,1808,25,893,867,25,1,890,3,1900,1007,298,592
42,MUNICIPIUL BUCURESTI,701,0,"Scoala nr. 102 G-ral E.GRIGORESCU, Str. CPT. E.POPESCU nr 31",BUCURESTI SECTORUL 4,179178,C,1,1899,1877,22,963,941,22,0,960,3,2000,1037,384,576
42,MUNICIPIUL BUCURESTI,702,0,"Scoala nr. 102 G-ral E.GRIGORESCU, Str. CPT. E.POPESCU nr 31",BUCURESTI SECTORUL 4,179178,C,1,1419,1396,23,927,904,23,0,921,6,2000,1073,308,613
42,MUNICIPIUL BUCURESTI,703,0,"Scoala nr. 102 G-ral E.GRIGORESCU, Str. CPT. E.POPESCU nr 31",BUCURESTI SECTORUL 4,179178,C,1,1791,1773,18,912,893,18,1,905,7,1900,988,352,553
42,MUNICIPIUL BUCURESTI,704,0,"Scoala nr. 102 G-ral E.GRIGORESCU, Str. CPT. E.POPESCU nr 31",BUCURESTI SECTORUL 4,179178,C,1,1765,1743,22,895,872,22,1,887,8,1900,1005,312,575
42,MUNICIPIUL BUCURESTI,705,0,"Scoala nr. 102 G-ral E.GRIGORESCU, Str. CPT. E.POPESCU nr 31",BUCURESTI SECTORUL 4,179178,C,1,1941,1926,15,877,859,15,3,872,5,2099,1222,379,493
42,MUNICIPIUL BUCURESTI,706,0,"Scoala nr. 102 G-ral E.GRIGORESCU, Str. CPT. E.POPESCU nr 31",BUCURESTI SECTORUL 4,179178,C,1,1818,1798,20,942,921,20,1,934,8,1900,958,325,609
42,MUNICIPIUL BUCURESTI,707,0,"Scoala nr. 93, Al. EMIL RACOVITA nr. 1",BUCURESTI SECTORUL 4,179178,C,1,1659,1636,23,808,785,23,0,805,3,1700,892,313,492
42,MUNICIPIUL BUCURESTI,708,0,"Scoala nr. 93, Al. EMIL RACOVITA nr. 1",BUCURESTI SECTORUL 4,179178,C,1,1586,1561,25,837,808,25,4,826,11,1700,863,333,493
42,MUNICIPIUL BUCURESTI,709,0,"Scoala nr. 93, Al. EMIL RACOVITA nr. 1",BUCURESTI SECTORUL 4,179178,C,1,1699,1640,59,845,781,59,5,838,7,1800,955,332,506
42,MUNICIPIUL BUCURESTI,710,0,"Scoala nr. 93, Al. EMIL RACOVITA nr. 1",BUCURESTI SECTORUL 4,179178,C,1,1660,1638,22,873,851,22,0,868,5,1800,927,345,523
42,MUNICIPIUL BUCURESTI,711,0,"Gradinita nr. 264, Str. ALIORULUI nr. 5",BUCURESTI SECTORUL 4,179178,C,1,1385,1365,20,782,761,20,1,772,10,1500,718,289,483
42,MUNICIPIUL BUCURESTI,712,0,"Gradinita nr. 264, Str. ALIORULUI nr. 5",BUCURESTI SECTORUL 4,179178,C,1,1253,1234,19,706,681,19,6,704,2,1300,594,259,445
42,MUNICIPIUL BUCURESTI,713,0,"Gradinita nr. 264, Str. ALIORULUI nr. 5",BUCURESTI SECTORUL 4,179178,C,1,1575,1557,18,933,915,18,0,930,3,1700,767,363,567
42,MUNICIPIUL BUCURESTI,714,0,"Scoala nr. 133, Str. STANJENEILOR nr. 3",BUCURESTI SECTORUL 4,179178,C,1,1823,1791,32,942,910,32,0,933,9,1896,954,355,578
42,MUNICIPIUL BUCURESTI,715,0,"Scoala nr. 133, Str. STANJENEILOR nr. 3",BUCURESTI SECTORUL 4,179178,C,1,1809,1788,21,959,938,21,0,954,5,1900,941,338,616
42,MUNICIPIUL BUCURESTI,716,0,"Scoala nr. 133, Str. STANJENEILOR nr. 3",BUCURESTI SECTORUL 4,179178,C,1,1722,1713,9,867,858,9,0,858,9,1800,933,351,507
42,MUNICIPIUL BUCURESTI,717,0,"Scoala nr. 133, Str. STANJENEILOR nr. 3",BUCURESTI SECTORUL 4,179178,C,1,1153,1120,33,923,889,33,1,917,6,1900,977,350,567
42,MUNICIPIUL BUCURESTI,718,0,"Scoala nr. 133, Str. STANJENEILOR nr. 3",BUCURESTI SECTORUL 4,179178,C,1,1812,1790,22,895,872,22,1,891,4,1900,1005,355,536
42,MUNICIPIUL BUCURESTI,719,0,"Scoala nr. 133, Str. STANJENEILOR nr. 3",BUCURESTI SECTORUL 4,179178,C,1,1682,1652,30,905,873,30,2,895,10,1800,895,344,551
42,MUNICIPIUL BUCURESTI,720,0,"Scoala nr. 194 MARIN SORESCU, Bdul ALEX. OBREGIA nr. 3A",BUCURESTI SECTORUL 4,179178,C,1,1149,1131,18,671,652,18,1,669,2,1200,529,260,409
42,MUNICIPIUL BUCURESTI,721,0,"Scoala nr. 194 MARIN SORESCU, Bdul ALEX. OBREGIA nr. 3A",BUCURESTI SECTORUL 4,179178,C,1,1296,1273,23,689,665,23,1,684,5,1300,611,285,399
42,MUNICIPIUL BUCURESTI,722,0,"Scoala nr. 194 MARIN SORESCU, Bdul ALEX. OBREGIA nr. 3A",BUCURESTI SECTORUL 4,179178,C,1,1306,1280,26,722,696,26,0,716,6,1400,678,262,454
42,MUNICIPIUL BUCURESTI,723,0,"Scoala nr. 194 MARIN SORESCU, Bdul ALEX. OBREGIA nr. 3A",BUCURESTI SECTORUL 4,179178,C,1,1729,1691,38,938,897,38,3,933,5,1801,863,356,577
42,MUNICIPIUL BUCURESTI,724,0,"Scoala nr. 194 MARIN SORESCU, Bdul ALEX. OBREGIA nr. 3A",BUCURESTI SECTORUL 4,179178,C,1,1303,1282,21,695,674,21,0,691,4,1400,705,261,430
42,MUNICIPIUL BUCURESTI,725,0,"Scoala nr. 194 MARIN SORESCU, Bdul ALEX. OBREGIA nr. 3A",BUCURESTI SECTORUL 4,179178,C,1,1304,1285,19,806,772,19,15,797,9,1400,594,350,447
42,MUNICIPIUL BUCURESTI,726,0,"Gradinita nr. 193, Aleea TERASEI nr. 8",BUCURESTI SECTORUL 4,179178,C,1,1084,1064,20,614,594,20,0,613,1,1100,486,233,380
42,MUNICIPIUL BUCURESTI,727,0,"Gradinita nr. 193, Aleea TERASEI nr. 8",BUCURESTI SECTORUL 4,179178,C,1,1276,1263,13,764,750,13,1,755,9,1300,536,315,440
42,MUNICIPIUL BUCURESTI,728,0,"Scoala nr. 113, Str. PARINCEA nr. 4",BUCURESTI SECTORUL 4,179178,C,1,1648,1632,16,901,885,16,0,893,8,1700,799,330,563
42,MUNICIPIUL BUCURESTI,729,0,"Scoala nr. 113, Str. PARINCEA nr. 4",BUCURESTI SECTORUL 4,179178,C,1,1660,1646,14,935,920,14,1,931,4,1800,865,317,614
42,MUNICIPIUL BUCURESTI,730,0,"Scoala nr. 113, Str. PARINCEA nr. 4",BUCURESTI SECTORUL 4,179178,C,1,1879,1870,9,1060,1044,9,7,1053,7,2000,940,414,639
42,MUNICIPIUL BUCURESTI,731,0,"Scoala nr. 113, Str. PARINCEA nr. 4",BUCURESTI SECTORUL 4,179178,C,1,2065,2047,18,1192,1174,18,0,1186,6,2199,1007,408,778
42,MUNICIPIUL BUCURESTI,732,0,"Scoala nr. 113, Str. PARINCEA nr. 4",BUCURESTI SECTORUL 4,179178,C,1,1974,1942,32,1153,1121,32,0,1148,5,2400,1247,425,723
42,MUNICIPIUL BUCURESTI,733,0,"Scoala nr. 113, Str. PARINCEA nr. 4",BUCURESTI SECTORUL 4,179178,C,1,1972,1938,34,1057,959,34,64,1048,9,2101,1044,355,693
42,MUNICIPIUL BUCURESTI,1334,1,"Spitalul clinic de urgenta ""Prof. Dumitru Bagdasar"" - Sos. Berceni nr.12",BUCURESTI SECTORUL 4,179178,C,1,74,0,74,591,0,74,517,574,17,2100,1509,265,309
42,MUNICIPIUL BUCURESTI,1335,1,"Spitalul de bolnavi cronici si geriatrie ""Sf. Luca"" - Sos. Berceni nr.12",BUCURESTI SECTORUL 4,179178,C,1,72,0,72,437,0,72,365,424,13,800,363,232,192
42,MUNICIPIUL BUCURESTI,1336,1,"Spitalul clinic de urgenta ""Sf. Ioan"" - Str. Vitan Barzesti nr.13",BUCURESTI SECTORUL 4,179178,C,1,65,0,65,341,0,65,276,340,1,600,259,163,177
42,MUNICIPIUL BUCURESTI,1337,1,Caminul studentesc C2 - Aleea Moldovita nr.5,BUCURESTI SECTORUL 4,179178,C,1,12,0,12,53,0,12,41,53,0,600,547,16,37
42,MUNICIPIUL BUCURESTI,1380,1,U.M. 01348 Buc - Sos. Oltenitei nr.290,BUCURESTI SECTORUL 4,179178,C,1,55,0,55,187,0,55,132,187,0,300,113,103,84
42,MUNICIPIUL BUCURESTI,734,0,"Scoala Generala nr. 134, Str. BACIULUI nr. 4A",BUCURESTI SECTORUL 5,179187,C,1,1311,1291,20,481,461,20,0,479,2,1500,1019,228,251
42,MUNICIPIUL BUCURESTI,735,0,"Scoala Generala nr. 134, Str. BACIULUI nr. 4A",BUCURESTI SECTORUL 5,179187,C,1,1559,1532,27,716,689,27,0,714,2,1600,884,314,400
42,MUNICIPIUL BUCURESTI,736,0,"Scoala Generala nr. 134, Str. BACIULUI nr. 4A",BUCURESTI SECTORUL 5,179187,C,1,1279,1266,13,548,535,13,0,537,11,1300,752,263,274
42,MUNICIPIUL BUCURESTI,737,0,"Scoala Generala nr. 134, Str. BACIULUI nr. 4A",BUCURESTI SECTORUL 5,179187,C,1,1091,1076,15,374,359,15,0,366,8,1100,726,164,202
42,MUNICIPIUL BUCURESTI,738,0,"Scoala Generala nr. 134, Str. BACIULUI nr. 4A",BUCURESTI SECTORUL 5,179187,C,1,1841,1818,23,814,789,23,2,803,11,1900,1086,356,447
42,MUNICIPIUL BUCURESTI,739,0,"Scoala Generala nr. 134, Str. BACIULUI nr. 4A",BUCURESTI SECTORUL 5,179187,C,1,1739,1721,18,813,795,18,0,807,6,1800,987,356,451
42,MUNICIPIUL BUCURESTI,740,0,"Scoala Generala nr. 134, Str. BACIULUI nr. 4A",BUCURESTI SECTORUL 5,179187,C,1,1476,1452,24,584,560,24,0,578,6,1600,1016,302,276
42,MUNICIPIUL BUCURESTI,741,0,"Scoala Generala nr. 134, Str. BACIULUI nr. 4A",BUCURESTI SECTORUL 5,179187,C,1,1757,1733,24,699,675,24,0,695,4,1801,1102,335,360
42,MUNICIPIUL BUCURESTI,742,0,"Scoala Generala nr. 134, Str. BACIULUI nr. 4A",BUCURESTI SECTORUL 5,179187,C,1,904,882,22,327,305,22,0,322,5,1000,673,150,172
42,MUNICIPIUL BUCURESTI,743,0,"Scoala Generala nr. 134, Str. BACIULUI nr. 4A",BUCURESTI SECTORUL 5,179187,C,1,1437,1403,34,641,607,34,0,636,5,1800,1159,312,324
42,MUNICIPIUL BUCURESTI,744,0,"Scoala Generala nr. 134, Str. BACIULUI nr. 4A",BUCURESTI SECTORUL 5,179187,C,1,989,962,27,368,341,27,0,366,2,1000,632,185,181
42,MUNICIPIUL BUCURESTI,745,0,"COLEGIUL TEHNIC ENERGETIC, Str. PODUL GIURGIULUI nr. 5",BUCURESTI SECTORUL 5,179187,C,1,1322,1294,28,683,655,28,0,679,4,1300,617,296,383
42,MUNICIPIUL BUCURESTI,746,0,"COLEGIUL TEHNIC ENERGETIC, Str. PODUL GIURGIULUI nr. 5",BUCURESTI SECTORUL 5,179187,C,1,1602,1562,40,905,865,40,0,895,10,1600,695,437,458
42,MUNICIPIUL BUCURESTI,747,0,"COLEGIUL TEHNIC ENERGETIC, Str. PODUL GIURGIULUI nr. 5",BUCURESTI SECTORUL 5,179187,C,1,1104,1074,30,616,577,30,9,613,3,1100,484,245,368
42,MUNICIPIUL BUCURESTI,748,0,"COLEGIUL TEHNIC ENERGETIC, Str. PODUL GIURGIULUI nr. 5",BUCURESTI SECTORUL 5,179187,C,1,1236,1184,52,659,604,52,3,655,4,1200,541,249,406
42,MUNICIPIUL BUCURESTI,749,0,"Scoala Generala nr. 136, Prel. FERENTARILOR nr. 68",BUCURESTI SECTORUL 5,179187,C,1,1780,1738,42,651,608,42,1,642,9,1800,1149,331,311
42,MUNICIPIUL BUCURESTI,750,0,"Scoala Generala nr. 136, Prel. FERENTARILOR nr. 68",BUCURESTI SECTORUL 5,179187,C,1,1158,1138,20,436,415,20,1,430,6,1200,764,241,189
42,MUNICIPIUL BUCURESTI,751,0,"Scoala Generala nr. 136, Prel. FERENTARILOR nr. 68",BUCURESTI SECTORUL 5,179187,C,1,1491,1456,35,545,510,35,0,543,2,1500,955,298,245
42,MUNICIPIUL BUCURESTI,752,0,"Scoala Generala nr. 136, Prel. FERENTARILOR nr. 68",BUCURESTI SECTORUL 5,179187,C,1,1419,1396,23,532,509,23,0,522,10,1500,968,230,292
42,MUNICIPIUL BUCURESTI,753,0,"Scoala Generala nr. 136, Prel. FERENTARILOR nr. 68",BUCURESTI SECTORUL 5,179187,C,1,1549,1518,31,610,579,31,0,607,3,1600,990,306,301
42,MUNICIPIUL BUCURESTI,754,0,"Scoala Generala nr. 136, Prel. FERENTARILOR nr. 68",BUCURESTI SECTORUL 5,179187,C,1,1582,1551,31,644,611,31,2,636,8,1598,954,299,337
42,MUNICIPIUL BUCURESTI,755,0,"Scoala Generala nr. 136, Prel. FERENTARILOR nr. 68",BUCURESTI SECTORUL 5,179187,C,1,1406,1369,37,646,609,37,0,639,7,1400,754,303,336
42,MUNICIPIUL BUCURESTI,756,0,"Scoala Generala nr. 2, Str. LACUL BUCURA nr. 14",BUCURESTI SECTORUL 5,179187,C,1,1201,1171,30,534,503,30,1,529,5,1196,662,222,307
42,MUNICIPIUL BUCURESTI,757,0,"Scoala Generala nr. 2, Str. LACUL BUCURA nr. 14",BUCURESTI SECTORUL 5,179187,C,1,1198,1176,22,553,524,22,7,549,4,1200,647,266,283
42,MUNICIPIUL BUCURESTI,758,0,"Scoala Generala nr. 2, Str. LACUL BUCURA nr. 14",BUCURESTI SECTORUL 5,179187,C,1,1208,1187,21,545,522,21,2,537,8,1197,652,213,324
42,MUNICIPIUL BUCURESTI,759,0,"Scoala Generala nr. 2, Str. LACUL BUCURA nr. 14",BUCURESTI SECTORUL 5,179187,C,1,958,925,33,447,413,33,1,444,3,1000,553,201,243
42,MUNICIPIUL BUCURESTI,760,0,"Scoala Generala nr. 2, Str. LACUL BUCURA nr. 14",BUCURESTI SECTORUL 5,179187,C,1,1225,1206,19,533,511,19,3,527,6,1300,767,254,273
42,MUNICIPIUL BUCURESTI,761,0,"Scoala Generala 188, Str. TUFISULUI nr. 13",BUCURESTI SECTORUL 5,179187,C,1,1030,1002,28,558,529,28,1,550,8,1098,540,236,314
42,MUNICIPIUL BUCURESTI,762,0,"Scoala Generala 188, Str. TUFISULUI nr. 13",BUCURESTI SECTORUL 5,179187,C,1,1133,1110,23,502,476,23,3,496,6,1200,698,205,291
42,MUNICIPIUL BUCURESTI,763,0,"Scoala Generala 188, Str. TUFISULUI nr. 13",BUCURESTI SECTORUL 5,179187,C,1,1027,1008,19,563,544,19,0,555,8,1100,537,179,376
42,MUNICIPIUL BUCURESTI,764,0,"Scoala Generala 188, Str. TUFISULUI nr. 13",BUCURESTI SECTORUL 5,179187,C,1,1051,1016,35,511,476,35,0,509,2,1100,589,215,294
42,MUNICIPIUL BUCURESTI,765,0,"Scoala Generala 188, Str. TUFISULUI nr. 13",BUCURESTI SECTORUL 5,179187,C,1,907,894,13,401,388,13,0,400,1,1000,599,136,264
42,MUNICIPIUL BUCURESTI,766,0,"Scoala Generala nr. 114, Str. PANDELE ROSCA nr. 2-4",BUCURESTI SECTORUL 5,179187,C,1,928,909,19,730,521,19,190,725,5,1600,870,243,482
42,MUNICIPIUL BUCURESTI,767,0,"Scoala Generala nr. 114, Str. PANDELE ROSCA nr. 2-4",BUCURESTI SECTORUL 5,179187,C,1,1204,1181,23,521,497,23,1,516,5,1200,679,206,310
42,MUNICIPIUL BUCURESTI,768,0,"Scoala Generala nr. 114, Str. PANDELE ROSCA nr. 2-4",BUCURESTI SECTORUL 5,179187,C,1,1702,1673,29,843,813,29,1,833,10,1701,858,408,425
42,MUNICIPIUL BUCURESTI,769,0,"Scoala Generala nr. 114, Str. PANDELE ROSCA nr. 2-4",BUCURESTI SECTORUL 5,179187,C,1,1093,1072,21,570,545,21,4,564,6,1100,530,203,361
42,MUNICIPIUL BUCURESTI,770,0,"COLEGIUL ECONOMIC VIILOR, Sos. VIILOR nr. 38",BUCURESTI SECTORUL 5,179187,C,1,1054,1032,22,500,477,22,1,499,1,1100,600,192,307
42,MUNICIPIUL BUCURESTI,771,0,"COLEGIUL ECONOMIC VIILOR, Sos. VIILOR nr. 38",BUCURESTI SECTORUL 5,179187,C,1,943,926,17,594,458,17,119,588,6,1300,706,218,370
42,MUNICIPIUL BUCURESTI,772,0,"COL.TEHNIC DE IND.ALIMENTARA D_TRU MOTOC, Str. SPATARUL PREDA NR.16",BUCURESTI SECTORUL 5,179187,C,1,1245,1225,20,616,596,20,0,608,8,1300,684,219,389
42,MUNICIPIUL BUCURESTI,773,0,"COL.TEHNIC DE IND.ALIMENTARA D_TRU MOTOC, Str. SPATARUL PREDA NR.16",BUCURESTI SECTORUL 5,179187,C,1,1236,1143,93,660,567,93,0,655,5,1201,541,230,425
42,MUNICIPIUL BUCURESTI,774,0,"COL.TEHNIC DE IND.ALIMENTARA D_TRU MOTOC, Str. SPATARUL PREDA NR.16",BUCURESTI SECTORUL 5,179187,C,1,1101,1089,12,534,521,12,1,528,6,1201,667,203,325
42,MUNICIPIUL BUCURESTI,775,0,"COL.TEHNIC DE IND.ALIMENTARA D_TRU MOTOC, Str. SPATARUL PREDA NR.16",BUCURESTI SECTORUL 5,179187,C,1,1406,1347,59,711,652,59,0,708,3,1401,690,269,439
42,MUNICIPIUL BUCURESTI,776,0,"CLUBUL COPIILOR SECTOR 5, Str. NASAUD nr. 93",BUCURESTI SECTORUL 5,179187,C,1,1467,1449,18,770,752,18,0,762,8,1598,828,257,505
42,MUNICIPIUL BUCURESTI,777,0,"CLUBUL COPIILOR SECTOR 5, Str. NASAUD nr. 93",BUCURESTI SECTORUL 5,179187,C,1,1539,1519,20,788,768,20,0,786,2,1600,812,323,463
42,MUNICIPIUL BUCURESTI,778,0,"Scoala Generala nr. 135, Cal. FERENTARILOR nr. 72",BUCURESTI SECTORUL 5,179187,C,1,1069,1026,43,561,518,43,0,554,7,1100,539,233,321
42,MUNICIPIUL BUCURESTI,779,0,"Scoala Generala nr. 135, Cal. FERENTARILOR nr. 72",BUCURESTI SECTORUL 5,179187,C,1,1346,1330,16,675,659,16,0,668,7,1399,724,263,405
42,MUNICIPIUL BUCURESTI,780,0,"Scoala Generala nr. 135, Cal. FERENTARILOR nr. 72",BUCURESTI SECTORUL 5,179187,C,1,1310,1283,27,567,540,27,0,563,4,1296,729,222,341
42,MUNICIPIUL BUCURESTI,781,0,"Scoala Generala nr. 135, Cal. FERENTARILOR nr. 72",BUCURESTI SECTORUL 5,179187,C,1,1633,1559,74,903,824,74,5,890,13,1700,797,343,547
42,MUNICIPIUL BUCURESTI,782,0,"Scoala Generala nr. 280 ""MIHAIL SEBASTIAN"", Str. GH. DONICI nr.4A",BUCURESTI SECTORUL 5,179187,C,1,1450,1425,25,741,716,25,0,739,2,1500,759,287,452
42,MUNICIPIUL BUCURESTI,783,0,"Scoala Generala nr. 280 ""MIHAIL SEBASTIAN"", Str. GH. DONICI nr.4A",BUCURESTI SECTORUL 5,179187,C,1,1248,1232,16,590,574,16,0,588,2,1300,710,219,369
42,MUNICIPIUL BUCURESTI,784,0,"Scoala Generala nr. 280 ""MIHAIL SEBASTIAN"", Str. GH. DONICI nr.4A",BUCURESTI SECTORUL 5,179187,C,1,1153,1136,17,553,536,17,0,553,0,1200,647,189,364
42,MUNICIPIUL BUCURESTI,785,0,"Scoala Generala nr. 280 ""MIHAIL SEBASTIAN"", Str. GH. DONICI nr.4A",BUCURESTI SECTORUL 5,179187,C,1,1192,1176,16,624,608,16,0,622,2,1200,576,230,392
42,MUNICIPIUL BUCURESTI,786,0,"Scoala Generala nr. 280 ""MIHAIL SEBASTIAN"", Str. GH. DONICI nr.4A",BUCURESTI SECTORUL 5,179187,C,1,954,934,20,466,446,20,0,465,1,1000,534,161,304
42,MUNICIPIUL BUCURESTI,787,0,"Scoala Generala nr. 280 ""MIHAIL SEBASTIAN"", Str. GH. DONICI nr.4A",BUCURESTI SECTORUL 5,179187,C,1,1479,1438,41,766,720,41,5,756,10,1600,834,287,469
42,MUNICIPIUL BUCURESTI,788,0,"Scoala Generala nr. 280 ""MIHAIL SEBASTIAN"", Str. GH. DONICI nr.4A",BUCURESTI SECTORUL 5,179187,C,1,1392,1376,16,726,705,16,5,720,6,1500,774,288,432
42,MUNICIPIUL BUCURESTI,789,0,"Scoala Generala nr. 280 ""MIHAIL SEBASTIAN"", Str. GH. DONICI nr.4A",BUCURESTI SECTORUL 5,179187,C,1,1294,1270,24,657,632,24,1,650,7,1384,727,260,390
42,MUNICIPIUL BUCURESTI,790,0,"Scoala Generala nr. 132, Str. GRIGORE TOCILESCU nr. 20",BUCURESTI SECTORUL 5,179187,C,1,1316,1291,25,685,660,25,0,682,3,1400,715,234,448
42,MUNICIPIUL BUCURESTI,791,0,"Scoala Generala nr. 132, Str. GRIGORE TOCILESCU nr. 20",BUCURESTI SECTORUL 5,179187,C,1,1382,1354,28,684,656,28,0,678,6,1501,817,230,448
42,MUNICIPIUL BUCURESTI,792,0,"Scoala Generala nr. 132, Str. GRIGORE TOCILESCU nr. 20",BUCURESTI SECTORUL 5,179187,C,1,1356,1332,24,721,697,24,0,718,3,1500,779,241,477
42,MUNICIPIUL BUCURESTI,793,0,"GRADINITA NR.205, CAL. FERENTARI nr.2",BUCURESTI SECTORUL 5,179187,C,1,1479,1464,15,819,799,15,5,815,4,1502,683,281,534
42,MUNICIPIUL BUCURESTI,794,0,"GRADINITA NR.205, CAL. FERENTARI nr.2",BUCURESTI SECTORUL 5,179187,C,1,1330,1297,33,737,703,33,1,731,6,1400,663,263,468
42,MUNICIPIUL BUCURESTI,795,0,"GRADINITA NR.205, CAL. FERENTARI nr.2",BUCURESTI SECTORUL 5,179187,C,1,1480,1452,28,726,698,28,0,717,9,1600,874,266,451
42,MUNICIPIUL BUCURESTI,796,0,"GRADINITA NR.205, CAL. FERENTARI nr.2",BUCURESTI SECTORUL 5,179187,C,1,1156,1134,22,631,608,22,1,624,7,1200,569,249,375
42,MUNICIPIUL BUCURESTI,797,0,"GRADINITA NR.205, CAL. FERENTARI nr.2",BUCURESTI SECTORUL 5,179187,C,1,1335,1314,21,744,722,21,1,740,4,1400,656,246,494
42,MUNICIPIUL BUCURESTI,798,0,"Liceul Teoretic DIMITRIE BOLINTINEANU, Cal. RAHOVEI nr. 311",BUCURESTI SECTORUL 5,179187,C,1,1222,1201,21,618,596,21,1,614,4,1300,682,264,350
42,MUNICIPIUL BUCURESTI,799,0,"Liceul Teoretic DIMITRIE BOLINTINEANU, Cal. RAHOVEI nr. 311",BUCURESTI SECTORUL 5,179187,C,1,1291,1261,30,686,655,30,1,679,7,1401,715,270,409
42,MUNICIPIUL BUCURESTI,800,0,"Liceul Teoretic DIMITRIE BOLINTINEANU, Cal. RAHOVEI nr. 311",BUCURESTI SECTORUL 5,179187,C,1,1285,1269,16,674,656,16,2,670,4,1300,626,259,411
42,MUNICIPIUL BUCURESTI,801,0,"Liceul Teoretic DIMITRIE BOLINTINEANU, Cal. RAHOVEI nr. 311",BUCURESTI SECTORUL 5,179187,C,1,1417,1399,18,712,693,18,1,711,1,1500,788,284,427
42,MUNICIPIUL BUCURESTI,802,0,"Liceul Teoretic DIMITRIE BOLINTINEANU, Cal. RAHOVEI nr. 311",BUCURESTI SECTORUL 5,179187,C,1,1352,1329,23,750,723,23,4,745,5,1400,650,294,451
42,MUNICIPIUL BUCURESTI,803,0,"Liceul Teoretic DIMITRIE BOLINTINEANU, Cal. RAHOVEI nr. 311",BUCURESTI SECTORUL 5,179187,C,1,1467,1439,28,636,608,28,0,636,0,1500,864,249,387
42,MUNICIPIUL BUCURESTI,804,0,"Liceul Teoretic DIMITRIE BOLINTINEANU, Cal. RAHOVEI nr. 311",BUCURESTI SECTORUL 5,179187,C,1,1189,1163,26,556,530,26,0,552,4,1294,738,209,343
42,MUNICIPIUL BUCURESTI,805,0,"Liceul Teoretic DIMITRIE BOLINTINEANU, Cal. RAHOVEI nr. 311",BUCURESTI SECTORUL 5,179187,C,1,1315,1283,32,624,586,32,6,617,7,1401,777,252,365
42,MUNICIPIUL BUCURESTI,806,0,"Liceul Teoretic DIMITRIE BOLINTINEANU, Cal. RAHOVEI nr. 311",BUCURESTI SECTORUL 5,179187,C,1,1047,1021,26,571,545,26,0,567,4,1100,529,233,334
42,MUNICIPIUL BUCURESTI,807,0,"Scoala Generala nr. 141  I.C. BRATIANU, Str. AMURGULUI nr. 35",BUCURESTI SECTORUL 5,179187,C,1,1224,1209,15,655,640,15,0,651,4,1300,645,231,420
42,MUNICIPIUL BUCURESTI,808,0,"Scoala Generala nr. 141  I.C. BRATIANU, Str. AMURGULUI nr. 35",BUCURESTI SECTORUL 5,179187,C,1,1141,1122,19,619,600,19,0,608,11,1200,581,243,365
42,MUNICIPIUL BUCURESTI,809,0,"Scoala Generala nr. 141  I.C. BRATIANU, Str. AMURGULUI nr. 35",BUCURESTI SECTORUL 5,179187,C,1,1555,1527,28,780,752,28,0,774,6,1600,820,326,448
42,MUNICIPIUL BUCURESTI,810,0,"Scoala Generala nr. 141  I.C. BRATIANU, Str. AMURGULUI nr. 35",BUCURESTI SECTORUL 5,179187,C,1,1153,1135,18,543,524,18,1,539,4,1200,657,253,286
42,MUNICIPIUL BUCURESTI,811,0,"Scoala Generala nr. 141  I.C. BRATIANU, Str. AMURGULUI nr. 35",BUCURESTI SECTORUL 5,179187,C,1,1254,1233,21,620,598,21,1,613,7,1400,780,218,395
42,MUNICIPIUL BUCURESTI,812,0,"Scoala Generala nr. 141  I.C. BRATIANU, Str. AMURGULUI nr. 35",BUCURESTI SECTORUL 5,179187,C,1,1492,1470,22,743,721,22,0,740,3,1600,857,298,442
42,MUNICIPIUL BUCURESTI,813,0,"Scoala Generala nr. 141  I.C. BRATIANU, Str. AMURGULUI nr. 35",BUCURESTI SECTORUL 5,179187,C,1,1172,1142,30,461,431,30,0,459,2,1200,739,257,202
42,MUNICIPIUL BUCURESTI,814,0,"Scoala Generala nr. 141  I.C. BRATIANU, Str. AMURGULUI nr. 35",BUCURESTI SECTORUL 5,179187,C,1,2126,2078,48,895,847,48,0,883,12,2000,1105,420,463
42,MUNICIPIUL BUCURESTI,815,0,"Scoala Generala nr. 141  I.C. BRATIANU, Str. AMURGULUI nr. 35",BUCURESTI SECTORUL 5,179187,C,1,1298,1275,23,575,552,23,0,571,4,1400,825,267,304
42,MUNICIPIUL BUCURESTI,816,0,"Scoala Generala nr. 141  I.C. BRATIANU, Str. AMURGULUI nr. 35",BUCURESTI SECTORUL 5,179187,C,1,1099,1077,22,548,506,22,20,545,3,1300,752,203,342
42,MUNICIPIUL BUCURESTI,817,0,"Scoala Generala nr. 141  I.C. BRATIANU, Str. AMURGULUI nr. 35",BUCURESTI SECTORUL 5,179187,C,1,1155,1131,24,592,568,24,0,589,3,1200,608,210,379
42,MUNICIPIUL BUCURESTI,818,0,"Scoala Generala 148 G. CALINESCU, Str. BACHUS nr. 42",BUCURESTI SECTORUL 5,179187,C,1,1276,1250,26,606,580,26,0,601,5,1300,694,283,318
42,MUNICIPIUL BUCURESTI,819,0,"Scoala Generala 148 G. CALINESCU, Str. BACHUS nr. 42",BUCURESTI SECTORUL 5,179187,C,1,1274,1250,24,589,564,24,1,585,4,1300,711,242,343
42,MUNICIPIUL BUCURESTI,820,0,"Scoala Generala 148 G. CALINESCU, Str. BACHUS nr. 42",BUCURESTI SECTORUL 5,179187,C,1,1318,1296,22,603,581,22,0,601,2,1400,797,249,352
42,MUNICIPIUL BUCURESTI,821,0,"Scoala Generala 148 G. CALINESCU, Str. BACHUS nr. 42",BUCURESTI SECTORUL 5,179187,C,1,1405,1383,22,637,615,22,0,630,7,1500,863,288,342
42,MUNICIPIUL BUCURESTI,822,0,"Scoala Generala 148 G. CALINESCU, Str. BACHUS nr. 42",BUCURESTI SECTORUL 5,179187,C,1,1447,1433,14,667,653,14,0,658,9,1500,833,309,349
42,MUNICIPIUL BUCURESTI,823,0,"Gradinita nr. 244, Str. HUMULESTI nr. 31",BUCURESTI SECTORUL 5,179187,C,1,1384,1357,27,561,534,27,0,556,5,1400,839,288,268
42,MUNICIPIUL BUCURESTI,824,0,"Gradinita nr. 244, Str. HUMULESTI nr. 31",BUCURESTI SECTORUL 5,179187,C,1,1467,1440,27,672,645,27,0,663,9,1500,828,364,299
42,MUNICIPIUL BUCURESTI,825,0,"Scoala Generala 147 P. POENARU, Str. BACAU nr. 1",BUCURESTI SECTORUL 5,179187,C,1,1153,1139,14,520,506,14,0,514,6,1200,680,238,276
42,MUNICIPIUL BUCURESTI,826,0,"Scoala Generala 147 P. POENARU, Str. BACAU nr. 1",BUCURESTI SECTORUL 5,179187,C,1,1151,1123,28,549,521,28,0,541,8,1201,652,245,296
42,MUNICIPIUL BUCURESTI,827,0,"Scoala Generala 147 P. POENARU, Str. BACAU nr. 1",BUCURESTI SECTORUL 5,179187,C,1,1160,1131,29,550,521,29,0,543,7,1200,650,231,312
42,MUNICIPIUL BUCURESTI,828,0,"Scoala Generala 147 P. POENARU, Str. BACAU nr. 1",BUCURESTI SECTORUL 5,179187,C,1,1268,1245,23,606,583,23,0,604,2,1300,694,274,330
42,MUNICIPIUL BUCURESTI,829,0,"Scoala Generala 147 P. POENARU, Str. BACAU nr. 1",BUCURESTI SECTORUL 5,179187,C,1,1268,1242,26,573,547,26,0,568,5,1300,727,322,246
42,MUNICIPIUL BUCURESTI,830,0,"Scoala Generala 147 P. POENARU, Str. BACAU nr. 1",BUCURESTI SECTORUL 5,179187,C,1,1295,1274,21,598,572,21,5,594,4,1301,703,259,335
42,MUNICIPIUL BUCURESTI,831,0,"Scoala Generala 147 P. POENARU, Str. BACAU nr. 1",BUCURESTI SECTORUL 5,179187,C,1,1138,1113,25,552,527,25,0,543,9,1200,648,241,302
42,MUNICIPIUL BUCURESTI,832,0,"Scoala Generala nr. 127, Str. MUNTII CARPATI nr. 72",BUCURESTI SECTORUL 5,179187,C,1,1374,1348,26,545,516,26,3,539,6,1500,955,283,256
42,MUNICIPIUL BUCURESTI,833,0,"Scoala Generala nr. 127, Str. MUNTII CARPATI nr. 72",BUCURESTI SECTORUL 5,179187,C,1,1272,1254,18,587,569,18,0,583,4,1400,813,276,307
42,MUNICIPIUL BUCURESTI,834,0,"Scoala Generala nr. 127, Str. MUNTII CARPATI nr. 72",BUCURESTI SECTORUL 5,179187,C,1,1603,1580,23,734,711,23,0,726,8,1700,966,360,366
42,MUNICIPIUL BUCURESTI,835,0,"Scoala Generala nr. 127, Str. MUNTII CARPATI nr. 72",BUCURESTI SECTORUL 5,179187,C,1,1421,1400,21,653,632,21,0,649,4,1499,846,307,342
42,MUNICIPIUL BUCURESTI,836,0,"Scoala Generala nr. 127, Str. MUNTII CARPATI nr. 72",BUCURESTI SECTORUL 5,179187,C,1,1469,1452,17,666,649,17,0,660,6,1600,934,283,377
42,MUNICIPIUL BUCURESTI,837,0,"Scoala Generala nr. 125, Sos. BUCURESTI MAGURELE nr. 45",BUCURESTI SECTORUL 5,179187,C,1,1287,1266,21,683,609,21,53,679,4,1500,817,343,336
42,MUNICIPIUL BUCURESTI,838,0,"Scoala Generala nr. 125, Sos. BUCURESTI MAGURELE nr. 45",BUCURESTI SECTORUL 5,179187,C,1,1261,1233,28,601,548,28,25,595,6,1408,807,346,249
42,MUNICIPIUL BUCURESTI,839,0,"Scoala Generala nr. 125, Sos. BUCURESTI MAGURELE nr. 45",BUCURESTI SECTORUL 5,179187,C,1,1243,1227,16,567,542,16,9,564,3,1400,833,265,299
42,MUNICIPIUL BUCURESTI,840,0,"Scoala Generala nr. 131, Str. GUTUILOR nr. 1",BUCURESTI SECTORUL 5,179187,C,1,1274,1256,18,497,479,18,0,495,2,1400,903,223,272
42,MUNICIPIUL BUCURESTI,841,0,"Scoala Generala nr. 131, Str. GUTUILOR nr. 1",BUCURESTI SECTORUL 5,179187,C,1,1280,1267,13,517,504,13,0,512,5,1400,883,269,243
42,MUNICIPIUL BUCURESTI,842,0,"Scoala Generala nr. 131, Str. GUTUILOR nr. 1",BUCURESTI SECTORUL 5,179187,C,1,1161,1144,17,518,473,17,28,514,4,1300,782,258,256
42,MUNICIPIUL BUCURESTI,843,0,"Scoala Generala nr. 131, Str. GUTUILOR nr. 1",BUCURESTI SECTORUL 5,179187,C,1,1227,1196,31,785,512,31,242,775,10,2000,1215,335,440
42,MUNICIPIUL BUCURESTI,844,0,"Scoala Generala nr. 131, Str. GUTUILOR nr. 1",BUCURESTI SECTORUL 5,179187,C,1,1304,1283,21,637,616,21,0,628,9,1400,763,325,303
42,MUNICIPIUL BUCURESTI,845,0,"Scoala Generala nr. 131, Str. GUTUILOR nr. 1",BUCURESTI SECTORUL 5,179187,C,1,1410,1385,25,557,532,25,0,555,2,1500,943,239,316
42,MUNICIPIUL BUCURESTI,846,0,"Scoala Generala nr. 126, Str. LERESTI nr. 12",BUCURESTI SECTORUL 5,179187,C,1,1377,1356,21,763,740,21,2,760,3,1500,737,293,467
42,MUNICIPIUL BUCURESTI,847,0,"Scoala Generala nr. 126, Str. LERESTI nr. 12",BUCURESTI SECTORUL 5,179187,C,1,1346,1323,23,661,638,23,0,655,6,1499,838,285,370
42,MUNICIPIUL BUCURESTI,848,0,"Scoala Generala nr. 126, Str. LERESTI nr. 12",BUCURESTI SECTORUL 5,179187,C,1,1307,1280,27,765,733,27,5,751,14,1400,635,327,424
42,MUNICIPIUL BUCURESTI,849,0,"Scoala Generala nr. 126, Str. LERESTI nr. 12",BUCURESTI SECTORUL 5,179187,C,1,1607,1581,26,637,611,26,0,629,8,1700,1063,288,341
42,MUNICIPIUL BUCURESTI,850,0,"Scoala Generala nr. 139, Sos. ALEXANDRIEI nr. 21",BUCURESTI SECTORUL 5,179187,C,1,1166,1135,31,642,611,31,0,639,3,1301,659,243,396
42,MUNICIPIUL BUCURESTI,851,0,"Scoala Generala nr. 139, Sos. ALEXANDRIEI nr. 21",BUCURESTI SECTORUL 5,179187,C,1,1131,1109,22,564,542,22,0,563,1,1200,636,218,345
42,MUNICIPIUL BUCURESTI,852,0,"Scoala Generala nr. 139, Sos. ALEXANDRIEI nr. 21",BUCURESTI SECTORUL 5,179187,C,1,1036,1019,17,691,669,17,5,684,7,1100,409,221,463
42,MUNICIPIUL BUCURESTI,853,0,"Scoala Generala nr. 139, Sos. ALEXANDRIEI nr. 21",BUCURESTI SECTORUL 5,179187,C,1,1097,1075,22,608,586,22,0,603,5,1200,592,263,340
42,MUNICIPIUL BUCURESTI,854,0,"Scoala Generala nr. 139, Sos. ALEXANDRIEI nr. 21",BUCURESTI SECTORUL 5,179187,C,1,1157,1139,18,613,594,18,1,611,2,1200,587,243,368
42,MUNICIPIUL BUCURESTI,855,0,"Scoala Generala nr. 124, Str. MARGEANULUI nr. 25A",BUCURESTI SECTORUL 5,179187,C,1,1314,1297,17,665,646,17,2,660,5,1400,735,244,416
42,MUNICIPIUL BUCURESTI,856,0,"Scoala Generala nr. 124, Str. MARGEANULUI nr. 25A",BUCURESTI SECTORUL 5,179187,C,1,1278,1253,25,717,691,25,1,709,8,1301,584,321,388
42,MUNICIPIUL BUCURESTI,857,0,"Scoala Generala nr. 124, Str. MARGEANULUI nr. 25A",BUCURESTI SECTORUL 5,179187,C,1,1439,1407,32,726,687,32,7,725,1,1500,774,287,438
42,MUNICIPIUL BUCURESTI,858,0,"Scoala Generala nr. 124, Str. MARGEANULUI nr. 25A",BUCURESTI SECTORUL 5,179187,C,1,1291,1275,16,595,579,16,0,593,2,1299,704,245,348
42,MUNICIPIUL BUCURESTI,859,0,"Scoala Generala nr. 124, Str. MARGEANULUI nr. 25A",BUCURESTI SECTORUL 5,179187,C,1,1325,1288,37,730,693,37,0,724,6,1401,671,299,425
42,MUNICIPIUL BUCURESTI,860,0,"Scoala Generala nr. 124, Str. MARGEANULUI nr. 25A",BUCURESTI SECTORUL 5,179187,C,1,1130,1110,20,587,565,20,2,587,0,1200,613,253,334
42,MUNICIPIUL BUCURESTI,861,0,"Scoala Generala nr. 124, Str. MARGEANULUI nr. 25A",BUCURESTI SECTORUL 5,179187,C,1,1199,1179,20,609,589,20,0,600,9,1200,591,258,342
42,MUNICIPIUL BUCURESTI,862,0,"Scoala Generala nr. 124, Str. MARGEANULUI nr. 25A",BUCURESTI SECTORUL 5,179187,C,1,1293,1272,21,697,676,21,0,694,3,1300,603,289,405
42,MUNICIPIUL BUCURESTI,863,0,"Scoala Generala nr. 124, Str. MARGEANULUI nr. 25A",BUCURESTI SECTORUL 5,179187,C,1,1212,1186,26,605,579,26,0,603,2,1200,595,236,367
42,MUNICIPIUL BUCURESTI,864,0,"Scoala Generala nr. 124, Str. MARGEANULUI nr. 25A",BUCURESTI SECTORUL 5,179187,C,1,1337,1316,21,701,680,21,0,697,4,1400,699,303,394
42,MUNICIPIUL BUCURESTI,865,0,"Gradinita nr. 55, Str. MARGEANULUI nr. 81",BUCURESTI SECTORUL 5,179187,C,1,904,882,22,428,406,22,0,425,3,1000,572,180,245
42,MUNICIPIUL BUCURESTI,866,0,"Gradinita nr. 55, Str. MARGEANULUI nr. 81",BUCURESTI SECTORUL 5,179187,C,1,1011,990,21,441,420,21,0,436,5,1000,559,202,234
42,MUNICIPIUL BUCURESTI,867,0,"Scoala Generala 144, Prel. GHENCEA nr. 87",BUCURESTI SECTORUL 5,179187,C,1,1570,1541,29,694,664,29,1,687,7,1600,906,309,378
42,MUNICIPIUL BUCURESTI,868,0,"Scoala Generala 144, Prel. GHENCEA nr. 87",BUCURESTI SECTORUL 5,179187,C,1,1385,1352,33,698,665,33,0,695,3,1399,701,308,387
42,MUNICIPIUL BUCURESTI,869,0,"Scoala Generala nr. 143, Str. BANU MARACINE nr. 16",BUCURESTI SECTORUL 5,179187,C,1,1269,1253,16,644,628,16,0,643,1,1300,656,293,350
42,MUNICIPIUL BUCURESTI,870,0,"Scoala Generala nr. 143, Str. BANU MARACINE nr. 16",BUCURESTI SECTORUL 5,179187,C,1,1441,1418,23,648,625,23,0,646,2,1494,846,261,385
42,MUNICIPIUL BUCURESTI,871,0,"Scoala Generala nr. 143, Str. BANU MARACINE nr. 16",BUCURESTI SECTORUL 5,179187,C,1,1296,1278,18,589,571,18,0,588,1,1300,711,267,321
42,MUNICIPIUL BUCURESTI,872,0,"Scoala Generala nr. 143, Str. BANU MARACINE nr. 16",BUCURESTI SECTORUL 5,179187,C,1,1365,1341,24,678,654,24,0,671,7,1400,722,319,352
42,MUNICIPIUL BUCURESTI,873,0,"Scoala Generala nr. 143, Str. BANU MARACINE nr. 16",BUCURESTI SECTORUL 5,179187,C,1,1142,1120,22,602,580,22,0,599,3,1200,598,231,368
42,MUNICIPIUL BUCURESTI,874,0,"Scoala Generala nr. 143, Str. BANU MARACINE nr. 16",BUCURESTI SECTORUL 5,179187,C,1,1453,1430,23,720,697,23,0,716,4,1508,788,331,385
42,MUNICIPIUL BUCURESTI,875,0,"Scoala Generala nr. 143, Str. BANU MARACINE nr. 16",BUCURESTI SECTORUL 5,179187,C,1,1252,1235,17,682,664,17,1,682,0,1300,618,281,401
42,MUNICIPIUL BUCURESTI,876,0,"Scoala Generala nr. 143, Str. BANU MARACINE nr. 16",BUCURESTI SECTORUL 5,179187,C,1,1206,1184,22,561,539,22,0,556,5,1200,639,215,341
42,MUNICIPIUL BUCURESTI,877,0,"Scoala Generala nr. 143, Str. BANU MARACINE nr. 16",BUCURESTI SECTORUL 5,179187,C,1,1333,1311,22,654,631,22,1,651,2,1400,747,267,384
42,MUNICIPIUL BUCURESTI,878,0,"Scoala Generala nr. 143, Str. BANU MARACINE nr. 16",BUCURESTI SECTORUL 5,179187,C,1,1272,1256,16,616,599,16,1,610,6,1300,684,267,343
42,MUNICIPIUL BUCURESTI,879,0,"Scoala Generala nr. 143, Str. BANU MARACINE nr. 16",BUCURESTI SECTORUL 5,179187,C,1,1313,1295,18,628,609,18,1,624,4,1300,672,237,387
42,MUNICIPIUL BUCURESTI,880,0,"Scoala Generala nr. 143, Str. BANU MARACINE nr. 16",BUCURESTI SECTORUL 5,179187,C,1,1221,1192,29,568,538,29,1,567,1,1200,632,204,363
42,MUNICIPIUL BUCURESTI,881,0,"Scoala Generala nr. 143, Str. BANU MARACINE nr. 16",BUCURESTI SECTORUL 5,179187,C,1,1231,1199,32,520,488,32,0,517,3,1200,680,190,327
42,MUNICIPIUL BUCURESTI,882,0,"Scoala Generala nr. 143, Str. BANU MARACINE nr. 16",BUCURESTI SECTORUL 5,179187,C,1,1140,1122,18,563,545,18,0,562,1,1199,636,252,310
42,MUNICIPIUL BUCURESTI,883,0,"Gradinita nr. 178, Str. IANCU JIANU nr. 26",BUCURESTI SECTORUL 5,179187,C,1,1567,1545,22,770,748,22,0,764,6,1600,830,291,473
42,MUNICIPIUL BUCURESTI,884,0,"Gradinita nr. 178, Str. IANCU JIANU nr. 26",BUCURESTI SECTORUL 5,179187,C,1,1198,1179,19,499,480,19,0,496,3,1200,701,207,289
42,MUNICIPIUL BUCURESTI,885,0,"Gradinita nr. 178, Str. IANCU JIANU nr. 26",BUCURESTI SECTORUL 5,179187,C,1,1909,1888,21,879,856,21,2,876,3,2000,1121,356,520
42,MUNICIPIUL BUCURESTI,886,0,"Liceul Teoretic IOn BARBU, Str. NABUCULUI nr. 18",BUCURESTI SECTORUL 5,179187,C,1,1325,1294,31,585,553,31,1,581,4,1300,715,204,377
42,MUNICIPIUL BUCURESTI,887,0,"Liceul Teoretic IOn BARBU, Str. NABUCULUI nr. 18",BUCURESTI SECTORUL 5,179187,C,1,1344,1325,19,672,653,19,0,671,1,1400,728,209,462
42,MUNICIPIUL BUCURESTI,888,0,"Liceul Teoretic IOn BARBU, Str. NABUCULUI nr. 18",BUCURESTI SECTORUL 5,179187,C,1,1044,1023,21,572,549,21,2,568,4,1100,528,183,385
42,MUNICIPIUL BUCURESTI,889,0,"Liceul Teoretic IOn BARBU, Str. NABUCULUI nr. 18",BUCURESTI SECTORUL 5,179187,C,1,1141,1114,27,640,612,27,1,635,5,1200,560,242,393
42,MUNICIPIUL BUCURESTI,890,0,"Liceul Teoretic IOn BARBU, Str. NABUCULUI nr. 18",BUCURESTI SECTORUL 5,179187,C,1,1232,1210,22,700,677,22,1,699,1,1300,600,283,416
42,MUNICIPIUL BUCURESTI,891,0,"Liceul Teoretic IOn BARBU, Str. NABUCULUI nr. 18",BUCURESTI SECTORUL 5,179187,C,1,1738,1705,33,894,860,33,1,889,5,1800,906,398,491
42,MUNICIPIUL BUCURESTI,892,0,"Liceul Teoretic IOn BARBU, Str. NABUCULUI nr. 18",BUCURESTI SECTORUL 5,179187,C,1,1039,1019,20,615,595,20,0,613,2,1100,485,231,382
42,MUNICIPIUL BUCURESTI,893,0,"Liceul Teoretic IOn BARBU, Str. NABUCULUI nr. 18",BUCURESTI SECTORUL 5,179187,C,1,1263,1242,21,700,678,21,1,699,1,1300,600,233,466
42,MUNICIPIUL BUCURESTI,894,0,"Liceul Teoretic IOn BARBU, Str. NABUCULUI nr. 18",BUCURESTI SECTORUL 5,179187,C,1,911,881,30,458,428,30,0,458,0,1000,542,156,302
42,MUNICIPIUL BUCURESTI,895,0,"Scoala Generala nr. 115, Cal. 13 SEPTEMBRIE nr. 177",BUCURESTI SECTORUL 5,179187,C,1,939,919,20,816,712,20,84,812,4,1300,484,273,539
42,MUNICIPIUL BUCURESTI,896,0,"Scoala Generala nr. 115, Cal. 13 SEPTEMBRIE nr. 177",BUCURESTI SECTORUL 5,179187,C,1,1278,1261,17,684,665,17,2,681,3,1300,616,243,438
42,MUNICIPIUL BUCURESTI,897,0,"Scoala Generala nr. 115, Cal. 13 SEPTEMBRIE nr. 177",BUCURESTI SECTORUL 5,179187,C,1,1341,1313,28,673,645,28,0,673,0,1200,527,234,439
42,MUNICIPIUL BUCURESTI,898,0,"Scoala Generala nr. 115, Cal. 13 SEPTEMBRIE nr. 177",BUCURESTI SECTORUL 5,179187,C,1,1264,1246,18,675,657,18,0,673,2,900,225,239,434
42,MUNICIPIUL BUCURESTI,899,0,"Scoala Generala nr. 115, Cal. 13 SEPTEMBRIE nr. 177",BUCURESTI SECTORUL 5,179187,C,1,1168,1144,24,624,600,24,0,619,5,1200,576,218,401
42,MUNICIPIUL BUCURESTI,900,0,"Scoala Generala nr. 115, Cal. 13 SEPTEMBRIE nr. 177",BUCURESTI SECTORUL 5,179187,C,1,1300,1275,25,659,626,25,8,654,5,1300,641,240,414
42,MUNICIPIUL BUCURESTI,901,0,"Scoala Generala nr. 146 I. GH. DUCA, Sos. PANDURI nr. 42",BUCURESTI SECTORUL 5,179187,C,1,1206,1188,18,730,707,18,5,727,3,1100,370,196,531
42,MUNICIPIUL BUCURESTI,902,0,"Scoala Generala nr. 146 I. GH. DUCA, Sos. PANDURI nr. 42",BUCURESTI SECTORUL 5,179187,C,1,952,935,17,554,537,17,0,554,0,900,346,208,346
42,MUNICIPIUL BUCURESTI,903,0,"Scoala Generala nr. 146 I. GH. DUCA, Sos. PANDURI nr. 42",BUCURESTI SECTORUL 5,179187,C,1,1144,1072,72,707,615,72,20,705,2,1000,293,264,441
42,MUNICIPIUL BUCURESTI,904,0,"Scoala Generala nr. 146 I. GH. DUCA, Sos. PANDURI nr. 42",BUCURESTI SECTORUL 5,179187,C,1,950,937,13,725,581,13,131,720,5,1100,375,256,464
42,MUNICIPIUL BUCURESTI,905,0,"Scoala Generala nr. 146 I. GH. DUCA, Sos. PANDURI nr. 42",BUCURESTI SECTORUL 5,179187,C,1,1052,942,110,2735,600,110,2025,2725,10,3198,463,541,2184
42,MUNICIPIUL BUCURESTI,906,0,"Scoala Generala nr. 150, Bdul EROILOR SANITARI nr. 29-31",BUCURESTI SECTORUL 5,179187,C,1,923,907,16,558,541,16,1,550,8,900,342,202,348
42,MUNICIPIUL BUCURESTI,907,0,"Scoala Generala nr. 150, Bdul EROILOR SANITARI nr. 29-31",BUCURESTI SECTORUL 5,179187,C,1,925,907,18,597,577,18,2,593,4,900,303,264,329
42,MUNICIPIUL BUCURESTI,908,0,"Scoala Generala nr. 150, Bdul EROILOR SANITARI nr. 29-31",BUCURESTI SECTORUL 5,179187,C,1,972,952,20,530,509,20,1,528,2,900,370,154,374
42,MUNICIPIUL BUCURESTI,909,0,"Scoala Generala nr. 150, Bdul EROILOR SANITARI nr. 29-31",BUCURESTI SECTORUL 5,179187,C,1,946,926,20,587,564,20,3,585,2,900,313,197,388
42,MUNICIPIUL BUCURESTI,910,0,"Scoala Generala nr. 150, Bdul EROILOR SANITARI nr. 29-31",BUCURESTI SECTORUL 5,179187,C,1,910,889,21,548,525,21,2,546,2,900,352,192,354
42,MUNICIPIUL BUCURESTI,911,0,"Scoala Generala nr. 150, Bdul EROILOR SANITARI nr. 29-31",BUCURESTI SECTORUL 5,179187,C,1,949,927,22,558,533,22,3,555,3,900,342,147,408
42,MUNICIPIUL BUCURESTI,912,0,"Scoala Generala nr. 130, Str. DOINEI nr. 1",BUCURESTI SECTORUL 5,179187,C,1,1310,1288,22,642,620,22,0,638,4,1300,658,203,435
42,MUNICIPIUL BUCURESTI,913,0,"Scoala Generala nr. 130, Str. DOINEI nr. 1",BUCURESTI SECTORUL 5,179187,C,1,1386,1371,15,606,591,15,0,600,6,1400,794,211,389
42,MUNICIPIUL BUCURESTI,914,0,"Scoala Generala nr. 130, Str. DOINEI nr. 1",BUCURESTI SECTORUL 5,179187,C,1,1227,1189,38,617,579,38,0,611,6,1200,583,214,397
42,MUNICIPIUL BUCURESTI,915,0,"Scoala Generala nr. 128 SF. NICOLAE, Str. ION CREANGA nr. 6",BUCURESTI SECTORUL 5,179187,C,1,906,881,25,441,415,25,1,438,3,1000,559,187,251
42,MUNICIPIUL BUCURESTI,916,0,"Scoala Generala nr. 128 SF. NICOLAE, Str. ION CREANGA nr. 6",BUCURESTI SECTORUL 5,179187,C,1,868,850,18,366,346,18,2,363,3,1000,634,154,209
42,MUNICIPIUL BUCURESTI,917,0,"Scoala Generala nr. 128 SF. NICOLAE, Str. ION CREANGA nr. 6",BUCURESTI SECTORUL 5,179187,C,1,878,858,20,407,386,20,1,405,2,1000,593,153,252
42,MUNICIPIUL BUCURESTI,918,0,"Scoala Generala nr. 128 SF. NICOLAE, Str. ION CREANGA nr. 6",BUCURESTI SECTORUL 5,179187,C,1,869,856,13,567,552,13,2,564,3,1000,433,264,300
42,MUNICIPIUL BUCURESTI,919,0,"Gradinita nr. 268, Str. ION CREANGA nr. 8",BUCURESTI SECTORUL 5,179187,C,1,881,860,21,608,585,21,2,604,4,1000,392,268,336
42,MUNICIPIUL BUCURESTI,920,0,"Gradinita nr. 268, Str. ION CREANGA nr. 8",BUCURESTI SECTORUL 5,179187,C,1,1367,1349,18,881,863,18,0,876,5,1500,619,438,438
42,MUNICIPIUL BUCURESTI,921,0,"Gradinita nr. 268, Str. ION CREANGA nr. 8",BUCURESTI SECTORUL 5,179187,C,1,994,969,25,638,612,25,1,631,7,1100,462,279,352
42,MUNICIPIUL BUCURESTI,922,0,"Facultatea de Drept, Bdul M. KOGALNICEANU nr. 36-46",BUCURESTI SECTORUL 5,179187,C,1,877,857,20,490,466,20,4,480,10,1000,510,159,321
42,MUNICIPIUL BUCURESTI,923,0,"Facultatea de Drept, Bdul M. KOGALNICEANU nr. 36-46",BUCURESTI SECTORUL 5,179187,C,1,819,795,24,448,424,24,0,446,2,900,452,162,284
42,MUNICIPIUL BUCURESTI,924,0,"Facultatea de Drept, Bdul M. KOGALNICEANU nr. 36-46",BUCURESTI SECTORUL 5,179187,C,1,857,837,20,457,437,20,0,454,3,1000,543,148,306
42,MUNICIPIUL BUCURESTI,925,0,"Colegiul National GHEORGHE LAZAR, Bdul REGINA ELISABETA nr. 48",BUCURESTI SECTORUL 5,179187,C,1,1013,990,23,721,620,23,78,712,9,1200,479,249,463
42,MUNICIPIUL BUCURESTI,926,0,"Colegiul National GHEORGHE LAZAR, Bdul REGINA ELISABETA nr. 48",BUCURESTI SECTORUL 5,179187,C,1,1137,1117,20,555,533,20,2,551,4,1300,745,210,341
42,MUNICIPIUL BUCURESTI,927,0,"Colegiul National GHEORGHE LAZAR, Bdul REGINA ELISABETA nr. 48",BUCURESTI SECTORUL 5,179187,C,1,1004,980,24,587,563,24,0,585,2,1100,513,221,364
42,MUNICIPIUL BUCURESTI,928,0,"Colegiul National GHEORGHE LAZAR, Bdul REGINA ELISABETA nr. 48",BUCURESTI SECTORUL 5,179187,C,1,1086,1052,34,627,593,34,0,621,6,1200,573,218,403
42,MUNICIPIUL BUCURESTI,929,0,"Colegiul National GHEORGHE LAZAR, Bdul REGINA ELISABETA nr. 48",BUCURESTI SECTORUL 5,179187,C,1,1011,960,51,553,498,51,4,547,6,1100,547,214,333
42,MUNICIPIUL BUCURESTI,1338,1,Spitalul Universitar de Urgenta Bucuresti - Splaiul Independentei nr.169,BUCURESTI SECTORUL 5,179187,C,1,18,0,18,632,0,18,614,614,17,1500,868,302,312
42,MUNICIPIUL BUCURESTI,1339,1,Caminul studentesc din Facultatea de Drept - Bd. Kogalniceanu nr.36-34,BUCURESTI SECTORUL 5,179187,C,1,10,0,10,570,0,10,560,569,1,1700,1130,79,490
42,MUNICIPIUL BUCURESTI,1381,1,U.M. 02210 Buc - Str. Antiaeriana nr.12,BUCURESTI SECTORUL 5,179187,C,1,41,0,41,456,0,41,415,451,5,1100,644,213,238
42,MUNICIPIUL BUCURESTI,1382,1,U.M. 01656 Buc - Sos. Bucuresti-Magurele nr.33-35,BUCURESTI SECTORUL 5,179187,C,1,9,0,9,232,0,9,223,225,7,600,368,109,116
42,MUNICIPIUL BUCURESTI,930,0,"Oficiul de Stare Civila, Drumul SARII nr. 85",BUCURESTI SECTORUL 6,179196,C,1,1158,1139,19,657,637,19,1,653,4,1200,543,259,394
42,MUNICIPIUL BUCURESTI,931,0,"Oficiul de Stare Civila, Drumul SARII nr. 85",BUCURESTI SECTORUL 6,179196,C,1,1306,1283,23,787,763,23,1,779,7,1300,513,232,547
42,MUNICIPIUL BUCURESTI,932,0,"Scoala Generala nr. 311, Str. GARLENI nr. 10",BUCURESTI SECTORUL 6,179196,C,1,1668,1644,24,948,879,24,45,939,8,1700,752,395,544
42,MUNICIPIUL BUCURESTI,933,0,"Scoala Generala nr. 311, Str. GARLENI nr. 10",BUCURESTI SECTORUL 6,179196,C,1,1590,1573,17,799,782,17,0,787,12,1599,800,293,494
42,MUNICIPIUL BUCURESTI,934,0,"Scoala Generala nr. 311, Str. GARLENI nr. 10",BUCURESTI SECTORUL 6,179196,C,1,1697,1666,31,1011,978,31,2,1000,11,1700,689,321,679
42,MUNICIPIUL BUCURESTI,935,0,"Scoala Generala nr. 311, Str. GARLENI nr. 10",BUCURESTI SECTORUL 6,179196,C,1,1134,1099,35,947,912,35,0,939,8,1700,753,331,608
42,MUNICIPIUL BUCURESTI,936,0,"Scoala Generala nr. 311, Str. GARLENI nr. 10",BUCURESTI SECTORUL 6,179196,C,1,1580,1563,17,881,860,17,4,878,3,1600,719,275,603
42,MUNICIPIUL BUCURESTI,937,0,"Scoala Generala nr. 311, Str. GARLENI nr. 10",BUCURESTI SECTORUL 6,179196,C,1,1396,1361,35,849,812,35,2,841,8,1400,551,381,460
42,MUNICIPIUL BUCURESTI,938,0,"Scoala Generala nr. 59, Str. VLADEASA nr. 9",BUCURESTI SECTORUL 6,179196,C,1,1111,1077,34,692,657,34,1,690,2,1100,408,272,418
42,MUNICIPIUL BUCURESTI,939,0,"Scoala Generala nr. 59, Str. VLADEASA nr. 9",BUCURESTI SECTORUL 6,179196,C,1,1384,1369,15,849,834,15,0,841,8,1400,551,323,518
42,MUNICIPIUL BUCURESTI,940,0,"Scoala Generala nr. 59, Str. VLADEASA nr. 9",BUCURESTI SECTORUL 6,179196,C,1,1402,1375,27,747,719,27,1,743,4,1400,653,290,453
42,MUNICIPIUL BUCURESTI,941,0,"Scoala Generala nr. 59, Str. VLADEASA nr. 9",BUCURESTI SECTORUL 6,179196,C,1,1555,1529,26,793,767,26,0,789,4,1600,807,286,503
42,MUNICIPIUL BUCURESTI,942,0,"Scoala Generala nr. 59, Str. VLADEASA nr. 9",BUCURESTI SECTORUL 6,179196,C,1,1358,1340,18,806,786,18,2,799,7,1400,594,254,545
42,MUNICIPIUL BUCURESTI,943,0,"Scoala Generala nr. 59, Str. VLADEASA nr. 9",BUCURESTI SECTORUL 6,179196,C,1,1535,1512,23,896,873,23,0,894,2,1600,704,307,587
42,MUNICIPIUL BUCURESTI,944,0,"Scoala Generala nr. 205, Al. VALEA PRAHOVEI nr. 1",BUCURESTI SECTORUL 6,179196,C,1,1448,1413,35,833,798,35,0,825,8,1500,667,334,491
42,MUNICIPIUL BUCURESTI,945,0,"Scoala Generala nr. 205, Al. VALEA PRAHOVEI nr. 1",BUCURESTI SECTORUL 6,179196,C,1,1667,1592,75,935,859,75,1,931,4,1600,665,260,671
42,MUNICIPIUL BUCURESTI,946,0,"Scoala Generala nr. 205, Al. VALEA PRAHOVEI nr. 1",BUCURESTI SECTORUL 6,179196,C,1,1054,1005,49,576,526,49,1,570,6,1100,524,221,349
42,MUNICIPIUL BUCURESTI,947,0,"Scoala Generala nr. 205, Al. VALEA PRAHOVEI nr. 1",BUCURESTI SECTORUL 6,179196,C,1,1632,1587,45,997,950,45,2,992,5,1600,603,383,609
42,MUNICIPIUL BUCURESTI,948,0,"Scoala Generala nr. 205, Al. VALEA PRAHOVEI nr. 1",BUCURESTI SECTORUL 6,179196,C,1,1579,1548,31,939,906,31,2,930,9,1600,661,320,610
42,MUNICIPIUL BUCURESTI,949,0,"Scoala Generala nr. 205, Al. VALEA PRAHOVEI nr. 1",BUCURESTI SECTORUL 6,179196,C,1,1365,1319,46,742,696,46,0,737,5,1400,658,237,500
42,MUNICIPIUL BUCURESTI,950,0,"Scoala Generala nr. 197, Str. OBCINA MARE nr. 2",BUCURESTI SECTORUL 6,179196,C,1,1574,1546,28,934,905,28,1,931,3,1600,666,320,611
42,MUNICIPIUL BUCURESTI,951,0,"Scoala Generala nr. 197, Str. OBCINA MARE nr. 2",BUCURESTI SECTORUL 6,179196,C,1,1423,1389,34,872,838,34,0,866,6,1400,528,331,535
42,MUNICIPIUL BUCURESTI,952,0,"Scoala Generala nr. 197, Str. OBCINA MARE nr. 2",BUCURESTI SECTORUL 6,179196,C,1,1265,1235,30,780,747,30,3,770,10,1299,519,268,502
42,MUNICIPIUL BUCURESTI,953,0,"Scoala Generala nr. 197, Str. OBCINA MARE nr. 2",BUCURESTI SECTORUL 6,179196,C,1,1542,1518,24,1004,980,24,0,995,8,1600,597,406,589
42,MUNICIPIUL BUCURESTI,954,0,"Scoala Generala nr. 197, Str. OBCINA MARE nr. 2",BUCURESTI SECTORUL 6,179196,C,1,1344,1306,38,845,806,38,1,837,8,1400,555,290,547
42,MUNICIPIUL BUCURESTI,955,0,"Scoala Generala nr. 197, Str. OBCINA MARE nr. 2",BUCURESTI SECTORUL 6,179196,C,1,1244,1224,20,826,805,20,1,823,3,1300,474,335,488
42,MUNICIPIUL BUCURESTI,956,0,"Scoala Generala nr. 197, Str. OBCINA MARE nr. 2",BUCURESTI SECTORUL 6,179196,C,1,1162,1135,27,668,639,27,2,665,3,1200,532,230,435
42,MUNICIPIUL BUCURESTI,957,0,"A.D.P. SECTOR 6, Intr. LT. AV. CARANDA GHEORGHE nr. 9",BUCURESTI SECTORUL 6,179196,C,1,1483,1433,50,941,887,50,4,934,7,1499,558,509,425
42,MUNICIPIUL BUCURESTI,958,0,"Scoala Generala nr. 193, Str. MIHAELA RUXANDRA MARCU nr. 3",BUCURESTI SECTORUL 6,179196,C,1,1281,1247,34,843,808,34,1,840,3,1300,457,315,525
42,MUNICIPIUL BUCURESTI,959,0,"Scoala Generala nr. 193, Str. MIHAELA RUXANDRA MARCU nr. 3",BUCURESTI SECTORUL 6,179196,C,1,1129,1104,25,868,841,25,2,862,6,1400,532,322,540
42,MUNICIPIUL BUCURESTI,960,0,"Scoala Generala nr. 193, Str. MIHAELA RUXANDRA MARCU nr. 3",BUCURESTI SECTORUL 6,179196,C,1,1202,1183,19,737,716,19,2,732,5,1200,463,320,412
42,MUNICIPIUL BUCURESTI,961,0,"Scoala Generala nr. 193, Str. MIHAELA RUXANDRA MARCU nr. 3",BUCURESTI SECTORUL 6,179196,C,1,1502,1465,37,911,872,37,2,908,3,1500,589,312,596
42,MUNICIPIUL BUCURESTI,962,0,"Scoala Generala nr. 164, Str. PRAVAT nr. 22",BUCURESTI SECTORUL 6,179196,C,1,1312,1262,50,781,726,50,5,770,11,1300,519,351,419
42,MUNICIPIUL BUCURESTI,963,0,"Scoala Generala nr. 164, Str. PRAVAT nr. 22",BUCURESTI SECTORUL 6,179196,C,1,1412,1387,25,829,802,25,2,824,5,1384,555,336,488
42,MUNICIPIUL BUCURESTI,964,0,"Scoala Generala nr. 164, Str. PRAVAT nr. 22",BUCURESTI SECTORUL 6,179196,C,1,1225,1200,25,776,750,25,1,771,5,1200,424,268,503
42,MUNICIPIUL BUCURESTI,965,0,"Liceul GRIGORE MOISIL, Bdul TIMISOARA nr. 33",BUCURESTI SECTORUL 6,179196,C,1,1369,1336,33,863,828,33,2,855,8,1400,537,317,538
42,MUNICIPIUL BUCURESTI,966,0,"Liceul GRIGORE MOISIL, Bdul TIMISOARA nr. 33",BUCURESTI SECTORUL 6,179196,C,1,1383,1351,32,872,835,32,5,864,8,1400,528,312,552
42,MUNICIPIUL BUCURESTI,967,0,"Liceul GRIGORE MOISIL, Bdul TIMISOARA nr. 33",BUCURESTI SECTORUL 6,179196,C,1,1418,1387,31,809,778,31,0,806,3,1400,591,325,481
42,MUNICIPIUL BUCURESTI,968,0,"Liceul GRIGORE MOISIL, Bdul TIMISOARA nr. 33",BUCURESTI SECTORUL 6,179196,C,1,1080,1049,31,846,812,31,3,839,7,1400,554,335,504
42,MUNICIPIUL BUCURESTI,969,0,"Grup Scolar Industrial GHEORGHE ASACHI, Str. PRAVAT nr. 24",BUCURESTI SECTORUL 6,179196,C,1,1633,1611,22,933,911,22,0,923,10,1700,767,330,593
42,MUNICIPIUL BUCURESTI,970,0,"Grup Scolar Industrial GHEORGHE ASACHI, Str. PRAVAT nr. 24",BUCURESTI SECTORUL 6,179196,C,1,1305,1267,38,794,756,38,0,789,5,1300,506,258,531
42,MUNICIPIUL BUCURESTI,971,0,"Grup Scolar Industrial GHEORGHE ASACHI, Str. PRAVAT nr. 24",BUCURESTI SECTORUL 6,179196,C,1,1337,1316,21,869,824,21,24,861,8,1400,531,344,517
42,MUNICIPIUL BUCURESTI,972,0,"Grup Scolar Industrial GHEORGHE ASACHI, Str. PRAVAT nr. 24",BUCURESTI SECTORUL 6,179196,C,1,1332,1305,27,859,826,27,6,848,11,1400,541,356,492
42,MUNICIPIUL BUCURESTI,973,0,"Scoala Generala nr. 191, Al. POIANA MUNTELUI nr. 1",BUCURESTI SECTORUL 6,179196,C,1,1448,1419,29,808,779,29,0,801,7,1500,692,323,478
42,MUNICIPIUL BUCURESTI,974,0,"Scoala Generala nr. 191, Al. POIANA MUNTELUI nr. 1",BUCURESTI SECTORUL 6,179196,C,1,1438,1410,28,819,791,28,0,811,8,1500,681,307,504
42,MUNICIPIUL BUCURESTI,975,0,"Scoala Generala nr. 191, Al. POIANA MUNTELUI nr. 1",BUCURESTI SECTORUL 6,179196,C,1,1307,1269,38,851,813,38,0,847,4,1300,449,310,537
42,MUNICIPIUL BUCURESTI,976,0,"Scoala Generala nr. 191, Al. POIANA MUNTELUI nr. 1",BUCURESTI SECTORUL 6,179196,C,1,1452,1420,32,919,884,32,3,908,11,1500,581,343,565
42,MUNICIPIUL BUCURESTI,977,0,"Scoala Generala nr. 191, Al. POIANA MUNTELUI nr. 1",BUCURESTI SECTORUL 6,179196,C,1,1457,1418,39,700,661,39,0,691,9,1500,800,214,477
42,MUNICIPIUL BUCURESTI,978,0,"Scoala Generala nr. 191, Al. POIANA MUNTELUI nr. 1",BUCURESTI SECTORUL 6,179196,C,1,1227,1200,27,709,682,27,0,704,5,1200,491,268,436
42,MUNICIPIUL BUCURESTI,979,0,"Scoala Generala nr. 191, Al. POIANA MUNTELUI nr. 1",BUCURESTI SECTORUL 6,179196,C,1,1397,1376,21,745,718,21,6,736,9,1399,654,311,425
42,MUNICIPIUL BUCURESTI,980,0,"Scoala Generala nr. 169, Str. PASCANI nr. 2",BUCURESTI SECTORUL 6,179196,C,1,1376,1349,27,923,892,27,4,918,5,1400,477,295,623
42,MUNICIPIUL BUCURESTI,981,0,"Scoala Generala nr. 169, Str. PASCANI nr. 2",BUCURESTI SECTORUL 6,179196,C,1,1284,1269,15,710,690,15,5,707,3,1299,589,246,461
42,MUNICIPIUL BUCURESTI,982,0,"Scoala Generala nr. 169, Str. PASCANI nr. 2",BUCURESTI SECTORUL 6,179196,C,1,1456,1443,13,868,852,13,3,862,6,1500,632,242,620
42,MUNICIPIUL BUCURESTI,983,0,"Scoala Generala nr. 169, Str. PASCANI nr. 2",BUCURESTI SECTORUL 6,179196,C,1,1066,1030,36,930,888,36,6,924,6,1600,670,341,583
42,MUNICIPIUL BUCURESTI,984,0,"Scoala Generala nr. 169, Str. PASCANI nr. 2",BUCURESTI SECTORUL 6,179196,C,1,1443,1427,16,915,898,16,1,912,3,1500,585,312,600
42,MUNICIPIUL BUCURESTI,985,0,"Scoala Generala nr. 155, Str. PASCANI nr. 6",BUCURESTI SECTORUL 6,179196,C,1,1634,1609,25,1022,997,25,0,1014,8,1700,678,354,660
42,MUNICIPIUL BUCURESTI,986,0,"Scoala Generala nr. 155, Str. PASCANI nr. 6",BUCURESTI SECTORUL 6,179196,C,1,1437,1404,33,938,904,33,1,930,8,1500,562,295,635
42,MUNICIPIUL BUCURESTI,987,0,"Scoala Generala nr. 155, Str. PASCANI nr. 6",BUCURESTI SECTORUL 6,179196,C,1,1353,1335,18,767,749,18,0,766,1,1400,633,265,501
42,MUNICIPIUL BUCURESTI,988,0,"Scoala Generala nr. 155, Str. PASCANI nr. 6",BUCURESTI SECTORUL 6,179196,C,1,1368,1348,20,825,805,20,0,815,10,1400,575,327,488
42,MUNICIPIUL BUCURESTI,989,0,"Colegiul National ELENA CUZA, Str. PESTERA SCARISOARA nr. 1",BUCURESTI SECTORUL 6,179196,C,1,1558,1534,24,937,911,24,2,930,7,1600,663,322,608
42,MUNICIPIUL BUCURESTI,990,0,"Colegiul National ELENA CUZA, Str. PESTERA SCARISOARA nr. 1",BUCURESTI SECTORUL 6,179196,C,1,1240,1223,17,809,787,17,5,806,3,1300,491,257,549
42,MUNICIPIUL BUCURESTI,991,0,"Colegiul National ELENA CUZA, Str. PESTERA SCARISOARA nr. 1",BUCURESTI SECTORUL 6,179196,C,1,1125,1097,28,669,641,28,0,667,2,1100,431,210,457
42,MUNICIPIUL BUCURESTI,992,0,"Colegiul National ELENA CUZA, Str. PESTERA SCARISOARA nr. 1",BUCURESTI SECTORUL 6,179196,C,1,1101,1076,25,713,688,25,0,710,3,1100,387,265,445
42,MUNICIPIUL BUCURESTI,993,0,"Liceul EUGEN LOVINESCU, Str. VALEA LUI MIHAI nr. 6",BUCURESTI SECTORUL 6,179196,C,1,1632,1605,27,1056,1029,27,0,1051,5,1600,544,334,717
42,MUNICIPIUL BUCURESTI,994,0,"Liceul EUGEN LOVINESCU, Str. VALEA LUI MIHAI nr. 6",BUCURESTI SECTORUL 6,179196,C,1,1506,1487,19,914,893,19,2,911,3,1500,586,294,617
42,MUNICIPIUL BUCURESTI,995,0,"Liceul EUGEN LOVINESCU, Str. VALEA LUI MIHAI nr. 6",BUCURESTI SECTORUL 6,179196,C,1,1696,1665,31,1005,974,31,0,1002,3,1700,695,355,647
42,MUNICIPIUL BUCURESTI,996,0,"Liceul EUGEN LOVINESCU, Str. VALEA LUI MIHAI nr. 6",BUCURESTI SECTORUL 6,179196,C,1,1079,1048,31,981,950,31,0,978,3,1600,619,361,617
42,MUNICIPIUL BUCURESTI,997,0,"Liceul EUGEN LOVINESCU, Str. VALEA LUI MIHAI nr. 6",BUCURESTI SECTORUL 6,179196,C,1,1421,1401,20,1073,1051,20,2,1065,8,1600,527,357,708
42,MUNICIPIUL BUCURESTI,998,0,"Liceul EUGEN LOVINESCU, Str. VALEA LUI MIHAI nr. 6",BUCURESTI SECTORUL 6,179196,C,1,1414,1392,22,886,862,2,22,881,5,1400,514,367,514
42,MUNICIPIUL BUCURESTI,999,0,"LICEUL EUGEN LOVINESCU(Sc.Generala nr.154),Str.VALEA LUI MIHAI nr.6",BUCURESTI SECTORUL 6,179196,C,1,1300,1286,14,716,701,14,1,708,8,1300,584,295,413
42,MUNICIPIUL BUCURESTI,1000,0,"LICEUL EUGEN LOVINESCU(Sc.Generala nr.154),Str.VALEA LUI MIHAI nr.6",BUCURESTI SECTORUL 6,179196,C,1,1412,1386,26,868,841,26,1,860,8,1400,532,327,533
42,MUNICIPIUL BUCURESTI,1001,0,"LICEUL EUGEN LOVINESCU(Sc.Generala nr.154),Str.VALEA LUI MIHAI nr.6",BUCURESTI SECTORUL 6,179196,C,1,1019,1005,14,585,569,14,2,577,8,1100,515,196,381
42,MUNICIPIUL BUCURESTI,1002,0,"Scoala Generala nr. 279, Prel. GHENCEA nr. 24",BUCURESTI SECTORUL 6,179196,C,1,1628,1601,27,910,883,27,0,900,10,1598,688,311,589
42,MUNICIPIUL BUCURESTI,1003,0,"Scoala Generala nr. 279, Prel. GHENCEA nr. 24",BUCURESTI SECTORUL 6,179196,C,1,1650,1636,14,937,917,14,6,929,8,1700,763,325,604
42,MUNICIPIUL BUCURESTI,1004,0,"Scoala Generala nr. 279, Prel. GHENCEA nr. 24",BUCURESTI SECTORUL 6,179196,C,1,1878,1813,65,992,927,65,0,982,10,1899,907,364,618
42,MUNICIPIUL BUCURESTI,1005,0,"Scoala Generala nr. 279, Prel. GHENCEA nr. 24",BUCURESTI SECTORUL 6,179196,C,1,1563,1542,21,881,858,21,2,877,4,1604,723,315,562
42,MUNICIPIUL BUCURESTI,1006,0,"Scoala Speciala nr. 2, Al. ISTRU nr. 6",BUCURESTI SECTORUL 6,179196,C,1,1466,1437,29,900,871,29,0,898,2,1500,600,304,594
42,MUNICIPIUL BUCURESTI,1007,0,"Scoala Speciala nr. 2, Al. ISTRU nr. 6",BUCURESTI SECTORUL 6,179196,C,1,2104,2053,51,1103,1052,51,0,1094,9,2100,997,354,740
42,MUNICIPIUL BUCURESTI,1008,0,"Scoala Speciala nr. 11, Al. ISTRU nr. 4",BUCURESTI SECTORUL 6,179196,C,1,1436,1410,26,830,803,26,1,818,12,1500,670,281,537
42,MUNICIPIUL BUCURESTI,1009,0,"Scoala Speciala nr. 11, Al. ISTRU nr. 4",BUCURESTI SECTORUL 6,179196,C,1,1387,1369,18,826,808,18,0,818,8,1400,574,290,528
42,MUNICIPIUL BUCURESTI,1010,0,"Scoala Generala nr. 172, Al. PARVA nr. 3-5",BUCURESTI SECTORUL 6,179196,C,1,1545,1528,17,796,778,17,1,793,3,1600,804,314,479
42,MUNICIPIUL BUCURESTI,1011,0,"Scoala Generala nr. 172, Al. PARVA nr. 3-5",BUCURESTI SECTORUL 6,179196,C,1,1717,1678,39,957,916,39,2,948,9,1698,741,310,638
42,MUNICIPIUL BUCURESTI,1012,0,"Scoala Generala nr. 172, Al. PARVA nr. 3-5",BUCURESTI SECTORUL 6,179196,C,1,1605,1590,15,1018,1002,15,1,1014,4,1599,581,287,727
42,MUNICIPIUL BUCURESTI,1013,0,"Scoala Generala nr. 172, Al. PARVA nr. 3-5",BUCURESTI SECTORUL 6,179196,C,1,1689,1667,22,944,920,22,2,940,4,1700,756,337,603
42,MUNICIPIUL BUCURESTI,1014,0,"Scoala Generala nr. 172, Al. PARVA nr. 3-5",BUCURESTI SECTORUL 6,179196,C,1,1220,1203,17,796,778,17,1,794,2,1300,504,216,578
42,MUNICIPIUL BUCURESTI,1015,0,"Scoala Generala nr. 172, Al. PARVA nr. 3-5",BUCURESTI SECTORUL 6,179196,C,1,1569,1551,18,828,810,18,0,818,10,1600,772,301,517
42,MUNICIPIUL BUCURESTI,1016,0,"Scoala Generala nr. 172, Al. PARVA nr. 3-5",BUCURESTI SECTORUL 6,179196,C,1,1646,1621,25,1026,1000,25,1,1021,5,1700,674,324,697
42,MUNICIPIUL BUCURESTI,1017,0,"Scoala Generala nr. 172, Al. PARVA nr. 3-5",BUCURESTI SECTORUL 6,179196,C,1,1486,1467,19,896,877,19,0,883,13,1500,604,265,618
42,MUNICIPIUL BUCURESTI,1018,0,"Scoala Generala nr. 206, Al. ARINIS nr. 5",BUCURESTI SECTORUL 6,179196,C,1,1532,1506,26,841,815,26,0,837,4,1600,759,278,559
42,MUNICIPIUL BUCURESTI,1019,0,"Scoala Generala nr. 206, Al. ARINIS nr. 5",BUCURESTI SECTORUL 6,179196,C,1,1696,1678,18,891,872,18,1,889,2,1700,809,333,556
42,MUNICIPIUL BUCURESTI,1020,0,"Scoala Generala nr. 206, Al. ARINIS nr. 5",BUCURESTI SECTORUL 6,179196,C,1,1679,1655,24,890,866,24,0,885,5,1700,810,294,591
42,MUNICIPIUL BUCURESTI,1021,0,"Scoala Generala nr. 206, Al. ARINIS nr. 5",BUCURESTI SECTORUL 6,179196,C,1,1494,1474,20,888,866,20,2,883,5,1503,615,321,562
42,MUNICIPIUL BUCURESTI,1022,0,"Scoala Generala nr. 206, Al. ARINIS nr. 5",BUCURESTI SECTORUL 6,179196,C,1,1691,1664,27,950,923,27,0,947,3,1700,750,332,615
42,MUNICIPIUL BUCURESTI,1023,0,"Scoala Generala nr. 206, Al. ARINIS nr. 5",BUCURESTI SECTORUL 6,179196,C,1,1697,1681,16,970,954,16,0,965,5,1700,730,300,665
42,MUNICIPIUL BUCURESTI,1024,0,"Scoala Generala nr. 176, Al. LUNCA CERNEI nr. 3",BUCURESTI SECTORUL 6,179196,C,1,1391,1366,25,728,703,25,0,722,6,1400,672,219,503
42,MUNICIPIUL BUCURESTI,1025,0,"Scoala Generala nr. 176, Al. LUNCA CERNEI nr. 3",BUCURESTI SECTORUL 6,179196,C,1,1720,1691,29,931,902,29,0,926,5,1697,766,306,620
42,MUNICIPIUL BUCURESTI,1026,0,"Scoala Generala nr. 176, Al. LUNCA CERNEI nr. 3",BUCURESTI SECTORUL 6,179196,C,1,1353,1335,18,798,779,18,1,796,2,1400,602,260,536
42,MUNICIPIUL BUCURESTI,1027,0,"Scoala Generala nr. 176, Al. LUNCA CERNEI nr. 3",BUCURESTI SECTORUL 6,179196,C,1,1524,1504,20,926,905,20,1,921,5,1600,674,307,614
42,MUNICIPIUL BUCURESTI,1028,0,"Scoala Generala nr. 176, Al. LUNCA CERNEI nr. 3",BUCURESTI SECTORUL 6,179196,C,1,1687,1664,23,875,851,23,1,872,3,1700,825,277,595
42,MUNICIPIUL BUCURESTI,1029,0,"Scoala Generala nr. 176, Al. LUNCA CERNEI nr. 3",BUCURESTI SECTORUL 6,179196,C,1,818,796,22,355,332,22,1,350,5,800,445,116,234
42,MUNICIPIUL BUCURESTI,1030,0,"Grup Scolar PTTR, Str. ROMANCIERILOR nr. 1",BUCURESTI SECTORUL 6,179196,C,1,1519,1483,36,803,744,36,23,797,6,1600,797,271,526
42,MUNICIPIUL BUCURESTI,1031,0,"Grup Scolar PTTR, Str. ROMANCIERILOR nr. 1",BUCURESTI SECTORUL 6,179196,C,1,1474,1414,60,885,825,60,0,874,10,1600,716,306,568
42,MUNICIPIUL BUCURESTI,1032,0,"Liceul Economic ""Costin C.Kiritescu"", Str. PESTERA DAMBOVICIOARA NR.12",BUCURESTI SECTORUL 6,179196,C,1,1426,1401,25,774,749,25,0,772,2,1400,626,238,534
42,MUNICIPIUL BUCURESTI,1033,0,"Liceul Economic ""Costin C.Kiritescu"", Str PESTERA DAMBOVICIOARA nr.12",BUCURESTI SECTORUL 6,179196,C,1,1467,1450,17,838,821,17,0,838,0,1500,662,242,596
42,MUNICIPIUL BUCURESTI,1034,0,"Liceul Economic ""Costin C.Kiritescu"", Str.PESTERA DAMBOVICIOARA nr.12",BUCURESTI SECTORUL 6,179196,C,1,1593,1542,51,902,848,51,3,897,5,1600,698,314,583
42,MUNICIPIUL BUCURESTI,1035,0,"Liceul Economic ""Costin C.Kiritescu"", Str.PESTERA DAMBOVICIOARA nr.12",BUCURESTI SECTORUL 6,179196,C,1,1161,1134,27,808,781,27,0,804,4,1600,792,301,503
42,MUNICIPIUL BUCURESTI,1036,0,"Liceul Economic ""Costin C.Kiritescu"",Str PESTERA DAMBOVICIOARA nr.12",BUCURESTI SECTORUL 6,179196,C,1,1643,1627,16,822,805,16,1,815,7,1700,878,294,521
42,MUNICIPIUL BUCURESTI,1037,0,"Scoala Generala nr. 142, Str. CENTURII nr. 4",BUCURESTI SECTORUL 6,179196,C,1,1482,1458,24,692,641,24,27,688,4,1500,808,266,422
42,MUNICIPIUL BUCURESTI,1038,0,"Scoala Generala nr. 142, Str. CENTURII nr. 4",BUCURESTI SECTORUL 6,179196,C,1,1662,1625,37,905,868,37,0,898,7,1700,795,285,613
42,MUNICIPIUL BUCURESTI,1039,0,"Scoala Generala nr. 142, Str. CENTURII nr. 4",BUCURESTI SECTORUL 6,179196,C,1,1686,1649,37,890,853,37,0,886,4,1700,810,314,572
42,MUNICIPIUL BUCURESTI,1040,0,"Scoala Generala nr. 142, Str. CENTURII nr. 4",BUCURESTI SECTORUL 6,179196,C,1,1757,1727,30,866,836,30,0,862,4,1798,932,282,580
42,MUNICIPIUL BUCURESTI,1041,0,"Scoala Generala nr. 142, Str. CENTURII nr. 4",BUCURESTI SECTORUL 6,179196,C,1,1580,1565,15,737,722,15,0,733,4,1597,860,256,477
42,MUNICIPIUL BUCURESTI,1042,0,"Scoala Generala nr. 142, Str. CENTURII nr. 4",BUCURESTI SECTORUL 6,179196,C,1,2020,1981,39,1017,978,39,0,1010,7,2000,983,345,665
42,MUNICIPIUL BUCURESTI,1043,0,"Scoala Generala nr. 142, Str. CENTURII nr. 4",BUCURESTI SECTORUL 6,179196,C,1,1712,1679,33,854,821,33,0,851,3,1700,846,254,597
42,MUNICIPIUL BUCURESTI,1044,0,"Scoala Generala nr. 142, Str. CENTURII nr. 4",BUCURESTI SECTORUL 6,179196,C,1,1600,1570,30,817,787,30,0,813,4,1600,783,312,501
42,MUNICIPIUL BUCURESTI,1045,0,"Scoala Generala nr. 142, Str. CENTURII nr. 4",BUCURESTI SECTORUL 6,179196,C,1,1713,1686,27,831,804,27,0,831,0,1700,869,340,491
42,MUNICIPIUL BUCURESTI,1046,0,"Scoala Generala nr. 309, Str. MOINESTI nr. 9",BUCURESTI SECTORUL 6,179196,C,1,1771,1747,24,963,939,24,0,956,7,1800,837,315,641
42,MUNICIPIUL BUCURESTI,1047,0,"Scoala Generala nr. 309, Str. MOINESTI nr. 9",BUCURESTI SECTORUL 6,179196,C,1,1788,1763,25,944,919,25,0,939,5,1800,856,327,612
42,MUNICIPIUL BUCURESTI,1048,0,"Scoala Generala nr. 309, Str. MOINESTI nr. 9",BUCURESTI SECTORUL 6,179196,C,1,1651,1627,24,820,796,24,0,813,7,1700,880,298,515
42,MUNICIPIUL BUCURESTI,1049,0,"Scoala Generala nr. 309, Str. MOINESTI nr. 9",BUCURESTI SECTORUL 6,179196,C,1,1392,1372,20,683,663,20,0,675,8,1400,717,260,415
42,MUNICIPIUL BUCURESTI,1050,0,"Scoala Generala nr. 309, Str. MOINESTI nr. 9",BUCURESTI SECTORUL 6,179196,C,1,1370,1346,24,732,708,24,0,728,4,1400,668,228,500
42,MUNICIPIUL BUCURESTI,1051,0,"Scoala Generala nr. 309, Str. MOINESTI nr. 9",BUCURESTI SECTORUL 6,179196,C,1,1895,1859,36,997,959,36,2,991,6,1900,903,369,622
42,MUNICIPIUL BUCURESTI,1052,0,"Scoala Generala nr. 157, Str. HANUL ANCUTEI nr. 4",BUCURESTI SECTORUL 6,179196,C,1,1487,1437,50,775,725,50,0,772,3,1500,725,279,493
42,MUNICIPIUL BUCURESTI,1053,0,"Scoala Generala nr. 157, Str. HANUL ANCUTEI nr. 4",BUCURESTI SECTORUL 6,179196,C,1,1797,1771,26,907,881,26,0,902,5,1800,893,319,583
42,MUNICIPIUL BUCURESTI,1054,0,"Scoala Generala nr. 157, Str. HANUL ANCUTEI nr. 4",BUCURESTI SECTORUL 6,179196,C,1,1381,1359,22,695,673,22,0,691,4,1400,705,252,439
42,MUNICIPIUL BUCURESTI,1055,0,"Scoala Generala nr. 157, Str. HANUL ANCUTEI nr. 4",BUCURESTI SECTORUL 6,179196,C,1,1163,1144,19,831,812,19,0,828,3,1700,869,296,532
42,MUNICIPIUL BUCURESTI,1056,0,"Scoala Generala nr. 157, Str. HANUL ANCUTEI nr. 4",BUCURESTI SECTORUL 6,179196,C,1,1598,1581,17,869,851,17,1,862,4,1600,730,317,545
42,MUNICIPIUL BUCURESTI,1057,0,"Scoala Generala nr. 157, Str. HANUL ANCUTEI nr. 4",BUCURESTI SECTORUL 6,179196,C,1,1789,1759,30,934,904,30,0,925,9,1600,666,339,586
42,MUNICIPIUL BUCURESTI,1058,0,"Scoala Generala nr. 157, Str. HANUL ANCUTEI nr. 4",BUCURESTI SECTORUL 6,179196,C,1,1531,1511,20,732,711,20,1,729,3,1600,868,260,469
42,MUNICIPIUL BUCURESTI,1059,0,"Scoala Generala nr. 157, Str. HANUL ANCUTEI nr. 4",BUCURESTI SECTORUL 6,179196,C,1,1666,1650,16,865,849,16,0,860,5,1699,834,274,586
42,MUNICIPIUL BUCURESTI,1060,0,"Scoala Generala nr. 157, Str. HANUL ANCUTEI nr. 4",BUCURESTI SECTORUL 6,179196,C,1,1928,1889,39,970,931,39,0,965,5,1900,930,380,585
42,MUNICIPIUL BUCURESTI,1061,0,"Scoala Generala nr. 157, Str. HANUL ANCUTEI nr. 4",BUCURESTI SECTORUL 6,179196,C,1,1428,1400,28,552,524,28,0,551,1,1400,848,187,364
42,MUNICIPIUL BUCURESTI,1062,0,"BIR.DE CONSILIERE PT.CETATENI, BD.IULIU MANIU nr.111,BLOC F6",BUCURESTI SECTORUL 6,179196,C,1,1800,1774,26,2418,636,26,1756,2410,6,3295,877,448,1962
42,MUNICIPIUL BUCURESTI,1063,0,"Grupul Scolar Industrial PETRU PONI, Str. PRECIZIEI nr. 18",BUCURESTI SECTORUL 6,179196,C,1,1847,1767,80,650,570,80,0,644,6,1800,1150,259,385
42,MUNICIPIUL BUCURESTI,1064,0,"Scoala Generala nr. 160, Str. GHIRLANDEI nr. 7",BUCURESTI SECTORUL 6,179196,C,1,1886,1861,25,881,855,25,1,875,6,1900,1019,304,571
42,MUNICIPIUL BUCURESTI,1065,0,"Scoala Generala nr. 160, Str. GHIRLANDEI nr. 7",BUCURESTI SECTORUL 6,179196,C,1,1995,1974,21,1038,1016,21,1,1033,5,2000,962,387,646
42,MUNICIPIUL BUCURESTI,1066,0,"Scoala Generala nr. 160, Str. GHIRLANDEI nr. 7",BUCURESTI SECTORUL 6,179196,C,1,1704,1682,22,827,805,22,0,819,8,1700,873,286,533
42,MUNICIPIUL BUCURESTI,1067,0,"Scoala Generala nr. 160, Str. GHIRLANDEI nr. 7",BUCURESTI SECTORUL 6,179196,C,1,1241,1199,42,736,689,42,5,730,6,1300,564,276,454
42,MUNICIPIUL BUCURESTI,1068,0,"Scoala Generala nr. 160, Str. GHIRLANDEI nr. 7",BUCURESTI SECTORUL 6,179196,C,1,1461,1440,21,846,821,21,4,843,3,1500,654,284,559
42,MUNICIPIUL BUCURESTI,1069,0,"Scoala Generala nr. 160, Str. GHIRLANDEI nr. 7",BUCURESTI SECTORUL 6,179196,C,1,2169,2149,20,1075,1054,20,1,1065,10,2200,1125,351,714
42,MUNICIPIUL BUCURESTI,1070,0,"Scoala Generala nr. 160, Str. GHIRLANDEI nr. 7",BUCURESTI SECTORUL 6,179196,C,1,1553,1537,16,831,808,16,7,829,2,1600,769,277,552
42,MUNICIPIUL BUCURESTI,1071,0,"Scoala Generala nr. 198, Str. APUSULUI nr. 73",BUCURESTI SECTORUL 6,179196,C,1,1267,1243,24,648,624,24,0,645,3,1300,652,225,420
42,MUNICIPIUL BUCURESTI,1072,0,"Scoala Generala nr. 198, Str. APUSULUI nr. 73",BUCURESTI SECTORUL 6,179196,C,1,1873,1846,27,930,899,27,4,922,8,1900,970,353,569
42,MUNICIPIUL BUCURESTI,1073,0,"Scoala Generala nr. 198, Str. APUSULUI nr. 73",BUCURESTI SECTORUL 6,179196,C,1,1621,1604,17,885,865,17,3,874,11,1698,813,308,566
42,MUNICIPIUL BUCURESTI,1074,0,"Scoala Generala nr. 198, Str. APUSULUI nr. 73",BUCURESTI SECTORUL 6,179196,C,1,1544,1523,21,833,806,21,6,829,4,1600,767,274,555
42,MUNICIPIUL BUCURESTI,1075,0,"Scoala Generala nr. 198, Str. APUSULUI nr. 73",BUCURESTI SECTORUL 6,179196,C,1,1922,1906,16,980,964,16,0,975,5,2000,1020,332,643
42,MUNICIPIUL BUCURESTI,1076,0,"Scoala Generala nr. 198, Str. APUSULUI nr. 73",BUCURESTI SECTORUL 6,179196,C,1,1599,1575,24,875,851,24,0,872,3,1600,725,281,591
42,MUNICIPIUL BUCURESTI,1077,0,"Scoala Generala nr. 174, Str. ROSIA MONTANA nr. 41",BUCURESTI SECTORUL 6,179196,C,1,1613,1598,15,896,880,15,1,889,7,1600,704,317,572
42,MUNICIPIUL BUCURESTI,1078,0,"Scoala Generala nr. 174, Str. ROSIA MONTANA nr. 41",BUCURESTI SECTORUL 6,179196,C,1,1472,1447,25,843,815,25,3,836,7,1498,655,336,500
42,MUNICIPIUL BUCURESTI,1079,0,"Scoala Generala nr. 174, Str. ROSIA MONTANA nr. 41",BUCURESTI SECTORUL 6,179196,C,1,1602,1586,16,983,921,16,46,975,8,1700,717,416,559
42,MUNICIPIUL BUCURESTI,1080,0,"Scoala Generala nr. 174, Str. ROSIA MONTANA nr. 41",BUCURESTI SECTORUL 6,179196,C,1,1502,1475,27,873,843,27,3,861,12,1500,627,318,543
42,MUNICIPIUL BUCURESTI,1081,0,"Scoala Generala nr. 174, Str. ROSIA MONTANA nr. 41",BUCURESTI SECTORUL 6,179196,C,1,1642,1611,31,1015,984,31,0,1008,7,1700,685,399,609
42,MUNICIPIUL BUCURESTI,1082,0,"Scoala Generala nr. 174, Str. ROSIA MONTANA nr. 41",BUCURESTI SECTORUL 6,179196,C,1,1101,1087,14,632,614,14,4,628,4,1100,468,205,423
42,MUNICIPIUL BUCURESTI,1083,0,"Scoala Generala nr. 174, Str. ROSIA MONTANA nr. 41",BUCURESTI SECTORUL 6,179196,C,1,1515,1497,18,836,818,18,0,833,3,1500,664,289,544
42,MUNICIPIUL BUCURESTI,1084,0,"Scoala Generala nr. 310, Str. ROSIA MONTANA nr. 42",BUCURESTI SECTORUL 6,179196,C,1,1638,1619,19,880,861,19,0,878,2,1700,820,306,572
42,MUNICIPIUL BUCURESTI,1085,0,"Scoala Generala nr. 310, Str. ROSIA MONTANA nr. 42",BUCURESTI SECTORUL 6,179196,C,1,1396,1373,23,732,701,23,8,729,3,1500,768,240,489
42,MUNICIPIUL BUCURESTI,1086,0,"Scoala Generala nr. 310, Str. ROSIA MONTANA nr. 42",BUCURESTI SECTORUL 6,179196,C,1,882,867,15,485,469,15,1,482,3,900,415,175,307
42,MUNICIPIUL BUCURESTI,1087,0,"Scoala Generala nr. 310, Str. ROSIA MONTANA nr. 42",BUCURESTI SECTORUL 6,179196,C,1,1116,1099,17,646,628,17,1,638,8,1100,454,211,427
42,MUNICIPIUL BUCURESTI,1088,0,"Scoala Generala nr. 156, Str. DEALUL TUGULEA nr. 35",BUCURESTI SECTORUL 6,179196,C,1,1397,1381,16,815,799,16,0,809,6,1400,585,258,551
42,MUNICIPIUL BUCURESTI,1089,0,"Scoala Generala nr. 156, Str. DEALUL TUGULEA nr. 35",BUCURESTI SECTORUL 6,179196,C,1,1515,1497,18,836,818,18,0,833,3,1500,664,289,544
42,MUNICIPIUL BUCURESTI,1090,0,"Scoala Generala nr. 156, Str. DEALUL TUGULEA nr. 35",BUCURESTI SECTORUL 6,179196,C,1,1320,1304,16,716,699,16,1,707,9,1400,684,255,452
42,MUNICIPIUL BUCURESTI,1091,0,"Scoala Generala nr. 156, Str. DEALUL TUGULEA nr. 35",BUCURESTI SECTORUL 6,179196,C,1,1196,1178,18,669,650,18,1,668,1,1200,531,219,449
42,MUNICIPIUL BUCURESTI,1092,0,"Scoala Generala nr. 156, Str. DEALUL TUGULEA nr. 35",BUCURESTI SECTORUL 6,179196,C,1,1767,1748,19,983,964,19,0,976,7,1800,817,338,638
42,MUNICIPIUL BUCURESTI,1093,0,"Scoala Generala nr. 156, Str. DEALUL TUGULEA nr. 35",BUCURESTI SECTORUL 6,179196,C,1,1787,1762,25,988,963,25,0,984,4,1800,812,348,636
42,MUNICIPIUL BUCURESTI,1094,0,"Scoala Generala nr. 156, Str. DEALUL TUGULEA nr. 35",BUCURESTI SECTORUL 6,179196,C,1,1558,1537,21,890,868,21,1,885,5,1600,710,330,555
42,MUNICIPIUL BUCURESTI,1095,0,"Scoala Generala nr. 156, Str. DEALUL TUGULEA nr. 35",BUCURESTI SECTORUL 6,179196,C,1,1171,1138,33,744,709,33,2,740,4,1200,456,244,496
42,MUNICIPIUL BUCURESTI,1096,0,"Liceul Economic ""Costin C.Kiritescu"", Str.PESTERA DAMBOVICIOARA nr.12",BUCURESTI SECTORUL 6,179196,C,1,1266,1266,0,776,740,0,36,768,8,1300,524,298,470
42,MUNICIPIUL BUCURESTI,1097,0,"Liceul Economic ""Costin C.Kiritescu"", Str PESTERA DAMBOVICIOARA nr.12",BUCURESTI SECTORUL 6,179196,C,1,1386,1341,45,882,836,45,1,878,4,1398,516,307,571
42,MUNICIPIUL BUCURESTI,1098,0,"Liceul Economic ""Costin C.Kiritescu"", Str PESTERA DAMBOVICIOARA nr.12",BUCURESTI SECTORUL 6,179196,C,1,1247,1211,36,716,679,36,1,713,3,1300,584,278,435
42,MUNICIPIUL BUCURESTI,1099,0,"Scoala Generala nr. 156, Str. DEALUL TUGULEA nr. 35",BUCURESTI SECTORUL 6,179196,C,1,2184,2072,112,1063,951,112,0,1060,3,2100,1037,403,657
42,MUNICIPIUL BUCURESTI,1100,0,"Scoala Generala nr. 156, Str. DEALUL TUGULEA nr. 35",BUCURESTI SECTORUL 6,179196,C,1,1784,1761,23,956,931,23,2,953,3,1800,844,313,640
42,MUNICIPIUL BUCURESTI,1101,0,"Scoala Generala nr. 156, Str. DEALUL TUGULEA nr. 35",BUCURESTI SECTORUL 6,179196,C,1,1322,1294,28,736,708,28,0,732,4,1300,564,235,497
42,MUNICIPIUL BUCURESTI,1102,0,"Scoala Generala nr. 156, Str. DEALUL TUGULEA nr. 35",BUCURESTI SECTORUL 6,179196,C,1,1967,1930,37,1104,1067,37,0,1098,6,2000,896,334,764
42,MUNICIPIUL BUCURESTI,1103,0,"Scoala Generala nr. 156, Str. DEALUL TUGULEA nr. 35",BUCURESTI SECTORUL 6,179196,C,1,2512,2462,50,1308,1258,50,0,1301,7,2500,1192,438,863
42,MUNICIPIUL BUCURESTI,1104,0,"Scoala Generala nr. 117, Str. FABRICII nr. 22",BUCURESTI SECTORUL 6,179196,C,1,1781,1738,43,956,913,43,0,953,3,1800,844,317,636
42,MUNICIPIUL BUCURESTI,1105,0,"Scoala Generala nr. 117, Str. FABRICII nr. 22",BUCURESTI SECTORUL 6,179196,C,1,1411,1386,25,777,750,25,2,772,5,1400,623,299,473
42,MUNICIPIUL BUCURESTI,1106,0,"Scoala Generala nr. 117, Str. FABRICII nr. 22",BUCURESTI SECTORUL 6,179196,C,1,1170,1149,21,720,699,21,0,718,2,1200,480,241,477
42,MUNICIPIUL BUCURESTI,1107,0,"Scoala Generala nr. 117, Str. FABRICII nr. 22",BUCURESTI SECTORUL 6,179196,C,1,1856,1799,57,962,905,57,0,960,2,1800,838,336,624
42,MUNICIPIUL BUCURESTI,1108,0,"Scoala Generala nr. 117, Str. FABRICII nr. 22",BUCURESTI SECTORUL 6,179196,C,1,1392,1331,61,664,603,61,0,659,5,1400,736,252,407
42,MUNICIPIUL BUCURESTI,1109,0,"Scoala Generala nr. 117, Str. FABRICII nr. 22",BUCURESTI SECTORUL 6,179196,C,1,2059,2020,39,877,837,39,1,872,5,2100,1223,337,535
42,MUNICIPIUL BUCURESTI,1110,0,"Scoala Generala nr. 117, Str. FABRICII nr. 22",BUCURESTI SECTORUL 6,179196,C,1,1384,1352,32,792,759,32,1,788,4,1400,608,267,521
42,MUNICIPIUL BUCURESTI,1111,0,"Liceul TUDOR VLADIMIRESCU, Bdul IULIU MANIU nr. 15",BUCURESTI SECTORUL 6,179196,C,1,1435,1415,20,852,831,20,1,844,8,1500,648,288,556
42,MUNICIPIUL BUCURESTI,1112,0,"Liceul TUDOR VLADIMIRESCU, Bdul IULIU MANIU nr. 15",BUCURESTI SECTORUL 6,179196,C,1,1235,1210,25,700,674,25,1,695,5,1300,600,240,455
42,MUNICIPIUL BUCURESTI,1113,0,"Liceul TUDOR VLADIMIRESCU, Bdul IULIU MANIU nr. 15",BUCURESTI SECTORUL 6,179196,C,1,1191,1141,50,1015,965,50,0,1009,6,1700,685,293,716
42,MUNICIPIUL BUCURESTI,1114,0,"Liceul TUDOR VLADIMIRESCU, Bdul IULIU MANIU nr. 15",BUCURESTI SECTORUL 6,179196,C,1,1067,1050,17,641,624,17,0,638,3,1100,459,193,445
42,MUNICIPIUL BUCURESTI,1115,0,"Liceul TUDOR VLADIMIRESCU, Bdul IULIU MANIU nr. 15",BUCURESTI SECTORUL 6,179196,C,1,1512,1482,30,895,859,30,6,888,7,1500,605,352,536
42,MUNICIPIUL BUCURESTI,1116,0,"Club Sportiv Scolar nr. 5, Cal. PLEVNEI nr. 124",BUCURESTI SECTORUL 6,179196,C,1,1430,1400,30,809,778,30,1,802,7,1398,589,279,523
42,MUNICIPIUL BUCURESTI,1117,0,"Sc.de Arte si Meserii SPIRU HARET,Str.ECONOM CEZARESCU nr.47",BUCURESTI SECTORUL 6,179196,C,1,751,657,94,367,234,94,39,367,0,700,333,140,227
42,MUNICIPIUL BUCURESTI,1118,0,"Scoala Generala nr. 168, Str. ALIZEULUI nr. 9",BUCURESTI SECTORUL 6,179196,C,1,1727,1707,20,851,827,20,4,840,11,1800,949,314,526
42,MUNICIPIUL BUCURESTI,1119,0,"Scoala Generala nr. 168, Str. ALIZEULUI nr. 9",BUCURESTI SECTORUL 6,179196,C,1,1711,1684,27,812,769,27,16,806,6,1800,988,312,494
42,MUNICIPIUL BUCURESTI,1120,0,"Scoala Generala nr. 168, Str. ALIZEULUI nr. 9",BUCURESTI SECTORUL 6,179196,C,1,1356,1343,13,714,701,13,0,710,4,1400,686,225,485
42,MUNICIPIUL BUCURESTI,1121,0,"Scoala Generala nr. 168, Str. ALIZEULUI nr. 9",BUCURESTI SECTORUL 6,179196,C,1,1507,1482,25,750,725,25,0,740,10,1500,750,265,475
42,MUNICIPIUL BUCURESTI,1122,0,"Scoala Generala nr. 167, Sos. VIRTUTII nr. 9-11",BUCURESTI SECTORUL 6,179196,C,1,2027,1906,121,1077,956,121,0,1069,8,2000,923,354,715
42,MUNICIPIUL BUCURESTI,1123,0,"Scoala Generala nr. 167, Sos. VIRTUTII nr. 9-11",BUCURESTI SECTORUL 6,179196,C,1,1519,1479,40,718,677,40,1,711,7,1500,782,229,482
42,MUNICIPIUL BUCURESTI,1124,0,"Scoala Generala nr. 167, Sos. VIRTUTII nr. 9-11",BUCURESTI SECTORUL 6,179196,C,1,1760,1734,26,858,829,26,3,854,4,1800,942,318,536
42,MUNICIPIUL BUCURESTI,1125,0,"Grup Scolar Industrial ""D-NA STANCA"", Str. PORUMBACU nr.52",BUCURESTI SECTORUL 6,179196,C,1,1915,1880,35,798,763,35,0,790,8,1900,1102,243,547
42,MUNICIPIUL BUCURESTI,1126,0,"Grup Scolar Industrial ""D-NA STANCA"", Str. PORUMBACU nr.52",BUCURESTI SECTORUL 6,179196,C,1,1863,1842,21,955,934,21,0,951,4,1900,945,362,589
42,MUNICIPIUL BUCURESTI,1127,0,"Grup Scolar Industrial ""D-NA STANCA"", Str. PORUMBACU nr.52",BUCURESTI SECTORUL 6,179196,C,1,1999,1962,37,930,893,37,0,924,6,2000,1070,323,601
42,MUNICIPIUL BUCURESTI,1128,0,"Grup Scolar Industrial ""D-NA STANCA"", Str. PORUMBACU nr.52",BUCURESTI SECTORUL 6,179196,C,1,1531,1506,25,764,739,25,0,755,9,1600,836,266,489
42,MUNICIPIUL BUCURESTI,1129,0,"Grup Scolar Industrial ""D-NA STANCA"", Str. PORUMBACU nr.52",BUCURESTI SECTORUL 6,179196,C,1,1622,1603,19,811,792,19,0,807,4,1700,889,281,526
42,MUNICIPIUL BUCURESTI,1130,0,"Grup Scolar Industrial ""D-NA STANCA"", Str. PORUMBACU nr.52",BUCURESTI SECTORUL 6,179196,C,1,1377,1362,15,679,664,15,0,672,7,1400,721,267,405
42,MUNICIPIUL BUCURESTI,1131,0,"Grup Scolar Industrial ""D-NA STANCA"", Str. PORUMBACU nr.52",BUCURESTI SECTORUL 6,179196,C,1,1638,1608,30,844,814,30,0,840,4,1700,856,251,589
42,MUNICIPIUL BUCURESTI,1132,0,"Grup Scolar Industrial ""D-NA STANCA"", Str. PORUMBACU nr.52",BUCURESTI SECTORUL 6,179196,C,1,1394,1372,22,783,761,22,0,777,6,1400,617,210,567
42,MUNICIPIUL BUCURESTI,1133,0,"Gradinita nr. 40, Str. TABLA BUTII nr. 60",BUCURESTI SECTORUL 6,179196,C,1,1852,1828,24,993,969,24,0,985,8,1900,907,344,641
42,MUNICIPIUL BUCURESTI,1134,0,"Gradinita nr. 40, Str. TABLA BUTII nr. 60",BUCURESTI SECTORUL 6,179196,C,1,1886,1858,28,991,963,28,0,981,10,1900,909,329,652
42,MUNICIPIUL BUCURESTI,1135,0,"Gradinita nr. 40, Str. TABLA BUTII nr. 60",BUCURESTI SECTORUL 6,179196,C,1,1335,1284,51,714,663,51,0,713,1,1300,586,238,475
42,MUNICIPIUL BUCURESTI,1136,0,"Gradinita nr. 40, Str. TABLA BUTII nr. 60",BUCURESTI SECTORUL 6,179196,C,1,1322,1236,86,644,558,86,0,641,3,1300,656,204,437
42,MUNICIPIUL BUCURESTI,1137,0,"Scoala Generala nr. 163, Cal. GIULESTI nr. 54",BUCURESTI SECTORUL 6,179196,C,1,1352,1325,27,796,766,27,3,789,7,1400,604,320,469
42,MUNICIPIUL BUCURESTI,1138,0,"Scoala Generala nr. 163, Cal. GIULESTI nr. 54",BUCURESTI SECTORUL 6,179196,C,1,1448,1430,18,716,695,18,3,705,11,1500,784,208,497
42,MUNICIPIUL BUCURESTI,1139,0,"Scoala Generala nr. 163, Cal. GIULESTI nr. 54",BUCURESTI SECTORUL 6,179196,C,1,1601,1564,37,936,897,37,2,932,4,1600,664,401,531
42,MUNICIPIUL BUCURESTI,1140,0,"Scoala Generala nr. 163, Cal. GIULESTI nr. 54",BUCURESTI SECTORUL 6,179196,C,1,1279,1264,15,718,702,15,1,717,1,1300,582,256,461
42,MUNICIPIUL BUCURESTI,1141,0,"Scoala Generala nr. 163, Cal. GIULESTI nr. 54",BUCURESTI SECTORUL 6,179196,C,1,1397,1365,32,830,796,32,2,826,4,1400,570,282,544
42,MUNICIPIUL BUCURESTI,1142,0,"Liceul MARIN PREDA, Str. RUSETU nr. 17",BUCURESTI SECTORUL 6,179196,C,1,1511,1479,32,791,756,32,3,781,10,1500,709,302,479
42,MUNICIPIUL BUCURESTI,1143,0,"Liceul MARIN PREDA, Str. RUSETU nr. 17",BUCURESTI SECTORUL 6,179196,C,1,1456,1426,30,852,821,30,1,847,5,1500,648,338,509
42,MUNICIPIUL BUCURESTI,1144,0,"Liceul MARIN PREDA, Str. RUSETU nr. 17",BUCURESTI SECTORUL 6,179196,C,1,1144,1117,27,644,612,27,5,636,8,1200,556,232,404
42,MUNICIPIUL BUCURESTI,1145,0,"Liceul MARIN PREDA, Str. RUSETU nr. 17",BUCURESTI SECTORUL 6,179196,C,1,1693,1672,21,860,837,21,2,853,7,1698,838,341,512
42,MUNICIPIUL BUCURESTI,1146,0,"Scoala Generala nr. 202, CAL.CRANGASI nr.140",BUCURESTI SECTORUL 6,179196,C,1,1464,1444,20,729,709,20,0,723,6,1500,771,249,474
42,MUNICIPIUL BUCURESTI,1147,0,"Scoala Generala nr. 202, CAL.CRANGASI nr. 140",BUCURESTI SECTORUL 6,179196,C,1,1330,1310,20,541,520,20,1,538,3,1400,859,198,340
42,MUNICIPIUL BUCURESTI,1148,0,"Scoala Generala nr. 202, CAL.CRANGASI nr. 140",BUCURESTI SECTORUL 6,179196,C,1,1270,1248,22,620,598,22,0,614,6,1300,680,161,453
42,MUNICIPIUL BUCURESTI,1149,0,"Scoala Generala nr. 202, CAL.CRANGASI nr. 140",BUCURESTI SECTORUL 6,179196,C,1,1796,1764,32,897,865,32,0,890,7,1800,903,309,581
42,MUNICIPIUL BUCURESTI,1150,0,"Scoala Generala nr. 202,CAL. CRANGASI nr.140",BUCURESTI SECTORUL 6,179196,C,1,1237,1219,18,605,586,18,1,600,5,1300,695,194,406
42,MUNICIPIUL BUCURESTI,1151,0,"Scoala Generala nr. 202, CAL.CRANGASI nr.140",BUCURESTI SECTORUL 6,179196,C,1,1331,1305,26,663,637,26,0,657,6,1400,737,230,427
42,MUNICIPIUL BUCURESTI,1152,0,"Scoala Generala nr. 202, CAL.CRANGASI nr.140",BUCURESTI SECTORUL 6,179196,C,1,1499,1473,26,752,726,26,0,745,7,1500,748,274,471
42,MUNICIPIUL BUCURESTI,1153,0,"Scoala Generala nr. 162, Cal. GIULESTI nr. 254",BUCURESTI SECTORUL 6,179196,C,1,1941,1908,33,936,903,33,0,927,9,2000,1064,394,533
42,MUNICIPIUL BUCURESTI,1154,0,"Scoala Generala nr. 153, Str. DRUMUL SABARENI nr. 21",BUCURESTI SECTORUL 6,179196,C,1,2534,2486,48,1032,984,48,0,1018,14,2600,1568,518,500
42,MUNICIPIUL BUCURESTI,1155,0,"Scoala Generala nr. 161, Cal. GIULESTi nr.486A",BUCURESTI SECTORUL 6,179196,C,1,1491,1466,25,603,578,25,0,599,4,1500,897,303,296
42,MUNICIPIUL BUCURESTI,1340,1,Hol acces camine C-D Facultatea de filosofie-Compl.Grozavesti Spl.Indep. nr.204,BUCURESTI SECTORUL 6,179196,C,1,0,0,0,804,0,0,804,799,5,1400,596,80,719
42,MUNICIPIUL BUCURESTI,1341,1,Hol acces camine C-D Facultatea de filosofie-Compl.Grozavesti Spl.Indep.nr.204,BUCURESTI SECTORUL 6,179196,C,1,0,0,0,695,0,0,695,692,3,1500,805,106,586
42,MUNICIPIUL BUCURESTI,1343,1,Cantina R1 - Complex Regie Spl.Indep. nr.290,BUCURESTI SECTORUL 6,179196,C,1,0,0,0,397,0,0,397,395,2,999,602,52,343
42,MUNICIPIUL BUCURESTI,1344,1,Cantina R1 - Complex Regie Spl.Indep.nr.290,BUCURESTI SECTORUL 6,179196,C,1,0,0,0,405,0,0,405,404,1,999,594,55,349
42,MUNICIPIUL BUCURESTI,1345,1,Cantina R1 - Complex Regie Spl.Indep.nr.290,BUCURESTI SECTORUL 6,179196,C,1,0,0,0,896,0,0,896,895,1,1700,804,145,750
42,MUNICIPIUL BUCURESTI,1346,1,Cantina R1-Complex Regie Spl.Indep. nr 290,BUCURESTI SECTORUL 6,179196,C,1,0,0,0,701,0,0,701,698,3,1400,699,92,606
42,MUNICIPIUL BUCURESTI,1347,1,Cantina R1 - Complex Regie Spl.Indep.nr.290,BUCURESTI SECTORUL 6,179196,C,1,0,0,0,712,0,0,712,708,4,1600,888,119,589
42,MUNICIPIUL BUCURESTI,1348,1,Cantina R1 - Complex Regie Spl.Indep.nr 290,BUCURESTI SECTORUL 6,179196,C,1,0,0,0,475,0,0,475,474,1,1400,925,68,406
42,MUNICIPIUL BUCURESTI,1349,1, Cantina R1 - Complex Regie Spl.Indep.nr 290,BUCURESTI SECTORUL 6,179196,C,1,0,0,0,626,0,0,626,623,3,1400,774,91,532
42,MUNICIPIUL BUCURESTI,1350,1,Cantina R1 - Complex Regie Spl.Indep.nr 290,BUCURESTI SECTORUL 6,179196,C,1,0,0,0,531,0,0,531,529,2,1700,1169,66,463
42,MUNICIPIUL BUCURESTI,1351,1,Cantina R1 - Complex Regie Spl.Indep.nr 290,BUCURESTI SECTORUL 6,179196,C,1,0,0,0,624,0,0,624,620,4,1700,1076,103,517
42,MUNICIPIUL BUCURESTI,1352,1,Camin A1 - Belvedere str. Pascal Cristian nr.11,BUCURESTI SECTORUL 6,179196,C,1,0,0,0,631,0,0,631,629,2,1200,569,108,521
42,MUNICIPIUL BUCURESTI,1353,1,Cantina Leu - Complex Leu BD.I.MANIU nr.1-3,BUCURESTI SECTORUL 6,179196,C,1,0,0,0,1106,0,0,1106,1102,4,1500,394,153,949
42,MUNICIPIUL BUCURESTI,1354,1,Academia Nationala de Educatie Fizica si Sport - Str.Constantin Noica nr.140,BUCURESTI SECTORUL 6,179196,C,1,0,0,0,129,0,0,129,128,1,300,171,33,95
42,MUNICIPIUL BUCURESTI,1355,1,"Spitalul Clinic ""Panait Sarbu"" - Calea Giulesti nr.5",BUCURESTI SECTORUL 6,179196,C,1,0,0,0,121,0,0,121,121,0,200,79,49,72
42,MUNICIPIUL BUCURESTI,1383,1,U.M. 0456 Buc - Bd. Timisoara,BUCURESTI SECTORUL 6,179196,C,1,0,0,0,1340,0,0,1340,1312,28,1400,60,708,604
42,MUNICIPIUL BUCURESTI,1384,1,U.M. 02456 Buc - Str. Drumul Taberei nr. 7-9,BUCURESTI SECTORUL 6,179196,C,1,0,0,0,155,0,0,155,151,4,400,245,75,76
42,MUNICIPIUL BUCURESTI,1385,1,U.M. 01026 Buc - Bd. Vasile Milea nr.5-7,BUCURESTI SECTORUL 6,179196,C,1,0,0,0,909,0,0,909,891,18,1400,491,391,500
